[Spectrum]
Version            = 1
IDData             = 12ad_2026-06-09_13-59-10_000_320
IDDevice           = SAM_82E6
IDDataType         = SPECTRUM
IDDataTypeSub1     = CALIBRATED
IDDataTypeSub2     = 
IDDataTypeSub3     = 
DateTime           = 2026-06-09 13:59:10
PositionLatitude   = 0
PositionLongitude  = 0
Comment            = 20260609_FrameE
CommentSub1        = UV
CommentSub2        = right
CommentSub3        = 22.5cm
IDMethodType       = SAM Control
MethodName         = SAM_82E6
Mission            = No Mission
MissionSub         = 1
RecordType         = 0
[Attributes]
CalFactor = 1
IDBasisSpec = 
IDDataBack = DLAB_2024-11-11_10-40-48_641_639
IDDataCal = DLAB_2024-11-12_11-45-27_171_455
IntegrationTime = 128
P31 = -1
P31e = 0
PathLength = +INF
PathLengthCustomOn = 0
RAWDynamic = 65535
Salinity = 0
Temperature = -NAN
Unit1 = $01 $01 Wavelength nm
Unit2 = $03 $06 Intensity mW/(m^2 nm)
Unit3 = $f0 $06 Error mW/(m^2 nm)
Unit4 = $f1 $00 Status 
p999 = 7872
[END] of [Attributes]
[DATA]
 0 6 0 0
 185.260577530984 -NAN 0 0
 187.468128380571 -NAN 0 0
 189.674861895872 -NAN 0 0
 191.880784034125 -NAN 0 0
 194.085900752568 -NAN 0 0
 196.290218008439 -NAN 0 0
 198.493741758976 -NAN 0 0
 200.696477961417 -NAN 0 0
 202.898432573 -NAN 0 0
 205.099611550963 -NAN 0 0
 207.300020852544 -NAN 0 0
 209.499666434981 -NAN 0 0
 211.698554255512 -NAN 0 0
 213.896690271375 -NAN 0 0
 216.094080439808 -NAN 0 0
 218.290730718049 -NAN 0 0
 220.486647063336 -NAN 0 0
 222.681835432907 -NAN 0 0
 224.876301784 -NAN 0 0
 227.070052073853 -NAN 0 0
 229.263092259704 -NAN 0 0
 231.455428298791 -NAN 0 0
 233.647066148352 -NAN 0 0
 235.838011765625 -NAN 0 0
 238.028271107848 -NAN 0 0
 240.217850132259 -NAN 0 0
 242.406754796096 -NAN 0 0
 244.594991056597 -NAN 0 0
 246.782564871 -NAN 0 0
 248.969482196543 -NAN 0 0
 251.155748990464 -NAN 0 0
 253.341371210001 -NAN 0 0
 255.526354812392 -NAN 0 0
 257.710705754875 -NAN 0 0
 259.894429994688 -NAN 0 0
 262.077533489069 -NAN 0 0
 264.260022195256 -NAN 0 0
 266.441902070487 -NAN 0 0
 268.623179072 -NAN 0 0
 270.803859157033 -NAN 0 0
 272.983948282824 -NAN 0 0
 275.163452406611 -NAN 0 0
 277.342377485632 -NAN 0 0
 279.520729477125 4.58568280448478 0 0
 281.698514338328 3.7606012169432 0 0
 283.875738026479 13.1857834795129 0 0
 286.052406498816 14.4632093265753 0 0
 288.228525712577 17.8237965849132 0 0
 290.404101625 32.2073738704721 0 0
 292.579140193323 36.8155162319954 0 0
 294.753647374784 47.0220818346114 0 0
 296.927629126621 61.8758581897754 0 0
 299.101091406072 66.6060848502867 0 0
 301.274040170375 77.6523918831511 0 0
 303.446481376768 87.036785163753 0 0
 305.618420982489 88.241019729714 0 0
 307.789864944776 93.2604633239656 0 0
 309.960819220867 100.902905197572 0 0
 312.131289768 100.426109323622 0 0
 314.301282543413 98.7010390706069 0 0
 316.470803504344 92.2440058274933 0 0
 318.639858608031 79.6712188883943 0 0
 320.808453811712 76.7785338675103 0 0
 322.976595072625 73.5887400713703 0 0
 325.144288348008 61.6393971331125 0 0
 327.311539595099 60.9487845411945 0 0
 329.478354771136 55.3531361869685 0 0
 331.644739833357 44.6827512374145 0 0
 333.810700739 46.3817939364033 0 0
 335.976243445303 39.8376417402435 0 0
 338.141373909504 30.6637111117562 0 0
 340.306098088841 32.4674917726811 0 0
 342.470421940552 26.4103776905821 0 0
 344.634351421875 20.1756940348534 0 0
 346.797892490048 22.7260136100723 0 0
 348.961051102309 16.568724440532 0 0
 351.123833215896 13.0320854391018 0 0
 353.286244788047 15.7275501106359 0 0
 355.448291776 10.3091924476936 0 0
 357.609980136993 8.55358317575432 0 0
 359.771315828264 12.3331133708951 0 0
 361.932304807051 11.5814563257207 0 0
 364.092953030592 16.9669724558276 0 0
 366.253266456125 20.0972938695698 0 0
 368.413251040888 8.168489021439 0 0
 370.572912742119 5.19215725867455 0 0
 372.732257517056 6.7544425469425 0 0
 374.891291322937 0.180051582071326 0 0
 377.050020117 2.98561675232178 0 0
 379.208449856483 4.95072401624852 0 0
 381.366586498624 -1.18955504240477 0 0
 383.524436000661 3.14208973877829 0 0
 385.682004319832 3.73142775280042 0 0
 387.839297413375 -1.80941657931867 0 0
 389.996321238528 3.5399494842316 0 0
 392.153081752529 2.78363496610021 0 0
 394.309584912616 -1.90790952802687 0 0
 396.465836676027 3.86532275390757 0 0
 398.621843 2.93032040033317 0 0
 400.777609841773 3.6914408495802 0 0
 402.933143158584 17.3989100088555 0 0
 405.088448907671 17.1723283631394 0 0
 407.243533046272 10.7801981379403 0 0
 409.398401531625 9.9821154906232 0 0
 411.553060320968 5.08803762442975 0 0
 413.707515371539 5.31432885549191 0 0
 415.861772640576 12.1303106944567 0 0
 418.015838085317 12.3136283799999 0 0
 420.169717663 18.0357746110187 0 0
 422.323417330863 29.0429024898776 0 0
 424.476943046144 35.7424564975825 0 0
 426.630300766081 50.9437458875117 0 0
 428.783496447912 72.895370837161 0 0
 430.936536048875 99.1268700761191 0 0
 433.089425526208 153.152580761019 0 0
 435.242170837149 212.596527161197 0 0
 437.394777938936 255.787987225838 0 0
 439.547252788807 302.551318457823 0 0
 441.699601344 378.329694732837 0 0
 443.851829561753 469.868886622572 0 0
 446.003943399304 562.389327895103 0 0
 448.155948813891 616.203098414107 0 0
 450.307851762752 610.913001798599 0 0
 452.459658203125 558.288411923754 0 0
 454.611374092248 473.198995199987 0 0
 456.763005387359 387.440104486142 0 0
 458.914558045696 327.395914398099 0 0
 461.066038024497 279.880730945622 0 0
 463.217451281 242.619347834673 0 0
 465.368803772443 215.546373209134 0 0
 467.520101456064 181.345872023272 0 0
 469.671350289101 150.523960141225 0 0
 471.822556228792 130.820876854144 0 0
 473.973725232375 109.073275549074 0 0
 476.124863257088 97.1415853769326 0 0
 478.275976260169 94.6446398668528 0 0
 480.427070198856 86.1769047346278 0 0
 482.578151030387 84.8633650370347 0 0
 484.729224712 87.7306249672222 0 0
 486.880297200933 83.4100581424287 0 0
 489.031374454424 87.3402189467463 0 0
 491.182462429711 93.6199325242899 0 0
 493.333567084032 93.2484150699475 0 0
 495.484694374625 101.220576248522 0 0
 497.635850258728 108.3799298013 0 0
 499.787040693579 109.086275808369 0 0
 501.938271636416 117.65660616775 0 0
 504.089549044477 -NAN 0 0
 506.240878875 -NAN 0 0
 508.392267085223 -NAN 0 0
 510.543719632384 -NAN 0 0
 512.695242473721 -NAN 0 0
 514.846841566472 -NAN 0 0
 516.998522867875 -NAN 0 0
 519.150292335168 -NAN 0 0
 521.302155925589 -NAN 0 0
 523.454119596376 -NAN 0 0
 525.606189304767 -NAN 0 0
 527.758371008 -NAN 0 0
 529.910670663313 -NAN 0 0
 532.063094227944 -NAN 0 0
 534.215647659131 -NAN 0 0
 536.368336914112 -NAN 0 0
 538.521167950125 -NAN 0 0
 540.674146724408 -NAN 0 0
 542.827279194199 -NAN 0 0
 544.980571316736 -NAN 0 0
 547.134029049257 -NAN 0 0
 549.287658349 -NAN 0 0
 551.441465173203 -NAN 0 0
 553.595455479104 -NAN 0 0
 555.749635223941 -NAN 0 0
 557.904010364952 -NAN 0 0
 560.058586859375 -NAN 0 0
 562.213370664448 -NAN 0 0
 564.368367737409 -NAN 0 0
 566.523584035496 -NAN 0 0
 568.679025515947 -NAN 0 0
 570.834698136 -NAN 0 0
 572.990607852893 -NAN 0 0
 575.146760623864 -NAN 0 0
 577.303162406151 -NAN 0 0
 579.459819156992 -NAN 0 0
 581.616736833625 -NAN 0 0
 583.773921393288 -NAN 0 0
 585.931378793219 -NAN 0 0
 588.089114990656 -NAN 0 0
 590.247135942837 -NAN 0 0
 592.405447607 -NAN 0 0
 594.564055940383 -NAN 0 0
 596.722966900224 -NAN 0 0
 598.882186443761 -NAN 0 0
 601.041720528232 -NAN 0 0
 603.201575110875 -NAN 0 0
 605.361756148928 -NAN 0 0
 607.522269599629 -NAN 0 0
 609.683121420216 -NAN 0 0
 611.844317567927 -NAN 0 0
 614.005864 -NAN 0 0
 616.167766673673 -NAN 0 0
 618.330031546184 -NAN 0 0
 620.492664574771 -NAN 0 0
 622.655671716672 -NAN 0 0
 624.819058929125 -NAN 0 0
 626.982832169368 -NAN 0 0
 629.146997394639 -NAN 0 0
 631.311560562176 -NAN 0 0
 633.476527629217 -NAN 0 0
 635.641904553 -NAN 0 0
 637.807697290763 -NAN 0 0
 639.973911799744 -NAN 0 0
 642.140554037181 -NAN 0 0
 644.307629960312 -NAN 0 0
 646.475145526375 -NAN 0 0
 648.643106692608 -NAN 0 0
 650.811519416249 -NAN 0 0
 652.980389654536 -NAN 0 0
 655.149723364707 -NAN 0 0
 657.319526504 -NAN 0 0
 659.489805029653 -NAN 0 0
 661.660564898904 -NAN 0 0
 663.831812068991 -NAN 0 0
 666.003552497152 -NAN 0 0
 668.175792140625 -NAN 0 0
 670.348536956648 -NAN 0 0
 672.521792902459 -NAN 0 0
 674.695565935296 -NAN 0 0
 676.869862012397 -NAN 0 0
 679.044687091 -NAN 0 0
 681.220047128343 -NAN 0 0
 683.395948081664 -NAN 0 0
 685.572395908201 -NAN 0 0
 687.749396565192 -NAN 0 0
 689.926956009875 -NAN 0 0
 692.105080199488 -NAN 0 0
 694.283775091269 -NAN 0 0
 696.463046642456 -NAN 0 0
 698.642900810287 -NAN 0 0
 700.823343552 -NAN 0 0
 703.004380824833 -NAN 0 0
 705.186018586024 -NAN 0 0
 707.368262792811 -NAN 0 0
 709.551119402432 -NAN 0 0
 711.734594372125 -NAN 0 0
 713.918693659128 -NAN 0 0
 716.103423220679 -NAN 0 0
 718.288789014016 -NAN 0 0
 720.474796996377 -NAN 0 0
 722.661453125 -NAN 0 0
 724.848763357123 -NAN 0 0
 727.036733649984 -NAN 0 0
 729.225369960821 -NAN 0 0
 731.414678246872 -NAN 0 0
 733.604664465375 -NAN 0 0
 735.795334573568 -NAN 0 0
[END] of [DATA]
[END] of Spectrum


[Spectrum]
Version            = 1
IDData             = 12ad_2026-06-09_13-59-05_000_317
IDDevice           = SAM_82E6
IDDataType         = SPECTRUM
IDDataTypeSub1     = CALIBRATED
IDDataTypeSub2     = 
IDDataTypeSub3     = 
DateTime           = 2026-06-09 13:59:05
PositionLatitude   = 0
PositionLongitude  = 0
Comment            = 20260609_FrameE
CommentSub1        = UV
CommentSub2        = right
CommentSub3        = 22.5cm
IDMethodType       = SAM Control
MethodName         = SAM_82E6
Mission            = No Mission
MissionSub         = 1
RecordType         = 0
[Attributes]
CalFactor = 1
IDBasisSpec = 
IDDataBack = DLAB_2024-11-11_10-40-48_641_639
IDDataCal = DLAB_2024-11-12_11-45-27_171_455
IntegrationTime = 128
P31 = -1
P31e = 0
PathLength = +INF
PathLengthCustomOn = 0
RAWDynamic = 65535
Salinity = 0
Temperature = -NAN
Unit1 = $01 $01 Wavelength nm
Unit2 = $03 $06 Intensity mW/(m^2 nm)
Unit3 = $f0 $06 Error mW/(m^2 nm)
Unit4 = $f1 $00 Status 
p999 = 7871
[END] of [Attributes]
[DATA]
 0 6 0 0
 185.260577530984 -NAN 0 0
 187.468128380571 -NAN 0 0
 189.674861895872 -NAN 0 0
 191.880784034125 -NAN 0 0
 194.085900752568 -NAN 0 0
 196.290218008439 -NAN 0 0
 198.493741758976 -NAN 0 0
 200.696477961417 -NAN 0 0
 202.898432573 -NAN 0 0
 205.099611550963 -NAN 0 0
 207.300020852544 -NAN 0 0
 209.499666434981 -NAN 0 0
 211.698554255512 -NAN 0 0
 213.896690271375 -NAN 0 0
 216.094080439808 -NAN 0 0
 218.290730718049 -NAN 0 0
 220.486647063336 -NAN 0 0
 222.681835432907 -NAN 0 0
 224.876301784 -NAN 0 0
 227.070052073853 -NAN 0 0
 229.263092259704 -NAN 0 0
 231.455428298791 -NAN 0 0
 233.647066148352 -NAN 0 0
 235.838011765625 -NAN 0 0
 238.028271107848 -NAN 0 0
 240.217850132259 -NAN 0 0
 242.406754796096 -NAN 0 0
 244.594991056597 -NAN 0 0
 246.782564871 -NAN 0 0
 248.969482196543 -NAN 0 0
 251.155748990464 -NAN 0 0
 253.341371210001 -NAN 0 0
 255.526354812392 -NAN 0 0
 257.710705754875 -NAN 0 0
 259.894429994688 -NAN 0 0
 262.077533489069 -NAN 0 0
 264.260022195256 -NAN 0 0
 266.441902070487 -NAN 0 0
 268.623179072 -NAN 0 0
 270.803859157033 -NAN 0 0
 272.983948282824 -NAN 0 0
 275.163452406611 -NAN 0 0
 277.342377485632 -NAN 0 0
 279.520729477125 1.1809785098001 0 0
 281.698514338328 9.19955514020231 0 0
 283.875738026479 10.1129620704919 0 0
 286.052406498816 11.5130034920664 0 0
 288.228525712577 23.5001561139303 0 0
 290.404101625 27.5774835981056 0 0
 292.579140193323 34.8393076387612 0 0
 294.753647374784 51.6812863906438 0 0
 296.927629126621 56.3706686122236 0 0
 299.101091406072 65.4501126449112 0 0
 301.274040170375 80.5161392732374 0 0
 303.446481376768 81.4360452663474 0 0
 305.618420982489 87.7205133663811 0 0
 307.789864944776 94.8018200866463 0 0
 309.960819220867 94.8358443317644 0 0
 312.131289768 100.752432232921 0 0
 314.301282543413 99.624304408873 0 0
 316.470803504344 85.6929332970616 0 0
 318.639858608031 81.6188871551693 0 0
 320.808453811712 76.9009953771164 0 0
 322.976595072625 66.9598093944959 0 0
 325.144288348008 65.6961843959089 0 0
 327.311539595099 60.1073046432144 0 0
 329.478354771136 49.1713426296136 0 0
 331.644739833357 49.9354343338378 0 0
 333.810700739 44.2532433424489 0 0
 335.976243445303 34.7381943966903 0 0
 338.141373909504 35.8740554581293 0 0
 340.306098088841 29.4407442014828 0 0
 342.470421940552 22.6889237125098 0 0
 344.634351421875 25.1128270590167 0 0
 346.797892490048 19.423400863409 0 0
 348.961051102309 14.7598975083892 0 0
 351.123833215896 17.6485484364154 0 0
 353.286244788047 12.0397496678063 0 0
 355.448291776 9.53686159637717 0 0
 357.609980136993 12.641989074408 0 0
 359.771315828264 7.99843919824781 0 0
 361.932304807051 11.6627119346001 0 0
 364.092953030592 20.5256366287855 0 0
 366.253266456125 15.0126014567275 0 0
 368.413251040888 9.5674836523693 0 0
 370.572912742119 8.54063484883784 0 0
 372.732257517056 1.00416810271182 0 0
 374.891291322937 3.23199255524026 0 0
 377.050020117 5.69482711311787 0 0
 379.208449856483 -0.966122795047138 0 0
 381.366586498624 3.03610926214716 0 0
 383.524436000661 4.21938358004545 0 0
 385.682004319832 -1.89825776523395 0 0
 387.839297413375 3.37065425344601 0 0
 389.996321238528 3.3152056348763 0 0
 392.153081752529 -2.18406365961352 0 0
 394.309584912616 3.59300119777995 0 0
 396.465836676027 2.34558829498236 0 0
 398.621843 -0.936118319501801 0 0
 400.777609841773 9.38243975552121 0 0
 402.933143158584 14.5499825600873 0 0
 405.088448907671 14.4771102056302 0 0
 407.243533046272 15.5726064946099 0 0
 409.398401531625 6.89066274962878 0 0
 411.553060320968 3.95860793325319 0 0
 413.707515371539 9.76481369310073 0 0
 415.861772640576 8.66024263255531 0 0
 418.015838085317 11.9971076384569 0 0
 420.169717663 21.6136344698234 0 0
 422.323417330863 25.5179569908578 0 0
 424.476943046144 36.3993109387522 0 0
 426.630300766081 53.6023691617257 0 0
 428.783496447912 69.407167191753 0 0
 430.936536048875 100.196446560498 0 0
 433.089425526208 154.509484723448 0 0
 435.242170837149 208.224820588904 0 0
 437.394777938936 256.969357262697 0 0
 439.547252788807 303.222629419518 0 0
 441.699601344 374.928466985504 0 0
 443.851829561753 472.492168804681 0 0
 446.003943399304 562.745241646637 0 0
 448.155948813891 613.093531281015 0 0
 450.307851762752 614.177566164575 0 0
 452.459658203125 557.606647914584 0 0
 454.611374092248 469.982866955507 0 0
 456.763005387359 391.677042648797 0 0
 458.914558045696 325.709241942521 0 0
 461.066038024497 277.205132185463 0 0
 463.217451281 247.127064936739 0 0
 465.368803772443 213.078512898004 0 0
 467.520101456064 179.651516570332 0 0
 469.671350289101 155.007670967784 0 0
 471.822556228792 127.34052091912 0 0
 473.973725232375 108.342149703773 0 0
 476.124863257088 101.468242817024 0 0
 478.275976260169 90.6863817853979 0 0
 480.427070198856 86.4798733294427 0 0
 482.578151030387 88.6024587922889 0 0
 484.729224712 83.2669331577971 0 0
 486.880297200933 84.7613320216903 0 0
 489.031374454424 90.4038498173842 0 0
 491.182462429711 88.8576360586071 0 0
 493.333567084032 95.675477801727 0 0
 495.484694374625 103.235009109341 0 0
 497.635850258728 103.780755486192 0 0
 499.787040693579 112.199931998491 0 0
 501.938271636416 118.82108398639 0 0
 504.089549044477 -NAN 0 0
 506.240878875 -NAN 0 0
 508.392267085223 -NAN 0 0
 510.543719632384 -NAN 0 0
 512.695242473721 -NAN 0 0
 514.846841566472 -NAN 0 0
 516.998522867875 -NAN 0 0
 519.150292335168 -NAN 0 0
 521.302155925589 -NAN 0 0
 523.454119596376 -NAN 0 0
 525.606189304767 -NAN 0 0
 527.758371008 -NAN 0 0
 529.910670663313 -NAN 0 0
 532.063094227944 -NAN 0 0
 534.215647659131 -NAN 0 0
 536.368336914112 -NAN 0 0
 538.521167950125 -NAN 0 0
 540.674146724408 -NAN 0 0
 542.827279194199 -NAN 0 0
 544.980571316736 -NAN 0 0
 547.134029049257 -NAN 0 0
 549.287658349 -NAN 0 0
 551.441465173203 -NAN 0 0
 553.595455479104 -NAN 0 0
 555.749635223941 -NAN 0 0
 557.904010364952 -NAN 0 0
 560.058586859375 -NAN 0 0
 562.213370664448 -NAN 0 0
 564.368367737409 -NAN 0 0
 566.523584035496 -NAN 0 0
 568.679025515947 -NAN 0 0
 570.834698136 -NAN 0 0
 572.990607852893 -NAN 0 0
 575.146760623864 -NAN 0 0
 577.303162406151 -NAN 0 0
 579.459819156992 -NAN 0 0
 581.616736833625 -NAN 0 0
 583.773921393288 -NAN 0 0
 585.931378793219 -NAN 0 0
 588.089114990656 -NAN 0 0
 590.247135942837 -NAN 0 0
 592.405447607 -NAN 0 0
 594.564055940383 -NAN 0 0
 596.722966900224 -NAN 0 0
 598.882186443761 -NAN 0 0
 601.041720528232 -NAN 0 0
 603.201575110875 -NAN 0 0
 605.361756148928 -NAN 0 0
 607.522269599629 -NAN 0 0
 609.683121420216 -NAN 0 0
 611.844317567927 -NAN 0 0
 614.005864 -NAN 0 0
 616.167766673673 -NAN 0 0
 618.330031546184 -NAN 0 0
 620.492664574771 -NAN 0 0
 622.655671716672 -NAN 0 0
 624.819058929125 -NAN 0 0
 626.982832169368 -NAN 0 0
 629.146997394639 -NAN 0 0
 631.311560562176 -NAN 0 0
 633.476527629217 -NAN 0 0
 635.641904553 -NAN 0 0
 637.807697290763 -NAN 0 0
 639.973911799744 -NAN 0 0
 642.140554037181 -NAN 0 0
 644.307629960312 -NAN 0 0
 646.475145526375 -NAN 0 0
 648.643106692608 -NAN 0 0
 650.811519416249 -NAN 0 0
 652.980389654536 -NAN 0 0
 655.149723364707 -NAN 0 0
 657.319526504 -NAN 0 0
 659.489805029653 -NAN 0 0
 661.660564898904 -NAN 0 0
 663.831812068991 -NAN 0 0
 666.003552497152 -NAN 0 0
 668.175792140625 -NAN 0 0
 670.348536956648 -NAN 0 0
 672.521792902459 -NAN 0 0
 674.695565935296 -NAN 0 0
 676.869862012397 -NAN 0 0
 679.044687091 -NAN 0 0
 681.220047128343 -NAN 0 0
 683.395948081664 -NAN 0 0
 685.572395908201 -NAN 0 0
 687.749396565192 -NAN 0 0
 689.926956009875 -NAN 0 0
 692.105080199488 -NAN 0 0
 694.283775091269 -NAN 0 0
 696.463046642456 -NAN 0 0
 698.642900810287 -NAN 0 0
 700.823343552 -NAN 0 0
 703.004380824833 -NAN 0 0
 705.186018586024 -NAN 0 0
 707.368262792811 -NAN 0 0
 709.551119402432 -NAN 0 0
 711.734594372125 -NAN 0 0
 713.918693659128 -NAN 0 0
 716.103423220679 -NAN 0 0
 718.288789014016 -NAN 0 0
 720.474796996377 -NAN 0 0
 722.661453125 -NAN 0 0
 724.848763357123 -NAN 0 0
 727.036733649984 -NAN 0 0
 729.225369960821 -NAN 0 0
 731.414678246872 -NAN 0 0
 733.604664465375 -NAN 0 0
 735.795334573568 -NAN 0 0
[END] of [DATA]
[END] of Spectrum


[Spectrum]
Version            = 1
IDData             = 12ad_2026-06-09_13-59-00_000_314
IDDevice           = SAM_82E6
IDDataType         = SPECTRUM
IDDataTypeSub1     = CALIBRATED
IDDataTypeSub2     = 
IDDataTypeSub3     = 
DateTime           = 2026-06-09 13:59:00
PositionLatitude   = 0
PositionLongitude  = 0
Comment            = 20260609_FrameE
CommentSub1        = UV
CommentSub2        = right
CommentSub3        = 22.5cm
IDMethodType       = SAM Control
MethodName         = SAM_82E6
Mission            = No Mission
MissionSub         = 1
RecordType         = 0
[Attributes]
CalFactor = 1
IDBasisSpec = 
IDDataBack = DLAB_2024-11-11_10-40-48_641_639
IDDataCal = DLAB_2024-11-12_11-45-27_171_455
IntegrationTime = 128
P31 = -1
P31e = 0
PathLength = +INF
PathLengthCustomOn = 0
RAWDynamic = 65535
Salinity = 0
Temperature = -NAN
Unit1 = $01 $01 Wavelength nm
Unit2 = $03 $06 Intensity mW/(m^2 nm)
Unit3 = $f0 $06 Error mW/(m^2 nm)
Unit4 = $f1 $00 Status 
p999 = 7870
[END] of [Attributes]
[DATA]
 0 6 0 0
 185.260577530984 -NAN 0 0
 187.468128380571 -NAN 0 0
 189.674861895872 -NAN 0 0
 191.880784034125 -NAN 0 0
 194.085900752568 -NAN 0 0
 196.290218008439 -NAN 0 0
 198.493741758976 -NAN 0 0
 200.696477961417 -NAN 0 0
 202.898432573 -NAN 0 0
 205.099611550963 -NAN 0 0
 207.300020852544 -NAN 0 0
 209.499666434981 -NAN 0 0
 211.698554255512 -NAN 0 0
 213.896690271375 -NAN 0 0
 216.094080439808 -NAN 0 0
 218.290730718049 -NAN 0 0
 220.486647063336 -NAN 0 0
 222.681835432907 -NAN 0 0
 224.876301784 -NAN 0 0
 227.070052073853 -NAN 0 0
 229.263092259704 -NAN 0 0
 231.455428298791 -NAN 0 0
 233.647066148352 -NAN 0 0
 235.838011765625 -NAN 0 0
 238.028271107848 -NAN 0 0
 240.217850132259 -NAN 0 0
 242.406754796096 -NAN 0 0
 244.594991056597 -NAN 0 0
 246.782564871 -NAN 0 0
 248.969482196543 -NAN 0 0
 251.155748990464 -NAN 0 0
 253.341371210001 -NAN 0 0
 255.526354812392 -NAN 0 0
 257.710705754875 -NAN 0 0
 259.894429994688 -NAN 0 0
 262.077533489069 -NAN 0 0
 264.260022195256 -NAN 0 0
 266.441902070487 -NAN 0 0
 268.623179072 -NAN 0 0
 270.803859157033 -NAN 0 0
 272.983948282824 -NAN 0 0
 275.163452406611 -NAN 0 0
 277.342377485632 -NAN 0 0
 279.520729477125 7.34282081049498 0 0
 281.698514338328 4.23127992184062 0 0
 283.875738026479 9.04255828922449 0 0
 286.052406498816 17.5469874724892 0 0
 288.228525712577 17.1017155140842 0 0
 290.404101625 27.8624894063291 0 0
 292.579140193323 39.2512426578932 0 0
 294.753647374784 44.4597930775924 0 0
 296.927629126621 57.4651043631114 0 0
 299.101091406072 67.4212240136649 0 0
 301.274040170375 73.4124676678451 0 0
 303.446481376768 82.6724020455719 0 0
 305.618420982489 88.2990927537222 0 0
 307.789864944776 88.1425602867151 0 0
 309.960819220867 97.0512833725385 0 0
 312.131289768 100.021018815527 0 0
 314.301282543413 92.9033048431577 0 0
 316.470803504344 89.4730560887729 0 0
 318.639858608031 80.2732722231702 0 0
 320.808453811712 70.9562877477595 0 0
 322.976595072625 72.4750122189977 0 0
 325.144288348008 62.8867509391823 0 0
 327.311539595099 54.9059619985568 0 0
 329.478354771136 55.9957095307551 0 0
 331.644739833357 45.6420913294332 0 0
 333.810700739 40.6800019420275 0 0
 335.976243445303 41.6169243937524 0 0
 338.141373909504 30.8153869040495 0 0
 340.306098088841 27.7767116802768 0 0
 342.470421940552 28.7202456769718 0 0
 344.634351421875 19.7003409316609 0 0
 346.797892490048 18.7904202199373 0 0
 348.961051102309 19.233390202461 0 0
 351.123833215896 12.1253601656236 0 0
 353.286244788047 12.9600641485124 0 0
 355.448291776 13.0198801152664 0 0
 357.609980136993 7.06942116016134 0 0
 359.771315828264 10.2808656484606 0 0
 361.932304807051 14.5066582453804 0 0
 364.092953030592 14.8940957357925 0 0
 366.253266456125 18.6468602506561 0 0
 368.413251040888 11.5289856565679 0 0
 370.572912742119 2.6374673042889 0 0
 372.732257517056 6.35526287817332 0 0
 374.891291322937 4.2457209665924 0 0
 377.050020117 -0.167771681883852 0 0
 379.208449856483 5.63085352199348 0 0
 381.366586498624 2.54994587727563 0 0
 383.524436000661 -0.567325730492594 0 0
 385.682004319832 5.47239164215718 0 0
 387.839297413375 1.35303366650484 0 0
 389.996321238528 -0.429588755006491 0 0
 392.153081752529 5.28136053210154 0 0
 394.309584912616 0.473000270500331 0 0
 396.465836676027 0.0471913040990182 0 0
 398.621843 6.05903093615021 0 0
 400.777609841773 4.74484786827586 0 0
 402.933143158584 13.2243695212032 0 0
 405.088448907671 19.7152187852196 0 0
 407.243533046272 10.438052970186 0 0
 409.398401531625 7.01212086324828 0 0
 411.553060320968 8.26455863086382 0 0
 413.707515371539 4.72248649624841 0 0
 415.861772640576 10.0176516097108 0 0
 418.015838085317 15.3392521143766 0 0
 420.169717663 16.8948705946997 0 0
 422.323417330863 27.7080010515475 0 0
 424.476943046144 38.3787506736285 0 0
 426.630300766081 49.4055424217164 0 0
 428.783496447912 72.4249944151848 0 0
 430.936536048875 101.292391648498 0 0
 433.089425526208 150.354573544935 0 0
 435.242170837149 210.841450811516 0 0
 437.394777938936 256.507360049365 0 0
 439.547252788807 299.916220731072 0 0
 441.699601344 378.83272793278 0 0
 443.851829561753 472.023426615153 0 0
 446.003943399304 560.048510529247 0 0
 448.155948813891 617.608721029009 0 0
 450.307851762752 612.649894331436 0 0
 452.459658203125 555.487251103469 0 0
 454.611374092248 475.030533638446 0 0
 456.763005387359 388.670183307558 0 0
 458.914558045696 324.306010301963 0 0
 461.066038024497 282.411647670768 0 0
 463.217451281 243.124129058545 0 0
 465.368803772443 212.506408411848 0 0
 467.520101456064 184.314742639928 0 0
 469.671350289101 150.192715449548 0 0
 471.822556228792 128.125349927081 0 0
 473.973725232375 112.402981205988 0 0
 476.124863257088 96.1850265160731 0 0
 478.275976260169 92.7044044344496 0 0
 480.427070198856 89.8058447416389 0 0
 482.578151030387 83.1355688778904 0 0
 484.729224712 86.6443183976776 0 0
 486.880297200933 86.994066014245 0 0
 489.031374454424 85.1650186499894 0 0
 491.182462429711 93.3384834836351 0 0
 493.333567084032 96.7153294491958 0 0
 495.484694374625 98.8298207653516 0 0
 497.635850258728 108.873638876156 0 0
 499.787040693579 112.334741135214 0 0
 501.938271636416 114.963885740544 0 0
 504.089549044477 -NAN 0 0
 506.240878875 -NAN 0 0
 508.392267085223 -NAN 0 0
 510.543719632384 -NAN 0 0
 512.695242473721 -NAN 0 0
 514.846841566472 -NAN 0 0
 516.998522867875 -NAN 0 0
 519.150292335168 -NAN 0 0
 521.302155925589 -NAN 0 0
 523.454119596376 -NAN 0 0
 525.606189304767 -NAN 0 0
 527.758371008 -NAN 0 0
 529.910670663313 -NAN 0 0
 532.063094227944 -NAN 0 0
 534.215647659131 -NAN 0 0
 536.368336914112 -NAN 0 0
 538.521167950125 -NAN 0 0
 540.674146724408 -NAN 0 0
 542.827279194199 -NAN 0 0
 544.980571316736 -NAN 0 0
 547.134029049257 -NAN 0 0
 549.287658349 -NAN 0 0
 551.441465173203 -NAN 0 0
 553.595455479104 -NAN 0 0
 555.749635223941 -NAN 0 0
 557.904010364952 -NAN 0 0
 560.058586859375 -NAN 0 0
 562.213370664448 -NAN 0 0
 564.368367737409 -NAN 0 0
 566.523584035496 -NAN 0 0
 568.679025515947 -NAN 0 0
 570.834698136 -NAN 0 0
 572.990607852893 -NAN 0 0
 575.146760623864 -NAN 0 0
 577.303162406151 -NAN 0 0
 579.459819156992 -NAN 0 0
 581.616736833625 -NAN 0 0
 583.773921393288 -NAN 0 0
 585.931378793219 -NAN 0 0
 588.089114990656 -NAN 0 0
 590.247135942837 -NAN 0 0
 592.405447607 -NAN 0 0
 594.564055940383 -NAN 0 0
 596.722966900224 -NAN 0 0
 598.882186443761 -NAN 0 0
 601.041720528232 -NAN 0 0
 603.201575110875 -NAN 0 0
 605.361756148928 -NAN 0 0
 607.522269599629 -NAN 0 0
 609.683121420216 -NAN 0 0
 611.844317567927 -NAN 0 0
 614.005864 -NAN 0 0
 616.167766673673 -NAN 0 0
 618.330031546184 -NAN 0 0
 620.492664574771 -NAN 0 0
 622.655671716672 -NAN 0 0
 624.819058929125 -NAN 0 0
 626.982832169368 -NAN 0 0
 629.146997394639 -NAN 0 0
 631.311560562176 -NAN 0 0
 633.476527629217 -NAN 0 0
 635.641904553 -NAN 0 0
 637.807697290763 -NAN 0 0
 639.973911799744 -NAN 0 0
 642.140554037181 -NAN 0 0
 644.307629960312 -NAN 0 0
 646.475145526375 -NAN 0 0
 648.643106692608 -NAN 0 0
 650.811519416249 -NAN 0 0
 652.980389654536 -NAN 0 0
 655.149723364707 -NAN 0 0
 657.319526504 -NAN 0 0
 659.489805029653 -NAN 0 0
 661.660564898904 -NAN 0 0
 663.831812068991 -NAN 0 0
 666.003552497152 -NAN 0 0
 668.175792140625 -NAN 0 0
 670.348536956648 -NAN 0 0
 672.521792902459 -NAN 0 0
 674.695565935296 -NAN 0 0
 676.869862012397 -NAN 0 0
 679.044687091 -NAN 0 0
 681.220047128343 -NAN 0 0
 683.395948081664 -NAN 0 0
 685.572395908201 -NAN 0 0
 687.749396565192 -NAN 0 0
 689.926956009875 -NAN 0 0
 692.105080199488 -NAN 0 0
 694.283775091269 -NAN 0 0
 696.463046642456 -NAN 0 0
 698.642900810287 -NAN 0 0
 700.823343552 -NAN 0 0
 703.004380824833 -NAN 0 0
 705.186018586024 -NAN 0 0
 707.368262792811 -NAN 0 0
 709.551119402432 -NAN 0 0
 711.734594372125 -NAN 0 0
 713.918693659128 -NAN 0 0
 716.103423220679 -NAN 0 0
 718.288789014016 -NAN 0 0
 720.474796996377 -NAN 0 0
 722.661453125 -NAN 0 0
 724.848763357123 -NAN 0 0
 727.036733649984 -NAN 0 0
 729.225369960821 -NAN 0 0
 731.414678246872 -NAN 0 0
 733.604664465375 -NAN 0 0
 735.795334573568 -NAN 0 0
[END] of [DATA]
[END] of Spectrum


[Spectrum]
Version            = 1
IDData             = 12ad_2026-06-09_13-58-55_000_311
IDDevice           = SAM_82E6
IDDataType         = SPECTRUM
IDDataTypeSub1     = CALIBRATED
IDDataTypeSub2     = 
IDDataTypeSub3     = 
DateTime           = 2026-06-09 13:58:55
PositionLatitude   = 0
PositionLongitude  = 0
Comment            = 20260609_FrameE
CommentSub1        = UV
CommentSub2        = right
CommentSub3        = 22.5cm
IDMethodType       = SAM Control
MethodName         = SAM_82E6
Mission            = No Mission
MissionSub         = 1
RecordType         = 0
[Attributes]
CalFactor = 1
IDBasisSpec = 
IDDataBack = DLAB_2024-11-11_10-40-48_641_639
IDDataCal = DLAB_2024-11-12_11-45-27_171_455
IntegrationTime = 128
P31 = -1
P31e = 0
PathLength = +INF
PathLengthCustomOn = 0
RAWDynamic = 65535
Salinity = 0
Temperature = -NAN
Unit1 = $01 $01 Wavelength nm
Unit2 = $03 $06 Intensity mW/(m^2 nm)
Unit3 = $f0 $06 Error mW/(m^2 nm)
Unit4 = $f1 $00 Status 
p999 = 7869
[END] of [Attributes]
[DATA]
 0 6 0 0
 185.260577530984 -NAN 0 0
 187.468128380571 -NAN 0 0
 189.674861895872 -NAN 0 0
 191.880784034125 -NAN 0 0
 194.085900752568 -NAN 0 0
 196.290218008439 -NAN 0 0
 198.493741758976 -NAN 0 0
 200.696477961417 -NAN 0 0
 202.898432573 -NAN 0 0
 205.099611550963 -NAN 0 0
 207.300020852544 -NAN 0 0
 209.499666434981 -NAN 0 0
 211.698554255512 -NAN 0 0
 213.896690271375 -NAN 0 0
 216.094080439808 -NAN 0 0
 218.290730718049 -NAN 0 0
 220.486647063336 -NAN 0 0
 222.681835432907 -NAN 0 0
 224.876301784 -NAN 0 0
 227.070052073853 -NAN 0 0
 229.263092259704 -NAN 0 0
 231.455428298791 -NAN 0 0
 233.647066148352 -NAN 0 0
 235.838011765625 -NAN 0 0
 238.028271107848 -NAN 0 0
 240.217850132259 -NAN 0 0
 242.406754796096 -NAN 0 0
 244.594991056597 -NAN 0 0
 246.782564871 -NAN 0 0
 248.969482196543 -NAN 0 0
 251.155748990464 -NAN 0 0
 253.341371210001 -NAN 0 0
 255.526354812392 -NAN 0 0
 257.710705754875 -NAN 0 0
 259.894429994688 -NAN 0 0
 262.077533489069 -NAN 0 0
 264.260022195256 -NAN 0 0
 266.441902070487 -NAN 0 0
 268.623179072 -NAN 0 0
 270.803859157033 -NAN 0 0
 272.983948282824 -NAN 0 0
 275.163452406611 -NAN 0 0
 277.342377485632 -NAN 0 0
 279.520729477125 1.08508888628484 0 0
 281.698514338328 8.69880529582532 0 0
 283.875738026479 9.87713432448708 0 0
 286.052406498816 10.852401299792 0 0
 288.228525712577 22.5388140533623 0 0
 290.404101625 26.6017749383198 0 0
 292.579140193323 33.386047253865 0 0
 294.753647374784 49.8020008866977 0 0
 296.927629126621 54.4903213418466 0 0
 299.101091406072 62.8056772596245 0 0
 301.274040170375 77.5027065455008 0 0
 303.446481376768 78.4226986639796 0 0
 305.618420982489 84.2888278180437 0 0
 307.789864944776 91.2947524456231 0 0
 309.960819220867 91.2900611645547 0 0
 312.131289768 96.79717352194 0 0
 314.301282543413 96.018453257786 0 0
 316.470803504344 82.3220998186093 0 0
 318.639858608031 78.4169411076111 0 0
 320.808453811712 74.3066749181785 0 0
 322.976595072625 64.0925226634508 0 0
 325.144288348008 62.7784736990721 0 0
 327.311539595099 58.0417207124583 0 0
 329.478354771136 47.1023159601525 0 0
 331.644739833357 47.8228134830497 0 0
 333.810700739 42.8337162078159 0 0
 335.976243445303 33.1348048813143 0 0
 338.141373909504 34.5777891962149 0 0
 340.306098088841 28.4811430656813 0 0
 342.470421940552 21.4567322299743 0 0
 344.634351421875 24.2463765613987 0 0
 346.797892490048 18.8302835047361 0 0
 348.961051102309 13.9214067629905 0 0
 351.123833215896 16.8974216975218 0 0
 353.286244788047 11.5828636874557 0 0
 355.448291776 8.91189749524232 0 0
 357.609980136993 12.2704131585272 0 0
 359.771315828264 7.99306119058944 0 0
 361.932304807051 11.2026295005395 0 0
 364.092953030592 20.1541897655548 0 0
 366.253266456125 14.6073675873531 0 0
 368.413251040888 9.08135120262662 0 0
 370.572912742119 8.39870762914974 0 0
 372.732257517056 1.20897597198228 0 0
 374.891291322937 2.66866071922361 0 0
 377.050020117 5.73758959844612 0 0
 379.208449856483 -0.796790140324628 0 0
 381.366586498624 2.54570608031454 0 0
 383.524436000661 4.31460612274321 0 0
 385.682004319832 -1.72615267486453 0 0
 387.839297413375 2.82799366018865 0 0
 389.996321238528 3.33346607263641 0 0
 392.153081752529 -2.06611550788568 0 0
 394.309584912616 3.26709201000905 0 0
 396.465836676027 2.79801807648218 0 0
 398.621843 -0.918869279228 0 0
 400.777609841773 8.83752921128234 0 0
 402.933143158584 14.4523991910681 0 0
 405.088448907671 13.7191568769232 0 0
 407.243533046272 14.989296503751 0 0
 409.398401531625 7.09118322022701 0 0
 411.553060320968 3.75456057693711 0 0
 413.707515371539 9.74041875714625 0 0
 415.861772640576 8.91233287116991 0 0
 418.015838085317 11.99219272011 0 0
 420.169717663 21.5407906810534 0 0
 422.323417330863 25.6287409922556 0 0
 424.476943046144 36.3149850307642 0 0
 426.630300766081 53.5203661711249 0 0
 428.783496447912 69.3877789162952 0 0
 430.936536048875 99.7621886196138 0 0
 433.089425526208 153.295881477815 0 0
 435.242170837149 206.552063394057 0 0
 437.394777938936 255.166928688193 0 0
 439.547252788807 302.665360440472 0 0
 441.699601344 374.865176860675 0 0
 443.851829561753 472.322249760977 0 0
 446.003943399304 562.679363380127 0 0
 448.155948813891 613.278666344526 0 0
 450.307851762752 614.156824457278 0 0
 452.459658203125 557.768752128721 0 0
 454.611374092248 470.166401181167 0 0
 456.763005387359 391.391000510166 0 0
 458.914558045696 325.794074580819 0 0
 461.066038024497 277.346757557764 0 0
 463.217451281 246.991002508083 0 0
 465.368803772443 213.035235621376 0 0
 467.520101456064 179.684718225857 0 0
 469.671350289101 154.826893636052 0 0
 471.822556228792 127.413757052175 0 0
 473.973725232375 108.415922944188 0 0
 476.124863257088 101.502563794671 0 0
 478.275976260169 90.7008279827755 0 0
 480.427070198856 86.5745510153224 0 0
 482.578151030387 88.6772406673939 0 0
 484.729224712 83.30157873769 0 0
 486.880297200933 84.594659995192 0 0
 489.031374454424 90.3378329359497 0 0
 491.182462429711 89.1133972899958 0 0
 493.333567084032 95.5296313715146 0 0
 495.484694374625 103.368935689648 0 0
 497.635850258728 103.913508370764 0 0
 499.787040693579 112.116219873268 0 0
 501.938271636416 118.873819118657 0 0
 504.089549044477 -NAN 0 0
 506.240878875 -NAN 0 0
 508.392267085223 -NAN 0 0
 510.543719632384 -NAN 0 0
 512.695242473721 -NAN 0 0
 514.846841566472 -NAN 0 0
 516.998522867875 -NAN 0 0
 519.150292335168 -NAN 0 0
 521.302155925589 -NAN 0 0
 523.454119596376 -NAN 0 0
 525.606189304767 -NAN 0 0
 527.758371008 -NAN 0 0
 529.910670663313 -NAN 0 0
 532.063094227944 -NAN 0 0
 534.215647659131 -NAN 0 0
 536.368336914112 -NAN 0 0
 538.521167950125 -NAN 0 0
 540.674146724408 -NAN 0 0
 542.827279194199 -NAN 0 0
 544.980571316736 -NAN 0 0
 547.134029049257 -NAN 0 0
 549.287658349 -NAN 0 0
 551.441465173203 -NAN 0 0
 553.595455479104 -NAN 0 0
 555.749635223941 -NAN 0 0
 557.904010364952 -NAN 0 0
 560.058586859375 -NAN 0 0
 562.213370664448 -NAN 0 0
 564.368367737409 -NAN 0 0
 566.523584035496 -NAN 0 0
 568.679025515947 -NAN 0 0
 570.834698136 -NAN 0 0
 572.990607852893 -NAN 0 0
 575.146760623864 -NAN 0 0
 577.303162406151 -NAN 0 0
 579.459819156992 -NAN 0 0
 581.616736833625 -NAN 0 0
 583.773921393288 -NAN 0 0
 585.931378793219 -NAN 0 0
 588.089114990656 -NAN 0 0
 590.247135942837 -NAN 0 0
 592.405447607 -NAN 0 0
 594.564055940383 -NAN 0 0
 596.722966900224 -NAN 0 0
 598.882186443761 -NAN 0 0
 601.041720528232 -NAN 0 0
 603.201575110875 -NAN 0 0
 605.361756148928 -NAN 0 0
 607.522269599629 -NAN 0 0
 609.683121420216 -NAN 0 0
 611.844317567927 -NAN 0 0
 614.005864 -NAN 0 0
 616.167766673673 -NAN 0 0
 618.330031546184 -NAN 0 0
 620.492664574771 -NAN 0 0
 622.655671716672 -NAN 0 0
 624.819058929125 -NAN 0 0
 626.982832169368 -NAN 0 0
 629.146997394639 -NAN 0 0
 631.311560562176 -NAN 0 0
 633.476527629217 -NAN 0 0
 635.641904553 -NAN 0 0
 637.807697290763 -NAN 0 0
 639.973911799744 -NAN 0 0
 642.140554037181 -NAN 0 0
 644.307629960312 -NAN 0 0
 646.475145526375 -NAN 0 0
 648.643106692608 -NAN 0 0
 650.811519416249 -NAN 0 0
 652.980389654536 -NAN 0 0
 655.149723364707 -NAN 0 0
 657.319526504 -NAN 0 0
 659.489805029653 -NAN 0 0
 661.660564898904 -NAN 0 0
 663.831812068991 -NAN 0 0
 666.003552497152 -NAN 0 0
 668.175792140625 -NAN 0 0
 670.348536956648 -NAN 0 0
 672.521792902459 -NAN 0 0
 674.695565935296 -NAN 0 0
 676.869862012397 -NAN 0 0
 679.044687091 -NAN 0 0
 681.220047128343 -NAN 0 0
 683.395948081664 -NAN 0 0
 685.572395908201 -NAN 0 0
 687.749396565192 -NAN 0 0
 689.926956009875 -NAN 0 0
 692.105080199488 -NAN 0 0
 694.283775091269 -NAN 0 0
 696.463046642456 -NAN 0 0
 698.642900810287 -NAN 0 0
 700.823343552 -NAN 0 0
 703.004380824833 -NAN 0 0
 705.186018586024 -NAN 0 0
 707.368262792811 -NAN 0 0
 709.551119402432 -NAN 0 0
 711.734594372125 -NAN 0 0
 713.918693659128 -NAN 0 0
 716.103423220679 -NAN 0 0
 718.288789014016 -NAN 0 0
 720.474796996377 -NAN 0 0
 722.661453125 -NAN 0 0
 724.848763357123 -NAN 0 0
 727.036733649984 -NAN 0 0
 729.225369960821 -NAN 0 0
 731.414678246872 -NAN 0 0
 733.604664465375 -NAN 0 0
 735.795334573568 -NAN 0 0
[END] of [DATA]
[END] of Spectrum


[Spectrum]
Version            = 1
IDData             = 12ad_2026-06-09_13-58-50_000_308
IDDevice           = SAM_82E6
IDDataType         = SPECTRUM
IDDataTypeSub1     = CALIBRATED
IDDataTypeSub2     = 
IDDataTypeSub3     = 
DateTime           = 2026-06-09 13:58:50
PositionLatitude   = 0
PositionLongitude  = 0
Comment            = 20260609_FrameE
CommentSub1        = UV
CommentSub2        = right
CommentSub3        = 22.5cm
IDMethodType       = SAM Control
MethodName         = SAM_82E6
Mission            = No Mission
MissionSub         = 1
RecordType         = 0
[Attributes]
CalFactor = 1
IDBasisSpec = 
IDDataBack = DLAB_2024-11-11_10-40-48_641_639
IDDataCal = DLAB_2024-11-12_11-45-27_171_455
IntegrationTime = 128
P31 = -1
P31e = 0
PathLength = +INF
PathLengthCustomOn = 0
RAWDynamic = 65535
Salinity = 0
Temperature = -NAN
Unit1 = $01 $01 Wavelength nm
Unit2 = $03 $06 Intensity mW/(m^2 nm)
Unit3 = $f0 $06 Error mW/(m^2 nm)
Unit4 = $f1 $00 Status 
p999 = 7868
[END] of [Attributes]
[DATA]
 0 6 0 0
 185.260577530984 -NAN 0 0
 187.468128380571 -NAN 0 0
 189.674861895872 -NAN 0 0
 191.880784034125 -NAN 0 0
 194.085900752568 -NAN 0 0
 196.290218008439 -NAN 0 0
 198.493741758976 -NAN 0 0
 200.696477961417 -NAN 0 0
 202.898432573 -NAN 0 0
 205.099611550963 -NAN 0 0
 207.300020852544 -NAN 0 0
 209.499666434981 -NAN 0 0
 211.698554255512 -NAN 0 0
 213.896690271375 -NAN 0 0
 216.094080439808 -NAN 0 0
 218.290730718049 -NAN 0 0
 220.486647063336 -NAN 0 0
 222.681835432907 -NAN 0 0
 224.876301784 -NAN 0 0
 227.070052073853 -NAN 0 0
 229.263092259704 -NAN 0 0
 231.455428298791 -NAN 0 0
 233.647066148352 -NAN 0 0
 235.838011765625 -NAN 0 0
 238.028271107848 -NAN 0 0
 240.217850132259 -NAN 0 0
 242.406754796096 -NAN 0 0
 244.594991056597 -NAN 0 0
 246.782564871 -NAN 0 0
 248.969482196543 -NAN 0 0
 251.155748990464 -NAN 0 0
 253.341371210001 -NAN 0 0
 255.526354812392 -NAN 0 0
 257.710705754875 -NAN 0 0
 259.894429994688 -NAN 0 0
 262.077533489069 -NAN 0 0
 264.260022195256 -NAN 0 0
 266.441902070487 -NAN 0 0
 268.623179072 -NAN 0 0
 270.803859157033 -NAN 0 0
 272.983948282824 -NAN 0 0
 275.163452406611 -NAN 0 0
 277.342377485632 -NAN 0 0
 279.520729477125 2.11745898880628 0 0
 281.698514338328 9.50026653499788 0 0
 283.875738026479 7.438364759515 0 0
 286.052406498816 12.1866725408912 0 0
 288.228525712577 22.669189802262 0 0
 290.404101625 24.012002772778 0 0
 292.579140193323 34.4277149788294 0 0
 294.753647374784 48.743961779232 0 0
 296.927629126621 51.7491533764559 0 0
 299.101091406072 63.257340626467 0 0
 301.274040170375 75.5823248880483 0 0
 303.446481376768 75.7501147074758 0 0
 305.618420982489 84.3673339430919 0 0
 307.789864944776 88.813830776981 0 0
 309.960819220867 88.76229925413 0 0
 312.131289768 96.8590623495656 0 0
 314.301282543413 93.0893532740426 0 0
 316.470803504344 80.4980134165327 0 0
 318.639858608031 78.8350337012055 0 0
 320.808453811712 71.5286621948315 0 0
 322.976595072625 62.7523930633105 0 0
 325.144288348008 63.6114865996534 0 0
 327.311539595099 55.3516238260585 0 0
 329.478354771136 47.0234817304749 0 0
 331.644739833357 48.4905023433899 0 0
 333.810700739 40.1708076413875 0 0
 335.976243445303 33.5287473642398 0 0
 338.141373909504 34.9078244850013 0 0
 340.306098088841 26.2592660369585 0 0
 342.470421940552 22.2829945312282 0 0
 344.634351421875 24.3381775575179 0 0
 346.797892490048 16.7223613237092 0 0
 348.961051102309 14.8801775601429 0 0
 351.123833215896 16.636598254657 0 0
 353.286244788047 9.97449418622163 0 0
 355.448291776 10.1327826153595 0 0
 357.609980136993 11.5390403903815 0 0
 359.771315828264 6.6195180346414 0 0
 361.932304807051 12.6465636313025 0 0
 364.092953030592 18.9969464986506 0 0
 366.253266456125 13.5995381081884 0 0
 368.413251040888 10.7846332272861 0 0
 370.572912742119 7.1565304586053 0 0
 372.732257517056 0.505845771111061 0 0
 374.891291322937 4.92064359590113 0 0
 377.050020117 3.97605108992443 0 0
 379.208449856483 -0.694630770120138 0 0
 381.366586498624 4.76029335965664 0 0
 383.524436000661 2.70435028876471 0 0
 385.682004319832 -1.13587488558099 0 0
 387.839297413375 4.74218285468129 0 0
 389.996321238528 1.61558027412679 0 0
 392.153081752529 -0.815865099570574 0 0
 394.309584912616 4.83936520456911 0 0
 396.465836676027 0.841964095339054 0 0
 398.621843 0.467688188935193 0 0
 400.777609841773 9.49428296985186 0 0
 402.933143158584 12.1268734488575 0 0
 405.088448907671 14.5385326795935 0 0
 407.243533046272 14.9904845078057 0 0
 409.398401531625 5.05045774516731 0 0
 411.553060320968 5.16524473222502 0 0
 413.707515371539 9.41692069340204 0 0
 415.861772640576 7.49879044007186 0 0
 418.015838085317 13.4086721876983 0 0
 420.169717663 20.8605999781236 0 0
 422.323417330863 24.6408406822705 0 0
 424.476943046144 37.7378737729197 0 0
 426.630300766081 52.6977466969931 0 0
 428.783496447912 68.7513377001804 0 0
 430.936536048875 101.083090857256 0 0
 433.089425526208 151.82482270709 0 0
 435.242170837149 205.243748282751 0 0
 437.394777938936 255.671288967799 0 0
 439.547252788807 301.457809517808 0 0
 441.699601344 374.925179186812 0 0
 443.851829561753 473.618824138797 0 0
 446.003943399304 561.941013458075 0 0
 448.155948813891 613.784936162753 0 0
 450.307851762752 615.294011105205 0 0
 452.459658203125 556.552507367797 0 0
 454.611374092248 470.903390947422 0 0
 456.763005387359 392.340894711148 0 0
 458.914558045696 324.591447179061 0 0
 461.066038024497 278.411495068946 0 0
 463.217451281 247.68377838529 0 0
 465.368803772443 211.725306345879 0 0
 467.520101456064 180.803935323406 0 0
 469.671350289101 155.100765881131 0 0
 471.822556228792 126.096599733801 0 0
 473.973725232375 109.606204629083 0 0
 476.124863257088 101.224674588564 0 0
 478.275976260169 89.4417863190224 0 0
 480.427070198856 87.9590729394214 0 0
 482.578151030387 87.9952746123312 0 0
 484.729224712 82.4175576507457 0 0
 486.880297200933 86.2669732811986 0 0
 489.031374454424 89.5131813831155 0 0
 491.182462429711 88.5918230757665 0 0
 493.333567084032 97.2341419414019 0 0
 495.484694374625 102.234433666384 0 0
 497.635850258728 103.835612050065 0 0
 499.787040693579 113.780677843616 0 0
 501.938271636416 117.673825802776 0 0
 504.089549044477 -NAN 0 0
 506.240878875 -NAN 0 0
 508.392267085223 -NAN 0 0
 510.543719632384 -NAN 0 0
 512.695242473721 -NAN 0 0
 514.846841566472 -NAN 0 0
 516.998522867875 -NAN 0 0
 519.150292335168 -NAN 0 0
 521.302155925589 -NAN 0 0
 523.454119596376 -NAN 0 0
 525.606189304767 -NAN 0 0
 527.758371008 -NAN 0 0
 529.910670663313 -NAN 0 0
 532.063094227944 -NAN 0 0
 534.215647659131 -NAN 0 0
 536.368336914112 -NAN 0 0
 538.521167950125 -NAN 0 0
 540.674146724408 -NAN 0 0
 542.827279194199 -NAN 0 0
 544.980571316736 -NAN 0 0
 547.134029049257 -NAN 0 0
 549.287658349 -NAN 0 0
 551.441465173203 -NAN 0 0
 553.595455479104 -NAN 0 0
 555.749635223941 -NAN 0 0
 557.904010364952 -NAN 0 0
 560.058586859375 -NAN 0 0
 562.213370664448 -NAN 0 0
 564.368367737409 -NAN 0 0
 566.523584035496 -NAN 0 0
 568.679025515947 -NAN 0 0
 570.834698136 -NAN 0 0
 572.990607852893 -NAN 0 0
 575.146760623864 -NAN 0 0
 577.303162406151 -NAN 0 0
 579.459819156992 -NAN 0 0
 581.616736833625 -NAN 0 0
 583.773921393288 -NAN 0 0
 585.931378793219 -NAN 0 0
 588.089114990656 -NAN 0 0
 590.247135942837 -NAN 0 0
 592.405447607 -NAN 0 0
 594.564055940383 -NAN 0 0
 596.722966900224 -NAN 0 0
 598.882186443761 -NAN 0 0
 601.041720528232 -NAN 0 0
 603.201575110875 -NAN 0 0
 605.361756148928 -NAN 0 0
 607.522269599629 -NAN 0 0
 609.683121420216 -NAN 0 0
 611.844317567927 -NAN 0 0
 614.005864 -NAN 0 0
 616.167766673673 -NAN 0 0
 618.330031546184 -NAN 0 0
 620.492664574771 -NAN 0 0
 622.655671716672 -NAN 0 0
 624.819058929125 -NAN 0 0
 626.982832169368 -NAN 0 0
 629.146997394639 -NAN 0 0
 631.311560562176 -NAN 0 0
 633.476527629217 -NAN 0 0
 635.641904553 -NAN 0 0
 637.807697290763 -NAN 0 0
 639.973911799744 -NAN 0 0
 642.140554037181 -NAN 0 0
 644.307629960312 -NAN 0 0
 646.475145526375 -NAN 0 0
 648.643106692608 -NAN 0 0
 650.811519416249 -NAN 0 0
 652.980389654536 -NAN 0 0
 655.149723364707 -NAN 0 0
 657.319526504 -NAN 0 0
 659.489805029653 -NAN 0 0
 661.660564898904 -NAN 0 0
 663.831812068991 -NAN 0 0
 666.003552497152 -NAN 0 0
 668.175792140625 -NAN 0 0
 670.348536956648 -NAN 0 0
 672.521792902459 -NAN 0 0
 674.695565935296 -NAN 0 0
 676.869862012397 -NAN 0 0
 679.044687091 -NAN 0 0
 681.220047128343 -NAN 0 0
 683.395948081664 -NAN 0 0
 685.572395908201 -NAN 0 0
 687.749396565192 -NAN 0 0
 689.926956009875 -NAN 0 0
 692.105080199488 -NAN 0 0
 694.283775091269 -NAN 0 0
 696.463046642456 -NAN 0 0
 698.642900810287 -NAN 0 0
 700.823343552 -NAN 0 0
 703.004380824833 -NAN 0 0
 705.186018586024 -NAN 0 0
 707.368262792811 -NAN 0 0
 709.551119402432 -NAN 0 0
 711.734594372125 -NAN 0 0
 713.918693659128 -NAN 0 0
 716.103423220679 -NAN 0 0
 718.288789014016 -NAN 0 0
 720.474796996377 -NAN 0 0
 722.661453125 -NAN 0 0
 724.848763357123 -NAN 0 0
 727.036733649984 -NAN 0 0
 729.225369960821 -NAN 0 0
 731.414678246872 -NAN 0 0
 733.604664465375 -NAN 0 0
 735.795334573568 -NAN 0 0
[END] of [DATA]
[END] of Spectrum


[Spectrum]
Version            = 1
IDData             = 12ad_2026-06-09_13-58-45_000_305
IDDevice           = SAM_82E6
IDDataType         = SPECTRUM
IDDataTypeSub1     = CALIBRATED
IDDataTypeSub2     = 
IDDataTypeSub3     = 
DateTime           = 2026-06-09 13:58:45
PositionLatitude   = 0
PositionLongitude  = 0
Comment            = 20260609_FrameE
CommentSub1        = UV
CommentSub2        = right
CommentSub3        = 22.5cm
IDMethodType       = SAM Control
MethodName         = SAM_82E6
Mission            = No Mission
MissionSub         = 1
RecordType         = 0
[Attributes]
CalFactor = 1
IDBasisSpec = 
IDDataBack = DLAB_2024-11-11_10-40-48_641_639
IDDataCal = DLAB_2024-11-12_11-45-27_171_455
IntegrationTime = 128
P31 = -1
P31e = 0
PathLength = +INF
PathLengthCustomOn = 0
RAWDynamic = 65535
Salinity = 0
Temperature = -NAN
Unit1 = $01 $01 Wavelength nm
Unit2 = $03 $06 Intensity mW/(m^2 nm)
Unit3 = $f0 $06 Error mW/(m^2 nm)
Unit4 = $f1 $00 Status 
p999 = 7867
[END] of [Attributes]
[DATA]
 0 6 0 0
 185.260577530984 -NAN 0 0
 187.468128380571 -NAN 0 0
 189.674861895872 -NAN 0 0
 191.880784034125 -NAN 0 0
 194.085900752568 -NAN 0 0
 196.290218008439 -NAN 0 0
 198.493741758976 -NAN 0 0
 200.696477961417 -NAN 0 0
 202.898432573 -NAN 0 0
 205.099611550963 -NAN 0 0
 207.300020852544 -NAN 0 0
 209.499666434981 -NAN 0 0
 211.698554255512 -NAN 0 0
 213.896690271375 -NAN 0 0
 216.094080439808 -NAN 0 0
 218.290730718049 -NAN 0 0
 220.486647063336 -NAN 0 0
 222.681835432907 -NAN 0 0
 224.876301784 -NAN 0 0
 227.070052073853 -NAN 0 0
 229.263092259704 -NAN 0 0
 231.455428298791 -NAN 0 0
 233.647066148352 -NAN 0 0
 235.838011765625 -NAN 0 0
 238.028271107848 -NAN 0 0
 240.217850132259 -NAN 0 0
 242.406754796096 -NAN 0 0
 244.594991056597 -NAN 0 0
 246.782564871 -NAN 0 0
 248.969482196543 -NAN 0 0
 251.155748990464 -NAN 0 0
 253.341371210001 -NAN 0 0
 255.526354812392 -NAN 0 0
 257.710705754875 -NAN 0 0
 259.894429994688 -NAN 0 0
 262.077533489069 -NAN 0 0
 264.260022195256 -NAN 0 0
 266.441902070487 -NAN 0 0
 268.623179072 -NAN 0 0
 270.803859157033 -NAN 0 0
 272.983948282824 -NAN 0 0
 275.163452406611 -NAN 0 0
 277.342377485632 -NAN 0 0
 279.520729477125 3.07012862502931 0 0
 281.698514338328 9.18255840919212 0 0
 283.875738026479 6.35807598290606 0 0
 286.052406498816 13.0360182166726 0 0
 288.228525712577 21.5473852815098 0 0
 290.404101625 22.6640416287818 0 0
 292.579140193323 34.694122556662 0 0
 294.753647374784 46.9577508668871 0 0
 296.927629126621 50.0922639856106 0 0
 299.101091406072 62.9677517131616 0 0
 301.274040170375 73.2743858447413 0 0
 303.446481376768 73.7940060576604 0 0
 305.618420982489 83.4478443962951 0 0
 307.789864944776 86.1105774809897 0 0
 309.960819220867 86.7294988464734 0 0
 312.131289768 95.6539180879837 0 0
 314.301282543413 90.2114166087925 0 0
 316.470803504344 78.9476010627249 0 0
 318.639858608031 77.9666875452787 0 0
 320.808453811712 68.833177880132 0 0
 322.976595072625 62.3600571153156 0 0
 325.144288348008 63.0008029654317 0 0
 327.311539595099 52.8051942393137 0 0
 329.478354771136 46.6888081139194 0 0
 331.644739833357 47.7843214423206 0 0
 333.810700739 37.946043008068 0 0
 335.976243445303 33.5679962463025 0 0
 338.141373909504 34.0356886793146 0 0
 340.306098088841 24.7078882459811 0 0
 342.470421940552 22.7661812018505 0 0
 344.634351421875 23.3535175580477 0 0
 346.797892490048 15.4068729253491 0 0
 348.961051102309 15.4526643449323 0 0
 351.123833215896 15.6190510033093 0 0
 353.286244788047 9.29734336570206 0 0
 355.448291776 10.7426873405633 0 0
 357.609980136993 10.7776845512136 0 0
 359.771315828264 6.14517775917305 0 0
 361.932304807051 13.4272763058063 0 0
 364.092953030592 18.2551817900106 0 0
 366.253266456125 13.3367783946171 0 0
 368.413251040888 11.7775072331197 0 0
 370.572912742119 6.21830361695039 0 0
 372.732257517056 0.916766018373462 0 0
 374.891291322937 6.04596280054535 0 0
 377.050020117 3.0201026275865 0 0
 379.208449856483 -0.278996072164883 0 0
 381.366586498624 5.51073742176937 0 0
 383.524436000661 1.48919694538287 0 0
 385.682004319832 -0.278194145971407 0 0
 387.839297413375 5.36702181454158 0 0
 389.996321238528 0.288186913872018 0 0
 392.153081752529 -0.128990568920211 0 0
 394.309584912616 4.92527432101081 0 0
 396.465836676027 -0.305891878495794 0 0
 398.621843 1.31554486085508 0 0
 400.777609841773 9.24848799882287 0 0
 402.933143158584 10.792389194608 0 0
 405.088448907671 15.1687272624568 0 0
 407.243533046272 14.2527339898355 0 0
 409.398401531625 4.52452119656967 0 0
 411.553060320968 6.18768743117099 0 0
 413.707515371539 8.93008262370175 0 0
 415.861772640576 7.19566978878224 0 0
 418.015838085317 14.4968351097109 0 0
 420.169717663 20.4944889878123 0 0
 422.323417330863 24.5007584325692 0 0
 424.476943046144 38.5447395661944 0 0
 426.630300766081 52.2704679564945 0 0
 428.783496447912 68.9561790452345 0 0
 430.936536048875 101.757962306182 0 0
 433.089425526208 150.680845798431 0 0
 435.242170837149 204.445332402364 0 0
 437.394777938936 255.232471545448 0 0
 439.547252788807 300.387756021034 0 0
 441.699601344 375.198888427958 0 0
 443.851829561753 474.123559032164 0 0
 446.003943399304 560.947706089011 0 0
 448.155948813891 614.266638294826 0 0
 450.307851762752 615.496919111378 0 0
 452.459658203125 555.727165340392 0 0
 454.611374092248 471.459699351627 0 0
 456.763005387359 392.419971206811 0 0
 458.914558045696 323.558485053899 0 0
 461.066038024497 278.89750444008 0 0
 463.217451281 247.450083374238 0 0
 465.368803772443 210.9178156966 0 0
 467.520101456064 181.642544880708 0 0
 469.671350289101 154.603898843615 0 0
 471.822556228792 125.516176052426 0 0
 473.973725232375 110.825114735632 0 0
 476.124863257088 100.656717764929 0 0
 478.275976260169 89.0717414169661 0 0
 480.427070198856 89.0718142122895 0 0
 482.578151030387 87.4026003484387 0 0
 484.729224712 82.3672656799335 0 0
 486.880297200933 87.5656727628399 0 0
 489.031374454424 88.6974812718316 0 0
 491.182462429711 88.7828063533536 0 0
 493.333567084032 98.1259204956016 0 0
 495.484694374625 101.248247029577 0 0
 497.635850258728 104.141711676476 0 0
 499.787040693579 114.436241629455 0 0
 501.938271636416 116.753651556069 0 0
 504.089549044477 -NAN 0 0
 506.240878875 -NAN 0 0
 508.392267085223 -NAN 0 0
 510.543719632384 -NAN 0 0
 512.695242473721 -NAN 0 0
 514.846841566472 -NAN 0 0
 516.998522867875 -NAN 0 0
 519.150292335168 -NAN 0 0
 521.302155925589 -NAN 0 0
 523.454119596376 -NAN 0 0
 525.606189304767 -NAN 0 0
 527.758371008 -NAN 0 0
 529.910670663313 -NAN 0 0
 532.063094227944 -NAN 0 0
 534.215647659131 -NAN 0 0
 536.368336914112 -NAN 0 0
 538.521167950125 -NAN 0 0
 540.674146724408 -NAN 0 0
 542.827279194199 -NAN 0 0
 544.980571316736 -NAN 0 0
 547.134029049257 -NAN 0 0
 549.287658349 -NAN 0 0
 551.441465173203 -NAN 0 0
 553.595455479104 -NAN 0 0
 555.749635223941 -NAN 0 0
 557.904010364952 -NAN 0 0
 560.058586859375 -NAN 0 0
 562.213370664448 -NAN 0 0
 564.368367737409 -NAN 0 0
 566.523584035496 -NAN 0 0
 568.679025515947 -NAN 0 0
 570.834698136 -NAN 0 0
 572.990607852893 -NAN 0 0
 575.146760623864 -NAN 0 0
 577.303162406151 -NAN 0 0
 579.459819156992 -NAN 0 0
 581.616736833625 -NAN 0 0
 583.773921393288 -NAN 0 0
 585.931378793219 -NAN 0 0
 588.089114990656 -NAN 0 0
 590.247135942837 -NAN 0 0
 592.405447607 -NAN 0 0
 594.564055940383 -NAN 0 0
 596.722966900224 -NAN 0 0
 598.882186443761 -NAN 0 0
 601.041720528232 -NAN 0 0
 603.201575110875 -NAN 0 0
 605.361756148928 -NAN 0 0
 607.522269599629 -NAN 0 0
 609.683121420216 -NAN 0 0
 611.844317567927 -NAN 0 0
 614.005864 -NAN 0 0
 616.167766673673 -NAN 0 0
 618.330031546184 -NAN 0 0
 620.492664574771 -NAN 0 0
 622.655671716672 -NAN 0 0
 624.819058929125 -NAN 0 0
 626.982832169368 -NAN 0 0
 629.146997394639 -NAN 0 0
 631.311560562176 -NAN 0 0
 633.476527629217 -NAN 0 0
 635.641904553 -NAN 0 0
 637.807697290763 -NAN 0 0
 639.973911799744 -NAN 0 0
 642.140554037181 -NAN 0 0
 644.307629960312 -NAN 0 0
 646.475145526375 -NAN 0 0
 648.643106692608 -NAN 0 0
 650.811519416249 -NAN 0 0
 652.980389654536 -NAN 0 0
 655.149723364707 -NAN 0 0
 657.319526504 -NAN 0 0
 659.489805029653 -NAN 0 0
 661.660564898904 -NAN 0 0
 663.831812068991 -NAN 0 0
 666.003552497152 -NAN 0 0
 668.175792140625 -NAN 0 0
 670.348536956648 -NAN 0 0
 672.521792902459 -NAN 0 0
 674.695565935296 -NAN 0 0
 676.869862012397 -NAN 0 0
 679.044687091 -NAN 0 0
 681.220047128343 -NAN 0 0
 683.395948081664 -NAN 0 0
 685.572395908201 -NAN 0 0
 687.749396565192 -NAN 0 0
 689.926956009875 -NAN 0 0
 692.105080199488 -NAN 0 0
 694.283775091269 -NAN 0 0
 696.463046642456 -NAN 0 0
 698.642900810287 -NAN 0 0
 700.823343552 -NAN 0 0
 703.004380824833 -NAN 0 0
 705.186018586024 -NAN 0 0
 707.368262792811 -NAN 0 0
 709.551119402432 -NAN 0 0
 711.734594372125 -NAN 0 0
 713.918693659128 -NAN 0 0
 716.103423220679 -NAN 0 0
 718.288789014016 -NAN 0 0
 720.474796996377 -NAN 0 0
 722.661453125 -NAN 0 0
 724.848763357123 -NAN 0 0
 727.036733649984 -NAN 0 0
 729.225369960821 -NAN 0 0
 731.414678246872 -NAN 0 0
 733.604664465375 -NAN 0 0
 735.795334573568 -NAN 0 0
[END] of [DATA]
[END] of Spectrum


[Spectrum]
Version            = 1
IDData             = 12ad_2026-06-09_13-58-40_000_302
IDDevice           = SAM_82E6
IDDataType         = SPECTRUM
IDDataTypeSub1     = CALIBRATED
IDDataTypeSub2     = 
IDDataTypeSub3     = 
DateTime           = 2026-06-09 13:58:40
PositionLatitude   = 0
PositionLongitude  = 0
Comment            = 20260609_FrameE
CommentSub1        = UV
CommentSub2        = right
CommentSub3        = 22.5cm
IDMethodType       = SAM Control
MethodName         = SAM_82E6
Mission            = No Mission
MissionSub         = 1
RecordType         = 0
[Attributes]
CalFactor = 1
IDBasisSpec = 
IDDataBack = DLAB_2024-11-11_10-40-48_641_639
IDDataCal = DLAB_2024-11-12_11-45-27_171_455
IntegrationTime = 128
P31 = -1
P31e = 0
PathLength = +INF
PathLengthCustomOn = 0
RAWDynamic = 65535
Salinity = 0
Temperature = -NAN
Unit1 = $01 $01 Wavelength nm
Unit2 = $03 $06 Intensity mW/(m^2 nm)
Unit3 = $f0 $06 Error mW/(m^2 nm)
Unit4 = $f1 $00 Status 
p999 = 7866
[END] of [Attributes]
[DATA]
 0 6 0 0
 185.260577530984 -NAN 0 0
 187.468128380571 -NAN 0 0
 189.674861895872 -NAN 0 0
 191.880784034125 -NAN 0 0
 194.085900752568 -NAN 0 0
 196.290218008439 -NAN 0 0
 198.493741758976 -NAN 0 0
 200.696477961417 -NAN 0 0
 202.898432573 -NAN 0 0
 205.099611550963 -NAN 0 0
 207.300020852544 -NAN 0 0
 209.499666434981 -NAN 0 0
 211.698554255512 -NAN 0 0
 213.896690271375 -NAN 0 0
 216.094080439808 -NAN 0 0
 218.290730718049 -NAN 0 0
 220.486647063336 -NAN 0 0
 222.681835432907 -NAN 0 0
 224.876301784 -NAN 0 0
 227.070052073853 -NAN 0 0
 229.263092259704 -NAN 0 0
 231.455428298791 -NAN 0 0
 233.647066148352 -NAN 0 0
 235.838011765625 -NAN 0 0
 238.028271107848 -NAN 0 0
 240.217850132259 -NAN 0 0
 242.406754796096 -NAN 0 0
 244.594991056597 -NAN 0 0
 246.782564871 -NAN 0 0
 248.969482196543 -NAN 0 0
 251.155748990464 -NAN 0 0
 253.341371210001 -NAN 0 0
 255.526354812392 -NAN 0 0
 257.710705754875 -NAN 0 0
 259.894429994688 -NAN 0 0
 262.077533489069 -NAN 0 0
 264.260022195256 -NAN 0 0
 266.441902070487 -NAN 0 0
 268.623179072 -NAN 0 0
 270.803859157033 -NAN 0 0
 272.983948282824 -NAN 0 0
 275.163452406611 -NAN 0 0
 277.342377485632 -NAN 0 0
 279.520729477125 2.73140164326112 0 0
 281.698514338328 4.09661351460608 0 0
 283.875738026479 12.4302874069824 0 0
 286.052406498816 10.8378825702914 0 0
 288.228525712577 16.9025701393912 0 0
 290.404101625 28.6288060437466 0 0
 292.579140193323 30.7332479867703 0 0
 294.753647374784 42.9391185001094 0 0
 296.927629126621 54.4776248714187 0 0
 299.101091406072 57.6455126727422 0 0
 301.274040170375 70.2435478451849 0 0
 303.446481376768 76.662091660349 0 0
 305.618420982489 77.1157339266585 0 0
 307.789864944776 83.9535331348803 0 0
 309.960819220867 88.633695719568 0 0
 312.131289768 88.3802929648602 0 0
 314.301282543413 89.4555948583228 0 0
 316.470803504344 80.6605073826923 0 0
 318.639858608031 70.09110952071 0 0
 320.808453811712 69.7889100964057 0 0
 322.976595072625 63.6228445034855 0 0
 325.144288348008 54.8381427576556 0 0
 327.311539595099 55.6257644896861 0 0
 329.478354771136 47.3551804704389 0 0
 331.644739833357 40.0799914440718 0 0
 333.810700739 42.4458996183749 0 0
 335.976243445303 33.3557615507043 0 0
 338.141373909504 27.6624965920259 0 0
 340.306098088841 29.6402652297187 0 0
 342.470421940552 21.1607967623303 0 0
 344.634351421875 18.5974714303386 0 0
 346.797892490048 20.4707180731226 0 0
 348.961051102309 13.0563156215309 0 0
 351.123833215896 12.3526011909521 0 0
 353.286244788047 13.9665218092847 0 0
 355.448291776 7.62324518343587 0 0
 357.609980136993 8.80951010340708 0 0
 359.771315828264 10.6540993799516 0 0
 361.932304807051 9.19539635146371 0 0
 364.092953030592 17.0742291488577 0 0
 366.253266456125 17.664722832374 0 0
 368.413251040888 6.34155235869034 0 0
 370.572912742119 6.50969401489408 0 0
 372.732257517056 4.90595368862243 0 0
 374.891291322937 -0.490837645070214 0 0
 377.050020117 4.78026170109761 0 0
 379.208449856483 3.14404255139926 0 0
 381.366586498624 -1.33512140473549 0 0
 383.524436000661 4.68412643768974 0 0
 385.682004319832 1.94637082376223 0 0
 387.839297413375 -1.36877051012014 0 0
 389.996321238528 4.88700793130497 0 0
 392.153081752529 1.09211970779155 0 0
 394.309584912616 -0.919272870562824 0 0
 396.465836676027 4.95947786346945 0 0
 398.621843 1.07405829702187 0 0
 400.777609841773 4.18953330409926 0 0
 402.933143158584 15.9909213987214 0 0
 405.088448907671 13.3309668414752 0 0
 407.243533046272 10.294304479567 0 0
 409.398401531625 9.51347050505363 0 0
 411.553060320968 3.74353099010921 0 0
 413.707515371539 6.46513344290983 0 0
 415.861772640576 11.712881918775 0 0
 418.015838085317 11.3984705837996 0 0
 420.169717663 19.2324939979536 0 0
 422.323417330863 28.4541908130284 0 0
 424.476943046144 34.9480176802218 0 0
 426.630300766081 52.0201430378185 0 0
 428.783496447912 72.0498734335012 0 0
 430.936536048875 97.8257442911927 0 0
 433.089425526208 150.781237261045 0 0
 435.242170837149 205.824777657168 0 0
 437.394777938936 250.483012303894 0 0
 439.547252788807 301.579939584333 0 0
 441.699601344 376.883885257835 0 0
 443.851829561753 470.11413923245 0 0
 446.003943399304 563.456213587801 0 0
 448.155948813891 615.544157974786 0 0
 450.307851762752 611.42072272071 0 0
 452.459658203125 559.126722288291 0 0
 454.611374092248 471.902844165916 0 0
 456.763005387359 388.270895817114 0 0
 458.914558045696 327.796124844659 0 0
 461.066038024497 278.180207590441 0 0
 463.217451281 243.540625500464 0 0
 465.368803772443 215.646649825711 0 0
 467.520101456064 179.905348581929 0 0
 469.671350289101 151.503621729355 0 0
 471.822556228792 130.314782382437 0 0
 473.973725232375 107.869780746493 0 0
 476.124863257088 98.5819593097778 0 0
 478.275976260169 93.9701135739154 0 0
 480.427070198856 85.1399056104634 0 0
 482.578151030387 86.3958354029941 0 0
 484.729224712 86.6700231827594 0 0
 486.880297200933 82.85187464429 0 0
 489.031374454424 88.9772138202829 0 0
 491.182462429711 92.5399276738408 0 0
 493.333567084032 92.8932623124073 0 0
 495.484694374625 102.859793318232 0 0
 497.635850258728 107.24001040402 0 0
 499.787040693579 109.346109547699 0 0
 501.938271636416 119.211754456044 0 0
 504.089549044477 -NAN 0 0
 506.240878875 -NAN 0 0
 508.392267085223 -NAN 0 0
 510.543719632384 -NAN 0 0
 512.695242473721 -NAN 0 0
 514.846841566472 -NAN 0 0
 516.998522867875 -NAN 0 0
 519.150292335168 -NAN 0 0
 521.302155925589 -NAN 0 0
 523.454119596376 -NAN 0 0
 525.606189304767 -NAN 0 0
 527.758371008 -NAN 0 0
 529.910670663313 -NAN 0 0
 532.063094227944 -NAN 0 0
 534.215647659131 -NAN 0 0
 536.368336914112 -NAN 0 0
 538.521167950125 -NAN 0 0
 540.674146724408 -NAN 0 0
 542.827279194199 -NAN 0 0
 544.980571316736 -NAN 0 0
 547.134029049257 -NAN 0 0
 549.287658349 -NAN 0 0
 551.441465173203 -NAN 0 0
 553.595455479104 -NAN 0 0
 555.749635223941 -NAN 0 0
 557.904010364952 -NAN 0 0
 560.058586859375 -NAN 0 0
 562.213370664448 -NAN 0 0
 564.368367737409 -NAN 0 0
 566.523584035496 -NAN 0 0
 568.679025515947 -NAN 0 0
 570.834698136 -NAN 0 0
 572.990607852893 -NAN 0 0
 575.146760623864 -NAN 0 0
 577.303162406151 -NAN 0 0
 579.459819156992 -NAN 0 0
 581.616736833625 -NAN 0 0
 583.773921393288 -NAN 0 0
 585.931378793219 -NAN 0 0
 588.089114990656 -NAN 0 0
 590.247135942837 -NAN 0 0
 592.405447607 -NAN 0 0
 594.564055940383 -NAN 0 0
 596.722966900224 -NAN 0 0
 598.882186443761 -NAN 0 0
 601.041720528232 -NAN 0 0
 603.201575110875 -NAN 0 0
 605.361756148928 -NAN 0 0
 607.522269599629 -NAN 0 0
 609.683121420216 -NAN 0 0
 611.844317567927 -NAN 0 0
 614.005864 -NAN 0 0
 616.167766673673 -NAN 0 0
 618.330031546184 -NAN 0 0
 620.492664574771 -NAN 0 0
 622.655671716672 -NAN 0 0
 624.819058929125 -NAN 0 0
 626.982832169368 -NAN 0 0
 629.146997394639 -NAN 0 0
 631.311560562176 -NAN 0 0
 633.476527629217 -NAN 0 0
 635.641904553 -NAN 0 0
 637.807697290763 -NAN 0 0
 639.973911799744 -NAN 0 0
 642.140554037181 -NAN 0 0
 644.307629960312 -NAN 0 0
 646.475145526375 -NAN 0 0
 648.643106692608 -NAN 0 0
 650.811519416249 -NAN 0 0
 652.980389654536 -NAN 0 0
 655.149723364707 -NAN 0 0
 657.319526504 -NAN 0 0
 659.489805029653 -NAN 0 0
 661.660564898904 -NAN 0 0
 663.831812068991 -NAN 0 0
 666.003552497152 -NAN 0 0
 668.175792140625 -NAN 0 0
 670.348536956648 -NAN 0 0
 672.521792902459 -NAN 0 0
 674.695565935296 -NAN 0 0
 676.869862012397 -NAN 0 0
 679.044687091 -NAN 0 0
 681.220047128343 -NAN 0 0
 683.395948081664 -NAN 0 0
 685.572395908201 -NAN 0 0
 687.749396565192 -NAN 0 0
 689.926956009875 -NAN 0 0
 692.105080199488 -NAN 0 0
 694.283775091269 -NAN 0 0
 696.463046642456 -NAN 0 0
 698.642900810287 -NAN 0 0
 700.823343552 -NAN 0 0
 703.004380824833 -NAN 0 0
 705.186018586024 -NAN 0 0
 707.368262792811 -NAN 0 0
 709.551119402432 -NAN 0 0
 711.734594372125 -NAN 0 0
 713.918693659128 -NAN 0 0
 716.103423220679 -NAN 0 0
 718.288789014016 -NAN 0 0
 720.474796996377 -NAN 0 0
 722.661453125 -NAN 0 0
 724.848763357123 -NAN 0 0
 727.036733649984 -NAN 0 0
 729.225369960821 -NAN 0 0
 731.414678246872 -NAN 0 0
 733.604664465375 -NAN 0 0
 735.795334573568 -NAN 0 0
[END] of [DATA]
[END] of Spectrum


[Spectrum]
Version            = 1
IDData             = 12ad_2026-06-09_13-58-35_000_299
IDDevice           = SAM_82E6
IDDataType         = SPECTRUM
IDDataTypeSub1     = CALIBRATED
IDDataTypeSub2     = 
IDDataTypeSub3     = 
DateTime           = 2026-06-09 13:58:35
PositionLatitude   = 0
PositionLongitude  = 0
Comment            = 20260609_FrameE
CommentSub1        = UV
CommentSub2        = right
CommentSub3        = 22.5cm
IDMethodType       = SAM Control
MethodName         = SAM_82E6
Mission            = No Mission
MissionSub         = 1
RecordType         = 0
[Attributes]
CalFactor = 1
IDBasisSpec = 
IDDataBack = DLAB_2024-11-11_10-40-48_641_639
IDDataCal = DLAB_2024-11-12_11-45-27_171_455
IntegrationTime = 128
P31 = -1
P31e = 0
PathLength = +INF
PathLengthCustomOn = 0
RAWDynamic = 65535
Salinity = 0
Temperature = -NAN
Unit1 = $01 $01 Wavelength nm
Unit2 = $03 $06 Intensity mW/(m^2 nm)
Unit3 = $f0 $06 Error mW/(m^2 nm)
Unit4 = $f1 $00 Status 
p999 = 7865
[END] of [Attributes]
[DATA]
 0 6 0 0
 185.260577530984 -NAN 0 0
 187.468128380571 -NAN 0 0
 189.674861895872 -NAN 0 0
 191.880784034125 -NAN 0 0
 194.085900752568 -NAN 0 0
 196.290218008439 -NAN 0 0
 198.493741758976 -NAN 0 0
 200.696477961417 -NAN 0 0
 202.898432573 -NAN 0 0
 205.099611550963 -NAN 0 0
 207.300020852544 -NAN 0 0
 209.499666434981 -NAN 0 0
 211.698554255512 -NAN 0 0
 213.896690271375 -NAN 0 0
 216.094080439808 -NAN 0 0
 218.290730718049 -NAN 0 0
 220.486647063336 -NAN 0 0
 222.681835432907 -NAN 0 0
 224.876301784 -NAN 0 0
 227.070052073853 -NAN 0 0
 229.263092259704 -NAN 0 0
 231.455428298791 -NAN 0 0
 233.647066148352 -NAN 0 0
 235.838011765625 -NAN 0 0
 238.028271107848 -NAN 0 0
 240.217850132259 -NAN 0 0
 242.406754796096 -NAN 0 0
 244.594991056597 -NAN 0 0
 246.782564871 -NAN 0 0
 248.969482196543 -NAN 0 0
 251.155748990464 -NAN 0 0
 253.341371210001 -NAN 0 0
 255.526354812392 -NAN 0 0
 257.710705754875 -NAN 0 0
 259.894429994688 -NAN 0 0
 262.077533489069 -NAN 0 0
 264.260022195256 -NAN 0 0
 266.441902070487 -NAN 0 0
 268.623179072 -NAN 0 0
 270.803859157033 -NAN 0 0
 272.983948282824 -NAN 0 0
 275.163452406611 -NAN 0 0
 277.342377485632 -NAN 0 0
 279.520729477125 1.27437749374354 0 0
 281.698514338328 8.85046843407005 0 0
 283.875738026479 7.72785390880236 0 0
 286.052406498816 10.445876873777 0 0
 288.228525712577 21.3124223933828 0 0
 290.404101625 22.9752214398015 0 0
 292.579140193323 30.9108530386586 0 0
 294.753647374784 45.9448803112278 0 0
 296.927629126621 48.5813840046865 0 0
 299.101091406072 57.9887291625856 0 0
 301.274040170375 70.9536829354332 0 0
 303.446481376768 70.7052984855343 0 0
 305.618420982489 77.619033468063 0 0
 307.789864944776 83.1454431816302 0 0
 309.960819220867 82.6033787207781 0 0
 312.131289768 89.4537828113113 0 0
 314.301282543413 87.4044109078173 0 0
 316.470803504344 74.5688162904258 0 0
 318.639858608031 72.6845700397447 0 0
 320.808453811712 67.0095662696934 0 0
 322.976595072625 57.9782692516879 0 0
 325.144288348008 58.4502714877327 0 0
 327.311539595099 52.1161775981105 0 0
 329.478354771136 42.8303931746079 0 0
 331.644739833357 44.6901535529393 0 0
 333.810700739 37.9164386882633 0 0
 335.976243445303 30.2681828284388 0 0
 338.141373909504 32.389725451835 0 0
 340.306098088841 25.2182277467751 0 0
 342.470421940552 19.9351525246541 0 0
 344.634351421875 22.7171983246736 0 0
 346.797892490048 16.0567652654021 0 0
 348.961051102309 12.9730448164706 0 0
 351.123833215896 15.7981572301692 0 0
 353.286244788047 9.68771372600158 0 0
 355.448291776 8.6300720313915 0 0
 357.609980136993 11.2574136875669 0 0
 359.771315828264 6.33663483181107 0 0
 361.932304807051 10.9742353566622 0 0
 364.092953030592 18.8016264155536 0 0
 366.253266456125 12.9140272110046 0 0
 368.413251040888 9.15651382577886 0 0
 370.572912742119 7.45922479440026 0 0
 372.732257517056 0.256684605310684 0 0
 374.891291322937 3.69583380446637 0 0
 377.050020117 4.78026170109761 0 0
 379.208449856483 -1.36496417187288 0 0
 381.366586498624 3.54912469443891 0 0
 383.524436000661 3.53292853343326 0 0
 385.682004319832 -1.99640033742808 0 0
 387.839297413375 3.78296295485042 0 0
 389.996321238528 2.61147645658249 0 0
 392.153081752529 -1.80524194876999 0 0
 394.309584912616 4.06345588305595 0 0
 396.465836676027 1.86630808134606 0 0
 398.621843 -0.621655046817898 0 0
 400.777609841773 9.0117965452394 0 0
 402.933143158584 12.2269914508382 0 0
 405.088448907671 12.6454920320449 0 0
 407.243533046272 14.31451020068 0 0
 409.398401531625 5.61535255662404 0 0
 411.553060320968 4.23986239736454 0 0
 413.707515371539 9.63435381821373 0 0
 415.861772640576 8.07543410329958 0 0
 418.015838085317 12.6547237132776 0 0
 420.169717663 21.3099610127434 0 0
 422.323417330863 25.026295761514 0 0
 424.476943046144 36.7854348332236 0 0
 426.630300766081 53.263135737451 0 0
 428.783496447912 68.9848399741722 0 0
 430.936536048875 99.8132777891296 0 0
 433.089425526208 150.212892045278 0 0
 435.242170837149 202.070065138588 0 0
 437.394777938936 251.95053286389 0 0
 439.547252788807 300.706426525742 0 0
 441.699601344 374.487080011044 0 0
 443.851829561753 472.82614761472 0 0
 446.003943399304 562.17800410513 0 0
 448.155948813891 613.333066221008 0 0
 450.307851762752 614.651018178978 0 0
 452.459658203125 557.142566707255 0 0
 454.611374092248 470.293829089139 0 0
 456.763005387359 391.961132281362 0 0
 458.914558045696 325.245157509477 0 0
 461.066038024497 277.721708183711 0 0
 463.217451281 247.373223681714 0 0
 465.368803772443 212.416687228595 0 0
 467.520101456064 179.982462104439 0 0
 469.671350289101 155.127828355942 0 0
 471.822556228792 126.517434229713 0 0
 473.973725232375 108.940043279072 0 0
 476.124863257088 101.531349130761 0 0
 478.275976260169 89.8496135834508 0 0
 480.427070198856 87.0044990947288 0 0
 482.578151030387 88.424991357338 0 0
 484.729224712 82.6064319411295 0 0
 486.880297200933 85.3083294777821 0 0
 489.031374454424 89.9238287642418 0 0
 491.182462429711 88.5393305959618 0 0
 493.333567084032 96.1998569515747 0 0
 495.484694374625 102.800024431153 0 0
 497.635850258728 103.566814887087 0 0
 499.787040693579 112.731558352182 0 0
 501.938271636416 118.340010432848 0 0
 504.089549044477 -NAN 0 0
 506.240878875 -NAN 0 0
 508.392267085223 -NAN 0 0
 510.543719632384 -NAN 0 0
 512.695242473721 -NAN 0 0
 514.846841566472 -NAN 0 0
 516.998522867875 -NAN 0 0
 519.150292335168 -NAN 0 0
 521.302155925589 -NAN 0 0
 523.454119596376 -NAN 0 0
 525.606189304767 -NAN 0 0
 527.758371008 -NAN 0 0
 529.910670663313 -NAN 0 0
 532.063094227944 -NAN 0 0
 534.215647659131 -NAN 0 0
 536.368336914112 -NAN 0 0
 538.521167950125 -NAN 0 0
 540.674146724408 -NAN 0 0
 542.827279194199 -NAN 0 0
 544.980571316736 -NAN 0 0
 547.134029049257 -NAN 0 0
 549.287658349 -NAN 0 0
 551.441465173203 -NAN 0 0
 553.595455479104 -NAN 0 0
 555.749635223941 -NAN 0 0
 557.904010364952 -NAN 0 0
 560.058586859375 -NAN 0 0
 562.213370664448 -NAN 0 0
 564.368367737409 -NAN 0 0
 566.523584035496 -NAN 0 0
 568.679025515947 -NAN 0 0
 570.834698136 -NAN 0 0
 572.990607852893 -NAN 0 0
 575.146760623864 -NAN 0 0
 577.303162406151 -NAN 0 0
 579.459819156992 -NAN 0 0
 581.616736833625 -NAN 0 0
 583.773921393288 -NAN 0 0
 585.931378793219 -NAN 0 0
 588.089114990656 -NAN 0 0
 590.247135942837 -NAN 0 0
 592.405447607 -NAN 0 0
 594.564055940383 -NAN 0 0
 596.722966900224 -NAN 0 0
 598.882186443761 -NAN 0 0
 601.041720528232 -NAN 0 0
 603.201575110875 -NAN 0 0
 605.361756148928 -NAN 0 0
 607.522269599629 -NAN 0 0
 609.683121420216 -NAN 0 0
 611.844317567927 -NAN 0 0
 614.005864 -NAN 0 0
 616.167766673673 -NAN 0 0
 618.330031546184 -NAN 0 0
 620.492664574771 -NAN 0 0
 622.655671716672 -NAN 0 0
 624.819058929125 -NAN 0 0
 626.982832169368 -NAN 0 0
 629.146997394639 -NAN 0 0
 631.311560562176 -NAN 0 0
 633.476527629217 -NAN 0 0
 635.641904553 -NAN 0 0
 637.807697290763 -NAN 0 0
 639.973911799744 -NAN 0 0
 642.140554037181 -NAN 0 0
 644.307629960312 -NAN 0 0
 646.475145526375 -NAN 0 0
 648.643106692608 -NAN 0 0
 650.811519416249 -NAN 0 0
 652.980389654536 -NAN 0 0
 655.149723364707 -NAN 0 0
 657.319526504 -NAN 0 0
 659.489805029653 -NAN 0 0
 661.660564898904 -NAN 0 0
 663.831812068991 -NAN 0 0
 666.003552497152 -NAN 0 0
 668.175792140625 -NAN 0 0
 670.348536956648 -NAN 0 0
 672.521792902459 -NAN 0 0
 674.695565935296 -NAN 0 0
 676.869862012397 -NAN 0 0
 679.044687091 -NAN 0 0
 681.220047128343 -NAN 0 0
 683.395948081664 -NAN 0 0
 685.572395908201 -NAN 0 0
 687.749396565192 -NAN 0 0
 689.926956009875 -NAN 0 0
 692.105080199488 -NAN 0 0
 694.283775091269 -NAN 0 0
 696.463046642456 -NAN 0 0
 698.642900810287 -NAN 0 0
 700.823343552 -NAN 0 0
 703.004380824833 -NAN 0 0
 705.186018586024 -NAN 0 0
 707.368262792811 -NAN 0 0
 709.551119402432 -NAN 0 0
 711.734594372125 -NAN 0 0
 713.918693659128 -NAN 0 0
 716.103423220679 -NAN 0 0
 718.288789014016 -NAN 0 0
 720.474796996377 -NAN 0 0
 722.661453125 -NAN 0 0
 724.848763357123 -NAN 0 0
 727.036733649984 -NAN 0 0
 729.225369960821 -NAN 0 0
 731.414678246872 -NAN 0 0
 733.604664465375 -NAN 0 0
 735.795334573568 -NAN 0 0
[END] of [DATA]
[END] of Spectrum


[Spectrum]
Version            = 1
IDData             = 12ad_2026-06-09_13-58-30_000_296
IDDevice           = SAM_82E6
IDDataType         = SPECTRUM
IDDataTypeSub1     = CALIBRATED
IDDataTypeSub2     = 
IDDataTypeSub3     = 
DateTime           = 2026-06-09 13:58:30
PositionLatitude   = 0
PositionLongitude  = 0
Comment            = 20260609_FrameE
CommentSub1        = UV
CommentSub2        = right
CommentSub3        = 22.5cm
IDMethodType       = SAM Control
MethodName         = SAM_82E6
Mission            = No Mission
MissionSub         = 1
RecordType         = 0
[Attributes]
CalFactor = 1
IDBasisSpec = 
IDDataBack = DLAB_2024-11-11_10-40-48_641_639
IDDataCal = DLAB_2024-11-12_11-45-27_171_455
IntegrationTime = 128
P31 = -1
P31e = 0
PathLength = +INF
PathLengthCustomOn = 0
RAWDynamic = 65535
Salinity = 0
Temperature = -NAN
Unit1 = $01 $01 Wavelength nm
Unit2 = $03 $06 Intensity mW/(m^2 nm)
Unit3 = $f0 $06 Error mW/(m^2 nm)
Unit4 = $f1 $00 Status 
p999 = 7864
[END] of [Attributes]
[DATA]
 0 6 0 0
 185.260577530984 -NAN 0 0
 187.468128380571 -NAN 0 0
 189.674861895872 -NAN 0 0
 191.880784034125 -NAN 0 0
 194.085900752568 -NAN 0 0
 196.290218008439 -NAN 0 0
 198.493741758976 -NAN 0 0
 200.696477961417 -NAN 0 0
 202.898432573 -NAN 0 0
 205.099611550963 -NAN 0 0
 207.300020852544 -NAN 0 0
 209.499666434981 -NAN 0 0
 211.698554255512 -NAN 0 0
 213.896690271375 -NAN 0 0
 216.094080439808 -NAN 0 0
 218.290730718049 -NAN 0 0
 220.486647063336 -NAN 0 0
 222.681835432907 -NAN 0 0
 224.876301784 -NAN 0 0
 227.070052073853 -NAN 0 0
 229.263092259704 -NAN 0 0
 231.455428298791 -NAN 0 0
 233.647066148352 -NAN 0 0
 235.838011765625 -NAN 0 0
 238.028271107848 -NAN 0 0
 240.217850132259 -NAN 0 0
 242.406754796096 -NAN 0 0
 244.594991056597 -NAN 0 0
 246.782564871 -NAN 0 0
 248.969482196543 -NAN 0 0
 251.155748990464 -NAN 0 0
 253.341371210001 -NAN 0 0
 255.526354812392 -NAN 0 0
 257.710705754875 -NAN 0 0
 259.894429994688 -NAN 0 0
 262.077533489069 -NAN 0 0
 264.260022195256 -NAN 0 0
 266.441902070487 -NAN 0 0
 268.623179072 -NAN 0 0
 270.803859157033 -NAN 0 0
 272.983948282824 -NAN 0 0
 275.163452406611 -NAN 0 0
 277.342377485632 -NAN 0 0
 279.520729477125 0.503524546263721 0 0
 281.698514338328 8.41770551373381 0 0
 283.875738026479 8.53136281584875 0 0
 286.052406498816 9.12902810807835 0 0
 288.228525712577 20.6318896381372 0 0
 290.404101625 23.2006086861007 0 0
 292.579140193323 29.1756798729872 0 0
 294.753647374784 44.8512538599147 0 0
 296.927629126621 47.681204251346 0 0
 299.101091406072 55.5349696049897 0 0
 301.274040170375 69.3373133591 0 0
 303.446481376768 68.9676274292214 0 0
 305.618420982489 74.824000331075 0 0
 307.789864944776 81.3678590648909 0 0
 309.960819220867 80.5727397170637 0 0
 312.131289768 86.2659455628879 0 0
 314.301282543413 85.4497395808333 0 0
 316.470803504344 72.7789391443829 0 0
 318.639858608031 69.8042336795668 0 0
 320.808453811712 65.8980949596815 0 0
 322.976595072625 56.1206499423644 0 0
 325.144288348008 56.1273637632346 0 0
 327.311539595099 51.3142795071782 0 0
 329.478354771136 41.1867738577462 0 0
 331.644739833357 42.5212751041626 0 0
 333.810700739 37.6396382980898 0 0
 335.976243445303 28.8973792808417 0 0
 338.141373909504 30.9389745866589 0 0
 340.306098088841 25.1354333064867 0 0
 342.470421940552 18.6296318996935 0 0
 344.634351421875 21.7803251451011 0 0
 346.797892490048 16.3092327357944 0 0
 348.961051102309 12.1322409931536 0 0
 351.123833215896 15.1253894655267 0 0
 353.286244788047 9.95486662620657 0 0
 355.448291776 7.67380165977552 0 0
 357.609980136993 11.057169606098 0 0
 359.771315828264 6.67760051735181 0 0
 361.932304807051 10.0375997570114 0 0
 364.092953030592 18.5905000829575 0 0
 366.253266456125 13.0740186810458 0 0
 368.413251040888 8.10060020052731 0 0
 370.572912742119 7.83476672968113 0 0
 372.732257517056 0.50584577111106 0 0
 374.891291322937 2.52480270859406 0 0
 377.050020117 5.09339344850123 0 0
 379.208449856483 -1.32438031247658 0 0
 381.366586498624 2.69975203656744 0 0
 383.524436000661 3.98345907127191 0 0
 385.682004319832 -2.23677852149777 0 0
 387.839297413375 3.05894320771072 0 0
 389.996321238528 3.18316862338005 0 0
 392.153081752529 -2.31450043917137 0 0
 394.309584912616 3.58754665070429 0 0
 396.465836676027 2.31605281963223 0 0
 398.621843 -1.18025858183867 0 0
 400.777609841773 8.32383072685668 0 0
 402.933143158584 12.2181202354729 0 0
 405.088448907671 11.4870641730972 0 0
 407.243533046272 13.6860560557425 0 0
 409.398401531625 6.20545565581311 0 0
 411.553060320968 3.61669074158841 0 0
 413.707515371539 9.66511265050416 0 0
 415.861772640576 8.54593450816327 0 0
 418.015838085317 11.9400945856324 0 0
 420.169717663 21.5076798679762 0 0
 422.323417330863 25.4648539158076 0 0
 424.476943046144 36.3158726719009 0 0
 426.630300766081 53.5056919517543 0 0
 428.783496447912 69.2368875551236 0 0
 430.936536048875 98.9324016244138 0 0
 433.089425526208 149.930338654534 0 0
 435.242170837149 200.985530254017 0 0
 437.394777938936 250.333542617228 0 0
 439.547252788807 300.642530663123 0 0
 441.699601344 374.288990139824 0 0
 443.851829561753 472.428553793245 0 0
 446.003943399304 562.895820541516 0 0
 448.155948813891 613.137402149146 0 0
 450.307851762752 614.060330427676 0 0
 452.459658203125 557.836372743761 0 0
 454.611374092248 470.098883409033 0 0
 456.763005387359 391.51498464534 0 0
 458.914558045696 325.848966287953 0 0
 461.066038024497 277.292756516526 0 0
 463.217451281 247.01073675346 0 0
 465.368803772443 213.055290944691 0 0
 467.520101456064 179.396613537588 0 0
 469.671350289101 154.769521189454 0 0
 471.822556228792 127.218096338491 0 0
 473.973725232375 108.278286301624 0 0
 476.124863257088 101.364172755773 0 0
 478.275976260169 90.5019149573458 0 0
 480.427070198856 86.4954673012346 0 0
 482.578151030387 88.4573596316372 0 0
 484.729224712 83.1417620304421 0 0
 486.880297200933 84.5555088480279 0 0
 489.031374454424 90.2583888921895 0 0
 491.182462429711 89.0139966367486 0 0
 493.333567084032 95.4706248005126 0 0
 495.484694374625 103.130966972573 0 0
 497.635850258728 103.796115324076 0 0
 499.787040693579 112.136876111959 0 0
 501.938271636416 118.75866280942 0 0
 504.089549044477 -NAN 0 0
 506.240878875 -NAN 0 0
 508.392267085223 -NAN 0 0
 510.543719632384 -NAN 0 0
 512.695242473721 -NAN 0 0
 514.846841566472 -NAN 0 0
 516.998522867875 -NAN 0 0
 519.150292335168 -NAN 0 0
 521.302155925589 -NAN 0 0
 523.454119596376 -NAN 0 0
 525.606189304767 -NAN 0 0
 527.758371008 -NAN 0 0
 529.910670663313 -NAN 0 0
 532.063094227944 -NAN 0 0
 534.215647659131 -NAN 0 0
 536.368336914112 -NAN 0 0
 538.521167950125 -NAN 0 0
 540.674146724408 -NAN 0 0
 542.827279194199 -NAN 0 0
 544.980571316736 -NAN 0 0
 547.134029049257 -NAN 0 0
 549.287658349 -NAN 0 0
 551.441465173203 -NAN 0 0
 553.595455479104 -NAN 0 0
 555.749635223941 -NAN 0 0
 557.904010364952 -NAN 0 0
 560.058586859375 -NAN 0 0
 562.213370664448 -NAN 0 0
 564.368367737409 -NAN 0 0
 566.523584035496 -NAN 0 0
 568.679025515947 -NAN 0 0
 570.834698136 -NAN 0 0
 572.990607852893 -NAN 0 0
 575.146760623864 -NAN 0 0
 577.303162406151 -NAN 0 0
 579.459819156992 -NAN 0 0
 581.616736833625 -NAN 0 0
 583.773921393288 -NAN 0 0
 585.931378793219 -NAN 0 0
 588.089114990656 -NAN 0 0
 590.247135942837 -NAN 0 0
 592.405447607 -NAN 0 0
 594.564055940383 -NAN 0 0
 596.722966900224 -NAN 0 0
 598.882186443761 -NAN 0 0
 601.041720528232 -NAN 0 0
 603.201575110875 -NAN 0 0
 605.361756148928 -NAN 0 0
 607.522269599629 -NAN 0 0
 609.683121420216 -NAN 0 0
 611.844317567927 -NAN 0 0
 614.005864 -NAN 0 0
 616.167766673673 -NAN 0 0
 618.330031546184 -NAN 0 0
 620.492664574771 -NAN 0 0
 622.655671716672 -NAN 0 0
 624.819058929125 -NAN 0 0
 626.982832169368 -NAN 0 0
 629.146997394639 -NAN 0 0
 631.311560562176 -NAN 0 0
 633.476527629217 -NAN 0 0
 635.641904553 -NAN 0 0
 637.807697290763 -NAN 0 0
 639.973911799744 -NAN 0 0
 642.140554037181 -NAN 0 0
 644.307629960312 -NAN 0 0
 646.475145526375 -NAN 0 0
 648.643106692608 -NAN 0 0
 650.811519416249 -NAN 0 0
 652.980389654536 -NAN 0 0
 655.149723364707 -NAN 0 0
 657.319526504 -NAN 0 0
 659.489805029653 -NAN 0 0
 661.660564898904 -NAN 0 0
 663.831812068991 -NAN 0 0
 666.003552497152 -NAN 0 0
 668.175792140625 -NAN 0 0
 670.348536956648 -NAN 0 0
 672.521792902459 -NAN 0 0
 674.695565935296 -NAN 0 0
 676.869862012397 -NAN 0 0
 679.044687091 -NAN 0 0
 681.220047128343 -NAN 0 0
 683.395948081664 -NAN 0 0
 685.572395908201 -NAN 0 0
 687.749396565192 -NAN 0 0
 689.926956009875 -NAN 0 0
 692.105080199488 -NAN 0 0
 694.283775091269 -NAN 0 0
 696.463046642456 -NAN 0 0
 698.642900810287 -NAN 0 0
 700.823343552 -NAN 0 0
 703.004380824833 -NAN 0 0
 705.186018586024 -NAN 0 0
 707.368262792811 -NAN 0 0
 709.551119402432 -NAN 0 0
 711.734594372125 -NAN 0 0
 713.918693659128 -NAN 0 0
 716.103423220679 -NAN 0 0
 718.288789014016 -NAN 0 0
 720.474796996377 -NAN 0 0
 722.661453125 -NAN 0 0
 724.848763357123 -NAN 0 0
 727.036733649984 -NAN 0 0
 729.225369960821 -NAN 0 0
 731.414678246872 -NAN 0 0
 733.604664465375 -NAN 0 0
 735.795334573568 -NAN 0 0
[END] of [DATA]
[END] of Spectrum


[Spectrum]
Version            = 1
IDData             = 12ad_2026-06-09_13-58-25_000_293
IDDevice           = SAM_82E6
IDDataType         = SPECTRUM
IDDataTypeSub1     = CALIBRATED
IDDataTypeSub2     = 
IDDataTypeSub3     = 
DateTime           = 2026-06-09 13:58:25
PositionLatitude   = 0
PositionLongitude  = 0
Comment            = 20260609_FrameE
CommentSub1        = UV
CommentSub2        = right
CommentSub3        = 22.5cm
IDMethodType       = SAM Control
MethodName         = SAM_82E6
Mission            = No Mission
MissionSub         = 1
RecordType         = 0
[Attributes]
CalFactor = 1
IDBasisSpec = 
IDDataBack = DLAB_2024-11-11_10-40-48_641_639
IDDataCal = DLAB_2024-11-12_11-45-27_171_455
IntegrationTime = 128
P31 = -1
P31e = 0
PathLength = +INF
PathLengthCustomOn = 0
RAWDynamic = 65535
Salinity = 0
Temperature = -NAN
Unit1 = $01 $01 Wavelength nm
Unit2 = $03 $06 Intensity mW/(m^2 nm)
Unit3 = $f0 $06 Error mW/(m^2 nm)
Unit4 = $f1 $00 Status 
p999 = 7863
[END] of [Attributes]
[DATA]
 0 6 0 0
 185.260577530984 -NAN 0 0
 187.468128380571 -NAN 0 0
 189.674861895872 -NAN 0 0
 191.880784034125 -NAN 0 0
 194.085900752568 -NAN 0 0
 196.290218008439 -NAN 0 0
 198.493741758976 -NAN 0 0
 200.696477961417 -NAN 0 0
 202.898432573 -NAN 0 0
 205.099611550963 -NAN 0 0
 207.300020852544 -NAN 0 0
 209.499666434981 -NAN 0 0
 211.698554255512 -NAN 0 0
 213.896690271375 -NAN 0 0
 216.094080439808 -NAN 0 0
 218.290730718049 -NAN 0 0
 220.486647063336 -NAN 0 0
 222.681835432907 -NAN 0 0
 224.876301784 -NAN 0 0
 227.070052073853 -NAN 0 0
 229.263092259704 -NAN 0 0
 231.455428298791 -NAN 0 0
 233.647066148352 -NAN 0 0
 235.838011765625 -NAN 0 0
 238.028271107848 -NAN 0 0
 240.217850132259 -NAN 0 0
 242.406754796096 -NAN 0 0
 244.594991056597 -NAN 0 0
 246.782564871 -NAN 0 0
 248.969482196543 -NAN 0 0
 251.155748990464 -NAN 0 0
 253.341371210001 -NAN 0 0
 255.526354812392 -NAN 0 0
 257.710705754875 -NAN 0 0
 259.894429994688 -NAN 0 0
 262.077533489069 -NAN 0 0
 264.260022195256 -NAN 0 0
 266.441902070487 -NAN 0 0
 268.623179072 -NAN 0 0
 270.803859157033 -NAN 0 0
 272.983948282824 -NAN 0 0
 275.163452406611 -NAN 0 0
 277.342377485632 -NAN 0 0
 279.520729477125 0.994180541913232 0 0
 281.698514338328 8.69749785497839 0 0
 283.875738026479 7.84223742632566 0 0
 286.052406498816 9.28292664078403 0 0
 288.228525712577 20.3711381403379 0 0
 290.404101625 22.046044340542 0 0
 292.579140193323 28.9952556932911 0 0
 294.753647374784 43.9369328718332 0 0
 296.927629126621 46.1246169768814 0 0
 299.101091406072 54.5029366876132 0 0
 301.274040170375 67.6014275829375 0 0
 303.446481376768 66.9405265615177 0 0
 305.618420982489 73.2732355047815 0 0
 307.789864944776 79.3070159036923 0 0
 309.960819220867 78.1000936071655 0 0
 312.131289768 84.501551349853 0 0
 314.301282543413 83.2706473340944 0 0
 316.470803504344 70.5993208313858 0 0
 318.639858608031 68.5049305425504 0 0
 320.808453811712 64.1942826521184 0 0
 322.976595072625 54.7763016761167 0 0
 325.144288348008 55.3448802413714 0 0
 327.311539595099 49.9919539532095 0 0
 329.478354771136 39.9789739615547 0 0
 331.644739833357 42.3584241626162 0 0
 333.810700739 36.6774979044387 0 0
 335.976243445303 28.2403239218662 0 0
 338.141373909504 30.7086520872505 0 0
 340.306098088841 24.2043351747189 0 0
 342.470421940552 18.5091625942809 0 0
 344.634351421875 21.6193590149195 0 0
 346.797892490048 15.524046823091 0 0
 348.961051102309 12.1299279152352 0 0
 351.123833215896 14.9619550335171 0 0
 353.286244788047 9.38348654576816 0 0
 355.448291776 7.65228826558844 0 0
 357.609980136993 10.8622796444545 0 0
 359.771315828264 6.34631524559613 0 0
 361.932304807051 10.3121119491717 0 0
 364.092953030592 18.2021179524062 0 0
 366.253266456125 12.7143298286904 0 0
 368.413251040888 8.49096092076956 0 0
 370.572912742119 7.49313660795405 0 0
 372.732257517056 0.409312125722434 0 0
 374.891291322937 3.27232657691209 0 0
 377.050020117 4.86716610676469 0 0
 379.208449856483 -1.15084932747169 0 0
 381.366586498624 3.28201748589031 0 0
 383.524436000661 3.67363049950905 0 0
 385.682004319832 -2.00920154249688 0 0
 387.839297413375 3.69370024629895 0 0
 389.996321238528 2.72525303031861 0 0
 392.153081752529 -1.91763959924004 0 0
 394.309584912616 4.02663769029522 0 0
 396.465836676027 2.09587927611303 0 0
 398.621843 -0.776896409282103 0 0
 400.777609841773 8.57872921533118 0 0
 402.933143158584 11.5312347028962 0 0
 405.088448907671 11.6393919085262 0 0
 407.243533046272 13.6195278286791 0 0
 409.398401531625 5.60504007527898 0 0
 411.553060320968 4.13066948776836 0 0
 413.707515371539 9.91118330882762 0 0
 415.861772640576 8.24995811464815 0 0
 418.015838085317 12.5927957421061 0 0
 420.169717663 21.4887594033606 0 0
 422.323417330863 25.2158188052275 0 0
 424.476943046144 36.8413562248367 0 0
 426.630300766081 53.3796663030415 0 0
 428.783496447912 68.9620798247217 0 0
 430.936536048875 99.3757237727928 0 0
 433.089425526208 149.09806104512 0 0
 435.242170837149 199.746746856018 0 0
 437.394777938936 249.929095229779 0 0
 439.547252788807 300.04401245631 0 0
 441.699601344 374.24296095813 0 0
 443.851829561753 472.939147963981 0 0
 446.003943399304 562.616907361228 0 0
 448.155948813891 613.325169464744 0 0
 450.307851762752 614.902624106632 0 0
 452.459658203125 557.501048597947 0 0
 454.611374092248 470.473559496651 0 0
 456.763005387359 391.987491113249 0 0
 458.914558045696 325.613430962796 0 0
 461.066038024497 277.602498337961 0 0
 463.217451281 247.550831890113 0 0
 465.368803772443 212.654184478383 0 0
 467.520101456064 179.876431010987 0 0
 469.671350289101 155.23499575619 0 0
 471.822556228792 126.783051846613 0 0
 473.973725232375 108.533739910223 0 0
 476.124863257088 101.760524691176 0 0
 478.275976260169 90.2196584855071 0 0
 480.427070198856 86.7538816909297 0 0
 482.578151030387 88.656033866991 0 0
 484.729224712 82.8981253718406 0 0
 486.880297200933 84.9962389046745 0 0
 489.031374454424 90.3769954927328 0 0
 491.182462429711 88.6700033648372 0 0
 493.333567084032 95.9293173901883 0 0
 495.484694374625 103.168599234808 0 0
 497.635850258728 103.596437431578 0 0
 499.787040693579 112.682635681597 0 0
 501.938271636416 118.717766176233 0 0
 504.089549044477 -NAN 0 0
 506.240878875 -NAN 0 0
 508.392267085223 -NAN 0 0
 510.543719632384 -NAN 0 0
 512.695242473721 -NAN 0 0
 514.846841566472 -NAN 0 0
 516.998522867875 -NAN 0 0
 519.150292335168 -NAN 0 0
 521.302155925589 -NAN 0 0
 523.454119596376 -NAN 0 0
 525.606189304767 -NAN 0 0
 527.758371008 -NAN 0 0
 529.910670663313 -NAN 0 0
 532.063094227944 -NAN 0 0
 534.215647659131 -NAN 0 0
 536.368336914112 -NAN 0 0
 538.521167950125 -NAN 0 0
 540.674146724408 -NAN 0 0
 542.827279194199 -NAN 0 0
 544.980571316736 -NAN 0 0
 547.134029049257 -NAN 0 0
 549.287658349 -NAN 0 0
 551.441465173203 -NAN 0 0
 553.595455479104 -NAN 0 0
 555.749635223941 -NAN 0 0
 557.904010364952 -NAN 0 0
 560.058586859375 -NAN 0 0
 562.213370664448 -NAN 0 0
 564.368367737409 -NAN 0 0
 566.523584035496 -NAN 0 0
 568.679025515947 -NAN 0 0
 570.834698136 -NAN 0 0
 572.990607852893 -NAN 0 0
 575.146760623864 -NAN 0 0
 577.303162406151 -NAN 0 0
 579.459819156992 -NAN 0 0
 581.616736833625 -NAN 0 0
 583.773921393288 -NAN 0 0
 585.931378793219 -NAN 0 0
 588.089114990656 -NAN 0 0
 590.247135942837 -NAN 0 0
 592.405447607 -NAN 0 0
 594.564055940383 -NAN 0 0
 596.722966900224 -NAN 0 0
 598.882186443761 -NAN 0 0
 601.041720528232 -NAN 0 0
 603.201575110875 -NAN 0 0
 605.361756148928 -NAN 0 0
 607.522269599629 -NAN 0 0
 609.683121420216 -NAN 0 0
 611.844317567927 -NAN 0 0
 614.005864 -NAN 0 0
 616.167766673673 -NAN 0 0
 618.330031546184 -NAN 0 0
 620.492664574771 -NAN 0 0
 622.655671716672 -NAN 0 0
 624.819058929125 -NAN 0 0
 626.982832169368 -NAN 0 0
 629.146997394639 -NAN 0 0
 631.311560562176 -NAN 0 0
 633.476527629217 -NAN 0 0
 635.641904553 -NAN 0 0
 637.807697290763 -NAN 0 0
 639.973911799744 -NAN 0 0
 642.140554037181 -NAN 0 0
 644.307629960312 -NAN 0 0
 646.475145526375 -NAN 0 0
 648.643106692608 -NAN 0 0
 650.811519416249 -NAN 0 0
 652.980389654536 -NAN 0 0
 655.149723364707 -NAN 0 0
 657.319526504 -NAN 0 0
 659.489805029653 -NAN 0 0
 661.660564898904 -NAN 0 0
 663.831812068991 -NAN 0 0
 666.003552497152 -NAN 0 0
 668.175792140625 -NAN 0 0
 670.348536956648 -NAN 0 0
 672.521792902459 -NAN 0 0
 674.695565935296 -NAN 0 0
 676.869862012397 -NAN 0 0
 679.044687091 -NAN 0 0
 681.220047128343 -NAN 0 0
 683.395948081664 -NAN 0 0
 685.572395908201 -NAN 0 0
 687.749396565192 -NAN 0 0
 689.926956009875 -NAN 0 0
 692.105080199488 -NAN 0 0
 694.283775091269 -NAN 0 0
 696.463046642456 -NAN 0 0
 698.642900810287 -NAN 0 0
 700.823343552 -NAN 0 0
 703.004380824833 -NAN 0 0
 705.186018586024 -NAN 0 0
 707.368262792811 -NAN 0 0
 709.551119402432 -NAN 0 0
 711.734594372125 -NAN 0 0
 713.918693659128 -NAN 0 0
 716.103423220679 -NAN 0 0
 718.288789014016 -NAN 0 0
 720.474796996377 -NAN 0 0
 722.661453125 -NAN 0 0
 724.848763357123 -NAN 0 0
 727.036733649984 -NAN 0 0
 729.225369960821 -NAN 0 0
 731.414678246872 -NAN 0 0
 733.604664465375 -NAN 0 0
 735.795334573568 -NAN 0 0
[END] of [DATA]
[END] of Spectrum


