[Spectrum]
Version            = 1
IDData             = 12ad_2026-06-08_16-22-55_000_373
IDDevice           = SAM_82E6
IDDataType         = SPECTRUM
IDDataTypeSub1     = CALIBRATED
IDDataTypeSub2     = 
IDDataTypeSub3     = 
DateTime           = 2026-06-08 16:22:55
PositionLatitude   = 0
PositionLongitude  = 0
Comment            = 20260608_FrameD
CommentSub1        = UV
CommentSub2        = right
CommentSub3        = 50cm
IDMethodType       = SAM Control
MethodName         = SAM_82E6
Mission            = No Mission
MissionSub         = 1
RecordType         = 0
[Attributes]
CalFactor = 1
IDBasisSpec = 
IDDataBack = DLAB_2024-11-11_10-40-48_641_639
IDDataCal = DLAB_2024-11-12_11-45-27_171_455
IntegrationTime = 128
P31 = -1
P31e = 0
PathLength = +INF
PathLengthCustomOn = 0
RAWDynamic = 65535
Salinity = 0
Temperature = -NAN
Unit1 = $01 $01 Wavelength nm
Unit2 = $03 $06 Intensity mW/(m^2 nm)
Unit3 = $f0 $06 Error mW/(m^2 nm)
Unit4 = $f1 $00 Status 
p999 = 7491
[END] of [Attributes]
[DATA]
 0 6 0 0
 185.260577530984 -NAN 0 0
 187.468128380571 -NAN 0 0
 189.674861895872 -NAN 0 0
 191.880784034125 -NAN 0 0
 194.085900752568 -NAN 0 0
 196.290218008439 -NAN 0 0
 198.493741758976 -NAN 0 0
 200.696477961417 -NAN 0 0
 202.898432573 -NAN 0 0
 205.099611550963 -NAN 0 0
 207.300020852544 -NAN 0 0
 209.499666434981 -NAN 0 0
 211.698554255512 -NAN 0 0
 213.896690271375 -NAN 0 0
 216.094080439808 -NAN 0 0
 218.290730718049 -NAN 0 0
 220.486647063336 -NAN 0 0
 222.681835432907 -NAN 0 0
 224.876301784 -NAN 0 0
 227.070052073853 -NAN 0 0
 229.263092259704 -NAN 0 0
 231.455428298791 -NAN 0 0
 233.647066148352 -NAN 0 0
 235.838011765625 -NAN 0 0
 238.028271107848 -NAN 0 0
 240.217850132259 -NAN 0 0
 242.406754796096 -NAN 0 0
 244.594991056597 -NAN 0 0
 246.782564871 -NAN 0 0
 248.969482196543 -NAN 0 0
 251.155748990464 -NAN 0 0
 253.341371210001 -NAN 0 0
 255.526354812392 -NAN 0 0
 257.710705754875 -NAN 0 0
 259.894429994688 -NAN 0 0
 262.077533489069 -NAN 0 0
 264.260022195256 -NAN 0 0
 266.441902070487 -NAN 0 0
 268.623179072 -NAN 0 0
 270.803859157033 -NAN 0 0
 272.983948282824 -NAN 0 0
 275.163452406611 -NAN 0 0
 277.342377485632 -NAN 0 0
 279.520729477125 6.03149907592915 0 0
 281.698514338328 25.3059189336227 0 0
 283.875738026479 44.387065203924 0 0
 286.052406498816 44.6607148147402 0 0
 288.228525712577 81.7150770484465 0 0
 290.404101625 117.155099945027 0 0
 292.579140193323 136.058682012196 0 0
 294.753647374784 195.277587559244 0 0
 296.927629126621 232.901123795165 0 0
 299.101091406072 255.879253483635 0 0
 301.274040170375 311.380825042667 0 0
 303.446481376768 330.685353520408 0 0
 305.618420982489 341.139360448161 0 0
 307.789864944776 368.05914802145 0 0
 309.960819220867 382.372814274964 0 0
 312.131289768 388.172024486025 0 0
 314.301282543413 386.484240371376 0 0
 316.470803504344 346.43466102591 0 0
 318.639858608031 307.467360459859 0 0
 320.808453811712 297.341030391651 0 0
 322.976595072625 270.655289949712 0 0
 325.144288348008 237.321384756754 0 0
 327.311539595099 232.66785745043 0 0
 329.478354771136 199.945525483626 0 0
 331.644739833357 171.94187927728 0 0
 333.810700739 173.832831343397 0 0
 335.976243445303 141.348333715062 0 0
 338.141373909504 117.485462550336 0 0
 340.306098088841 119.063689884801 0 0
 342.470421940552 91.5698679801158 0 0
 344.634351421875 77.1388409007543 0 0
 346.797892490048 80.8140674318723 0 0
 348.961051102309 57.2152861605822 0 0
 351.123833215896 48.9081820930553 0 0
 353.286244788047 53.6774373997543 0 0
 355.448291776 34.6182522093914 0 0
 357.609980136993 31.0569488017907 0 0
 359.771315828264 40.0674988651162 0 0
 361.932304807051 38.7482809106687 0 0
 364.092953030592 58.8411144326154 0 0
 366.253266456125 66.2273891841499 0 0
 368.413251040888 27.0330951322764 0 0
 370.572912742119 16.8691250590302 0 0
 372.732257517056 19.8921498808462 0 0
 374.891291322937 0.264753027582181 0 0
 377.050020117 8.06331702629857 0 0
 379.208449856483 14.3088022156653 0 0
 381.366586498624 -4.91633657120191 0 0
 383.524436000661 6.5573101880725 0 0
 385.682004319832 11.1689278977731 0 0
 387.839297413375 -7.33095269400245 0 0
 389.996321238528 6.13152699710998 0 0
 392.153081752529 8.94052848629347 0 0
 394.309584912616 -8.27745687563312 0 0
 396.465836676027 6.97057523049237 0 0
 398.621843 10.2027811496178 0 0
 400.777609841773 8.94677142062856 0 0
 402.933143158584 49.7573017123236 0 0
 405.088448907671 56.3660089991148 0 0
 407.243533046272 27.8767644891628 0 0
 409.398401531625 21.9136564068482 0 0
 411.553060320968 10.9546748581877 0 0
 413.707515371539 -0.0981649782349261 0 0
 415.861772640576 15.4462669100795 0 0
 418.015838085317 14.109539543972 0 0
 420.169717663 11.437262576338 0 0
 422.323417330863 30.5673269719213 0 0
 424.476943046144 34.1367136812635 0 0
 426.630300766081 41.0852600385512 0 0
 428.783496447912 71.962204709692 0 0
 430.936536048875 104.117952330267 0 0
 433.089425526208 193.760117779853 0 0
 435.242170837149 295.552656427065 0 0
 437.394777938936 319.330188727984 0 0
 439.547252788807 306.008974314747 0 0
 441.699601344 360.361052928962 0 0
 443.851829561753 432.028836333294 0 0
 446.003943399304 511.823052758337 0 0
 448.155948813891 570.062351566507 0 0
 450.307851762752 554.155574311999 0 0
 452.459658203125 498.28854756782 0 0
 454.611374092248 429.113693814463 0 0
 456.763005387359 342.586158890938 0 0
 458.914558045696 288.00861945172 0 0
 461.066038024497 259.899326800353 0 0
 463.217451281 217.576590450357 0 0
 465.368803772443 193.174132279111 0 0
 467.520101456064 173.952613052573 0 0
 469.671350289101 133.270008701214 0 0
 471.822556228792 117.156326118048 0 0
 473.973725232375 109.915611801567 0 0
 476.124863257088 86.3504057278612 0 0
 478.275976260169 89.4940148787721 0 0
 480.427070198856 93.0237722064195 0 0
 482.578151030387 77.7613191968311 0 0
 484.729224712 87.7608001497096 0 0
 486.880297200933 93.6285075522419 0 0
 489.031374454424 82.879044264046 0 0
 491.182462429711 98.6558600017205 0 0
 493.333567084032 106.605053415433 0 0
 495.484694374625 98.9393970583302 0 0
 497.635850258728 117.158077152249 0 0
 499.787040693579 124.046828473267 0 0
 501.938271636416 117.375710871387 0 0
 504.089549044477 -NAN 0 0
 506.240878875 -NAN 0 0
 508.392267085223 -NAN 0 0
 510.543719632384 -NAN 0 0
 512.695242473721 -NAN 0 0
 514.846841566472 -NAN 0 0
 516.998522867875 -NAN 0 0
 519.150292335168 -NAN 0 0
 521.302155925589 -NAN 0 0
 523.454119596376 -NAN 0 0
 525.606189304767 -NAN 0 0
 527.758371008 -NAN 0 0
 529.910670663313 -NAN 0 0
 532.063094227944 -NAN 0 0
 534.215647659131 -NAN 0 0
 536.368336914112 -NAN 0 0
 538.521167950125 -NAN 0 0
 540.674146724408 -NAN 0 0
 542.827279194199 -NAN 0 0
 544.980571316736 -NAN 0 0
 547.134029049257 -NAN 0 0
 549.287658349 -NAN 0 0
 551.441465173203 -NAN 0 0
 553.595455479104 -NAN 0 0
 555.749635223941 -NAN 0 0
 557.904010364952 -NAN 0 0
 560.058586859375 -NAN 0 0
 562.213370664448 -NAN 0 0
 564.368367737409 -NAN 0 0
 566.523584035496 -NAN 0 0
 568.679025515947 -NAN 0 0
 570.834698136 -NAN 0 0
 572.990607852893 -NAN 0 0
 575.146760623864 -NAN 0 0
 577.303162406151 -NAN 0 0
 579.459819156992 -NAN 0 0
 581.616736833625 -NAN 0 0
 583.773921393288 -NAN 0 0
 585.931378793219 -NAN 0 0
 588.089114990656 -NAN 0 0
 590.247135942837 -NAN 0 0
 592.405447607 -NAN 0 0
 594.564055940383 -NAN 0 0
 596.722966900224 -NAN 0 0
 598.882186443761 -NAN 0 0
 601.041720528232 -NAN 0 0
 603.201575110875 -NAN 0 0
 605.361756148928 -NAN 0 0
 607.522269599629 -NAN 0 0
 609.683121420216 -NAN 0 0
 611.844317567927 -NAN 0 0
 614.005864 -NAN 0 0
 616.167766673673 -NAN 0 0
 618.330031546184 -NAN 0 0
 620.492664574771 -NAN 0 0
 622.655671716672 -NAN 0 0
 624.819058929125 -NAN 0 0
 626.982832169368 -NAN 0 0
 629.146997394639 -NAN 0 0
 631.311560562176 -NAN 0 0
 633.476527629217 -NAN 0 0
 635.641904553 -NAN 0 0
 637.807697290763 -NAN 0 0
 639.973911799744 -NAN 0 0
 642.140554037181 -NAN 0 0
 644.307629960312 -NAN 0 0
 646.475145526375 -NAN 0 0
 648.643106692608 -NAN 0 0
 650.811519416249 -NAN 0 0
 652.980389654536 -NAN 0 0
 655.149723364707 -NAN 0 0
 657.319526504 -NAN 0 0
 659.489805029653 -NAN 0 0
 661.660564898904 -NAN 0 0
 663.831812068991 -NAN 0 0
 666.003552497152 -NAN 0 0
 668.175792140625 -NAN 0 0
 670.348536956648 -NAN 0 0
 672.521792902459 -NAN 0 0
 674.695565935296 -NAN 0 0
 676.869862012397 -NAN 0 0
 679.044687091 -NAN 0 0
 681.220047128343 -NAN 0 0
 683.395948081664 -NAN 0 0
 685.572395908201 -NAN 0 0
 687.749396565192 -NAN 0 0
 689.926956009875 -NAN 0 0
 692.105080199488 -NAN 0 0
 694.283775091269 -NAN 0 0
 696.463046642456 -NAN 0 0
 698.642900810287 -NAN 0 0
 700.823343552 -NAN 0 0
 703.004380824833 -NAN 0 0
 705.186018586024 -NAN 0 0
 707.368262792811 -NAN 0 0
 709.551119402432 -NAN 0 0
 711.734594372125 -NAN 0 0
 713.918693659128 -NAN 0 0
 716.103423220679 -NAN 0 0
 718.288789014016 -NAN 0 0
 720.474796996377 -NAN 0 0
 722.661453125 -NAN 0 0
 724.848763357123 -NAN 0 0
 727.036733649984 -NAN 0 0
 729.225369960821 -NAN 0 0
 731.414678246872 -NAN 0 0
 733.604664465375 -NAN 0 0
 735.795334573568 -NAN 0 0
[END] of [DATA]
[END] of Spectrum


[Spectrum]
Version            = 1
IDData             = 12ad_2026-06-08_16-22-50_000_370
IDDevice           = SAM_82E6
IDDataType         = SPECTRUM
IDDataTypeSub1     = CALIBRATED
IDDataTypeSub2     = 
IDDataTypeSub3     = 
DateTime           = 2026-06-08 16:22:50
PositionLatitude   = 0
PositionLongitude  = 0
Comment            = 20260608_FrameD
CommentSub1        = UV
CommentSub2        = right
CommentSub3        = 50cm
IDMethodType       = SAM Control
MethodName         = SAM_82E6
Mission            = No Mission
MissionSub         = 1
RecordType         = 0
[Attributes]
CalFactor = 1
IDBasisSpec = 
IDDataBack = DLAB_2024-11-11_10-40-48_641_639
IDDataCal = DLAB_2024-11-12_11-45-27_171_455
IntegrationTime = 128
P31 = -1
P31e = 0
PathLength = +INF
PathLengthCustomOn = 0
RAWDynamic = 65535
Salinity = 0
Temperature = -NAN
Unit1 = $01 $01 Wavelength nm
Unit2 = $03 $06 Intensity mW/(m^2 nm)
Unit3 = $f0 $06 Error mW/(m^2 nm)
Unit4 = $f1 $00 Status 
p999 = 7490
[END] of [Attributes]
[DATA]
 0 6 0 0
 185.260577530984 -NAN 0 0
 187.468128380571 -NAN 0 0
 189.674861895872 -NAN 0 0
 191.880784034125 -NAN 0 0
 194.085900752568 -NAN 0 0
 196.290218008439 -NAN 0 0
 198.493741758976 -NAN 0 0
 200.696477961417 -NAN 0 0
 202.898432573 -NAN 0 0
 205.099611550963 -NAN 0 0
 207.300020852544 -NAN 0 0
 209.499666434981 -NAN 0 0
 211.698554255512 -NAN 0 0
 213.896690271375 -NAN 0 0
 216.094080439808 -NAN 0 0
 218.290730718049 -NAN 0 0
 220.486647063336 -NAN 0 0
 222.681835432907 -NAN 0 0
 224.876301784 -NAN 0 0
 227.070052073853 -NAN 0 0
 229.263092259704 -NAN 0 0
 231.455428298791 -NAN 0 0
 233.647066148352 -NAN 0 0
 235.838011765625 -NAN 0 0
 238.028271107848 -NAN 0 0
 240.217850132259 -NAN 0 0
 242.406754796096 -NAN 0 0
 244.594991056597 -NAN 0 0
 246.782564871 -NAN 0 0
 248.969482196543 -NAN 0 0
 251.155748990464 -NAN 0 0
 253.341371210001 -NAN 0 0
 255.526354812392 -NAN 0 0
 257.710705754875 -NAN 0 0
 259.894429994688 -NAN 0 0
 262.077533489069 -NAN 0 0
 264.260022195256 -NAN 0 0
 266.441902070487 -NAN 0 0
 268.623179072 -NAN 0 0
 270.803859157033 -NAN 0 0
 272.983948282824 -NAN 0 0
 275.163452406611 -NAN 0 0
 277.342377485632 -NAN 0 0
 279.520729477125 23.7561355888213 0 0
 281.698514338328 15.5092646675216 0 0
 283.875738026479 38.3303873439557 0 0
 286.052406498816 64.5673448329252 0 0
 288.228525712577 68.039950419353 0 0
 290.404101625 112.174768857447 0 0
 292.579140193323 153.127091324231 0 0
 294.753647374784 179.083977364644 0 0
 296.927629126621 228.986801962233 0 0
 299.101091406072 267.88587200854 0 0
 301.274040170375 294.540644381272 0 0
 303.446481376768 327.789963218531 0 0
 305.618420982489 349.903009941549 0 0
 307.789864944776 350.833791412157 0 0
 309.960819220867 380.772294655751 0 0
 312.131289768 395.944135984387 0 0
 314.301282543413 367.389857349125 0 0
 316.470803504344 347.59411045362 0 0
 318.639858608031 316.399104697784 0 0
 320.808453811712 276.633055337933 0 0
 322.976595072625 276.267522094685 0 0
 325.144288348008 246.747279432483 0 0
 327.311539595099 210.468327668004 0 0
 329.478354771136 209.255401777053 0 0
 331.644739833357 180.488592782255 0 0
 333.810700739 152.457032228448 0 0
 335.976243445303 153.351223314754 0 0
 338.141373909504 123.772985903089 0 0
 340.306098088841 100.635819134057 0 0
 342.470421940552 104.856846697744 0 0
 344.634351421875 81.1843724694588 0 0
 346.797892490048 65.5657570071716 0 0
 348.961051102309 70.8867331969377 0 0
 351.123833215896 50.9578289766832 0 0
 353.286244788047 41.2477398102171 0 0
 355.448291776 48.3986568559294 0 0
 357.609980136993 31.6105647917341 0 0
 359.771315828264 29.1038924527603 0 0
 361.932304807051 53.7640978218349 0 0
 364.092953030592 57.4941961717211 0 0
 366.253266456125 55.585036874037 0 0
 368.413251040888 44.5714446345889 0 0
 370.572912742119 12.9290747213174 0 0
 372.732257517056 9.88265446102263 0 0
 374.891291322937 19.9571668751616 0 0
 377.050020117 1.30270603940364 0 0
 379.208449856483 5.46012142384351 0 0
 381.366586498624 16.0635920579196 0 0
 383.524436000661 -3.47800882668675 0 0
 385.682004319832 4.35157502057783 0 0
 387.839297413375 13.2944004549459 0 0
 389.996321238528 -5.75882728284419 0 0
 392.153081752529 4.53759336355892 0 0
 394.309584912616 10.7875487905803 0 0
 396.465836676027 -6.56875517433155 0 0
 398.621843 8.11830097499162 0 0
 400.777609841773 25.8415992970179 0 0
 402.933143158584 34.718057035041 0 0
 405.088448907671 55.8291765766757 0 0
 407.243533046272 41.8132400548769 0 0
 409.398401531625 7.67670299437384 0 0
 411.553060320968 12.9543389500852 0 0
 413.707515371539 11.8479290937356 0 0
 415.861772640576 2.06711331494272 0 0
 418.015838085317 17.8379966019612 0 0
 420.169717663 21.0876455535105 0 0
 422.323417330863 18.2025506175673 0 0
 424.476943046144 38.9574926947673 0 0
 426.630300766081 48.8341110556354 0 0
 428.783496447912 60.4413542452668 0 0
 430.936536048875 110.106097408835 0 0
 433.089425526208 198.856603724657 0 0
 435.242170837149 283.219968288664 0 0
 437.394777938936 325.181886995808 0 0
 439.547252788807 310.168675852095 0 0
 441.699601344 349.586114664153 0 0
 443.851829561753 441.305746487829 0 0
 446.003943399304 515.62260316834 0 0
 448.155948813891 559.476311086612 0 0
 450.307851762752 565.400285107404 0 0
 452.459658203125 500.834973194461 0 0
 454.611374092248 418.564755134387 0 0
 456.763005387359 355.672830796558 0 0
 458.914558045696 289.045573701037 0 0
 461.066038024497 249.312066055185 0 0
 463.217451281 232.546573536091 0 0
 465.368803772443 192.503862263043 0 0
 467.520101456064 164.308067633025 0 0
 469.671350289101 149.222796352349 0 0
 471.822556228792 114.494684565981 0 0
 473.973725232375 101.149809309938 0 0
 476.124863257088 103.104578460948 0 0
 478.275976260169 84.3078300202234 0 0
 480.427070198856 85.7603229167572 0 0
 482.578151030387 94.5314337259934 0 0
 484.729224712 80.5936355092881 0 0
 486.880297200933 88.0656888423349 0 0
 489.031374454424 99.4694222475918 0 0
 491.182462429711 89.4026643595577 0 0
 493.333567084032 102.691693093321 0 0
 495.484694374625 114.653080203962 0 0
 497.635850258728 106.429230389978 0 0
 499.787040693579 121.869226047005 0 0
 501.938271636416 131.66693171586 0 0
 504.089549044477 -NAN 0 0
 506.240878875 -NAN 0 0
 508.392267085223 -NAN 0 0
 510.543719632384 -NAN 0 0
 512.695242473721 -NAN 0 0
 514.846841566472 -NAN 0 0
 516.998522867875 -NAN 0 0
 519.150292335168 -NAN 0 0
 521.302155925589 -NAN 0 0
 523.454119596376 -NAN 0 0
 525.606189304767 -NAN 0 0
 527.758371008 -NAN 0 0
 529.910670663313 -NAN 0 0
 532.063094227944 -NAN 0 0
 534.215647659131 -NAN 0 0
 536.368336914112 -NAN 0 0
 538.521167950125 -NAN 0 0
 540.674146724408 -NAN 0 0
 542.827279194199 -NAN 0 0
 544.980571316736 -NAN 0 0
 547.134029049257 -NAN 0 0
 549.287658349 -NAN 0 0
 551.441465173203 -NAN 0 0
 553.595455479104 -NAN 0 0
 555.749635223941 -NAN 0 0
 557.904010364952 -NAN 0 0
 560.058586859375 -NAN 0 0
 562.213370664448 -NAN 0 0
 564.368367737409 -NAN 0 0
 566.523584035496 -NAN 0 0
 568.679025515947 -NAN 0 0
 570.834698136 -NAN 0 0
 572.990607852893 -NAN 0 0
 575.146760623864 -NAN 0 0
 577.303162406151 -NAN 0 0
 579.459819156992 -NAN 0 0
 581.616736833625 -NAN 0 0
 583.773921393288 -NAN 0 0
 585.931378793219 -NAN 0 0
 588.089114990656 -NAN 0 0
 590.247135942837 -NAN 0 0
 592.405447607 -NAN 0 0
 594.564055940383 -NAN 0 0
 596.722966900224 -NAN 0 0
 598.882186443761 -NAN 0 0
 601.041720528232 -NAN 0 0
 603.201575110875 -NAN 0 0
 605.361756148928 -NAN 0 0
 607.522269599629 -NAN 0 0
 609.683121420216 -NAN 0 0
 611.844317567927 -NAN 0 0
 614.005864 -NAN 0 0
 616.167766673673 -NAN 0 0
 618.330031546184 -NAN 0 0
 620.492664574771 -NAN 0 0
 622.655671716672 -NAN 0 0
 624.819058929125 -NAN 0 0
 626.982832169368 -NAN 0 0
 629.146997394639 -NAN 0 0
 631.311560562176 -NAN 0 0
 633.476527629217 -NAN 0 0
 635.641904553 -NAN 0 0
 637.807697290763 -NAN 0 0
 639.973911799744 -NAN 0 0
 642.140554037181 -NAN 0 0
 644.307629960312 -NAN 0 0
 646.475145526375 -NAN 0 0
 648.643106692608 -NAN 0 0
 650.811519416249 -NAN 0 0
 652.980389654536 -NAN 0 0
 655.149723364707 -NAN 0 0
 657.319526504 -NAN 0 0
 659.489805029653 -NAN 0 0
 661.660564898904 -NAN 0 0
 663.831812068991 -NAN 0 0
 666.003552497152 -NAN 0 0
 668.175792140625 -NAN 0 0
 670.348536956648 -NAN 0 0
 672.521792902459 -NAN 0 0
 674.695565935296 -NAN 0 0
 676.869862012397 -NAN 0 0
 679.044687091 -NAN 0 0
 681.220047128343 -NAN 0 0
 683.395948081664 -NAN 0 0
 685.572395908201 -NAN 0 0
 687.749396565192 -NAN 0 0
 689.926956009875 -NAN 0 0
 692.105080199488 -NAN 0 0
 694.283775091269 -NAN 0 0
 696.463046642456 -NAN 0 0
 698.642900810287 -NAN 0 0
 700.823343552 -NAN 0 0
 703.004380824833 -NAN 0 0
 705.186018586024 -NAN 0 0
 707.368262792811 -NAN 0 0
 709.551119402432 -NAN 0 0
 711.734594372125 -NAN 0 0
 713.918693659128 -NAN 0 0
 716.103423220679 -NAN 0 0
 718.288789014016 -NAN 0 0
 720.474796996377 -NAN 0 0
 722.661453125 -NAN 0 0
 724.848763357123 -NAN 0 0
 727.036733649984 -NAN 0 0
 729.225369960821 -NAN 0 0
 731.414678246872 -NAN 0 0
 733.604664465375 -NAN 0 0
 735.795334573568 -NAN 0 0
[END] of [DATA]
[END] of Spectrum


[Spectrum]
Version            = 1
IDData             = 12ad_2026-06-08_16-22-45_000_367
IDDevice           = SAM_82E6
IDDataType         = SPECTRUM
IDDataTypeSub1     = CALIBRATED
IDDataTypeSub2     = 
IDDataTypeSub3     = 
DateTime           = 2026-06-08 16:22:45
PositionLatitude   = 0
PositionLongitude  = 0
Comment            = 20260608_FrameD
CommentSub1        = UV
CommentSub2        = right
CommentSub3        = 50cm
IDMethodType       = SAM Control
MethodName         = SAM_82E6
Mission            = No Mission
MissionSub         = 1
RecordType         = 0
[Attributes]
CalFactor = 1
IDBasisSpec = 
IDDataBack = DLAB_2024-11-11_10-40-48_641_639
IDDataCal = DLAB_2024-11-12_11-45-27_171_455
IntegrationTime = 128
P31 = -1
P31e = 0
PathLength = +INF
PathLengthCustomOn = 0
RAWDynamic = 65535
Salinity = 0
Temperature = -NAN
Unit1 = $01 $01 Wavelength nm
Unit2 = $03 $06 Intensity mW/(m^2 nm)
Unit3 = $f0 $06 Error mW/(m^2 nm)
Unit4 = $f1 $00 Status 
p999 = 7489
[END] of [Attributes]
[DATA]
 0 6 0 0
 185.260577530984 -NAN 0 0
 187.468128380571 -NAN 0 0
 189.674861895872 -NAN 0 0
 191.880784034125 -NAN 0 0
 194.085900752568 -NAN 0 0
 196.290218008439 -NAN 0 0
 198.493741758976 -NAN 0 0
 200.696477961417 -NAN 0 0
 202.898432573 -NAN 0 0
 205.099611550963 -NAN 0 0
 207.300020852544 -NAN 0 0
 209.499666434981 -NAN 0 0
 211.698554255512 -NAN 0 0
 213.896690271375 -NAN 0 0
 216.094080439808 -NAN 0 0
 218.290730718049 -NAN 0 0
 220.486647063336 -NAN 0 0
 222.681835432907 -NAN 0 0
 224.876301784 -NAN 0 0
 227.070052073853 -NAN 0 0
 229.263092259704 -NAN 0 0
 231.455428298791 -NAN 0 0
 233.647066148352 -NAN 0 0
 235.838011765625 -NAN 0 0
 238.028271107848 -NAN 0 0
 240.217850132259 -NAN 0 0
 242.406754796096 -NAN 0 0
 244.594991056597 -NAN 0 0
 246.782564871 -NAN 0 0
 248.969482196543 -NAN 0 0
 251.155748990464 -NAN 0 0
 253.341371210001 -NAN 0 0
 255.526354812392 -NAN 0 0
 257.710705754875 -NAN 0 0
 259.894429994688 -NAN 0 0
 262.077533489069 -NAN 0 0
 264.260022195256 -NAN 0 0
 266.441902070487 -NAN 0 0
 268.623179072 -NAN 0 0
 270.803859157033 -NAN 0 0
 272.983948282824 -NAN 0 0
 275.163452406611 -NAN 0 0
 277.342377485632 -NAN 0 0
 279.520729477125 7.09375685331248 0 0
 281.698514338328 23.5264919409411 0 0
 283.875738026479 45.3374368989015 0 0
 286.052406498816 44.3311396550781 0 0
 288.228525712577 78.3210094754426 0 0
 290.404101625 116.144492614847 0 0
 292.579140193323 132.744797274184 0 0
 294.753647374784 189.103183401705 0 0
 296.927629126621 228.384989263949 0 0
 299.101091406072 249.109069876688 0 0
 301.274040170375 302.407827243827 0 0
 303.446481376768 323.713917723774 0 0
 305.618420982489 332.145569711481 0 0
 307.789864944776 357.850064498313 0 0
 309.960819220867 374.560419725815 0 0
 312.131289768 378.11340211975 0 0
 314.301282543413 376.00622530448 0 0
 316.470803504344 339.757747303641 0 0
 318.639858608031 299.117086536717 0 0
 320.808453811712 289.060236356221 0 0
 322.976595072625 266.412718067631 0 0
 325.144288348008 230.497031236741 0 0
 327.311539595099 226.239478787289 0 0
 329.478354771136 198.001443631012 0 0
 331.644739833357 167.128893723032 0 0
 333.810700739 169.20715637392 0 0
 335.976243445303 140.599697631274 0 0
 338.141373909504 113.855074373685 0 0
 340.306098088841 116.630076254685 0 0
 342.470421940552 91.9325853453255 0 0
 344.634351421875 74.5445195994683 0 0
 346.797892490048 79.8875480548822 0 0
 348.961051102309 58.2642669965499 0 0
 351.123833215896 47.0421190919588 0 0
 353.286244788047 53.6654427797451 0 0
 355.448291776 35.9230395668382 0 0
 357.609980136993 29.7152063735526 0 0
 359.771315828264 40.8107395235031 0 0
 361.932304807051 40.3766872345634 0 0
 364.092953030592 57.2232318945923 0 0
 366.253266456125 66.9923119058798 0 0
 368.413251040888 29.1364362801655 0 0
 370.572912742119 15.1823263330027 0 0
 372.732257517056 21.6858493728646 0 0
 374.891291322937 2.74260642562198 0 0
 377.050020117 6.334884958031 0 0
 379.208449856483 16.3841768185866 0 0
 381.366586498624 -2.54063700733843 0 0
 383.524436000661 4.26486300342349 0 0
 385.682004319832 13.4062940725755 0 0
 387.839297413375 -5.58678770627452 0 0
 389.996321238528 4.2197996285314 0 0
 392.153081752529 10.8734905493156 0 0
 394.309584912616 -7.11427471174785 0 0
 396.465836676027 4.99841099006736 0 0
 398.621843 12.122732017017 0 0
 400.777609841773 8.83882971377455 0 0
 402.933143158584 46.3216067329595 0 0
 405.088448907671 56.5957290517375 0 0
 407.243533046272 26.730340576375 0 0
 409.398401531625 19.9416808074221 0 0
 411.553060320968 12.7888951476668 0 0
 413.707515371539 -0.415299145643182 0 0
 415.861772640576 13.9837352828134 0 0
 418.015838085317 16.2750525676341 0 0
 420.169717663 11.0522311214111 0 0
 422.323417330863 29.403637172115 0 0
 424.476943046144 36.1880523482138 0 0
 426.630300766081 40.6717923280484 0 0
 428.783496447912 71.1487401089625 0 0
 430.936536048875 105.636619095067 0 0
 433.089425526208 190.924058961004 0 0
 435.242170837149 291.242489417124 0 0
 437.394777938936 318.040912767596 0 0
 439.547252788807 304.063790142606 0 0
 441.699601344 360.070904694354 0 0
 443.851829561753 434.445369728236 0 0
 446.003943399304 511.290037692939 0 0
 448.155948813891 570.589679401436 0 0
 450.307851762752 556.872737967991 0 0
 452.459658203125 497.878192328604 0 0
 454.611374092248 430.352787576307 0 0
 456.763005387359 345.387028842241 0 0
 458.914558045696 287.225165086259 0 0
 461.066038024497 261.190257352189 0 0
 463.217451281 220.406896695318 0 0
 465.368803772443 192.117533403388 0 0
 467.520101456064 175.502380650806 0 0
 469.671350289101 136.102908564349 0 0
 471.822556228792 115.727674985172 0 0
 473.973725232375 111.806188723829 0 0
 476.124863257088 89.0086208030044 0 0
 478.275976260169 87.60156302231 0 0
 480.427070198856 95.0365084227083 0 0
 482.578151030387 80.3206451612483 0 0
 484.729224712 85.7569445126792 0 0
 486.880297200933 95.8511741069544 0 0
 489.031374454424 84.7599659198321 0 0
 491.182462429711 96.8141557634674 0 0
 493.333567084032 108.676963389672 0 0
 495.484694374625 100.321829279848 0 0
 497.635850258728 115.368656038713 0 0
 499.787040693579 125.854792943997 0 0
 501.938271636416 117.635081623967 0 0
 504.089549044477 -NAN 0 0
 506.240878875 -NAN 0 0
 508.392267085223 -NAN 0 0
 510.543719632384 -NAN 0 0
 512.695242473721 -NAN 0 0
 514.846841566472 -NAN 0 0
 516.998522867875 -NAN 0 0
 519.150292335168 -NAN 0 0
 521.302155925589 -NAN 0 0
 523.454119596376 -NAN 0 0
 525.606189304767 -NAN 0 0
 527.758371008 -NAN 0 0
 529.910670663313 -NAN 0 0
 532.063094227944 -NAN 0 0
 534.215647659131 -NAN 0 0
 536.368336914112 -NAN 0 0
 538.521167950125 -NAN 0 0
 540.674146724408 -NAN 0 0
 542.827279194199 -NAN 0 0
 544.980571316736 -NAN 0 0
 547.134029049257 -NAN 0 0
 549.287658349 -NAN 0 0
 551.441465173203 -NAN 0 0
 553.595455479104 -NAN 0 0
 555.749635223941 -NAN 0 0
 557.904010364952 -NAN 0 0
 560.058586859375 -NAN 0 0
 562.213370664448 -NAN 0 0
 564.368367737409 -NAN 0 0
 566.523584035496 -NAN 0 0
 568.679025515947 -NAN 0 0
 570.834698136 -NAN 0 0
 572.990607852893 -NAN 0 0
 575.146760623864 -NAN 0 0
 577.303162406151 -NAN 0 0
 579.459819156992 -NAN 0 0
 581.616736833625 -NAN 0 0
 583.773921393288 -NAN 0 0
 585.931378793219 -NAN 0 0
 588.089114990656 -NAN 0 0
 590.247135942837 -NAN 0 0
 592.405447607 -NAN 0 0
 594.564055940383 -NAN 0 0
 596.722966900224 -NAN 0 0
 598.882186443761 -NAN 0 0
 601.041720528232 -NAN 0 0
 603.201575110875 -NAN 0 0
 605.361756148928 -NAN 0 0
 607.522269599629 -NAN 0 0
 609.683121420216 -NAN 0 0
 611.844317567927 -NAN 0 0
 614.005864 -NAN 0 0
 616.167766673673 -NAN 0 0
 618.330031546184 -NAN 0 0
 620.492664574771 -NAN 0 0
 622.655671716672 -NAN 0 0
 624.819058929125 -NAN 0 0
 626.982832169368 -NAN 0 0
 629.146997394639 -NAN 0 0
 631.311560562176 -NAN 0 0
 633.476527629217 -NAN 0 0
 635.641904553 -NAN 0 0
 637.807697290763 -NAN 0 0
 639.973911799744 -NAN 0 0
 642.140554037181 -NAN 0 0
 644.307629960312 -NAN 0 0
 646.475145526375 -NAN 0 0
 648.643106692608 -NAN 0 0
 650.811519416249 -NAN 0 0
 652.980389654536 -NAN 0 0
 655.149723364707 -NAN 0 0
 657.319526504 -NAN 0 0
 659.489805029653 -NAN 0 0
 661.660564898904 -NAN 0 0
 663.831812068991 -NAN 0 0
 666.003552497152 -NAN 0 0
 668.175792140625 -NAN 0 0
 670.348536956648 -NAN 0 0
 672.521792902459 -NAN 0 0
 674.695565935296 -NAN 0 0
 676.869862012397 -NAN 0 0
 679.044687091 -NAN 0 0
 681.220047128343 -NAN 0 0
 683.395948081664 -NAN 0 0
 685.572395908201 -NAN 0 0
 687.749396565192 -NAN 0 0
 689.926956009875 -NAN 0 0
 692.105080199488 -NAN 0 0
 694.283775091269 -NAN 0 0
 696.463046642456 -NAN 0 0
 698.642900810287 -NAN 0 0
 700.823343552 -NAN 0 0
 703.004380824833 -NAN 0 0
 705.186018586024 -NAN 0 0
 707.368262792811 -NAN 0 0
 709.551119402432 -NAN 0 0
 711.734594372125 -NAN 0 0
 713.918693659128 -NAN 0 0
 716.103423220679 -NAN 0 0
 718.288789014016 -NAN 0 0
 720.474796996377 -NAN 0 0
 722.661453125 -NAN 0 0
 724.848763357123 -NAN 0 0
 727.036733649984 -NAN 0 0
 729.225369960821 -NAN 0 0
 731.414678246872 -NAN 0 0
 733.604664465375 -NAN 0 0
 735.795334573568 -NAN 0 0
[END] of [DATA]
[END] of Spectrum


[Spectrum]
Version            = 1
IDData             = 12ad_2026-06-08_16-22-40_000_364
IDDevice           = SAM_82E6
IDDataType         = SPECTRUM
IDDataTypeSub1     = CALIBRATED
IDDataTypeSub2     = 
IDDataTypeSub3     = 
DateTime           = 2026-06-08 16:22:40
PositionLatitude   = 0
PositionLongitude  = 0
Comment            = 20260608_FrameD
CommentSub1        = UV
CommentSub2        = right
CommentSub3        = 50cm
IDMethodType       = SAM Control
MethodName         = SAM_82E6
Mission            = No Mission
MissionSub         = 1
RecordType         = 0
[Attributes]
CalFactor = 1
IDBasisSpec = 
IDDataBack = DLAB_2024-11-11_10-40-48_641_639
IDDataCal = DLAB_2024-11-12_11-45-27_171_455
IntegrationTime = 128
P31 = -1
P31e = 0
PathLength = +INF
PathLengthCustomOn = 0
RAWDynamic = 65535
Salinity = 0
Temperature = -NAN
Unit1 = $01 $01 Wavelength nm
Unit2 = $03 $06 Intensity mW/(m^2 nm)
Unit3 = $f0 $06 Error mW/(m^2 nm)
Unit4 = $f1 $00 Status 
p999 = 7488
[END] of [Attributes]
[DATA]
 0 6 0 0
 185.260577530984 -NAN 0 0
 187.468128380571 -NAN 0 0
 189.674861895872 -NAN 0 0
 191.880784034125 -NAN 0 0
 194.085900752568 -NAN 0 0
 196.290218008439 -NAN 0 0
 198.493741758976 -NAN 0 0
 200.696477961417 -NAN 0 0
 202.898432573 -NAN 0 0
 205.099611550963 -NAN 0 0
 207.300020852544 -NAN 0 0
 209.499666434981 -NAN 0 0
 211.698554255512 -NAN 0 0
 213.896690271375 -NAN 0 0
 216.094080439808 -NAN 0 0
 218.290730718049 -NAN 0 0
 220.486647063336 -NAN 0 0
 222.681835432907 -NAN 0 0
 224.876301784 -NAN 0 0
 227.070052073853 -NAN 0 0
 229.263092259704 -NAN 0 0
 231.455428298791 -NAN 0 0
 233.647066148352 -NAN 0 0
 235.838011765625 -NAN 0 0
 238.028271107848 -NAN 0 0
 240.217850132259 -NAN 0 0
 242.406754796096 -NAN 0 0
 244.594991056597 -NAN 0 0
 246.782564871 -NAN 0 0
 248.969482196543 -NAN 0 0
 251.155748990464 -NAN 0 0
 253.341371210001 -NAN 0 0
 255.526354812392 -NAN 0 0
 257.710705754875 -NAN 0 0
 259.894429994688 -NAN 0 0
 262.077533489069 -NAN 0 0
 264.260022195256 -NAN 0 0
 266.441902070487 -NAN 0 0
 268.623179072 -NAN 0 0
 270.803859157033 -NAN 0 0
 272.983948282824 -NAN 0 0
 275.163452406611 -NAN 0 0
 277.342377485632 -NAN 0 0
 279.520729477125 11.9965808504499 0 0
 281.698514338328 18.5778283352835 0 0
 283.875738026479 48.0247434896032 0 0
 286.052406498816 49.2108846402082 0 0
 288.228525712577 71.2219783128278 0 0
 290.404101625 117.890880245849 0 0
 292.579140193323 134.640660724897 0 0
 294.753647374784 180.054416856485 0 0
 296.927629126621 228.035836327181 0 0
 299.101091406072 247.408479838471 0 0
 301.274040170375 292.042407699402 0 0
 303.446481376768 321.133077556541 0 0
 305.618420982489 327.726642755004 0 0
 307.789864944776 346.99322633011 0 0
 309.960819220867 370.956278652165 0 0
 312.131289768 371.930145614248 0 0
 314.301282543413 364.614247320862 0 0
 316.470803504344 336.936705440014 0 0
 318.639858608031 292.858562020296 0 0
 320.808453811712 278.247683720022 0 0
 322.976595072625 265.519767074882 0 0
 325.144288348008 224.123111035585 0 0
 327.311539595099 216.204757704234 0 0
 329.478354771136 198.743675340617 0 0
 331.644739833357 160.965725817054 0 0
 333.810700739 160.726998965878 0 0
 335.976243445303 142.973528164918 0 0
 338.141373909504 108.362444524988 0 0
 340.306098088841 110.466640953873 0 0
 342.470421940552 95.1787093466067 0 0
 344.634351421875 70.0563311727645 0 0
 346.797892490048 75.4458117456353 0 0
 348.961051102309 61.8183112180812 0 0
 351.123833215896 43.5708165326307 0 0
 353.286244788047 51.1869181178433 0 0
 355.448291776 39.8868824458088 0 0
 357.609980136993 26.5873295715706 0 0
 359.771315828264 39.8373201373379 0 0
 361.932304807051 44.2451130464858 0 0
 364.092953030592 53.8644038760169 0 0
 366.253266456125 66.8813689157052 0 0
 368.413251040888 33.7128701898379 0 0
 370.572912742119 11.8979043906632 0 0
 372.732257517056 23.0647150914562 0 0
 374.891291322937 7.79377040632491 0 0
 377.050020117 2.45453427324516 0 0
 379.208449856483 18.9213677525694 0 0
 381.366586498624 2.81987961713162 0 0
 383.524436000661 0.0366978612469178 0 0
 385.682004319832 16.1642425868425 0 0
 387.839297413375 -0.901203941517199 0 0
 389.996321238528 -0.515272347573204 0 0
 392.153081752529 14.1135956585451 0 0
 394.309584912616 -3.19381900111458 0 0
 396.465836676027 -0.083033291762946 0 0
 398.621843 15.2686915931078 0 0
 400.777609841773 11.3136859564633 0 0
 402.933143158584 40.4982875038272 0 0
 405.088448907671 58.4912265982447 0 0
 407.243533046272 27.7294519863797 0 0
 409.398401531625 15.089085418945 0 0
 411.553060320968 15.2451841342393 0 0
 413.707515371539 -0.000585234417001901 0 0
 415.861772640576 9.84516881486928 0 0
 418.015838085317 18.2518327267736 0 0
 420.169717663 10.5366484606367 0 0
 422.323417330863 25.8063616225958 0 0
 424.476943046144 38.0529863764538 0 0
 426.630300766081 39.5021707252692 0 0
 428.783496447912 67.7911965807701 0 0
 430.936536048875 107.27888868934 0 0
 433.089425526208 188.078284839322 0 0
 435.242170837149 285.944492549166 0 0
 437.394777938936 318.02252879544 0 0
 439.547252788807 301.613909536612 0 0
 441.699601344 357.137366311022 0 0
 443.851829561753 437.123059485915 0 0
 446.003943399304 509.376145716543 0 0
 448.155948813891 568.389994073372 0 0
 450.307851762752 560.049826437973 0 0
 452.459658203125 495.83938446966 0 0
 454.611374092248 428.550728728498 0 0
 456.763005387359 349.002093822958 0 0
 458.914558045696 285.064427887249 0 0
 461.066038024497 260.378203958492 0 0
 463.217451281 224.514735667363 0 0
 465.368803772443 189.889281428711 0 0
 467.520101456064 175.824758015746 0 0
 469.671350289101 140.384192079328 0 0
 471.822556228792 113.479216392728 0 0
 473.973725232375 112.77184740806 0 0
 476.124863257088 93.36738496412 0 0
 478.275976260169 84.9956912645863 0 0
 480.427070198856 96.815335062118 0 0
 482.578151030387 84.3532856799746 0 0
 484.729224712 82.975239727086 0 0
 486.880297200933 98.0604174112107 0 0
 489.031374454424 88.500549557722 0 0
 491.182462429711 93.2301479402085 0 0
 493.333567084032 111.076192833243 0 0
 495.484694374625 103.444200214118 0 0
 497.635850258728 111.334504331497 0 0
 499.787040693579 128.178076211557 0 0
 501.938271636416 120.399909272845 0 0
 504.089549044477 -NAN 0 0
 506.240878875 -NAN 0 0
 508.392267085223 -NAN 0 0
 510.543719632384 -NAN 0 0
 512.695242473721 -NAN 0 0
 514.846841566472 -NAN 0 0
 516.998522867875 -NAN 0 0
 519.150292335168 -NAN 0 0
 521.302155925589 -NAN 0 0
 523.454119596376 -NAN 0 0
 525.606189304767 -NAN 0 0
 527.758371008 -NAN 0 0
 529.910670663313 -NAN 0 0
 532.063094227944 -NAN 0 0
 534.215647659131 -NAN 0 0
 536.368336914112 -NAN 0 0
 538.521167950125 -NAN 0 0
 540.674146724408 -NAN 0 0
 542.827279194199 -NAN 0 0
 544.980571316736 -NAN 0 0
 547.134029049257 -NAN 0 0
 549.287658349 -NAN 0 0
 551.441465173203 -NAN 0 0
 553.595455479104 -NAN 0 0
 555.749635223941 -NAN 0 0
 557.904010364952 -NAN 0 0
 560.058586859375 -NAN 0 0
 562.213370664448 -NAN 0 0
 564.368367737409 -NAN 0 0
 566.523584035496 -NAN 0 0
 568.679025515947 -NAN 0 0
 570.834698136 -NAN 0 0
 572.990607852893 -NAN 0 0
 575.146760623864 -NAN 0 0
 577.303162406151 -NAN 0 0
 579.459819156992 -NAN 0 0
 581.616736833625 -NAN 0 0
 583.773921393288 -NAN 0 0
 585.931378793219 -NAN 0 0
 588.089114990656 -NAN 0 0
 590.247135942837 -NAN 0 0
 592.405447607 -NAN 0 0
 594.564055940383 -NAN 0 0
 596.722966900224 -NAN 0 0
 598.882186443761 -NAN 0 0
 601.041720528232 -NAN 0 0
 603.201575110875 -NAN 0 0
 605.361756148928 -NAN 0 0
 607.522269599629 -NAN 0 0
 609.683121420216 -NAN 0 0
 611.844317567927 -NAN 0 0
 614.005864 -NAN 0 0
 616.167766673673 -NAN 0 0
 618.330031546184 -NAN 0 0
 620.492664574771 -NAN 0 0
 622.655671716672 -NAN 0 0
 624.819058929125 -NAN 0 0
 626.982832169368 -NAN 0 0
 629.146997394639 -NAN 0 0
 631.311560562176 -NAN 0 0
 633.476527629217 -NAN 0 0
 635.641904553 -NAN 0 0
 637.807697290763 -NAN 0 0
 639.973911799744 -NAN 0 0
 642.140554037181 -NAN 0 0
 644.307629960312 -NAN 0 0
 646.475145526375 -NAN 0 0
 648.643106692608 -NAN 0 0
 650.811519416249 -NAN 0 0
 652.980389654536 -NAN 0 0
 655.149723364707 -NAN 0 0
 657.319526504 -NAN 0 0
 659.489805029653 -NAN 0 0
 661.660564898904 -NAN 0 0
 663.831812068991 -NAN 0 0
 666.003552497152 -NAN 0 0
 668.175792140625 -NAN 0 0
 670.348536956648 -NAN 0 0
 672.521792902459 -NAN 0 0
 674.695565935296 -NAN 0 0
 676.869862012397 -NAN 0 0
 679.044687091 -NAN 0 0
 681.220047128343 -NAN 0 0
 683.395948081664 -NAN 0 0
 685.572395908201 -NAN 0 0
 687.749396565192 -NAN 0 0
 689.926956009875 -NAN 0 0
 692.105080199488 -NAN 0 0
 694.283775091269 -NAN 0 0
 696.463046642456 -NAN 0 0
 698.642900810287 -NAN 0 0
 700.823343552 -NAN 0 0
 703.004380824833 -NAN 0 0
 705.186018586024 -NAN 0 0
 707.368262792811 -NAN 0 0
 709.551119402432 -NAN 0 0
 711.734594372125 -NAN 0 0
 713.918693659128 -NAN 0 0
 716.103423220679 -NAN 0 0
 718.288789014016 -NAN 0 0
 720.474796996377 -NAN 0 0
 722.661453125 -NAN 0 0
 724.848763357123 -NAN 0 0
 727.036733649984 -NAN 0 0
 729.225369960821 -NAN 0 0
 731.414678246872 -NAN 0 0
 733.604664465375 -NAN 0 0
 735.795334573568 -NAN 0 0
[END] of [DATA]
[END] of Spectrum


[Spectrum]
Version            = 1
IDData             = 12ad_2026-06-08_16-22-35_000_361
IDDevice           = SAM_82E6
IDDataType         = SPECTRUM
IDDataTypeSub1     = CALIBRATED
IDDataTypeSub2     = 
IDDataTypeSub3     = 
DateTime           = 2026-06-08 16:22:35
PositionLatitude   = 0
PositionLongitude  = 0
Comment            = 20260608_FrameD
CommentSub1        = UV
CommentSub2        = right
CommentSub3        = 50cm
IDMethodType       = SAM Control
MethodName         = SAM_82E6
Mission            = No Mission
MissionSub         = 1
RecordType         = 0
[Attributes]
CalFactor = 1
IDBasisSpec = 
IDDataBack = DLAB_2024-11-11_10-40-48_641_639
IDDataCal = DLAB_2024-11-12_11-45-27_171_455
IntegrationTime = 128
P31 = -1
P31e = 0
PathLength = +INF
PathLengthCustomOn = 0
RAWDynamic = 65535
Salinity = 0
Temperature = -NAN
Unit1 = $01 $01 Wavelength nm
Unit2 = $03 $06 Intensity mW/(m^2 nm)
Unit3 = $f0 $06 Error mW/(m^2 nm)
Unit4 = $f1 $00 Status 
p999 = 7487
[END] of [Attributes]
[DATA]
 0 6 0 0
 185.260577530984 -NAN 0 0
 187.468128380571 -NAN 0 0
 189.674861895872 -NAN 0 0
 191.880784034125 -NAN 0 0
 194.085900752568 -NAN 0 0
 196.290218008439 -NAN 0 0
 198.493741758976 -NAN 0 0
 200.696477961417 -NAN 0 0
 202.898432573 -NAN 0 0
 205.099611550963 -NAN 0 0
 207.300020852544 -NAN 0 0
 209.499666434981 -NAN 0 0
 211.698554255512 -NAN 0 0
 213.896690271375 -NAN 0 0
 216.094080439808 -NAN 0 0
 218.290730718049 -NAN 0 0
 220.486647063336 -NAN 0 0
 222.681835432907 -NAN 0 0
 224.876301784 -NAN 0 0
 227.070052073853 -NAN 0 0
 229.263092259704 -NAN 0 0
 231.455428298791 -NAN 0 0
 233.647066148352 -NAN 0 0
 235.838011765625 -NAN 0 0
 238.028271107848 -NAN 0 0
 240.217850132259 -NAN 0 0
 242.406754796096 -NAN 0 0
 244.594991056597 -NAN 0 0
 246.782564871 -NAN 0 0
 248.969482196543 -NAN 0 0
 251.155748990464 -NAN 0 0
 253.341371210001 -NAN 0 0
 255.526354812392 -NAN 0 0
 257.710705754875 -NAN 0 0
 259.894429994688 -NAN 0 0
 262.077533489069 -NAN 0 0
 264.260022195256 -NAN 0 0
 266.441902070487 -NAN 0 0
 268.623179072 -NAN 0 0
 270.803859157033 -NAN 0 0
 272.983948282824 -NAN 0 0
 275.163452406611 -NAN 0 0
 277.342377485632 -NAN 0 0
 279.520729477125 6.58068510151655 0 0
 281.698514338328 22.4465458013709 0 0
 283.875738026479 44.2981002458503 0 0
 286.052406498816 42.5308171970116 0 0
 288.228525712577 75.151875886804 0 0
 290.404101625 112.744780473894 0 0
 292.579140193323 127.597069897228 0 0
 294.753647374784 182.478462470096 0 0
 296.927629126621 221.074361591545 0 0
 299.101091406072 240.252177680451 0 0
 301.274040170375 292.154961790503 0 0
 303.446481376768 313.15901320573 0 0
 305.618420982489 320.436327389232 0 0
 307.789864944776 345.980976084438 0 0
 309.960819220867 362.307420777378 0 0
 312.131289768 365.173010888946 0 0
 314.301282543413 363.973543037002 0 0
 316.470803504344 328.786350190012 0 0
 318.639858608031 288.352167080724 0 0
 320.808453811712 279.454994472334 0 0
 322.976595072625 257.606955679301 0 0
 325.144288348008 221.820415062575 0 0
 327.311539595099 218.774643176637 0 0
 329.478354771136 191.150302840546 0 0
 331.644739833357 160.49641901278 0 0
 333.810700739 163.854695353239 0 0
 335.976243445303 135.892739108348 0 0
 338.141373909504 109.105375026129 0 0
 340.306098088841 113.09027461088 0 0
 342.470421940552 88.5646825896598 0 0
 344.634351421875 71.4685574555295 0 0
 346.797892490048 77.3894488741581 0 0
 348.961051102309 55.8933621302503 0 0
 351.123833215896 45.0495623181426 0 0
 353.286244788047 52.2348117386474 0 0
 355.448291776 34.4343126890918 0 0
 357.609980136993 28.3681098254891 0 0
 359.771315828264 40.0384576237609 0 0
 361.932304807051 38.8965174944352 0 0
 364.092953030592 55.6606712298164 0 0
 366.253266456125 65.9436086934929 0 0
 368.413251040888 27.8295764776154 0 0
 370.572912742119 14.461386296711 0 0
 372.732257517056 21.4771279774297 0 0
 374.891291322937 1.97088214430085 0 0
 377.050020117 5.86587705443086 0 0
 379.208449856483 16.2862157786645 0 0
 381.366586498624 -3.30097392902704 0 0
 383.524436000661 3.96071935958289 0 0
 385.682004319832 13.1787170935746 0 0
 387.839297413375 -6.29805563790687 0 0
 389.996321238528 4.19732524359587 0 0
 392.153081752529 10.9012430556045 0 0
 394.309584912616 -7.67609306054121 0 0
 396.465836676027 5.09775758897236 0 0
 398.621843 12.0298525693888 0 0
 400.777609841773 7.62416038604401 0 0
 402.933143158584 44.9554395666908 0 0
 405.088448907671 54.3206406161373 0 0
 407.243533046272 24.8509181618358 0 0
 409.398401531625 19.696472917662 0 0
 411.553060320968 12.4337424518086 0 0
 413.707515371539 -0.680461492974499 0 0
 415.861772640576 14.2613407277655 0 0
 418.015838085317 16.047000356336 0 0
 420.169717663 10.7135548047923 0 0
 422.323417330863 29.6691525473658 0 0
 424.476943046144 35.9182094426522 0 0
 426.630300766081 40.409382758126 0 0
 428.783496447912 71.2414666437607 0 0
 430.936536048875 104.703829741972 0 0
 433.089425526208 187.836211877051 0 0
 435.242170837149 286.467978436708 0 0
 437.394777938936 313.366588020945 0 0
 439.547252788807 302.172796132433 0 0
 441.699601344 359.687876146685 0 0
 443.851829561753 434.070375976614 0 0
 446.003943399304 511.230148359748 0 0
 448.155948813891 570.765162873958 0 0
 450.307851762752 556.501190863355 0 0
 452.459658203125 497.629941303526 0 0
 454.611374092248 430.406041030385 0 0
 456.763005387359 344.809087046782 0 0
 458.914558045696 287.245125707035 0 0
 461.066038024497 261.302334984945 0 0
 463.217451281 219.97897516397 0 0
 465.368803772443 192.176643830002 0 0
 467.520101456064 175.639471357491 0 0
 469.671350289101 135.540009088296 0 0
 471.822556228792 115.906939549665 0 0
 473.973725232375 111.788571233581 0 0
 476.124863257088 88.5724122483994 0 0
 478.275976260169 87.6637927956288 0 0
 480.427070198856 94.8983903868368 0 0
 482.578151030387 79.499160682482 0 0
 484.729224712 86.0609315362555 0 0
 486.880297200933 95.5513881800983 0 0
 489.031374454424 84.2184037060305 0 0
 491.182462429711 96.9169070005319 0 0
 493.333567084032 108.398630507587 0 0
 495.484694374625 99.6466622221013 0 0
 497.635850258728 115.548585568216 0 0
 499.787040693579 125.563431261402 0 0
 501.938271636416 117.269164379663 0 0
 504.089549044477 -NAN 0 0
 506.240878875 -NAN 0 0
 508.392267085223 -NAN 0 0
 510.543719632384 -NAN 0 0
 512.695242473721 -NAN 0 0
 514.846841566472 -NAN 0 0
 516.998522867875 -NAN 0 0
 519.150292335168 -NAN 0 0
 521.302155925589 -NAN 0 0
 523.454119596376 -NAN 0 0
 525.606189304767 -NAN 0 0
 527.758371008 -NAN 0 0
 529.910670663313 -NAN 0 0
 532.063094227944 -NAN 0 0
 534.215647659131 -NAN 0 0
 536.368336914112 -NAN 0 0
 538.521167950125 -NAN 0 0
 540.674146724408 -NAN 0 0
 542.827279194199 -NAN 0 0
 544.980571316736 -NAN 0 0
 547.134029049257 -NAN 0 0
 549.287658349 -NAN 0 0
 551.441465173203 -NAN 0 0
 553.595455479104 -NAN 0 0
 555.749635223941 -NAN 0 0
 557.904010364952 -NAN 0 0
 560.058586859375 -NAN 0 0
 562.213370664448 -NAN 0 0
 564.368367737409 -NAN 0 0
 566.523584035496 -NAN 0 0
 568.679025515947 -NAN 0 0
 570.834698136 -NAN 0 0
 572.990607852893 -NAN 0 0
 575.146760623864 -NAN 0 0
 577.303162406151 -NAN 0 0
 579.459819156992 -NAN 0 0
 581.616736833625 -NAN 0 0
 583.773921393288 -NAN 0 0
 585.931378793219 -NAN 0 0
 588.089114990656 -NAN 0 0
 590.247135942837 -NAN 0 0
 592.405447607 -NAN 0 0
 594.564055940383 -NAN 0 0
 596.722966900224 -NAN 0 0
 598.882186443761 -NAN 0 0
 601.041720528232 -NAN 0 0
 603.201575110875 -NAN 0 0
 605.361756148928 -NAN 0 0
 607.522269599629 -NAN 0 0
 609.683121420216 -NAN 0 0
 611.844317567927 -NAN 0 0
 614.005864 -NAN 0 0
 616.167766673673 -NAN 0 0
 618.330031546184 -NAN 0 0
 620.492664574771 -NAN 0 0
 622.655671716672 -NAN 0 0
 624.819058929125 -NAN 0 0
 626.982832169368 -NAN 0 0
 629.146997394639 -NAN 0 0
 631.311560562176 -NAN 0 0
 633.476527629217 -NAN 0 0
 635.641904553 -NAN 0 0
 637.807697290763 -NAN 0 0
 639.973911799744 -NAN 0 0
 642.140554037181 -NAN 0 0
 644.307629960312 -NAN 0 0
 646.475145526375 -NAN 0 0
 648.643106692608 -NAN 0 0
 650.811519416249 -NAN 0 0
 652.980389654536 -NAN 0 0
 655.149723364707 -NAN 0 0
 657.319526504 -NAN 0 0
 659.489805029653 -NAN 0 0
 661.660564898904 -NAN 0 0
 663.831812068991 -NAN 0 0
 666.003552497152 -NAN 0 0
 668.175792140625 -NAN 0 0
 670.348536956648 -NAN 0 0
 672.521792902459 -NAN 0 0
 674.695565935296 -NAN 0 0
 676.869862012397 -NAN 0 0
 679.044687091 -NAN 0 0
 681.220047128343 -NAN 0 0
 683.395948081664 -NAN 0 0
 685.572395908201 -NAN 0 0
 687.749396565192 -NAN 0 0
 689.926956009875 -NAN 0 0
 692.105080199488 -NAN 0 0
 694.283775091269 -NAN 0 0
 696.463046642456 -NAN 0 0
 698.642900810287 -NAN 0 0
 700.823343552 -NAN 0 0
 703.004380824833 -NAN 0 0
 705.186018586024 -NAN 0 0
 707.368262792811 -NAN 0 0
 709.551119402432 -NAN 0 0
 711.734594372125 -NAN 0 0
 713.918693659128 -NAN 0 0
 716.103423220679 -NAN 0 0
 718.288789014016 -NAN 0 0
 720.474796996377 -NAN 0 0
 722.661453125 -NAN 0 0
 724.848763357123 -NAN 0 0
 727.036733649984 -NAN 0 0
 729.225369960821 -NAN 0 0
 731.414678246872 -NAN 0 0
 733.604664465375 -NAN 0 0
 735.795334573568 -NAN 0 0
[END] of [DATA]
[END] of Spectrum


[Spectrum]
Version            = 1
IDData             = 12ad_2026-06-08_16-22-30_000_358
IDDevice           = SAM_82E6
IDDataType         = SPECTRUM
IDDataTypeSub1     = CALIBRATED
IDDataTypeSub2     = 
IDDataTypeSub3     = 
DateTime           = 2026-06-08 16:22:30
PositionLatitude   = 0
PositionLongitude  = 0
Comment            = 20260608_FrameD
CommentSub1        = UV
CommentSub2        = right
CommentSub3        = 50cm
IDMethodType       = SAM Control
MethodName         = SAM_82E6
Mission            = No Mission
MissionSub         = 1
RecordType         = 0
[Attributes]
CalFactor = 1
IDBasisSpec = 
IDDataBack = DLAB_2024-11-11_10-40-48_641_639
IDDataCal = DLAB_2024-11-12_11-45-27_171_455
IntegrationTime = 128
P31 = -1
P31e = 0
PathLength = +INF
PathLengthCustomOn = 0
RAWDynamic = 65535
Salinity = 0
Temperature = -NAN
Unit1 = $01 $01 Wavelength nm
Unit2 = $03 $06 Intensity mW/(m^2 nm)
Unit3 = $f0 $06 Error mW/(m^2 nm)
Unit4 = $f1 $00 Status 
p999 = 7486
[END] of [Attributes]
[DATA]
 0 6 0 0
 185.260577530984 -NAN 0 0
 187.468128380571 -NAN 0 0
 189.674861895872 -NAN 0 0
 191.880784034125 -NAN 0 0
 194.085900752568 -NAN 0 0
 196.290218008439 -NAN 0 0
 198.493741758976 -NAN 0 0
 200.696477961417 -NAN 0 0
 202.898432573 -NAN 0 0
 205.099611550963 -NAN 0 0
 207.300020852544 -NAN 0 0
 209.499666434981 -NAN 0 0
 211.698554255512 -NAN 0 0
 213.896690271375 -NAN 0 0
 216.094080439808 -NAN 0 0
 218.290730718049 -NAN 0 0
 220.486647063336 -NAN 0 0
 222.681835432907 -NAN 0 0
 224.876301784 -NAN 0 0
 227.070052073853 -NAN 0 0
 229.263092259704 -NAN 0 0
 231.455428298791 -NAN 0 0
 233.647066148352 -NAN 0 0
 235.838011765625 -NAN 0 0
 238.028271107848 -NAN 0 0
 240.217850132259 -NAN 0 0
 242.406754796096 -NAN 0 0
 244.594991056597 -NAN 0 0
 246.782564871 -NAN 0 0
 248.969482196543 -NAN 0 0
 251.155748990464 -NAN 0 0
 253.341371210001 -NAN 0 0
 255.526354812392 -NAN 0 0
 257.710705754875 -NAN 0 0
 259.894429994688 -NAN 0 0
 262.077533489069 -NAN 0 0
 264.260022195256 -NAN 0 0
 266.441902070487 -NAN 0 0
 268.623179072 -NAN 0 0
 270.803859157033 -NAN 0 0
 272.983948282824 -NAN 0 0
 275.163452406611 -NAN 0 0
 277.342377485632 -NAN 0 0
 279.520729477125 7.18217455811227 0 0
 281.698514338328 32.3033423464311 0 0
 283.875738026479 34.5585555500701 0 0
 286.052406498816 44.0944843642193 0 0
 288.228525712577 84.1220139512099 0 0
 290.404101625 100.674202851119 0 0
 292.579140193323 129.115170221703 0 0
 294.753647374784 187.500384184574 0 0
 296.927629126621 207.586901055952 0 0
 299.101091406072 239.883934988223 0 0
 301.274040170375 292.423002976528 0 0
 303.446481376768 298.981321199447 0 0
 305.618420982489 318.458618293841 0 0
 307.789864944776 343.322616674739 0 0
 309.960819220867 346.70316501653 0 0
 312.131289768 363.285964272071 0 0
 314.301282543413 359.532799552319 0 0
 316.470803504344 311.893086505141 0 0
 318.639858608031 288.788269816811 0 0
 320.808453811712 275.042386816419 0 0
 322.976595072625 240.264019311483 0 0
 325.144288348008 224.804535800012 0 0
 327.311539595099 213.123240725916 0 0
 329.478354771136 174.22474247261 0 0
 331.644739833357 165.421919763005 0 0
 333.810700739 157.375789963991 0 0
 335.976243445303 120.842973330752 0 0
 338.141373909504 115.496824384712 0 0
 340.306098088841 106.221050638757 0 0
 342.470421940552 76.6578630883891 0 0
 344.634351421875 78.051820670378 0 0
 346.797892490048 70.71053670287 0 0
 348.961051102309 46.9174632681273 0 0
 351.123833215896 52.1388106600406 0 0
 353.286244788047 46.068486633916 0 0
 355.448291776 27.8867111682522 0 0
 357.609980136993 35.9399060825295 0 0
 359.771315828264 33.7816835140117 0 0
 361.932304807051 33.8136497443959 0 0
 364.092953030592 64.0504026604161 0 0
 366.253266456125 58.540791696477 0 0
 368.413251040888 24.3563359077581 0 0
 370.572912742119 24.7894175134824 0 0
 372.732257517056 13.6305080178 0 0
 374.891291322937 0.587425200956869 0 0
 377.050020117 17.1593114861201 0 0
 379.208449856483 7.38995391030914 0 0
 381.366586498624 -2.72012174535786 0 0
 383.524436000661 15.5195990575063 0 0
 385.682004319832 3.59914863375615 0 0
 387.839297413375 -3.77744677262012 0 0
 389.996321238528 14.3571518835142 0 0
 392.153081752529 1.08101870527598 0 0
 394.309584912616 -3.82654646189156 0 0
 396.465836676027 13.6724430917597 0 0
 398.621843 1.92324181819359 0 0
 400.777609841773 11.9275231327896 0 0
 402.933143158584 50.631750084054 0 0
 405.088448907671 43.4156945886947 0 0
 407.243533046272 29.2524731845082 0 0
 409.398401531625 23.5499034469297 0 0
 411.553060320968 2.94057706903837 0 0
 413.707515371539 4.10837049982908 0 0
 415.861772640576 16.4076798848769 0 0
 418.015838085317 7.23258579293272 0 0
 420.169717663 15.4275885637621 0 0
 422.323417330863 30.1608137767096 0 0
 424.476943046144 27.974708910182 0 0
 426.630300766081 45.0214035873875 0 0
 428.783496447912 70.5106129558514 0 0
 430.936536048875 96.8402177308558 0 0
 433.089425526208 190.617217313176 0 0
 435.242170837149 282.005960558625 0 0
 437.394777938936 304.069893231563 0 0
 439.547252788807 306.203088327767 0 0
 441.699601344 356.667211098003 0 0
 443.851829561753 427.242643762363 0 0
 446.003943399304 516.833223260696 0 0
 448.155948813891 566.814152490123 0 0
 450.307851762752 550.086592428218 0 0
 452.459658203125 504.146530711829 0 0
 454.611374092248 425.559025754774 0 0
 456.763005387359 339.182940818354 0 0
 458.914558045696 294.787246267273 0 0
 461.066038024497 255.907325299095 0 0
 463.217451281 215.545001820947 0 0
 465.368803772443 200.742377972353 0 0
 467.520101456064 169.87202248639 0 0
 469.671350289101 132.730924202994 0 0
 471.822556228792 125.072386947646 0 0
 473.973725232375 105.264594376038 0 0
 476.124863257088 87.1342525721766 0 0
 478.275976260169 97.1016046669924 0 0
 480.427070198856 88.2186011842445 0 0
 482.578151030387 79.7971720355127 0 0
 484.729224712 95.1302502727315 0 0
 486.880297200933 88.1585329913239 0 0
 489.031374454424 85.8464471380166 0 0
 491.182462429711 105.397234642166 0 0
 493.333567084032 100.820182794182 0 0
 495.484694374625 102.532171270538 0 0
 497.635850258728 122.871936845255 0 0
 499.787040693579 117.458575501151 0 0
 501.938271636416 121.101609400159 0 0
 504.089549044477 -NAN 0 0
 506.240878875 -NAN 0 0
 508.392267085223 -NAN 0 0
 510.543719632384 -NAN 0 0
 512.695242473721 -NAN 0 0
 514.846841566472 -NAN 0 0
 516.998522867875 -NAN 0 0
 519.150292335168 -NAN 0 0
 521.302155925589 -NAN 0 0
 523.454119596376 -NAN 0 0
 525.606189304767 -NAN 0 0
 527.758371008 -NAN 0 0
 529.910670663313 -NAN 0 0
 532.063094227944 -NAN 0 0
 534.215647659131 -NAN 0 0
 536.368336914112 -NAN 0 0
 538.521167950125 -NAN 0 0
 540.674146724408 -NAN 0 0
 542.827279194199 -NAN 0 0
 544.980571316736 -NAN 0 0
 547.134029049257 -NAN 0 0
 549.287658349 -NAN 0 0
 551.441465173203 -NAN 0 0
 553.595455479104 -NAN 0 0
 555.749635223941 -NAN 0 0
 557.904010364952 -NAN 0 0
 560.058586859375 -NAN 0 0
 562.213370664448 -NAN 0 0
 564.368367737409 -NAN 0 0
 566.523584035496 -NAN 0 0
 568.679025515947 -NAN 0 0
 570.834698136 -NAN 0 0
 572.990607852893 -NAN 0 0
 575.146760623864 -NAN 0 0
 577.303162406151 -NAN 0 0
 579.459819156992 -NAN 0 0
 581.616736833625 -NAN 0 0
 583.773921393288 -NAN 0 0
 585.931378793219 -NAN 0 0
 588.089114990656 -NAN 0 0
 590.247135942837 -NAN 0 0
 592.405447607 -NAN 0 0
 594.564055940383 -NAN 0 0
 596.722966900224 -NAN 0 0
 598.882186443761 -NAN 0 0
 601.041720528232 -NAN 0 0
 603.201575110875 -NAN 0 0
 605.361756148928 -NAN 0 0
 607.522269599629 -NAN 0 0
 609.683121420216 -NAN 0 0
 611.844317567927 -NAN 0 0
 614.005864 -NAN 0 0
 616.167766673673 -NAN 0 0
 618.330031546184 -NAN 0 0
 620.492664574771 -NAN 0 0
 622.655671716672 -NAN 0 0
 624.819058929125 -NAN 0 0
 626.982832169368 -NAN 0 0
 629.146997394639 -NAN 0 0
 631.311560562176 -NAN 0 0
 633.476527629217 -NAN 0 0
 635.641904553 -NAN 0 0
 637.807697290763 -NAN 0 0
 639.973911799744 -NAN 0 0
 642.140554037181 -NAN 0 0
 644.307629960312 -NAN 0 0
 646.475145526375 -NAN 0 0
 648.643106692608 -NAN 0 0
 650.811519416249 -NAN 0 0
 652.980389654536 -NAN 0 0
 655.149723364707 -NAN 0 0
 657.319526504 -NAN 0 0
 659.489805029653 -NAN 0 0
 661.660564898904 -NAN 0 0
 663.831812068991 -NAN 0 0
 666.003552497152 -NAN 0 0
 668.175792140625 -NAN 0 0
 670.348536956648 -NAN 0 0
 672.521792902459 -NAN 0 0
 674.695565935296 -NAN 0 0
 676.869862012397 -NAN 0 0
 679.044687091 -NAN 0 0
 681.220047128343 -NAN 0 0
 683.395948081664 -NAN 0 0
 685.572395908201 -NAN 0 0
 687.749396565192 -NAN 0 0
 689.926956009875 -NAN 0 0
 692.105080199488 -NAN 0 0
 694.283775091269 -NAN 0 0
 696.463046642456 -NAN 0 0
 698.642900810287 -NAN 0 0
 700.823343552 -NAN 0 0
 703.004380824833 -NAN 0 0
 705.186018586024 -NAN 0 0
 707.368262792811 -NAN 0 0
 709.551119402432 -NAN 0 0
 711.734594372125 -NAN 0 0
 713.918693659128 -NAN 0 0
 716.103423220679 -NAN 0 0
 718.288789014016 -NAN 0 0
 720.474796996377 -NAN 0 0
 722.661453125 -NAN 0 0
 724.848763357123 -NAN 0 0
 727.036733649984 -NAN 0 0
 729.225369960821 -NAN 0 0
 731.414678246872 -NAN 0 0
 733.604664465375 -NAN 0 0
 735.795334573568 -NAN 0 0
[END] of [DATA]
[END] of Spectrum


[Spectrum]
Version            = 1
IDData             = 12ad_2026-06-08_16-22-25_000_355
IDDevice           = SAM_82E6
IDDataType         = SPECTRUM
IDDataTypeSub1     = CALIBRATED
IDDataTypeSub2     = 
IDDataTypeSub3     = 
DateTime           = 2026-06-08 16:22:25
PositionLatitude   = 0
PositionLongitude  = 0
Comment            = 20260608_FrameD
CommentSub1        = UV
CommentSub2        = right
CommentSub3        = 50cm
IDMethodType       = SAM Control
MethodName         = SAM_82E6
Mission            = No Mission
MissionSub         = 1
RecordType         = 0
[Attributes]
CalFactor = 1
IDBasisSpec = 
IDDataBack = DLAB_2024-11-11_10-40-48_641_639
IDDataCal = DLAB_2024-11-12_11-45-27_171_455
IntegrationTime = 128
P31 = -1
P31e = 0
PathLength = +INF
PathLengthCustomOn = 0
RAWDynamic = 65535
Salinity = 0
Temperature = -NAN
Unit1 = $01 $01 Wavelength nm
Unit2 = $03 $06 Intensity mW/(m^2 nm)
Unit3 = $f0 $06 Error mW/(m^2 nm)
Unit4 = $f1 $00 Status 
p999 = 7485
[END] of [Attributes]
[DATA]
 0 6 0 0
 185.260577530984 -NAN 0 0
 187.468128380571 -NAN 0 0
 189.674861895872 -NAN 0 0
 191.880784034125 -NAN 0 0
 194.085900752568 -NAN 0 0
 196.290218008439 -NAN 0 0
 198.493741758976 -NAN 0 0
 200.696477961417 -NAN 0 0
 202.898432573 -NAN 0 0
 205.099611550963 -NAN 0 0
 207.300020852544 -NAN 0 0
 209.499666434981 -NAN 0 0
 211.698554255512 -NAN 0 0
 213.896690271375 -NAN 0 0
 216.094080439808 -NAN 0 0
 218.290730718049 -NAN 0 0
 220.486647063336 -NAN 0 0
 222.681835432907 -NAN 0 0
 224.876301784 -NAN 0 0
 227.070052073853 -NAN 0 0
 229.263092259704 -NAN 0 0
 231.455428298791 -NAN 0 0
 233.647066148352 -NAN 0 0
 235.838011765625 -NAN 0 0
 238.028271107848 -NAN 0 0
 240.217850132259 -NAN 0 0
 242.406754796096 -NAN 0 0
 244.594991056597 -NAN 0 0
 246.782564871 -NAN 0 0
 248.969482196543 -NAN 0 0
 251.155748990464 -NAN 0 0
 253.341371210001 -NAN 0 0
 255.526354812392 -NAN 0 0
 257.710705754875 -NAN 0 0
 259.894429994688 -NAN 0 0
 262.077533489069 -NAN 0 0
 264.260022195256 -NAN 0 0
 266.441902070487 -NAN 0 0
 268.623179072 -NAN 0 0
 270.803859157033 -NAN 0 0
 272.983948282824 -NAN 0 0
 275.163452406611 -NAN 0 0
 277.342377485632 -NAN 0 0
 279.520729477125 6.25565663739339 0 0
 281.698514338328 31.5188778382687 0 0
 283.875738026479 34.2450599835248 0 0
 286.052406498816 42.7790874714708 0 0
 288.228525712577 82.5403125579654 0 0
 290.404101625 98.8332979877976 0 0
 292.579140193323 125.960566204828 0 0
 294.753647374784 184.240035990547 0 0
 296.927629126621 204.059821571072 0 0
 299.101091406072 234.835792450109 0 0
 301.274040170375 287.445095236063 0 0
 303.446481376768 293.371843798301 0 0
 305.618420982489 312.238352166738 0 0
 307.789864944776 337.082366480196 0 0
 309.960819220867 340.218953189874 0 0
 312.131289768 355.78503836385 0 0
 314.301282543413 353.267618642272 0 0
 316.470803504344 305.948006510161 0 0
 318.639858608031 282.713706041572 0 0
 320.808453811712 270.314307662931 0 0
 322.976595072625 235.44630261675 0 0
 325.144288348008 219.858431471777 0 0
 327.311539595099 209.76318510541 0 0
 329.478354771136 170.735212230658 0 0
 331.644739833357 161.469083272743 0 0
 333.810700739 154.809095436928 0 0
 335.976243445303 118.243825140822 0 0
 338.141373909504 112.480161404656 0 0
 340.306098088841 104.600451266555 0 0
 342.470421940552 74.7172597120685 0 0
 344.634351421875 75.8712326255744 0 0
 346.797892490048 69.6595955581746 0 0
 348.961051102309 45.5990088546729 0 0
 351.123833215896 50.5604370358378 0 0
 353.286244788047 45.2768417133086 0 0
 355.448291776 26.6023615352832 0 0
 357.609980136993 34.7384415937161 0 0
 359.771315828264 33.4073741809891 0 0
 361.932304807051 32.7002282929938 0 0
 364.092953030592 62.6007437777771 0 0
 366.253266456125 58.2394938915819 0 0
 368.413251040888 23.1488847358287 0 0
 370.572912742119 23.6967035211936 0 0
 372.732257517056 13.834011378349 0 0
 374.891291322937 -0.582261427526377 0 0
 377.050020117 16.5551189514822 0 0
 379.208449856483 8.03649677379509 0 0
 381.366586498624 -3.77159139170791 0 0
 383.524436000661 15.0250103282702 0 0
 385.682004319832 4.20507234034601 0 0
 387.839297413375 -4.52555328238482 0 0
 389.996321238528 14.2728729400059 0 0
 392.153081752529 1.67214708922963 0 0
 394.309584912616 -4.69381944692209 0 0
 396.465836676027 13.6160571842731 0 0
 398.621843 2.58401274560533 0 0
 400.777609841773 10.9131311888605 0 0
 402.933143158584 49.9626069822081 0 0
 405.088448907671 42.9660820792835 0 0
 407.243533046272 27.5987715403625 0 0
 409.398401531625 23.666778235507 0 0
 411.553060320968 3.45014398048718 0 0
 413.707515371539 3.37652242119465 0 0
 415.861772640576 16.787346155179 0 0
 418.015838085317 7.63364313004308 0 0
 420.169717663 14.8429462071409 0 0
 422.323417330863 30.5343664425798 0 0
 424.476943046144 28.1291584679706 0 0
 426.630300766081 44.3015036488503 0 0
 428.783496447912 70.8241972371689 0 0
 430.936536048875 96.7759442595295 0 0
 433.089425526208 188.30983289019 0 0
 435.242170837149 279.569952947592 0 0
 437.394777938936 301.561679986866 0 0
 439.547252788807 304.451209360259 0 0
 441.699601344 356.617894117616 0 0
 443.851829561753 427.147221245209 0 0
 446.003943399304 516.227485433566 0 0
 448.155948813891 566.982616623744 0 0
 450.307851762752 549.788994019165 0 0
 452.459658203125 503.47402980061 0 0
 454.611374092248 425.792960570902 0 0
 456.763005387359 338.720196880773 0 0
 458.914558045696 294.116569409197 0 0
 461.066038024497 256.268011499055 0 0
 463.217451281 214.940510725692 0 0
 465.368803772443 200.014053073003 0 0
 467.520101456064 170.058380165791 0 0
 469.671350289101 131.828120043325 0 0
 471.822556228792 124.337839463872 0 0
 473.973725232375 105.832758436543 0 0
 476.124863257088 86.4500472758674 0 0
 478.275976260169 96.4948643771343 0 0
 480.427070198856 88.6730540764669 0 0
 482.578151030387 78.9064864185895 0 0
 484.729224712 94.6407417568256 0 0
 486.880297200933 88.8162722636797 0 0
 489.031374454424 85.2153705087107 0 0
 491.182462429711 105.048773925165 0 0
 493.333567084032 101.134142285174 0 0
 495.484694374625 102.027456224091 0 0
 497.635850258728 122.72711551663 0 0
 499.787040693579 118.078262661895 0 0
 501.938271636416 120.45587308668 0 0
 504.089549044477 -NAN 0 0
 506.240878875 -NAN 0 0
 508.392267085223 -NAN 0 0
 510.543719632384 -NAN 0 0
 512.695242473721 -NAN 0 0
 514.846841566472 -NAN 0 0
 516.998522867875 -NAN 0 0
 519.150292335168 -NAN 0 0
 521.302155925589 -NAN 0 0
 523.454119596376 -NAN 0 0
 525.606189304767 -NAN 0 0
 527.758371008 -NAN 0 0
 529.910670663313 -NAN 0 0
 532.063094227944 -NAN 0 0
 534.215647659131 -NAN 0 0
 536.368336914112 -NAN 0 0
 538.521167950125 -NAN 0 0
 540.674146724408 -NAN 0 0
 542.827279194199 -NAN 0 0
 544.980571316736 -NAN 0 0
 547.134029049257 -NAN 0 0
 549.287658349 -NAN 0 0
 551.441465173203 -NAN 0 0
 553.595455479104 -NAN 0 0
 555.749635223941 -NAN 0 0
 557.904010364952 -NAN 0 0
 560.058586859375 -NAN 0 0
 562.213370664448 -NAN 0 0
 564.368367737409 -NAN 0 0
 566.523584035496 -NAN 0 0
 568.679025515947 -NAN 0 0
 570.834698136 -NAN 0 0
 572.990607852893 -NAN 0 0
 575.146760623864 -NAN 0 0
 577.303162406151 -NAN 0 0
 579.459819156992 -NAN 0 0
 581.616736833625 -NAN 0 0
 583.773921393288 -NAN 0 0
 585.931378793219 -NAN 0 0
 588.089114990656 -NAN 0 0
 590.247135942837 -NAN 0 0
 592.405447607 -NAN 0 0
 594.564055940383 -NAN 0 0
 596.722966900224 -NAN 0 0
 598.882186443761 -NAN 0 0
 601.041720528232 -NAN 0 0
 603.201575110875 -NAN 0 0
 605.361756148928 -NAN 0 0
 607.522269599629 -NAN 0 0
 609.683121420216 -NAN 0 0
 611.844317567927 -NAN 0 0
 614.005864 -NAN 0 0
 616.167766673673 -NAN 0 0
 618.330031546184 -NAN 0 0
 620.492664574771 -NAN 0 0
 622.655671716672 -NAN 0 0
 624.819058929125 -NAN 0 0
 626.982832169368 -NAN 0 0
 629.146997394639 -NAN 0 0
 631.311560562176 -NAN 0 0
 633.476527629217 -NAN 0 0
 635.641904553 -NAN 0 0
 637.807697290763 -NAN 0 0
 639.973911799744 -NAN 0 0
 642.140554037181 -NAN 0 0
 644.307629960312 -NAN 0 0
 646.475145526375 -NAN 0 0
 648.643106692608 -NAN 0 0
 650.811519416249 -NAN 0 0
 652.980389654536 -NAN 0 0
 655.149723364707 -NAN 0 0
 657.319526504 -NAN 0 0
 659.489805029653 -NAN 0 0
 661.660564898904 -NAN 0 0
 663.831812068991 -NAN 0 0
 666.003552497152 -NAN 0 0
 668.175792140625 -NAN 0 0
 670.348536956648 -NAN 0 0
 672.521792902459 -NAN 0 0
 674.695565935296 -NAN 0 0
 676.869862012397 -NAN 0 0
 679.044687091 -NAN 0 0
 681.220047128343 -NAN 0 0
 683.395948081664 -NAN 0 0
 685.572395908201 -NAN 0 0
 687.749396565192 -NAN 0 0
 689.926956009875 -NAN 0 0
 692.105080199488 -NAN 0 0
 694.283775091269 -NAN 0 0
 696.463046642456 -NAN 0 0
 698.642900810287 -NAN 0 0
 700.823343552 -NAN 0 0
 703.004380824833 -NAN 0 0
 705.186018586024 -NAN 0 0
 707.368262792811 -NAN 0 0
 709.551119402432 -NAN 0 0
 711.734594372125 -NAN 0 0
 713.918693659128 -NAN 0 0
 716.103423220679 -NAN 0 0
 718.288789014016 -NAN 0 0
 720.474796996377 -NAN 0 0
 722.661453125 -NAN 0 0
 724.848763357123 -NAN 0 0
 727.036733649984 -NAN 0 0
 729.225369960821 -NAN 0 0
 731.414678246872 -NAN 0 0
 733.604664465375 -NAN 0 0
 735.795334573568 -NAN 0 0
[END] of [DATA]
[END] of Spectrum


[Spectrum]
Version            = 1
IDData             = 12ad_2026-06-08_16-22-20_000_352
IDDevice           = SAM_82E6
IDDataType         = SPECTRUM
IDDataTypeSub1     = CALIBRATED
IDDataTypeSub2     = 
IDDataTypeSub3     = 
DateTime           = 2026-06-08 16:22:20
PositionLatitude   = 0
PositionLongitude  = 0
Comment            = 20260608_FrameD
CommentSub1        = UV
CommentSub2        = right
CommentSub3        = 50cm
IDMethodType       = SAM Control
MethodName         = SAM_82E6
Mission            = No Mission
MissionSub         = 1
RecordType         = 0
[Attributes]
CalFactor = 1
IDBasisSpec = 
IDDataBack = DLAB_2024-11-11_10-40-48_641_639
IDDataCal = DLAB_2024-11-12_11-45-27_171_455
IntegrationTime = 128
P31 = -1
P31e = 0
PathLength = +INF
PathLengthCustomOn = 0
RAWDynamic = 65535
Salinity = 0
Temperature = -NAN
Unit1 = $01 $01 Wavelength nm
Unit2 = $03 $06 Intensity mW/(m^2 nm)
Unit3 = $f0 $06 Error mW/(m^2 nm)
Unit4 = $f1 $00 Status 
p999 = 7484
[END] of [Attributes]
[DATA]
 0 6 0 0
 185.260577530984 -NAN 0 0
 187.468128380571 -NAN 0 0
 189.674861895872 -NAN 0 0
 191.880784034125 -NAN 0 0
 194.085900752568 -NAN 0 0
 196.290218008439 -NAN 0 0
 198.493741758976 -NAN 0 0
 200.696477961417 -NAN 0 0
 202.898432573 -NAN 0 0
 205.099611550963 -NAN 0 0
 207.300020852544 -NAN 0 0
 209.499666434981 -NAN 0 0
 211.698554255512 -NAN 0 0
 213.896690271375 -NAN 0 0
 216.094080439808 -NAN 0 0
 218.290730718049 -NAN 0 0
 220.486647063336 -NAN 0 0
 222.681835432907 -NAN 0 0
 224.876301784 -NAN 0 0
 227.070052073853 -NAN 0 0
 229.263092259704 -NAN 0 0
 231.455428298791 -NAN 0 0
 233.647066148352 -NAN 0 0
 235.838011765625 -NAN 0 0
 238.028271107848 -NAN 0 0
 240.217850132259 -NAN 0 0
 242.406754796096 -NAN 0 0
 244.594991056597 -NAN 0 0
 246.782564871 -NAN 0 0
 248.969482196543 -NAN 0 0
 251.155748990464 -NAN 0 0
 253.341371210001 -NAN 0 0
 255.526354812392 -NAN 0 0
 257.710705754875 -NAN 0 0
 259.894429994688 -NAN 0 0
 262.077533489069 -NAN 0 0
 264.260022195256 -NAN 0 0
 266.441902070487 -NAN 0 0
 268.623179072 -NAN 0 0
 270.803859157033 -NAN 0 0
 272.983948282824 -NAN 0 0
 275.163452406611 -NAN 0 0
 277.342377485632 -NAN 0 0
 279.520729477125 9.17966749471586 0 0
 281.698514338328 32.7531019977775 0 0
 283.875738026479 29.1726452311335 0 0
 286.052406498816 45.3518063389658 0 0
 288.228525712577 81.597595604383 0 0
 290.404101625 92.536996204083 0 0
 292.579140193323 126.834495825232 0 0
 294.753647374784 179.8408927934 0 0
 296.927629126621 196.094056024586 0 0
 299.101091406072 232.97908657797 0 0
 301.274040170375 280.561890407055 0 0
 303.446481376768 284.121011713468 0 0
 305.618420982489 308.936793209234 0 0
 307.789864944776 328.971537690168 0 0
 309.960819220867 330.462375794699 0 0
 312.131289768 352.614079886597 0 0
 314.301282543413 344.381480462134 0 0
 316.470803504344 296.89721477099 0 0
 318.639858608031 281.797761651913 0 0
 320.808453811712 262.609881384669 0 0
 322.976595072625 228.395505329128 0 0
 325.144288348008 221.065361774873 0 0
 327.311539595099 203.01961797874 0 0
 329.478354771136 166.115228883895 0 0
 331.644739833357 164.279002245971 0 0
 333.810700739 149.73195459043 0 0
 335.976243445303 115.769691908574 0 0
 338.141373909504 115.979939871276 0 0
 340.306098088841 100.800050728727 0 0
 342.470421940552 74.3034738369556 0 0
 344.634351421875 79.5935743860235 0 0
 346.797892490048 66.6251540001576 0 0
 348.961051102309 46.2952453080935 0 0
 351.123833215896 54.1156956390066 0 0
 353.286244788047 42.7536098313726 0 0
 355.448291776 28.1792933291966 0 0
 357.609980136993 38.1586533381634 0 0
 359.771315828264 30.7635456161337 0 0
 361.932304807051 34.6855004666969 0 0
 364.092953030592 65.6784463588314 0 0
 366.253266456125 54.5702004691772 0 0
 368.413251040888 25.7116877252452 0 0
 370.572912742119 27.1431485727345 0 0
 372.732257517056 10.2518304291981 0 0
 374.891291322937 2.91335378403275 0 0
 377.050020117 19.446414733676 0 0
 379.208449856483 4.06767521352204 0 0
 381.366586498624 -0.0716619103310001 0 0
 383.524436000661 17.0317898848259 0 0
 385.682004319832 0.145667977417739 0 0
 387.839297413375 -1.09673177929661 0 0
 389.996321238528 14.890918525733 0 0
 392.153081752529 -2.01338574593676 0 0
 394.309584912616 -1.07472746221924 0 0
 396.465836676027 13.2884819122079 0 0
 398.621843 -1.20281501911979 0 0
 400.777609841773 14.0369381751654 0 0
 402.933143158584 48.1021863884396 0 0
 405.088448907671 38.5756036403875 0 0
 407.243533046272 30.4523572797577 0 0
 409.398401531625 22.0671977957634 0 0
 411.553060320968 0.858191075931589 0 0
 413.707515371539 7.03152021680952 0 0
 415.861772640576 15.4728027246705 0 0
 418.015838085317 5.67750562796071 0 0
 420.169717663 18.3583685327142 0 0
 422.323417330863 29.30567115435 0 0
 424.476943046144 26.8261012792717 0 0
 426.630300766081 47.7266390878378 0 0
 428.783496447912 69.4805054510934 0 0
 430.936536048875 95.5217875498031 0 0
 433.089425526208 190.006772451796 0 0
 435.242170837149 275.490759100246 0 0
 437.394777938936 299.122206811972 0 0
 439.547252788807 306.816165085556 0 0
 441.699601344 355.337296526909 0 0
 443.851829561753 427.816852944535 0 0
 446.003943399304 519.514554263836 0 0
 448.155948813891 565.978851160918 0 0
 450.307851762752 551.046121844074 0 0
 452.459658203125 507.066259185883 0 0
 454.611374092248 424.653717035453 0 0
 456.763005387359 340.871858565218 0 0
 458.914558045696 297.879146425486 0 0
 461.066038024497 254.387145043894 0 0
 463.217451281 217.323161193928 0 0
 465.368803772443 203.461457596592 0 0
 467.520101456064 168.042718369057 0 0
 469.671350289101 134.642617423589 0 0
 471.822556228792 127.652047753757 0 0
 473.973725232375 103.364107615511 0 0
 476.124863257088 89.2488676465304 0 0
 478.275976260169 99.1440747269907 0 0
 480.427070198856 85.8950993872448 0 0
 482.578151030387 81.8084696316226 0 0
 484.729224712 96.4601935008777 0 0
 486.880297200933 85.9862036258222 0 0
 489.031374454424 87.8829000907416 0 0
 491.182462429711 106.022676954733 0 0
 493.333567084032 98.3775334210062 0 0
 495.484694374625 104.705987830236 0 0
 497.635850258728 122.992621285776 0 0
 499.787040693579 115.484273950432 0 0
 501.938271636416 123.331552136039 0 0
 504.089549044477 -NAN 0 0
 506.240878875 -NAN 0 0
 508.392267085223 -NAN 0 0
 510.543719632384 -NAN 0 0
 512.695242473721 -NAN 0 0
 514.846841566472 -NAN 0 0
 516.998522867875 -NAN 0 0
 519.150292335168 -NAN 0 0
 521.302155925589 -NAN 0 0
 523.454119596376 -NAN 0 0
 525.606189304767 -NAN 0 0
 527.758371008 -NAN 0 0
 529.910670663313 -NAN 0 0
 532.063094227944 -NAN 0 0
 534.215647659131 -NAN 0 0
 536.368336914112 -NAN 0 0
 538.521167950125 -NAN 0 0
 540.674146724408 -NAN 0 0
 542.827279194199 -NAN 0 0
 544.980571316736 -NAN 0 0
 547.134029049257 -NAN 0 0
 549.287658349 -NAN 0 0
 551.441465173203 -NAN 0 0
 553.595455479104 -NAN 0 0
 555.749635223941 -NAN 0 0
 557.904010364952 -NAN 0 0
 560.058586859375 -NAN 0 0
 562.213370664448 -NAN 0 0
 564.368367737409 -NAN 0 0
 566.523584035496 -NAN 0 0
 568.679025515947 -NAN 0 0
 570.834698136 -NAN 0 0
 572.990607852893 -NAN 0 0
 575.146760623864 -NAN 0 0
 577.303162406151 -NAN 0 0
 579.459819156992 -NAN 0 0
 581.616736833625 -NAN 0 0
 583.773921393288 -NAN 0 0
 585.931378793219 -NAN 0 0
 588.089114990656 -NAN 0 0
 590.247135942837 -NAN 0 0
 592.405447607 -NAN 0 0
 594.564055940383 -NAN 0 0
 596.722966900224 -NAN 0 0
 598.882186443761 -NAN 0 0
 601.041720528232 -NAN 0 0
 603.201575110875 -NAN 0 0
 605.361756148928 -NAN 0 0
 607.522269599629 -NAN 0 0
 609.683121420216 -NAN 0 0
 611.844317567927 -NAN 0 0
 614.005864 -NAN 0 0
 616.167766673673 -NAN 0 0
 618.330031546184 -NAN 0 0
 620.492664574771 -NAN 0 0
 622.655671716672 -NAN 0 0
 624.819058929125 -NAN 0 0
 626.982832169368 -NAN 0 0
 629.146997394639 -NAN 0 0
 631.311560562176 -NAN 0 0
 633.476527629217 -NAN 0 0
 635.641904553 -NAN 0 0
 637.807697290763 -NAN 0 0
 639.973911799744 -NAN 0 0
 642.140554037181 -NAN 0 0
 644.307629960312 -NAN 0 0
 646.475145526375 -NAN 0 0
 648.643106692608 -NAN 0 0
 650.811519416249 -NAN 0 0
 652.980389654536 -NAN 0 0
 655.149723364707 -NAN 0 0
 657.319526504 -NAN 0 0
 659.489805029653 -NAN 0 0
 661.660564898904 -NAN 0 0
 663.831812068991 -NAN 0 0
 666.003552497152 -NAN 0 0
 668.175792140625 -NAN 0 0
 670.348536956648 -NAN 0 0
 672.521792902459 -NAN 0 0
 674.695565935296 -NAN 0 0
 676.869862012397 -NAN 0 0
 679.044687091 -NAN 0 0
 681.220047128343 -NAN 0 0
 683.395948081664 -NAN 0 0
 685.572395908201 -NAN 0 0
 687.749396565192 -NAN 0 0
 689.926956009875 -NAN 0 0
 692.105080199488 -NAN 0 0
 694.283775091269 -NAN 0 0
 696.463046642456 -NAN 0 0
 698.642900810287 -NAN 0 0
 700.823343552 -NAN 0 0
 703.004380824833 -NAN 0 0
 705.186018586024 -NAN 0 0
 707.368262792811 -NAN 0 0
 709.551119402432 -NAN 0 0
 711.734594372125 -NAN 0 0
 713.918693659128 -NAN 0 0
 716.103423220679 -NAN 0 0
 718.288789014016 -NAN 0 0
 720.474796996377 -NAN 0 0
 722.661453125 -NAN 0 0
 724.848763357123 -NAN 0 0
 727.036733649984 -NAN 0 0
 729.225369960821 -NAN 0 0
 731.414678246872 -NAN 0 0
 733.604664465375 -NAN 0 0
 735.795334573568 -NAN 0 0
[END] of [DATA]
[END] of Spectrum


[Spectrum]
Version            = 1
IDData             = 12ad_2026-06-08_16-22-15_000_349
IDDevice           = SAM_82E6
IDDataType         = SPECTRUM
IDDataTypeSub1     = CALIBRATED
IDDataTypeSub2     = 
IDDataTypeSub3     = 
DateTime           = 2026-06-08 16:22:15
PositionLatitude   = 0
PositionLongitude  = 0
Comment            = 20260608_FrameD
CommentSub1        = UV
CommentSub2        = right
CommentSub3        = 50cm
IDMethodType       = SAM Control
MethodName         = SAM_82E6
Mission            = No Mission
MissionSub         = 1
RecordType         = 0
[Attributes]
CalFactor = 1
IDBasisSpec = 
IDDataBack = DLAB_2024-11-11_10-40-48_641_639
IDDataCal = DLAB_2024-11-12_11-45-27_171_455
IntegrationTime = 128
P31 = -1
P31e = 0
PathLength = +INF
PathLengthCustomOn = 0
RAWDynamic = 65535
Salinity = 0
Temperature = -NAN
Unit1 = $01 $01 Wavelength nm
Unit2 = $03 $06 Intensity mW/(m^2 nm)
Unit3 = $f0 $06 Error mW/(m^2 nm)
Unit4 = $f1 $00 Status 
p999 = 7483
[END] of [Attributes]
[DATA]
 0 6 0 0
 185.260577530984 -NAN 0 0
 187.468128380571 -NAN 0 0
 189.674861895872 -NAN 0 0
 191.880784034125 -NAN 0 0
 194.085900752568 -NAN 0 0
 196.290218008439 -NAN 0 0
 198.493741758976 -NAN 0 0
 200.696477961417 -NAN 0 0
 202.898432573 -NAN 0 0
 205.099611550963 -NAN 0 0
 207.300020852544 -NAN 0 0
 209.499666434981 -NAN 0 0
 211.698554255512 -NAN 0 0
 213.896690271375 -NAN 0 0
 216.094080439808 -NAN 0 0
 218.290730718049 -NAN 0 0
 220.486647063336 -NAN 0 0
 222.681835432907 -NAN 0 0
 224.876301784 -NAN 0 0
 227.070052073853 -NAN 0 0
 229.263092259704 -NAN 0 0
 231.455428298791 -NAN 0 0
 233.647066148352 -NAN 0 0
 235.838011765625 -NAN 0 0
 238.028271107848 -NAN 0 0
 240.217850132259 -NAN 0 0
 242.406754796096 -NAN 0 0
 244.594991056597 -NAN 0 0
 246.782564871 -NAN 0 0
 248.969482196543 -NAN 0 0
 251.155748990464 -NAN 0 0
 253.341371210001 -NAN 0 0
 255.526354812392 -NAN 0 0
 257.710705754875 -NAN 0 0
 259.894429994688 -NAN 0 0
 262.077533489069 -NAN 0 0
 264.260022195256 -NAN 0 0
 266.441902070487 -NAN 0 0
 268.623179072 -NAN 0 0
 270.803859157033 -NAN 0 0
 272.983948282824 -NAN 0 0
 275.163452406611 -NAN 0 0
 277.342377485632 -NAN 0 0
 279.520729477125 24.6029530432417 0 0
 281.698514338328 18.1869035220492 0 0
 283.875738026479 28.1318964358907 0 0
 286.052406498816 61.1118872117976 0 0
 288.228525712577 63.7017331922293 0 0
 290.404101625 92.5122763125534 0 0
 292.579140193323 139.116026119704 0 0
 294.753647374784 160.206260197547 0 0
 296.927629126621 195.409716268521 0 0
 299.101091406072 239.158175119075 0 0
 301.274040170375 260.553950274454 0 0
 303.446481376768 283.178453497504 0 0
 305.618420982489 310.815563078537 0 0
 307.789864944776 308.597195628131 0 0
 309.960819220867 330.230024870911 0 0
 312.131289768 352.210114629914 0 0
 314.301282543413 322.301020124181 0 0
 316.470803504344 300.461086194203 0 0
 318.639858608031 281.544333218257 0 0
 320.808453811712 240.663980201237 0 0
 322.976595072625 236.673934454024 0 0
 325.144288348008 220.625034331758 0 0
 327.311539595099 181.039987124357 0 0
 329.478354771136 178.057870960893 0 0
 331.644739833357 162.76152756338 0 0
 333.810700739 129.217641181797 0 0
 335.976243445303 129.743747585192 0 0
 338.141373909504 113.074224924471 0 0
 340.306098088841 83.8217613259824 0 0
 342.470421940552 88.2818416117345 0 0
 344.634351421875 75.746735384262 0 0
 346.797892490048 53.3192727256525 0 0
 348.961051102309 59.7446368642883 0 0
 351.123833215896 48.9585557193597 0 0
 353.286244788047 32.2932107633465 0 0
 355.448291776 41.4433765152445 0 0
 357.609980136993 32.0303277860432 0 0
 359.771315828264 22.4007437073663 0 0
 361.932304807051 48.5022481225071 0 0
 364.092953030592 57.2051676094504 0 0
 366.253266456125 47.2140963101295 0 0
 368.413251040888 41.162455984523 0 0
 370.572912742119 16.6091344884511 0 0
 372.732257517056 4.66461957515086 0 0
 374.891291322937 20.4115968526643 0 0
 377.050020117 6.41213331862397 0 0
 379.208449856483 0.466907274670638 0 0
 381.366586498624 17.7114598101295 0 0
 383.524436000661 2.09322053712238 0 0
 385.682004319832 -1.00501812265548 0 0
 387.839297413375 15.7880888208283 0 0
 389.996321238528 -0.631858219426267 0 0
 392.153081752529 -1.33761221780196 0 0
 394.309584912616 14.0466406682894 0 0
 396.465836676027 -2.27268603249352 0 0
 398.621843 1.87945579288317 0 0
 400.777609841773 26.6557138571456 0 0
 402.933143158584 31.7702789007729 0 0
 405.088448907671 42.2916633151665 0 0
 407.243533046272 39.9266896160095 0 0
 409.398401531625 7.65149470664149 0 0
 411.553060320968 6.87483069054892 0 0
 413.707515371539 14.3828811342229 0 0
 415.861772640576 2.59578839025593 0 0
 418.015838085317 12.9682955038124 0 0
 420.169717663 23.4848684203034 0 0
 422.323417330863 17.7539211904193 0 0
 424.476943046144 34.5760960439378 0 0
 426.630300766081 50.9437458875117 0 0
 428.783496447912 58.9509859405105 0 0
 430.936536048875 103.413416202267 0 0
 433.089425526208 189.774414792359 0 0
 435.242170837149 262.961464048356 0 0
 437.394777938936 305.352774766853 0 0
 439.547252788807 306.20551475293 0 0
 441.699601344 345.780487677651 0 0
 443.851829561753 437.821987572087 0 0
 446.003943399304 518.699203770539 0 0
 448.155948813891 557.056394000532 0 0
 450.307851762752 562.555965767545 0 0
 452.459658203125 504.732884812107 0 0
 454.611374092248 415.805085067717 0 0
 456.763005387359 353.472356460469 0 0
 458.914558045696 293.406969340608 0 0
 461.066038024497 246.46529418318 0 0
 463.217451281 231.177640093574 0 0
 465.368803772443 197.135586405574 0 0
 467.520101456064 161.29635617053 0 0
 469.671350289101 149.004131555882 0 0
 471.822556228792 119.212403226647 0 0
 473.973725232375 98.0733550753429 0 0
 476.124863257088 103.957067260557 0 0
 478.275976260169 89.1039675495776 0 0
 480.427070198856 82.5479647276166 0 0
 482.578151030387 96.4154905196856 0 0
 484.729224712 85.2160264266097 0 0
 486.880297200933 84.1550485427501 0 0
 489.031374454424 101.82141351497 0 0
 491.182462429711 93.7003465359056 0 0
 493.333567084032 98.4387666550649 0 0
 495.484694374625 117.398021684638 0 0
 497.635850258728 110.177030833777 0 0
 499.787040693579 117.187870057248 0 0
 501.938271636416 134.549068128353 0 0
 504.089549044477 -NAN 0 0
 506.240878875 -NAN 0 0
 508.392267085223 -NAN 0 0
 510.543719632384 -NAN 0 0
 512.695242473721 -NAN 0 0
 514.846841566472 -NAN 0 0
 516.998522867875 -NAN 0 0
 519.150292335168 -NAN 0 0
 521.302155925589 -NAN 0 0
 523.454119596376 -NAN 0 0
 525.606189304767 -NAN 0 0
 527.758371008 -NAN 0 0
 529.910670663313 -NAN 0 0
 532.063094227944 -NAN 0 0
 534.215647659131 -NAN 0 0
 536.368336914112 -NAN 0 0
 538.521167950125 -NAN 0 0
 540.674146724408 -NAN 0 0
 542.827279194199 -NAN 0 0
 544.980571316736 -NAN 0 0
 547.134029049257 -NAN 0 0
 549.287658349 -NAN 0 0
 551.441465173203 -NAN 0 0
 553.595455479104 -NAN 0 0
 555.749635223941 -NAN 0 0
 557.904010364952 -NAN 0 0
 560.058586859375 -NAN 0 0
 562.213370664448 -NAN 0 0
 564.368367737409 -NAN 0 0
 566.523584035496 -NAN 0 0
 568.679025515947 -NAN 0 0
 570.834698136 -NAN 0 0
 572.990607852893 -NAN 0 0
 575.146760623864 -NAN 0 0
 577.303162406151 -NAN 0 0
 579.459819156992 -NAN 0 0
 581.616736833625 -NAN 0 0
 583.773921393288 -NAN 0 0
 585.931378793219 -NAN 0 0
 588.089114990656 -NAN 0 0
 590.247135942837 -NAN 0 0
 592.405447607 -NAN 0 0
 594.564055940383 -NAN 0 0
 596.722966900224 -NAN 0 0
 598.882186443761 -NAN 0 0
 601.041720528232 -NAN 0 0
 603.201575110875 -NAN 0 0
 605.361756148928 -NAN 0 0
 607.522269599629 -NAN 0 0
 609.683121420216 -NAN 0 0
 611.844317567927 -NAN 0 0
 614.005864 -NAN 0 0
 616.167766673673 -NAN 0 0
 618.330031546184 -NAN 0 0
 620.492664574771 -NAN 0 0
 622.655671716672 -NAN 0 0
 624.819058929125 -NAN 0 0
 626.982832169368 -NAN 0 0
 629.146997394639 -NAN 0 0
 631.311560562176 -NAN 0 0
 633.476527629217 -NAN 0 0
 635.641904553 -NAN 0 0
 637.807697290763 -NAN 0 0
 639.973911799744 -NAN 0 0
 642.140554037181 -NAN 0 0
 644.307629960312 -NAN 0 0
 646.475145526375 -NAN 0 0
 648.643106692608 -NAN 0 0
 650.811519416249 -NAN 0 0
 652.980389654536 -NAN 0 0
 655.149723364707 -NAN 0 0
 657.319526504 -NAN 0 0
 659.489805029653 -NAN 0 0
 661.660564898904 -NAN 0 0
 663.831812068991 -NAN 0 0
 666.003552497152 -NAN 0 0
 668.175792140625 -NAN 0 0
 670.348536956648 -NAN 0 0
 672.521792902459 -NAN 0 0
 674.695565935296 -NAN 0 0
 676.869862012397 -NAN 0 0
 679.044687091 -NAN 0 0
 681.220047128343 -NAN 0 0
 683.395948081664 -NAN 0 0
 685.572395908201 -NAN 0 0
 687.749396565192 -NAN 0 0
 689.926956009875 -NAN 0 0
 692.105080199488 -NAN 0 0
 694.283775091269 -NAN 0 0
 696.463046642456 -NAN 0 0
 698.642900810287 -NAN 0 0
 700.823343552 -NAN 0 0
 703.004380824833 -NAN 0 0
 705.186018586024 -NAN 0 0
 707.368262792811 -NAN 0 0
 709.551119402432 -NAN 0 0
 711.734594372125 -NAN 0 0
 713.918693659128 -NAN 0 0
 716.103423220679 -NAN 0 0
 718.288789014016 -NAN 0 0
 720.474796996377 -NAN 0 0
 722.661453125 -NAN 0 0
 724.848763357123 -NAN 0 0
 727.036733649984 -NAN 0 0
 729.225369960821 -NAN 0 0
 731.414678246872 -NAN 0 0
 733.604664465375 -NAN 0 0
 735.795334573568 -NAN 0 0
[END] of [DATA]
[END] of Spectrum


[Spectrum]
Version            = 1
IDData             = 12ad_2026-06-08_16-22-10_000_346
IDDevice           = SAM_82E6
IDDataType         = SPECTRUM
IDDataTypeSub1     = CALIBRATED
IDDataTypeSub2     = 
IDDataTypeSub3     = 
DateTime           = 2026-06-08 16:22:10
PositionLatitude   = 0
PositionLongitude  = 0
Comment            = 20260608_FrameD
CommentSub1        = UV
CommentSub2        = right
CommentSub3        = 50cm
IDMethodType       = SAM Control
MethodName         = SAM_82E6
Mission            = No Mission
MissionSub         = 1
RecordType         = 0
[Attributes]
CalFactor = 1
IDBasisSpec = 
IDDataBack = DLAB_2024-11-11_10-40-48_641_639
IDDataCal = DLAB_2024-11-12_11-45-27_171_455
IntegrationTime = 128
P31 = -1
P31e = 0
PathLength = +INF
PathLengthCustomOn = 0
RAWDynamic = 65535
Salinity = 0
Temperature = -NAN
Unit1 = $01 $01 Wavelength nm
Unit2 = $03 $06 Intensity mW/(m^2 nm)
Unit3 = $f0 $06 Error mW/(m^2 nm)
Unit4 = $f1 $00 Status 
p999 = 7482
[END] of [Attributes]
[DATA]
 0 6 0 0
 185.260577530984 -NAN 0 0
 187.468128380571 -NAN 0 0
 189.674861895872 -NAN 0 0
 191.880784034125 -NAN 0 0
 194.085900752568 -NAN 0 0
 196.290218008439 -NAN 0 0
 198.493741758976 -NAN 0 0
 200.696477961417 -NAN 0 0
 202.898432573 -NAN 0 0
 205.099611550963 -NAN 0 0
 207.300020852544 -NAN 0 0
 209.499666434981 -NAN 0 0
 211.698554255512 -NAN 0 0
 213.896690271375 -NAN 0 0
 216.094080439808 -NAN 0 0
 218.290730718049 -NAN 0 0
 220.486647063336 -NAN 0 0
 222.681835432907 -NAN 0 0
 224.876301784 -NAN 0 0
 227.070052073853 -NAN 0 0
 229.263092259704 -NAN 0 0
 231.455428298791 -NAN 0 0
 233.647066148352 -NAN 0 0
 235.838011765625 -NAN 0 0
 238.028271107848 -NAN 0 0
 240.217850132259 -NAN 0 0
 242.406754796096 -NAN 0 0
 244.594991056597 -NAN 0 0
 246.782564871 -NAN 0 0
 248.969482196543 -NAN 0 0
 251.155748990464 -NAN 0 0
 253.341371210001 -NAN 0 0
 255.526354812392 -NAN 0 0
 257.710705754875 -NAN 0 0
 259.894429994688 -NAN 0 0
 262.077533489069 -NAN 0 0
 264.260022195256 -NAN 0 0
 266.441902070487 -NAN 0 0
 268.623179072 -NAN 0 0
 270.803859157033 -NAN 0 0
 272.983948282824 -NAN 0 0
 275.163452406611 -NAN 0 0
 277.342377485632 -NAN 0 0
 279.520729477125 19.4000069776995 0 0
 281.698514338328 23.7147634229001 0 0
 283.875738026479 21.9777807646988 0 0
 286.052406498816 56.1435779767142 0 0
 288.228525712577 69.0886872126999 0 0
 290.404101625 84.7095152567999 0 0
 292.579140193323 134.114893388751 0 0
 294.753647374784 163.28319669636 0 0
 296.927629126621 185.99147450508 0 0
 299.101091406072 233.900289170501 0 0
 301.274040170375 260.342766309707 0 0
 303.446481376768 272.402927010023 0 0
 305.618420982489 305.199686571669 0 0
 307.789864944776 306.882676732611 0 0
 309.960819220867 318.011608385549 0 0
 312.131289768 346.597360589979 0 0
 314.301282543413 320.666119537781 0 0
 316.470803504344 287.46156890144 0 0
 318.639858608031 278.253622896982 0 0
 320.808453811712 240.421719388755 0 0
 322.976595072625 223.660755734509 0 0
 325.144288348008 219.530712358377 0 0
 327.311539595099 181.564812565955 0 0
 329.478354771136 165.016011983297 0 0
 331.644739833357 162.838511644838 0 0
 333.810700739 129.61433906718 0 0
 335.976243445303 117.416691292908 0 0
 338.141373909504 114.310101750565 0 0
 340.306098088841 83.2571303889338 0 0
 342.470421940552 77.7433962860745 0 0
 344.634351421875 77.0797361498283 0 0
 346.797892490048 51.7295732470099 0 0
 348.961051102309 50.9572538525102 0 0
 351.123833215896 50.6287212848281 0 0
 353.286244788047 30.1712534417183 0 0
 355.448291776 33.4640586112543 0 0
 357.609980136993 34.2062420830742 0 0
 359.771315828264 19.1653343000901 0 0
 361.932304807051 40.8905740582874 0 0
 364.092953030592 59.5806211056127 0 0
 366.253266456125 42.8814805885758 0 0
 368.413251040888 33.6971102849834 0 0
 370.572912742119 20.6534322530144 0 0
 372.732257517056 -0.104664310535935 0 0
 374.891291322937 13.2455856689681 0 0
 377.050020117 11.797447599962 0 0
 379.208449856483 -4.82578776797841 0 0
 381.366586498624 11.6796420001537 0 0
 383.524436000661 8.43475763439696 0 0
 385.682004319832 -6.53798342461447 0 0
 387.839297413375 11.3476232874901 0 0
 389.996321238528 5.96437375915197 0 0
 392.153081752529 -6.56063390137361 0 0
 394.309584912616 11.2211852830956 0 0
 396.465836676027 4.37011087807354 0 0
 398.621843 -3.49693737553525 0 0
 400.777609841773 25.0847068465477 0 0
 402.933143158584 36.9916228015401 0 0
 405.088448907671 36.2083814938423 0 0
 407.243533046272 39.4324799292533 0 0
 409.398401531625 12.7641937912661 0 0
 411.553060320968 1.98872372579094 0 0
 413.707515371539 15.5071694869077 0 0
 415.861772640576 7.31508095444178 0 0
 418.015838085317 8.10056037300243 0 0
 420.169717663 24.8622782443171 0 0
 422.323417330863 21.5755114535125 0 0
 424.476943046144 29.8769238661641 0 0
 426.630300766081 52.6511344707569 0 0
 428.783496447912 61.9081194320744 0 0
 430.936536048875 98.1166229498874 0 0
 433.089425526208 189.831087392222 0 0
 435.242170837149 262.211800288793 0 0
 437.394777938936 297.711436774721 0 0
 439.547252788807 306.917266134005 0 0
 441.699601344 346.873680742888 0 0
 443.851829561753 432.110029176838 0 0
 446.003943399304 520.437705556877 0 0
 448.155948813891 557.512651029089 0 0
 450.307851762752 556.353293472189 0 0
 452.459658203125 506.648493468308 0 0
 454.611374092248 415.101378710261 0 0
 456.763005387359 346.915841091715 0 0
 458.914558045696 295.920011496315 0 0
 461.066038024497 244.720958662467 0 0
 463.217451281 224.146016872148 0 0
 465.368803772443 200.287438796093 0 0
 467.520101456064 158.479570556603 0 0
 469.671350289101 142.299132796899 0 0
 471.822556228792 122.968214468086 0 0
 473.973725232375 94.7216275556193 0 0
 476.124863257088 97.5977222411387 0 0
 478.275976260169 93.6622984451779 0 0
 480.427070198856 78.5358585565749 0 0
 482.578151030387 90.8481473402206 0 0
 484.729224712 90.3435722507565 0 0
 486.880297200933 80.1661059488372 0 0
 489.031374454424 97.3277898566491 0 0
 491.182462429711 99.1461621003215 0 0
 493.333567084032 94.2882667174163 0 0
 495.484694374625 114.228057006954 0 0
 497.635850258728 115.961106928541 0 0
 499.787040693579 112.939207909554 0 0
 501.938271636416 132.919660164009 0 0
 504.089549044477 -NAN 0 0
 506.240878875 -NAN 0 0
 508.392267085223 -NAN 0 0
 510.543719632384 -NAN 0 0
 512.695242473721 -NAN 0 0
 514.846841566472 -NAN 0 0
 516.998522867875 -NAN 0 0
 519.150292335168 -NAN 0 0
 521.302155925589 -NAN 0 0
 523.454119596376 -NAN 0 0
 525.606189304767 -NAN 0 0
 527.758371008 -NAN 0 0
 529.910670663313 -NAN 0 0
 532.063094227944 -NAN 0 0
 534.215647659131 -NAN 0 0
 536.368336914112 -NAN 0 0
 538.521167950125 -NAN 0 0
 540.674146724408 -NAN 0 0
 542.827279194199 -NAN 0 0
 544.980571316736 -NAN 0 0
 547.134029049257 -NAN 0 0
 549.287658349 -NAN 0 0
 551.441465173203 -NAN 0 0
 553.595455479104 -NAN 0 0
 555.749635223941 -NAN 0 0
 557.904010364952 -NAN 0 0
 560.058586859375 -NAN 0 0
 562.213370664448 -NAN 0 0
 564.368367737409 -NAN 0 0
 566.523584035496 -NAN 0 0
 568.679025515947 -NAN 0 0
 570.834698136 -NAN 0 0
 572.990607852893 -NAN 0 0
 575.146760623864 -NAN 0 0
 577.303162406151 -NAN 0 0
 579.459819156992 -NAN 0 0
 581.616736833625 -NAN 0 0
 583.773921393288 -NAN 0 0
 585.931378793219 -NAN 0 0
 588.089114990656 -NAN 0 0
 590.247135942837 -NAN 0 0
 592.405447607 -NAN 0 0
 594.564055940383 -NAN 0 0
 596.722966900224 -NAN 0 0
 598.882186443761 -NAN 0 0
 601.041720528232 -NAN 0 0
 603.201575110875 -NAN 0 0
 605.361756148928 -NAN 0 0
 607.522269599629 -NAN 0 0
 609.683121420216 -NAN 0 0
 611.844317567927 -NAN 0 0
 614.005864 -NAN 0 0
 616.167766673673 -NAN 0 0
 618.330031546184 -NAN 0 0
 620.492664574771 -NAN 0 0
 622.655671716672 -NAN 0 0
 624.819058929125 -NAN 0 0
 626.982832169368 -NAN 0 0
 629.146997394639 -NAN 0 0
 631.311560562176 -NAN 0 0
 633.476527629217 -NAN 0 0
 635.641904553 -NAN 0 0
 637.807697290763 -NAN 0 0
 639.973911799744 -NAN 0 0
 642.140554037181 -NAN 0 0
 644.307629960312 -NAN 0 0
 646.475145526375 -NAN 0 0
 648.643106692608 -NAN 0 0
 650.811519416249 -NAN 0 0
 652.980389654536 -NAN 0 0
 655.149723364707 -NAN 0 0
 657.319526504 -NAN 0 0
 659.489805029653 -NAN 0 0
 661.660564898904 -NAN 0 0
 663.831812068991 -NAN 0 0
 666.003552497152 -NAN 0 0
 668.175792140625 -NAN 0 0
 670.348536956648 -NAN 0 0
 672.521792902459 -NAN 0 0
 674.695565935296 -NAN 0 0
 676.869862012397 -NAN 0 0
 679.044687091 -NAN 0 0
 681.220047128343 -NAN 0 0
 683.395948081664 -NAN 0 0
 685.572395908201 -NAN 0 0
 687.749396565192 -NAN 0 0
 689.926956009875 -NAN 0 0
 692.105080199488 -NAN 0 0
 694.283775091269 -NAN 0 0
 696.463046642456 -NAN 0 0
 698.642900810287 -NAN 0 0
 700.823343552 -NAN 0 0
 703.004380824833 -NAN 0 0
 705.186018586024 -NAN 0 0
 707.368262792811 -NAN 0 0
 709.551119402432 -NAN 0 0
 711.734594372125 -NAN 0 0
 713.918693659128 -NAN 0 0
 716.103423220679 -NAN 0 0
 718.288789014016 -NAN 0 0
 720.474796996377 -NAN 0 0
 722.661453125 -NAN 0 0
 724.848763357123 -NAN 0 0
 727.036733649984 -NAN 0 0
 729.225369960821 -NAN 0 0
 731.414678246872 -NAN 0 0
 733.604664465375 -NAN 0 0
 735.795334573568 -NAN 0 0
[END] of [DATA]
[END] of Spectrum


