[Spectrum]
Version            = 1
IDData             = 12ad_2026-06-08_15-44-20_000_866
IDDevice           = SAM_82E6
IDDataType         = SPECTRUM
IDDataTypeSub1     = CALIBRATED
IDDataTypeSub2     = 
IDDataTypeSub3     = 
DateTime           = 2026-06-08 15:44:20
PositionLatitude   = 0
PositionLongitude  = 0
Comment            = 20260608_FrameD
CommentSub1        = UV
CommentSub2        = centre
CommentSub3        = 22.5cm
IDMethodType       = SAM Control
MethodName         = SAM_82E6
Mission            = No Mission
MissionSub         = 1
RecordType         = 0
[Attributes]
CalFactor = 1
IDBasisSpec = 
IDDataBack = DLAB_2024-11-11_10-40-48_641_639
IDDataCal = DLAB_2024-11-12_11-45-27_171_455
IntegrationTime = 128
P31 = -1
P31e = 0
PathLength = +INF
PathLengthCustomOn = 0
RAWDynamic = 65535
Salinity = 0
Temperature = -NAN
Unit1 = $01 $01 Wavelength nm
Unit2 = $03 $06 Intensity mW/(m^2 nm)
Unit3 = $f0 $06 Error mW/(m^2 nm)
Unit4 = $f1 $00 Status 
p999 = 7402
[END] of [Attributes]
[DATA]
 0 6 0 0
 185.260577530984 -NAN 0 0
 187.468128380571 -NAN 0 0
 189.674861895872 -NAN 0 0
 191.880784034125 -NAN 0 0
 194.085900752568 -NAN 0 0
 196.290218008439 -NAN 0 0
 198.493741758976 -NAN 0 0
 200.696477961417 -NAN 0 0
 202.898432573 -NAN 0 0
 205.099611550963 -NAN 0 0
 207.300020852544 -NAN 0 0
 209.499666434981 -NAN 0 0
 211.698554255512 -NAN 0 0
 213.896690271375 -NAN 0 0
 216.094080439808 -NAN 0 0
 218.290730718049 -NAN 0 0
 220.486647063336 -NAN 0 0
 222.681835432907 -NAN 0 0
 224.876301784 -NAN 0 0
 227.070052073853 -NAN 0 0
 229.263092259704 -NAN 0 0
 231.455428298791 -NAN 0 0
 233.647066148352 -NAN 0 0
 235.838011765625 -NAN 0 0
 238.028271107848 -NAN 0 0
 240.217850132259 -NAN 0 0
 242.406754796096 -NAN 0 0
 244.594991056597 -NAN 0 0
 246.782564871 -NAN 0 0
 248.969482196543 -NAN 0 0
 251.155748990464 -NAN 0 0
 253.341371210001 -NAN 0 0
 255.526354812392 -NAN 0 0
 257.710705754875 -NAN 0 0
 259.894429994688 -NAN 0 0
 262.077533489069 -NAN 0 0
 264.260022195256 -NAN 0 0
 266.441902070487 -NAN 0 0
 268.623179072 -NAN 0 0
 270.803859157033 -NAN 0 0
 272.983948282824 -NAN 0 0
 275.163452406611 -NAN 0 0
 277.342377485632 -NAN 0 0
 279.520729477125 2.87461341864105 0 0
 281.698514338328 11.2130140444857 0 0
 283.875738026479 7.1785305962522 0 0
 286.052406498816 13.5398181303412 0 0
 288.228525712577 25.5002060640838 0 0
 290.404101625 25.3672344731064 0 0
 292.579140193323 37.6950841080141 0 0
 294.753647374784 53.9862512767656 0 0
 296.927629126621 55.9034385004756 0 0
 299.101091406072 68.8941947825763 0 0
 301.274040170375 83.2638515178582 0 0
 303.446481376768 81.918792347988 0 0
 305.618420982489 91.3898681426039 0 0
 307.789864944776 97.2560192039243 0 0
 309.960819220867 95.6831146771141 0 0
 312.131289768 104.55128099772 0 0
 314.301282543413 102.042934010376 0 0
 316.470803504344 85.9910425282114 0 0
 318.639858608031 84.7114859090183 0 0
 320.808453811712 78.7112959539022 0 0
 322.976595072625 66.6195036618265 0 0
 325.144288348008 68.0234232100113 0 0
 327.311539595099 61.7580125963949 0 0
 329.478354771136 48.8113825620294 0 0
 331.644739833357 51.948864156593 0 0
 333.810700739 45.7334593326814 0 0
 335.976243445303 33.9939192997977 0 0
 338.141373909504 37.4554160333358 0 0
 340.306098088841 30.8224612541643 0 0
 342.470421940552 21.9713456759217 0 0
 344.634351421875 26.30246736489 0 0
 346.797892490048 20.631379190645 0 0
 348.961051102309 13.8763017435828 0 0
 351.123833215896 18.6067667501158 0 0
 353.286244788047 13.1890523486881 0 0
 355.448291776 8.56015350028347 0 0
 357.609980136993 13.7706375335963 0 0
 359.771315828264 9.51933976403523 0 0
 361.932304807051 11.0412163315493 0 0
 364.092953030592 22.9959276219428 0 0
 366.253266456125 17.1473781518758 0 0
 368.413251040888 8.18303662592008 0 0
 370.572912742119 10.6331193444162 0 0
 372.732257517056 2.54348839404399 0 0
 374.891291322937 1.16420171086412 0 0
 377.050020117 8.14194482190213 0 0
 379.208449856483 0.433320632411626 0 0
 381.366586498624 0.302853487898517 0 0
 383.524436000661 7.25229262656808 0 0
 385.682004319832 -0.911142618817616 0 0
 387.839297413375 -0.109174511671617 0 0
 389.996321238528 6.59084723922988 0 0
 392.153081752529 -1.79552857156887 0 0
 394.309584912616 0.342091140684404 0 0
 396.465836676027 5.81466412701658 0 0
 398.621843 -1.13779940578008 0 0
 400.777609841773 5.90749709631774 0 0
 402.933143158584 18.1897154928551 0 0
 405.088448907671 13.3616780784568 0 0
 407.243533046272 12.761788901184 0 0
 409.398401531625 10.3258648687916 0 0
 411.553060320968 1.82548584073808 0 0
 413.707515371539 7.12167541490217 0 0
 415.861772640576 11.4444619481044 0 0
 418.015838085317 9.17594450731304 0 0
 420.169717663 18.7112351977946 0 0
 422.323417330863 26.9279351904657 0 0
 424.476943046144 31.6149252118537 0 0
 426.630300766081 49.5401999641766 0 0
 428.783496447912 68.5355377646501 0 0
 430.936536048875 93.1444931295925 0 0
 433.089425526208 149.693932952249 0 0
 435.242170837149 206.938084285176 0 0
 437.394777938936 249.179348887036 0 0
 439.547252788807 298.528305537976 0 0
 441.699601344 373.856644611768 0 0
 443.851829561753 467.257322995201 0 0
 446.003943399304 564.60181097555 0 0
 448.155948813891 618.803763476885 0 0
 450.307851762752 612.189969517445 0 0
 452.459658203125 558.516284133341 0 0
 454.611374092248 468.400478605769 0 0
 456.763005387359 380.774248777707 0 0
 458.914558045696 322.755070067663 0 0
 461.066038024497 275.60140314948 0 0
 463.217451281 239.90225383951 0 0
 465.368803772443 215.236043469411 0 0
 467.520101456064 179.623670020536 0 0
 469.671350289101 147.867507613853 0 0
 471.822556228792 129.968277096192 0 0
 473.973725232375 107.381996485245 0 0
 476.124863257088 95.5406778389663 0 0
 478.275976260169 95.5180791852199 0 0
 480.427070198856 86.3306167422912 0 0
 482.578151030387 84.0932233381913 0 0
 484.729224712 89.5947806853297 0 0
 486.880297200933 83.926853284994 0 0
 489.031374454424 86.4674533955784 0 0
 491.182462429711 95.6838921557585 0 0
 493.333567084032 93.8429341060807 0 0
 495.484694374625 100.2576330678 0 0
 497.635850258728 110.723402209952 0 0
 499.787040693579 109.627686696177 0 0
 501.938271636416 116.700916423801 0 0
 504.089549044477 -NAN 0 0
 506.240878875 -NAN 0 0
 508.392267085223 -NAN 0 0
 510.543719632384 -NAN 0 0
 512.695242473721 -NAN 0 0
 514.846841566472 -NAN 0 0
 516.998522867875 -NAN 0 0
 519.150292335168 -NAN 0 0
 521.302155925589 -NAN 0 0
 523.454119596376 -NAN 0 0
 525.606189304767 -NAN 0 0
 527.758371008 -NAN 0 0
 529.910670663313 -NAN 0 0
 532.063094227944 -NAN 0 0
 534.215647659131 -NAN 0 0
 536.368336914112 -NAN 0 0
 538.521167950125 -NAN 0 0
 540.674146724408 -NAN 0 0
 542.827279194199 -NAN 0 0
 544.980571316736 -NAN 0 0
 547.134029049257 -NAN 0 0
 549.287658349 -NAN 0 0
 551.441465173203 -NAN 0 0
 553.595455479104 -NAN 0 0
 555.749635223941 -NAN 0 0
 557.904010364952 -NAN 0 0
 560.058586859375 -NAN 0 0
 562.213370664448 -NAN 0 0
 564.368367737409 -NAN 0 0
 566.523584035496 -NAN 0 0
 568.679025515947 -NAN 0 0
 570.834698136 -NAN 0 0
 572.990607852893 -NAN 0 0
 575.146760623864 -NAN 0 0
 577.303162406151 -NAN 0 0
 579.459819156992 -NAN 0 0
 581.616736833625 -NAN 0 0
 583.773921393288 -NAN 0 0
 585.931378793219 -NAN 0 0
 588.089114990656 -NAN 0 0
 590.247135942837 -NAN 0 0
 592.405447607 -NAN 0 0
 594.564055940383 -NAN 0 0
 596.722966900224 -NAN 0 0
 598.882186443761 -NAN 0 0
 601.041720528232 -NAN 0 0
 603.201575110875 -NAN 0 0
 605.361756148928 -NAN 0 0
 607.522269599629 -NAN 0 0
 609.683121420216 -NAN 0 0
 611.844317567927 -NAN 0 0
 614.005864 -NAN 0 0
 616.167766673673 -NAN 0 0
 618.330031546184 -NAN 0 0
 620.492664574771 -NAN 0 0
 622.655671716672 -NAN 0 0
 624.819058929125 -NAN 0 0
 626.982832169368 -NAN 0 0
 629.146997394639 -NAN 0 0
 631.311560562176 -NAN 0 0
 633.476527629217 -NAN 0 0
 635.641904553 -NAN 0 0
 637.807697290763 -NAN 0 0
 639.973911799744 -NAN 0 0
 642.140554037181 -NAN 0 0
 644.307629960312 -NAN 0 0
 646.475145526375 -NAN 0 0
 648.643106692608 -NAN 0 0
 650.811519416249 -NAN 0 0
 652.980389654536 -NAN 0 0
 655.149723364707 -NAN 0 0
 657.319526504 -NAN 0 0
 659.489805029653 -NAN 0 0
 661.660564898904 -NAN 0 0
 663.831812068991 -NAN 0 0
 666.003552497152 -NAN 0 0
 668.175792140625 -NAN 0 0
 670.348536956648 -NAN 0 0
 672.521792902459 -NAN 0 0
 674.695565935296 -NAN 0 0
 676.869862012397 -NAN 0 0
 679.044687091 -NAN 0 0
 681.220047128343 -NAN 0 0
 683.395948081664 -NAN 0 0
 685.572395908201 -NAN 0 0
 687.749396565192 -NAN 0 0
 689.926956009875 -NAN 0 0
 692.105080199488 -NAN 0 0
 694.283775091269 -NAN 0 0
 696.463046642456 -NAN 0 0
 698.642900810287 -NAN 0 0
 700.823343552 -NAN 0 0
 703.004380824833 -NAN 0 0
 705.186018586024 -NAN 0 0
 707.368262792811 -NAN 0 0
 709.551119402432 -NAN 0 0
 711.734594372125 -NAN 0 0
 713.918693659128 -NAN 0 0
 716.103423220679 -NAN 0 0
 718.288789014016 -NAN 0 0
 720.474796996377 -NAN 0 0
 722.661453125 -NAN 0 0
 724.848763357123 -NAN 0 0
 727.036733649984 -NAN 0 0
 729.225369960821 -NAN 0 0
 731.414678246872 -NAN 0 0
 733.604664465375 -NAN 0 0
 735.795334573568 -NAN 0 0
[END] of [DATA]
[END] of Spectrum


[Spectrum]
Version            = 1
IDData             = 12ad_2026-06-08_15-44-25_000_869
IDDevice           = SAM_82E6
IDDataType         = SPECTRUM
IDDataTypeSub1     = CALIBRATED
IDDataTypeSub2     = 
IDDataTypeSub3     = 
DateTime           = 2026-06-08 15:44:25
PositionLatitude   = 0
PositionLongitude  = 0
Comment            = 20260608_FrameD
CommentSub1        = UV
CommentSub2        = centre
CommentSub3        = 22.5cm
IDMethodType       = SAM Control
MethodName         = SAM_82E6
Mission            = No Mission
MissionSub         = 1
RecordType         = 0
[Attributes]
CalFactor = 1
IDBasisSpec = 
IDDataBack = DLAB_2024-11-11_10-40-48_641_639
IDDataCal = DLAB_2024-11-12_11-45-27_171_455
IntegrationTime = 128
P31 = -1
P31e = 0
PathLength = +INF
PathLengthCustomOn = 0
RAWDynamic = 65535
Salinity = 0
Temperature = -NAN
Unit1 = $01 $01 Wavelength nm
Unit2 = $03 $06 Intensity mW/(m^2 nm)
Unit3 = $f0 $06 Error mW/(m^2 nm)
Unit4 = $f1 $00 Status 
p999 = 7403
[END] of [Attributes]
[DATA]
 0 6 0 0
 185.260577530984 -NAN 0 0
 187.468128380571 -NAN 0 0
 189.674861895872 -NAN 0 0
 191.880784034125 -NAN 0 0
 194.085900752568 -NAN 0 0
 196.290218008439 -NAN 0 0
 198.493741758976 -NAN 0 0
 200.696477961417 -NAN 0 0
 202.898432573 -NAN 0 0
 205.099611550963 -NAN 0 0
 207.300020852544 -NAN 0 0
 209.499666434981 -NAN 0 0
 211.698554255512 -NAN 0 0
 213.896690271375 -NAN 0 0
 216.094080439808 -NAN 0 0
 218.290730718049 -NAN 0 0
 220.486647063336 -NAN 0 0
 222.681835432907 -NAN 0 0
 224.876301784 -NAN 0 0
 227.070052073853 -NAN 0 0
 229.263092259704 -NAN 0 0
 231.455428298791 -NAN 0 0
 233.647066148352 -NAN 0 0
 235.838011765625 -NAN 0 0
 238.028271107848 -NAN 0 0
 240.217850132259 -NAN 0 0
 242.406754796096 -NAN 0 0
 244.594991056597 -NAN 0 0
 246.782564871 -NAN 0 0
 248.969482196543 -NAN 0 0
 251.155748990464 -NAN 0 0
 253.341371210001 -NAN 0 0
 255.526354812392 -NAN 0 0
 257.710705754875 -NAN 0 0
 259.894429994688 -NAN 0 0
 262.077533489069 -NAN 0 0
 264.260022195256 -NAN 0 0
 266.441902070487 -NAN 0 0
 268.623179072 -NAN 0 0
 270.803859157033 -NAN 0 0
 272.983948282824 -NAN 0 0
 275.163452406611 -NAN 0 0
 277.342377485632 -NAN 0 0
 279.520729477125 3.1485837715418 0 0
 281.698514338328 11.2888456136081 0 0
 283.875738026479 7.15876060556916 0 0
 286.052406498816 14.1989684496655 0 0
 288.228525712577 26.0217090596825 0 0
 290.404101625 25.8965309740931 0 0
 292.579140193323 38.9439577268482 0 0
 294.753647374784 55.1989584555684 0 0
 296.927629126621 57.1426140142419 0 0
 299.101091406072 70.7222992805618 0 0
 301.274040170375 85.0229443231138 0 0
 303.446481376768 83.8890994413811 0 0
 305.618420982489 93.7558061577535 0 0
 307.789864944776 99.2612794582857 0 0
 309.960819220867 97.8855852942349 0 0
 312.131289768 107.148361255172 0 0
 314.301282543413 104.03597782623 0 0
 316.470803504344 87.9751793781594 0 0
 318.639858608031 86.8006624382407 0 0
 320.808453811712 80.3219310258955 0 0
 322.976595072625 68.4982163016874 0 0
 325.144288348008 69.9522017805081 0 0
 327.311539595099 62.8457792937839 0 0
 329.478354771136 49.9686095561637 0 0
 331.644739833357 53.074016116368 0 0
 333.810700739 46.6719162704889 0 0
 335.976243445303 35.1772004108731 0 0
 338.141373909504 38.3963677077482 0 0
 340.306098088841 31.5852559335426 0 0
 342.470421940552 22.7308260796099 0 0
 344.634351421875 27.0544810043321 0 0
 346.797892490048 20.897134422637 0 0
 348.961051102309 14.318099625986 0 0
 351.123833215896 18.9134861636134 0 0
 353.286244788047 13.370062068827 0 0
 355.448291776 8.8936111101833 0 0
 357.609980136993 14.083318131398 0 0
 359.771315828264 9.54300299773206 0 0
 361.932304807051 11.3618465719925 0 0
 364.092953030592 23.2036669010748 0 0
 366.253266456125 17.2571533211011 0 0
 368.413251040888 8.68977818201095 0 0
 370.572912742119 10.6833590681996 0 0
 372.732257517056 2.45478180098417 0 0
 374.891291322937 1.16957958042037 0 0
 377.050020117 8.39576086385044 0 0
 379.208449856483 0.287778515955915 0 0
 381.366586498624 0.461139241112504 0 0
 383.524436000661 7.28355973014048 0 0
 385.682004319832 -0.854248374067396 0 0
 387.839297413375 0.381061951166613 0 0
 389.996321238528 6.41948005409646 0 0
 392.153081752529 -1.64011453635101 0 0
 394.309584912616 0.593000306164931 0 0
 396.465836676027 5.89253038021239 0 0
 398.621843 -1.15637529530571 0 0
 400.777609841773 6.45110713806439 0 0
 402.933143158584 18.6053952985473 0 0
 405.088448907671 13.8751699607899 0 0
 407.243533046272 13.2797586690342 0 0
 409.398401531625 10.1860734550031 0 0
 411.553060320968 2.10784326353222 0 0
 413.707515371539 7.46956841460086 0 0
 415.861772640576 11.3199477411774 0 0
 418.015838085317 9.1621827359416 0 0
 420.169717663 18.8342182177958 0 0
 422.323417330863 26.8162356188085 0 0
 424.476943046144 31.7143410191659 0 0
 426.630300766081 49.5902649479118 0 0
 428.783496447912 68.5540830716097 0 0
 430.936536048875 93.444435995782 0 0
 433.089425526208 150.440392053299 0 0
 435.242170837149 208.106536754772 0 0
 437.394777938936 250.506192094875 0 0
 439.547252788807 298.997414402776 0 0
 441.699601344 373.845137316344 0 0
 443.851829561753 467.54693870516 0 0
 446.003943399304 564.759234365652 0 0
 448.155948813891 618.759892608754 0 0
 450.307851762752 612.307205254345 0 0
 452.459658203125 558.570010101455 0 0
 454.611374092248 468.489868332256 0 0
 456.763005387359 381.076887217896 0 0
 458.914558045696 322.830920426612 0 0
 461.066038024497 275.587138723493 0 0
 463.217451281 240.074668825442 0 0
 465.368803772443 215.430263442571 0 0
 467.520101456064 179.647232485748 0 0
 469.671350289101 148.222567283363 0 0
 471.822556228792 130.090701676821 0 0
 473.973725232375 107.485499240454 0 0
 476.124863257088 95.5849629714135 0 0
 478.275976260169 95.7425508675484 0 0
 480.427070198856 86.3150227704993 0 0
 482.578151030387 84.2785038048696 0 0
 484.729224712 89.5187839294356 0 0
 486.880297200933 83.8507881990753 0 0
 489.031374454424 86.8747439861234 0 0
 491.182462429711 95.5677385834247 0 0
 493.333567084032 93.8073074971738 0 0
 495.484694374625 100.700365564684 0 0
 497.635850258728 110.471062016136 0 0
 499.787040693579 109.436344695667 0 0
 501.938271636416 116.724593421962 0 0
 504.089549044477 -NAN 0 0
 506.240878875 -NAN 0 0
 508.392267085223 -NAN 0 0
 510.543719632384 -NAN 0 0
 512.695242473721 -NAN 0 0
 514.846841566472 -NAN 0 0
 516.998522867875 -NAN 0 0
 519.150292335168 -NAN 0 0
 521.302155925589 -NAN 0 0
 523.454119596376 -NAN 0 0
 525.606189304767 -NAN 0 0
 527.758371008 -NAN 0 0
 529.910670663313 -NAN 0 0
 532.063094227944 -NAN 0 0
 534.215647659131 -NAN 0 0
 536.368336914112 -NAN 0 0
 538.521167950125 -NAN 0 0
 540.674146724408 -NAN 0 0
 542.827279194199 -NAN 0 0
 544.980571316736 -NAN 0 0
 547.134029049257 -NAN 0 0
 549.287658349 -NAN 0 0
 551.441465173203 -NAN 0 0
 553.595455479104 -NAN 0 0
 555.749635223941 -NAN 0 0
 557.904010364952 -NAN 0 0
 560.058586859375 -NAN 0 0
 562.213370664448 -NAN 0 0
 564.368367737409 -NAN 0 0
 566.523584035496 -NAN 0 0
 568.679025515947 -NAN 0 0
 570.834698136 -NAN 0 0
 572.990607852893 -NAN 0 0
 575.146760623864 -NAN 0 0
 577.303162406151 -NAN 0 0
 579.459819156992 -NAN 0 0
 581.616736833625 -NAN 0 0
 583.773921393288 -NAN 0 0
 585.931378793219 -NAN 0 0
 588.089114990656 -NAN 0 0
 590.247135942837 -NAN 0 0
 592.405447607 -NAN 0 0
 594.564055940383 -NAN 0 0
 596.722966900224 -NAN 0 0
 598.882186443761 -NAN 0 0
 601.041720528232 -NAN 0 0
 603.201575110875 -NAN 0 0
 605.361756148928 -NAN 0 0
 607.522269599629 -NAN 0 0
 609.683121420216 -NAN 0 0
 611.844317567927 -NAN 0 0
 614.005864 -NAN 0 0
 616.167766673673 -NAN 0 0
 618.330031546184 -NAN 0 0
 620.492664574771 -NAN 0 0
 622.655671716672 -NAN 0 0
 624.819058929125 -NAN 0 0
 626.982832169368 -NAN 0 0
 629.146997394639 -NAN 0 0
 631.311560562176 -NAN 0 0
 633.476527629217 -NAN 0 0
 635.641904553 -NAN 0 0
 637.807697290763 -NAN 0 0
 639.973911799744 -NAN 0 0
 642.140554037181 -NAN 0 0
 644.307629960312 -NAN 0 0
 646.475145526375 -NAN 0 0
 648.643106692608 -NAN 0 0
 650.811519416249 -NAN 0 0
 652.980389654536 -NAN 0 0
 655.149723364707 -NAN 0 0
 657.319526504 -NAN 0 0
 659.489805029653 -NAN 0 0
 661.660564898904 -NAN 0 0
 663.831812068991 -NAN 0 0
 666.003552497152 -NAN 0 0
 668.175792140625 -NAN 0 0
 670.348536956648 -NAN 0 0
 672.521792902459 -NAN 0 0
 674.695565935296 -NAN 0 0
 676.869862012397 -NAN 0 0
 679.044687091 -NAN 0 0
 681.220047128343 -NAN 0 0
 683.395948081664 -NAN 0 0
 685.572395908201 -NAN 0 0
 687.749396565192 -NAN 0 0
 689.926956009875 -NAN 0 0
 692.105080199488 -NAN 0 0
 694.283775091269 -NAN 0 0
 696.463046642456 -NAN 0 0
 698.642900810287 -NAN 0 0
 700.823343552 -NAN 0 0
 703.004380824833 -NAN 0 0
 705.186018586024 -NAN 0 0
 707.368262792811 -NAN 0 0
 709.551119402432 -NAN 0 0
 711.734594372125 -NAN 0 0
 713.918693659128 -NAN 0 0
 716.103423220679 -NAN 0 0
 718.288789014016 -NAN 0 0
 720.474796996377 -NAN 0 0
 722.661453125 -NAN 0 0
 724.848763357123 -NAN 0 0
 727.036733649984 -NAN 0 0
 729.225369960821 -NAN 0 0
 731.414678246872 -NAN 0 0
 733.604664465375 -NAN 0 0
 735.795334573568 -NAN 0 0
[END] of [DATA]
[END] of Spectrum


[Spectrum]
Version            = 1
IDData             = 12ad_2026-06-08_15-44-30_000_872
IDDevice           = SAM_82E6
IDDataType         = SPECTRUM
IDDataTypeSub1     = CALIBRATED
IDDataTypeSub2     = 
IDDataTypeSub3     = 
DateTime           = 2026-06-08 15:44:30
PositionLatitude   = 0
PositionLongitude  = 0
Comment            = 20260608_FrameD
CommentSub1        = UV
CommentSub2        = centre
CommentSub3        = 22.5cm
IDMethodType       = SAM Control
MethodName         = SAM_82E6
Mission            = No Mission
MissionSub         = 1
RecordType         = 0
[Attributes]
CalFactor = 1
IDBasisSpec = 
IDDataBack = DLAB_2024-11-11_10-40-48_641_639
IDDataCal = DLAB_2024-11-12_11-45-27_171_455
IntegrationTime = 128
P31 = -1
P31e = 0
PathLength = +INF
PathLengthCustomOn = 0
RAWDynamic = 65535
Salinity = 0
Temperature = -NAN
Unit1 = $01 $01 Wavelength nm
Unit2 = $03 $06 Intensity mW/(m^2 nm)
Unit3 = $f0 $06 Error mW/(m^2 nm)
Unit4 = $f1 $00 Status 
p999 = 7404
[END] of [Attributes]
[DATA]
 0 6 0 0
 185.260577530984 -NAN 0 0
 187.468128380571 -NAN 0 0
 189.674861895872 -NAN 0 0
 191.880784034125 -NAN 0 0
 194.085900752568 -NAN 0 0
 196.290218008439 -NAN 0 0
 198.493741758976 -NAN 0 0
 200.696477961417 -NAN 0 0
 202.898432573 -NAN 0 0
 205.099611550963 -NAN 0 0
 207.300020852544 -NAN 0 0
 209.499666434981 -NAN 0 0
 211.698554255512 -NAN 0 0
 213.896690271375 -NAN 0 0
 216.094080439808 -NAN 0 0
 218.290730718049 -NAN 0 0
 220.486647063336 -NAN 0 0
 222.681835432907 -NAN 0 0
 224.876301784 -NAN 0 0
 227.070052073853 -NAN 0 0
 229.263092259704 -NAN 0 0
 231.455428298791 -NAN 0 0
 233.647066148352 -NAN 0 0
 235.838011765625 -NAN 0 0
 238.028271107848 -NAN 0 0
 240.217850132259 -NAN 0 0
 242.406754796096 -NAN 0 0
 244.594991056597 -NAN 0 0
 246.782564871 -NAN 0 0
 248.969482196543 -NAN 0 0
 251.155748990464 -NAN 0 0
 253.341371210001 -NAN 0 0
 255.526354812392 -NAN 0 0
 257.710705754875 -NAN 0 0
 259.894429994688 -NAN 0 0
 262.077533489069 -NAN 0 0
 264.260022195256 -NAN 0 0
 266.441902070487 -NAN 0 0
 268.623179072 -NAN 0 0
 270.803859157033 -NAN 0 0
 272.983948282824 -NAN 0 0
 275.163452406611 -NAN 0 0
 277.342377485632 -NAN 0 0
 279.520729477125 7.47980598694535 0 0
 281.698514338328 8.23466379516259 0 0
 283.875738026479 6.1985039152501 0 0
 286.052406498816 19.222448856851 0 0
 288.228525712577 22.7522864334288 0 0
 290.404101625 26.007043430343 0 0
 292.579140193323 44.4553525910036 0 0
 294.753647374784 52.5435951069482 0 0
 296.927629126621 58.5417650554001 0 0
 299.101091406072 75.8753135239056 0 0
 301.274040170375 83.3357933080468 0 0
 303.446481376768 86.4688474206463 0 0
 305.618420982489 98.8705339759586 0 0
 307.789864944776 98.0726603736109 0 0
 309.960819220867 101.119045591794 0 0
 312.131289768 112.115220984978 0 0
 314.301282543413 102.428984504462 0 0
 316.470803504344 91.6086910725839 0 0
 318.639858608031 91.1359610241271 0 0
 320.808453811712 77.1885137040177 0 0
 322.976595072625 72.224704696621 0 0
 325.144288348008 73.2842533828335 0 0
 327.311539595099 58.9462383031443 0 0
 329.478354771136 53.7496777040935 0 0
 331.644739833357 55.3183981834981 0 0
 333.810700739 41.9885128773931 0 0
 335.976243445303 38.8200781312107 0 0
 338.141373909504 39.4637158757384 0 0
 340.306098088841 26.8999049847637 0 0
 342.470421940552 26.0123052031317 0 0
 344.634351421875 27.0821470579571 0 0
 346.797892490048 16.7054496271279 0 0
 348.961051102309 17.2996570627278 0 0
 351.123833215896 18.3537792046762 0 0
 353.286244788047 9.68444246599907 0 0
 355.448291776 11.8603081685825 0 0
 357.609980136993 12.7769128940073 0 0
 359.771315828264 6.12043892394454 0 0
 361.932304807051 14.6472084877665 0 0
 364.092953030592 21.3385294601718 0 0
 366.253266456125 14.1297288191279 0 0
 368.413251040888 12.4042665261794 0 0
 370.572912742119 8.20151671329992 0 0
 372.732257517056 -0.639512886337792 0 0
 374.891291322937 5.62783344254732 0 0
 377.050020117 4.9747620375906 0 0
 379.208449856483 -2.27600184314854 0 0
 381.366586498624 5.27472205760209 0 0
 383.524436000661 3.78448659399301 0 0
 385.682004319832 -2.87114935046273 0 0
 387.839297413375 5.41094473462246 0 0
 389.996321238528 3.03708512129911 0 0
 392.153081752529 -2.63365426149376 0 0
 394.309584912616 5.43391083581644 0 0
 396.465836676027 2.44224985067372 0 0
 398.621843 -1.43766733669384 0 0
 400.777609841773 10.9742548059947 0 0
 402.933143158584 15.4624504262408 0 0
 405.088448907671 14.7203432025248 0 0
 407.243533046272 17.2619482603967 0 0
 409.398401531625 6.91128771231888 0 0
 411.553060320968 3.12477116906424 0 0
 413.707515371539 10.3757477413521 0 0
 415.861772640576 8.21933986704314 0 0
 418.015838085317 10.4931426242931 0 0
 420.169717663 21.1198103433569 0 0
 422.323417330863 23.7875292004299 0 0
 424.476943046144 33.1239151442707 0 0
 426.630300766081 51.1785333974423 0 0
 428.783496447912 65.5682886511082 0 0
 430.936536048875 95.0051277226031 0 0
 433.089425526208 152.250676814631 0 0
 435.242170837149 206.138869189693 0 0
 437.394777938936 252.81138234271 0 0
 439.547252788807 299.772252838082 0 0
 441.699601344 370.889406291838 0 0
 443.851829561753 469.132291753314 0 0
 446.003943399304 564.624055585021 0 0
 448.155948813891 615.352003572375 0 0
 450.307851762752 614.161333524082 0 0
 452.459658203125 557.973466593431 0 0
 454.611374092248 464.88194681849 0 0
 456.763005387359 383.154353671843 0 0
 458.914558045696 321.757039028859 0 0
 461.066038024497 271.849859114863 0 0
 463.217451281 242.565338321007 0 0
 465.368803772443 213.572507177563 0 0
 467.520101456064 176.027181012336 0 0
 469.671350289101 151.013249685794 0 0
 471.822556228792 127.734028499713 0 0
 473.973725232375 104.180017632632 0 0
 476.124863257088 98.8576342592616 0 0
 478.275976260169 92.9866609062883 0 0
 480.427070198856 83.7130571915005 0 0
 482.578151030387 87.8992859368231 0 0
 484.729224712 86.7672543263298 0 0
 486.880297200933 81.9223145501954 0 0
 489.031374454424 90.4441313043612 0 0
 491.182462429711 92.7778191248704 0 0
 493.333567084032 92.3488431950495 0 0
 495.484694374625 104.151465377889 0 0
 497.635850258728 107.690931359055 0 0
 499.787040693579 108.931897603412 0 0
 501.938271636416 120.370851138739 0 0
 504.089549044477 -NAN 0 0
 506.240878875 -NAN 0 0
 508.392267085223 -NAN 0 0
 510.543719632384 -NAN 0 0
 512.695242473721 -NAN 0 0
 514.846841566472 -NAN 0 0
 516.998522867875 -NAN 0 0
 519.150292335168 -NAN 0 0
 521.302155925589 -NAN 0 0
 523.454119596376 -NAN 0 0
 525.606189304767 -NAN 0 0
 527.758371008 -NAN 0 0
 529.910670663313 -NAN 0 0
 532.063094227944 -NAN 0 0
 534.215647659131 -NAN 0 0
 536.368336914112 -NAN 0 0
 538.521167950125 -NAN 0 0
 540.674146724408 -NAN 0 0
 542.827279194199 -NAN 0 0
 544.980571316736 -NAN 0 0
 547.134029049257 -NAN 0 0
 549.287658349 -NAN 0 0
 551.441465173203 -NAN 0 0
 553.595455479104 -NAN 0 0
 555.749635223941 -NAN 0 0
 557.904010364952 -NAN 0 0
 560.058586859375 -NAN 0 0
 562.213370664448 -NAN 0 0
 564.368367737409 -NAN 0 0
 566.523584035496 -NAN 0 0
 568.679025515947 -NAN 0 0
 570.834698136 -NAN 0 0
 572.990607852893 -NAN 0 0
 575.146760623864 -NAN 0 0
 577.303162406151 -NAN 0 0
 579.459819156992 -NAN 0 0
 581.616736833625 -NAN 0 0
 583.773921393288 -NAN 0 0
 585.931378793219 -NAN 0 0
 588.089114990656 -NAN 0 0
 590.247135942837 -NAN 0 0
 592.405447607 -NAN 0 0
 594.564055940383 -NAN 0 0
 596.722966900224 -NAN 0 0
 598.882186443761 -NAN 0 0
 601.041720528232 -NAN 0 0
 603.201575110875 -NAN 0 0
 605.361756148928 -NAN 0 0
 607.522269599629 -NAN 0 0
 609.683121420216 -NAN 0 0
 611.844317567927 -NAN 0 0
 614.005864 -NAN 0 0
 616.167766673673 -NAN 0 0
 618.330031546184 -NAN 0 0
 620.492664574771 -NAN 0 0
 622.655671716672 -NAN 0 0
 624.819058929125 -NAN 0 0
 626.982832169368 -NAN 0 0
 629.146997394639 -NAN 0 0
 631.311560562176 -NAN 0 0
 633.476527629217 -NAN 0 0
 635.641904553 -NAN 0 0
 637.807697290763 -NAN 0 0
 639.973911799744 -NAN 0 0
 642.140554037181 -NAN 0 0
 644.307629960312 -NAN 0 0
 646.475145526375 -NAN 0 0
 648.643106692608 -NAN 0 0
 650.811519416249 -NAN 0 0
 652.980389654536 -NAN 0 0
 655.149723364707 -NAN 0 0
 657.319526504 -NAN 0 0
 659.489805029653 -NAN 0 0
 661.660564898904 -NAN 0 0
 663.831812068991 -NAN 0 0
 666.003552497152 -NAN 0 0
 668.175792140625 -NAN 0 0
 670.348536956648 -NAN 0 0
 672.521792902459 -NAN 0 0
 674.695565935296 -NAN 0 0
 676.869862012397 -NAN 0 0
 679.044687091 -NAN 0 0
 681.220047128343 -NAN 0 0
 683.395948081664 -NAN 0 0
 685.572395908201 -NAN 0 0
 687.749396565192 -NAN 0 0
 689.926956009875 -NAN 0 0
 692.105080199488 -NAN 0 0
 694.283775091269 -NAN 0 0
 696.463046642456 -NAN 0 0
 698.642900810287 -NAN 0 0
 700.823343552 -NAN 0 0
 703.004380824833 -NAN 0 0
 705.186018586024 -NAN 0 0
 707.368262792811 -NAN 0 0
 709.551119402432 -NAN 0 0
 711.734594372125 -NAN 0 0
 713.918693659128 -NAN 0 0
 716.103423220679 -NAN 0 0
 718.288789014016 -NAN 0 0
 720.474796996377 -NAN 0 0
 722.661453125 -NAN 0 0
 724.848763357123 -NAN 0 0
 727.036733649984 -NAN 0 0
 729.225369960821 -NAN 0 0
 731.414678246872 -NAN 0 0
 733.604664465375 -NAN 0 0
 735.795334573568 -NAN 0 0
[END] of [DATA]
[END] of Spectrum


[Spectrum]
Version            = 1
IDData             = 12ad_2026-06-08_15-44-35_000_875
IDDevice           = SAM_82E6
IDDataType         = SPECTRUM
IDDataTypeSub1     = CALIBRATED
IDDataTypeSub2     = 
IDDataTypeSub3     = 
DateTime           = 2026-06-08 15:44:35
PositionLatitude   = 0
PositionLongitude  = 0
Comment            = 20260608_FrameD
CommentSub1        = UV
CommentSub2        = centre
CommentSub3        = 22.5cm
IDMethodType       = SAM Control
MethodName         = SAM_82E6
Mission            = No Mission
MissionSub         = 1
RecordType         = 0
[Attributes]
CalFactor = 1
IDBasisSpec = 
IDDataBack = DLAB_2024-11-11_10-40-48_641_639
IDDataCal = DLAB_2024-11-12_11-45-27_171_455
IntegrationTime = 128
P31 = -1
P31e = 0
PathLength = +INF
PathLengthCustomOn = 0
RAWDynamic = 65535
Salinity = 0
Temperature = -NAN
Unit1 = $01 $01 Wavelength nm
Unit2 = $03 $06 Intensity mW/(m^2 nm)
Unit3 = $f0 $06 Error mW/(m^2 nm)
Unit4 = $f1 $00 Status 
p999 = 7405
[END] of [Attributes]
[DATA]
 0 6 0 0
 185.260577530984 -NAN 0 0
 187.468128380571 -NAN 0 0
 189.674861895872 -NAN 0 0
 191.880784034125 -NAN 0 0
 194.085900752568 -NAN 0 0
 196.290218008439 -NAN 0 0
 198.493741758976 -NAN 0 0
 200.696477961417 -NAN 0 0
 202.898432573 -NAN 0 0
 205.099611550963 -NAN 0 0
 207.300020852544 -NAN 0 0
 209.499666434981 -NAN 0 0
 211.698554255512 -NAN 0 0
 213.896690271375 -NAN 0 0
 216.094080439808 -NAN 0 0
 218.290730718049 -NAN 0 0
 220.486647063336 -NAN 0 0
 222.681835432907 -NAN 0 0
 224.876301784 -NAN 0 0
 227.070052073853 -NAN 0 0
 229.263092259704 -NAN 0 0
 231.455428298791 -NAN 0 0
 233.647066148352 -NAN 0 0
 235.838011765625 -NAN 0 0
 238.028271107848 -NAN 0 0
 240.217850132259 -NAN 0 0
 242.406754796096 -NAN 0 0
 244.594991056597 -NAN 0 0
 246.782564871 -NAN 0 0
 248.969482196543 -NAN 0 0
 251.155748990464 -NAN 0 0
 253.341371210001 -NAN 0 0
 255.526354812392 -NAN 0 0
 257.710705754875 -NAN 0 0
 259.894429994688 -NAN 0 0
 262.077533489069 -NAN 0 0
 264.260022195256 -NAN 0 0
 266.441902070487 -NAN 0 0
 268.623179072 -NAN 0 0
 270.803859157033 -NAN 0 0
 272.983948282824 -NAN 0 0
 275.163452406611 -NAN 0 0
 277.342377485632 -NAN 0 0
 279.520729477125 8.84592179209132 0 0
 281.698514338328 6.86838811011312 0 0
 283.875738026479 7.46801974553956 0 0
 286.052406498816 21.1810254664733 0 0
 288.228525712577 21.2035371525435 0 0
 290.404101625 27.8901175203916 0 0
 292.579140193323 46.0016441935556 0 0
 294.753647374784 51.4828185114943 0 0
 296.927629126621 60.8715673789259 0 0
 299.101091406072 77.7403614635063 0 0
 301.274040170375 83.1466560209382 0 0
 303.446481376768 88.8072218590912 0 0
 305.618420982489 100.495503221818 0 0
 307.789864944776 98.3024743153421 0 0
 309.960819220867 103.919144398938 0 0
 312.131289768 113.83573039297 0 0
 314.301282543413 102.804569774311 0 0
 316.470803504344 94.5323607043114 0 0
 318.639858608031 92.130378177507 0 0
 320.808453811712 77.1632227400773 0 0
 322.976595072625 75.0076181055167 0 0
 325.144288348008 73.7505673635748 0 0
 327.311539595099 58.522566368447 0 0
 329.478354771136 56.6129964235131 0 0
 331.644739833357 55.2902693845037 0 0
 333.810700739 41.294291577974 0 0
 335.976243445303 41.4352166064251 0 0
 338.141373909504 38.956725495943 0 0
 340.306098088841 26.2877690409922 0 0
 342.470421940552 28.4622842295122 0 0
 344.634351421875 26.6508081309861 0 0
 346.797892490048 16.3780875004469 0 0
 348.961051102309 19.5259945591311 0 0
 351.123833215896 17.6675784730193 0 0
 353.286244788047 9.604841805938 0 0
 355.448291776 13.853524140016 0 0
 357.609980136993 12.0433984779315 0 0
 359.771315828264 6.15808497755314 0 0
 361.932304807051 16.3854196885253 0 0
 364.092953030592 20.7886977811646 0 0
 366.253266456125 14.6961219794927 0 0
 368.413251040888 14.3451594240299 0 0
 370.572912742119 7.16029843788905 0 0
 372.732257517056 0.0870984715198522 0 0
 374.891291322937 7.58672242840949 0 0
 377.050020117 3.83121041381262 0 0
 379.208449856483 -1.49651185405401 0 0
 381.366586498624 6.92682960677306 0 0
 383.524436000661 2.09464176910294 0 0
 385.682004319832 -1.74606566052711 0 0
 387.839297413375 6.86323483407098 0 0
 389.996321238528 1.11412056025277 0 0
 392.153081752529 -1.6859061717277 0 0
 394.309584912616 6.53709298186943 0 0
 396.465836676027 0.386849270625588 0 0
 398.621843 -0.173179999699087 0 0
 400.777609841773 11.7922708735991 0 0
 402.933143158584 13.5678122874916 0 0
 405.088448907671 16.0458401906526 0 0
 407.243533046272 17.8808983728967 0 0
 409.398401531625 5.34264471661044 0 0
 411.553060320968 4.1163310248921 0 0
 413.707515371539 10.3555954029549 0 0
 415.861772640576 6.56493388811899 0 0
 418.015838085317 11.376844943073 0 0
 420.169717663 20.8464096296619 0 0
 422.323417330863 22.4352319271695 0 0
 424.476943046144 34.0177697689435 0 0
 426.630300766081 50.7581601719415 0 0
 428.783496447912 64.4901319419547 0 0
 430.936536048875 96.0277351317821 0 0
 433.089425526208 152.20614834331 0 0
 435.242170837149 206.209999333191 0 0
 437.394777938936 254.867989314861 0 0
 439.547252788807 299.553065765046 0 0
 441.699601344 370.030468883437 0 0
 443.851829561753 470.41212533865 0 0
 446.003943399304 564.1149962529 0 0
 448.155948813891 614.529863503609 0 0
 450.307851762752 615.60513671467 0 0
 452.459658203125 557.322270807499 0 0
 454.611374092248 464.247660142243 0 0
 456.763005387359 384.893060323384 0 0
 458.914558045696 320.8218839455 0 0
 461.066038024497 271.738800369677 0 0
 463.217451281 244.583424572002 0 0
 465.368803772443 212.545463515147 0 0
 467.520101456064 176.180337036211 0 0
 469.671350289101 152.824270500095 0 0
 471.822556228792 126.847543366766 0 0
 473.973725232375 104.73386748231 0 0
 476.124863257088 100.530505137455 0 0
 478.275976260169 91.9054185948746 0 0
 480.427070198856 84.3936226747061 0 0
 482.578151030387 89.4451500714581 0 0
 484.729224712 85.4786622741847 0 0
 486.880297200933 82.5856468435746 0 0
 489.031374454424 91.7924421878961 0 0
 491.182462429711 91.2488360429005 0 0
 493.333567084032 93.4298881090668 0 0
 495.484694374625 105.604734798909 0 0
 497.635850258728 106.090216825243 0 0
 499.787040693579 109.909263844655 0 0
 501.938271636416 121.241518934746 0 0
 504.089549044477 -NAN 0 0
 506.240878875 -NAN 0 0
 508.392267085223 -NAN 0 0
 510.543719632384 -NAN 0 0
 512.695242473721 -NAN 0 0
 514.846841566472 -NAN 0 0
 516.998522867875 -NAN 0 0
 519.150292335168 -NAN 0 0
 521.302155925589 -NAN 0 0
 523.454119596376 -NAN 0 0
 525.606189304767 -NAN 0 0
 527.758371008 -NAN 0 0
 529.910670663313 -NAN 0 0
 532.063094227944 -NAN 0 0
 534.215647659131 -NAN 0 0
 536.368336914112 -NAN 0 0
 538.521167950125 -NAN 0 0
 540.674146724408 -NAN 0 0
 542.827279194199 -NAN 0 0
 544.980571316736 -NAN 0 0
 547.134029049257 -NAN 0 0
 549.287658349 -NAN 0 0
 551.441465173203 -NAN 0 0
 553.595455479104 -NAN 0 0
 555.749635223941 -NAN 0 0
 557.904010364952 -NAN 0 0
 560.058586859375 -NAN 0 0
 562.213370664448 -NAN 0 0
 564.368367737409 -NAN 0 0
 566.523584035496 -NAN 0 0
 568.679025515947 -NAN 0 0
 570.834698136 -NAN 0 0
 572.990607852893 -NAN 0 0
 575.146760623864 -NAN 0 0
 577.303162406151 -NAN 0 0
 579.459819156992 -NAN 0 0
 581.616736833625 -NAN 0 0
 583.773921393288 -NAN 0 0
 585.931378793219 -NAN 0 0
 588.089114990656 -NAN 0 0
 590.247135942837 -NAN 0 0
 592.405447607 -NAN 0 0
 594.564055940383 -NAN 0 0
 596.722966900224 -NAN 0 0
 598.882186443761 -NAN 0 0
 601.041720528232 -NAN 0 0
 603.201575110875 -NAN 0 0
 605.361756148928 -NAN 0 0
 607.522269599629 -NAN 0 0
 609.683121420216 -NAN 0 0
 611.844317567927 -NAN 0 0
 614.005864 -NAN 0 0
 616.167766673673 -NAN 0 0
 618.330031546184 -NAN 0 0
 620.492664574771 -NAN 0 0
 622.655671716672 -NAN 0 0
 624.819058929125 -NAN 0 0
 626.982832169368 -NAN 0 0
 629.146997394639 -NAN 0 0
 631.311560562176 -NAN 0 0
 633.476527629217 -NAN 0 0
 635.641904553 -NAN 0 0
 637.807697290763 -NAN 0 0
 639.973911799744 -NAN 0 0
 642.140554037181 -NAN 0 0
 644.307629960312 -NAN 0 0
 646.475145526375 -NAN 0 0
 648.643106692608 -NAN 0 0
 650.811519416249 -NAN 0 0
 652.980389654536 -NAN 0 0
 655.149723364707 -NAN 0 0
 657.319526504 -NAN 0 0
 659.489805029653 -NAN 0 0
 661.660564898904 -NAN 0 0
 663.831812068991 -NAN 0 0
 666.003552497152 -NAN 0 0
 668.175792140625 -NAN 0 0
 670.348536956648 -NAN 0 0
 672.521792902459 -NAN 0 0
 674.695565935296 -NAN 0 0
 676.869862012397 -NAN 0 0
 679.044687091 -NAN 0 0
 681.220047128343 -NAN 0 0
 683.395948081664 -NAN 0 0
 685.572395908201 -NAN 0 0
 687.749396565192 -NAN 0 0
 689.926956009875 -NAN 0 0
 692.105080199488 -NAN 0 0
 694.283775091269 -NAN 0 0
 696.463046642456 -NAN 0 0
 698.642900810287 -NAN 0 0
 700.823343552 -NAN 0 0
 703.004380824833 -NAN 0 0
 705.186018586024 -NAN 0 0
 707.368262792811 -NAN 0 0
 709.551119402432 -NAN 0 0
 711.734594372125 -NAN 0 0
 713.918693659128 -NAN 0 0
 716.103423220679 -NAN 0 0
 718.288789014016 -NAN 0 0
 720.474796996377 -NAN 0 0
 722.661453125 -NAN 0 0
 724.848763357123 -NAN 0 0
 727.036733649984 -NAN 0 0
 729.225369960821 -NAN 0 0
 731.414678246872 -NAN 0 0
 733.604664465375 -NAN 0 0
 735.795334573568 -NAN 0 0
[END] of [DATA]
[END] of Spectrum


[Spectrum]
Version            = 1
IDData             = 12ad_2026-06-08_15-44-40_000_878
IDDevice           = SAM_82E6
IDDataType         = SPECTRUM
IDDataTypeSub1     = CALIBRATED
IDDataTypeSub2     = 
IDDataTypeSub3     = 
DateTime           = 2026-06-08 15:44:40
PositionLatitude   = 0
PositionLongitude  = 0
Comment            = 20260608_FrameD
CommentSub1        = UV
CommentSub2        = centre
CommentSub3        = 22.5cm
IDMethodType       = SAM Control
MethodName         = SAM_82E6
Mission            = No Mission
MissionSub         = 1
RecordType         = 0
[Attributes]
CalFactor = 1
IDBasisSpec = 
IDDataBack = DLAB_2024-11-11_10-40-48_641_639
IDDataCal = DLAB_2024-11-12_11-45-27_171_455
IntegrationTime = 128
P31 = -1
P31e = 0
PathLength = +INF
PathLengthCustomOn = 0
RAWDynamic = 65535
Salinity = 0
Temperature = -NAN
Unit1 = $01 $01 Wavelength nm
Unit2 = $03 $06 Intensity mW/(m^2 nm)
Unit3 = $f0 $06 Error mW/(m^2 nm)
Unit4 = $f1 $00 Status 
p999 = 7406
[END] of [Attributes]
[DATA]
 0 6 0 0
 185.260577530984 -NAN 0 0
 187.468128380571 -NAN 0 0
 189.674861895872 -NAN 0 0
 191.880784034125 -NAN 0 0
 194.085900752568 -NAN 0 0
 196.290218008439 -NAN 0 0
 198.493741758976 -NAN 0 0
 200.696477961417 -NAN 0 0
 202.898432573 -NAN 0 0
 205.099611550963 -NAN 0 0
 207.300020852544 -NAN 0 0
 209.499666434981 -NAN 0 0
 211.698554255512 -NAN 0 0
 213.896690271375 -NAN 0 0
 216.094080439808 -NAN 0 0
 218.290730718049 -NAN 0 0
 220.486647063336 -NAN 0 0
 222.681835432907 -NAN 0 0
 224.876301784 -NAN 0 0
 227.070052073853 -NAN 0 0
 229.263092259704 -NAN 0 0
 231.455428298791 -NAN 0 0
 233.647066148352 -NAN 0 0
 235.838011765625 -NAN 0 0
 238.028271107848 -NAN 0 0
 240.217850132259 -NAN 0 0
 242.406754796096 -NAN 0 0
 244.594991056597 -NAN 0 0
 246.782564871 -NAN 0 0
 248.969482196543 -NAN 0 0
 251.155748990464 -NAN 0 0
 253.341371210001 -NAN 0 0
 255.526354812392 -NAN 0 0
 257.710705754875 -NAN 0 0
 259.894429994688 -NAN 0 0
 262.077533489069 -NAN 0 0
 264.260022195256 -NAN 0 0
 266.441902070487 -NAN 0 0
 268.623179072 -NAN 0 0
 270.803859157033 -NAN 0 0
 272.983948282824 -NAN 0 0
 275.163452406611 -NAN 0 0
 277.342377485632 -NAN 0 0
 279.520729477125 0.395181724889337 0 0
 281.698514338328 10.0690033034156 0 0
 283.875738026479 12.1704532437196 0 0
 286.052406498816 11.015011070198 0 0
 288.228525712577 26.2581046483468 0 0
 290.404101625 32.3658719985148 0 0
 292.579140193323 37.2736245007551 0 0
 294.753647374784 58.1102769310915 0 0
 296.927629126621 64.8938092104952 0 0
 299.101091406072 71.3694053707874 0 0
 301.274040170375 90.4568701852588 0 0
 303.446481376768 92.1099982728498 0 0
 305.618420982489 95.6367268797973 0 0
 307.789864944776 106.190971478021 0 0
 309.960819220867 106.642513366134 0 0
 312.131289768 109.399989329332 0 0
 314.301282543413 111.783732169891 0 0
 316.470803504344 96.1157605550088 0 0
 318.639858608031 86.9666130369289 0 0
 320.808453811712 86.9867655758708 0 0
 322.976595072625 75.0835540954512 0 0
 325.144288348008 68.2154348491401 0 0
 327.311539595099 69.2624300140957 0 0
 329.478354771136 54.8994675067487 0 0
 331.644739833357 50.1204922219586 0 0
 333.810700739 52.191641698066 0 0
 335.976243445303 38.2953060414094 0 0
 338.141373909504 34.6339654155828 0 0
 340.306098088841 36.1090898594638 0 0
 342.470421940552 24.0782490716705 0 0
 344.634351421875 23.4138798568658 0 0
 346.797892490048 24.6624028686317 0 0
 348.961051102309 14.6754701643697 0 0
 351.123833215896 15.4914378166716 0 0
 353.286244788047 16.5726256112843 0 0
 355.448291776 8.3547005857968 0 0
 357.609980136993 10.8290841015372 0 0
 359.771315828264 12.7020446962594 0 0
 361.932304807051 10.1990129260016 0 0
 364.092953030592 20.3212844031175 0 0
 366.253266456125 21.1495005448042 0 0
 368.413251040888 6.59856003785604 0 0
 370.572912742119 7.5220244491295 0 0
 372.732257517056 6.40352970086763 0 0
 374.891291322937 -1.46423203475052 0 0
 377.050020117 5.22168090448597 0 0
 379.208449856483 4.54908375256786 0 0
 381.366586498624 -2.84166259157574 0 0
 383.524436000661 5.01100979321936 0 0
 385.682004319832 3.47682600754318 0 0
 387.839297413375 -3.00667036862013 0 0
 389.996321238528 5.03309143338592 0 0
 392.153081752529 2.8599543583947 0 0
 394.309584912616 -3.0847280596013 0 0
 396.465836676027 5.43741555549893 0 0
 398.621843 3.02718039571682 0 0
 400.777609841773 3.13092427543473 0 0
 402.933143158584 19.7725937773353 0 0
 405.088448907671 18.7214031564935 0 0
 407.243533046272 10.546161339164 0 0
 409.398401531625 11.22075908329 0 0
 411.553060320968 5.1884068645636 0 0
 413.707515371539 3.82623776226856 0 0
 415.861772640576 12.4803793254073 0 0
 418.015838085317 11.7484127701018 0 0
 420.169717663 15.4824579111473 0 0
 422.323417330863 28.3022061499537 0 0
 424.476943046144 33.5224660146561 0 0
 426.630300766081 46.4076857232277 0 0
 428.783496447912 70.1043021397357 0 0
 430.936536048875 94.9598066851294 0 0
 433.089425526208 149.233265676221 0 0
 435.242170837149 212.669255734886 0 0
 437.394777938936 254.019129383099 0 0
 439.547252788807 296.714148324624 0 0
 441.699601344 375.741375212211 0 0
 443.851829561753 467.79051723579 0 0
 446.003943399304 561.173574431331 0 0
 448.155948813891 620.45243070123 0 0
 450.307851762752 611.969025244057 0 0
 452.459658203125 554.737866479259 0 0
 454.611374092248 470.598134541012 0 0
 456.763005387359 380.148470583637 0 0
 458.914558045696 319.079321751749 0 0
 461.066038024497 277.901032396121 0 0
 463.217451281 238.619527889959 0 0
 465.368803772443 211.481475836097 0 0
 467.520101456064 182.291583695172 0 0
 469.671350289101 146.121436739097 0 0
 471.822556228792 126.61143881841 0 0
 473.973725232375 110.24373755744 0 0
 476.124863257088 93.0972456561921 0 0
 478.275976260169 92.5254938361581 0 0
 480.427070198856 89.5262671045119 0 0
 482.578151030387 81.5696140902422 0 0
 484.729224712 87.0880053401768 0 0
 486.880297200933 87.2166682509776 0 0
 489.031374454424 83.8771299969199 0 0
 491.182462429711 94.0432229465446 0 0
 493.333567084032 97.3777617085576 0 0
 495.484694374625 97.5160120808503 0 0
 497.635850258728 109.723915616187 0 0
 499.787040693579 112.942469420926 0 0
 501.938271636416 113.802636603471 0 0
 504.089549044477 -NAN 0 0
 506.240878875 -NAN 0 0
 508.392267085223 -NAN 0 0
 510.543719632384 -NAN 0 0
 512.695242473721 -NAN 0 0
 514.846841566472 -NAN 0 0
 516.998522867875 -NAN 0 0
 519.150292335168 -NAN 0 0
 521.302155925589 -NAN 0 0
 523.454119596376 -NAN 0 0
 525.606189304767 -NAN 0 0
 527.758371008 -NAN 0 0
 529.910670663313 -NAN 0 0
 532.063094227944 -NAN 0 0
 534.215647659131 -NAN 0 0
 536.368336914112 -NAN 0 0
 538.521167950125 -NAN 0 0
 540.674146724408 -NAN 0 0
 542.827279194199 -NAN 0 0
 544.980571316736 -NAN 0 0
 547.134029049257 -NAN 0 0
 549.287658349 -NAN 0 0
 551.441465173203 -NAN 0 0
 553.595455479104 -NAN 0 0
 555.749635223941 -NAN 0 0
 557.904010364952 -NAN 0 0
 560.058586859375 -NAN 0 0
 562.213370664448 -NAN 0 0
 564.368367737409 -NAN 0 0
 566.523584035496 -NAN 0 0
 568.679025515947 -NAN 0 0
 570.834698136 -NAN 0 0
 572.990607852893 -NAN 0 0
 575.146760623864 -NAN 0 0
 577.303162406151 -NAN 0 0
 579.459819156992 -NAN 0 0
 581.616736833625 -NAN 0 0
 583.773921393288 -NAN 0 0
 585.931378793219 -NAN 0 0
 588.089114990656 -NAN 0 0
 590.247135942837 -NAN 0 0
 592.405447607 -NAN 0 0
 594.564055940383 -NAN 0 0
 596.722966900224 -NAN 0 0
 598.882186443761 -NAN 0 0
 601.041720528232 -NAN 0 0
 603.201575110875 -NAN 0 0
 605.361756148928 -NAN 0 0
 607.522269599629 -NAN 0 0
 609.683121420216 -NAN 0 0
 611.844317567927 -NAN 0 0
 614.005864 -NAN 0 0
 616.167766673673 -NAN 0 0
 618.330031546184 -NAN 0 0
 620.492664574771 -NAN 0 0
 622.655671716672 -NAN 0 0
 624.819058929125 -NAN 0 0
 626.982832169368 -NAN 0 0
 629.146997394639 -NAN 0 0
 631.311560562176 -NAN 0 0
 633.476527629217 -NAN 0 0
 635.641904553 -NAN 0 0
 637.807697290763 -NAN 0 0
 639.973911799744 -NAN 0 0
 642.140554037181 -NAN 0 0
 644.307629960312 -NAN 0 0
 646.475145526375 -NAN 0 0
 648.643106692608 -NAN 0 0
 650.811519416249 -NAN 0 0
 652.980389654536 -NAN 0 0
 655.149723364707 -NAN 0 0
 657.319526504 -NAN 0 0
 659.489805029653 -NAN 0 0
 661.660564898904 -NAN 0 0
 663.831812068991 -NAN 0 0
 666.003552497152 -NAN 0 0
 668.175792140625 -NAN 0 0
 670.348536956648 -NAN 0 0
 672.521792902459 -NAN 0 0
 674.695565935296 -NAN 0 0
 676.869862012397 -NAN 0 0
 679.044687091 -NAN 0 0
 681.220047128343 -NAN 0 0
 683.395948081664 -NAN 0 0
 685.572395908201 -NAN 0 0
 687.749396565192 -NAN 0 0
 689.926956009875 -NAN 0 0
 692.105080199488 -NAN 0 0
 694.283775091269 -NAN 0 0
 696.463046642456 -NAN 0 0
 698.642900810287 -NAN 0 0
 700.823343552 -NAN 0 0
 703.004380824833 -NAN 0 0
 705.186018586024 -NAN 0 0
 707.368262792811 -NAN 0 0
 709.551119402432 -NAN 0 0
 711.734594372125 -NAN 0 0
 713.918693659128 -NAN 0 0
 716.103423220679 -NAN 0 0
 718.288789014016 -NAN 0 0
 720.474796996377 -NAN 0 0
 722.661453125 -NAN 0 0
 724.848763357123 -NAN 0 0
 727.036733649984 -NAN 0 0
 729.225369960821 -NAN 0 0
 731.414678246872 -NAN 0 0
 733.604664465375 -NAN 0 0
 735.795334573568 -NAN 0 0
[END] of [DATA]
[END] of Spectrum


[Spectrum]
Version            = 1
IDData             = 12ad_2026-06-08_15-44-45_000_881
IDDevice           = SAM_82E6
IDDataType         = SPECTRUM
IDDataTypeSub1     = CALIBRATED
IDDataTypeSub2     = 
IDDataTypeSub3     = 
DateTime           = 2026-06-08 15:44:45
PositionLatitude   = 0
PositionLongitude  = 0
Comment            = 20260608_FrameD
CommentSub1        = UV
CommentSub2        = centre
CommentSub3        = 22.5cm
IDMethodType       = SAM Control
MethodName         = SAM_82E6
Mission            = No Mission
MissionSub         = 1
RecordType         = 0
[Attributes]
CalFactor = 1
IDBasisSpec = 
IDDataBack = DLAB_2024-11-11_10-40-48_641_639
IDDataCal = DLAB_2024-11-12_11-45-27_171_455
IntegrationTime = 128
P31 = -1
P31e = 0
PathLength = +INF
PathLengthCustomOn = 0
RAWDynamic = 65535
Salinity = 0
Temperature = -NAN
Unit1 = $01 $01 Wavelength nm
Unit2 = $03 $06 Intensity mW/(m^2 nm)
Unit3 = $f0 $06 Error mW/(m^2 nm)
Unit4 = $f1 $00 Status 
p999 = 7407
[END] of [Attributes]
[DATA]
 0 6 0 0
 185.260577530984 -NAN 0 0
 187.468128380571 -NAN 0 0
 189.674861895872 -NAN 0 0
 191.880784034125 -NAN 0 0
 194.085900752568 -NAN 0 0
 196.290218008439 -NAN 0 0
 198.493741758976 -NAN 0 0
 200.696477961417 -NAN 0 0
 202.898432573 -NAN 0 0
 205.099611550963 -NAN 0 0
 207.300020852544 -NAN 0 0
 209.499666434981 -NAN 0 0
 211.698554255512 -NAN 0 0
 213.896690271375 -NAN 0 0
 216.094080439808 -NAN 0 0
 218.290730718049 -NAN 0 0
 220.486647063336 -NAN 0 0
 222.681835432907 -NAN 0 0
 224.876301784 -NAN 0 0
 227.070052073853 -NAN 0 0
 229.263092259704 -NAN 0 0
 231.455428298791 -NAN 0 0
 233.647066148352 -NAN 0 0
 235.838011765625 -NAN 0 0
 238.028271107848 -NAN 0 0
 240.217850132259 -NAN 0 0
 242.406754796096 -NAN 0 0
 244.594991056597 -NAN 0 0
 246.782564871 -NAN 0 0
 248.969482196543 -NAN 0 0
 251.155748990464 -NAN 0 0
 253.341371210001 -NAN 0 0
 255.526354812392 -NAN 0 0
 257.710705754875 -NAN 0 0
 259.894429994688 -NAN 0 0
 262.077533489069 -NAN 0 0
 264.260022195256 -NAN 0 0
 266.441902070487 -NAN 0 0
 268.623179072 -NAN 0 0
 270.803859157033 -NAN 0 0
 272.983948282824 -NAN 0 0
 275.163452406611 -NAN 0 0
 277.342377485632 -NAN 0 0
 279.520729477125 9.76870375345246 0 0
 281.698514338328 4.96606167781938 0 0
 283.875738026479 9.50574092808426 0 0
 286.052406498816 21.8909913390495 0 0
 288.228525712577 20.0473478188947 0 0
 290.404101625 31.00918618692 0 0
 292.579140193323 47.350596849565 0 0
 294.753647374784 51.56083691916 0 0
 296.927629126621 65.1718619128669 0 0
 299.101091406072 80.0391969111034 0 0
 301.274040170375 84.8419294961878 0 0
 303.446481376768 94.1775100953516 0 0
 305.618420982489 103.576599773365 0 0
 307.789864944776 100.94159348806 0 0
 309.960819220867 109.913798232682 0 0
 312.131289768 117.079830211962 0 0
 314.301282543413 105.487155587132 0 0
 316.470803504344 100.781658726161 0 0
 318.639858608031 94.5424508328592 0 0
 320.808453811712 79.2038041990572 0 0
 322.976595072625 81.0614039697391 0 0
 325.144288348008 75.2621176355136 0 0
 327.311539595099 60.1630123716521 0 0
 329.478354771136 62.3470710538314 0 0
 331.644739833357 56.0675125146114 0 0
 333.810700739 43.1638043736377 0 0
 335.976243445303 46.3587708118455 0 0
 338.141373909504 39.2895695956979 0 0
 340.306098088841 28.1486080186214 0 0
 342.470421940552 32.2845657784189 0 0
 344.634351421875 26.4282221540944 0 0
 346.797892490048 18.0124821771973 0 0
 348.961051102309 22.589666261974 0 0
 351.123833215896 17.2276488032947 0 0
 353.286244788047 11.3549659072808 0 0
 355.448291776 16.2770079951912 0 0
 357.609980136993 11.2563428636018 0 0
 359.771315828264 7.94250791860075 0 0
 361.932304807051 18.7209694194247 0 0
 364.092953030592 19.7962911161805 0 0
 366.253266456125 16.6545577113109 0 0
 368.413251040888 16.4872941838686 0 0
 370.572912742119 5.55890724229333 0 0
 372.732257517056 1.94602339961167 0 0
 374.891291322937 9.13958226277518 0 0
 377.050020117 1.65032366207198 0 0
 379.208449856483 0.648834920240278 0 0
 381.366586498624 8.20300849206082 0 0
 383.524436000661 0.00116706173282879 0 0
 385.682004319832 0.178382168149116 0 0
 387.839297413375 7.27554353547539 0 0
 389.996321238528 -0.980211185926992 0 0
 392.153081752529 0.341414412676703 0 0
 394.309584912616 6.4920929684952 0 0
 396.465836676027 -1.51818888945822 0 0
 398.621843 1.88476318989049 0 0
 400.777609841773 11.5620819324767 0 0
 402.933143158584 12.6135229774727 0 0
 405.088448907671 18.7693126861849 0 0
 407.243533046272 17.7989260931222 0 0
 409.398401531625 4.21170926243643 0 0
 411.553060320968 6.10496552996177 0 0
 413.707515371539 9.51874303477727 0 0
 415.861772640576 5.5759644904771 0 0
 418.015838085317 13.3968763836656 0 0
 420.169717663 20.2021678095017 0 0
 422.323417330863 21.7293272571061 0 0
 424.476943046144 36.0176252499644 0 0
 426.630300766081 50.0926411640133 0 0
 428.783496447912 64.1588453221758 0 0
 430.936536048875 98.2698904584348 0 0
 433.089425526208 152.980943744291 0 0
 435.242170837149 208.355891864563 0 0
 437.394777938936 258.567963537202 0 0
 439.547252788807 299.788429005833 0 0
 441.699601344 370.639533591212 0 0
 443.851829561753 472.358242464816 0 0
 446.003943399304 563.347557226155 0 0
 448.155948813891 615.116855719195 0 0
 450.307851762752 617.47459581154 0 0
 452.459658203125 556.524718073945 0 0
 454.611374092248 465.243309542589 0 0
 456.763005387359 386.793824978382 0 0
 458.914558045696 319.800898192804 0 0
 461.066038024497 272.878935561078 0 0
 463.217451281 246.269144585056 0 0
 465.368803772443 211.370643786196 0 0
 467.520101456064 177.629428646722 0 0
 469.671350289101 154.483741455458 0 0
 471.822556228792 125.296467653262 0 0
 473.973725232375 106.402023590188 0 0
 476.124863257088 101.948736504076 0 0
 478.275976260169 90.1685411717095 0 0
 480.427070198856 85.8806192705808 0 0
 482.578151030387 90.3324872462124 0 0
 484.729224712 83.6715041229979 0 0
 486.880297200933 84.4615460948342 0 0
 489.031374454424 92.3194583091783 0 0
 491.182462429711 89.5232853769812 0 0
 493.333567084032 95.1165853745007 0 0
 495.484694374625 105.528363443196 0 0
 497.635850258728 104.553135905523 0 0
 499.787040693579 111.380205473578 0 0
 501.938271636416 121.031654632865 0 0
 504.089549044477 -NAN 0 0
 506.240878875 -NAN 0 0
 508.392267085223 -NAN 0 0
 510.543719632384 -NAN 0 0
 512.695242473721 -NAN 0 0
 514.846841566472 -NAN 0 0
 516.998522867875 -NAN 0 0
 519.150292335168 -NAN 0 0
 521.302155925589 -NAN 0 0
 523.454119596376 -NAN 0 0
 525.606189304767 -NAN 0 0
 527.758371008 -NAN 0 0
 529.910670663313 -NAN 0 0
 532.063094227944 -NAN 0 0
 534.215647659131 -NAN 0 0
 536.368336914112 -NAN 0 0
 538.521167950125 -NAN 0 0
 540.674146724408 -NAN 0 0
 542.827279194199 -NAN 0 0
 544.980571316736 -NAN 0 0
 547.134029049257 -NAN 0 0
 549.287658349 -NAN 0 0
 551.441465173203 -NAN 0 0
 553.595455479104 -NAN 0 0
 555.749635223941 -NAN 0 0
 557.904010364952 -NAN 0 0
 560.058586859375 -NAN 0 0
 562.213370664448 -NAN 0 0
 564.368367737409 -NAN 0 0
 566.523584035496 -NAN 0 0
 568.679025515947 -NAN 0 0
 570.834698136 -NAN 0 0
 572.990607852893 -NAN 0 0
 575.146760623864 -NAN 0 0
 577.303162406151 -NAN 0 0
 579.459819156992 -NAN 0 0
 581.616736833625 -NAN 0 0
 583.773921393288 -NAN 0 0
 585.931378793219 -NAN 0 0
 588.089114990656 -NAN 0 0
 590.247135942837 -NAN 0 0
 592.405447607 -NAN 0 0
 594.564055940383 -NAN 0 0
 596.722966900224 -NAN 0 0
 598.882186443761 -NAN 0 0
 601.041720528232 -NAN 0 0
 603.201575110875 -NAN 0 0
 605.361756148928 -NAN 0 0
 607.522269599629 -NAN 0 0
 609.683121420216 -NAN 0 0
 611.844317567927 -NAN 0 0
 614.005864 -NAN 0 0
 616.167766673673 -NAN 0 0
 618.330031546184 -NAN 0 0
 620.492664574771 -NAN 0 0
 622.655671716672 -NAN 0 0
 624.819058929125 -NAN 0 0
 626.982832169368 -NAN 0 0
 629.146997394639 -NAN 0 0
 631.311560562176 -NAN 0 0
 633.476527629217 -NAN 0 0
 635.641904553 -NAN 0 0
 637.807697290763 -NAN 0 0
 639.973911799744 -NAN 0 0
 642.140554037181 -NAN 0 0
 644.307629960312 -NAN 0 0
 646.475145526375 -NAN 0 0
 648.643106692608 -NAN 0 0
 650.811519416249 -NAN 0 0
 652.980389654536 -NAN 0 0
 655.149723364707 -NAN 0 0
 657.319526504 -NAN 0 0
 659.489805029653 -NAN 0 0
 661.660564898904 -NAN 0 0
 663.831812068991 -NAN 0 0
 666.003552497152 -NAN 0 0
 668.175792140625 -NAN 0 0
 670.348536956648 -NAN 0 0
 672.521792902459 -NAN 0 0
 674.695565935296 -NAN 0 0
 676.869862012397 -NAN 0 0
 679.044687091 -NAN 0 0
 681.220047128343 -NAN 0 0
 683.395948081664 -NAN 0 0
 685.572395908201 -NAN 0 0
 687.749396565192 -NAN 0 0
 689.926956009875 -NAN 0 0
 692.105080199488 -NAN 0 0
 694.283775091269 -NAN 0 0
 696.463046642456 -NAN 0 0
 698.642900810287 -NAN 0 0
 700.823343552 -NAN 0 0
 703.004380824833 -NAN 0 0
 705.186018586024 -NAN 0 0
 707.368262792811 -NAN 0 0
 709.551119402432 -NAN 0 0
 711.734594372125 -NAN 0 0
 713.918693659128 -NAN 0 0
 716.103423220679 -NAN 0 0
 718.288789014016 -NAN 0 0
 720.474796996377 -NAN 0 0
 722.661453125 -NAN 0 0
 724.848763357123 -NAN 0 0
 727.036733649984 -NAN 0 0
 729.225369960821 -NAN 0 0
 731.414678246872 -NAN 0 0
 733.604664465375 -NAN 0 0
 735.795334573568 -NAN 0 0
[END] of [DATA]
[END] of Spectrum


[Spectrum]
Version            = 1
IDData             = 12ad_2026-06-08_15-44-50_000_884
IDDevice           = SAM_82E6
IDDataType         = SPECTRUM
IDDataTypeSub1     = CALIBRATED
IDDataTypeSub2     = 
IDDataTypeSub3     = 
DateTime           = 2026-06-08 15:44:50
PositionLatitude   = 0
PositionLongitude  = 0
Comment            = 20260608_FrameD
CommentSub1        = UV
CommentSub2        = centre
CommentSub3        = 22.5cm
IDMethodType       = SAM Control
MethodName         = SAM_82E6
Mission            = No Mission
MissionSub         = 1
RecordType         = 0
[Attributes]
CalFactor = 1
IDBasisSpec = 
IDDataBack = DLAB_2024-11-11_10-40-48_641_639
IDDataCal = DLAB_2024-11-12_11-45-27_171_455
IntegrationTime = 128
P31 = -1
P31e = 0
PathLength = +INF
PathLengthCustomOn = 0
RAWDynamic = 65535
Salinity = 0
Temperature = -NAN
Unit1 = $01 $01 Wavelength nm
Unit2 = $03 $06 Intensity mW/(m^2 nm)
Unit3 = $f0 $06 Error mW/(m^2 nm)
Unit4 = $f1 $00 Status 
p999 = 7408
[END] of [Attributes]
[DATA]
 0 6 0 0
 185.260577530984 -NAN 0 0
 187.468128380571 -NAN 0 0
 189.674861895872 -NAN 0 0
 191.880784034125 -NAN 0 0
 194.085900752568 -NAN 0 0
 196.290218008439 -NAN 0 0
 198.493741758976 -NAN 0 0
 200.696477961417 -NAN 0 0
 202.898432573 -NAN 0 0
 205.099611550963 -NAN 0 0
 207.300020852544 -NAN 0 0
 209.499666434981 -NAN 0 0
 211.698554255512 -NAN 0 0
 213.896690271375 -NAN 0 0
 216.094080439808 -NAN 0 0
 218.290730718049 -NAN 0 0
 220.486647063336 -NAN 0 0
 222.681835432907 -NAN 0 0
 224.876301784 -NAN 0 0
 227.070052073853 -NAN 0 0
 229.263092259704 -NAN 0 0
 231.455428298791 -NAN 0 0
 233.647066148352 -NAN 0 0
 235.838011765625 -NAN 0 0
 238.028271107848 -NAN 0 0
 240.217850132259 -NAN 0 0
 242.406754796096 -NAN 0 0
 244.594991056597 -NAN 0 0
 246.782564871 -NAN 0 0
 248.969482196543 -NAN 0 0
 251.155748990464 -NAN 0 0
 253.341371210001 -NAN 0 0
 255.526354812392 -NAN 0 0
 257.710705754875 -NAN 0 0
 259.894429994688 -NAN 0 0
 262.077533489069 -NAN 0 0
 264.260022195256 -NAN 0 0
 266.441902070487 -NAN 0 0
 268.623179072 -NAN 0 0
 270.803859157033 -NAN 0 0
 272.983948282824 -NAN 0 0
 275.163452406611 -NAN 0 0
 277.342377485632 -NAN 0 0
 279.520729477125 6.35403690048048 0 0
 281.698514338328 9.87680949891582 0 0
 283.875738026479 6.52329661932861 0 0
 286.052406498816 18.9553042340412 0 0
 288.228525712577 25.4285710372158 0 0
 290.404101625 27.8595811837962 0 0
 292.579140193323 46.0989041029231 0 0
 294.753647374784 57.5887854693265 0 0
 296.927629126621 62.5589282987982 0 0
 299.101091406072 80.0963996594107 0 0
 301.274040170375 90.6831387189164 0 0
 303.446481376768 92.165699859193 0 0
 305.618420982489 104.847753743323 0 0
 307.789864944776 106.534089037536 0 0
 309.960819220867 107.903692566418 0 0
 312.131289768 119.220058396396 0 0
 314.301282543413 111.424426137745 0 0
 316.470803504344 97.7834617866461 0 0
 318.639858608031 97.1513486168882 0 0
 320.808453811712 84.9461841168909 0 0
 322.976595072625 76.9271111844165 0 0
 325.144288348008 78.189934208094 0 0
 327.311539595099 65.2206877166546 0 0
 329.478354771136 57.2511074524123 0 0
 331.644739833357 59.6295067451622 0 0
 333.810700739 47.3646573539177 0 0
 335.976243445303 40.9075371920266 0 0
 338.141373909504 42.7949656842551 0 0
 340.306098088841 30.998908421992 0 0
 342.470421940552 26.9734407484889 0 0
 344.634351421875 29.6802410029193 0 0
 346.797892490048 19.5707742193318 0 0
 348.961051102309 17.5032079195418 0 0
 351.123833215896 20.323947700135 0 0
 353.286244788047 11.7998572676222 0 0
 355.448291776 11.6430228872929 0 0
 357.609980136993 14.3531657705967 0 0
 359.771315828264 7.68436355099893 0 0
 361.932304807051 13.9708104462836 0 0
 364.092953030592 23.3662454673521 0 0
 366.253266456125 15.9328443647017 0 0
 368.413251040888 11.3738112087698 0 0
 370.572912742119 9.55296528307325 0 0
 372.732257517056 0.0597037883690241 0 0
 374.891291322937 4.07362914079257 0 0
 377.050020117 6.63284292031815 0 0
 379.208449856483 -1.97931983652728 0 0
 381.366586498624 3.74274208899531 0 0
 383.524436000661 5.21140350247882 0 0
 385.682004319832 -2.87683877493775 0 0
 387.839297413375 3.95157029322541 0 0
 389.996321238528 4.34621804379376 0 0
 392.153081752529 -3.08879536463177 0 0
 394.309584912616 3.90663765463062 0 0
 396.465836676027 3.79014154392541 0 0
 398.621843 -1.80122403169548 0 0
 400.777609841773 10.2667814502287 0 0
 402.933143158584 18.1491613654705 0 0
 405.088448907671 15.5335767577988 0 0
 407.243533046272 17.3855006820858 0 0
 409.398401531625 8.90732576821669 0 0
 411.553060320968 2.54461490191691 0 0
 413.707515371539 9.87512122959056 0 0
 415.861772640576 9.66656237050671 0 0
 418.015838085317 9.94070580209699 0 0
 420.169717663 20.9116852325856 0 0
 422.323417330863 25.1352486223928 0 0
 424.476943046144 32.5451731231319 0 0
 426.630300766081 51.2838425011611 0 0
 428.783496447912 66.9305257441433 0 0
 430.936536048875 95.0611610052979 0 0
 433.089425526208 154.870570145431 0 0
 435.242170837149 211.300200276323 0 0
 437.394777938936 255.843938445446 0 0
 439.547252788807 301.807214741245 0 0
 441.699601344 372.410013187093 0 0
 443.851829561753 468.571475205128 0 0
 446.003943399304 565.298238364369 0 0
 448.155948813891 616.359278704652 0 0
 450.307851762752 613.297396324467 0 0
 452.459658203125 558.870134475057 0 0
 454.611374092248 465.92229108208 0 0
 456.763005387359 382.254248375537 0 0
 458.914558045696 322.633310280929 0 0
 461.066038024497 273.001202069539 0 0
 463.217451281 241.495534492637 0 0
 465.368803772443 214.651272463266 0 0
 467.520101456064 176.948259197879 0 0
 469.671350289101 149.761880850569 0 0
 471.822556228792 128.831477418923 0 0
 473.973725232375 104.849482262064 0 0
 476.124863257088 97.4781523835313 0 0
 478.275976260169 93.9823372793887 0 0
 480.427070198856 84.0293920478514 0 0
 482.578151030387 86.5889289013998 0 0
 484.729224712 87.828973710144 0 0
 486.880297200933 81.7970308792705 0 0
 489.031374454424 89.1506480003226 0 0
 491.182462429711 93.8187338307842 0 0
 493.333567084032 92.2241500638755 0 0
 495.484694374625 103.250504746732 0 0
 497.635850258728 108.752954435636 0 0
 499.787040693579 108.438322215732 0 0
 501.938271636416 119.494802206786 0 0
 504.089549044477 -NAN 0 0
 506.240878875 -NAN 0 0
 508.392267085223 -NAN 0 0
 510.543719632384 -NAN 0 0
 512.695242473721 -NAN 0 0
 514.846841566472 -NAN 0 0
 516.998522867875 -NAN 0 0
 519.150292335168 -NAN 0 0
 521.302155925589 -NAN 0 0
 523.454119596376 -NAN 0 0
 525.606189304767 -NAN 0 0
 527.758371008 -NAN 0 0
 529.910670663313 -NAN 0 0
 532.063094227944 -NAN 0 0
 534.215647659131 -NAN 0 0
 536.368336914112 -NAN 0 0
 538.521167950125 -NAN 0 0
 540.674146724408 -NAN 0 0
 542.827279194199 -NAN 0 0
 544.980571316736 -NAN 0 0
 547.134029049257 -NAN 0 0
 549.287658349 -NAN 0 0
 551.441465173203 -NAN 0 0
 553.595455479104 -NAN 0 0
 555.749635223941 -NAN 0 0
 557.904010364952 -NAN 0 0
 560.058586859375 -NAN 0 0
 562.213370664448 -NAN 0 0
 564.368367737409 -NAN 0 0
 566.523584035496 -NAN 0 0
 568.679025515947 -NAN 0 0
 570.834698136 -NAN 0 0
 572.990607852893 -NAN 0 0
 575.146760623864 -NAN 0 0
 577.303162406151 -NAN 0 0
 579.459819156992 -NAN 0 0
 581.616736833625 -NAN 0 0
 583.773921393288 -NAN 0 0
 585.931378793219 -NAN 0 0
 588.089114990656 -NAN 0 0
 590.247135942837 -NAN 0 0
 592.405447607 -NAN 0 0
 594.564055940383 -NAN 0 0
 596.722966900224 -NAN 0 0
 598.882186443761 -NAN 0 0
 601.041720528232 -NAN 0 0
 603.201575110875 -NAN 0 0
 605.361756148928 -NAN 0 0
 607.522269599629 -NAN 0 0
 609.683121420216 -NAN 0 0
 611.844317567927 -NAN 0 0
 614.005864 -NAN 0 0
 616.167766673673 -NAN 0 0
 618.330031546184 -NAN 0 0
 620.492664574771 -NAN 0 0
 622.655671716672 -NAN 0 0
 624.819058929125 -NAN 0 0
 626.982832169368 -NAN 0 0
 629.146997394639 -NAN 0 0
 631.311560562176 -NAN 0 0
 633.476527629217 -NAN 0 0
 635.641904553 -NAN 0 0
 637.807697290763 -NAN 0 0
 639.973911799744 -NAN 0 0
 642.140554037181 -NAN 0 0
 644.307629960312 -NAN 0 0
 646.475145526375 -NAN 0 0
 648.643106692608 -NAN 0 0
 650.811519416249 -NAN 0 0
 652.980389654536 -NAN 0 0
 655.149723364707 -NAN 0 0
 657.319526504 -NAN 0 0
 659.489805029653 -NAN 0 0
 661.660564898904 -NAN 0 0
 663.831812068991 -NAN 0 0
 666.003552497152 -NAN 0 0
 668.175792140625 -NAN 0 0
 670.348536956648 -NAN 0 0
 672.521792902459 -NAN 0 0
 674.695565935296 -NAN 0 0
 676.869862012397 -NAN 0 0
 679.044687091 -NAN 0 0
 681.220047128343 -NAN 0 0
 683.395948081664 -NAN 0 0
 685.572395908201 -NAN 0 0
 687.749396565192 -NAN 0 0
 689.926956009875 -NAN 0 0
 692.105080199488 -NAN 0 0
 694.283775091269 -NAN 0 0
 696.463046642456 -NAN 0 0
 698.642900810287 -NAN 0 0
 700.823343552 -NAN 0 0
 703.004380824833 -NAN 0 0
 705.186018586024 -NAN 0 0
 707.368262792811 -NAN 0 0
 709.551119402432 -NAN 0 0
 711.734594372125 -NAN 0 0
 713.918693659128 -NAN 0 0
 716.103423220679 -NAN 0 0
 718.288789014016 -NAN 0 0
 720.474796996377 -NAN 0 0
 722.661453125 -NAN 0 0
 724.848763357123 -NAN 0 0
 727.036733649984 -NAN 0 0
 729.225369960821 -NAN 0 0
 731.414678246872 -NAN 0 0
 733.604664465375 -NAN 0 0
 735.795334573568 -NAN 0 0
[END] of [DATA]
[END] of Spectrum


[Spectrum]
Version            = 1
IDData             = 12ad_2026-06-08_15-44-55_000_887
IDDevice           = SAM_82E6
IDDataType         = SPECTRUM
IDDataTypeSub1     = CALIBRATED
IDDataTypeSub2     = 
IDDataTypeSub3     = 
DateTime           = 2026-06-08 15:44:55
PositionLatitude   = 0
PositionLongitude  = 0
Comment            = 20260608_FrameD
CommentSub1        = UV
CommentSub2        = centre
CommentSub3        = 22.5cm
IDMethodType       = SAM Control
MethodName         = SAM_82E6
Mission            = No Mission
MissionSub         = 1
RecordType         = 0
[Attributes]
CalFactor = 1
IDBasisSpec = 
IDDataBack = DLAB_2024-11-11_10-40-48_641_639
IDDataCal = DLAB_2024-11-12_11-45-27_171_455
IntegrationTime = 128
P31 = -1
P31e = 0
PathLength = +INF
PathLengthCustomOn = 0
RAWDynamic = 65535
Salinity = 0
Temperature = -NAN
Unit1 = $01 $01 Wavelength nm
Unit2 = $03 $06 Intensity mW/(m^2 nm)
Unit3 = $f0 $06 Error mW/(m^2 nm)
Unit4 = $f1 $00 Status 
p999 = 7409
[END] of [Attributes]
[DATA]
 0 6 0 0
 185.260577530984 -NAN 0 0
 187.468128380571 -NAN 0 0
 189.674861895872 -NAN 0 0
 191.880784034125 -NAN 0 0
 194.085900752568 -NAN 0 0
 196.290218008439 -NAN 0 0
 198.493741758976 -NAN 0 0
 200.696477961417 -NAN 0 0
 202.898432573 -NAN 0 0
 205.099611550963 -NAN 0 0
 207.300020852544 -NAN 0 0
 209.499666434981 -NAN 0 0
 211.698554255512 -NAN 0 0
 213.896690271375 -NAN 0 0
 216.094080439808 -NAN 0 0
 218.290730718049 -NAN 0 0
 220.486647063336 -NAN 0 0
 222.681835432907 -NAN 0 0
 224.876301784 -NAN 0 0
 227.070052073853 -NAN 0 0
 229.263092259704 -NAN 0 0
 231.455428298791 -NAN 0 0
 233.647066148352 -NAN 0 0
 235.838011765625 -NAN 0 0
 238.028271107848 -NAN 0 0
 240.217850132259 -NAN 0 0
 242.406754796096 -NAN 0 0
 244.594991056597 -NAN 0 0
 246.782564871 -NAN 0 0
 248.969482196543 -NAN 0 0
 251.155748990464 -NAN 0 0
 253.341371210001 -NAN 0 0
 255.526354812392 -NAN 0 0
 257.710705754875 -NAN 0 0
 259.894429994688 -NAN 0 0
 262.077533489069 -NAN 0 0
 264.260022195256 -NAN 0 0
 266.441902070487 -NAN 0 0
 268.623179072 -NAN 0 0
 270.803859157033 -NAN 0 0
 272.983948282824 -NAN 0 0
 275.163452406611 -NAN 0 0
 277.342377485632 -NAN 0 0
 279.520729477125 0.481108790117297 0 0
 281.698514338328 10.1121488513645 0 0
 283.875738026479 13.0050292789822 0 0
 286.052406498816 11.9253354098816 0 0
 288.228525712577 26.9758876175637 0 0
 290.404101625 34.1151678520503 0 0
 292.579140193323 39.1469349290064 0 0
 294.753647374784 60.5206351047617 0 0
 296.927629126621 68.0209498768951 0 0
 299.101091406072 74.8837992199135 0 0
 301.274040170375 94.400904779628 0 0
 303.446481376768 96.7070174281111 0 0
 305.618420982489 100.453561593368 0 0
 307.789864944776 110.920863069465 0 0
 309.960819220867 111.716409120492 0 0
 312.131289768 114.480499451687 0 0
 314.301282543413 116.573316462483 0 0
 316.470803504344 100.840303165076 0 0
 318.639858608031 91.3160624490601 0 0
 320.808453811712 90.9840689818177 0 0
 322.976595072625 78.9520709160031 0 0
 325.144288348008 71.6932998014806 0 0
 327.311539595099 72.2662493711711 0 0
 329.478354771136 58.1614196894434 0 0
 331.644739833357 52.6476427421375 0 0
 333.810700739 54.1588487490851 0 0
 335.976243445303 40.3057210003986 0 0
 338.141373909504 36.2223480182103 0 0
 340.306098088841 37.5464556343064 0 0
 342.470421940552 25.8185067552941 0 0
 344.634351421875 24.4513568678018 0 0
 346.797892490048 25.615497768821 0 0
 348.961051102309 15.6920679094807 0 0
 351.123833215896 16.1933103431788 0 0
 353.286244788047 17.1581811517336 0 0
 355.448291776 9.00978343879357 0 0
 357.609980136993 11.1535437629547 0 0
 359.771315828264 13.2409210636282 0 0
 361.932304807051 10.7491353590908 0 0
 364.092953030592 20.8666000108392 0 0
 366.253266456125 21.7345788403564 0 0
 368.413251040888 7.1622797114978 0 0
 370.572912742119 7.63129584835838 0 0
 372.732257517056 6.47005964566249 0 0
 374.891291322937 -1.51666626292391 0 0
 377.050020117 5.2672022598354 0 0
 379.208449856483 4.59526538567399 0 0
 381.366586498624 -2.8204636067703 0 0
 383.524436000661 4.75092434077623 0 0
 385.682004319832 3.44695652904931 0 0
 387.839297413375 -3.18944639089218 0 0
 389.996321238528 4.92774275400062 0 0
 392.153081752529 2.60601892585123 0 0
 394.309584912616 -2.99063712254611 0 0
 396.465836676027 5.14340332360439 0 0
 398.621843 3.09484970756019 0 0
 400.777609841773 3.47815844085663 0 0
 402.933143158584 20.4987661208158 0 0
 405.088448907671 19.6906497956343 0 0
 407.243533046272 11.1199672975852 0 0
 409.398401531625 11.5060710671698 0 0
 411.553060320968 5.22480450109566 0 0
 413.707515371539 3.82305581410059 0 0
 415.861772640576 12.4773175006468 0 0
 418.015838085317 11.4800582283588 0 0
 420.169717663 15.530705095917 0 0
 422.323417330863 28.1346567924679 0 0
 424.476943046144 33.4079603080198 0 0
 426.630300766081 46.4517083813397 0 0
 428.783496447912 70.1169466672082 0 0
 430.936536048875 95.2984784378873 0 0
 433.089425526208 151.037883177567 0 0
 435.242170837149 215.371401972714 0 0
 437.394777938936 256.23239977015 0 0
 439.547252788807 297.818171773677 0 0
 441.699601344 375.857270116119 0 0
 443.851829561753 467.667472411038 0 0
 446.003943399304 561.309608773864 0 0
 448.155948813891 620.212895761237 0 0
 450.307851762752 611.950087163481 0 0
 452.459658203125 554.851802584052 0 0
 454.611374092248 470.304289589047 0 0
 456.763005387359 379.84680839648 0 0
 458.914558045696 319.004469423839 0 0
 461.066038024497 277.769595899525 0 0
 463.217451281 238.485542750289 0 0
 465.368803772443 211.725306345879 0 0
 467.520101456064 182.037751683575 0 0
 469.671350289101 146.040249314666 0 0
 471.822556228792 126.686861104691 0 0
 473.973725232375 110.20079492496 0 0
 476.124863257088 93.133780890461 0 0
 478.275976260169 92.7221843696835 0 0
 480.427070198856 89.3825797930004 0 0
 482.578151030387 81.6265376071132 0 0
 484.729224712 87.3461707903463 0 0
 486.880297200933 87.1327729356261 0 0
 489.031374454424 83.974476923781 0 0
 491.182462429711 94.1403898772468 0 0
 493.333567084032 97.073822201321 0 0
 495.484694374625 97.7517671354407 0 0
 497.635850258728 109.621882407383 0 0
 499.787040693579 112.626102817809 0 0
 501.938271636416 113.702547474882 0 0
 504.089549044477 -NAN 0 0
 506.240878875 -NAN 0 0
 508.392267085223 -NAN 0 0
 510.543719632384 -NAN 0 0
 512.695242473721 -NAN 0 0
 514.846841566472 -NAN 0 0
 516.998522867875 -NAN 0 0
 519.150292335168 -NAN 0 0
 521.302155925589 -NAN 0 0
 523.454119596376 -NAN 0 0
 525.606189304767 -NAN 0 0
 527.758371008 -NAN 0 0
 529.910670663313 -NAN 0 0
 532.063094227944 -NAN 0 0
 534.215647659131 -NAN 0 0
 536.368336914112 -NAN 0 0
 538.521167950125 -NAN 0 0
 540.674146724408 -NAN 0 0
 542.827279194199 -NAN 0 0
 544.980571316736 -NAN 0 0
 547.134029049257 -NAN 0 0
 549.287658349 -NAN 0 0
 551.441465173203 -NAN 0 0
 553.595455479104 -NAN 0 0
 555.749635223941 -NAN 0 0
 557.904010364952 -NAN 0 0
 560.058586859375 -NAN 0 0
 562.213370664448 -NAN 0 0
 564.368367737409 -NAN 0 0
 566.523584035496 -NAN 0 0
 568.679025515947 -NAN 0 0
 570.834698136 -NAN 0 0
 572.990607852893 -NAN 0 0
 575.146760623864 -NAN 0 0
 577.303162406151 -NAN 0 0
 579.459819156992 -NAN 0 0
 581.616736833625 -NAN 0 0
 583.773921393288 -NAN 0 0
 585.931378793219 -NAN 0 0
 588.089114990656 -NAN 0 0
 590.247135942837 -NAN 0 0
 592.405447607 -NAN 0 0
 594.564055940383 -NAN 0 0
 596.722966900224 -NAN 0 0
 598.882186443761 -NAN 0 0
 601.041720528232 -NAN 0 0
 603.201575110875 -NAN 0 0
 605.361756148928 -NAN 0 0
 607.522269599629 -NAN 0 0
 609.683121420216 -NAN 0 0
 611.844317567927 -NAN 0 0
 614.005864 -NAN 0 0
 616.167766673673 -NAN 0 0
 618.330031546184 -NAN 0 0
 620.492664574771 -NAN 0 0
 622.655671716672 -NAN 0 0
 624.819058929125 -NAN 0 0
 626.982832169368 -NAN 0 0
 629.146997394639 -NAN 0 0
 631.311560562176 -NAN 0 0
 633.476527629217 -NAN 0 0
 635.641904553 -NAN 0 0
 637.807697290763 -NAN 0 0
 639.973911799744 -NAN 0 0
 642.140554037181 -NAN 0 0
 644.307629960312 -NAN 0 0
 646.475145526375 -NAN 0 0
 648.643106692608 -NAN 0 0
 650.811519416249 -NAN 0 0
 652.980389654536 -NAN 0 0
 655.149723364707 -NAN 0 0
 657.319526504 -NAN 0 0
 659.489805029653 -NAN 0 0
 661.660564898904 -NAN 0 0
 663.831812068991 -NAN 0 0
 666.003552497152 -NAN 0 0
 668.175792140625 -NAN 0 0
 670.348536956648 -NAN 0 0
 672.521792902459 -NAN 0 0
 674.695565935296 -NAN 0 0
 676.869862012397 -NAN 0 0
 679.044687091 -NAN 0 0
 681.220047128343 -NAN 0 0
 683.395948081664 -NAN 0 0
 685.572395908201 -NAN 0 0
 687.749396565192 -NAN 0 0
 689.926956009875 -NAN 0 0
 692.105080199488 -NAN 0 0
 694.283775091269 -NAN 0 0
 696.463046642456 -NAN 0 0
 698.642900810287 -NAN 0 0
 700.823343552 -NAN 0 0
 703.004380824833 -NAN 0 0
 705.186018586024 -NAN 0 0
 707.368262792811 -NAN 0 0
 709.551119402432 -NAN 0 0
 711.734594372125 -NAN 0 0
 713.918693659128 -NAN 0 0
 716.103423220679 -NAN 0 0
 718.288789014016 -NAN 0 0
 720.474796996377 -NAN 0 0
 722.661453125 -NAN 0 0
 724.848763357123 -NAN 0 0
 727.036733649984 -NAN 0 0
 729.225369960821 -NAN 0 0
 731.414678246872 -NAN 0 0
 733.604664465375 -NAN 0 0
 735.795334573568 -NAN 0 0
[END] of [DATA]
[END] of Spectrum


[Spectrum]
Version            = 1
IDData             = 12ad_2026-06-08_15-45-00_000_890
IDDevice           = SAM_82E6
IDDataType         = SPECTRUM
IDDataTypeSub1     = CALIBRATED
IDDataTypeSub2     = 
IDDataTypeSub3     = 
DateTime           = 2026-06-08 15:45:00
PositionLatitude   = 0
PositionLongitude  = 0
Comment            = 20260608_FrameD
CommentSub1        = UV
CommentSub2        = centre
CommentSub3        = 22.5cm
IDMethodType       = SAM Control
MethodName         = SAM_82E6
Mission            = No Mission
MissionSub         = 1
RecordType         = 0
[Attributes]
CalFactor = 1
IDBasisSpec = 
IDDataBack = DLAB_2024-11-11_10-40-48_641_639
IDDataCal = DLAB_2024-11-12_11-45-27_171_455
IntegrationTime = 128
P31 = -1
P31e = 0
PathLength = +INF
PathLengthCustomOn = 0
RAWDynamic = 65535
Salinity = 0
Temperature = -NAN
Unit1 = $01 $01 Wavelength nm
Unit2 = $03 $06 Intensity mW/(m^2 nm)
Unit3 = $f0 $06 Error mW/(m^2 nm)
Unit4 = $f1 $00 Status 
p999 = 7410
[END] of [Attributes]
[DATA]
 0 6 0 0
 185.260577530984 -NAN 0 0
 187.468128380571 -NAN 0 0
 189.674861895872 -NAN 0 0
 191.880784034125 -NAN 0 0
 194.085900752568 -NAN 0 0
 196.290218008439 -NAN 0 0
 198.493741758976 -NAN 0 0
 200.696477961417 -NAN 0 0
 202.898432573 -NAN 0 0
 205.099611550963 -NAN 0 0
 207.300020852544 -NAN 0 0
 209.499666434981 -NAN 0 0
 211.698554255512 -NAN 0 0
 213.896690271375 -NAN 0 0
 216.094080439808 -NAN 0 0
 218.290730718049 -NAN 0 0
 220.486647063336 -NAN 0 0
 222.681835432907 -NAN 0 0
 224.876301784 -NAN 0 0
 227.070052073853 -NAN 0 0
 229.263092259704 -NAN 0 0
 231.455428298791 -NAN 0 0
 233.647066148352 -NAN 0 0
 235.838011765625 -NAN 0 0
 238.028271107848 -NAN 0 0
 240.217850132259 -NAN 0 0
 242.406754796096 -NAN 0 0
 244.594991056597 -NAN 0 0
 246.782564871 -NAN 0 0
 248.969482196543 -NAN 0 0
 251.155748990464 -NAN 0 0
 253.341371210001 -NAN 0 0
 255.526354812392 -NAN 0 0
 257.710705754875 -NAN 0 0
 259.894429994688 -NAN 0 0
 262.077533489069 -NAN 0 0
 264.260022195256 -NAN 0 0
 266.441902070487 -NAN 0 0
 268.623179072 -NAN 0 0
 270.803859157033 -NAN 0 0
 272.983948282824 -NAN 0 0
 275.163452406611 -NAN 0 0
 277.342377485632 -NAN 0 0
 279.520729477125 8.60931103276796 0 0
 281.698514338328 8.05554439913218 0 0
 283.875738026479 7.42847976417348 0 0
 286.052406498816 21.8721169906988 0 0
 288.228525712577 23.9485913821238 0 0
 290.404101625 29.5245385838778 0 0
 292.579140193323 49.3113002398566 0 0
 294.753647374784 56.8154451126407 0 0
 296.927629126621 65.3838929690134 0 0
 299.101091406072 84.0135961945335 0 0
 301.274040170375 90.9256521729391 0 0
 303.446481376768 95.9916343093903 0 0
 305.618420982489 108.73111836728 0 0
 307.789864944776 107.46937833528 0 0
 309.960819220867 112.175707458213 0 0
 312.131289768 123.040286938012 0 0
 314.301282543413 112.023269524655 0 0
 316.470803504344 102.019300739091 0 0
 318.639858608031 99.8284276546418 0 0
 320.808453811712 84.4576691818318 0 0
 322.976595072625 80.4609471604423 0 0
 325.144288348008 79.9469128909493 0 0
 327.311539595099 64.1812987834352 0 0
 329.478354771136 60.6142054392216 0 0
 331.644739833357 60.2320552288839 0 0
 333.810700739 45.7556625725349 0 0
 335.976243445303 43.7756129072007 0 0
 338.141373909504 42.6587383522879 0 0
 340.306098088841 29.4258140565127 0 0
 342.470421940552 29.7455442219509 0 0
 344.634351421875 29.1508133403689 0 0
 346.797892490048 18.3664198270774 0 0
 348.961051102309 20.2014133112868 0 0
 351.123833215896 19.4496854302752 0 0
 353.286244788047 10.7715912068332 0 0
 355.448291776 14.0363879906062 0 0
 357.609980136993 13.304829108789 0 0
 359.771315828264 6.86367958233146 0 0
 361.932304807051 16.5325582235232 0 0
 364.092953030592 22.199970057877 0 0
 366.253266456125 15.3991501909146 0 0
 368.413251040888 14.2457507934092 0 0
 370.572912742119 8.05205353504432 0 0
 372.732257517056 0.0740533843051728 0 0
 374.891291322937 7.04086866845064 0 0
 377.050020117 4.5871407996152 0 0
 379.208449856483 -1.71202614188266 0 0
 381.366586498624 6.32760496960583 0 0
 383.524436000661 3.1804630022535 0 0
 385.682004319832 -2.29793983460425 0 0
 387.839297413375 6.18597174379158 0 0
 389.996321238528 1.98500297650458 0 0
 392.153081752529 -2.07444125977235 0 0
 394.309584912616 6.15527468657297 0 0
 396.465836676027 1.31587422254806 0 0
 398.621843 -0.735764082475347 0 0
 400.777609841773 12.2942648355948 0 0
 402.933143158584 16.064425754606 0 0
 405.088448907671 17.5150657678545 0 0
 407.243533046272 19.1734467844129 0 0
 409.398401531625 6.50680927734074 0 0
 411.553060320968 3.64867654338931 0 0
 413.707515371539 10.4404473541009 0 0
 415.861772640576 7.30793669666728 0 0
 418.015838085317 10.8362039249096 0 0
 420.169717663 20.9561483244322 0 0
 422.323417330863 23.0523262820629 0 0
 424.476943046144 33.5615222246716 0 0
 426.630300766081 50.9981268181206 0 0
 428.783496447912 65.1038130086191 0 0
 430.936536048875 96.2271476966663 0 0
 433.089425526208 155.229226741705 0 0
 435.242170837149 211.409692744404 0 0
 437.394777938936 258.35614820583 0 0
 439.547252788807 301.539499164954 0 0
 441.699601344 370.89515993955 0 0
 443.851829561753 469.951753545364 0 0
 446.003943399304 564.168041090869 0 0
 448.155948813891 614.694817967779 0 0
 450.307851762752 614.816951837359 0 0
 452.459658203125 557.563111354216 0 0
 454.611374092248 464.443556776886 0 0
 456.763005387359 384.162823054798 0 0
 458.914558045696 321.225088485177 0 0
 461.066038024497 271.673591565165 0 0
 463.217451281 243.656953683743 0 0
 465.368803772443 213.199900381229 0 0
 467.520101456064 176.073234921613 0 0
 469.671350289101 152.053531217499 0 0
 471.822556228792 127.171094044143 0 0
 473.973725232375 104.346282696849 0 0
 476.124863257088 99.8219430182994 0 0
 478.275976260169 92.5343838037751 0 0
 480.427070198856 84.2020395926908 0 0
 482.578151030387 88.7308157420961 0 0
 484.729224712 86.1715738720424 0 0
 486.880297200933 82.3731120446841 0 0
 489.031374454424 91.1770305813034 0 0
 491.182462429711 92.2428425753718 0 0
 493.333567084032 93.138195248642 0 0
 495.484694374625 104.836593916816 0 0
 497.635850258728 106.888928395233 0 0
 499.787040693579 109.370027297762 0 0
 501.938271636416 120.920803232385 0 0
 504.089549044477 -NAN 0 0
 506.240878875 -NAN 0 0
 508.392267085223 -NAN 0 0
 510.543719632384 -NAN 0 0
 512.695242473721 -NAN 0 0
 514.846841566472 -NAN 0 0
 516.998522867875 -NAN 0 0
 519.150292335168 -NAN 0 0
 521.302155925589 -NAN 0 0
 523.454119596376 -NAN 0 0
 525.606189304767 -NAN 0 0
 527.758371008 -NAN 0 0
 529.910670663313 -NAN 0 0
 532.063094227944 -NAN 0 0
 534.215647659131 -NAN 0 0
 536.368336914112 -NAN 0 0
 538.521167950125 -NAN 0 0
 540.674146724408 -NAN 0 0
 542.827279194199 -NAN 0 0
 544.980571316736 -NAN 0 0
 547.134029049257 -NAN 0 0
 549.287658349 -NAN 0 0
 551.441465173203 -NAN 0 0
 553.595455479104 -NAN 0 0
 555.749635223941 -NAN 0 0
 557.904010364952 -NAN 0 0
 560.058586859375 -NAN 0 0
 562.213370664448 -NAN 0 0
 564.368367737409 -NAN 0 0
 566.523584035496 -NAN 0 0
 568.679025515947 -NAN 0 0
 570.834698136 -NAN 0 0
 572.990607852893 -NAN 0 0
 575.146760623864 -NAN 0 0
 577.303162406151 -NAN 0 0
 579.459819156992 -NAN 0 0
 581.616736833625 -NAN 0 0
 583.773921393288 -NAN 0 0
 585.931378793219 -NAN 0 0
 588.089114990656 -NAN 0 0
 590.247135942837 -NAN 0 0
 592.405447607 -NAN 0 0
 594.564055940383 -NAN 0 0
 596.722966900224 -NAN 0 0
 598.882186443761 -NAN 0 0
 601.041720528232 -NAN 0 0
 603.201575110875 -NAN 0 0
 605.361756148928 -NAN 0 0
 607.522269599629 -NAN 0 0
 609.683121420216 -NAN 0 0
 611.844317567927 -NAN 0 0
 614.005864 -NAN 0 0
 616.167766673673 -NAN 0 0
 618.330031546184 -NAN 0 0
 620.492664574771 -NAN 0 0
 622.655671716672 -NAN 0 0
 624.819058929125 -NAN 0 0
 626.982832169368 -NAN 0 0
 629.146997394639 -NAN 0 0
 631.311560562176 -NAN 0 0
 633.476527629217 -NAN 0 0
 635.641904553 -NAN 0 0
 637.807697290763 -NAN 0 0
 639.973911799744 -NAN 0 0
 642.140554037181 -NAN 0 0
 644.307629960312 -NAN 0 0
 646.475145526375 -NAN 0 0
 648.643106692608 -NAN 0 0
 650.811519416249 -NAN 0 0
 652.980389654536 -NAN 0 0
 655.149723364707 -NAN 0 0
 657.319526504 -NAN 0 0
 659.489805029653 -NAN 0 0
 661.660564898904 -NAN 0 0
 663.831812068991 -NAN 0 0
 666.003552497152 -NAN 0 0
 668.175792140625 -NAN 0 0
 670.348536956648 -NAN 0 0
 672.521792902459 -NAN 0 0
 674.695565935296 -NAN 0 0
 676.869862012397 -NAN 0 0
 679.044687091 -NAN 0 0
 681.220047128343 -NAN 0 0
 683.395948081664 -NAN 0 0
 685.572395908201 -NAN 0 0
 687.749396565192 -NAN 0 0
 689.926956009875 -NAN 0 0
 692.105080199488 -NAN 0 0
 694.283775091269 -NAN 0 0
 696.463046642456 -NAN 0 0
 698.642900810287 -NAN 0 0
 700.823343552 -NAN 0 0
 703.004380824833 -NAN 0 0
 705.186018586024 -NAN 0 0
 707.368262792811 -NAN 0 0
 709.551119402432 -NAN 0 0
 711.734594372125 -NAN 0 0
 713.918693659128 -NAN 0 0
 716.103423220679 -NAN 0 0
 718.288789014016 -NAN 0 0
 720.474796996377 -NAN 0 0
 722.661453125 -NAN 0 0
 724.848763357123 -NAN 0 0
 727.036733649984 -NAN 0 0
 729.225369960821 -NAN 0 0
 731.414678246872 -NAN 0 0
 733.604664465375 -NAN 0 0
 735.795334573568 -NAN 0 0
[END] of [DATA]
[END] of Spectrum


[Spectrum]
Version            = 1
IDData             = 12ad_2026-06-08_15-45-05_000_893
IDDevice           = SAM_82E6
IDDataType         = SPECTRUM
IDDataTypeSub1     = CALIBRATED
IDDataTypeSub2     = 
IDDataTypeSub3     = 
DateTime           = 2026-06-08 15:45:05
PositionLatitude   = 0
PositionLongitude  = 0
Comment            = 20260608_FrameD
CommentSub1        = UV
CommentSub2        = centre
CommentSub3        = 22.5cm
IDMethodType       = SAM Control
MethodName         = SAM_82E6
Mission            = No Mission
MissionSub         = 1
RecordType         = 0
[Attributes]
CalFactor = 1
IDBasisSpec = 
IDDataBack = DLAB_2024-11-11_10-40-48_641_639
IDDataCal = DLAB_2024-11-12_11-45-27_171_455
IntegrationTime = 128
P31 = -1
P31e = 0
PathLength = +INF
PathLengthCustomOn = 0
RAWDynamic = 65535
Salinity = 0
Temperature = -NAN
Unit1 = $01 $01 Wavelength nm
Unit2 = $03 $06 Intensity mW/(m^2 nm)
Unit3 = $f0 $06 Error mW/(m^2 nm)
Unit4 = $f1 $00 Status 
p999 = 7411
[END] of [Attributes]
[DATA]
 0 6 0 0
 185.260577530984 -NAN 0 0
 187.468128380571 -NAN 0 0
 189.674861895872 -NAN 0 0
 191.880784034125 -NAN 0 0
 194.085900752568 -NAN 0 0
 196.290218008439 -NAN 0 0
 198.493741758976 -NAN 0 0
 200.696477961417 -NAN 0 0
 202.898432573 -NAN 0 0
 205.099611550963 -NAN 0 0
 207.300020852544 -NAN 0 0
 209.499666434981 -NAN 0 0
 211.698554255512 -NAN 0 0
 213.896690271375 -NAN 0 0
 216.094080439808 -NAN 0 0
 218.290730718049 -NAN 0 0
 220.486647063336 -NAN 0 0
 222.681835432907 -NAN 0 0
 224.876301784 -NAN 0 0
 227.070052073853 -NAN 0 0
 229.263092259704 -NAN 0 0
 231.455428298791 -NAN 0 0
 233.647066148352 -NAN 0 0
 235.838011765625 -NAN 0 0
 238.028271107848 -NAN 0 0
 240.217850132259 -NAN 0 0
 242.406754796096 -NAN 0 0
 244.594991056597 -NAN 0 0
 246.782564871 -NAN 0 0
 248.969482196543 -NAN 0 0
 251.155748990464 -NAN 0 0
 253.341371210001 -NAN 0 0
 255.526354812392 -NAN 0 0
 257.710705754875 -NAN 0 0
 259.894429994688 -NAN 0 0
 262.077533489069 -NAN 0 0
 264.260022195256 -NAN 0 0
 266.441902070487 -NAN 0 0
 268.623179072 -NAN 0 0
 270.803859157033 -NAN 0 0
 272.983948282824 -NAN 0 0
 275.163452406611 -NAN 0 0
 277.342377485632 -NAN 0 0
 279.520729477125 9.34529502624222 0 0
 281.698514338328 4.56859966035044 0 0
 283.875738026479 11.2878643739411 0 0
 286.052406498816 21.9461625111516 0 0
 288.228525712577 20.4112537553839 0 0
 290.404101625 33.8388867114254 0 0
 292.579140193323 48.977233594638 0 0
 294.753647374784 54.1751379479561 0 0
 296.927629126621 70.1564962028735 0 0
 299.101091406072 83.6882555635361 0 0
 301.274040170375 89.460128285711 0 0
 303.446481376768 100.726269148558 0 0
 305.618420982489 108.66981906416 0 0
 307.789864944776 106.792763334741 0 0
 309.960819220867 117.288508483532 0 0
 312.131289768 122.712838777302 0 0
 314.301282543413 111.789546183356 0 0
 316.470803504344 107.403593286948 0 0
 318.639858608031 99.0372678236862 0 0
 320.808453811712 84.5255554534613 0 0
 322.976595072625 86.5062956924497 0 0
 325.144288348008 78.6692414576486 0 0
 327.311539595099 64.6782703608137 0 0
 329.478354771136 66.9016071155784 0 0
 331.644739833357 58.468823670868 0 0
 333.810700739 46.9768407644768 0 0
 335.976243445303 49.9464093648356 0 0
 338.141373909504 40.6574605373063 0 0
 340.306098088841 31.1563535871306 0 0
 342.470421940552 34.7620432332088 0 0
 344.634351421875 27.0192696633549 0 0
 346.797892490048 20.2762335624376 0 0
 348.961051102309 24.1741246360377 0 0
 351.123833215896 17.2903359826956 0 0
 353.286244788047 12.7899586283819 0 0
 355.448291776 17.3247102921023 0 0
 357.609980136993 11.0079117037046 0 0
 359.771315828264 9.2611953964334 0 0
 361.932304807051 19.3754064855348 0 0
 364.092953030592 19.6766152271153 0 0
 366.253266456125 18.0863061950373 0 0
 368.413251040888 16.6642900383883 0 0
 370.572912742119 4.79275145459656 0 0
 372.732257517056 3.02876563843006 0 0
 374.891291322937 8.90026706752229 0 0
 377.050020117 0.808868305612906 0 0
 379.208449856483 1.83556294672531 0 0
 381.366586498624 7.59530426097141 0 0
 383.524436000661 -0.686709216859932 0 0
 385.682004319832 1.5381546176794 0 0
 387.839297413375 6.66629012790186 0 0
 389.996321238528 -1.60949396412185 0 0
 392.153081752529 1.69296146894631 0 0
 394.309584912616 5.70936546313746 0 0
 396.465836676027 -1.99881162470135 0 0
 398.621843 3.24876422077256 0 0
 400.777609841773 11.2603653542824 0 0
 402.933143158584 13.4372786899724 0 0
 405.088448907671 21.6021171853718 0 0
 407.243533046272 17.8226861742163 0 0
 409.398401531625 4.27587581302786 0 0
 411.553060320968 7.39763310619119 0 0
 413.707515371539 8.83356352927315 0 0
 415.861772640576 5.65148950123613 0 0
 418.015838085317 14.4604647139436 0 0
 420.169717663 19.4377810390326 0 0
 422.323417330863 21.9454018383447 0 0
 424.476943046144 36.7863224743603 0 0
 426.630300766081 49.6593200978914 0 0
 428.783496447912 64.7522951448841 0 0
 430.936536048875 99.4581256591085 0 0
 433.089425526208 154.527296111976 0 0
 435.242170837149 212.198518043646 0 0
 437.394777938936 262.065714065818 0 0
 439.547252788807 300.416064314599 0 0
 441.699601344 371.469702761054 0 0
 443.851829561753 472.932451646988 0 0
 446.003943399304 562.563862523259 0 0
 448.155948813891 615.845112130162 0 0
 450.307851762752 617.97961129357 0 0
 452.459658203125 555.609523996418 0 0
 454.611374092248 465.98125026338 0 0
 456.763005387359 387.094510912506 0 0
 458.914558045696 319.048382789546 0 0
 461.066038024497 273.706272268332 0 0
 463.217451281 246.589047089073 0 0
 465.368803772443 210.346766753777 0 0
 467.520101456064 178.402705914119 0 0
 469.671350289101 154.485906453443 0 0
 471.822556228792 124.177157201797 0 0
 473.973725232375 106.939357042759 0 0
 476.124863257088 101.552384568674 0 0
 478.275976260169 89.1706423067049 0 0
 480.427070198856 86.7449708499058 0 0
 482.578151030387 89.7721812566191 0 0
 484.729224712 82.788600635405 0 0
 486.880297200933 85.1282342008275 0 0
 489.031374454424 91.7376146083997 0 0
 491.182462429711 88.7615859891773 0 0
 493.333567084032 95.9805306404919 0 0
 495.484694374625 104.77350453601 0 0
 497.635850258728 103.706150559324 0 0
 499.787040693579 112.536954840299 0 0
 501.938271636416 120.258923511069 0 0
 504.089549044477 -NAN 0 0
 506.240878875 -NAN 0 0
 508.392267085223 -NAN 0 0
 510.543719632384 -NAN 0 0
 512.695242473721 -NAN 0 0
 514.846841566472 -NAN 0 0
 516.998522867875 -NAN 0 0
 519.150292335168 -NAN 0 0
 521.302155925589 -NAN 0 0
 523.454119596376 -NAN 0 0
 525.606189304767 -NAN 0 0
 527.758371008 -NAN 0 0
 529.910670663313 -NAN 0 0
 532.063094227944 -NAN 0 0
 534.215647659131 -NAN 0 0
 536.368336914112 -NAN 0 0
 538.521167950125 -NAN 0 0
 540.674146724408 -NAN 0 0
 542.827279194199 -NAN 0 0
 544.980571316736 -NAN 0 0
 547.134029049257 -NAN 0 0
 549.287658349 -NAN 0 0
 551.441465173203 -NAN 0 0
 553.595455479104 -NAN 0 0
 555.749635223941 -NAN 0 0
 557.904010364952 -NAN 0 0
 560.058586859375 -NAN 0 0
 562.213370664448 -NAN 0 0
 564.368367737409 -NAN 0 0
 566.523584035496 -NAN 0 0
 568.679025515947 -NAN 0 0
 570.834698136 -NAN 0 0
 572.990607852893 -NAN 0 0
 575.146760623864 -NAN 0 0
 577.303162406151 -NAN 0 0
 579.459819156992 -NAN 0 0
 581.616736833625 -NAN 0 0
 583.773921393288 -NAN 0 0
 585.931378793219 -NAN 0 0
 588.089114990656 -NAN 0 0
 590.247135942837 -NAN 0 0
 592.405447607 -NAN 0 0
 594.564055940383 -NAN 0 0
 596.722966900224 -NAN 0 0
 598.882186443761 -NAN 0 0
 601.041720528232 -NAN 0 0
 603.201575110875 -NAN 0 0
 605.361756148928 -NAN 0 0
 607.522269599629 -NAN 0 0
 609.683121420216 -NAN 0 0
 611.844317567927 -NAN 0 0
 614.005864 -NAN 0 0
 616.167766673673 -NAN 0 0
 618.330031546184 -NAN 0 0
 620.492664574771 -NAN 0 0
 622.655671716672 -NAN 0 0
 624.819058929125 -NAN 0 0
 626.982832169368 -NAN 0 0
 629.146997394639 -NAN 0 0
 631.311560562176 -NAN 0 0
 633.476527629217 -NAN 0 0
 635.641904553 -NAN 0 0
 637.807697290763 -NAN 0 0
 639.973911799744 -NAN 0 0
 642.140554037181 -NAN 0 0
 644.307629960312 -NAN 0 0
 646.475145526375 -NAN 0 0
 648.643106692608 -NAN 0 0
 650.811519416249 -NAN 0 0
 652.980389654536 -NAN 0 0
 655.149723364707 -NAN 0 0
 657.319526504 -NAN 0 0
 659.489805029653 -NAN 0 0
 661.660564898904 -NAN 0 0
 663.831812068991 -NAN 0 0
 666.003552497152 -NAN 0 0
 668.175792140625 -NAN 0 0
 670.348536956648 -NAN 0 0
 672.521792902459 -NAN 0 0
 674.695565935296 -NAN 0 0
 676.869862012397 -NAN 0 0
 679.044687091 -NAN 0 0
 681.220047128343 -NAN 0 0
 683.395948081664 -NAN 0 0
 685.572395908201 -NAN 0 0
 687.749396565192 -NAN 0 0
 689.926956009875 -NAN 0 0
 692.105080199488 -NAN 0 0
 694.283775091269 -NAN 0 0
 696.463046642456 -NAN 0 0
 698.642900810287 -NAN 0 0
 700.823343552 -NAN 0 0
 703.004380824833 -NAN 0 0
 705.186018586024 -NAN 0 0
 707.368262792811 -NAN 0 0
 709.551119402432 -NAN 0 0
 711.734594372125 -NAN 0 0
 713.918693659128 -NAN 0 0
 716.103423220679 -NAN 0 0
 718.288789014016 -NAN 0 0
 720.474796996377 -NAN 0 0
 722.661453125 -NAN 0 0
 724.848763357123 -NAN 0 0
 727.036733649984 -NAN 0 0
 729.225369960821 -NAN 0 0
 731.414678246872 -NAN 0 0
 733.604664465375 -NAN 0 0
 735.795334573568 -NAN 0 0
[END] of [DATA]
[END] of Spectrum


