[Spectrum]
Version            = 1
IDData             = 12ad_2026-06-09_16-46-55_000_163
IDDevice           = SAM_82E6
IDDataType         = SPECTRUM
IDDataTypeSub1     = CALIBRATED
IDDataTypeSub2     = 
IDDataTypeSub3     = 
DateTime           = 2026-06-09 16:46:55
PositionLatitude   = 0
PositionLongitude  = 0
Comment            = 20260609_FrameA
CommentSub1        = UV
CommentSub2        = centre
CommentSub3        = 44.5cm
IDMethodType       = SAM Control
MethodName         = SAM_82E6
Mission            = No Mission
MissionSub         = 1
RecordType         = 0
[Attributes]
CalFactor = 1
IDBasisSpec = 
IDDataBack = DLAB_2024-11-11_10-40-48_641_639
IDDataCal = DLAB_2024-11-12_11-45-27_171_455
IntegrationTime = 512
P31 = -1
P31e = 0
PathLength = +INF
PathLengthCustomOn = 0
RAWDynamic = 65535
Salinity = 0
Temperature = -NAN
Unit1 = $01 $01 Wavelength nm
Unit2 = $03 $06 Intensity mW/(m^2 nm)
Unit3 = $f0 $06 Error mW/(m^2 nm)
Unit4 = $f1 $00 Status 
p999 = 8013
[END] of [Attributes]
[DATA]
 0 8 0 0
 185.260577530984 -NAN 0 0
 187.468128380571 -NAN 0 0
 189.674861895872 -NAN 0 0
 191.880784034125 -NAN 0 0
 194.085900752568 -NAN 0 0
 196.290218008439 -NAN 0 0
 198.493741758976 -NAN 0 0
 200.696477961417 -NAN 0 0
 202.898432573 -NAN 0 0
 205.099611550963 -NAN 0 0
 207.300020852544 -NAN 0 0
 209.499666434981 -NAN 0 0
 211.698554255512 -NAN 0 0
 213.896690271375 -NAN 0 0
 216.094080439808 -NAN 0 0
 218.290730718049 -NAN 0 0
 220.486647063336 -NAN 0 0
 222.681835432907 -NAN 0 0
 224.876301784 -NAN 0 0
 227.070052073853 -NAN 0 0
 229.263092259704 -NAN 0 0
 231.455428298791 -NAN 0 0
 233.647066148352 -NAN 0 0
 235.838011765625 -NAN 0 0
 238.028271107848 -NAN 0 0
 240.217850132259 -NAN 0 0
 242.406754796096 -NAN 0 0
 244.594991056597 -NAN 0 0
 246.782564871 -NAN 0 0
 248.969482196543 -NAN 0 0
 251.155748990464 -NAN 0 0
 253.341371210001 -NAN 0 0
 255.526354812392 -NAN 0 0
 257.710705754875 -NAN 0 0
 259.894429994688 -NAN 0 0
 262.077533489069 -NAN 0 0
 264.260022195256 -NAN 0 0
 266.441902070487 -NAN 0 0
 268.623179072 -NAN 0 0
 270.803859157033 -NAN 0 0
 272.983948282824 -NAN 0 0
 275.163452406611 -NAN 0 0
 277.342377485632 -NAN 0 0
 279.520729477125 8.84021220036675 0 0
 281.698514338328 14.0891146898366 0 0
 283.875738026479 20.2093857779945 0 0
 286.052406498816 31.3785513253091 0 0
 288.228525712577 44.3000958683316 0 0
 290.404101625 60.6918341071688 0 0
 292.579140193323 81.8108198621316 0 0
 294.753647374784 106.73930434001 0 0
 296.927629126621 126.111741069436 0 0
 299.101091406072 147.942332359468 0 0
 301.274040170375 171.694785473738 0 0
 303.446481376768 182.627816188335 0 0
 305.618420982489 196.230557206484 0 0
 307.789864944776 204.525052749882 0 0
 309.960819220867 213.677094717864 0 0
 312.131289768 224.313939057166 0 0
 314.301282543413 215.607747353615 0 0
 316.470803504344 195.195857139794 0 0
 318.639858608031 180.575389531965 0 0
 320.808453811712 165.379238618849 0 0
 322.976595072625 153.909841885199 0 0
 325.144288348008 141.928770281302 0 0
 327.311539595099 128.233284811849 0 0
 329.478354771136 114.961105197418 0 0
 331.644739833357 104.886046425343 0 0
 333.810700739 94.5856292626453 0 0
 335.976243445303 82.463554191859 0 0
 338.141373909504 73.0631843517109 0 0
 340.306098088841 63.6629833571157 0 0
 342.470421940552 54.6919803005134 0 0
 344.634351421875 49.0291795675951 0 0
 346.797892490048 42.3194403827404 0 0
 348.961051102309 35.507517767185 0 0
 351.123833215896 31.9481247284029 0 0
 353.286244788047 27.3205196896773 0 0
 355.448291776 22.8742324286219 0 0
 357.609980136993 21.1890947796751 0 0
 359.771315828264 19.7931392949489 0 0
 361.932304807051 26.0342957100927 0 0
 364.092953030592 37.0675566596677 0 0
 366.253266456125 34.9986316857237 0 0
 368.413251040888 20.2531345126727 0 0
 370.572912742119 12.0182261013249 0 0
 372.732257517056 7.73946520402954 0 0
 374.891291322937 5.49187446607363 0 0
 377.050020117 6.17912126657654 0 0
 379.208449856483 4.53383003763162 0 0
 381.366586498624 3.16669902989843 0 0
 383.524436000661 4.25072116750017 0 0
 385.682004319832 2.89476910435918 0 0
 387.839297413375 1.97111760473735 0 0
 389.996321238528 3.27792910759904 0 0
 392.153081752529 2.01799893065313 0 0
 394.309584912616 1.24425557110251 0 0
 396.465836676027 2.87518954757551 0 0
 398.621843 3.3875983744685 0 0
 400.777609841773 11.074328666829 0 0
 402.933143158584 27.9383343853332 0 0
 405.088448907671 31.5678723419211 0 0
 407.243533046272 21.5446636435531 0 0
 409.398401531625 10.1170486085598 0 0
 411.553060320968 4.11185692361825 0 0
 413.707515371539 2.81573149878166 0 0
 415.861772640576 4.46979523047083 0 0
 418.015838085317 4.73073892330808 0 0
 420.169717663 6.35017271621532 0 0
 422.323417330863 9.77947286111739 0 0
 424.476943046144 12.2899479278406 0 0
 426.630300766081 16.9849535423907 0 0
 428.783496447912 25.8845467676827 0 0
 430.936536048875 43.6335384118286 0 0
 433.089425526208 94.1976356795376 0 0
 435.242170837149 142.268380514929 0 0
 437.394777938936 149.531631900511 0 0
 439.547252788807 128.493889412896 0 0
 441.699601344 137.708995240093 0 0
 443.851829561753 166.16317343851 0 0
 446.003943399304 201.272318499307 0 0
 448.155948813891 229.60610673958 0 0
 450.307851762752 240.080840956253 0 0
 452.459658203125 233.19084088359 0 0
 454.611374092248 212.980288376402 0 0
 456.763005387359 184.568064381308 0 0
 458.914558045696 158.041966800314 0 0
 461.066038024497 136.64039836725 0 0
 463.217451281 117.912968738562 0 0
 465.368803772443 103.778642140526 0 0
 467.520101456064 91.7822919485645 0 0
 469.671350289101 78.6226959929631 0 0
 471.822556228792 68.3595386236739 0 0
 473.973725232375 60.3632557704997 0 0
 476.124863257088 52.5066310979314 0 0
 478.275976260169 48.5384133093713 0 0
 480.427070198856 46.6710561469404 0 0
 482.578151030387 44.0987148209644 0 0
 484.729224712 44.2785815591641 0 0
 486.880297200933 45.2865577481793 0 0
 489.031374454424 45.0375037622964 0 0
 491.182462429711 47.1917545128192 0 0
 493.333567084032 49.6889491957335 0 0
 495.484694374625 50.5142882443222 0 0
 497.635850258728 53.6294227264896 0 0
 499.787040693579 56.6650017004736 0 0
 501.938271636416 57.9536111275781 0 0
 504.089549044477 -NAN 0 0
 506.240878875 -NAN 0 0
 508.392267085223 -NAN 0 0
 510.543719632384 -NAN 0 0
 512.695242473721 -NAN 0 0
 514.846841566472 -NAN 0 0
 516.998522867875 -NAN 0 0
 519.150292335168 -NAN 0 0
 521.302155925589 -NAN 0 0
 523.454119596376 -NAN 0 0
 525.606189304767 -NAN 0 0
 527.758371008 -NAN 0 0
 529.910670663313 -NAN 0 0
 532.063094227944 -NAN 0 0
 534.215647659131 -NAN 0 0
 536.368336914112 -NAN 0 0
 538.521167950125 -NAN 0 0
 540.674146724408 -NAN 0 0
 542.827279194199 -NAN 0 0
 544.980571316736 -NAN 0 0
 547.134029049257 -NAN 0 0
 549.287658349 -NAN 0 0
 551.441465173203 -NAN 0 0
 553.595455479104 -NAN 0 0
 555.749635223941 -NAN 0 0
 557.904010364952 -NAN 0 0
 560.058586859375 -NAN 0 0
 562.213370664448 -NAN 0 0
 564.368367737409 -NAN 0 0
 566.523584035496 -NAN 0 0
 568.679025515947 -NAN 0 0
 570.834698136 -NAN 0 0
 572.990607852893 -NAN 0 0
 575.146760623864 -NAN 0 0
 577.303162406151 -NAN 0 0
 579.459819156992 -NAN 0 0
 581.616736833625 -NAN 0 0
 583.773921393288 -NAN 0 0
 585.931378793219 -NAN 0 0
 588.089114990656 -NAN 0 0
 590.247135942837 -NAN 0 0
 592.405447607 -NAN 0 0
 594.564055940383 -NAN 0 0
 596.722966900224 -NAN 0 0
 598.882186443761 -NAN 0 0
 601.041720528232 -NAN 0 0
 603.201575110875 -NAN 0 0
 605.361756148928 -NAN 0 0
 607.522269599629 -NAN 0 0
 609.683121420216 -NAN 0 0
 611.844317567927 -NAN 0 0
 614.005864 -NAN 0 0
 616.167766673673 -NAN 0 0
 618.330031546184 -NAN 0 0
 620.492664574771 -NAN 0 0
 622.655671716672 -NAN 0 0
 624.819058929125 -NAN 0 0
 626.982832169368 -NAN 0 0
 629.146997394639 -NAN 0 0
 631.311560562176 -NAN 0 0
 633.476527629217 -NAN 0 0
 635.641904553 -NAN 0 0
 637.807697290763 -NAN 0 0
 639.973911799744 -NAN 0 0
 642.140554037181 -NAN 0 0
 644.307629960312 -NAN 0 0
 646.475145526375 -NAN 0 0
 648.643106692608 -NAN 0 0
 650.811519416249 -NAN 0 0
 652.980389654536 -NAN 0 0
 655.149723364707 -NAN 0 0
 657.319526504 -NAN 0 0
 659.489805029653 -NAN 0 0
 661.660564898904 -NAN 0 0
 663.831812068991 -NAN 0 0
 666.003552497152 -NAN 0 0
 668.175792140625 -NAN 0 0
 670.348536956648 -NAN 0 0
 672.521792902459 -NAN 0 0
 674.695565935296 -NAN 0 0
 676.869862012397 -NAN 0 0
 679.044687091 -NAN 0 0
 681.220047128343 -NAN 0 0
 683.395948081664 -NAN 0 0
 685.572395908201 -NAN 0 0
 687.749396565192 -NAN 0 0
 689.926956009875 -NAN 0 0
 692.105080199488 -NAN 0 0
 694.283775091269 -NAN 0 0
 696.463046642456 -NAN 0 0
 698.642900810287 -NAN 0 0
 700.823343552 -NAN 0 0
 703.004380824833 -NAN 0 0
 705.186018586024 -NAN 0 0
 707.368262792811 -NAN 0 0
 709.551119402432 -NAN 0 0
 711.734594372125 -NAN 0 0
 713.918693659128 -NAN 0 0
 716.103423220679 -NAN 0 0
 718.288789014016 -NAN 0 0
 720.474796996377 -NAN 0 0
 722.661453125 -NAN 0 0
 724.848763357123 -NAN 0 0
 727.036733649984 -NAN 0 0
 729.225369960821 -NAN 0 0
 731.414678246872 -NAN 0 0
 733.604664465375 -NAN 0 0
 735.795334573568 -NAN 0 0
[END] of [DATA]
[END] of Spectrum


[Spectrum]
Version            = 1
IDData             = 12ad_2026-06-09_16-46-50_000_160
IDDevice           = SAM_82E6
IDDataType         = SPECTRUM
IDDataTypeSub1     = CALIBRATED
IDDataTypeSub2     = 
IDDataTypeSub3     = 
DateTime           = 2026-06-09 16:46:50
PositionLatitude   = 0
PositionLongitude  = 0
Comment            = 20260609_FrameA
CommentSub1        = UV
CommentSub2        = centre
CommentSub3        = 44.5cm
IDMethodType       = SAM Control
MethodName         = SAM_82E6
Mission            = No Mission
MissionSub         = 1
RecordType         = 0
[Attributes]
CalFactor = 1
IDBasisSpec = 
IDDataBack = DLAB_2024-11-11_10-40-48_641_639
IDDataCal = DLAB_2024-11-12_11-45-27_171_455
IntegrationTime = 512
P31 = -1
P31e = 0
PathLength = +INF
PathLengthCustomOn = 0
RAWDynamic = 65535
Salinity = 0
Temperature = -NAN
Unit1 = $01 $01 Wavelength nm
Unit2 = $03 $06 Intensity mW/(m^2 nm)
Unit3 = $f0 $06 Error mW/(m^2 nm)
Unit4 = $f1 $00 Status 
p999 = 8012
[END] of [Attributes]
[DATA]
 0 8 0 0
 185.260577530984 -NAN 0 0
 187.468128380571 -NAN 0 0
 189.674861895872 -NAN 0 0
 191.880784034125 -NAN 0 0
 194.085900752568 -NAN 0 0
 196.290218008439 -NAN 0 0
 198.493741758976 -NAN 0 0
 200.696477961417 -NAN 0 0
 202.898432573 -NAN 0 0
 205.099611550963 -NAN 0 0
 207.300020852544 -NAN 0 0
 209.499666434981 -NAN 0 0
 211.698554255512 -NAN 0 0
 213.896690271375 -NAN 0 0
 216.094080439808 -NAN 0 0
 218.290730718049 -NAN 0 0
 220.486647063336 -NAN 0 0
 222.681835432907 -NAN 0 0
 224.876301784 -NAN 0 0
 227.070052073853 -NAN 0 0
 229.263092259704 -NAN 0 0
 231.455428298791 -NAN 0 0
 233.647066148352 -NAN 0 0
 235.838011765625 -NAN 0 0
 238.028271107848 -NAN 0 0
 240.217850132259 -NAN 0 0
 242.406754796096 -NAN 0 0
 244.594991056597 -NAN 0 0
 246.782564871 -NAN 0 0
 248.969482196543 -NAN 0 0
 251.155748990464 -NAN 0 0
 253.341371210001 -NAN 0 0
 255.526354812392 -NAN 0 0
 257.710705754875 -NAN 0 0
 259.894429994688 -NAN 0 0
 262.077533489069 -NAN 0 0
 264.260022195256 -NAN 0 0
 266.441902070487 -NAN 0 0
 268.623179072 -NAN 0 0
 270.803859157033 -NAN 0 0
 272.983948282824 -NAN 0 0
 275.163452406611 -NAN 0 0
 277.342377485632 -NAN 0 0
 279.520729477125 9.15527810620261 0 0
 281.698514338328 13.6138599419749 0 0
 283.875738026479 19.880356647341 0 0
 286.052406498816 31.4649377658372 0 0
 288.228525712577 43.4053743827507 0 0
 290.404101625 59.9015246338549 0 0
 292.579140193323 81.2984433830727 0 0
 294.753647374784 105.04069304329 0 0
 296.927629126621 124.58181638287 0 0
 299.101091406072 146.463402970941 0 0
 301.274040170375 169.330569384881 0 0
 303.446481376768 180.397568358674 0 0
 305.618420982489 194.141003768559 0 0
 307.789864944776 201.736287289526 0 0
 309.960819220867 211.178511760659 0 0
 312.131289768 221.955412098925 0 0
 314.301282543413 212.652484309279 0 0
 316.470803504344 192.926439529709 0 0
 318.639858608031 178.65473647893 0 0
 320.808453811712 163.07443314186 0 0
 322.976595072625 152.15839233958 0 0
 325.144288348008 140.533437580415 0 0
 327.311539595099 126.275451355834 0 0
 329.478354771136 113.771154560777 0 0
 331.644739833357 103.948173048347 0 0
 333.810700739 93.0017981530964 0 0
 335.976243445303 81.7127376146226 0 0
 338.141373909504 72.4831648867373 0 0
 340.306098088841 62.491645619921 0 0
 342.470421940552 54.2159955992364 0 0
 344.634351421875 48.6116736674366 0 0
 346.797892490048 41.4019808432046 0 0
 348.961051102309 35.2588618909633 0 0
 351.123833215896 31.7880485381469 0 0
 353.286244788047 26.6248317291435 0 0
 355.448291776 22.8027003929499 0 0
 357.609980136993 21.1130662781549 0 0
 359.771315828264 19.2230704831615 0 0
 361.932304807051 26.0156288810258 0 0
 364.092953030592 36.972154653762 0 0
 366.253266456125 34.3534106112874 0 0
 368.413251040888 20.319811033211 0 0
 370.572912742119 12.0590458768989 0 0
 372.732257517056 7.23592483754292 0 0
 374.891291322937 5.7110226504906 0 0
 377.050020117 6.28602747989716 0 0
 379.208449856483 4.0188348563268 0 0
 381.366586498624 3.40342102689256 0 0
 383.524436000661 4.34807555816877 0 0
 385.682004319832 2.38414325772594 0 0
 387.839297413375 2.22757078327411 0 0
 389.996321238528 3.34254296428869 0 0
 392.153081752529 1.55106301234233 0 0
 394.309584912616 1.53402838449714 0 0
 396.465836676027 2.8523666802595 0 0
 398.621843 2.89334702816153 0 0
 400.777609841773 11.2277879609106 0 0
 402.933143158584 27.5004765412276 0 0
 405.088448907671 30.7288413475826 0 0
 407.243533046272 21.5084295198847 0 0
 409.398401531625 9.95835097897206 0 0
 411.553060320968 3.69604150020656 0 0
 413.707515371539 3.04111949401328 0 0
 415.861772640576 4.35140467306478 0 0
 418.015838085317 4.44419918368145 0 0
 420.169717663 6.55545975729428 0 0
 422.323417330863 9.7185874388616 0 0
 424.476943046144 12.0431836918336 0 0
 426.630300766081 17.2072248063874 0 0
 428.783496447912 25.7412421229946 0 0
 430.936536048875 43.2227650085443 0 0
 433.089425526208 93.7029648435923 0 0
 435.242170837149 141.010415954639 0 0
 437.394777938936 148.31309426777 0 0
 439.547252788807 128.290878507612 0 0
 441.699601344 137.428710401562 0 0
 443.851829561753 165.934243101303 0 0
 446.003943399304 201.396374975202 0 0
 448.155948813891 229.409565250356 0 0
 450.307851762752 239.797671560972 0 0
 452.459658203125 233.354334562419 0 0
 454.611374092248 212.771553855508 0 0
 456.763005387359 184.349383701946 0 0
 458.914558045696 158.357344608576 0 0
 461.066038024497 136.402997563321 0 0
 463.217451281 117.731725274435 0 0
 465.368803772443 104.031444768634 0 0
 467.520101456064 91.5520224021788 0 0
 469.671350289101 78.424057427856 0 0
 471.822556228792 68.6557623857315 0 0
 473.973725232375 60.1017461496277 0 0
 476.124863257088 52.3283834398315 0 0
 478.275976260169 48.8595633895343 0 0
 480.427070198856 46.4215525982692 0 0
 482.578151030387 43.9089697647276 0 0
 484.729224712 44.62671375712 0 0
 486.880297200933 45.0460578441717 0 0
 489.031374454424 44.8976374880708 0 0
 491.182462429711 47.5245791720062 0 0
 493.333567084032 49.4445729252631 0 0
 495.484694374625 50.4257417449455 0 0
 497.635850258728 53.9958645731609 0 0
 499.787040693579 56.4557213874155 0 0
 501.938271636416 57.891728064203 0 0
 504.089549044477 -NAN 0 0
 506.240878875 -NAN 0 0
 508.392267085223 -NAN 0 0
 510.543719632384 -NAN 0 0
 512.695242473721 -NAN 0 0
 514.846841566472 -NAN 0 0
 516.998522867875 -NAN 0 0
 519.150292335168 -NAN 0 0
 521.302155925589 -NAN 0 0
 523.454119596376 -NAN 0 0
 525.606189304767 -NAN 0 0
 527.758371008 -NAN 0 0
 529.910670663313 -NAN 0 0
 532.063094227944 -NAN 0 0
 534.215647659131 -NAN 0 0
 536.368336914112 -NAN 0 0
 538.521167950125 -NAN 0 0
 540.674146724408 -NAN 0 0
 542.827279194199 -NAN 0 0
 544.980571316736 -NAN 0 0
 547.134029049257 -NAN 0 0
 549.287658349 -NAN 0 0
 551.441465173203 -NAN 0 0
 553.595455479104 -NAN 0 0
 555.749635223941 -NAN 0 0
 557.904010364952 -NAN 0 0
 560.058586859375 -NAN 0 0
 562.213370664448 -NAN 0 0
 564.368367737409 -NAN 0 0
 566.523584035496 -NAN 0 0
 568.679025515947 -NAN 0 0
 570.834698136 -NAN 0 0
 572.990607852893 -NAN 0 0
 575.146760623864 -NAN 0 0
 577.303162406151 -NAN 0 0
 579.459819156992 -NAN 0 0
 581.616736833625 -NAN 0 0
 583.773921393288 -NAN 0 0
 585.931378793219 -NAN 0 0
 588.089114990656 -NAN 0 0
 590.247135942837 -NAN 0 0
 592.405447607 -NAN 0 0
 594.564055940383 -NAN 0 0
 596.722966900224 -NAN 0 0
 598.882186443761 -NAN 0 0
 601.041720528232 -NAN 0 0
 603.201575110875 -NAN 0 0
 605.361756148928 -NAN 0 0
 607.522269599629 -NAN 0 0
 609.683121420216 -NAN 0 0
 611.844317567927 -NAN 0 0
 614.005864 -NAN 0 0
 616.167766673673 -NAN 0 0
 618.330031546184 -NAN 0 0
 620.492664574771 -NAN 0 0
 622.655671716672 -NAN 0 0
 624.819058929125 -NAN 0 0
 626.982832169368 -NAN 0 0
 629.146997394639 -NAN 0 0
 631.311560562176 -NAN 0 0
 633.476527629217 -NAN 0 0
 635.641904553 -NAN 0 0
 637.807697290763 -NAN 0 0
 639.973911799744 -NAN 0 0
 642.140554037181 -NAN 0 0
 644.307629960312 -NAN 0 0
 646.475145526375 -NAN 0 0
 648.643106692608 -NAN 0 0
 650.811519416249 -NAN 0 0
 652.980389654536 -NAN 0 0
 655.149723364707 -NAN 0 0
 657.319526504 -NAN 0 0
 659.489805029653 -NAN 0 0
 661.660564898904 -NAN 0 0
 663.831812068991 -NAN 0 0
 666.003552497152 -NAN 0 0
 668.175792140625 -NAN 0 0
 670.348536956648 -NAN 0 0
 672.521792902459 -NAN 0 0
 674.695565935296 -NAN 0 0
 676.869862012397 -NAN 0 0
 679.044687091 -NAN 0 0
 681.220047128343 -NAN 0 0
 683.395948081664 -NAN 0 0
 685.572395908201 -NAN 0 0
 687.749396565192 -NAN 0 0
 689.926956009875 -NAN 0 0
 692.105080199488 -NAN 0 0
 694.283775091269 -NAN 0 0
 696.463046642456 -NAN 0 0
 698.642900810287 -NAN 0 0
 700.823343552 -NAN 0 0
 703.004380824833 -NAN 0 0
 705.186018586024 -NAN 0 0
 707.368262792811 -NAN 0 0
 709.551119402432 -NAN 0 0
 711.734594372125 -NAN 0 0
 713.918693659128 -NAN 0 0
 716.103423220679 -NAN 0 0
 718.288789014016 -NAN 0 0
 720.474796996377 -NAN 0 0
 722.661453125 -NAN 0 0
 724.848763357123 -NAN 0 0
 727.036733649984 -NAN 0 0
 729.225369960821 -NAN 0 0
 731.414678246872 -NAN 0 0
 733.604664465375 -NAN 0 0
 735.795334573568 -NAN 0 0
[END] of [DATA]
[END] of Spectrum


[Spectrum]
Version            = 1
IDData             = 12ad_2026-06-09_16-46-45_000_157
IDDevice           = SAM_82E6
IDDataType         = SPECTRUM
IDDataTypeSub1     = CALIBRATED
IDDataTypeSub2     = 
IDDataTypeSub3     = 
DateTime           = 2026-06-09 16:46:45
PositionLatitude   = 0
PositionLongitude  = 0
Comment            = 20260609_FrameA
CommentSub1        = UV
CommentSub2        = centre
CommentSub3        = 44.5cm
IDMethodType       = SAM Control
MethodName         = SAM_82E6
Mission            = No Mission
MissionSub         = 1
RecordType         = 0
[Attributes]
CalFactor = 1
IDBasisSpec = 
IDDataBack = DLAB_2024-11-11_10-40-48_641_639
IDDataCal = DLAB_2024-11-12_11-45-27_171_455
IntegrationTime = 512
P31 = -1
P31e = 0
PathLength = +INF
PathLengthCustomOn = 0
RAWDynamic = 65535
Salinity = 0
Temperature = -NAN
Unit1 = $01 $01 Wavelength nm
Unit2 = $03 $06 Intensity mW/(m^2 nm)
Unit3 = $f0 $06 Error mW/(m^2 nm)
Unit4 = $f1 $00 Status 
p999 = 8011
[END] of [Attributes]
[DATA]
 0 8 0 0
 185.260577530984 -NAN 0 0
 187.468128380571 -NAN 0 0
 189.674861895872 -NAN 0 0
 191.880784034125 -NAN 0 0
 194.085900752568 -NAN 0 0
 196.290218008439 -NAN 0 0
 198.493741758976 -NAN 0 0
 200.696477961417 -NAN 0 0
 202.898432573 -NAN 0 0
 205.099611550963 -NAN 0 0
 207.300020852544 -NAN 0 0
 209.499666434981 -NAN 0 0
 211.698554255512 -NAN 0 0
 213.896690271375 -NAN 0 0
 216.094080439808 -NAN 0 0
 218.290730718049 -NAN 0 0
 220.486647063336 -NAN 0 0
 222.681835432907 -NAN 0 0
 224.876301784 -NAN 0 0
 227.070052073853 -NAN 0 0
 229.263092259704 -NAN 0 0
 231.455428298791 -NAN 0 0
 233.647066148352 -NAN 0 0
 235.838011765625 -NAN 0 0
 238.028271107848 -NAN 0 0
 240.217850132259 -NAN 0 0
 242.406754796096 -NAN 0 0
 244.594991056597 -NAN 0 0
 246.782564871 -NAN 0 0
 248.969482196543 -NAN 0 0
 251.155748990464 -NAN 0 0
 253.341371210001 -NAN 0 0
 255.526354812392 -NAN 0 0
 257.710705754875 -NAN 0 0
 259.894429994688 -NAN 0 0
 262.077533489069 -NAN 0 0
 264.260022195256 -NAN 0 0
 266.441902070487 -NAN 0 0
 268.623179072 -NAN 0 0
 270.803859157033 -NAN 0 0
 272.983948282824 -NAN 0 0
 275.163452406611 -NAN 0 0
 277.342377485632 -NAN 0 0
 279.520729477125 8.0201691213434 0 0
 281.698514338328 14.0106682390204 0 0
 283.875738026479 19.9975644492476 0 0
 286.052406498816 29.8344844429271 0 0
 288.228525712577 43.3695568693168 0 0
 290.404101625 59.2762567892828 0 0
 292.579140193323 78.8972512728198 0 0
 294.753647374784 104.168803119027 0 0
 296.927629126621 122.984600403036 0 0
 299.101091406072 143.355386979581 0 0
 301.274040170375 167.416569660429 0 0
 303.446481376768 177.873521965752 0 0
 305.618420982489 190.407123410105 0 0
 307.789864944776 199.357445767095 0 0
 309.960819220867 208.194693618426 0 0
 312.131289768 217.876375732693 0 0
 314.301282543413 210.268738788567 0 0
 316.470803504344 190.130443728535 0 0
 318.639858608031 175.021833450282 0 0
 320.808453811712 161.334015491752 0 0
 322.976595072625 149.832501092328 0 0
 325.144288348008 137.242531329331 0 0
 327.311539595099 125.189883647726 0 0
 329.478354771136 111.926731073981 0 0
 331.644739833357 101.173044958086 0 0
 333.810700739 92.3986101370767 0 0
 335.976243445303 80.1914800191185 0 0
 338.141373909504 70.2803548847734 0 0
 340.306098088841 62.2744798749023 0 0
 342.470421940552 53.0872505854791 0 0
 344.634351421875 46.9108401434476 0 0
 346.797892490048 41.4207045072768 0 0
 348.961051102309 34.4024447916975 0 0
 351.123833215896 30.4654609941784 0 0
 353.286244788047 26.8380088393071 0 0
 355.448291776 22.0884557059386 0 0
 357.609980136993 19.9924489987046 0 0
 359.771315828264 19.5591959618097 0 0
 361.932304807051 25.2667596208127 0 0
 364.092953030592 35.8566850462485 0 0
 366.253266456125 34.6763131037428 0 0
 368.413251040888 19.6184952671857 0 0
 370.572912742119 11.0555073943256 0 0
 372.732257517056 7.88426567211248 0 0
 374.891291322937 5.0300499179311 0 0
 377.050020117 5.357667717771 0 0
 379.208449856483 4.78363068943301 0 0
 381.366586498624 2.64944380064558 0 0
 383.524436000661 3.52589285741276 0 0
 385.682004319832 3.21266569690104 0 0
 387.839297413375 1.44616786635132 0 0
 389.996321238528 2.61844637464706 0 0
 392.153081752529 2.39682064149667 0 0
 394.309584912616 0.714482686378671 0 0
 396.465836676027 2.29924777824785 0 0
 398.621843 3.66026589571973 0 0
 400.777609841773 10.247209081779 0 0
 402.933143158584 26.5449199147279 0 0
 405.088448907671 30.8860828809286 0 0
 407.243533046272 20.345373550331 0 0
 409.398401531625 9.43986233356807 0 0
 411.553060320968 4.34347824700406 0 0
 413.707515371539 2.37503167751702 0 0
 415.861772640576 4.11921629539344 0 0
 418.015838085317 5.02563402412452 0 0
 420.169717663 5.9485858547498 0 0
 422.323417330863 9.51853533716398 0 0
 424.476943046144 12.5802065795467 0 0
 426.630300766081 16.6185296528115 0 0
 428.783496447912 25.5836070138377 0 0
 430.936536048875 43.5099355823549 0 0
 433.089425526208 92.3347263611905 0 0
 435.242170837149 139.559041341241 0 0
 437.394777938936 147.649273012282 0 0
 439.547252788807 127.251559729566 0 0
 441.699601344 137.278704586219 0 0
 443.851829561753 166.429352038992 0 0
 446.003943399304 200.851382043166 0 0
 448.155948813891 229.435010353871 0 0
 450.307851762752 240.34732680436 0 0
 452.459658203125 232.739264858494 0 0
 454.611374092248 212.846203786671 0 0
 456.763005387359 184.913657954944 0 0
 458.914558045696 157.681178579787 0 0
 461.066038024497 136.597605089289 0 0
 463.217451281 118.271301088841 0 0
 465.368803772443 103.292564435961 0 0
 467.520101456064 91.7276698701195 0 0
 469.671350289101 78.9766731634809 0 0
 471.822556228792 67.8955276015579 0 0
 473.973725232375 60.3814238073181 0 0
 476.124863257088 52.8686620556873 0 0
 478.275976260169 48.0516875823423 0 0
 480.427070198856 46.7295335411601 0 0
 482.578151030387 44.4536496908661 0 0
 484.729224712 43.7941022403394 0 0
 486.880297200933 45.3855542202941 0 0
 489.031374454424 45.3882883780543 0 0
 491.182462429711 46.7377504055725 0 0
 493.333567084032 49.8125289953792 0 0
 495.484694374625 50.8662605793444 0 0
 497.635850258728 53.143942136214 0 0
 499.787040693579 56.8492770930105 0 0
 501.938271636416 58.252264172562 0 0
 504.089549044477 -NAN 0 0
 506.240878875 -NAN 0 0
 508.392267085223 -NAN 0 0
 510.543719632384 -NAN 0 0
 512.695242473721 -NAN 0 0
 514.846841566472 -NAN 0 0
 516.998522867875 -NAN 0 0
 519.150292335168 -NAN 0 0
 521.302155925589 -NAN 0 0
 523.454119596376 -NAN 0 0
 525.606189304767 -NAN 0 0
 527.758371008 -NAN 0 0
 529.910670663313 -NAN 0 0
 532.063094227944 -NAN 0 0
 534.215647659131 -NAN 0 0
 536.368336914112 -NAN 0 0
 538.521167950125 -NAN 0 0
 540.674146724408 -NAN 0 0
 542.827279194199 -NAN 0 0
 544.980571316736 -NAN 0 0
 547.134029049257 -NAN 0 0
 549.287658349 -NAN 0 0
 551.441465173203 -NAN 0 0
 553.595455479104 -NAN 0 0
 555.749635223941 -NAN 0 0
 557.904010364952 -NAN 0 0
 560.058586859375 -NAN 0 0
 562.213370664448 -NAN 0 0
 564.368367737409 -NAN 0 0
 566.523584035496 -NAN 0 0
 568.679025515947 -NAN 0 0
 570.834698136 -NAN 0 0
 572.990607852893 -NAN 0 0
 575.146760623864 -NAN 0 0
 577.303162406151 -NAN 0 0
 579.459819156992 -NAN 0 0
 581.616736833625 -NAN 0 0
 583.773921393288 -NAN 0 0
 585.931378793219 -NAN 0 0
 588.089114990656 -NAN 0 0
 590.247135942837 -NAN 0 0
 592.405447607 -NAN 0 0
 594.564055940383 -NAN 0 0
 596.722966900224 -NAN 0 0
 598.882186443761 -NAN 0 0
 601.041720528232 -NAN 0 0
 603.201575110875 -NAN 0 0
 605.361756148928 -NAN 0 0
 607.522269599629 -NAN 0 0
 609.683121420216 -NAN 0 0
 611.844317567927 -NAN 0 0
 614.005864 -NAN 0 0
 616.167766673673 -NAN 0 0
 618.330031546184 -NAN 0 0
 620.492664574771 -NAN 0 0
 622.655671716672 -NAN 0 0
 624.819058929125 -NAN 0 0
 626.982832169368 -NAN 0 0
 629.146997394639 -NAN 0 0
 631.311560562176 -NAN 0 0
 633.476527629217 -NAN 0 0
 635.641904553 -NAN 0 0
 637.807697290763 -NAN 0 0
 639.973911799744 -NAN 0 0
 642.140554037181 -NAN 0 0
 644.307629960312 -NAN 0 0
 646.475145526375 -NAN 0 0
 648.643106692608 -NAN 0 0
 650.811519416249 -NAN 0 0
 652.980389654536 -NAN 0 0
 655.149723364707 -NAN 0 0
 657.319526504 -NAN 0 0
 659.489805029653 -NAN 0 0
 661.660564898904 -NAN 0 0
 663.831812068991 -NAN 0 0
 666.003552497152 -NAN 0 0
 668.175792140625 -NAN 0 0
 670.348536956648 -NAN 0 0
 672.521792902459 -NAN 0 0
 674.695565935296 -NAN 0 0
 676.869862012397 -NAN 0 0
 679.044687091 -NAN 0 0
 681.220047128343 -NAN 0 0
 683.395948081664 -NAN 0 0
 685.572395908201 -NAN 0 0
 687.749396565192 -NAN 0 0
 689.926956009875 -NAN 0 0
 692.105080199488 -NAN 0 0
 694.283775091269 -NAN 0 0
 696.463046642456 -NAN 0 0
 698.642900810287 -NAN 0 0
 700.823343552 -NAN 0 0
 703.004380824833 -NAN 0 0
 705.186018586024 -NAN 0 0
 707.368262792811 -NAN 0 0
 709.551119402432 -NAN 0 0
 711.734594372125 -NAN 0 0
 713.918693659128 -NAN 0 0
 716.103423220679 -NAN 0 0
 718.288789014016 -NAN 0 0
 720.474796996377 -NAN 0 0
 722.661453125 -NAN 0 0
 724.848763357123 -NAN 0 0
 727.036733649984 -NAN 0 0
 729.225369960821 -NAN 0 0
 731.414678246872 -NAN 0 0
 733.604664465375 -NAN 0 0
 735.795334573568 -NAN 0 0
[END] of [DATA]
[END] of Spectrum


[Spectrum]
Version            = 1
IDData             = 12ad_2026-06-09_16-46-40_000_154
IDDevice           = SAM_82E6
IDDataType         = SPECTRUM
IDDataTypeSub1     = CALIBRATED
IDDataTypeSub2     = 
IDDataTypeSub3     = 
DateTime           = 2026-06-09 16:46:40
PositionLatitude   = 0
PositionLongitude  = 0
Comment            = 20260609_FrameA
CommentSub1        = UV
CommentSub2        = centre
CommentSub3        = 44.5cm
IDMethodType       = SAM Control
MethodName         = SAM_82E6
Mission            = No Mission
MissionSub         = 1
RecordType         = 0
[Attributes]
CalFactor = 1
IDBasisSpec = 
IDDataBack = DLAB_2024-11-11_10-40-48_641_639
IDDataCal = DLAB_2024-11-12_11-45-27_171_455
IntegrationTime = 512
P31 = -1
P31e = 0
PathLength = +INF
PathLengthCustomOn = 0
RAWDynamic = 65535
Salinity = 0
Temperature = -NAN
Unit1 = $01 $01 Wavelength nm
Unit2 = $03 $06 Intensity mW/(m^2 nm)
Unit3 = $f0 $06 Error mW/(m^2 nm)
Unit4 = $f1 $00 Status 
p999 = 8010
[END] of [Attributes]
[DATA]
 0 8 0 0
 185.260577530984 -NAN 0 0
 187.468128380571 -NAN 0 0
 189.674861895872 -NAN 0 0
 191.880784034125 -NAN 0 0
 194.085900752568 -NAN 0 0
 196.290218008439 -NAN 0 0
 198.493741758976 -NAN 0 0
 200.696477961417 -NAN 0 0
 202.898432573 -NAN 0 0
 205.099611550963 -NAN 0 0
 207.300020852544 -NAN 0 0
 209.499666434981 -NAN 0 0
 211.698554255512 -NAN 0 0
 213.896690271375 -NAN 0 0
 216.094080439808 -NAN 0 0
 218.290730718049 -NAN 0 0
 220.486647063336 -NAN 0 0
 222.681835432907 -NAN 0 0
 224.876301784 -NAN 0 0
 227.070052073853 -NAN 0 0
 229.263092259704 -NAN 0 0
 231.455428298791 -NAN 0 0
 233.647066148352 -NAN 0 0
 235.838011765625 -NAN 0 0
 238.028271107848 -NAN 0 0
 240.217850132259 -NAN 0 0
 242.406754796096 -NAN 0 0
 244.594991056597 -NAN 0 0
 246.782564871 -NAN 0 0
 248.969482196543 -NAN 0 0
 251.155748990464 -NAN 0 0
 253.341371210001 -NAN 0 0
 255.526354812392 -NAN 0 0
 257.710705754875 -NAN 0 0
 259.894429994688 -NAN 0 0
 262.077533489069 -NAN 0 0
 264.260022195256 -NAN 0 0
 266.441902070487 -NAN 0 0
 268.623179072 -NAN 0 0
 270.803859157033 -NAN 0 0
 272.983948282824 -NAN 0 0
 275.163452406611 -NAN 0 0
 277.342377485632 -NAN 0 0
 279.520729477125 9.00926436130437 0 0
 281.698514338328 13.1252039254321 0 0
 283.875738026479 19.3335045836263 0 0
 286.052406498816 30.6544296914698 0 0
 288.228525712577 42.0188784377214 0 0
 290.404101625 58.1016984138104 0 0
 292.579140193323 78.9701962048454 0 0
 294.753647374784 101.917561434675 0 0
 296.927629126621 120.947769134634 0 0
 299.101091406072 142.333781646531 0 0
 301.274040170375 164.359333665279 0 0
 303.446481376768 175.202303244208 0 0
 305.618420982489 188.551206351176 0 0
 307.789864944776 195.84369748823 0 0
 309.960819220867 205.172240380726 0 0
 312.131289768 215.782564168978 0 0
 314.301282543413 206.65038750853 0 0
 316.470803504344 187.406226277075 0 0
 318.639858608031 173.577484344257 0 0
 320.808453811712 158.186288808697 0 0
 322.976595072625 147.798049361999 0 0
 325.144288348008 136.511659958587 0 0
 327.311539595099 122.442246541821 0 0
 329.478354771136 110.484287786627 0 0
 331.644739833357 100.903230557206 0 0
 333.810700739 90.1238882140868 0 0
 335.976243445303 79.2789435111609 0 0
 338.141373909504 70.3783121672962 0 0
 340.306098088841 60.4574133677535 0 0
 342.470421940552 52.6482578176576 0 0
 344.634351421875 47.270184453599 0 0
 346.797892490048 40.0372673280097 0 0
 348.961051102309 34.2280965436025 0 0
 351.123833215896 30.8054829717327 0 0
 353.286244788047 25.6873431334242 0 0
 355.448291776 22.1150785312451 0 0
 357.609980136993 20.4863665525951 0 0
 359.771315828264 18.5548530316089 0 0
 361.932304807051 25.4471141310619 0 0
 364.092953030592 36.2250271104704 0 0
 366.253266456125 33.5175427668933 0 0
 368.413251040888 19.8721691203245 0 0
 370.572912742119 11.7309176809386 0 0
 372.732257517056 6.91860309104584 0 0
 374.891291322937 5.58363436537705 0 0
 377.050020117 6.0932514371674 0 0
 379.208449856483 3.76028768310379 0 0
 381.366586498624 3.39034831959587 0 0
 383.524436000661 4.21341382801038 0 0
 385.682004319832 2.18536899012986 0 0
 387.839297413375 2.1698333963936 0 0
 389.996321238528 3.21577338676171 0 0
 392.153081752529 1.38836394422363 0 0
 394.309584912616 1.57664203352576 0 0
 396.465836676027 2.74932814693572 0 0
 398.621843 2.69000738031846 0 0
 400.777609841773 10.8763271623889 0 0
 402.933143158584 26.4907421351751 0 0
 405.088448907671 29.4902571601129 0 0
 407.243533046272 20.7596899644085 0 0
 409.398401531625 9.59712767408011 0 0
 411.553060320968 3.52701308206905 0 0
 413.707515371539 3.07903770968166 0 0
 415.861772640576 4.3235930981569 0 0
 418.015838085317 4.34663805449468 0 0
 420.169717663 6.61907981956414 0 0
 422.323417330863 9.61535689210459 0 0
 424.476943046144 11.9750572345907 0 0
 426.630300766081 17.2575055874663 0 0
 428.783496447912 25.623437275376 0 0
 430.936536048875 42.7664645630706 0 0
 433.089425526208 92.1616725294666 0 0
 435.242170837149 138.240935845016 0 0
 437.394777938936 145.967739037288 0 0
 439.547252788807 127.377127231739 0 0
 441.699601344 137.066025108302 0 0
 443.851829561753 165.862466953531 0 0
 446.003943399304 201.515511970157 0 0
 448.155948813891 229.342223467775 0 0
 450.307851762752 239.789329787385 0 0
 452.459658203125 233.499996777693 0 0
 454.611374092248 212.672892322284 0 0
 456.763005387359 184.270063143025 0 0
 458.914558045696 158.410988776912 0 0
 461.066038024497 136.356892900756 0 0
 463.217451281 117.666031010217 0 0
 465.368803772443 104.154679452691 0 0
 467.520101456064 91.4746411243818 0 0
 469.671350289101 78.3994305757787 0 0
 471.822556228792 68.758784856484 0 0
 473.973725232375 60.0469667658871 0 0
 476.124863257088 52.2583575741493 0 0
 478.275976260169 48.9542971069526 0 0
 480.427070198856 46.3661383056514 0 0
 482.578151030387 43.9287813808935 0 0
 484.729224712 44.7219891018254 0 0
 486.880297200933 44.9702724093042 0 0
 489.031374454424 44.841970710929 0 0
 491.182462429711 47.6298433469337 0 0
 493.333567084032 49.349104746708 0 0
 495.484694374625 50.4653109618544 0 0
 497.635850258728 54.0153386533358 0 0
 499.787040693579 56.3624965206896 0 0
 501.938271636416 57.8575578509481 0 0
 504.089549044477 -NAN 0 0
 506.240878875 -NAN 0 0
 508.392267085223 -NAN 0 0
 510.543719632384 -NAN 0 0
 512.695242473721 -NAN 0 0
 514.846841566472 -NAN 0 0
 516.998522867875 -NAN 0 0
 519.150292335168 -NAN 0 0
 521.302155925589 -NAN 0 0
 523.454119596376 -NAN 0 0
 525.606189304767 -NAN 0 0
 527.758371008 -NAN 0 0
 529.910670663313 -NAN 0 0
 532.063094227944 -NAN 0 0
 534.215647659131 -NAN 0 0
 536.368336914112 -NAN 0 0
 538.521167950125 -NAN 0 0
 540.674146724408 -NAN 0 0
 542.827279194199 -NAN 0 0
 544.980571316736 -NAN 0 0
 547.134029049257 -NAN 0 0
 549.287658349 -NAN 0 0
 551.441465173203 -NAN 0 0
 553.595455479104 -NAN 0 0
 555.749635223941 -NAN 0 0
 557.904010364952 -NAN 0 0
 560.058586859375 -NAN 0 0
 562.213370664448 -NAN 0 0
 564.368367737409 -NAN 0 0
 566.523584035496 -NAN 0 0
 568.679025515947 -NAN 0 0
 570.834698136 -NAN 0 0
 572.990607852893 -NAN 0 0
 575.146760623864 -NAN 0 0
 577.303162406151 -NAN 0 0
 579.459819156992 -NAN 0 0
 581.616736833625 -NAN 0 0
 583.773921393288 -NAN 0 0
 585.931378793219 -NAN 0 0
 588.089114990656 -NAN 0 0
 590.247135942837 -NAN 0 0
 592.405447607 -NAN 0 0
 594.564055940383 -NAN 0 0
 596.722966900224 -NAN 0 0
 598.882186443761 -NAN 0 0
 601.041720528232 -NAN 0 0
 603.201575110875 -NAN 0 0
 605.361756148928 -NAN 0 0
 607.522269599629 -NAN 0 0
 609.683121420216 -NAN 0 0
 611.844317567927 -NAN 0 0
 614.005864 -NAN 0 0
 616.167766673673 -NAN 0 0
 618.330031546184 -NAN 0 0
 620.492664574771 -NAN 0 0
 622.655671716672 -NAN 0 0
 624.819058929125 -NAN 0 0
 626.982832169368 -NAN 0 0
 629.146997394639 -NAN 0 0
 631.311560562176 -NAN 0 0
 633.476527629217 -NAN 0 0
 635.641904553 -NAN 0 0
 637.807697290763 -NAN 0 0
 639.973911799744 -NAN 0 0
 642.140554037181 -NAN 0 0
 644.307629960312 -NAN 0 0
 646.475145526375 -NAN 0 0
 648.643106692608 -NAN 0 0
 650.811519416249 -NAN 0 0
 652.980389654536 -NAN 0 0
 655.149723364707 -NAN 0 0
 657.319526504 -NAN 0 0
 659.489805029653 -NAN 0 0
 661.660564898904 -NAN 0 0
 663.831812068991 -NAN 0 0
 666.003552497152 -NAN 0 0
 668.175792140625 -NAN 0 0
 670.348536956648 -NAN 0 0
 672.521792902459 -NAN 0 0
 674.695565935296 -NAN 0 0
 676.869862012397 -NAN 0 0
 679.044687091 -NAN 0 0
 681.220047128343 -NAN 0 0
 683.395948081664 -NAN 0 0
 685.572395908201 -NAN 0 0
 687.749396565192 -NAN 0 0
 689.926956009875 -NAN 0 0
 692.105080199488 -NAN 0 0
 694.283775091269 -NAN 0 0
 696.463046642456 -NAN 0 0
 698.642900810287 -NAN 0 0
 700.823343552 -NAN 0 0
 703.004380824833 -NAN 0 0
 705.186018586024 -NAN 0 0
 707.368262792811 -NAN 0 0
 709.551119402432 -NAN 0 0
 711.734594372125 -NAN 0 0
 713.918693659128 -NAN 0 0
 716.103423220679 -NAN 0 0
 718.288789014016 -NAN 0 0
 720.474796996377 -NAN 0 0
 722.661453125 -NAN 0 0
 724.848763357123 -NAN 0 0
 727.036733649984 -NAN 0 0
 729.225369960821 -NAN 0 0
 731.414678246872 -NAN 0 0
 733.604664465375 -NAN 0 0
 735.795334573568 -NAN 0 0
[END] of [DATA]
[END] of Spectrum


[Spectrum]
Version            = 1
IDData             = 12ad_2026-06-09_16-46-35_000_151
IDDevice           = SAM_82E6
IDDataType         = SPECTRUM
IDDataTypeSub1     = CALIBRATED
IDDataTypeSub2     = 
IDDataTypeSub3     = 
DateTime           = 2026-06-09 16:46:35
PositionLatitude   = 0
PositionLongitude  = 0
Comment            = 20260609_FrameA
CommentSub1        = UV
CommentSub2        = centre
CommentSub3        = 44.5cm
IDMethodType       = SAM Control
MethodName         = SAM_82E6
Mission            = No Mission
MissionSub         = 1
RecordType         = 0
[Attributes]
CalFactor = 1
IDBasisSpec = 
IDDataBack = DLAB_2024-11-11_10-40-48_641_639
IDDataCal = DLAB_2024-11-12_11-45-27_171_455
IntegrationTime = 512
P31 = -1
P31e = 0
PathLength = +INF
PathLengthCustomOn = 0
RAWDynamic = 65535
Salinity = 0
Temperature = -NAN
Unit1 = $01 $01 Wavelength nm
Unit2 = $03 $06 Intensity mW/(m^2 nm)
Unit3 = $f0 $06 Error mW/(m^2 nm)
Unit4 = $f1 $00 Status 
p999 = 8009
[END] of [Attributes]
[DATA]
 0 8 0 0
 185.260577530984 -NAN 0 0
 187.468128380571 -NAN 0 0
 189.674861895872 -NAN 0 0
 191.880784034125 -NAN 0 0
 194.085900752568 -NAN 0 0
 196.290218008439 -NAN 0 0
 198.493741758976 -NAN 0 0
 200.696477961417 -NAN 0 0
 202.898432573 -NAN 0 0
 205.099611550963 -NAN 0 0
 207.300020852544 -NAN 0 0
 209.499666434981 -NAN 0 0
 211.698554255512 -NAN 0 0
 213.896690271375 -NAN 0 0
 216.094080439808 -NAN 0 0
 218.290730718049 -NAN 0 0
 220.486647063336 -NAN 0 0
 222.681835432907 -NAN 0 0
 224.876301784 -NAN 0 0
 227.070052073853 -NAN 0 0
 229.263092259704 -NAN 0 0
 231.455428298791 -NAN 0 0
 233.647066148352 -NAN 0 0
 235.838011765625 -NAN 0 0
 238.028271107848 -NAN 0 0
 240.217850132259 -NAN 0 0
 242.406754796096 -NAN 0 0
 244.594991056597 -NAN 0 0
 246.782564871 -NAN 0 0
 248.969482196543 -NAN 0 0
 251.155748990464 -NAN 0 0
 253.341371210001 -NAN 0 0
 255.526354812392 -NAN 0 0
 257.710705754875 -NAN 0 0
 259.894429994688 -NAN 0 0
 262.077533489069 -NAN 0 0
 264.260022195256 -NAN 0 0
 266.441902070487 -NAN 0 0
 268.623179072 -NAN 0 0
 270.803859157033 -NAN 0 0
 272.983948282824 -NAN 0 0
 275.163452406611 -NAN 0 0
 277.342377485632 -NAN 0 0
 279.520729477125 7.8037948085411 0 0
 281.698514338328 13.5363940717939 0 0
 283.875738026479 19.1739325159703 0 0
 286.052406498816 28.9746126882578 0 0
 288.228525712577 41.979479172944 0 0
 290.404101625 57.2764902701019 0 0
 292.579140193323 76.5083928467259 0 0
 294.753647374784 100.888265951086 0 0
 296.927629126621 119.038854805795 0 0
 299.101091406072 139.03508982748 0 0
 301.274040170375 162.306671941996 0 0
 303.446481376768 172.400295013554 0 0
 305.618420982489 184.688812541444 0 0
 307.789864944776 193.221680748386 0 0
 309.960819220867 201.825846727186 0 0
 312.131289768 211.422214949903 0 0
 314.301282543413 203.892219520662 0 0
 316.470803504344 184.222321947663 0 0
 318.639858608031 169.744540090059 0 0
 320.808453811712 156.316754132157 0 0
 322.976595072625 145.044666615856 0 0
 325.144288348008 133.171668025321 0 0
 327.311539595099 121.168298752022 0 0
 329.478354771136 108.288085142875 0 0
 331.644739833357 98.1443875610994 0 0
 333.810700739 89.3371534152782 0 0
 335.976243445303 77.5316414282216 0 0
 338.141373909504 68.1846308009795 0 0
 340.306098088841 60.1879921153396 0 0
 342.470421940552 51.2746458461594 0 0
 344.634351421875 45.5039584392237 0 0
 346.797892490048 39.9768684116479 0 0
 348.961051102309 33.197042061502 0 0
 351.123833215896 29.5506199697957 0 0
 353.286244788047 25.8389115135405 0 0
 355.448291776 21.2771318276581 0 0
 357.609980136993 19.4498089544032 0 0
 359.771315828264 18.8786090926428 0 0
 361.932304807051 24.6114990181261 0 0
 364.092953030592 35.1626213405614 0 0
 366.253266456125 33.8270153184329 0 0
 368.413251040888 19.0696262731183 0 0
 370.572912742119 10.8768423766209 0 0
 372.732257517056 7.54020149682531 0 0
 374.891291322937 4.85694974158947 0 0
 377.050020117 5.30421461111069 0 0
 379.208449856483 4.55307238475918 0 0
 381.366586498624 2.55652158391505 0 0
 383.524436000661 3.47721566207845 0 0
 385.682004319832 3.02953734661126 0 0
 387.839297413375 1.39126421625022 0 0
 389.996321238528 2.62090451049939 0 0
 392.153081752529 2.22440819617685 0 0
 394.309584912616 0.753687243485004 0 0
 396.465836676027 2.28347314936766 0 0
 398.621843 3.4715215896468 0 0
 400.777609841773 9.84567893730708 0 0
 402.933143158584 25.5605318382908 0 0
 405.088448907671 29.6720676830442 0 0
 407.243533046272 19.6203940759489 0 0
 409.398401531625 9.17889926397523 0 0
 411.553060320968 4.18658237437724 0 0
 413.707515371539 2.39120658070423 0 0
 415.861772640576 4.13018783411857 0 0
 418.015838085317 5.00081368647247 0 0
 420.169717663 5.99706954532721 0 0
 422.323417330863 9.52013758511808 0 0
 424.476943046144 12.5458104854989 0 0
 426.630300766081 16.6549994038944 0 0
 428.783496447912 25.5168017603581 0 0
 430.936536048875 43.0404508350706 0 0
 433.089425526208 90.6821128687628 0 0
 435.242170837149 136.77677379009 0 0
 437.394777938936 145.132866910428 0 0
 439.547252788807 126.262993677841 0 0
 441.699601344 137.021228851117 0 0
 443.851829561753 166.295216439221 0 0
 446.003943399304 200.87597944787 0 0
 448.155948813891 229.432597456124 0 0
 450.307851762752 240.320497856877 0 0
 452.459658203125 232.795075023647 0 0
 454.611374092248 212.860705843361 0 0
 456.763005387359 184.827503624794 0 0
 458.914558045696 157.705380832478 0 0
 461.066038024497 136.507688261191 0 0
 463.217451281 118.207684113611 0 0
 465.368803772443 103.332411196758 0 0
 467.520101456064 91.7391833474388 0 0
 469.671350289101 78.9395975729909 0 0
 471.822556228792 67.9417100884469 0 0
 473.973725232375 60.3486662863879 0 0
 476.124863257088 52.8008504466275 0 0
 478.275976260169 48.103638330604 0 0
 480.427070198856 46.6863716549503 0 0
 482.578151030387 44.3752403367447 0 0
 484.729224712 43.8262332216917 0 0
 486.880297200933 45.367376901968 0 0
 489.031374454424 45.2996131601952 0 0
 491.182462429711 46.7145755341693 0 0
 493.333567084032 49.7994473499212 0 0
 495.484694374625 50.8183901281189 0 0
 497.635850258728 53.1359879344525 0 0
 499.787040693579 56.8560719083695 0 0
 501.938271636416 58.1960313019299 0 0
 504.089549044477 -NAN 0 0
 506.240878875 -NAN 0 0
 508.392267085223 -NAN 0 0
 510.543719632384 -NAN 0 0
 512.695242473721 -NAN 0 0
 514.846841566472 -NAN 0 0
 516.998522867875 -NAN 0 0
 519.150292335168 -NAN 0 0
 521.302155925589 -NAN 0 0
 523.454119596376 -NAN 0 0
 525.606189304767 -NAN 0 0
 527.758371008 -NAN 0 0
 529.910670663313 -NAN 0 0
 532.063094227944 -NAN 0 0
 534.215647659131 -NAN 0 0
 536.368336914112 -NAN 0 0
 538.521167950125 -NAN 0 0
 540.674146724408 -NAN 0 0
 542.827279194199 -NAN 0 0
 544.980571316736 -NAN 0 0
 547.134029049257 -NAN 0 0
 549.287658349 -NAN 0 0
 551.441465173203 -NAN 0 0
 553.595455479104 -NAN 0 0
 555.749635223941 -NAN 0 0
 557.904010364952 -NAN 0 0
 560.058586859375 -NAN 0 0
 562.213370664448 -NAN 0 0
 564.368367737409 -NAN 0 0
 566.523584035496 -NAN 0 0
 568.679025515947 -NAN 0 0
 570.834698136 -NAN 0 0
 572.990607852893 -NAN 0 0
 575.146760623864 -NAN 0 0
 577.303162406151 -NAN 0 0
 579.459819156992 -NAN 0 0
 581.616736833625 -NAN 0 0
 583.773921393288 -NAN 0 0
 585.931378793219 -NAN 0 0
 588.089114990656 -NAN 0 0
 590.247135942837 -NAN 0 0
 592.405447607 -NAN 0 0
 594.564055940383 -NAN 0 0
 596.722966900224 -NAN 0 0
 598.882186443761 -NAN 0 0
 601.041720528232 -NAN 0 0
 603.201575110875 -NAN 0 0
 605.361756148928 -NAN 0 0
 607.522269599629 -NAN 0 0
 609.683121420216 -NAN 0 0
 611.844317567927 -NAN 0 0
 614.005864 -NAN 0 0
 616.167766673673 -NAN 0 0
 618.330031546184 -NAN 0 0
 620.492664574771 -NAN 0 0
 622.655671716672 -NAN 0 0
 624.819058929125 -NAN 0 0
 626.982832169368 -NAN 0 0
 629.146997394639 -NAN 0 0
 631.311560562176 -NAN 0 0
 633.476527629217 -NAN 0 0
 635.641904553 -NAN 0 0
 637.807697290763 -NAN 0 0
 639.973911799744 -NAN 0 0
 642.140554037181 -NAN 0 0
 644.307629960312 -NAN 0 0
 646.475145526375 -NAN 0 0
 648.643106692608 -NAN 0 0
 650.811519416249 -NAN 0 0
 652.980389654536 -NAN 0 0
 655.149723364707 -NAN 0 0
 657.319526504 -NAN 0 0
 659.489805029653 -NAN 0 0
 661.660564898904 -NAN 0 0
 663.831812068991 -NAN 0 0
 666.003552497152 -NAN 0 0
 668.175792140625 -NAN 0 0
 670.348536956648 -NAN 0 0
 672.521792902459 -NAN 0 0
 674.695565935296 -NAN 0 0
 676.869862012397 -NAN 0 0
 679.044687091 -NAN 0 0
 681.220047128343 -NAN 0 0
 683.395948081664 -NAN 0 0
 685.572395908201 -NAN 0 0
 687.749396565192 -NAN 0 0
 689.926956009875 -NAN 0 0
 692.105080199488 -NAN 0 0
 694.283775091269 -NAN 0 0
 696.463046642456 -NAN 0 0
 698.642900810287 -NAN 0 0
 700.823343552 -NAN 0 0
 703.004380824833 -NAN 0 0
 705.186018586024 -NAN 0 0
 707.368262792811 -NAN 0 0
 709.551119402432 -NAN 0 0
 711.734594372125 -NAN 0 0
 713.918693659128 -NAN 0 0
 716.103423220679 -NAN 0 0
 718.288789014016 -NAN 0 0
 720.474796996377 -NAN 0 0
 722.661453125 -NAN 0 0
 724.848763357123 -NAN 0 0
 727.036733649984 -NAN 0 0
 729.225369960821 -NAN 0 0
 731.414678246872 -NAN 0 0
 733.604664465375 -NAN 0 0
 735.795334573568 -NAN 0 0
[END] of [DATA]
[END] of Spectrum


[Spectrum]
Version            = 1
IDData             = 12ad_2026-06-09_16-46-30_000_148
IDDevice           = SAM_82E6
IDDataType         = SPECTRUM
IDDataTypeSub1     = CALIBRATED
IDDataTypeSub2     = 
IDDataTypeSub3     = 
DateTime           = 2026-06-09 16:46:30
PositionLatitude   = 0
PositionLongitude  = 0
Comment            = 20260609_FrameA
CommentSub1        = UV
CommentSub2        = centre
CommentSub3        = 44.5cm
IDMethodType       = SAM Control
MethodName         = SAM_82E6
Mission            = No Mission
MissionSub         = 1
RecordType         = 0
[Attributes]
CalFactor = 1
IDBasisSpec = 
IDDataBack = DLAB_2024-11-11_10-40-48_641_639
IDDataCal = DLAB_2024-11-12_11-45-27_171_455
IntegrationTime = 512
P31 = -1
P31e = 0
PathLength = +INF
PathLengthCustomOn = 0
RAWDynamic = 65535
Salinity = 0
Temperature = -NAN
Unit1 = $01 $01 Wavelength nm
Unit2 = $03 $06 Intensity mW/(m^2 nm)
Unit3 = $f0 $06 Error mW/(m^2 nm)
Unit4 = $f1 $00 Status 
p999 = 8008
[END] of [Attributes]
[DATA]
 0 8 0 0
 185.260577530984 -NAN 0 0
 187.468128380571 -NAN 0 0
 189.674861895872 -NAN 0 0
 191.880784034125 -NAN 0 0
 194.085900752568 -NAN 0 0
 196.290218008439 -NAN 0 0
 198.493741758976 -NAN 0 0
 200.696477961417 -NAN 0 0
 202.898432573 -NAN 0 0
 205.099611550963 -NAN 0 0
 207.300020852544 -NAN 0 0
 209.499666434981 -NAN 0 0
 211.698554255512 -NAN 0 0
 213.896690271375 -NAN 0 0
 216.094080439808 -NAN 0 0
 218.290730718049 -NAN 0 0
 220.486647063336 -NAN 0 0
 222.681835432907 -NAN 0 0
 224.876301784 -NAN 0 0
 227.070052073853 -NAN 0 0
 229.263092259704 -NAN 0 0
 231.455428298791 -NAN 0 0
 233.647066148352 -NAN 0 0
 235.838011765625 -NAN 0 0
 238.028271107848 -NAN 0 0
 240.217850132259 -NAN 0 0
 242.406754796096 -NAN 0 0
 244.594991056597 -NAN 0 0
 246.782564871 -NAN 0 0
 248.969482196543 -NAN 0 0
 251.155748990464 -NAN 0 0
 253.341371210001 -NAN 0 0
 255.526354812392 -NAN 0 0
 257.710705754875 -NAN 0 0
 259.894429994688 -NAN 0 0
 262.077533489069 -NAN 0 0
 264.260022195256 -NAN 0 0
 266.441902070487 -NAN 0 0
 268.623179072 -NAN 0 0
 270.803859157033 -NAN 0 0
 272.983948282824 -NAN 0 0
 275.163452406611 -NAN 0 0
 277.342377485632 -NAN 0 0
 279.520729477125 7.21008860060734 0 0
 281.698514338328 12.7306836498688 0 0
 283.875738026479 19.9940340937685 0 0
 286.052406498816 27.8120254235024 0 0
 288.228525712577 40.6581711023645 0 0
 290.404101625 57.4142673125977 0 0
 292.579140193323 74.4091998028785 0 0
 294.753647374784 98.609649386851 0 0
 296.927629126621 117.925056937504 0 0
 299.101091406072 135.935713834563 0 0
 301.274040170375 159.059138308283 0 0
 303.446481376768 170.179057734624 0 0
 305.618420982489 180.773991696149 0 0
 307.789864944776 189.542252651064 0 0
 309.960819220867 199.063842664524 0 0
 312.131289768 207.032327881279 0 0
 314.301282543413 200.172123004984 0 0
 316.470803504344 181.902506772885 0 0
 318.639858608031 165.918349639295 0 0
 320.808453811712 153.399973882979 0 0
 322.976595072625 143.60856236177 0 0
 325.144288348008 129.819765595642 0 0
 327.311539595099 118.945487087715 0 0
 329.478354771136 107.532094629033 0 0
 331.644739833357 95.4133032482114 0 0
 333.810700739 87.785517003517 0 0
 335.976243445303 77.3161359924514 0 0
 338.141373909504 66.0425613362071 0 0
 340.306098088841 59.1988700110747 0 0
 342.470421940552 51.4046086566181 0 0
 344.634351421875 43.8914676546508 0 0
 346.797892490048 39.4607596713363 0 0
 348.961051102309 33.5043922899015 0 0
 351.123833215896 28.2562976272535 0 0
 353.286244788047 25.6036533983599 0 0
 355.448291776 21.7324090321424 0 0
 357.609980136993 18.3851422271281 0 0
 359.771315828264 18.8111150965302 0 0
 361.932304807051 25.0564832816179 0 0
 364.092953030592 33.8825973855833 0 0
 366.253266456125 33.7537345538702 0 0
 368.413251040888 19.6536519780149 0 0
 370.572912742119 9.79763031009884 0 0
 372.732257517056 7.91622613578845 0 0
 374.891291322937 5.67404979729142 0 0
 377.050020117 4.27412151695362 0 0
 379.208449856483 5.02573440238338 0 0
 381.366586498624 3.45359195759877 0 0
 383.524436000661 2.42230622450516 0 0
 385.682004319832 3.63795017640894 0 0
 387.839297413375 2.25236598009397 0 0
 389.996321238528 1.58462466761265 0 0
 392.153081752529 2.91162963315583 0 0
 394.309584912616 1.51493746973232 0 0
 396.465836676027 1.24469705608729 0 0
 398.621843 4.17043943304868 0 0
 400.777609841773 10.3317417437731 0 0
 402.933143158584 24.0780883849116 0 0
 405.088448907671 29.7055429313542 0 0
 407.243533046272 19.7543415331166 0 0
 409.398401531625 8.13762510594014 0 0
 411.553060320968 4.81223568718965 0 0
 413.707515371539 2.82580766798025 0 0
 415.861772640576 3.36345588367639 0 0
 418.015838085317 5.58495173200636 0 0
 420.169717663 6.36341704144622 0 0
 422.323417330863 8.7952348321703 0 0
 424.476943046144 13.0892687714532 0 0
 426.630300766081 16.9310042064691 0 0
 428.783496447912 24.8493814519357 0 0
 430.936536048875 43.3818006491338 0 0
 433.089425526208 89.9099486956322 0 0
 435.242170837149 134.575935220904 0 0
 437.394777938936 144.248238163274 0 0
 439.547252788807 125.855556452595 0 0
 441.699601344 136.200306615098 0 0
 443.851829561753 166.89809422852 0 0
 446.003943399304 201.0032442809 0 0
 448.155948813891 228.737902259277 0 0
 450.307851762752 240.957854449599 0 0
 452.459658203125 232.907853241196 0 0
 454.611374092248 212.120625474862 0 0
 456.763005387359 185.592153812789 0 0
 458.914558045696 157.692156921214 0 0
 461.066038024497 135.778928926384 0 0
 463.217451281 118.974463410984 0 0
 465.368803772443 103.337425027587 0 0
 467.520101456064 90.958676687306 0 0
 469.671350289101 79.6997824904103 0 0
 471.822556228792 67.8288499281796 0 0
 473.973725232375 59.5759741750324 0 0
 476.124863257088 53.6530624641583 0 0
 478.275976260169 47.9388961182021 0 0
 480.427070198856 45.924773211183 0 0
 482.578151030387 45.2695534326842 0 0
 484.729224712 43.6253447382805 0 0
 486.880297200933 44.6528684662243 0 0
 489.031374454424 46.2062263497257 0 0
 491.182462429711 46.4585350874626 0 0
 493.333567084032 49.0482269011743 0 0
 495.484694374625 51.7002579203484 0 0
 497.635850258728 52.8548480446036 0 0
 499.787040693579 56.1909953810277 0 0
 501.938271636416 59.1261606501366 0 0
 504.089549044477 -NAN 0 0
 506.240878875 -NAN 0 0
 508.392267085223 -NAN 0 0
 510.543719632384 -NAN 0 0
 512.695242473721 -NAN 0 0
 514.846841566472 -NAN 0 0
 516.998522867875 -NAN 0 0
 519.150292335168 -NAN 0 0
 521.302155925589 -NAN 0 0
 523.454119596376 -NAN 0 0
 525.606189304767 -NAN 0 0
 527.758371008 -NAN 0 0
 529.910670663313 -NAN 0 0
 532.063094227944 -NAN 0 0
 534.215647659131 -NAN 0 0
 536.368336914112 -NAN 0 0
 538.521167950125 -NAN 0 0
 540.674146724408 -NAN 0 0
 542.827279194199 -NAN 0 0
 544.980571316736 -NAN 0 0
 547.134029049257 -NAN 0 0
 549.287658349 -NAN 0 0
 551.441465173203 -NAN 0 0
 553.595455479104 -NAN 0 0
 555.749635223941 -NAN 0 0
 557.904010364952 -NAN 0 0
 560.058586859375 -NAN 0 0
 562.213370664448 -NAN 0 0
 564.368367737409 -NAN 0 0
 566.523584035496 -NAN 0 0
 568.679025515947 -NAN 0 0
 570.834698136 -NAN 0 0
 572.990607852893 -NAN 0 0
 575.146760623864 -NAN 0 0
 577.303162406151 -NAN 0 0
 579.459819156992 -NAN 0 0
 581.616736833625 -NAN 0 0
 583.773921393288 -NAN 0 0
 585.931378793219 -NAN 0 0
 588.089114990656 -NAN 0 0
 590.247135942837 -NAN 0 0
 592.405447607 -NAN 0 0
 594.564055940383 -NAN 0 0
 596.722966900224 -NAN 0 0
 598.882186443761 -NAN 0 0
 601.041720528232 -NAN 0 0
 603.201575110875 -NAN 0 0
 605.361756148928 -NAN 0 0
 607.522269599629 -NAN 0 0
 609.683121420216 -NAN 0 0
 611.844317567927 -NAN 0 0
 614.005864 -NAN 0 0
 616.167766673673 -NAN 0 0
 618.330031546184 -NAN 0 0
 620.492664574771 -NAN 0 0
 622.655671716672 -NAN 0 0
 624.819058929125 -NAN 0 0
 626.982832169368 -NAN 0 0
 629.146997394639 -NAN 0 0
 631.311560562176 -NAN 0 0
 633.476527629217 -NAN 0 0
 635.641904553 -NAN 0 0
 637.807697290763 -NAN 0 0
 639.973911799744 -NAN 0 0
 642.140554037181 -NAN 0 0
 644.307629960312 -NAN 0 0
 646.475145526375 -NAN 0 0
 648.643106692608 -NAN 0 0
 650.811519416249 -NAN 0 0
 652.980389654536 -NAN 0 0
 655.149723364707 -NAN 0 0
 657.319526504 -NAN 0 0
 659.489805029653 -NAN 0 0
 661.660564898904 -NAN 0 0
 663.831812068991 -NAN 0 0
 666.003552497152 -NAN 0 0
 668.175792140625 -NAN 0 0
 670.348536956648 -NAN 0 0
 672.521792902459 -NAN 0 0
 674.695565935296 -NAN 0 0
 676.869862012397 -NAN 0 0
 679.044687091 -NAN 0 0
 681.220047128343 -NAN 0 0
 683.395948081664 -NAN 0 0
 685.572395908201 -NAN 0 0
 687.749396565192 -NAN 0 0
 689.926956009875 -NAN 0 0
 692.105080199488 -NAN 0 0
 694.283775091269 -NAN 0 0
 696.463046642456 -NAN 0 0
 698.642900810287 -NAN 0 0
 700.823343552 -NAN 0 0
 703.004380824833 -NAN 0 0
 705.186018586024 -NAN 0 0
 707.368262792811 -NAN 0 0
 709.551119402432 -NAN 0 0
 711.734594372125 -NAN 0 0
 713.918693659128 -NAN 0 0
 716.103423220679 -NAN 0 0
 718.288789014016 -NAN 0 0
 720.474796996377 -NAN 0 0
 722.661453125 -NAN 0 0
 724.848763357123 -NAN 0 0
 727.036733649984 -NAN 0 0
 729.225369960821 -NAN 0 0
 731.414678246872 -NAN 0 0
 733.604664465375 -NAN 0 0
 735.795334573568 -NAN 0 0
[END] of [DATA]
[END] of Spectrum


[Spectrum]
Version            = 1
IDData             = 12ad_2026-06-09_16-46-25_000_145
IDDevice           = SAM_82E6
IDDataType         = SPECTRUM
IDDataTypeSub1     = CALIBRATED
IDDataTypeSub2     = 
IDDataTypeSub3     = 
DateTime           = 2026-06-09 16:46:25
PositionLatitude   = 0
PositionLongitude  = 0
Comment            = 20260609_FrameA
CommentSub1        = UV
CommentSub2        = centre
CommentSub3        = 44.5cm
IDMethodType       = SAM Control
MethodName         = SAM_82E6
Mission            = No Mission
MissionSub         = 1
RecordType         = 0
[Attributes]
CalFactor = 1
IDBasisSpec = 
IDDataBack = DLAB_2024-11-11_10-40-48_641_639
IDDataCal = DLAB_2024-11-12_11-45-27_171_455
IntegrationTime = 512
P31 = -1
P31e = 0
PathLength = +INF
PathLengthCustomOn = 0
RAWDynamic = 65535
Salinity = 0
Temperature = -NAN
Unit1 = $01 $01 Wavelength nm
Unit2 = $03 $06 Intensity mW/(m^2 nm)
Unit3 = $f0 $06 Error mW/(m^2 nm)
Unit4 = $f1 $00 Status 
p999 = 8007
[END] of [Attributes]
[DATA]
 0 8 0 0
 185.260577530984 -NAN 0 0
 187.468128380571 -NAN 0 0
 189.674861895872 -NAN 0 0
 191.880784034125 -NAN 0 0
 194.085900752568 -NAN 0 0
 196.290218008439 -NAN 0 0
 198.493741758976 -NAN 0 0
 200.696477961417 -NAN 0 0
 202.898432573 -NAN 0 0
 205.099611550963 -NAN 0 0
 207.300020852544 -NAN 0 0
 209.499666434981 -NAN 0 0
 211.698554255512 -NAN 0 0
 213.896690271375 -NAN 0 0
 216.094080439808 -NAN 0 0
 218.290730718049 -NAN 0 0
 220.486647063336 -NAN 0 0
 222.681835432907 -NAN 0 0
 224.876301784 -NAN 0 0
 227.070052073853 -NAN 0 0
 229.263092259704 -NAN 0 0
 231.455428298791 -NAN 0 0
 233.647066148352 -NAN 0 0
 235.838011765625 -NAN 0 0
 238.028271107848 -NAN 0 0
 240.217850132259 -NAN 0 0
 242.406754796096 -NAN 0 0
 244.594991056597 -NAN 0 0
 246.782564871 -NAN 0 0
 248.969482196543 -NAN 0 0
 251.155748990464 -NAN 0 0
 253.341371210001 -NAN 0 0
 255.526354812392 -NAN 0 0
 257.710705754875 -NAN 0 0
 259.894429994688 -NAN 0 0
 262.077533489069 -NAN 0 0
 264.260022195256 -NAN 0 0
 266.441902070487 -NAN 0 0
 268.623179072 -NAN 0 0
 270.803859157033 -NAN 0 0
 272.983948282824 -NAN 0 0
 275.163452406611 -NAN 0 0
 277.342377485632 -NAN 0 0
 279.520729477125 7.67210224118086 0 0
 281.698514338328 12.9156865297104 0 0
 283.875738026479 18.2874602551647 0 0
 286.052406498816 28.0370657307607 0 0
 288.228525712577 40.2677602059341 0 0
 290.404101625 54.9371887702056 0 0
 292.579140193323 73.8474885871839 0 0
 294.753647374784 97.047912489544 0 0
 296.927629126621 114.493835804355 0 0
 299.101091406072 134.061132103577 0 0
 301.274040170375 156.267912884112 0 0
 303.446481376768 165.9741340597 0 0
 305.618420982489 178.051549839172 0 0
 307.789864944776 186.071527679896 0 0
 309.960819220867 194.373055758924 0 0
 312.131289768 204.011590467445 0 0
 314.301282543413 196.427898333427 0 0
 316.470803504344 177.38016530116 0 0
 318.639858608031 163.732690203859 0 0
 320.808453811712 150.383693657246 0 0
 322.976595072625 139.593095338475 0 0
 325.144288348008 128.393393419256 0 0
 327.311539595099 116.527331875662 0 0
 329.478354771136 104.121398616758 0 0
 331.644739833357 94.6967591054074 0 0
 333.810700739 85.8234907084637 0 0
 335.976243445303 74.5192897299097 0 0
 338.141373909504 65.8368159327722 0 0
 340.306098088841 57.7479313771684 0 0
 342.470421940552 49.2623501386286 0 0
 344.634351421875 43.956231371091 0 0
 346.797892490048 38.3379438161704 0 0
 348.961051102309 31.8881290944607 0 0
 351.123833215896 28.6010771139588 0 0
 353.286244788047 24.7569422677103 0 0
 355.448291776 20.4227811610035 0 0
 357.609980136993 18.8643359514988 0 0
 359.771315828264 18.1017558863911 0 0
 361.932304807051 23.867845489564 0 0
 364.092953030592 34.3522687992731 0 0
 366.253266456125 32.8101352269119 0 0
 368.413251040888 18.4722652641141 0 0
 370.572912742119 10.6705455108353 0 0
 372.732257517056 7.16156784041924 0 0
 374.891291322937 4.62402076643462 0 0
 377.050020117 5.26386613705097 0 0
 379.208449856483 4.2476438567163 0 0
 381.366586498624 2.5088238681028 0 0
 383.524436000661 3.5827421366353 0 0
 385.682004319832 2.78951475157127 0 0
 387.839297413375 1.40082807788074 0 0
 389.996321238528 2.72519970309083 0 0
 392.153081752529 2.06517819134427 0 0
 394.309584912616 0.781300888055551 0 0
 396.465836676027 2.40732076759721 0 0
 398.621843 3.20582002696768 0 0
 400.777609841773 9.52673070109089 0 0
 402.933143158584 24.6224008134018 0 0
 405.088448907671 28.2541298716016 0 0
 407.243533046272 18.8318563846402 0 0
 409.398401531625 8.93397783203025 0 0
 411.553060320968 3.98060484036628 0 0
 413.707515371539 2.47473272011359 0 0
 415.861772640576 4.24730263120774 0 0
 418.015838085317 4.87916945738569 0 0
 420.169717663 6.08859729290504 0 0
 422.323417330863 9.57987854454952 0 0
 424.476943046144 12.447948050176 0 0
 426.630300766081 16.6996694540375 0 0
 428.783496447912 25.5111117229955 0 0
 430.936536048875 42.4972163995338 0 0
 433.089425526208 88.7858071969251 0 0
 435.242170837149 133.588504970434 0 0
 437.394777938936 142.17804303779 0 0
 439.547252788807 125.191120362194 0 0
 441.699601344 136.756766543794 0 0
 443.851829561753 166.176566072496 0 0
 446.003943399304 200.974155176207 0 0
 448.155948813891 229.430623267058 0 0
 450.307851762752 240.168316852248 0 0
 452.459658203125 232.872190314086 0 0
 454.611374092248 212.884241968155 0 0
 456.763005387359 184.715478589272 0 0
 458.914558045696 157.752537799061 0 0
 461.066038024497 136.565000687032 0 0
 463.217451281 118.074477957311 0 0
 465.368803772443 103.444034904159 0 0
 467.520101456064 91.7849695014295 0 0
 469.671350289101 78.7617971134877 0 0
 471.822556228792 68.0277898717017 0 0
 473.973725232375 60.3610535842186 0 0
 476.124863257088 52.6389329311175 0 0
 478.275976260169 48.1761471289799 0 0
 480.427070198856 46.7089272212922 0 0
 482.578151030387 44.2672530767982 0 0
 484.729224712 43.9041857764507 0 0
 486.880297200933 45.3296240100598 0 0
 489.031374454424 45.1158288758628 0 0
 491.182462429711 46.8226318622779 0 0
 493.333567084032 49.7217924758195 0 0
 495.484694374625 50.6565160589459 0 0
 497.635850258728 53.2421353855466 0 0
 499.787040693579 56.7606727007288 0 0
 501.938271636416 58.0386330755194 0 0
 504.089549044477 -NAN 0 0
 506.240878875 -NAN 0 0
 508.392267085223 -NAN 0 0
 510.543719632384 -NAN 0 0
 512.695242473721 -NAN 0 0
 514.846841566472 -NAN 0 0
 516.998522867875 -NAN 0 0
 519.150292335168 -NAN 0 0
 521.302155925589 -NAN 0 0
 523.454119596376 -NAN 0 0
 525.606189304767 -NAN 0 0
 527.758371008 -NAN 0 0
 529.910670663313 -NAN 0 0
 532.063094227944 -NAN 0 0
 534.215647659131 -NAN 0 0
 536.368336914112 -NAN 0 0
 538.521167950125 -NAN 0 0
 540.674146724408 -NAN 0 0
 542.827279194199 -NAN 0 0
 544.980571316736 -NAN 0 0
 547.134029049257 -NAN 0 0
 549.287658349 -NAN 0 0
 551.441465173203 -NAN 0 0
 553.595455479104 -NAN 0 0
 555.749635223941 -NAN 0 0
 557.904010364952 -NAN 0 0
 560.058586859375 -NAN 0 0
 562.213370664448 -NAN 0 0
 564.368367737409 -NAN 0 0
 566.523584035496 -NAN 0 0
 568.679025515947 -NAN 0 0
 570.834698136 -NAN 0 0
 572.990607852893 -NAN 0 0
 575.146760623864 -NAN 0 0
 577.303162406151 -NAN 0 0
 579.459819156992 -NAN 0 0
 581.616736833625 -NAN 0 0
 583.773921393288 -NAN 0 0
 585.931378793219 -NAN 0 0
 588.089114990656 -NAN 0 0
 590.247135942837 -NAN 0 0
 592.405447607 -NAN 0 0
 594.564055940383 -NAN 0 0
 596.722966900224 -NAN 0 0
 598.882186443761 -NAN 0 0
 601.041720528232 -NAN 0 0
 603.201575110875 -NAN 0 0
 605.361756148928 -NAN 0 0
 607.522269599629 -NAN 0 0
 609.683121420216 -NAN 0 0
 611.844317567927 -NAN 0 0
 614.005864 -NAN 0 0
 616.167766673673 -NAN 0 0
 618.330031546184 -NAN 0 0
 620.492664574771 -NAN 0 0
 622.655671716672 -NAN 0 0
 624.819058929125 -NAN 0 0
 626.982832169368 -NAN 0 0
 629.146997394639 -NAN 0 0
 631.311560562176 -NAN 0 0
 633.476527629217 -NAN 0 0
 635.641904553 -NAN 0 0
 637.807697290763 -NAN 0 0
 639.973911799744 -NAN 0 0
 642.140554037181 -NAN 0 0
 644.307629960312 -NAN 0 0
 646.475145526375 -NAN 0 0
 648.643106692608 -NAN 0 0
 650.811519416249 -NAN 0 0
 652.980389654536 -NAN 0 0
 655.149723364707 -NAN 0 0
 657.319526504 -NAN 0 0
 659.489805029653 -NAN 0 0
 661.660564898904 -NAN 0 0
 663.831812068991 -NAN 0 0
 666.003552497152 -NAN 0 0
 668.175792140625 -NAN 0 0
 670.348536956648 -NAN 0 0
 672.521792902459 -NAN 0 0
 674.695565935296 -NAN 0 0
 676.869862012397 -NAN 0 0
 679.044687091 -NAN 0 0
 681.220047128343 -NAN 0 0
 683.395948081664 -NAN 0 0
 685.572395908201 -NAN 0 0
 687.749396565192 -NAN 0 0
 689.926956009875 -NAN 0 0
 692.105080199488 -NAN 0 0
 694.283775091269 -NAN 0 0
 696.463046642456 -NAN 0 0
 698.642900810287 -NAN 0 0
 700.823343552 -NAN 0 0
 703.004380824833 -NAN 0 0
 705.186018586024 -NAN 0 0
 707.368262792811 -NAN 0 0
 709.551119402432 -NAN 0 0
 711.734594372125 -NAN 0 0
 713.918693659128 -NAN 0 0
 716.103423220679 -NAN 0 0
 718.288789014016 -NAN 0 0
 720.474796996377 -NAN 0 0
 722.661453125 -NAN 0 0
 724.848763357123 -NAN 0 0
 727.036733649984 -NAN 0 0
 729.225369960821 -NAN 0 0
 731.414678246872 -NAN 0 0
 733.604664465375 -NAN 0 0
 735.795334573568 -NAN 0 0
[END] of [DATA]
[END] of Spectrum


[Spectrum]
Version            = 1
IDData             = 12ad_2026-06-09_16-46-20_000_142
IDDevice           = SAM_82E6
IDDataType         = SPECTRUM
IDDataTypeSub1     = CALIBRATED
IDDataTypeSub2     = 
IDDataTypeSub3     = 
DateTime           = 2026-06-09 16:46:20
PositionLatitude   = 0
PositionLongitude  = 0
Comment            = 20260609_FrameA
CommentSub1        = UV
CommentSub2        = centre
CommentSub3        = 44.5cm
IDMethodType       = SAM Control
MethodName         = SAM_82E6
Mission            = No Mission
MissionSub         = 1
RecordType         = 0
[Attributes]
CalFactor = 1
IDBasisSpec = 
IDDataBack = DLAB_2024-11-11_10-40-48_641_639
IDDataCal = DLAB_2024-11-12_11-45-27_171_455
IntegrationTime = 512
P31 = -1
P31e = 0
PathLength = +INF
PathLengthCustomOn = 0
RAWDynamic = 65535
Salinity = 0
Temperature = -NAN
Unit1 = $01 $01 Wavelength nm
Unit2 = $03 $06 Intensity mW/(m^2 nm)
Unit3 = $f0 $06 Error mW/(m^2 nm)
Unit4 = $f1 $00 Status 
p999 = 8006
[END] of [Attributes]
[DATA]
 0 8 0 0
 185.260577530984 -NAN 0 0
 187.468128380571 -NAN 0 0
 189.674861895872 -NAN 0 0
 191.880784034125 -NAN 0 0
 194.085900752568 -NAN 0 0
 196.290218008439 -NAN 0 0
 198.493741758976 -NAN 0 0
 200.696477961417 -NAN 0 0
 202.898432573 -NAN 0 0
 205.099611550963 -NAN 0 0
 207.300020852544 -NAN 0 0
 209.499666434981 -NAN 0 0
 211.698554255512 -NAN 0 0
 213.896690271375 -NAN 0 0
 216.094080439808 -NAN 0 0
 218.290730718049 -NAN 0 0
 220.486647063336 -NAN 0 0
 222.681835432907 -NAN 0 0
 224.876301784 -NAN 0 0
 227.070052073853 -NAN 0 0
 229.263092259704 -NAN 0 0
 231.455428298791 -NAN 0 0
 233.647066148352 -NAN 0 0
 235.838011765625 -NAN 0 0
 238.028271107848 -NAN 0 0
 240.217850132259 -NAN 0 0
 242.406754796096 -NAN 0 0
 244.594991056597 -NAN 0 0
 246.782564871 -NAN 0 0
 248.969482196543 -NAN 0 0
 251.155748990464 -NAN 0 0
 253.341371210001 -NAN 0 0
 255.526354812392 -NAN 0 0
 257.710705754875 -NAN 0 0
 259.894429994688 -NAN 0 0
 262.077533489069 -NAN 0 0
 264.260022195256 -NAN 0 0
 266.441902070487 -NAN 0 0
 268.623179072 -NAN 0 0
 270.803859157033 -NAN 0 0
 272.983948282824 -NAN 0 0
 275.163452406611 -NAN 0 0
 277.342377485632 -NAN 0 0
 279.520729477125 8.37695324000732 0 0
 281.698514338328 11.2199357512327 0 0
 283.875738026479 18.4512687493956 0 0
 286.052406498816 28.4080192694994 0 0
 288.228525712577 37.8099624340944 0 0
 290.404101625 54.5169506142025 0 0
 292.579140193323 73.1673740035637 0 0
 294.753647374784 93.535715400596 0 0
 296.927629126621 112.858530413237 0 0
 299.101091406072 132.03818074417 0 0
 301.274040170375 151.833629800152 0 0
 303.446481376768 163.299365727261 0 0
 305.618420982489 175.025837745707 0 0
 307.789864944776 181.125717873431 0 0
 309.960819220867 191.176879679368 0 0
 312.131289768 200.400096062639 0 0
 314.301282543413 191.256914757521 0 0
 316.470803504344 174.728947958557 0 0
 318.639858608031 160.854283501805 0 0
 320.808453811712 145.883898730904 0 0
 322.976595072625 137.800865353817 0 0
 325.144288348008 126.183094024473 0 0
 327.311539595099 112.554491242341 0 0
 329.478354771136 103.176131579776 0 0
 331.644739833357 92.9697988934632 0 0
 333.810700739 82.4782025705381 0 0
 335.976243445303 74.2561768538598 0 0
 338.141373909504 64.6220051889412 0 0
 340.306098088841 55.1446570087565 0 0
 342.470421940552 49.4142462193662 0 0
 344.634351421875 43.1400827891547 0 0
 346.797892490048 36.2928365081598 0 0
 348.961051102309 32.2721000289053 0 0
 351.123833215896 27.9954741843888 0 0
 353.286244788047 23.1071368064444 0 0
 355.448291776 21.0074076480376 0 0
 357.609980136993 18.3813943432503 0 0
 359.771315828264 16.7163811135946 0 0
 361.932304807051 24.5585181650392 0 0
 364.092953030592 33.710986676735 0 0
 366.253266456125 31.2324091245348 0 0
 368.413251040888 19.3984627494094 0 0
 370.572912742119 10.2736516929465 0 0
 372.732257517056 5.88641056518433 0 0
 374.891291322937 5.93554870446382 0 0
 377.050020117 4.86520941899086 0 0
 379.208449856483 2.96785284230526 0 0
 381.366586498624 3.95742116314151 0 0
 383.524436000661 3.10165511121453 0 0
 385.682004319832 1.59117972151974 0 0
 387.839297413375 2.89137362385131 0 0
 389.996321238528 2.22444231374604 0 0
 392.153081752529 0.927325433499222 0 0
 394.309584912616 2.32016498177717 0 0
 396.465836676027 1.82600891184225 0 0
 398.621843 2.18348267843205 0 0
 400.777609841773 10.7309960088837 0 0
 402.933143158584 23.4463311192484 0 0
 405.088448907671 26.7161111235608 0 0
 407.243533046272 19.712761391202 0 0
 409.398401531625 8.16455214056333 0 0
 411.553060320968 3.23004145672795 0 0
 413.707515371539 3.63349217795145 0 0
 415.861772640576 3.640040720375 0 0
 418.015838085317 4.3075644536365 0 0
 420.169717663 7.1646987179157 0 0
 422.323417330863 9.0186339754848 0 0
 424.476943046144 11.9757229654432 0 0
 426.630300766081 17.6815473678097 0 0
 428.783496447912 24.8729845698844 0 0
 430.936536048875 41.8660179503548 0 0
 433.089425526208 88.6246950916009 0 0
 435.242170837149 131.314738023784 0 0
 437.394777938936 140.346439898776 0 0
 439.547252788807 125.456005109128 0 0
 441.699601344 135.879335267748 0 0
 443.851829561753 165.829194628471 0 0
 446.003943399304 201.924256669184 0 0
 448.155948813891 228.782211836089 0 0
 450.307851762752 239.915809111233 0 0
 452.459658203125 233.900857341509 0 0
 454.611374092248 212.09162136148 0 0
 456.763005387359 184.508024819787 0 0
 458.914558045696 158.806957591557 0 0
 461.066038024497 135.55069811059 0 0
 463.217451281 117.933222306186 0 0
 465.368803772443 104.521216874863 0 0
 467.520101456064 90.7139483554497 0 0
 469.671350289101 78.6681609506443 0 0
 471.822556228792 69.1481933997793 0 0
 473.973725232375 59.2500506054403 0 0
 476.124863257088 52.5979691836038 0 0
 478.275976260169 49.3101736231194 0 0
 480.427070198856 45.5499609606123 0 0
 482.578151030387 44.3012955721818 0 0
 484.729224712 44.9742871554002 0 0
 486.880297200933 44.1455814593989 0 0
 489.031374454424 45.2708007077048 0 0
 491.182462429711 47.8116125190232 0 0
 493.333567084032 48.5333110693174 0 0
 495.484694374625 50.8247544077616 0 0
 497.635850258728 54.1692113149994 0 0
 499.787040693579 55.575656902114 0 0
 501.938271636416 58.2990800552892 0 0
 504.089549044477 -NAN 0 0
 506.240878875 -NAN 0 0
 508.392267085223 -NAN 0 0
 510.543719632384 -NAN 0 0
 512.695242473721 -NAN 0 0
 514.846841566472 -NAN 0 0
 516.998522867875 -NAN 0 0
 519.150292335168 -NAN 0 0
 521.302155925589 -NAN 0 0
 523.454119596376 -NAN 0 0
 525.606189304767 -NAN 0 0
 527.758371008 -NAN 0 0
 529.910670663313 -NAN 0 0
 532.063094227944 -NAN 0 0
 534.215647659131 -NAN 0 0
 536.368336914112 -NAN 0 0
 538.521167950125 -NAN 0 0
 540.674146724408 -NAN 0 0
 542.827279194199 -NAN 0 0
 544.980571316736 -NAN 0 0
 547.134029049257 -NAN 0 0
 549.287658349 -NAN 0 0
 551.441465173203 -NAN 0 0
 553.595455479104 -NAN 0 0
 555.749635223941 -NAN 0 0
 557.904010364952 -NAN 0 0
 560.058586859375 -NAN 0 0
 562.213370664448 -NAN 0 0
 564.368367737409 -NAN 0 0
 566.523584035496 -NAN 0 0
 568.679025515947 -NAN 0 0
 570.834698136 -NAN 0 0
 572.990607852893 -NAN 0 0
 575.146760623864 -NAN 0 0
 577.303162406151 -NAN 0 0
 579.459819156992 -NAN 0 0
 581.616736833625 -NAN 0 0
 583.773921393288 -NAN 0 0
 585.931378793219 -NAN 0 0
 588.089114990656 -NAN 0 0
 590.247135942837 -NAN 0 0
 592.405447607 -NAN 0 0
 594.564055940383 -NAN 0 0
 596.722966900224 -NAN 0 0
 598.882186443761 -NAN 0 0
 601.041720528232 -NAN 0 0
 603.201575110875 -NAN 0 0
 605.361756148928 -NAN 0 0
 607.522269599629 -NAN 0 0
 609.683121420216 -NAN 0 0
 611.844317567927 -NAN 0 0
 614.005864 -NAN 0 0
 616.167766673673 -NAN 0 0
 618.330031546184 -NAN 0 0
 620.492664574771 -NAN 0 0
 622.655671716672 -NAN 0 0
 624.819058929125 -NAN 0 0
 626.982832169368 -NAN 0 0
 629.146997394639 -NAN 0 0
 631.311560562176 -NAN 0 0
 633.476527629217 -NAN 0 0
 635.641904553 -NAN 0 0
 637.807697290763 -NAN 0 0
 639.973911799744 -NAN 0 0
 642.140554037181 -NAN 0 0
 644.307629960312 -NAN 0 0
 646.475145526375 -NAN 0 0
 648.643106692608 -NAN 0 0
 650.811519416249 -NAN 0 0
 652.980389654536 -NAN 0 0
 655.149723364707 -NAN 0 0
 657.319526504 -NAN 0 0
 659.489805029653 -NAN 0 0
 661.660564898904 -NAN 0 0
 663.831812068991 -NAN 0 0
 666.003552497152 -NAN 0 0
 668.175792140625 -NAN 0 0
 670.348536956648 -NAN 0 0
 672.521792902459 -NAN 0 0
 674.695565935296 -NAN 0 0
 676.869862012397 -NAN 0 0
 679.044687091 -NAN 0 0
 681.220047128343 -NAN 0 0
 683.395948081664 -NAN 0 0
 685.572395908201 -NAN 0 0
 687.749396565192 -NAN 0 0
 689.926956009875 -NAN 0 0
 692.105080199488 -NAN 0 0
 694.283775091269 -NAN 0 0
 696.463046642456 -NAN 0 0
 698.642900810287 -NAN 0 0
 700.823343552 -NAN 0 0
 703.004380824833 -NAN 0 0
 705.186018586024 -NAN 0 0
 707.368262792811 -NAN 0 0
 709.551119402432 -NAN 0 0
 711.734594372125 -NAN 0 0
 713.918693659128 -NAN 0 0
 716.103423220679 -NAN 0 0
 718.288789014016 -NAN 0 0
 720.474796996377 -NAN 0 0
 722.661453125 -NAN 0 0
 724.848763357123 -NAN 0 0
 727.036733649984 -NAN 0 0
 729.225369960821 -NAN 0 0
 731.414678246872 -NAN 0 0
 733.604664465375 -NAN 0 0
 735.795334573568 -NAN 0 0
[END] of [DATA]
[END] of Spectrum


[Spectrum]
Version            = 1
IDData             = 12ad_2026-06-09_16-46-15_000_139
IDDevice           = SAM_82E6
IDDataType         = SPECTRUM
IDDataTypeSub1     = CALIBRATED
IDDataTypeSub2     = 
IDDataTypeSub3     = 
DateTime           = 2026-06-09 16:46:15
PositionLatitude   = 0
PositionLongitude  = 0
Comment            = 20260609_FrameA
CommentSub1        = UV
CommentSub2        = centre
CommentSub3        = 44.5cm
IDMethodType       = SAM Control
MethodName         = SAM_82E6
Mission            = No Mission
MissionSub         = 1
RecordType         = 0
[Attributes]
CalFactor = 1
IDBasisSpec = 
IDDataBack = DLAB_2024-11-11_10-40-48_641_639
IDDataCal = DLAB_2024-11-12_11-45-27_171_455
IntegrationTime = 512
P31 = -1
P31e = 0
PathLength = +INF
PathLengthCustomOn = 0
RAWDynamic = 65535
Salinity = 0
Temperature = -NAN
Unit1 = $01 $01 Wavelength nm
Unit2 = $03 $06 Intensity mW/(m^2 nm)
Unit3 = $f0 $06 Error mW/(m^2 nm)
Unit4 = $f1 $00 Status 
p999 = 8005
[END] of [Attributes]
[DATA]
 0 8 0 0
 185.260577530984 -NAN 0 0
 187.468128380571 -NAN 0 0
 189.674861895872 -NAN 0 0
 191.880784034125 -NAN 0 0
 194.085900752568 -NAN 0 0
 196.290218008439 -NAN 0 0
 198.493741758976 -NAN 0 0
 200.696477961417 -NAN 0 0
 202.898432573 -NAN 0 0
 205.099611550963 -NAN 0 0
 207.300020852544 -NAN 0 0
 209.499666434981 -NAN 0 0
 211.698554255512 -NAN 0 0
 213.896690271375 -NAN 0 0
 216.094080439808 -NAN 0 0
 218.290730718049 -NAN 0 0
 220.486647063336 -NAN 0 0
 222.681835432907 -NAN 0 0
 224.876301784 -NAN 0 0
 227.070052073853 -NAN 0 0
 229.263092259704 -NAN 0 0
 231.455428298791 -NAN 0 0
 233.647066148352 -NAN 0 0
 235.838011765625 -NAN 0 0
 238.028271107848 -NAN 0 0
 240.217850132259 -NAN 0 0
 242.406754796096 -NAN 0 0
 244.594991056597 -NAN 0 0
 246.782564871 -NAN 0 0
 248.969482196543 -NAN 0 0
 251.155748990464 -NAN 0 0
 253.341371210001 -NAN 0 0
 255.526354812392 -NAN 0 0
 257.710705754875 -NAN 0 0
 259.894429994688 -NAN 0 0
 262.077533489069 -NAN 0 0
 264.260022195256 -NAN 0 0
 266.441902070487 -NAN 0 0
 268.623179072 -NAN 0 0
 270.803859157033 -NAN 0 0
 272.983948282824 -NAN 0 0
 275.163452406611 -NAN 0 0
 277.342377485632 -NAN 0 0
 279.520729477125 7.2888550770663 0 0
 281.698514338328 12.4839041900094 0 0
 283.875738026479 17.5287868627031 0 0
 286.052406498816 26.7343727263251 0 0
 288.228525712577 38.672806332719 0 0
 290.404101625 52.6509623315346 0 0
 292.579140193323 70.6100726909566 0 0
 294.753647374784 93.1158531803953 0 0
 296.927629126621 109.818043157508 0 0
 299.101091406072 128.476415869102 0 0
 301.274040170375 149.973876506205 0 0
 303.446481376768 159.258543294456 0 0
 305.618420982489 170.756663911325 0 0
 307.789864944776 178.551534500528 0 0
 309.960819220867 186.551205067527 0 0
 312.131289768 195.664756810723 0 0
 314.301282543413 188.592643087115 0 0
 316.470803504344 170.203246649185 0 0
 318.639858608031 156.922605073581 0 0
 320.808453811712 144.265609814561 0 0
 322.976595072625 133.819499214891 0 0
 325.144288348008 122.998660392831 0 0
 327.311539595099 111.755158638903 0 0
 329.478354771136 99.7546516398563 0 0
 331.644739833357 90.5770004000602 0 0
 333.810700739 82.3705168572487 0 0
 335.976243445303 71.3833767362152 0 0
 338.141373909504 62.8640406240969 0 0
 340.306098088841 55.4245972269447 0 0
 342.470421940552 47.1328587481148 0 0
 344.634351421875 41.9847106633396 0 0
 346.797892490048 36.7811617469449 0 0
 348.961051102309 30.4965235918386 0 0
 351.123833215896 27.2390302293852 0 0
 353.286244788047 23.7540284719408 0 0
 355.448291776 19.5108821648984 0 0
 357.609980136993 17.9565449351071 0 0
 359.771315828264 17.4077239980782 0 0
 361.932304807051 23.0308578156673 0 0
 364.092953030592 33.2020818937525 0 0
 366.253266456125 31.898942931294 0 0
 368.413251040888 17.7554926683277 0 0
 370.572912742119 10.1709742574642 0 0
 372.732257517056 6.9773059835119 0 0
 374.891291322937 4.37966381847275 0 0
 377.050020117 4.98832399368589 0 0
 379.208449856483 4.16332739021191 0 0
 381.366586498624 2.33463887628473 0 0
 383.524436000661 3.32443322416787 0 0
 385.682004319832 2.81262803850104 0 0
 387.839297413375 1.22619904884949 0 0
 389.996321238528 2.5773603896868 0 0
 392.153081752529 2.081482788789 0 0
 394.309584912616 0.680732676348002 0 0
 396.465836676027 2.21164824340256 0 0
 398.621843 3.18558557587726 0 0
 400.777609841773 8.95678548387685 0 0
 402.933143158584 23.3769455419263 0 0
 405.088448907671 26.9197266247492 0 0
 407.243533046272 17.8140339107739 0 0
 409.398401531625 8.46275472612441 0 0
 411.553060320968 3.93896815009097 0 0
 413.707515371539 2.35355352738318 0 0
 415.861772640576 4.16284729823058 0 0
 418.015838085317 4.93053035411122 0 0
 420.169717663 6.02308518417362 0 0
 422.323417330863 9.52883550258319 0 0
 424.476943046144 12.5103048400303 0 0
 426.630300766081 16.6476622942091 0 0
 428.783496447912 25.3730756314209 0 0
 430.936536048875 42.050804180418 0 0
 433.089425526208 86.5911607672382 0 0
 435.242170837149 130.102128920163 0 0
 437.394777938936 139.137294077898 0 0
 439.547252788807 123.908552461582 0 0
 441.699601344 136.363258137792 0 0
 443.851829561753 166.21653471455 0 0
 446.003943399304 200.880257257383 0 0
 448.155948813891 229.433036164806 0 0
 450.307851762752 240.260076361706 0 0
 452.459658203125 232.8038749667 0 0
 454.611374092248 212.856902025213 0 0
 456.763005387359 184.797239780775 0 0
 458.914558045696 157.732826686045 0 0
 461.066038024497 136.53570766938 0 0
 463.217451281 118.184833934752 0 0
 465.368803772443 103.351938748408 0 0
 467.520101456064 91.7156208822273 0 0
 469.671350289101 78.9206538406237 0 0
 471.822556228792 67.9914450743274 0 0
 473.973725232375 60.3442619138258 0 0
 476.124863257088 52.7615473915806 0 0
 478.275976260169 48.1141951671491 0 0
 480.427070198856 46.6919409305903 0 0
 482.578151030387 44.3657530839329 0 0
 484.729224712 43.8569672038547 0 0
 486.880297200933 45.3478013283859 0 0
 489.031374454424 45.2800318818037 0 0
 491.182462429711 46.7151339648056 0 0
 493.333567084032 49.7048141700124 0 0
 495.484694374625 50.7940398407903 0 0
 497.635850258728 53.1217252278455 0 0
 499.787040693579 56.8076928230132 0 0
 501.938271636416 58.172354303769 0 0
 504.089549044477 -NAN 0 0
 506.240878875 -NAN 0 0
 508.392267085223 -NAN 0 0
 510.543719632384 -NAN 0 0
 512.695242473721 -NAN 0 0
 514.846841566472 -NAN 0 0
 516.998522867875 -NAN 0 0
 519.150292335168 -NAN 0 0
 521.302155925589 -NAN 0 0
 523.454119596376 -NAN 0 0
 525.606189304767 -NAN 0 0
 527.758371008 -NAN 0 0
 529.910670663313 -NAN 0 0
 532.063094227944 -NAN 0 0
 534.215647659131 -NAN 0 0
 536.368336914112 -NAN 0 0
 538.521167950125 -NAN 0 0
 540.674146724408 -NAN 0 0
 542.827279194199 -NAN 0 0
 544.980571316736 -NAN 0 0
 547.134029049257 -NAN 0 0
 549.287658349 -NAN 0 0
 551.441465173203 -NAN 0 0
 553.595455479104 -NAN 0 0
 555.749635223941 -NAN 0 0
 557.904010364952 -NAN 0 0
 560.058586859375 -NAN 0 0
 562.213370664448 -NAN 0 0
 564.368367737409 -NAN 0 0
 566.523584035496 -NAN 0 0
 568.679025515947 -NAN 0 0
 570.834698136 -NAN 0 0
 572.990607852893 -NAN 0 0
 575.146760623864 -NAN 0 0
 577.303162406151 -NAN 0 0
 579.459819156992 -NAN 0 0
 581.616736833625 -NAN 0 0
 583.773921393288 -NAN 0 0
 585.931378793219 -NAN 0 0
 588.089114990656 -NAN 0 0
 590.247135942837 -NAN 0 0
 592.405447607 -NAN 0 0
 594.564055940383 -NAN 0 0
 596.722966900224 -NAN 0 0
 598.882186443761 -NAN 0 0
 601.041720528232 -NAN 0 0
 603.201575110875 -NAN 0 0
 605.361756148928 -NAN 0 0
 607.522269599629 -NAN 0 0
 609.683121420216 -NAN 0 0
 611.844317567927 -NAN 0 0
 614.005864 -NAN 0 0
 616.167766673673 -NAN 0 0
 618.330031546184 -NAN 0 0
 620.492664574771 -NAN 0 0
 622.655671716672 -NAN 0 0
 624.819058929125 -NAN 0 0
 626.982832169368 -NAN 0 0
 629.146997394639 -NAN 0 0
 631.311560562176 -NAN 0 0
 633.476527629217 -NAN 0 0
 635.641904553 -NAN 0 0
 637.807697290763 -NAN 0 0
 639.973911799744 -NAN 0 0
 642.140554037181 -NAN 0 0
 644.307629960312 -NAN 0 0
 646.475145526375 -NAN 0 0
 648.643106692608 -NAN 0 0
 650.811519416249 -NAN 0 0
 652.980389654536 -NAN 0 0
 655.149723364707 -NAN 0 0
 657.319526504 -NAN 0 0
 659.489805029653 -NAN 0 0
 661.660564898904 -NAN 0 0
 663.831812068991 -NAN 0 0
 666.003552497152 -NAN 0 0
 668.175792140625 -NAN 0 0
 670.348536956648 -NAN 0 0
 672.521792902459 -NAN 0 0
 674.695565935296 -NAN 0 0
 676.869862012397 -NAN 0 0
 679.044687091 -NAN 0 0
 681.220047128343 -NAN 0 0
 683.395948081664 -NAN 0 0
 685.572395908201 -NAN 0 0
 687.749396565192 -NAN 0 0
 689.926956009875 -NAN 0 0
 692.105080199488 -NAN 0 0
 694.283775091269 -NAN 0 0
 696.463046642456 -NAN 0 0
 698.642900810287 -NAN 0 0
 700.823343552 -NAN 0 0
 703.004380824833 -NAN 0 0
 705.186018586024 -NAN 0 0
 707.368262792811 -NAN 0 0
 709.551119402432 -NAN 0 0
 711.734594372125 -NAN 0 0
 713.918693659128 -NAN 0 0
 716.103423220679 -NAN 0 0
 718.288789014016 -NAN 0 0
 720.474796996377 -NAN 0 0
 722.661453125 -NAN 0 0
 724.848763357123 -NAN 0 0
 727.036733649984 -NAN 0 0
 729.225369960821 -NAN 0 0
 731.414678246872 -NAN 0 0
 733.604664465375 -NAN 0 0
 735.795334573568 -NAN 0 0
[END] of [DATA]
[END] of Spectrum


[Spectrum]
Version            = 1
IDData             = 12ad_2026-06-09_16-46-10_000_136
IDDevice           = SAM_82E6
IDDataType         = SPECTRUM
IDDataTypeSub1     = CALIBRATED
IDDataTypeSub2     = 
IDDataTypeSub3     = 
DateTime           = 2026-06-09 16:46:10
PositionLatitude   = 0
PositionLongitude  = 0
Comment            = 20260609_FrameA
CommentSub1        = UV
CommentSub2        = centre
CommentSub3        = 44.5cm
IDMethodType       = SAM Control
MethodName         = SAM_82E6
Mission            = No Mission
MissionSub         = 1
RecordType         = 0
[Attributes]
CalFactor = 1
IDBasisSpec = 
IDDataBack = DLAB_2024-11-11_10-40-48_641_639
IDDataCal = DLAB_2024-11-12_11-45-27_171_455
IntegrationTime = 512
P31 = -1
P31e = 0
PathLength = +INF
PathLengthCustomOn = 0
RAWDynamic = 65535
Salinity = 0
Temperature = -NAN
Unit1 = $01 $01 Wavelength nm
Unit2 = $03 $06 Intensity mW/(m^2 nm)
Unit3 = $f0 $06 Error mW/(m^2 nm)
Unit4 = $f1 $00 Status 
p999 = 8004
[END] of [Attributes]
[DATA]
 0 8 0 0
 185.260577530984 -NAN 0 0
 187.468128380571 -NAN 0 0
 189.674861895872 -NAN 0 0
 191.880784034125 -NAN 0 0
 194.085900752568 -NAN 0 0
 196.290218008439 -NAN 0 0
 198.493741758976 -NAN 0 0
 200.696477961417 -NAN 0 0
 202.898432573 -NAN 0 0
 205.099611550963 -NAN 0 0
 207.300020852544 -NAN 0 0
 209.499666434981 -NAN 0 0
 211.698554255512 -NAN 0 0
 213.896690271375 -NAN 0 0
 216.094080439808 -NAN 0 0
 218.290730718049 -NAN 0 0
 220.486647063336 -NAN 0 0
 222.681835432907 -NAN 0 0
 224.876301784 -NAN 0 0
 227.070052073853 -NAN 0 0
 229.263092259704 -NAN 0 0
 231.455428298791 -NAN 0 0
 233.647066148352 -NAN 0 0
 235.838011765625 -NAN 0 0
 238.028271107848 -NAN 0 0
 240.217850132259 -NAN 0 0
 242.406754796096 -NAN 0 0
 244.594991056597 -NAN 0 0
 246.782564871 -NAN 0 0
 248.969482196543 -NAN 0 0
 251.155748990464 -NAN 0 0
 253.341371210001 -NAN 0 0
 255.526354812392 -NAN 0 0
 257.710705754875 -NAN 0 0
 259.894429994688 -NAN 0 0
 262.077533489069 -NAN 0 0
 264.260022195256 -NAN 0 0
 266.441902070487 -NAN 0 0
 268.623179072 -NAN 0 0
 270.803859157033 -NAN 0 0
 272.983948282824 -NAN 0 0
 275.163452406611 -NAN 0 0
 277.342377485632 -NAN 0 0
 279.520729477125 7.96662037054916 0 0
 281.698514338328 10.6067459940192 0 0
 283.875738026479 17.8652297398627 0 0
 286.052406498816 27.0541477435744 0 0
 288.228525712577 36.0549042758294 0 0
 290.404101625 52.3495977715635 0 0
 292.579140193323 69.9246722426968 0 0
 294.753647374784 89.4199022102348 0 0
 296.927629126621 108.235110706906 0 0
 299.101091406072 126.357828664869 0 0
 301.274040170375 145.352486750182 0 0
 303.446481376768 156.574764411285 0 0
 305.618420982489 167.552699896946 0 0
 307.789864944776 173.423744119272 0 0
 309.960819220867 183.37042899106 0 0
 312.131289768 192.008533662315 0 0
 314.301282543413 183.223692352721 0 0
 316.470803504344 167.508962296754 0 0
 318.639858608031 153.912016790014 0 0
 320.808453811712 139.658993843155 0 0
 322.976595072625 132.129571883339 0 0
 325.144288348008 120.71148415757 0 0
 327.311539595099 107.691059950444 0 0
 329.478354771136 98.9376761558869 0 0
 331.644739833357 88.9044472072236 0 0
 333.810700739 78.8931194421949 0 0
 335.976243445303 71.2129348317022 0 0
 338.141373909504 61.6882021324525 0 0
 340.306098088841 52.675753945075 0 0
 342.470421940552 47.3682322008096 0 0
 344.634351421875 41.1808231733507 0 0
 346.797892490048 34.671729593009 0 0
 348.961051102309 31.0166769887256 0 0
 351.123833215896 26.6695283986667 0 0
 353.286244788047 22.1393890557019 0 0
 355.448291776 20.2366903012852 0 0
 357.609980136993 17.5418683546321 0 0
 359.771315828264 16.0086353057529 0 0
 361.932304807051 23.8607081725678 0 0
 364.092953030592 32.5921300157575 0 0
 366.253266456125 30.3220926946288 0 0
 368.413251040888 18.884447391078 0 0
 370.572912742119 9.76937046547068 0 0
 372.732257517056 5.63268361885881 0 0
 374.891291322937 5.89185351431933 0 0
 377.050020117 4.57207947924077 0 0
 379.208449856483 2.96015590345424 0 0
 381.366586498624 3.95600789748781 0 0
 383.524436000661 2.88918093012028 0 0
 385.682004319832 1.58975736540098 0 0
 387.839297413375 2.99197127952043 0 0
 389.996321238528 2.02708912103091 0 0
 392.153081752529 1.00711388907982 0 0
 394.309584912616 2.3617559032291 0 0
 396.465836676027 1.62530193162201 0 0
 398.621843 2.21200993734641 0 0
 400.777609841773 10.3785598334929 0 0
 402.933143158584 22.1505000176624 0 0
 405.088448907671 25.4323814177281 0 0
 407.243533046272 18.8722485225 0 0
 409.398401531625 7.69934464877543 0 0
 411.553060320968 3.24879175433537 0 0
 413.707515371539 3.71834412909747 0 0
 415.861772640576 3.53338715788421 0 0
 418.015838085317 4.448131118359 0 0
 420.169717663 7.23186636730098 0 0
 422.323417330863 8.9353170818716 0 0
 424.476943046144 12.0587174117261 0 0
 426.630300766081 17.7234120524848 0 0
 428.783496447912 24.7204072717165 0 0
 430.936536048875 41.4387641698074 0 0
 433.089425526208 86.496234162468 0 0
 435.242170837149 127.674313263859 0 0
 437.394777938936 137.281112367414 0 0
 439.547252788807 124.26503475841 0 0
 441.699601344 135.530828606349 0 0
 443.851829561753 165.926291224873 0 0
 446.003943399304 201.969601450028 0 0
 448.155948813891 228.666831452906 0 0
 450.307851762752 240.101582663551 0 0
 452.459658203125 233.924941396181 0 0
 454.611374092248 211.983688021519 0 0
 456.763005387359 184.687167251319 0 0
 458.914558045696 158.90476463336 0 0
 461.066038024497 135.512999270481 0 0
 463.217451281 118.035009466556 0 0
 465.368803772443 104.567660781489 0 0
 467.520101456064 90.587567860224 0 0
 469.671350289101 78.8327007974905 0 0
 471.822556228792 69.1569380126814 0 0
 473.973725232375 59.1845355635798 0 0
 476.124863257088 52.7612706095029 0 0
 478.275976260169 49.2590563093218 0 0
 480.427070198856 45.4385754478127 0 0
 482.578151030387 44.450859322392 0 0
 484.729224712 44.9329359793991 0 0
 486.880297200933 44.0488221956935 0 0
 489.031374454424 45.3754206808255 0 0
 491.182462429711 47.7903921548469 0 0
 493.333567084032 48.3869079733408 0 0
 495.484694374625 50.9581275724477 0 0
 497.635850258728 54.1384916392306 0 0
 499.787040693579 55.4962934587205 0 0
 501.938271636416 58.4481375209839 0 0
 504.089549044477 -NAN 0 0
 506.240878875 -NAN 0 0
 508.392267085223 -NAN 0 0
 510.543719632384 -NAN 0 0
 512.695242473721 -NAN 0 0
 514.846841566472 -NAN 0 0
 516.998522867875 -NAN 0 0
 519.150292335168 -NAN 0 0
 521.302155925589 -NAN 0 0
 523.454119596376 -NAN 0 0
 525.606189304767 -NAN 0 0
 527.758371008 -NAN 0 0
 529.910670663313 -NAN 0 0
 532.063094227944 -NAN 0 0
 534.215647659131 -NAN 0 0
 536.368336914112 -NAN 0 0
 538.521167950125 -NAN 0 0
 540.674146724408 -NAN 0 0
 542.827279194199 -NAN 0 0
 544.980571316736 -NAN 0 0
 547.134029049257 -NAN 0 0
 549.287658349 -NAN 0 0
 551.441465173203 -NAN 0 0
 553.595455479104 -NAN 0 0
 555.749635223941 -NAN 0 0
 557.904010364952 -NAN 0 0
 560.058586859375 -NAN 0 0
 562.213370664448 -NAN 0 0
 564.368367737409 -NAN 0 0
 566.523584035496 -NAN 0 0
 568.679025515947 -NAN 0 0
 570.834698136 -NAN 0 0
 572.990607852893 -NAN 0 0
 575.146760623864 -NAN 0 0
 577.303162406151 -NAN 0 0
 579.459819156992 -NAN 0 0
 581.616736833625 -NAN 0 0
 583.773921393288 -NAN 0 0
 585.931378793219 -NAN 0 0
 588.089114990656 -NAN 0 0
 590.247135942837 -NAN 0 0
 592.405447607 -NAN 0 0
 594.564055940383 -NAN 0 0
 596.722966900224 -NAN 0 0
 598.882186443761 -NAN 0 0
 601.041720528232 -NAN 0 0
 603.201575110875 -NAN 0 0
 605.361756148928 -NAN 0 0
 607.522269599629 -NAN 0 0
 609.683121420216 -NAN 0 0
 611.844317567927 -NAN 0 0
 614.005864 -NAN 0 0
 616.167766673673 -NAN 0 0
 618.330031546184 -NAN 0 0
 620.492664574771 -NAN 0 0
 622.655671716672 -NAN 0 0
 624.819058929125 -NAN 0 0
 626.982832169368 -NAN 0 0
 629.146997394639 -NAN 0 0
 631.311560562176 -NAN 0 0
 633.476527629217 -NAN 0 0
 635.641904553 -NAN 0 0
 637.807697290763 -NAN 0 0
 639.973911799744 -NAN 0 0
 642.140554037181 -NAN 0 0
 644.307629960312 -NAN 0 0
 646.475145526375 -NAN 0 0
 648.643106692608 -NAN 0 0
 650.811519416249 -NAN 0 0
 652.980389654536 -NAN 0 0
 655.149723364707 -NAN 0 0
 657.319526504 -NAN 0 0
 659.489805029653 -NAN 0 0
 661.660564898904 -NAN 0 0
 663.831812068991 -NAN 0 0
 666.003552497152 -NAN 0 0
 668.175792140625 -NAN 0 0
 670.348536956648 -NAN 0 0
 672.521792902459 -NAN 0 0
 674.695565935296 -NAN 0 0
 676.869862012397 -NAN 0 0
 679.044687091 -NAN 0 0
 681.220047128343 -NAN 0 0
 683.395948081664 -NAN 0 0
 685.572395908201 -NAN 0 0
 687.749396565192 -NAN 0 0
 689.926956009875 -NAN 0 0
 692.105080199488 -NAN 0 0
 694.283775091269 -NAN 0 0
 696.463046642456 -NAN 0 0
 698.642900810287 -NAN 0 0
 700.823343552 -NAN 0 0
 703.004380824833 -NAN 0 0
 705.186018586024 -NAN 0 0
 707.368262792811 -NAN 0 0
 709.551119402432 -NAN 0 0
 711.734594372125 -NAN 0 0
 713.918693659128 -NAN 0 0
 716.103423220679 -NAN 0 0
 718.288789014016 -NAN 0 0
 720.474796996377 -NAN 0 0
 722.661453125 -NAN 0 0
 724.848763357123 -NAN 0 0
 727.036733649984 -NAN 0 0
 729.225369960821 -NAN 0 0
 731.414678246872 -NAN 0 0
 733.604664465375 -NAN 0 0
 735.795334573568 -NAN 0 0
[END] of [DATA]
[END] of Spectrum


[Spectrum]
Version            = 1
IDData             = 12ad_2026-06-09_16-46-05_000_133
IDDevice           = SAM_82E6
IDDataType         = SPECTRUM
IDDataTypeSub1     = CALIBRATED
IDDataTypeSub2     = 
IDDataTypeSub3     = 
DateTime           = 2026-06-09 16:46:05
PositionLatitude   = 0
PositionLongitude  = 0
Comment            = 20260609_FrameA
CommentSub1        = UV
CommentSub2        = centre
CommentSub3        = 44.5cm
IDMethodType       = SAM Control
MethodName         = SAM_82E6
Mission            = No Mission
MissionSub         = 1
RecordType         = 0
[Attributes]
CalFactor = 1
IDBasisSpec = 
IDDataBack = DLAB_2024-11-11_10-40-48_641_639
IDDataCal = DLAB_2024-11-12_11-45-27_171_455
IntegrationTime = 512
P31 = -1
P31e = 0
PathLength = +INF
PathLengthCustomOn = 0
RAWDynamic = 65535
Salinity = 0
Temperature = -NAN
Unit1 = $01 $01 Wavelength nm
Unit2 = $03 $06 Intensity mW/(m^2 nm)
Unit3 = $f0 $06 Error mW/(m^2 nm)
Unit4 = $f1 $00 Status 
p999 = 8003
[END] of [Attributes]
[DATA]
 0 8 0 0
 185.260577530984 -NAN 0 0
 187.468128380571 -NAN 0 0
 189.674861895872 -NAN 0 0
 191.880784034125 -NAN 0 0
 194.085900752568 -NAN 0 0
 196.290218008439 -NAN 0 0
 198.493741758976 -NAN 0 0
 200.696477961417 -NAN 0 0
 202.898432573 -NAN 0 0
 205.099611550963 -NAN 0 0
 207.300020852544 -NAN 0 0
 209.499666434981 -NAN 0 0
 211.698554255512 -NAN 0 0
 213.896690271375 -NAN 0 0
 216.094080439808 -NAN 0 0
 218.290730718049 -NAN 0 0
 220.486647063336 -NAN 0 0
 222.681835432907 -NAN 0 0
 224.876301784 -NAN 0 0
 227.070052073853 -NAN 0 0
 229.263092259704 -NAN 0 0
 231.455428298791 -NAN 0 0
 233.647066148352 -NAN 0 0
 235.838011765625 -NAN 0 0
 238.028271107848 -NAN 0 0
 240.217850132259 -NAN 0 0
 242.406754796096 -NAN 0 0
 244.594991056597 -NAN 0 0
 246.782564871 -NAN 0 0
 248.969482196543 -NAN 0 0
 251.155748990464 -NAN 0 0
 253.341371210001 -NAN 0 0
 255.526354812392 -NAN 0 0
 257.710705754875 -NAN 0 0
 259.894429994688 -NAN 0 0
 262.077533489069 -NAN 0 0
 264.260022195256 -NAN 0 0
 266.441902070487 -NAN 0 0
 268.623179072 -NAN 0 0
 270.803859157033 -NAN 0 0
 272.983948282824 -NAN 0 0
 275.163452406611 -NAN 0 0
 277.342377485632 -NAN 0 0
 279.520729477125 8.00647060369836 0 0
 281.698514338328 10.7133024230445 0 0
 283.875738026479 16.9381583910473 0 0
 286.052406498816 26.6498011269845 0 0
 288.228525712577 35.5720841947393 0 0
 290.404101625 50.5050576300758 0 0
 292.579140193323 68.4537923090022 0 0
 294.753647374784 87.6282163219133 0 0
 296.927629126621 105.116222746284 0 0
 299.101091406072 123.585878819814 0 0
 301.274040170375 142.042584225781 0 0
 303.446481376768 152.412436067094 0 0
 305.618420982489 163.734936281591 0 0
 307.789864944776 169.484840048206 0 0
 309.960819220867 178.502947313183 0 0
 312.131289768 187.613864275193 0 0
 314.301282543413 179.074812343989 0 0
 316.470803504344 162.907817360237 0 0
 318.639858608031 150.514532052529 0 0
 320.808453811712 136.461018008061 0 0
 322.976595072625 128.327147498471 0 0
 325.144288348008 118.081069071159 0 0
 327.311539595099 105.237720909905 0 0
 329.478354771136 95.8527291303927 0 0
 331.644739833357 87.0531280944623 0 0
 333.810700739 77.1287019818377 0 0
 335.976243445303 68.8456457784022 0 0
 338.141373909504 60.5134169449212 0 0
 340.306098088841 51.522060924663 0 0
 342.470421940552 45.6011308132626 0 0
 344.634351421875 40.4910581545648 0 0
 346.797892490048 33.9113072360139 0 0
 348.961051102309 29.7057400785058 0 0
 351.123833215896 26.2721364578213 0 0
 353.286244788047 21.5560143552542 0 0
 355.448291776 19.2352418018763 0 0
 357.609980136993 17.3737489921154 0 0
 359.771315828264 15.6316369689011 0 0
 361.932304807051 22.8927781830107 0 0
 364.092953030592 32.247215071329 0 0
 366.253266456125 29.6710325154466 0 0
 368.413251040888 17.9958312173588 0 0
 370.572912742119 9.81521421342302 0 0
 372.732257517056 5.42787574958835 0 0
 374.891291322937 5.15441315141926 0 0
 377.050020117 4.83348241374732 0 0
 379.208449856483 2.69636081737826 0 0
 381.366586498624 3.32710468159296 0 0
 383.524436000661 3.16489993434961 0 0
 385.682004319832 1.36004685222196 0 0
 387.839297413375 2.35508893834764 0 0
 389.996321238528 2.29959103837422 0 0
 392.153081752529 0.764279459051914 0 0
 394.309584912616 1.84698302296334 0 0
 396.465836676027 1.97032998457587 0 0
 398.621843 1.85442406397801 0 0
 400.777609841773 9.64767743286706 0 0
 402.933143158584 21.8887991643836 0 0
 405.088448907671 24.4434795869191 0 0
 407.243533046272 17.9533273861877 0 0
 409.398401531625 7.83913606256391 0 0
 411.553060320968 2.89198462045294 0 0
 413.707515371539 3.37522405165074 0 0
 415.861772640576 3.83242537615983 0 0
 418.015838085317 4.17879359294666 0 0
 420.169717663 6.93859916575961 0 0
 422.323417330863 9.21181930023628 0 0
 424.476943046144 11.8035205849203 0 0
 426.630300766081 17.5024355725502 0 0
 428.783496447912 24.9256701010197 0 0
 430.936536048875 40.9385847198706 0 0
 433.089425526208 85.0939921201485 0 0
 435.242170837149 125.995162348248 0 0
 437.394777938936 135.357189716048 0 0
 439.547252788807 123.424682843709 0 0
 441.699601344 135.634805239998 0 0
 443.851829561753 165.696942367854 0 0
 446.003943399304 201.808328031365 0 0
 448.155948813891 229.081849865421 0 0
 450.307851762752 239.838253162207 0 0
 452.459658203125 233.900394186612 0 0
 454.611374092248 212.335065722978 0 0
 456.763005387359 184.393315088425 0 0
 458.914558045696 158.730109201569 0 0
 461.066038024497 135.93074317439 0 0
 463.217451281 117.745746975098 0 0
 465.368803772443 104.492189433223 0 0
 467.520101456064 91.0411453155465 0 0
 469.671350289101 78.4825123734461 0 0
 471.822556228792 69.0689453453543 0 0
 473.973725232375 59.5765247216026 0 0
 476.124863257088 52.4280249878377 0 0
 478.275976260169 49.2096058644524 0 0
 480.427070198856 45.8501449176073 0 0
 482.578151030387 44.0747176520873 0 0
 484.729224712 44.9485823703184 0 0
 486.880297200933 44.4269104168776 0 0
 489.031374454424 45.0436578783624 0 0
 491.182462429711 47.7859247097571 0 0
 493.333567084032 48.7882639893071 0 0
 495.484694374625 50.6000676655933 0 0
 497.635850258728 54.2081594753492 0 0
 499.787040693579 55.8686493403953 0 0
 501.938271636416 58.1435652264597 0 0
 504.089549044477 -NAN 0 0
 506.240878875 -NAN 0 0
 508.392267085223 -NAN 0 0
 510.543719632384 -NAN 0 0
 512.695242473721 -NAN 0 0
 514.846841566472 -NAN 0 0
 516.998522867875 -NAN 0 0
 519.150292335168 -NAN 0 0
 521.302155925589 -NAN 0 0
 523.454119596376 -NAN 0 0
 525.606189304767 -NAN 0 0
 527.758371008 -NAN 0 0
 529.910670663313 -NAN 0 0
 532.063094227944 -NAN 0 0
 534.215647659131 -NAN 0 0
 536.368336914112 -NAN 0 0
 538.521167950125 -NAN 0 0
 540.674146724408 -NAN 0 0
 542.827279194199 -NAN 0 0
 544.980571316736 -NAN 0 0
 547.134029049257 -NAN 0 0
 549.287658349 -NAN 0 0
 551.441465173203 -NAN 0 0
 553.595455479104 -NAN 0 0
 555.749635223941 -NAN 0 0
 557.904010364952 -NAN 0 0
 560.058586859375 -NAN 0 0
 562.213370664448 -NAN 0 0
 564.368367737409 -NAN 0 0
 566.523584035496 -NAN 0 0
 568.679025515947 -NAN 0 0
 570.834698136 -NAN 0 0
 572.990607852893 -NAN 0 0
 575.146760623864 -NAN 0 0
 577.303162406151 -NAN 0 0
 579.459819156992 -NAN 0 0
 581.616736833625 -NAN 0 0
 583.773921393288 -NAN 0 0
 585.931378793219 -NAN 0 0
 588.089114990656 -NAN 0 0
 590.247135942837 -NAN 0 0
 592.405447607 -NAN 0 0
 594.564055940383 -NAN 0 0
 596.722966900224 -NAN 0 0
 598.882186443761 -NAN 0 0
 601.041720528232 -NAN 0 0
 603.201575110875 -NAN 0 0
 605.361756148928 -NAN 0 0
 607.522269599629 -NAN 0 0
 609.683121420216 -NAN 0 0
 611.844317567927 -NAN 0 0
 614.005864 -NAN 0 0
 616.167766673673 -NAN 0 0
 618.330031546184 -NAN 0 0
 620.492664574771 -NAN 0 0
 622.655671716672 -NAN 0 0
 624.819058929125 -NAN 0 0
 626.982832169368 -NAN 0 0
 629.146997394639 -NAN 0 0
 631.311560562176 -NAN 0 0
 633.476527629217 -NAN 0 0
 635.641904553 -NAN 0 0
 637.807697290763 -NAN 0 0
 639.973911799744 -NAN 0 0
 642.140554037181 -NAN 0 0
 644.307629960312 -NAN 0 0
 646.475145526375 -NAN 0 0
 648.643106692608 -NAN 0 0
 650.811519416249 -NAN 0 0
 652.980389654536 -NAN 0 0
 655.149723364707 -NAN 0 0
 657.319526504 -NAN 0 0
 659.489805029653 -NAN 0 0
 661.660564898904 -NAN 0 0
 663.831812068991 -NAN 0 0
 666.003552497152 -NAN 0 0
 668.175792140625 -NAN 0 0
 670.348536956648 -NAN 0 0
 672.521792902459 -NAN 0 0
 674.695565935296 -NAN 0 0
 676.869862012397 -NAN 0 0
 679.044687091 -NAN 0 0
 681.220047128343 -NAN 0 0
 683.395948081664 -NAN 0 0
 685.572395908201 -NAN 0 0
 687.749396565192 -NAN 0 0
 689.926956009875 -NAN 0 0
 692.105080199488 -NAN 0 0
 694.283775091269 -NAN 0 0
 696.463046642456 -NAN 0 0
 698.642900810287 -NAN 0 0
 700.823343552 -NAN 0 0
 703.004380824833 -NAN 0 0
 705.186018586024 -NAN 0 0
 707.368262792811 -NAN 0 0
 709.551119402432 -NAN 0 0
 711.734594372125 -NAN 0 0
 713.918693659128 -NAN 0 0
 716.103423220679 -NAN 0 0
 718.288789014016 -NAN 0 0
 720.474796996377 -NAN 0 0
 722.661453125 -NAN 0 0
 724.848763357123 -NAN 0 0
 727.036733649984 -NAN 0 0
 729.225369960821 -NAN 0 0
 731.414678246872 -NAN 0 0
 733.604664465375 -NAN 0 0
 735.795334573568 -NAN 0 0
[END] of [DATA]
[END] of Spectrum


