[Spectrum]
Version            = 1
IDData             = 12ad_2026-06-08_14-45-45_000_233
IDDevice           = SAM_82E6
IDDataType         = SPECTRUM
IDDataTypeSub1     = CALIBRATED
IDDataTypeSub2     = 
IDDataTypeSub3     = 
DateTime           = 2026-06-08 14:45:45
PositionLatitude   = 0
PositionLongitude  = 0
Comment            = 20260608_FrameD
CommentSub1        = UV
CommentSub2        = left
CommentSub3        = 22.5cm
IDMethodType       = SAM Control
MethodName         = SAM_82E6
Mission            = No Mission
MissionSub         = 1
RecordType         = 0
[Attributes]
CalFactor = 1
IDBasisSpec = 
IDDataBack = DLAB_2024-11-11_10-40-48_641_639
IDDataCal = DLAB_2024-11-12_11-45-27_171_455
IntegrationTime = 128
P31 = -1
P31e = 0
PathLength = +INF
PathLengthCustomOn = 0
RAWDynamic = 65535
Salinity = 0
Temperature = -NAN
Unit1 = $01 $01 Wavelength nm
Unit2 = $03 $06 Intensity mW/(m^2 nm)
Unit3 = $f0 $06 Error mW/(m^2 nm)
Unit4 = $f1 $00 Status 
p999 = 7301
[END] of [Attributes]
[DATA]
 0 6 0 0
 185.260577530984 -NAN 0 0
 187.468128380571 -NAN 0 0
 189.674861895872 -NAN 0 0
 191.880784034125 -NAN 0 0
 194.085900752568 -NAN 0 0
 196.290218008439 -NAN 0 0
 198.493741758976 -NAN 0 0
 200.696477961417 -NAN 0 0
 202.898432573 -NAN 0 0
 205.099611550963 -NAN 0 0
 207.300020852544 -NAN 0 0
 209.499666434981 -NAN 0 0
 211.698554255512 -NAN 0 0
 213.896690271375 -NAN 0 0
 216.094080439808 -NAN 0 0
 218.290730718049 -NAN 0 0
 220.486647063336 -NAN 0 0
 222.681835432907 -NAN 0 0
 224.876301784 -NAN 0 0
 227.070052073853 -NAN 0 0
 229.263092259704 -NAN 0 0
 231.455428298791 -NAN 0 0
 233.647066148352 -NAN 0 0
 235.838011765625 -NAN 0 0
 238.028271107848 -NAN 0 0
 240.217850132259 -NAN 0 0
 242.406754796096 -NAN 0 0
 244.594991056597 -NAN 0 0
 246.782564871 -NAN 0 0
 248.969482196543 -NAN 0 0
 251.155748990464 -NAN 0 0
 253.341371210001 -NAN 0 0
 255.526354812392 -NAN 0 0
 257.710705754875 -NAN 0 0
 259.894429994688 -NAN 0 0
 262.077533489069 -NAN 0 0
 264.260022195256 -NAN 0 0
 266.441902070487 -NAN 0 0
 268.623179072 -NAN 0 0
 270.803859157033 -NAN 0 0
 272.983948282824 -NAN 0 0
 275.163452406611 -NAN 0 0
 277.342377485632 -NAN 0 0
 279.520729477125 1.98670041128547 0 0
 281.698514338328 11.1280303894348 0 0
 283.875738026479 8.15432085067936 0 0
 286.052406498816 12.1648944466404 0 0
 288.228525712577 25.2265602614482 0 0
 290.404101625 25.9008933078924 0 0
 292.579140193323 34.9901309764759 0 0
 294.753647374784 52.7886002818982 0 0
 296.927629126621 54.9753265121937 0 0
 299.101091406072 65.234410614836 0 0
 301.274040170375 80.7865011621718 0 0
 303.446481376768 79.9801587056529 0 0
 305.618420982489 86.7515542065403 0 0
 307.789864944776 94.6468292887346 0 0
 309.960819220867 93.1618369785161 0 0
 312.131289768 99.1106904237256 0 0
 314.301282543413 99.2045326366891 0 0
 316.470803504344 83.932378370476 0 0
 318.639858608031 79.44094635223 0 0
 320.808453811712 77.1392628795022 0 0
 322.976595072625 65.0600034240977 0 0
 325.144288348008 62.9921407862229 0 0
 327.311539595099 60.9502505340481 0 0
 329.478354771136 47.3760046065801 0 0
 331.644739833357 46.9759885870085 0 0
 333.810700739 45.6905330689647 0 0
 335.976243445303 32.6696329457564 0 0
 338.141373909504 33.370000479805 0 0
 340.306098088841 31.4183097670594 0 0
 342.470421940552 20.7077274180611 0 0
 344.634351421875 23.0969777880708 0 0
 346.797892490048 21.5095794345456 0 0
 348.961051102309 12.4271584277421 0 0
 351.123833215896 15.9145762776281 0 0
 353.286244788047 14.4921042496879 0 0
 355.448291776 7.2317014092309 0 0
 357.609980136993 11.44587870542 0 0
 359.771315828264 10.9595702149471 0 0
 361.932304807051 9.09217976721146 0 0
 364.092953030592 19.8335487042857 0 0
 366.253266456125 18.4167995236626 0 0
 368.413251040888 6.35852456391826 0 0
 370.572912742119 8.69763398566094 0 0
 372.732257517056 5.53472689236998 0 0
 374.891291322937 -0.738219644657476 0 0
 377.050020117 6.51283207439694 0 0
 379.208449856483 3.8689542468229 0 0
 381.366586498624 -1.67147863031521 0 0
 383.524436000661 6.26453640007641 0 0
 385.682004319832 2.83676575410319 0 0
 387.839297413375 -1.85900697295837 0 0
 389.996321238528 6.14557348769468 0 0
 392.153081752529 2.06068217727428 0 0
 394.309584912616 -1.6365458110126 0 0
 396.465836676027 5.96905411180138 0 0
 398.621843 2.52563137852477 0 0
 400.777609841773 3.73955944179222 0 0
 402.933143158584 18.8145025178741 0 0
 405.088448907671 16.8197633625901 0 0
 407.243533046272 10.2895524633482 0 0
 409.398401531625 11.2001341205999 0 0
 411.553060320968 4.93031453279083 0 0
 413.707515371539 4.66627207861417 0 0
 415.861772640576 12.8294273481045 0 0
 418.015838085317 11.8014938882487 0 0
 420.169717663 16.29982198254 0 0
 422.323417330863 28.6318114433686 0 0
 424.476943046144 34.3532981186221 0 0
 426.630300766081 47.8837395540413 0 0
 428.783496447912 71.5154314056644 0 0
 430.936536048875 96.7841844481611 0 0
 433.089425526208 149.961913388743 0 0
 435.242170837149 212.280837198481 0 0
 437.394777938936 256.047760745445 0 0
 439.547252788807 303.338289018942 0 0
 441.699601344 386.142326375754 0 0
 443.851829561753 482.073761382409 0 0
 446.003943399304 579.207108216972 0 0
 448.155948813891 640.210114872494 0 0
 450.307851762752 632.519548109218 0 0
 452.459658203125 573.29555691365 0 0
 454.611374092248 485.849543407058 0 0
 456.763005387359 392.90614521718 0 0
 458.914558045696 329.247261975079 0 0
 461.066038024497 286.594181147711 0 0
 463.217451281 246.677331871026 0 0
 465.368803772443 218.093399270192 0 0
 467.520101456064 188.036541122207 0 0
 469.671350289101 151.207017005435 0 0
 471.822556228792 129.897227116363 0 0
 473.973725232375 113.692361273529 0 0
 476.124863257088 96.1462770251818 0 0
 478.275976260169 94.6257486856668 0 0
 480.427070198856 91.9522435732873 0 0
 482.578151030387 84.0809457169054 0 0
 484.729224712 88.4358301579451 0 0
 486.880297200933 89.632853333101 0 0
 489.031374454424 86.0120488066998 0 0
 491.182462429711 95.1891226120677 0 0
 493.333567084032 99.8627176798107 0 0
 495.484694374625 99.767306827502 0 0
 497.635850258728 110.810075580871 0 0
 499.787040693579 115.799553383091 0 0
 501.938271636416 115.914194348546 0 0
 504.089549044477 -NAN 0 0
 506.240878875 -NAN 0 0
 508.392267085223 -NAN 0 0
 510.543719632384 -NAN 0 0
 512.695242473721 -NAN 0 0
 514.846841566472 -NAN 0 0
 516.998522867875 -NAN 0 0
 519.150292335168 -NAN 0 0
 521.302155925589 -NAN 0 0
 523.454119596376 -NAN 0 0
 525.606189304767 -NAN 0 0
 527.758371008 -NAN 0 0
 529.910670663313 -NAN 0 0
 532.063094227944 -NAN 0 0
 534.215647659131 -NAN 0 0
 536.368336914112 -NAN 0 0
 538.521167950125 -NAN 0 0
 540.674146724408 -NAN 0 0
 542.827279194199 -NAN 0 0
 544.980571316736 -NAN 0 0
 547.134029049257 -NAN 0 0
 549.287658349 -NAN 0 0
 551.441465173203 -NAN 0 0
 553.595455479104 -NAN 0 0
 555.749635223941 -NAN 0 0
 557.904010364952 -NAN 0 0
 560.058586859375 -NAN 0 0
 562.213370664448 -NAN 0 0
 564.368367737409 -NAN 0 0
 566.523584035496 -NAN 0 0
 568.679025515947 -NAN 0 0
 570.834698136 -NAN 0 0
 572.990607852893 -NAN 0 0
 575.146760623864 -NAN 0 0
 577.303162406151 -NAN 0 0
 579.459819156992 -NAN 0 0
 581.616736833625 -NAN 0 0
 583.773921393288 -NAN 0 0
 585.931378793219 -NAN 0 0
 588.089114990656 -NAN 0 0
 590.247135942837 -NAN 0 0
 592.405447607 -NAN 0 0
 594.564055940383 -NAN 0 0
 596.722966900224 -NAN 0 0
 598.882186443761 -NAN 0 0
 601.041720528232 -NAN 0 0
 603.201575110875 -NAN 0 0
 605.361756148928 -NAN 0 0
 607.522269599629 -NAN 0 0
 609.683121420216 -NAN 0 0
 611.844317567927 -NAN 0 0
 614.005864 -NAN 0 0
 616.167766673673 -NAN 0 0
 618.330031546184 -NAN 0 0
 620.492664574771 -NAN 0 0
 622.655671716672 -NAN 0 0
 624.819058929125 -NAN 0 0
 626.982832169368 -NAN 0 0
 629.146997394639 -NAN 0 0
 631.311560562176 -NAN 0 0
 633.476527629217 -NAN 0 0
 635.641904553 -NAN 0 0
 637.807697290763 -NAN 0 0
 639.973911799744 -NAN 0 0
 642.140554037181 -NAN 0 0
 644.307629960312 -NAN 0 0
 646.475145526375 -NAN 0 0
 648.643106692608 -NAN 0 0
 650.811519416249 -NAN 0 0
 652.980389654536 -NAN 0 0
 655.149723364707 -NAN 0 0
 657.319526504 -NAN 0 0
 659.489805029653 -NAN 0 0
 661.660564898904 -NAN 0 0
 663.831812068991 -NAN 0 0
 666.003552497152 -NAN 0 0
 668.175792140625 -NAN 0 0
 670.348536956648 -NAN 0 0
 672.521792902459 -NAN 0 0
 674.695565935296 -NAN 0 0
 676.869862012397 -NAN 0 0
 679.044687091 -NAN 0 0
 681.220047128343 -NAN 0 0
 683.395948081664 -NAN 0 0
 685.572395908201 -NAN 0 0
 687.749396565192 -NAN 0 0
 689.926956009875 -NAN 0 0
 692.105080199488 -NAN 0 0
 694.283775091269 -NAN 0 0
 696.463046642456 -NAN 0 0
 698.642900810287 -NAN 0 0
 700.823343552 -NAN 0 0
 703.004380824833 -NAN 0 0
 705.186018586024 -NAN 0 0
 707.368262792811 -NAN 0 0
 709.551119402432 -NAN 0 0
 711.734594372125 -NAN 0 0
 713.918693659128 -NAN 0 0
 716.103423220679 -NAN 0 0
 718.288789014016 -NAN 0 0
 720.474796996377 -NAN 0 0
 722.661453125 -NAN 0 0
 724.848763357123 -NAN 0 0
 727.036733649984 -NAN 0 0
 729.225369960821 -NAN 0 0
 731.414678246872 -NAN 0 0
 733.604664465375 -NAN 0 0
 735.795334573568 -NAN 0 0
[END] of [DATA]
[END] of Spectrum


[Spectrum]
Version            = 1
IDData             = 12ad_2026-06-08_14-45-40_000_230
IDDevice           = SAM_82E6
IDDataType         = SPECTRUM
IDDataTypeSub1     = CALIBRATED
IDDataTypeSub2     = 
IDDataTypeSub3     = 
DateTime           = 2026-06-08 14:45:40
PositionLatitude   = 0
PositionLongitude  = 0
Comment            = 20260608_FrameD
CommentSub1        = UV
CommentSub2        = left
CommentSub3        = 22.5cm
IDMethodType       = SAM Control
MethodName         = SAM_82E6
Mission            = No Mission
MissionSub         = 1
RecordType         = 0
[Attributes]
CalFactor = 1
IDBasisSpec = 
IDDataBack = DLAB_2024-11-11_10-40-48_641_639
IDDataCal = DLAB_2024-11-12_11-45-27_171_455
IntegrationTime = 128
P31 = -1
P31e = 0
PathLength = +INF
PathLengthCustomOn = 0
RAWDynamic = 65535
Salinity = 0
Temperature = -NAN
Unit1 = $01 $01 Wavelength nm
Unit2 = $03 $06 Intensity mW/(m^2 nm)
Unit3 = $f0 $06 Error mW/(m^2 nm)
Unit4 = $f1 $00 Status 
p999 = 7300
[END] of [Attributes]
[DATA]
 0 6 0 0
 185.260577530984 -NAN 0 0
 187.468128380571 -NAN 0 0
 189.674861895872 -NAN 0 0
 191.880784034125 -NAN 0 0
 194.085900752568 -NAN 0 0
 196.290218008439 -NAN 0 0
 198.493741758976 -NAN 0 0
 200.696477961417 -NAN 0 0
 202.898432573 -NAN 0 0
 205.099611550963 -NAN 0 0
 207.300020852544 -NAN 0 0
 209.499666434981 -NAN 0 0
 211.698554255512 -NAN 0 0
 213.896690271375 -NAN 0 0
 216.094080439808 -NAN 0 0
 218.290730718049 -NAN 0 0
 220.486647063336 -NAN 0 0
 222.681835432907 -NAN 0 0
 224.876301784 -NAN 0 0
 227.070052073853 -NAN 0 0
 229.263092259704 -NAN 0 0
 231.455428298791 -NAN 0 0
 233.647066148352 -NAN 0 0
 235.838011765625 -NAN 0 0
 238.028271107848 -NAN 0 0
 240.217850132259 -NAN 0 0
 242.406754796096 -NAN 0 0
 244.594991056597 -NAN 0 0
 246.782564871 -NAN 0 0
 248.969482196543 -NAN 0 0
 251.155748990464 -NAN 0 0
 253.341371210001 -NAN 0 0
 255.526354812392 -NAN 0 0
 257.710705754875 -NAN 0 0
 259.894429994688 -NAN 0 0
 262.077533489069 -NAN 0 0
 264.260022195256 -NAN 0 0
 266.441902070487 -NAN 0 0
 268.623179072 -NAN 0 0
 270.803859157033 -NAN 0 0
 272.983948282824 -NAN 0 0
 275.163452406611 -NAN 0 0
 277.342377485632 -NAN 0 0
 279.520729477125 1.6405015108018 0 0
 281.698514338328 11.0234351216798 0 0
 283.875738026479 8.32095362929355 0 0
 286.052406498816 11.6306052010207 0 0
 288.228525712577 24.8282695120623 0 0
 290.404101625 25.8630864149648 0 0
 292.579140193323 34.0400849052635 0 0
 294.753647374784 52.1863529244792 0 0
 296.927629126621 54.2567062859727 0 0
 299.101091406072 63.7662067416169 0 0
 301.274040170375 79.4822661271406 0 0
 303.446481376768 78.7525394301685 0 0
 305.618420982489 84.923329376652 0 0
 307.789864944776 93.2337407726015 0 0
 309.960819220867 91.7526016081895 0 0
 312.131289768 97.2787811260082 0 0
 314.301282543413 97.7928901673502 0 0
 316.470803504344 82.7130627447074 0 0
 318.639858608031 77.9023656078027 0 0
 320.808453811712 76.026460466125 0 0
 322.976595072625 63.8337778088591 0 0
 325.144288348008 61.7332374078747 0 0
 327.311539595099 60.120498578897 0 0
 329.478354771136 46.5876623098048 0 0
 331.644739833357 45.9248597824819 0 0
 333.810700739 45.1724574723833 0 0
 335.976243445303 31.977689691614 0 0
 338.141373909504 32.6256655731802 0 0
 340.306098088841 31.065415431404 0 0
 342.470421940552 20.084429707448 0 0
 344.634351421875 22.5436567155716 0 0
 346.797892490048 21.173761459574 0 0
 348.961051102309 12.1889114021529 0 0
 351.123833215896 15.4623330548069 0 0
 353.286244788047 14.3263604095608 0 0
 355.448291776 7.04883755864067 0 0
 357.609980136993 11.01326582353 0 0
 359.771315828264 10.9703262302638 0 0
 361.932304807051 8.8659817208714 0 0
 364.092953030592 19.4383924668063 0 0
 366.253266456125 18.3654154018975 0 0
 368.413251040888 6.13061209371471 0 0
 370.572912742119 8.32586002966382 0 0
 372.732257517056 5.61821545054393 0 0
 374.891291322937 -0.748975383769966 0 0
 377.050020117 6.40247727354985 0 0
 379.208449856483 3.95851862618025 0 0
 381.366586498624 -1.80997866437745 0 0
 383.524436000661 6.09967349033104 0 0
 385.682004319832 2.95339895584114 0 0
 387.839297413375 -2.09987459920837 0 0
 389.996321238528 5.90678314775467 0 0
 392.153081752529 2.29935373135885 0 0
 394.309584912616 -1.99109137093074 0 0
 396.465836676027 5.95831393894679 0 0
 398.621843 2.44336672491126 0 0
 400.777609841773 3.44824688353564 0 0
 402.933143158584 18.5762470194896 0 0
 405.088448907671 16.3455818635935 0 0
 407.243533046272 10.0020554821103 0 0
 409.398401531625 11.1703425078253 0 0
 411.553060320968 4.96119737590894 0 0
 413.707515371539 4.58142012746815 0 0
 415.861772640576 12.6008110993204 0 0
 418.015838085317 11.7582426067956 0 0
 420.169717663 16.2241401240777 0 0
 422.323417330863 28.6574474106342 0 0
 424.476943046144 34.3941296109111 0 0
 426.630300766081 47.9079088565342 0 0
 428.783496447912 71.55420795658 0 0
 430.936536048875 96.6144365623505 0 0
 433.089425526208 149.416237212921 0 0
 435.242170837149 211.598307506938 0 0
 437.394777938936 255.293218583879 0 0
 439.547252788807 303.113440287194 0 0
 441.699601344 386.002594931325 0 0
 443.851829561753 482.293065763939 0 0
 446.003943399304 578.892261436769 0 0
 448.155948813891 640.203095533593 0 0
 450.307851762752 632.674660007269 0 0
 452.459658203125 573.321493587912 0 0
 454.611374092248 485.859052952429 0 0
 456.763005387359 392.968625411284 0 0
 458.914558045696 328.969809346292 0 0
 461.066038024497 286.75108983357 0 0
 463.217451281 246.72510951773 0 0
 465.368803772443 217.723959103856 0 0
 467.520101456064 188.10508647555 0 0
 469.671350289101 151.178872031633 0 0
 471.822556228792 129.790105608312 0 0
 473.973725232375 113.683552528405 0 0
 476.124863257088 96.2370615466985 0 0
 478.275976260169 94.296819883839 0 0
 480.427070198856 92.2440736168222 0 0
 482.578151030387 84.0318352317618 0 0
 484.729224712 88.2659550565349 0 0
 486.880297200933 89.7044440022009 0 0
 489.031374454424 85.9426751346839 0 0
 491.182462429711 94.8585316754255 0 0
 493.333567084032 99.8738509950941 0 0
 495.484694374625 99.3799158927291 0 0
 497.635850258728 110.682808352686 0 0
 499.787040693579 115.927839497069 0 0
 501.938271636416 115.71186363699 0 0
 504.089549044477 -NAN 0 0
 506.240878875 -NAN 0 0
 508.392267085223 -NAN 0 0
 510.543719632384 -NAN 0 0
 512.695242473721 -NAN 0 0
 514.846841566472 -NAN 0 0
 516.998522867875 -NAN 0 0
 519.150292335168 -NAN 0 0
 521.302155925589 -NAN 0 0
 523.454119596376 -NAN 0 0
 525.606189304767 -NAN 0 0
 527.758371008 -NAN 0 0
 529.910670663313 -NAN 0 0
 532.063094227944 -NAN 0 0
 534.215647659131 -NAN 0 0
 536.368336914112 -NAN 0 0
 538.521167950125 -NAN 0 0
 540.674146724408 -NAN 0 0
 542.827279194199 -NAN 0 0
 544.980571316736 -NAN 0 0
 547.134029049257 -NAN 0 0
 549.287658349 -NAN 0 0
 551.441465173203 -NAN 0 0
 553.595455479104 -NAN 0 0
 555.749635223941 -NAN 0 0
 557.904010364952 -NAN 0 0
 560.058586859375 -NAN 0 0
 562.213370664448 -NAN 0 0
 564.368367737409 -NAN 0 0
 566.523584035496 -NAN 0 0
 568.679025515947 -NAN 0 0
 570.834698136 -NAN 0 0
 572.990607852893 -NAN 0 0
 575.146760623864 -NAN 0 0
 577.303162406151 -NAN 0 0
 579.459819156992 -NAN 0 0
 581.616736833625 -NAN 0 0
 583.773921393288 -NAN 0 0
 585.931378793219 -NAN 0 0
 588.089114990656 -NAN 0 0
 590.247135942837 -NAN 0 0
 592.405447607 -NAN 0 0
 594.564055940383 -NAN 0 0
 596.722966900224 -NAN 0 0
 598.882186443761 -NAN 0 0
 601.041720528232 -NAN 0 0
 603.201575110875 -NAN 0 0
 605.361756148928 -NAN 0 0
 607.522269599629 -NAN 0 0
 609.683121420216 -NAN 0 0
 611.844317567927 -NAN 0 0
 614.005864 -NAN 0 0
 616.167766673673 -NAN 0 0
 618.330031546184 -NAN 0 0
 620.492664574771 -NAN 0 0
 622.655671716672 -NAN 0 0
 624.819058929125 -NAN 0 0
 626.982832169368 -NAN 0 0
 629.146997394639 -NAN 0 0
 631.311560562176 -NAN 0 0
 633.476527629217 -NAN 0 0
 635.641904553 -NAN 0 0
 637.807697290763 -NAN 0 0
 639.973911799744 -NAN 0 0
 642.140554037181 -NAN 0 0
 644.307629960312 -NAN 0 0
 646.475145526375 -NAN 0 0
 648.643106692608 -NAN 0 0
 650.811519416249 -NAN 0 0
 652.980389654536 -NAN 0 0
 655.149723364707 -NAN 0 0
 657.319526504 -NAN 0 0
 659.489805029653 -NAN 0 0
 661.660564898904 -NAN 0 0
 663.831812068991 -NAN 0 0
 666.003552497152 -NAN 0 0
 668.175792140625 -NAN 0 0
 670.348536956648 -NAN 0 0
 672.521792902459 -NAN 0 0
 674.695565935296 -NAN 0 0
 676.869862012397 -NAN 0 0
 679.044687091 -NAN 0 0
 681.220047128343 -NAN 0 0
 683.395948081664 -NAN 0 0
 685.572395908201 -NAN 0 0
 687.749396565192 -NAN 0 0
 689.926956009875 -NAN 0 0
 692.105080199488 -NAN 0 0
 694.283775091269 -NAN 0 0
 696.463046642456 -NAN 0 0
 698.642900810287 -NAN 0 0
 700.823343552 -NAN 0 0
 703.004380824833 -NAN 0 0
 705.186018586024 -NAN 0 0
 707.368262792811 -NAN 0 0
 709.551119402432 -NAN 0 0
 711.734594372125 -NAN 0 0
 713.918693659128 -NAN 0 0
 716.103423220679 -NAN 0 0
 718.288789014016 -NAN 0 0
 720.474796996377 -NAN 0 0
 722.661453125 -NAN 0 0
 724.848763357123 -NAN 0 0
 727.036733649984 -NAN 0 0
 729.225369960821 -NAN 0 0
 731.414678246872 -NAN 0 0
 733.604664465375 -NAN 0 0
 735.795334573568 -NAN 0 0
[END] of [DATA]
[END] of Spectrum


[Spectrum]
Version            = 1
IDData             = 12ad_2026-06-08_14-45-35_000_227
IDDevice           = SAM_82E6
IDDataType         = SPECTRUM
IDDataTypeSub1     = CALIBRATED
IDDataTypeSub2     = 
IDDataTypeSub3     = 
DateTime           = 2026-06-08 14:45:35
PositionLatitude   = 0
PositionLongitude  = 0
Comment            = 20260608_FrameD
CommentSub1        = UV
CommentSub2        = left
CommentSub3        = 22.5cm
IDMethodType       = SAM Control
MethodName         = SAM_82E6
Mission            = No Mission
MissionSub         = 1
RecordType         = 0
[Attributes]
CalFactor = 1
IDBasisSpec = 
IDDataBack = DLAB_2024-11-11_10-40-48_641_639
IDDataCal = DLAB_2024-11-12_11-45-27_171_455
IntegrationTime = 128
P31 = -1
P31e = 0
PathLength = +INF
PathLengthCustomOn = 0
RAWDynamic = 65535
Salinity = 0
Temperature = -NAN
Unit1 = $01 $01 Wavelength nm
Unit2 = $03 $06 Intensity mW/(m^2 nm)
Unit3 = $f0 $06 Error mW/(m^2 nm)
Unit4 = $f1 $00 Status 
p999 = 7299
[END] of [Attributes]
[DATA]
 0 6 0 0
 185.260577530984 -NAN 0 0
 187.468128380571 -NAN 0 0
 189.674861895872 -NAN 0 0
 191.880784034125 -NAN 0 0
 194.085900752568 -NAN 0 0
 196.290218008439 -NAN 0 0
 198.493741758976 -NAN 0 0
 200.696477961417 -NAN 0 0
 202.898432573 -NAN 0 0
 205.099611550963 -NAN 0 0
 207.300020852544 -NAN 0 0
 209.499666434981 -NAN 0 0
 211.698554255512 -NAN 0 0
 213.896690271375 -NAN 0 0
 216.094080439808 -NAN 0 0
 218.290730718049 -NAN 0 0
 220.486647063336 -NAN 0 0
 222.681835432907 -NAN 0 0
 224.876301784 -NAN 0 0
 227.070052073853 -NAN 0 0
 229.263092259704 -NAN 0 0
 231.455428298791 -NAN 0 0
 233.647066148352 -NAN 0 0
 235.838011765625 -NAN 0 0
 238.028271107848 -NAN 0 0
 240.217850132259 -NAN 0 0
 242.406754796096 -NAN 0 0
 244.594991056597 -NAN 0 0
 246.782564871 -NAN 0 0
 248.969482196543 -NAN 0 0
 251.155748990464 -NAN 0 0
 253.341371210001 -NAN 0 0
 255.526354812392 -NAN 0 0
 257.710705754875 -NAN 0 0
 259.894429994688 -NAN 0 0
 262.077533489069 -NAN 0 0
 264.260022195256 -NAN 0 0
 266.441902070487 -NAN 0 0
 268.623179072 -NAN 0 0
 270.803859157033 -NAN 0 0
 272.983948282824 -NAN 0 0
 275.163452406611 -NAN 0 0
 277.342377485632 -NAN 0 0
 279.520729477125 3.24198275548523 0 0
 281.698514338328 9.92779969194637 0 0
 283.875738026479 5.86665050021337 0 0
 286.052406498816 13.5238475278906 0 0
 288.228525712577 23.111894268306 0 0
 290.404101625 23.1264490115119 0 0
 292.579140193323 35.9542726867271 0 0
 294.753647374784 50.0784871735128 0 0
 296.927629126621 51.8443769046654 0 0
 299.101091406072 64.8268410331469 0 0
 301.274040170375 77.444688972768 0 0
 303.446481376768 76.2645352401744 0 0
 305.618420982489 85.7062397743924 0 0
 307.789864944776 90.721820944377 0 0
 309.960819220867 89.0573308922429 0 0
 312.131289768 97.7536372216082 0 0
 314.301282543413 95.060303838729 0 0
 316.470803504344 80.3477370418138 0 0
 318.639858608031 79.44094635223 0 0
 320.808453811712 73.5932035143865 0 0
 322.976595072625 62.149123809942 0 0
 325.144288348008 63.5638446140049 0 0
 327.311539595099 57.7045423561248 0 0
 329.478354771136 45.6624756898157 0 0
 331.644739833357 48.1485153661425 0 0
 333.810700739 42.9195687352493 0 0
 335.976243445303 31.779991619002 0 0
 338.141373909504 34.7098033117295 0 0
 340.306098088841 29.3172311840034 0 0
 342.470421940552 20.4720266031234 0 0
 344.634351421875 24.341950201194 0 0
 346.797892490048 19.6831162037647 0 0
 348.961051102309 12.7186062454531 0 0
 351.123833215896 17.0227960563237 0 0
 353.286244788047 12.8433892084229 0 0
 355.448291776 7.71575277844034 0 0
 357.609980136993 12.5252692622149 0 0
 359.771315828264 9.39134318176599 0 0
 361.932304807051 9.84324512496193 0 0
 364.092953030592 21.0325656305805 0 0
 366.253266456125 16.4408464776063 0 0
 368.413251040888 7.25320223950454 0 0
 370.572912742119 9.73759626797722 0 0
 372.732257517056 3.53882854852403 0 0
 374.891291322937 0.568602657510014 0 0
 377.050020117 7.67983409335493 0 0
 379.208449856483 1.6018558943397 0 0
 381.366586498624 -0.196029287856274 0 0
 383.524436000661 7.21107689913174 0 0
 385.682004319832 0.378934380893644 0 0
 387.839297413375 -0.660336315267202 0 0
 389.996321238528 6.62596346569165 0 0
 392.153081752529 -0.337134366086989 0 0
 394.309584912616 -0.384727257147782 0 0
 396.465836676027 6.33153494564397 0 0
 398.621843 0.161186011762276 0 0
 400.777609841773 4.76955741562798 0 0
 402.933143158584 18.0617165282975 0 0
 405.088448907671 14.0778641248688 0 0
 407.243533046272 11.0593790907954 0 0
 409.398401531625 10.6020102025869 0 0
 411.553060320968 3.18322797925209 0 0
 413.707515371539 5.69722328503833 0 0
 415.861772640576 12.0211056113321 0 0
 418.015838085317 10.3683036982808 0 0
 420.169717663 17.525868089629 0 0
 422.323417330863 27.9231600625267 0 0
 424.476943046144 33.1070499626731 0 0
 426.630300766081 49.0801200274376 0 0
 428.783496447912 70.7567597573157 0 0
 430.936536048875 95.5086032479926 0 0
 433.089425526208 150.049351114246 0 0
 435.242170837149 209.935940108333 0 0
 437.394777938936 253.702605340747 0 0
 439.547252788807 304.051658016792 0 0
 441.699601344 385.313801105259 0 0
 443.851829561753 481.440959426546 0 0
 446.003943399304 580.408317128398 0 0
 448.155948813891 639.657341934049 0 0
 450.307851762752 631.967638332428 0 0
 452.459658203125 574.979588121083 0 0
 454.611374092248 485.113504595341 0 0
 456.763005387359 392.572266679938 0 0
 458.914558045696 330.666462112258 0 0
 461.066038024497 285.713862286791 0 0
 463.217451281 246.546462664837 0 0
 465.368803772443 219.594381888852 0 0
 467.520101456064 187.072622090826 0 0
 469.671350289101 151.245986969162 0 0
 471.822556228792 131.569634333884 0 0
 473.973725232375 112.582459387892 0 0
 476.124863257088 96.7839829324215 0 0
 478.275976260169 96.0859258667538 0 0
 480.427070198856 91.1502678811301 0 0
 482.578151030387 84.9046624904509 0 0
 484.729224712 90.3469250488107 0 0
 486.880297200933 88.6663793002516 0 0
 489.031374454424 86.6766933418199 0 0
 491.182462429711 96.5963678153417 0 0
 493.333567084032 98.6402796616943 0 0
 495.484694374625 100.504456434813 0 0
 497.635850258728 112.192460990469 0 0
 499.787040693579 114.507994879646 0 0
 501.938271636416 116.882798818764 0 0
 504.089549044477 -NAN 0 0
 506.240878875 -NAN 0 0
 508.392267085223 -NAN 0 0
 510.543719632384 -NAN 0 0
 512.695242473721 -NAN 0 0
 514.846841566472 -NAN 0 0
 516.998522867875 -NAN 0 0
 519.150292335168 -NAN 0 0
 521.302155925589 -NAN 0 0
 523.454119596376 -NAN 0 0
 525.606189304767 -NAN 0 0
 527.758371008 -NAN 0 0
 529.910670663313 -NAN 0 0
 532.063094227944 -NAN 0 0
 534.215647659131 -NAN 0 0
 536.368336914112 -NAN 0 0
 538.521167950125 -NAN 0 0
 540.674146724408 -NAN 0 0
 542.827279194199 -NAN 0 0
 544.980571316736 -NAN 0 0
 547.134029049257 -NAN 0 0
 549.287658349 -NAN 0 0
 551.441465173203 -NAN 0 0
 553.595455479104 -NAN 0 0
 555.749635223941 -NAN 0 0
 557.904010364952 -NAN 0 0
 560.058586859375 -NAN 0 0
 562.213370664448 -NAN 0 0
 564.368367737409 -NAN 0 0
 566.523584035496 -NAN 0 0
 568.679025515947 -NAN 0 0
 570.834698136 -NAN 0 0
 572.990607852893 -NAN 0 0
 575.146760623864 -NAN 0 0
 577.303162406151 -NAN 0 0
 579.459819156992 -NAN 0 0
 581.616736833625 -NAN 0 0
 583.773921393288 -NAN 0 0
 585.931378793219 -NAN 0 0
 588.089114990656 -NAN 0 0
 590.247135942837 -NAN 0 0
 592.405447607 -NAN 0 0
 594.564055940383 -NAN 0 0
 596.722966900224 -NAN 0 0
 598.882186443761 -NAN 0 0
 601.041720528232 -NAN 0 0
 603.201575110875 -NAN 0 0
 605.361756148928 -NAN 0 0
 607.522269599629 -NAN 0 0
 609.683121420216 -NAN 0 0
 611.844317567927 -NAN 0 0
 614.005864 -NAN 0 0
 616.167766673673 -NAN 0 0
 618.330031546184 -NAN 0 0
 620.492664574771 -NAN 0 0
 622.655671716672 -NAN 0 0
 624.819058929125 -NAN 0 0
 626.982832169368 -NAN 0 0
 629.146997394639 -NAN 0 0
 631.311560562176 -NAN 0 0
 633.476527629217 -NAN 0 0
 635.641904553 -NAN 0 0
 637.807697290763 -NAN 0 0
 639.973911799744 -NAN 0 0
 642.140554037181 -NAN 0 0
 644.307629960312 -NAN 0 0
 646.475145526375 -NAN 0 0
 648.643106692608 -NAN 0 0
 650.811519416249 -NAN 0 0
 652.980389654536 -NAN 0 0
 655.149723364707 -NAN 0 0
 657.319526504 -NAN 0 0
 659.489805029653 -NAN 0 0
 661.660564898904 -NAN 0 0
 663.831812068991 -NAN 0 0
 666.003552497152 -NAN 0 0
 668.175792140625 -NAN 0 0
 670.348536956648 -NAN 0 0
 672.521792902459 -NAN 0 0
 674.695565935296 -NAN 0 0
 676.869862012397 -NAN 0 0
 679.044687091 -NAN 0 0
 681.220047128343 -NAN 0 0
 683.395948081664 -NAN 0 0
 685.572395908201 -NAN 0 0
 687.749396565192 -NAN 0 0
 689.926956009875 -NAN 0 0
 692.105080199488 -NAN 0 0
 694.283775091269 -NAN 0 0
 696.463046642456 -NAN 0 0
 698.642900810287 -NAN 0 0
 700.823343552 -NAN 0 0
 703.004380824833 -NAN 0 0
 705.186018586024 -NAN 0 0
 707.368262792811 -NAN 0 0
 709.551119402432 -NAN 0 0
 711.734594372125 -NAN 0 0
 713.918693659128 -NAN 0 0
 716.103423220679 -NAN 0 0
 718.288789014016 -NAN 0 0
 720.474796996377 -NAN 0 0
 722.661453125 -NAN 0 0
 724.848763357123 -NAN 0 0
 727.036733649984 -NAN 0 0
 729.225369960821 -NAN 0 0
 731.414678246872 -NAN 0 0
 733.604664465375 -NAN 0 0
 735.795334573568 -NAN 0 0
[END] of [DATA]
[END] of Spectrum


[Spectrum]
Version            = 1
IDData             = 12ad_2026-06-08_14-45-30_000_224
IDDevice           = SAM_82E6
IDDataType         = SPECTRUM
IDDataTypeSub1     = CALIBRATED
IDDataTypeSub2     = 
IDDataTypeSub3     = 
DateTime           = 2026-06-08 14:45:30
PositionLatitude   = 0
PositionLongitude  = 0
Comment            = 20260608_FrameD
CommentSub1        = UV
CommentSub2        = left
CommentSub3        = 22.5cm
IDMethodType       = SAM Control
MethodName         = SAM_82E6
Mission            = No Mission
MissionSub         = 1
RecordType         = 0
[Attributes]
CalFactor = 1
IDBasisSpec = 
IDDataBack = DLAB_2024-11-11_10-40-48_641_639
IDDataCal = DLAB_2024-11-12_11-45-27_171_455
IntegrationTime = 128
P31 = -1
P31e = 0
PathLength = +INF
PathLengthCustomOn = 0
RAWDynamic = 65535
Salinity = 0
Temperature = -NAN
Unit1 = $01 $01 Wavelength nm
Unit2 = $03 $06 Intensity mW/(m^2 nm)
Unit3 = $f0 $06 Error mW/(m^2 nm)
Unit4 = $f1 $00 Status 
p999 = 7298
[END] of [Attributes]
[DATA]
 0 6 0 0
 185.260577530984 -NAN 0 0
 187.468128380571 -NAN 0 0
 189.674861895872 -NAN 0 0
 191.880784034125 -NAN 0 0
 194.085900752568 -NAN 0 0
 196.290218008439 -NAN 0 0
 198.493741758976 -NAN 0 0
 200.696477961417 -NAN 0 0
 202.898432573 -NAN 0 0
 205.099611550963 -NAN 0 0
 207.300020852544 -NAN 0 0
 209.499666434981 -NAN 0 0
 211.698554255512 -NAN 0 0
 213.896690271375 -NAN 0 0
 216.094080439808 -NAN 0 0
 218.290730718049 -NAN 0 0
 220.486647063336 -NAN 0 0
 222.681835432907 -NAN 0 0
 224.876301784 -NAN 0 0
 227.070052073853 -NAN 0 0
 229.263092259704 -NAN 0 0
 231.455428298791 -NAN 0 0
 233.647066148352 -NAN 0 0
 235.838011765625 -NAN 0 0
 238.028271107848 -NAN 0 0
 240.217850132259 -NAN 0 0
 242.406754796096 -NAN 0 0
 244.594991056597 -NAN 0 0
 246.782564871 -NAN 0 0
 248.969482196543 -NAN 0 0
 251.155748990464 -NAN 0 0
 253.341371210001 -NAN 0 0
 255.526354812392 -NAN 0 0
 257.710705754875 -NAN 0 0
 259.894429994688 -NAN 0 0
 262.077533489069 -NAN 0 0
 264.260022195256 -NAN 0 0
 266.441902070487 -NAN 0 0
 268.623179072 -NAN 0 0
 270.803859157033 -NAN 0 0
 272.983948282824 -NAN 0 0
 275.163452406611 -NAN 0 0
 277.342377485632 -NAN 0 0
 279.520729477125 4.29427797458127 0 0
 281.698514338328 9.03220271179434 0 0
 283.875738026479 4.67056606388949 0 0
 286.052406498816 14.4370756134743 0 0
 288.228525712577 21.8983969131628 0 0
 290.404101625 21.7115987492592 0 0
 292.579140193323 36.3080732266 0 0
 294.753647374784 48.1800392536488 0 0
 296.927629126621 50.0376691627704 0 0
 299.101091406072 64.6325900336869 0 0
 301.274040170375 75.083373762547 0 0
 303.446481376768 74.4744391614209 0 0
 305.618420982489 84.9308573612457 0 0
 307.789864944776 88.2195212346437 0 0
 309.960819220867 87.5194919873543 0 0
 312.131289768 97.0030945302215 0 0
 314.301282543413 92.6730699099377 0 0
 316.470803504344 78.9830320779025 0 0
 318.639858608031 78.8376065787046 0 0
 320.808453811712 71.2438060746608 0 0
 322.976595072625 61.3124216986267 0 0
 325.144288348008 63.3804951540849 0 0
 327.311539595099 55.7239860108789 0 0
 329.478354771136 44.9916410184088 0 0
 331.644739833357 48.440166597821 0 0
 333.810700739 41.0263724837419 0 0
 335.976243445303 31.6477083498277 0 0
 338.141373909504 35.0623090882631 0 0
 340.306098088841 27.3613821929285 0 0
 342.470421940552 20.4471470726577 0 0
 344.634351421875 24.7934098944377 0 0
 346.797892490048 18.0076502638883 0 0
 348.961051102309 12.9672621216747 0 0
 351.123833215896 17.3440678507536 0 0
 353.286244788047 11.4487420273528 0 0
 355.448291776 7.92765971118314 0 0
 357.609980136993 12.7362215833345 0 0
 359.771315828264 7.93820551247405 0 0
 361.932304807051 10.0990904880553 0 0
 364.092953030592 20.8078910841279 0 0
 366.253266456125 14.8420995981435 0 0
 368.413251040888 7.42656119290404 0 0
 370.572912742119 9.64590877207253 0 0
 372.732257517056 1.89384305075295 0 0
 374.891291322937 1.09966727618919 0 0
 377.050020117 7.40532652624779 0 0
 379.208449856483 0.0134876041739972 0 0
 381.366586498624 0.133261609454961 0 0
 383.524436000661 6.54451910024743 0 0
 385.682004319832 -1.05622294293068 0 0
 387.839297413375 0.0778521157695568 0 0
 389.996321238528 5.81548095895407 0 0
 392.153081752529 -1.61236203006211 0 0
 394.309584912616 0.227545652095466 0 0
 396.465836676027 5.26691531143223 0 0
 398.621843 -1.1298383102691 0 0
 400.777609841773 5.28325590005364 0 0
 402.933143158584 17.0567345590479 0 0
 405.088448907671 12.595125603395 0 0
 407.243533046272 11.5927929113568 0 0
 409.398401531625 9.73461593834196 0 0
 411.553060320968 2.28872848750971 0 0
 413.707515371539 6.55528864100248 0 0
 415.861772640576 11.3771018033734 0 0
 418.015838085317 9.60649135450504 0 0
 420.169717663 18.3082293014829 0 0
 422.323417330863 27.3783957581327 0 0
 424.476943046144 32.4830382435618 0 0
 426.630300766081 49.7629028228608 0 0
 428.783496447912 70.1944997690394 0 0
 430.936536048875 94.9441503267294 0 0
 433.089425526208 150.106833322678 0 0
 435.242170837149 208.410238491056 0 0
 437.394777938936 252.478872237614 0 0
 439.547252788807 304.589515594536 0 0
 441.699601344 384.617609732134 0 0
 443.851829561753 481.244255114869 0 0
 446.003943399304 581.192867393197 0 0
 448.155948813891 638.772027815175 0 0
 450.307851762752 631.999201800055 0 0
 452.459658203125 575.778993474227 0 0
 454.611374092248 484.222460194076 0 0
 456.763005387359 392.817306191189 0 0
 458.914558045696 331.725373044428 0 0
 461.066038024497 284.924224419645 0 0
 463.217451281 246.638902024764 0 0
 465.368803772443 220.581314904637 0 0
 467.520101456064 186.242580702691 0 0
 469.671350289101 151.576149161847 0 0
 471.822556228792 132.434257934576 0 0
 473.973725232375 111.570554791759 0 0
 476.124863257088 97.0020872097239 0 0
 478.275976260169 96.7648971434997 0 0
 480.427070198856 89.8058447416389 0 0
 482.578151030387 85.1647248322343 0 0
 484.729224712 90.6676760626577 0 0
 486.880297200933 87.3162240251948 0 0
 489.031374454424 87.0783892813959 0 0
 491.182462429711 96.9973210121475 0 0
 493.333567084032 97.2564085719686 0 0
 495.484694374625 100.901808850766 0 0
 497.635850258728 112.586331119077 0 0
 499.787040693579 113.195780137511 0 0
 501.938271636416 117.249792290258 0 0
 504.089549044477 -NAN 0 0
 506.240878875 -NAN 0 0
 508.392267085223 -NAN 0 0
 510.543719632384 -NAN 0 0
 512.695242473721 -NAN 0 0
 514.846841566472 -NAN 0 0
 516.998522867875 -NAN 0 0
 519.150292335168 -NAN 0 0
 521.302155925589 -NAN 0 0
 523.454119596376 -NAN 0 0
 525.606189304767 -NAN 0 0
 527.758371008 -NAN 0 0
 529.910670663313 -NAN 0 0
 532.063094227944 -NAN 0 0
 534.215647659131 -NAN 0 0
 536.368336914112 -NAN 0 0
 538.521167950125 -NAN 0 0
 540.674146724408 -NAN 0 0
 542.827279194199 -NAN 0 0
 544.980571316736 -NAN 0 0
 547.134029049257 -NAN 0 0
 549.287658349 -NAN 0 0
 551.441465173203 -NAN 0 0
 553.595455479104 -NAN 0 0
 555.749635223941 -NAN 0 0
 557.904010364952 -NAN 0 0
 560.058586859375 -NAN 0 0
 562.213370664448 -NAN 0 0
 564.368367737409 -NAN 0 0
 566.523584035496 -NAN 0 0
 568.679025515947 -NAN 0 0
 570.834698136 -NAN 0 0
 572.990607852893 -NAN 0 0
 575.146760623864 -NAN 0 0
 577.303162406151 -NAN 0 0
 579.459819156992 -NAN 0 0
 581.616736833625 -NAN 0 0
 583.773921393288 -NAN 0 0
 585.931378793219 -NAN 0 0
 588.089114990656 -NAN 0 0
 590.247135942837 -NAN 0 0
 592.405447607 -NAN 0 0
 594.564055940383 -NAN 0 0
 596.722966900224 -NAN 0 0
 598.882186443761 -NAN 0 0
 601.041720528232 -NAN 0 0
 603.201575110875 -NAN 0 0
 605.361756148928 -NAN 0 0
 607.522269599629 -NAN 0 0
 609.683121420216 -NAN 0 0
 611.844317567927 -NAN 0 0
 614.005864 -NAN 0 0
 616.167766673673 -NAN 0 0
 618.330031546184 -NAN 0 0
 620.492664574771 -NAN 0 0
 622.655671716672 -NAN 0 0
 624.819058929125 -NAN 0 0
 626.982832169368 -NAN 0 0
 629.146997394639 -NAN 0 0
 631.311560562176 -NAN 0 0
 633.476527629217 -NAN 0 0
 635.641904553 -NAN 0 0
 637.807697290763 -NAN 0 0
 639.973911799744 -NAN 0 0
 642.140554037181 -NAN 0 0
 644.307629960312 -NAN 0 0
 646.475145526375 -NAN 0 0
 648.643106692608 -NAN 0 0
 650.811519416249 -NAN 0 0
 652.980389654536 -NAN 0 0
 655.149723364707 -NAN 0 0
 657.319526504 -NAN 0 0
 659.489805029653 -NAN 0 0
 661.660564898904 -NAN 0 0
 663.831812068991 -NAN 0 0
 666.003552497152 -NAN 0 0
 668.175792140625 -NAN 0 0
 670.348536956648 -NAN 0 0
 672.521792902459 -NAN 0 0
 674.695565935296 -NAN 0 0
 676.869862012397 -NAN 0 0
 679.044687091 -NAN 0 0
 681.220047128343 -NAN 0 0
 683.395948081664 -NAN 0 0
 685.572395908201 -NAN 0 0
 687.749396565192 -NAN 0 0
 689.926956009875 -NAN 0 0
 692.105080199488 -NAN 0 0
 694.283775091269 -NAN 0 0
 696.463046642456 -NAN 0 0
 698.642900810287 -NAN 0 0
 700.823343552 -NAN 0 0
 703.004380824833 -NAN 0 0
 705.186018586024 -NAN 0 0
 707.368262792811 -NAN 0 0
 709.551119402432 -NAN 0 0
 711.734594372125 -NAN 0 0
 713.918693659128 -NAN 0 0
 716.103423220679 -NAN 0 0
 718.288789014016 -NAN 0 0
 720.474796996377 -NAN 0 0
 722.661453125 -NAN 0 0
 724.848763357123 -NAN 0 0
 727.036733649984 -NAN 0 0
 729.225369960821 -NAN 0 0
 731.414678246872 -NAN 0 0
 733.604664465375 -NAN 0 0
 735.795334573568 -NAN 0 0
[END] of [DATA]
[END] of Spectrum


[Spectrum]
Version            = 1
IDData             = 12ad_2026-06-08_14-45-25_000_221
IDDevice           = SAM_82E6
IDDataType         = SPECTRUM
IDDataTypeSub1     = CALIBRATED
IDDataTypeSub2     = 
IDDataTypeSub3     = 
DateTime           = 2026-06-08 14:45:25
PositionLatitude   = 0
PositionLongitude  = 0
Comment            = 20260608_FrameD
CommentSub1        = UV
CommentSub2        = left
CommentSub3        = 22.5cm
IDMethodType       = SAM Control
MethodName         = SAM_82E6
Mission            = No Mission
MissionSub         = 1
RecordType         = 0
[Attributes]
CalFactor = 1
IDBasisSpec = 
IDDataBack = DLAB_2024-11-11_10-40-48_641_639
IDDataCal = DLAB_2024-11-12_11-45-27_171_455
IntegrationTime = 128
P31 = -1
P31e = 0
PathLength = +INF
PathLengthCustomOn = 0
RAWDynamic = 65535
Salinity = 0
Temperature = -NAN
Unit1 = $01 $01 Wavelength nm
Unit2 = $03 $06 Intensity mW/(m^2 nm)
Unit3 = $f0 $06 Error mW/(m^2 nm)
Unit4 = $f1 $00 Status 
p999 = 7297
[END] of [Attributes]
[DATA]
 0 6 0 0
 185.260577530984 -NAN 0 0
 187.468128380571 -NAN 0 0
 189.674861895872 -NAN 0 0
 191.880784034125 -NAN 0 0
 194.085900752568 -NAN 0 0
 196.290218008439 -NAN 0 0
 198.493741758976 -NAN 0 0
 200.696477961417 -NAN 0 0
 202.898432573 -NAN 0 0
 205.099611550963 -NAN 0 0
 207.300020852544 -NAN 0 0
 209.499666434981 -NAN 0 0
 211.698554255512 -NAN 0 0
 213.896690271375 -NAN 0 0
 216.094080439808 -NAN 0 0
 218.290730718049 -NAN 0 0
 220.486647063336 -NAN 0 0
 222.681835432907 -NAN 0 0
 224.876301784 -NAN 0 0
 227.070052073853 -NAN 0 0
 229.263092259704 -NAN 0 0
 231.455428298791 -NAN 0 0
 233.647066148352 -NAN 0 0
 235.838011765625 -NAN 0 0
 238.028271107848 -NAN 0 0
 240.217850132259 -NAN 0 0
 242.406754796096 -NAN 0 0
 244.594991056597 -NAN 0 0
 246.782564871 -NAN 0 0
 248.969482196543 -NAN 0 0
 251.155748990464 -NAN 0 0
 253.341371210001 -NAN 0 0
 255.526354812392 -NAN 0 0
 257.710705754875 -NAN 0 0
 259.894429994688 -NAN 0 0
 262.077533489069 -NAN 0 0
 264.260022195256 -NAN 0 0
 266.441902070487 -NAN 0 0
 268.623179072 -NAN 0 0
 270.803859157033 -NAN 0 0
 272.983948282824 -NAN 0 0
 275.163452406611 -NAN 0 0
 277.342377485632 -NAN 0 0
 279.520729477125 0.596923530207155 0 0
 281.698514338328 6.11530218227725 0 0
 283.875738026479 13.0346842650068 0 0
 286.052406498816 9.18565115313044 0 0
 288.228525712577 19.0630825497289 0 0
 290.404101625 29.8008197245027 0 0
 292.579140193323 30.1440502749501 0 0
 294.753647374784 45.8162183757792 0 0
 296.927629126621 56.3465453184105 0 0
 299.101091406072 58.0697663893542 0 0
 301.274040170375 73.1838784312783 0 0
 303.446481376768 79.2134427524589 0 0
 305.618420982489 78.4083964240265 0 0
 307.789864944776 86.5274492822695 0 0
 309.960819220867 91.3721945143591 0 0
 312.131289768 89.7530996867369 0 0
 314.301282543413 91.5230580465307 0 0
 316.470803504344 83.4485617494295 0 0
 318.639858608031 70.8037965879447 0 0
 320.808453811712 71.2211773174509 0 0
 322.976595072625 66.6040352194324 0 0
 325.144288348008 54.5205295199989 0 0
 327.311539595099 56.6490275015156 0 0
 329.478354771136 50.5888713255133 0 0
 331.644739833357 39.4078611944168 0 0
 333.810700739 43.3192270526121 0 0
 335.976243445303 36.5683552306508 0 0
 338.141373909504 26.6204277227513 0 0
 340.306098088841 30.5632196460482 0 0
 342.470421940552 24.4789404570647 0 0
 344.634351421875 17.1437460671362 0 0
 346.797892490048 21.4660922147651 0 0
 348.961051102309 16.1743446554548 0 0
 351.123833215896 10.8369147461503 0 0
 353.286244788047 15.3164617703204 0 0
 355.448291776 10.4070783912448 0 0
 357.609980136993 6.70427018807101 0 0
 359.771315828264 12.3535497999969 0 0
 361.932304807051 12.1162060760489 0 0
 364.092953030592 14.407489054782 0 0
 366.253266456125 20.2245863530332 0 0
 368.413251040888 9.21712884445001 0 0
 370.572912742119 3.00044930862393 0 0
 372.732257517056 8.44639035868643 0 0
 374.891291322937 2.11742908970852 0 0
 377.050020117 0.355034187129242 0 0
 379.208449856483 7.57188155587878 0 0
 381.366586498624 0.770644419271993 0 0
 383.524436000661 0.0224855414412821 0 0
 385.682004319832 7.1379706572199 0 0
 387.839297413375 0.0282617221298527 0 0
 389.996321238528 -0.225914641528245 0 0
 392.153081752529 6.50663368475662 0 0
 394.309584912616 -0.409272718988271 0 0
 396.465836676027 0.0485338257058431 0 0
 398.621843 6.80073966792363 0 0
 400.777609841773 3.71615039693232 0 0
 402.933143158584 12.0166169150306 0 0
 405.088448907671 19.7827835065792 0 0
 407.243533046272 9.26311696008535 0 0
 409.398401531625 5.92014367193335 0 0
 411.553060320968 8.94067230341385 0 0
 413.707515371539 4.24625492044137 0 0
 415.861772640576 8.65922202430181 0 0
 418.015838085317 15.7294966311236 0 0
 420.169717663 15.5505715837633 0 0
 422.323417330863 25.2863177152079 0 0
 424.476943046144 38.0121548841649 0 0
 426.630300766081 46.7805835331175 0 0
 428.783496447912 68.693172873807 0 0
 430.936536048875 99.8396463927507 0 0
 433.089425526208 146.420685505888 0 0
 435.242170837149 206.555260254439 0 0
 437.394777938936 256.335509874856 0 0
 439.547252788807 300.528488680473 0 0
 441.699601344 384.041423011283 0 0
 443.851829561753 486.021240249935 0 0
 446.003943399304 577.035692107855 0 0
 448.155948813891 638.678144157376 0 0
 450.307851762752 636.804965199583 0 0
 452.459658203125 570.894561924834 0 0
 454.611374092248 484.788278143652 0 0
 456.763005387359 397.545299629377 0 0
 458.914558045696 326.193286996341 0 0
 461.066038024497 285.842242120675 0 0
 463.217451281 251.612970504441 0 0
 465.368803772443 214.654439093263 0 0
 467.520101456064 187.824478935303 0 0
 469.671350289101 156.331567235501 0 0
 471.822556228792 126.139229721699 0 0
 473.973725232375 113.989656421468 0 0
 476.124863257088 101.287780902302 0 0
 478.275976260169 90.4652438409258 0 0
 480.427070198856 92.8945650115719 0 0
 482.578151030387 89.0232463581787 0 0
 484.729224712 84.1107206680915 0 0
 486.880297200933 91.0020248796375 0 0
 489.031374454424 90.6444198090522 0 0
 491.182462429711 90.5854204470713 0 0
 493.333567084032 101.58615488568 0 0
 495.484694374625 103.791745224171 0 0
 497.635850258728 106.346945544168 0 0
 499.787040693579 117.952150888831 0 0
 501.938271636416 119.420542530736 0 0
 504.089549044477 -NAN 0 0
 506.240878875 -NAN 0 0
 508.392267085223 -NAN 0 0
 510.543719632384 -NAN 0 0
 512.695242473721 -NAN 0 0
 514.846841566472 -NAN 0 0
 516.998522867875 -NAN 0 0
 519.150292335168 -NAN 0 0
 521.302155925589 -NAN 0 0
 523.454119596376 -NAN 0 0
 525.606189304767 -NAN 0 0
 527.758371008 -NAN 0 0
 529.910670663313 -NAN 0 0
 532.063094227944 -NAN 0 0
 534.215647659131 -NAN 0 0
 536.368336914112 -NAN 0 0
 538.521167950125 -NAN 0 0
 540.674146724408 -NAN 0 0
 542.827279194199 -NAN 0 0
 544.980571316736 -NAN 0 0
 547.134029049257 -NAN 0 0
 549.287658349 -NAN 0 0
 551.441465173203 -NAN 0 0
 553.595455479104 -NAN 0 0
 555.749635223941 -NAN 0 0
 557.904010364952 -NAN 0 0
 560.058586859375 -NAN 0 0
 562.213370664448 -NAN 0 0
 564.368367737409 -NAN 0 0
 566.523584035496 -NAN 0 0
 568.679025515947 -NAN 0 0
 570.834698136 -NAN 0 0
 572.990607852893 -NAN 0 0
 575.146760623864 -NAN 0 0
 577.303162406151 -NAN 0 0
 579.459819156992 -NAN 0 0
 581.616736833625 -NAN 0 0
 583.773921393288 -NAN 0 0
 585.931378793219 -NAN 0 0
 588.089114990656 -NAN 0 0
 590.247135942837 -NAN 0 0
 592.405447607 -NAN 0 0
 594.564055940383 -NAN 0 0
 596.722966900224 -NAN 0 0
 598.882186443761 -NAN 0 0
 601.041720528232 -NAN 0 0
 603.201575110875 -NAN 0 0
 605.361756148928 -NAN 0 0
 607.522269599629 -NAN 0 0
 609.683121420216 -NAN 0 0
 611.844317567927 -NAN 0 0
 614.005864 -NAN 0 0
 616.167766673673 -NAN 0 0
 618.330031546184 -NAN 0 0
 620.492664574771 -NAN 0 0
 622.655671716672 -NAN 0 0
 624.819058929125 -NAN 0 0
 626.982832169368 -NAN 0 0
 629.146997394639 -NAN 0 0
 631.311560562176 -NAN 0 0
 633.476527629217 -NAN 0 0
 635.641904553 -NAN 0 0
 637.807697290763 -NAN 0 0
 639.973911799744 -NAN 0 0
 642.140554037181 -NAN 0 0
 644.307629960312 -NAN 0 0
 646.475145526375 -NAN 0 0
 648.643106692608 -NAN 0 0
 650.811519416249 -NAN 0 0
 652.980389654536 -NAN 0 0
 655.149723364707 -NAN 0 0
 657.319526504 -NAN 0 0
 659.489805029653 -NAN 0 0
 661.660564898904 -NAN 0 0
 663.831812068991 -NAN 0 0
 666.003552497152 -NAN 0 0
 668.175792140625 -NAN 0 0
 670.348536956648 -NAN 0 0
 672.521792902459 -NAN 0 0
 674.695565935296 -NAN 0 0
 676.869862012397 -NAN 0 0
 679.044687091 -NAN 0 0
 681.220047128343 -NAN 0 0
 683.395948081664 -NAN 0 0
 685.572395908201 -NAN 0 0
 687.749396565192 -NAN 0 0
 689.926956009875 -NAN 0 0
 692.105080199488 -NAN 0 0
 694.283775091269 -NAN 0 0
 696.463046642456 -NAN 0 0
 698.642900810287 -NAN 0 0
 700.823343552 -NAN 0 0
 703.004380824833 -NAN 0 0
 705.186018586024 -NAN 0 0
 707.368262792811 -NAN 0 0
 709.551119402432 -NAN 0 0
 711.734594372125 -NAN 0 0
 713.918693659128 -NAN 0 0
 716.103423220679 -NAN 0 0
 718.288789014016 -NAN 0 0
 720.474796996377 -NAN 0 0
 722.661453125 -NAN 0 0
 724.848763357123 -NAN 0 0
 727.036733649984 -NAN 0 0
 729.225369960821 -NAN 0 0
 731.414678246872 -NAN 0 0
 733.604664465375 -NAN 0 0
 735.795334573568 -NAN 0 0
[END] of [DATA]
[END] of Spectrum


[Spectrum]
Version            = 1
IDData             = 12ad_2026-06-08_14-45-20_000_218
IDDevice           = SAM_82E6
IDDataType         = SPECTRUM
IDDataTypeSub1     = CALIBRATED
IDDataTypeSub2     = 
IDDataTypeSub3     = 
DateTime           = 2026-06-08 14:45:20
PositionLatitude   = 0
PositionLongitude  = 0
Comment            = 20260608_FrameD
CommentSub1        = UV
CommentSub2        = left
CommentSub3        = 22.5cm
IDMethodType       = SAM Control
MethodName         = SAM_82E6
Mission            = No Mission
MissionSub         = 1
RecordType         = 0
[Attributes]
CalFactor = 1
IDBasisSpec = 
IDDataBack = DLAB_2024-11-11_10-40-48_641_639
IDDataCal = DLAB_2024-11-12_11-45-27_171_455
IntegrationTime = 128
P31 = -1
P31e = 0
PathLength = +INF
PathLengthCustomOn = 0
RAWDynamic = 65535
Salinity = 0
Temperature = -NAN
Unit1 = $01 $01 Wavelength nm
Unit2 = $03 $06 Intensity mW/(m^2 nm)
Unit3 = $f0 $06 Error mW/(m^2 nm)
Unit4 = $f1 $00 Status 
p999 = 7296
[END] of [Attributes]
[DATA]
 0 6 0 0
 185.260577530984 -NAN 0 0
 187.468128380571 -NAN 0 0
 189.674861895872 -NAN 0 0
 191.880784034125 -NAN 0 0
 194.085900752568 -NAN 0 0
 196.290218008439 -NAN 0 0
 198.493741758976 -NAN 0 0
 200.696477961417 -NAN 0 0
 202.898432573 -NAN 0 0
 205.099611550963 -NAN 0 0
 207.300020852544 -NAN 0 0
 209.499666434981 -NAN 0 0
 211.698554255512 -NAN 0 0
 213.896690271375 -NAN 0 0
 216.094080439808 -NAN 0 0
 218.290730718049 -NAN 0 0
 220.486647063336 -NAN 0 0
 222.681835432907 -NAN 0 0
 224.876301784 -NAN 0 0
 227.070052073853 -NAN 0 0
 229.263092259704 -NAN 0 0
 231.455428298791 -NAN 0 0
 233.647066148352 -NAN 0 0
 235.838011765625 -NAN 0 0
 238.028271107848 -NAN 0 0
 240.217850132259 -NAN 0 0
 242.406754796096 -NAN 0 0
 244.594991056597 -NAN 0 0
 246.782564871 -NAN 0 0
 248.969482196543 -NAN 0 0
 251.155748990464 -NAN 0 0
 253.341371210001 -NAN 0 0
 255.526354812392 -NAN 0 0
 257.710705754875 -NAN 0 0
 259.894429994688 -NAN 0 0
 262.077533489069 -NAN 0 0
 264.260022195256 -NAN 0 0
 266.441902070487 -NAN 0 0
 268.623179072 -NAN 0 0
 270.803859157033 -NAN 0 0
 272.983948282824 -NAN 0 0
 275.163452406611 -NAN 0 0
 277.342377485632 -NAN 0 0
 279.520729477125 5.22951313380152 0 0
 281.698514338328 1.51834016444575 0 0
 283.875738026479 11.9840504744224 0 0
 286.052406498816 14.3514151094212 0 0
 288.228525712577 13.6646669249595 0 0
 290.404101625 29.2686150009832 0 0
 292.579140193323 34.6518356395457 0 0
 294.753647374784 39.8703944652608 0 0
 296.927629126621 55.9961227345995 0 0
 299.101091406072 60.9585051788698 0 0
 301.274040170375 67.1616543816236 0 0
 303.446481376768 78.4008549046294 0 0
 305.618420982489 79.7956964420006 0 0
 307.789864944776 80.537322168495 0 0
 309.960819220867 91.015562863893 0 0
 312.131289768 90.718565397696 0 0
 314.301282543413 84.7764768215687 0 0
 316.470803504344 83.5291978529373 0 0
 318.639858608031 71.8380933425598 0 0
 320.808453811712 64.0012726641523 0 0
 322.976595072625 67.7852617295246 0 0
 325.144288348008 55.707248071607 0 0
 327.311539595099 49.1724639480337 0 0
 329.478354771136 52.239927833854 0 0
 331.644739833357 40.1984284924692 0 0
 333.810700739 35.4770427363601 0 0
 335.976243445303 38.8884002592457 0 0
 338.141373909504 26.9911907705795 0 0
 340.306098088841 23.4700434993744 0 0
 342.470421940552 26.6395312606605 0 0
 344.634351421875 17.0682931936135 0 0
 346.797892490048 15.370633575532 0 0
 348.961051102309 18.4781702621226 0 0
 351.123833215896 10.1854158459474 0 0
 353.286244788047 9.87308512614382 0 0
 355.448291776 12.9370535476461 0 0
 357.609980136993 5.83047783257038 0 0
 359.771315828264 7.41008516042199 0 0
 361.932304807051 14.6592870242215 0 0
 364.092953030592 12.8765408890045 0 0
 366.253266456125 15.0044267100831 0 0
 368.413251040888 12.308494796679 0 0
 370.572912742119 1.00342028823398 0 0
 372.732257517056 3.13182182742603 0 0
 374.891291322937 6.00562877887352 0 0
 377.050020117 -2.11139561180325 0 0
 379.208449856483 2.52548855646248 0 0
 381.366586498624 5.13763528919355 0 0
 383.524436000661 -3.13264945540981 0 0
 385.682004319832 2.29058100450107 0 0
 387.839297413375 4.38088141530629 0 0
 389.996321238528 -3.52122133270042 0 0
 392.153081752529 2.65181056122792 0 0
 394.309584912616 3.80436489696192 0 0
 396.465836676027 -3.41517191990107 0 0
 398.621843 3.90290090192515 0 0
 400.777609841773 7.99220259134138 0 0
 402.933143158584 8.33632985487822 0 0
 405.088448907671 17.1882982063698 0 0
 407.243533046272 13.105122072993 0 0
 409.398401531625 2.69577450471381 0 0
 411.553060320968 7.60388637987285 0 0
 413.707515371539 7.90549531361354 0 0
 415.861772640576 5.53003711906958 0 0
 418.015838085317 14.909688250854 0 0
 420.169717663 19.0016643296437 0 0
 422.323417330863 22.3802977116004 0 0
 424.476943046144 37.6393456067442 0 0
 426.630300766081 49.8673487372049 0 0
 428.783496447912 65.7899893661257 0 0
 430.936536048875 99.6418818655928 0 0
 433.089425526208 148.601770992036 0 0
 435.242170837149 202.75259483013 0 0
 437.394777938936 255.827153079563 0 0
 439.547252788807 302.809328333462 0 0
 441.699601344 380.781570607726 0 0
 443.851829561753 486.558619688644 0 0
 446.003943399304 579.479176902038 0 0
 448.155948813891 635.435209585167 0 0
 450.307851762752 637.773512749047 0 0
 452.459658203125 573.323346207502 0 0
 454.611374092248 480.845620632826 0 0
 456.763005387359 398.927673923921 0 0
 458.914558045696 328.253223060431 0 0
 461.066038024497 281.581254300803 0 0
 463.217451281 253.345429519706 0 0
 465.368803772443 216.396085591708 0 0
 467.520101456064 183.191241457795 0 0
 469.671350289101 158.31254039161 0 0
 471.822556228792 127.37222014089 0 0
 473.973725232375 109.008311053784 0 0
 476.124863257088 103.473252188571 0 0
 478.275976260169 91.0786516064966 0 0
 480.427070198856 88.0359289432532 0 0
 482.578151030387 91.2867932643444 0 0
 484.729224712 84.5264676268061 0 0
 486.880297200933 85.8609199548973 0 0
 489.031374454424 92.8733287551117 0 0
 491.182462429711 90.4379947591092 0 0
 493.333567084032 96.6296029215137 0 0
 495.484694374625 106.235628606967 0 0
 497.635850258728 105.609673325716 0 0
 499.787040693579 113.112068012287 0 0
 501.938271636416 122.068061415999 0 0
 504.089549044477 -NAN 0 0
 506.240878875 -NAN 0 0
 508.392267085223 -NAN 0 0
 510.543719632384 -NAN 0 0
 512.695242473721 -NAN 0 0
 514.846841566472 -NAN 0 0
 516.998522867875 -NAN 0 0
 519.150292335168 -NAN 0 0
 521.302155925589 -NAN 0 0
 523.454119596376 -NAN 0 0
 525.606189304767 -NAN 0 0
 527.758371008 -NAN 0 0
 529.910670663313 -NAN 0 0
 532.063094227944 -NAN 0 0
 534.215647659131 -NAN 0 0
 536.368336914112 -NAN 0 0
 538.521167950125 -NAN 0 0
 540.674146724408 -NAN 0 0
 542.827279194199 -NAN 0 0
 544.980571316736 -NAN 0 0
 547.134029049257 -NAN 0 0
 549.287658349 -NAN 0 0
 551.441465173203 -NAN 0 0
 553.595455479104 -NAN 0 0
 555.749635223941 -NAN 0 0
 557.904010364952 -NAN 0 0
 560.058586859375 -NAN 0 0
 562.213370664448 -NAN 0 0
 564.368367737409 -NAN 0 0
 566.523584035496 -NAN 0 0
 568.679025515947 -NAN 0 0
 570.834698136 -NAN 0 0
 572.990607852893 -NAN 0 0
 575.146760623864 -NAN 0 0
 577.303162406151 -NAN 0 0
 579.459819156992 -NAN 0 0
 581.616736833625 -NAN 0 0
 583.773921393288 -NAN 0 0
 585.931378793219 -NAN 0 0
 588.089114990656 -NAN 0 0
 590.247135942837 -NAN 0 0
 592.405447607 -NAN 0 0
 594.564055940383 -NAN 0 0
 596.722966900224 -NAN 0 0
 598.882186443761 -NAN 0 0
 601.041720528232 -NAN 0 0
 603.201575110875 -NAN 0 0
 605.361756148928 -NAN 0 0
 607.522269599629 -NAN 0 0
 609.683121420216 -NAN 0 0
 611.844317567927 -NAN 0 0
 614.005864 -NAN 0 0
 616.167766673673 -NAN 0 0
 618.330031546184 -NAN 0 0
 620.492664574771 -NAN 0 0
 622.655671716672 -NAN 0 0
 624.819058929125 -NAN 0 0
 626.982832169368 -NAN 0 0
 629.146997394639 -NAN 0 0
 631.311560562176 -NAN 0 0
 633.476527629217 -NAN 0 0
 635.641904553 -NAN 0 0
 637.807697290763 -NAN 0 0
 639.973911799744 -NAN 0 0
 642.140554037181 -NAN 0 0
 644.307629960312 -NAN 0 0
 646.475145526375 -NAN 0 0
 648.643106692608 -NAN 0 0
 650.811519416249 -NAN 0 0
 652.980389654536 -NAN 0 0
 655.149723364707 -NAN 0 0
 657.319526504 -NAN 0 0
 659.489805029653 -NAN 0 0
 661.660564898904 -NAN 0 0
 663.831812068991 -NAN 0 0
 666.003552497152 -NAN 0 0
 668.175792140625 -NAN 0 0
 670.348536956648 -NAN 0 0
 672.521792902459 -NAN 0 0
 674.695565935296 -NAN 0 0
 676.869862012397 -NAN 0 0
 679.044687091 -NAN 0 0
 681.220047128343 -NAN 0 0
 683.395948081664 -NAN 0 0
 685.572395908201 -NAN 0 0
 687.749396565192 -NAN 0 0
 689.926956009875 -NAN 0 0
 692.105080199488 -NAN 0 0
 694.283775091269 -NAN 0 0
 696.463046642456 -NAN 0 0
 698.642900810287 -NAN 0 0
 700.823343552 -NAN 0 0
 703.004380824833 -NAN 0 0
 705.186018586024 -NAN 0 0
 707.368262792811 -NAN 0 0
 709.551119402432 -NAN 0 0
 711.734594372125 -NAN 0 0
 713.918693659128 -NAN 0 0
 716.103423220679 -NAN 0 0
 718.288789014016 -NAN 0 0
 720.474796996377 -NAN 0 0
 722.661453125 -NAN 0 0
 724.848763357123 -NAN 0 0
 727.036733649984 -NAN 0 0
 729.225369960821 -NAN 0 0
 731.414678246872 -NAN 0 0
 733.604664465375 -NAN 0 0
 735.795334573568 -NAN 0 0
[END] of [DATA]
[END] of Spectrum


[Spectrum]
Version            = 1
IDData             = 12ad_2026-06-08_14-45-15_000_215
IDDevice           = SAM_82E6
IDDataType         = SPECTRUM
IDDataTypeSub1     = CALIBRATED
IDDataTypeSub2     = 
IDDataTypeSub3     = 
DateTime           = 2026-06-08 14:45:15
PositionLatitude   = 0
PositionLongitude  = 0
Comment            = 20260608_FrameD
CommentSub1        = UV
CommentSub2        = left
CommentSub3        = 22.5cm
IDMethodType       = SAM Control
MethodName         = SAM_82E6
Mission            = No Mission
MissionSub         = 1
RecordType         = 0
[Attributes]
CalFactor = 1
IDBasisSpec = 
IDDataBack = DLAB_2024-11-11_10-40-48_641_639
IDDataCal = DLAB_2024-11-12_11-45-27_171_455
IntegrationTime = 128
P31 = -1
P31e = 0
PathLength = +INF
PathLengthCustomOn = 0
RAWDynamic = 65535
Salinity = 0
Temperature = -NAN
Unit1 = $01 $01 Wavelength nm
Unit2 = $03 $06 Intensity mW/(m^2 nm)
Unit3 = $f0 $06 Error mW/(m^2 nm)
Unit4 = $f1 $00 Status 
p999 = 7295
[END] of [Attributes]
[DATA]
 0 6 0 0
 185.260577530984 -NAN 0 0
 187.468128380571 -NAN 0 0
 189.674861895872 -NAN 0 0
 191.880784034125 -NAN 0 0
 194.085900752568 -NAN 0 0
 196.290218008439 -NAN 0 0
 198.493741758976 -NAN 0 0
 200.696477961417 -NAN 0 0
 202.898432573 -NAN 0 0
 205.099611550963 -NAN 0 0
 207.300020852544 -NAN 0 0
 209.499666434981 -NAN 0 0
 211.698554255512 -NAN 0 0
 213.896690271375 -NAN 0 0
 216.094080439808 -NAN 0 0
 218.290730718049 -NAN 0 0
 220.486647063336 -NAN 0 0
 222.681835432907 -NAN 0 0
 224.876301784 -NAN 0 0
 227.070052073853 -NAN 0 0
 229.263092259704 -NAN 0 0
 231.455428298791 -NAN 0 0
 233.647066148352 -NAN 0 0
 235.838011765625 -NAN 0 0
 238.028271107848 -NAN 0 0
 240.217850132259 -NAN 0 0
 242.406754796096 -NAN 0 0
 244.594991056597 -NAN 0 0
 246.782564871 -NAN 0 0
 248.969482196543 -NAN 0 0
 251.155748990464 -NAN 0 0
 253.341371210001 -NAN 0 0
 255.526354812392 -NAN 0 0
 257.710705754875 -NAN 0 0
 259.894429994688 -NAN 0 0
 262.077533489069 -NAN 0 0
 264.260022195256 -NAN 0 0
 266.441902070487 -NAN 0 0
 268.623179072 -NAN 0 0
 270.803859157033 -NAN 0 0
 272.983948282824 -NAN 0 0
 275.163452406611 -NAN 0 0
 277.342377485632 -NAN 0 0
 279.520729477125 1.97051125406861 0 0
 281.698514338328 10.0520065724054 0 0
 283.875738026479 5.97538544897009 0 0
 286.052406498816 11.1006715742511 0 0
 288.228525712577 22.3711880904913 0 0
 290.404101625 21.77267142245 0 0
 292.579140193323 31.6987992609253 0 0
 294.753647374784 46.8331951634209 0 0
 296.927629126621 47.8284833083101 0 0
 299.101091406072 58.61200077435 0 0
 301.274040170375 71.8111826604225 0 0
 303.446481376768 70.2345654715363 0 0
 305.618420982489 78.0846930864993 0 0
 307.789864944776 84.1662446437385 0 0
 309.960819220867 82.09869090027 0 0
 312.131289768 89.2118537578659 0 0
 314.301282543413 88.389304788814 0 0
 316.470803504344 73.7563464596282 0 0
 318.639858608031 71.94486775877 0 0
 320.808453811712 68.4245291469899 0 0
 322.976595072625 56.8406356247063 0 0
 325.144288348008 57.33429406633 0 0
 327.311539595099 53.9120188437998 0 0
 329.478354771136 41.3593167000593 0 0
 331.644739833357 43.2526238780163 0 0
 333.810700739 40.5823076866721 0 0
 335.976243445303 28.568851601354 0 0
 338.141373909504 31.0260477266792 0 0
 340.306098088841 27.8581488346588 0 0
 342.470421940552 17.9565751281491 0 0
 344.634351421875 21.8130213902942 0 0
 346.797892490048 18.6889500404494 0 0
 348.961051102309 10.9548843327179 0 0
 351.123833215896 15.0738964253045 0 0
 353.286244788047 12.5740554682162 0 0
 355.448291776 6.34642523843232 0 0
 357.609980136993 11.1235606919326 0 0
 359.771315828264 9.49352532727504 0 0
 361.932304807051 8.44542904248188 0 0
 364.092953030592 19.0466232827909 0 0
 366.253266456125 16.5517894677808 0 0
 368.413251040888 5.84087230446658 0 0
 370.572912742119 8.81695332964651 0 0
 372.732257517056 4.36719158665617 0 0
 374.891291322937 -0.441092351674951 0 0
 377.050020117 7.04115568345239 0 0
 379.208449856483 2.59126239755304 0 0
 381.366586498624 -1.23195301201566 0 0
 383.524436000661 6.86003259993254 0 0
 385.682004319832 1.563757027817 0 0
 387.839297413375 -1.41836090375984 0 0
 389.996321238528 6.48128461266917 0 0
 392.153081752529 0.718848498205793 0 0
 394.309584912616 -1.35972754692267 0 0
 396.465836676027 6.33824755367809 0 0
 398.621843 1.09926843280666 0 0
 400.777609841773 3.60560768509389 0 0
 402.933143158584 17.132773547894 0 0
 405.088448907671 13.5533161972223 0 0
 407.243533046272 9.44012956423601 0 0
 409.398401531625 10.6283643215798 0 0
 411.553060320968 3.94316651169413 0 0
 413.707515371539 5.07250079472575 0 0
 415.861772640576 12.5038533152378 0 0
 418.015838085317 11.1517416827832 0 0
 420.169717663 16.8835183159304 0 0
 422.323417330863 28.3891853246049 0 0
 424.476943046144 33.5908143821832 0 0
 426.630300766081 48.3386403545318 0 0
 428.783496447912 71.034096393212 0 0
 430.936536048875 95.4237293050873 0 0
 433.089425526208 146.905641038999 0 0
 435.242170837149 206.199609536949 0 0
 437.394777938936 250.383099411738 0 0
 439.547252788807 301.944712167134 0 0
 441.699601344 385.33270594774 0 0
 443.851829561753 481.686212036424 0 0
 446.003943399304 579.688789568206 0 0
 448.155948813891 639.835457658659 0 0
 450.307851762752 632.118241163676 0 0
 452.459658203125 574.150540854497 0 0
 454.611374092248 485.357899911376 0 0
 456.763005387359 392.401422399186 0 0
 458.914558045696 330.042692713006 0 0
 461.066038024497 286.159116155103 0 0
 463.217451281 246.327308676695 0 0
 465.368803772443 218.82066862621 0 0
 467.520101456064 187.521379950991 0 0
 469.671350289101 150.9980946999 0 0
 471.822556228792 130.689707660613 0 0
 473.973725232375 113.22219450253 0 0
 476.124863257088 96.3112391435476 0 0
 478.275976260169 95.2113753024345 0 0
 480.427070198856 91.5969237874565 0 0
 482.578151030387 84.3477049430265 0 0
 484.729224712 89.3869072059724 0 0
 486.880297200933 89.2558837161215 0 0
 489.031374454424 86.3398953534846 0 0
 491.182462429711 95.7978120055473 0 0
 493.333567084032 99.3071652471694 0 0
 495.484694374625 100.111531343829 0 0
 497.635850258728 111.664740846012 0 0
 499.787040693579 115.4723150754 0 0
 501.938271636416 116.384505630197 0 0
 504.089549044477 -NAN 0 0
 506.240878875 -NAN 0 0
 508.392267085223 -NAN 0 0
 510.543719632384 -NAN 0 0
 512.695242473721 -NAN 0 0
 514.846841566472 -NAN 0 0
 516.998522867875 -NAN 0 0
 519.150292335168 -NAN 0 0
 521.302155925589 -NAN 0 0
 523.454119596376 -NAN 0 0
 525.606189304767 -NAN 0 0
 527.758371008 -NAN 0 0
 529.910670663313 -NAN 0 0
 532.063094227944 -NAN 0 0
 534.215647659131 -NAN 0 0
 536.368336914112 -NAN 0 0
 538.521167950125 -NAN 0 0
 540.674146724408 -NAN 0 0
 542.827279194199 -NAN 0 0
 544.980571316736 -NAN 0 0
 547.134029049257 -NAN 0 0
 549.287658349 -NAN 0 0
 551.441465173203 -NAN 0 0
 553.595455479104 -NAN 0 0
 555.749635223941 -NAN 0 0
 557.904010364952 -NAN 0 0
 560.058586859375 -NAN 0 0
 562.213370664448 -NAN 0 0
 564.368367737409 -NAN 0 0
 566.523584035496 -NAN 0 0
 568.679025515947 -NAN 0 0
 570.834698136 -NAN 0 0
 572.990607852893 -NAN 0 0
 575.146760623864 -NAN 0 0
 577.303162406151 -NAN 0 0
 579.459819156992 -NAN 0 0
 581.616736833625 -NAN 0 0
 583.773921393288 -NAN 0 0
 585.931378793219 -NAN 0 0
 588.089114990656 -NAN 0 0
 590.247135942837 -NAN 0 0
 592.405447607 -NAN 0 0
 594.564055940383 -NAN 0 0
 596.722966900224 -NAN 0 0
 598.882186443761 -NAN 0 0
 601.041720528232 -NAN 0 0
 603.201575110875 -NAN 0 0
 605.361756148928 -NAN 0 0
 607.522269599629 -NAN 0 0
 609.683121420216 -NAN 0 0
 611.844317567927 -NAN 0 0
 614.005864 -NAN 0 0
 616.167766673673 -NAN 0 0
 618.330031546184 -NAN 0 0
 620.492664574771 -NAN 0 0
 622.655671716672 -NAN 0 0
 624.819058929125 -NAN 0 0
 626.982832169368 -NAN 0 0
 629.146997394639 -NAN 0 0
 631.311560562176 -NAN 0 0
 633.476527629217 -NAN 0 0
 635.641904553 -NAN 0 0
 637.807697290763 -NAN 0 0
 639.973911799744 -NAN 0 0
 642.140554037181 -NAN 0 0
 644.307629960312 -NAN 0 0
 646.475145526375 -NAN 0 0
 648.643106692608 -NAN 0 0
 650.811519416249 -NAN 0 0
 652.980389654536 -NAN 0 0
 655.149723364707 -NAN 0 0
 657.319526504 -NAN 0 0
 659.489805029653 -NAN 0 0
 661.660564898904 -NAN 0 0
 663.831812068991 -NAN 0 0
 666.003552497152 -NAN 0 0
 668.175792140625 -NAN 0 0
 670.348536956648 -NAN 0 0
 672.521792902459 -NAN 0 0
 674.695565935296 -NAN 0 0
 676.869862012397 -NAN 0 0
 679.044687091 -NAN 0 0
 681.220047128343 -NAN 0 0
 683.395948081664 -NAN 0 0
 685.572395908201 -NAN 0 0
 687.749396565192 -NAN 0 0
 689.926956009875 -NAN 0 0
 692.105080199488 -NAN 0 0
 694.283775091269 -NAN 0 0
 696.463046642456 -NAN 0 0
 698.642900810287 -NAN 0 0
 700.823343552 -NAN 0 0
 703.004380824833 -NAN 0 0
 705.186018586024 -NAN 0 0
 707.368262792811 -NAN 0 0
 709.551119402432 -NAN 0 0
 711.734594372125 -NAN 0 0
 713.918693659128 -NAN 0 0
 716.103423220679 -NAN 0 0
 718.288789014016 -NAN 0 0
 720.474796996377 -NAN 0 0
 722.661453125 -NAN 0 0
 724.848763357123 -NAN 0 0
 727.036733649984 -NAN 0 0
 729.225369960821 -NAN 0 0
 731.414678246872 -NAN 0 0
 733.604664465375 -NAN 0 0
 735.795334573568 -NAN 0 0
[END] of [DATA]
[END] of Spectrum


[Spectrum]
Version            = 1
IDData             = 12ad_2026-06-08_14-45-10_000_212
IDDevice           = SAM_82E6
IDDataType         = SPECTRUM
IDDataTypeSub1     = CALIBRATED
IDDataTypeSub2     = 
IDDataTypeSub3     = 
DateTime           = 2026-06-08 14:45:10
PositionLatitude   = 0
PositionLongitude  = 0
Comment            = 20260608_FrameD
CommentSub1        = UV
CommentSub2        = left
CommentSub3        = 22.5cm
IDMethodType       = SAM Control
MethodName         = SAM_82E6
Mission            = No Mission
MissionSub         = 1
RecordType         = 0
[Attributes]
CalFactor = 1
IDBasisSpec = 
IDDataBack = DLAB_2024-11-11_10-40-48_641_639
IDDataCal = DLAB_2024-11-12_11-45-27_171_455
IntegrationTime = 128
P31 = -1
P31e = 0
PathLength = +INF
PathLengthCustomOn = 0
RAWDynamic = 65535
Salinity = 0
Temperature = -NAN
Unit1 = $01 $01 Wavelength nm
Unit2 = $03 $06 Intensity mW/(m^2 nm)
Unit3 = $f0 $06 Error mW/(m^2 nm)
Unit4 = $f1 $00 Status 
p999 = 7294
[END] of [Attributes]
[DATA]
 0 6 0 0
 185.260577530984 -NAN 0 0
 187.468128380571 -NAN 0 0
 189.674861895872 -NAN 0 0
 191.880784034125 -NAN 0 0
 194.085900752568 -NAN 0 0
 196.290218008439 -NAN 0 0
 198.493741758976 -NAN 0 0
 200.696477961417 -NAN 0 0
 202.898432573 -NAN 0 0
 205.099611550963 -NAN 0 0
 207.300020852544 -NAN 0 0
 209.499666434981 -NAN 0 0
 211.698554255512 -NAN 0 0
 213.896690271375 -NAN 0 0
 216.094080439808 -NAN 0 0
 218.290730718049 -NAN 0 0
 220.486647063336 -NAN 0 0
 222.681835432907 -NAN 0 0
 224.876301784 -NAN 0 0
 227.070052073853 -NAN 0 0
 229.263092259704 -NAN 0 0
 231.455428298791 -NAN 0 0
 233.647066148352 -NAN 0 0
 235.838011765625 -NAN 0 0
 238.028271107848 -NAN 0 0
 240.217850132259 -NAN 0 0
 242.406754796096 -NAN 0 0
 244.594991056597 -NAN 0 0
 246.782564871 -NAN 0 0
 248.969482196543 -NAN 0 0
 251.155748990464 -NAN 0 0
 253.341371210001 -NAN 0 0
 255.526354812392 -NAN 0 0
 257.710705754875 -NAN 0 0
 259.894429994688 -NAN 0 0
 262.077533489069 -NAN 0 0
 264.260022195256 -NAN 0 0
 266.441902070487 -NAN 0 0
 268.623179072 -NAN 0 0
 270.803859157033 -NAN 0 0
 272.983948282824 -NAN 0 0
 275.163452406611 -NAN 0 0
 277.342377485632 -NAN 0 0
 279.520729477125 0.355331491740139 0 0
 281.698514338328 9.65062223239567 0 0
 283.875738026479 7.90578382494972 0 0
 286.052406498816 8.93012151392101 0 0
 288.228525712577 22.1118692932293 0 0
 290.404101625 23.2369614677619 0 0
 292.579140193323 28.7288481154585 0 0
 294.753647374784 46.2651664058552 0 0
 296.927629126621 48.5585303579162 0 0
 299.101091406072 55.328801366299 0 0
 301.274040170375 70.9536829354332 0 0
 303.446481376768 70.2138139001535 0 0
 305.618420982489 74.2895134249253 0 0
 307.789864944776 82.8760798638802 0 0
 309.960819220867 81.5334837693798 0 0
 312.131289768 84.9977872222691 0 0
 314.301282543413 87.1951064230718 0 0
 316.470803504344 73.3592747378098 0 0
 318.639858608031 67.6365843866236 0 0
 320.808453811712 67.8960811109723 0 0
 322.976595072625 56.915165392605 0 0
 325.144288348008 52.8371793604186 0 0
 327.311539595099 53.77861349412 0 0
 329.478354771136 41.1704120364924 0 0
 331.644739833357 38.8808163290485 0 0
 333.810700739 40.4742519193852 0 0
 335.976243445303 28.1749091184284 0 0
 338.141373909504 26.7271625395503 0 0
 340.306098088841 28.0522407192693 0 0
 342.470421940552 17.6488546197582 0 0
 344.634351421875 18.0768466030325 0 0
 346.797892490048 19.4922556280614 0 0
 348.961051102309 10.5581914697224 0 0
 351.123833215896 12.0906583341695 0 0
 353.286244788047 13.1617918486672 0 0
 355.448291776 5.72576381613488 0 0
 357.609980136993 8.32763931912364 0 0
 359.771315828264 10.2281611734086 0 0
 361.932304807051 7.41655734626523 0 0
 364.092953030592 16.1394023927634 0 0
 366.253266456125 17.2443072906599 0 0
 368.413251040888 4.63948263440426 0 0
 370.572912742119 5.76363411671067 0 0
 372.732257517056 5.51646377026943 0 0
 374.891291322937 -2.03966407726872 0 0
 377.050020117 4.01053696518914 0 0
 379.208449856483 4.32797169102937 0 0
 381.366586498624 -3.19215247369242 0 0
 383.524436000661 3.7887502899347 0 0
 385.682004319832 3.6361298928438 0 0
 387.839297413375 -3.46006825332601 0 0
 389.996321238528 3.67339114478631 0 0
 392.153081752529 3.04034564927258 0 0
 394.309584912616 -3.20200082172807 0 0
 396.465836676027 4.25868158470712 0 0
 398.621843 3.58180338298209 0 0
 400.777609841773 1.35703887605092 0 0
 402.933143158584 15.2381354091448 0 0
 405.088448907671 15.4979517229001 0 0
 407.243533046272 7.27915018873231 0 0
 409.398401531625 9.41034569160311 0 0
 411.553060320968 5.82812290058157 0 0
 413.707515371539 3.46773826867662 0 0
 415.861772640576 11.8782204558421 0 0
 418.015838085317 12.8316607737675 0 0
 420.169717663 15.4351567496083 0 0
 422.323417330863 28.0092236669183 0 0
 424.476943046144 35.3155011108221 0 0
 426.630300766081 46.9860226043067 0 0
 428.783496447912 71.0332534247139 0 0
 430.936536048875 96.6984864863927 0 0
 433.089425526208 144.922909652371 0 0
 435.242170837149 205.407587377325 0 0
 437.394777938936 250.828311259188 0 0
 439.547252788807 299.993057527892 0 0
 441.699601344 385.583400598039 0 0
 443.851829561753 483.192046320283 0 0
 446.003943399304 577.978521324658 0 0
 448.155948813891 640.418940204795 0 0
 450.307851762752 633.513346432783 0 0
 452.459658203125 571.998723200555 0 0
 454.611374092248 486.281276766902 0 0
 456.763005387359 393.771105404303 0 0
 458.914558045696 327.364975435896 0 0
 461.066038024497 286.965056223377 0 0
 463.217451281 247.541484089671 0 0
 465.368803772443 216.159643885253 0 0
 467.520101456064 188.407114438716 0 0
 469.671350289101 151.912806348486 0 0
 471.822556228792 127.697956971492 0 0
 473.973725232375 114.132798529735 0 0
 476.124863257088 96.9079813032736 0 0
 478.275976260169 92.1898975586176 0 0
 480.427070198856 92.598279547525 0 0
 482.578151030387 84.5073140197433 0 0
 484.729224712 85.9659355913879 0 0
 486.880297200933 90.10042989066 0 0
 489.031374454424 86.1977912188714 0 0
 491.182462429711 92.5600311767447 0 0
 493.333567084032 100.428290096207 0 0
 495.484694374625 99.5326586041539 0 0
 497.635850258728 108.365667094693 0 0
 499.787040693579 116.332266907239 0 0
 501.938271636416 115.434197022194 0 0
 504.089549044477 -NAN 0 0
 506.240878875 -NAN 0 0
 508.392267085223 -NAN 0 0
 510.543719632384 -NAN 0 0
 512.695242473721 -NAN 0 0
 514.846841566472 -NAN 0 0
 516.998522867875 -NAN 0 0
 519.150292335168 -NAN 0 0
 521.302155925589 -NAN 0 0
 523.454119596376 -NAN 0 0
 525.606189304767 -NAN 0 0
 527.758371008 -NAN 0 0
 529.910670663313 -NAN 0 0
 532.063094227944 -NAN 0 0
 534.215647659131 -NAN 0 0
 536.368336914112 -NAN 0 0
 538.521167950125 -NAN 0 0
 540.674146724408 -NAN 0 0
 542.827279194199 -NAN 0 0
 544.980571316736 -NAN 0 0
 547.134029049257 -NAN 0 0
 549.287658349 -NAN 0 0
 551.441465173203 -NAN 0 0
 553.595455479104 -NAN 0 0
 555.749635223941 -NAN 0 0
 557.904010364952 -NAN 0 0
 560.058586859375 -NAN 0 0
 562.213370664448 -NAN 0 0
 564.368367737409 -NAN 0 0
 566.523584035496 -NAN 0 0
 568.679025515947 -NAN 0 0
 570.834698136 -NAN 0 0
 572.990607852893 -NAN 0 0
 575.146760623864 -NAN 0 0
 577.303162406151 -NAN 0 0
 579.459819156992 -NAN 0 0
 581.616736833625 -NAN 0 0
 583.773921393288 -NAN 0 0
 585.931378793219 -NAN 0 0
 588.089114990656 -NAN 0 0
 590.247135942837 -NAN 0 0
 592.405447607 -NAN 0 0
 594.564055940383 -NAN 0 0
 596.722966900224 -NAN 0 0
 598.882186443761 -NAN 0 0
 601.041720528232 -NAN 0 0
 603.201575110875 -NAN 0 0
 605.361756148928 -NAN 0 0
 607.522269599629 -NAN 0 0
 609.683121420216 -NAN 0 0
 611.844317567927 -NAN 0 0
 614.005864 -NAN 0 0
 616.167766673673 -NAN 0 0
 618.330031546184 -NAN 0 0
 620.492664574771 -NAN 0 0
 622.655671716672 -NAN 0 0
 624.819058929125 -NAN 0 0
 626.982832169368 -NAN 0 0
 629.146997394639 -NAN 0 0
 631.311560562176 -NAN 0 0
 633.476527629217 -NAN 0 0
 635.641904553 -NAN 0 0
 637.807697290763 -NAN 0 0
 639.973911799744 -NAN 0 0
 642.140554037181 -NAN 0 0
 644.307629960312 -NAN 0 0
 646.475145526375 -NAN 0 0
 648.643106692608 -NAN 0 0
 650.811519416249 -NAN 0 0
 652.980389654536 -NAN 0 0
 655.149723364707 -NAN 0 0
 657.319526504 -NAN 0 0
 659.489805029653 -NAN 0 0
 661.660564898904 -NAN 0 0
 663.831812068991 -NAN 0 0
 666.003552497152 -NAN 0 0
 668.175792140625 -NAN 0 0
 670.348536956648 -NAN 0 0
 672.521792902459 -NAN 0 0
 674.695565935296 -NAN 0 0
 676.869862012397 -NAN 0 0
 679.044687091 -NAN 0 0
 681.220047128343 -NAN 0 0
 683.395948081664 -NAN 0 0
 685.572395908201 -NAN 0 0
 687.749396565192 -NAN 0 0
 689.926956009875 -NAN 0 0
 692.105080199488 -NAN 0 0
 694.283775091269 -NAN 0 0
 696.463046642456 -NAN 0 0
 698.642900810287 -NAN 0 0
 700.823343552 -NAN 0 0
 703.004380824833 -NAN 0 0
 705.186018586024 -NAN 0 0
 707.368262792811 -NAN 0 0
 709.551119402432 -NAN 0 0
 711.734594372125 -NAN 0 0
 713.918693659128 -NAN 0 0
 716.103423220679 -NAN 0 0
 718.288789014016 -NAN 0 0
 720.474796996377 -NAN 0 0
 722.661453125 -NAN 0 0
 724.848763357123 -NAN 0 0
 727.036733649984 -NAN 0 0
 729.225369960821 -NAN 0 0
 731.414678246872 -NAN 0 0
 733.604664465375 -NAN 0 0
 735.795334573568 -NAN 0 0
[END] of [DATA]
[END] of Spectrum


[Spectrum]
Version            = 1
IDData             = 12ad_2026-06-08_14-45-05_000_209
IDDevice           = SAM_82E6
IDDataType         = SPECTRUM
IDDataTypeSub1     = CALIBRATED
IDDataTypeSub2     = 
IDDataTypeSub3     = 
DateTime           = 2026-06-08 14:45:05
PositionLatitude   = 0
PositionLongitude  = 0
Comment            = 20260608_FrameD
CommentSub1        = UV
CommentSub2        = left
CommentSub3        = 22.5cm
IDMethodType       = SAM Control
MethodName         = SAM_82E6
Mission            = No Mission
MissionSub         = 1
RecordType         = 0
[Attributes]
CalFactor = 1
IDBasisSpec = 
IDDataBack = DLAB_2024-11-11_10-40-48_641_639
IDDataCal = DLAB_2024-11-12_11-45-27_171_455
IntegrationTime = 128
P31 = -1
P31e = 0
PathLength = +INF
PathLengthCustomOn = 0
RAWDynamic = 65535
Salinity = 0
Temperature = -NAN
Unit1 = $01 $01 Wavelength nm
Unit2 = $03 $06 Intensity mW/(m^2 nm)
Unit3 = $f0 $06 Error mW/(m^2 nm)
Unit4 = $f1 $00 Status 
p999 = 7293
[END] of [Attributes]
[DATA]
 0 6 0 0
 185.260577530984 -NAN 0 0
 187.468128380571 -NAN 0 0
 189.674861895872 -NAN 0 0
 191.880784034125 -NAN 0 0
 194.085900752568 -NAN 0 0
 196.290218008439 -NAN 0 0
 198.493741758976 -NAN 0 0
 200.696477961417 -NAN 0 0
 202.898432573 -NAN 0 0
 205.099611550963 -NAN 0 0
 207.300020852544 -NAN 0 0
 209.499666434981 -NAN 0 0
 211.698554255512 -NAN 0 0
 213.896690271375 -NAN 0 0
 216.094080439808 -NAN 0 0
 218.290730718049 -NAN 0 0
 220.486647063336 -NAN 0 0
 222.681835432907 -NAN 0 0
 224.876301784 -NAN 0 0
 227.070052073853 -NAN 0 0
 229.263092259704 -NAN 0 0
 231.455428298791 -NAN 0 0
 233.647066148352 -NAN 0 0
 235.838011765625 -NAN 0 0
 238.028271107848 -NAN 0 0
 240.217850132259 -NAN 0 0
 242.406754796096 -NAN 0 0
 244.594991056597 -NAN 0 0
 246.782564871 -NAN 0 0
 248.969482196543 -NAN 0 0
 251.155748990464 -NAN 0 0
 253.341371210001 -NAN 0 0
 255.526354812392 -NAN 0 0
 257.710705754875 -NAN 0 0
 259.894429994688 -NAN 0 0
 262.077533489069 -NAN 0 0
 264.260022195256 -NAN 0 0
 266.441902070487 -NAN 0 0
 268.623179072 -NAN 0 0
 270.803859157033 -NAN 0 0
 272.983948282824 -NAN 0 0
 275.163452406611 -NAN 0 0
 277.342377485632 -NAN 0 0
 279.520729477125 4.40884739488521 0 0
 281.698514338328 8.3052656008972 0 0
 283.875738026479 3.93625212423374 0 0
 286.052406498816 13.4730319746387 0 0
 288.228525712577 19.9671165888026 0 0
 290.404101625 19.14945469778 0 0
 292.579140193323 33.2662343220355 0 0
 294.753647374784 43.353847930332 0 0
 296.927629126621 44.5781868787591 0 0
 299.101091406072 58.3498215112751 0 0
 301.274040170375 67.4412990821953 0 0
 303.446481376768 66.3572981868659 0 0
 305.618420982489 76.4349890341177 0 0
 307.789864944776 78.8324233914661 0 0
 309.960819220867 77.9315040996725 0 0
 312.131289768 87.2021547371513 0 0
 314.301282543413 82.9218065261853 0 0
 316.470803504344 70.1008431006107 0 0
 318.639858608031 71.0134861041167 0 0
 320.808453811712 63.6991122002329 0 0
 322.976595072625 54.5063070452385 0 0
 325.144288348008 57.4324654306966 0 0
 327.311539595099 49.6049318398528 0 0
 329.478354771136 39.9878985913295 0 0
 331.644739833357 43.8596137510528 0 0
 333.810700739 36.3400086586657 0 0
 335.976243445303 27.9350548391564 0 0
 338.141373909504 31.6524125726313 0 0
 340.306098088841 24.407928060674 0 0
 342.470421940552 18.116327902718 0 0
 344.634351421875 22.6455180948271 0 0
 346.797892490048 15.9226796710789 0 0
 348.961051102309 11.4082476047128 0 0
 351.123833215896 15.9962934936329 0 0
 353.286244788047 10.1162487863304 0 0
 355.448291776 7.05851858602486 0 0
 357.609980136993 11.9673699764112 0 0
 359.771315828264 7.01103699217083 0 0
 361.932304807051 9.23163196082887 0 0
 364.092953030592 19.4282313064139 0 0
 366.253266456125 13.6462509461567 0 0
 368.413251040888 6.92709343905371 0 0
 370.572912742119 9.17365536850862 0 0
 372.732257517056 1.59119702737239 0 0
 374.891291322937 0.981354145951802 0 0
 377.050020117 7.13495726417242 0 0
 379.208449856483 -0.160043380830888 0 0
 381.366586498624 0.237843267828487 0 0
 383.524436000661 6.3427041590074 0 0
 385.682004319832 -1.07898064083077 0 0
 387.839297413375 0.157196745593086 0 0
 389.996321238528 5.81829025707102 0 0
 392.153081752529 -1.70949580207327 0 0
 394.309584912616 0.328454772995244 0 0
 396.465836676027 5.46292346602859 0 0
 398.621843 -1.05553475216657 0 0
 400.777609841773 4.93472123213953 0 0
 402.933143158584 15.3712036396255 0 0
 405.088448907671 10.8286152522107 0 0
 407.243533046272 10.5473493432187 0 0
 409.398401531625 9.34503330975111 0 0
 411.553060320968 2.17181486713401 0 0
 413.707515371539 6.61468500680469 0 0
 415.861772640576 11.5261106083844 0 0
 418.015838085317 9.80308808838266 0 0
 420.169717663 18.2760645116365 0 0
 422.323417330863 27.3307861046394 0 0
 424.476943046144 32.6765440113659 0 0
 426.630300766081 49.8112414278465 0 0
 428.783496447912 70.0899716752669 0 0
 430.936536048875 94.3228401039083 0 0
 433.089425526208 146.989840330224 0 0
 435.242170837149 203.333624204547 0 0
 437.394777938936 247.919647142726 0 0
 439.547252788807 302.713080135339 0 0
 441.699601344 384.204990996232 0 0
 443.851829561753 481.366462899996 0 0
 446.003943399304 581.271579088248 0 0
 448.155948813891 638.884337237589 0 0
 450.307851762752 632.212029753196 0 0
 452.459658203125 575.830866822751 0 0
 454.611374092248 484.600940099843 0 0
 456.763005387359 392.977411688579 0 0
 458.914558045696 331.457900726029 0 0
 461.066038024497 285.128001933747 0 0
 463.217451281 246.865326524361 0 0
 465.368803772443 220.488427091387 0 0
 467.520101456064 186.244722744983 0 0
 469.671350289101 151.675739069148 0 0
 471.822556228792 132.436444087801 0 0
 473.973725232375 111.770953743333 0 0
 476.124863257088 96.9245882279413 0 0
 478.275976260169 96.7471172082657 0 0
 480.427070198856 90.1689615133656 0 0
 482.578151030387 85.1267758209869 0 0
 484.729224712 90.6296776847107 0 0
 486.880297200933 87.6406192445539 0 0
 489.031374454424 87.3827382941108 0 0
 491.182462429711 97.1201757521159 0 0
 493.333567084032 97.7195544877577 0 0
 495.484694374625 100.92394547561 0 0
 497.635850258728 112.509531929655 0 0
 499.787040693579 113.452352365467 0 0
 501.938271636416 117.155084297615 0 0
 504.089549044477 -NAN 0 0
 506.240878875 -NAN 0 0
 508.392267085223 -NAN 0 0
 510.543719632384 -NAN 0 0
 512.695242473721 -NAN 0 0
 514.846841566472 -NAN 0 0
 516.998522867875 -NAN 0 0
 519.150292335168 -NAN 0 0
 521.302155925589 -NAN 0 0
 523.454119596376 -NAN 0 0
 525.606189304767 -NAN 0 0
 527.758371008 -NAN 0 0
 529.910670663313 -NAN 0 0
 532.063094227944 -NAN 0 0
 534.215647659131 -NAN 0 0
 536.368336914112 -NAN 0 0
 538.521167950125 -NAN 0 0
 540.674146724408 -NAN 0 0
 542.827279194199 -NAN 0 0
 544.980571316736 -NAN 0 0
 547.134029049257 -NAN 0 0
 549.287658349 -NAN 0 0
 551.441465173203 -NAN 0 0
 553.595455479104 -NAN 0 0
 555.749635223941 -NAN 0 0
 557.904010364952 -NAN 0 0
 560.058586859375 -NAN 0 0
 562.213370664448 -NAN 0 0
 564.368367737409 -NAN 0 0
 566.523584035496 -NAN 0 0
 568.679025515947 -NAN 0 0
 570.834698136 -NAN 0 0
 572.990607852893 -NAN 0 0
 575.146760623864 -NAN 0 0
 577.303162406151 -NAN 0 0
 579.459819156992 -NAN 0 0
 581.616736833625 -NAN 0 0
 583.773921393288 -NAN 0 0
 585.931378793219 -NAN 0 0
 588.089114990656 -NAN 0 0
 590.247135942837 -NAN 0 0
 592.405447607 -NAN 0 0
 594.564055940383 -NAN 0 0
 596.722966900224 -NAN 0 0
 598.882186443761 -NAN 0 0
 601.041720528232 -NAN 0 0
 603.201575110875 -NAN 0 0
 605.361756148928 -NAN 0 0
 607.522269599629 -NAN 0 0
 609.683121420216 -NAN 0 0
 611.844317567927 -NAN 0 0
 614.005864 -NAN 0 0
 616.167766673673 -NAN 0 0
 618.330031546184 -NAN 0 0
 620.492664574771 -NAN 0 0
 622.655671716672 -NAN 0 0
 624.819058929125 -NAN 0 0
 626.982832169368 -NAN 0 0
 629.146997394639 -NAN 0 0
 631.311560562176 -NAN 0 0
 633.476527629217 -NAN 0 0
 635.641904553 -NAN 0 0
 637.807697290763 -NAN 0 0
 639.973911799744 -NAN 0 0
 642.140554037181 -NAN 0 0
 644.307629960312 -NAN 0 0
 646.475145526375 -NAN 0 0
 648.643106692608 -NAN 0 0
 650.811519416249 -NAN 0 0
 652.980389654536 -NAN 0 0
 655.149723364707 -NAN 0 0
 657.319526504 -NAN 0 0
 659.489805029653 -NAN 0 0
 661.660564898904 -NAN 0 0
 663.831812068991 -NAN 0 0
 666.003552497152 -NAN 0 0
 668.175792140625 -NAN 0 0
 670.348536956648 -NAN 0 0
 672.521792902459 -NAN 0 0
 674.695565935296 -NAN 0 0
 676.869862012397 -NAN 0 0
 679.044687091 -NAN 0 0
 681.220047128343 -NAN 0 0
 683.395948081664 -NAN 0 0
 685.572395908201 -NAN 0 0
 687.749396565192 -NAN 0 0
 689.926956009875 -NAN 0 0
 692.105080199488 -NAN 0 0
 694.283775091269 -NAN 0 0
 696.463046642456 -NAN 0 0
 698.642900810287 -NAN 0 0
 700.823343552 -NAN 0 0
 703.004380824833 -NAN 0 0
 705.186018586024 -NAN 0 0
 707.368262792811 -NAN 0 0
 709.551119402432 -NAN 0 0
 711.734594372125 -NAN 0 0
 713.918693659128 -NAN 0 0
 716.103423220679 -NAN 0 0
 718.288789014016 -NAN 0 0
 720.474796996377 -NAN 0 0
 722.661453125 -NAN 0 0
 724.848763357123 -NAN 0 0
 727.036733649984 -NAN 0 0
 729.225369960821 -NAN 0 0
 731.414678246872 -NAN 0 0
 733.604664465375 -NAN 0 0
 735.795334573568 -NAN 0 0
[END] of [DATA]
[END] of Spectrum


[Spectrum]
Version            = 1
IDData             = 12ad_2026-06-08_14-45-00_000_206
IDDevice           = SAM_82E6
IDDataType         = SPECTRUM
IDDataTypeSub1     = CALIBRATED
IDDataTypeSub2     = 
IDDataTypeSub3     = 
DateTime           = 2026-06-08 14:45:00
PositionLatitude   = 0
PositionLongitude  = 0
Comment            = 20260608_FrameD
CommentSub1        = UV
CommentSub2        = left
CommentSub3        = 22.5cm
IDMethodType       = SAM Control
MethodName         = SAM_82E6
Mission            = No Mission
MissionSub         = 1
RecordType         = 0
[Attributes]
CalFactor = 1
IDBasisSpec = 
IDDataBack = DLAB_2024-11-11_10-40-48_641_639
IDDataCal = DLAB_2024-11-12_11-45-27_171_455
IntegrationTime = 128
P31 = -1
P31e = 0
PathLength = +INF
PathLengthCustomOn = 0
RAWDynamic = 65535
Salinity = 0
Temperature = -NAN
Unit1 = $01 $01 Wavelength nm
Unit2 = $03 $06 Intensity mW/(m^2 nm)
Unit3 = $f0 $06 Error mW/(m^2 nm)
Unit4 = $f1 $00 Status 
p999 = 7292
[END] of [Attributes]
[DATA]
 0 6 0 0
 185.260577530984 -NAN 0 0
 187.468128380571 -NAN 0 0
 189.674861895872 -NAN 0 0
 191.880784034125 -NAN 0 0
 194.085900752568 -NAN 0 0
 196.290218008439 -NAN 0 0
 198.493741758976 -NAN 0 0
 200.696477961417 -NAN 0 0
 202.898432573 -NAN 0 0
 205.099611550963 -NAN 0 0
 207.300020852544 -NAN 0 0
 209.499666434981 -NAN 0 0
 211.698554255512 -NAN 0 0
 213.896690271375 -NAN 0 0
 216.094080439808 -NAN 0 0
 218.290730718049 -NAN 0 0
 220.486647063336 -NAN 0 0
 222.681835432907 -NAN 0 0
 224.876301784 -NAN 0 0
 227.070052073853 -NAN 0 0
 229.263092259704 -NAN 0 0
 231.455428298791 -NAN 0 0
 233.647066148352 -NAN 0 0
 235.838011765625 -NAN 0 0
 238.028271107848 -NAN 0 0
 240.217850132259 -NAN 0 0
 242.406754796096 -NAN 0 0
 244.594991056597 -NAN 0 0
 246.782564871 -NAN 0 0
 248.969482196543 -NAN 0 0
 251.155748990464 -NAN 0 0
 253.341371210001 -NAN 0 0
 255.526354812392 -NAN 0 0
 257.710705754875 -NAN 0 0
 259.894429994688 -NAN 0 0
 262.077533489069 -NAN 0 0
 264.260022195256 -NAN 0 0
 266.441902070487 -NAN 0 0
 268.623179072 -NAN 0 0
 270.803859157033 -NAN 0 0
 272.983948282824 -NAN 0 0
 275.163452406611 -NAN 0 0
 277.342377485632 -NAN 0 0
 279.520729477125 0.562054576201606 0 0
 281.698514338328 4.64312378862586 0 0
 283.875738026479 12.3088431785009 0 0
 286.052406498816 8.12578389959131 0 0
 288.228525712577 15.928333773987 0 0
 290.404101625 27.19505233503 0 0
 292.579140193323 26.5524814478739 0 0
 294.753647374784 39.5939081784457 0 0
 296.927629126621 50.5518762151017 0 0
 299.101091406072 51.2364214144853 0 0
 301.274040170375 63.9405187435039 0 0
 303.446481376768 70.6310297037434 0 0
 305.618420982489 68.8930238976433 0 0
 307.789864944776 75.9923506324906 0 0
 309.960819220867 81.4599960353444 0 0
 312.131289768 78.9056760810886 0 0
 314.301282543413 80.3973618796165 0 0
 316.470803504344 74.3977700102579 0 0
 318.639858608031 61.6211967938625 0 0
 320.808453811712 62.3666777315839 0 0
 322.976595072625 59.4773019418763 0 0
 325.144288348008 47.3078216321231 0 0
 327.311539595099 49.4304786902715 0 0
 329.478354771136 45.5137318602355 0 0
 331.644739833357 33.6103676753657 0 0
 333.810700739 37.8424278887517 0 0
 335.976243445303 33.0999169861474 0 0
 338.141373909504 22.4100200811269 0 0
 340.306098088841 26.5429387913892 0 0
 342.470421940552 22.3209685514126 0 0
 344.634351421875 14.1885085208336 0 0
 346.797892490048 18.9100100743336 0 0
 348.961051102309 14.9137171899588 0 0
 351.123833215896 8.66972940114563 0 0
 353.286244788047 13.4409393688814 0 0
 355.448291776 9.87354621540507 0 0
 357.609980136993 5.22867476419863 0 0
 359.771315828264 11.0843399926213 0 0
 361.932304807051 11.5518090089674 0 0
 364.092953030592 12.4655784020258 0 0
 366.253266456125 18.5522667537704 0 0
 368.413251040888 9.07407740038608 0 0
 370.572912742119 1.9479270953618 0 0
 372.732257517056 7.98720328872971 0 0
 374.891291322937 2.82999680591095 0 0
 377.050020117 -0.502974389456893 0 0
 379.208449856483 7.50750715821568 0 0
 381.366586498624 1.51967521573103 0 0
 383.524436000661 -0.861520750469249 0 0
 385.682004319832 6.94453022506915 0 0
 387.839297413375 0.600676551571023 0 0
 389.996321238528 -0.897336891477223 0 0
 392.153081752529 6.74252998821231 0 0
 394.309584912616 -0.0547271590701302 0 0
 396.465836676027 -0.66568766912473 0 0
 398.621843 7.00242075420191 0 0
 400.777609841773 3.70314537201015 0 0
 402.933143158584 9.90526765806992 0 0
 405.088448907671 18.2447647585384 0 0
 407.243533046272 8.5027943650758 0 0
 409.398401531625 4.85681226213245 0 0
 411.553060320968 9.30685458610001 0 0
 413.707515371539 4.44565700563452 0 0
 415.861772640576 8.04277463918757 0 0
 418.015838085317 16.0027660912135 0 0
 420.169717663 15.8816797145358 0 0
 422.323417330863 24.7333132784786 0 0
 424.476943046144 38.2589191201719 0 0
 426.630300766081 47.0826998142781 0 0
 428.783496447912 67.9715918393775 0 0
 430.936536048875 99.2529449621822 0 0
 433.089425526208 143.27940425635 0 0
 435.242170837149 200.462044366475 0 0
 437.394777938936 251.737918229381 0 0
 439.547252788807 298.758815928438 0 0
 441.699601344 382.982751832317 0 0
 443.851829561753 486.28407069192 0 0
 446.003943399304 577.134937288571 0 0
 448.155948813891 638.274532170575 0 0
 450.307851762752 637.07190195437 0 0
 452.459658203125 570.98534028475 0 0
 454.611374092248 484.076964149899 0 0
 456.763005387359 397.851843081698 0 0
 458.914558045696 325.985696540269 0 0
 461.066038024497 285.226834028087 0 0
 463.217451281 251.901713673652 0 0
 465.368803772443 214.301887620245 0 0
 467.520101456064 187.139025401876 0 0
 469.671350289101 156.593531991664 0 0
 471.822556228792 125.793817512067 0 0
 473.973725232375 113.26513713501 0 0
 476.124863257088 101.794845668822 0 0
 478.275976260169 90.1140901200556 0 0
 480.427070198856 92.2819446911741 0 0
 482.578151030387 89.4138979445485 0 0
 484.729224712 83.7575592730544 0 0
 486.880297200933 90.3867925670598 0 0
 489.031374454424 91.1770305813034 0 0
 491.182462429711 90.1520782733647 0 0
 493.333567084032 100.993862512603 0 0
 495.484694374625 104.298673933103 0 0
 497.635850258728 105.76327170456 0 0
 499.787040693579 117.530328751343 0 0
 501.938271636416 119.971570851571 0 0
 504.089549044477 -NAN 0 0
 506.240878875 -NAN 0 0
 508.392267085223 -NAN 0 0
 510.543719632384 -NAN 0 0
 512.695242473721 -NAN 0 0
 514.846841566472 -NAN 0 0
 516.998522867875 -NAN 0 0
 519.150292335168 -NAN 0 0
 521.302155925589 -NAN 0 0
 523.454119596376 -NAN 0 0
 525.606189304767 -NAN 0 0
 527.758371008 -NAN 0 0
 529.910670663313 -NAN 0 0
 532.063094227944 -NAN 0 0
 534.215647659131 -NAN 0 0
 536.368336914112 -NAN 0 0
 538.521167950125 -NAN 0 0
 540.674146724408 -NAN 0 0
 542.827279194199 -NAN 0 0
 544.980571316736 -NAN 0 0
 547.134029049257 -NAN 0 0
 549.287658349 -NAN 0 0
 551.441465173203 -NAN 0 0
 553.595455479104 -NAN 0 0
 555.749635223941 -NAN 0 0
 557.904010364952 -NAN 0 0
 560.058586859375 -NAN 0 0
 562.213370664448 -NAN 0 0
 564.368367737409 -NAN 0 0
 566.523584035496 -NAN 0 0
 568.679025515947 -NAN 0 0
 570.834698136 -NAN 0 0
 572.990607852893 -NAN 0 0
 575.146760623864 -NAN 0 0
 577.303162406151 -NAN 0 0
 579.459819156992 -NAN 0 0
 581.616736833625 -NAN 0 0
 583.773921393288 -NAN 0 0
 585.931378793219 -NAN 0 0
 588.089114990656 -NAN 0 0
 590.247135942837 -NAN 0 0
 592.405447607 -NAN 0 0
 594.564055940383 -NAN 0 0
 596.722966900224 -NAN 0 0
 598.882186443761 -NAN 0 0
 601.041720528232 -NAN 0 0
 603.201575110875 -NAN 0 0
 605.361756148928 -NAN 0 0
 607.522269599629 -NAN 0 0
 609.683121420216 -NAN 0 0
 611.844317567927 -NAN 0 0
 614.005864 -NAN 0 0
 616.167766673673 -NAN 0 0
 618.330031546184 -NAN 0 0
 620.492664574771 -NAN 0 0
 622.655671716672 -NAN 0 0
 624.819058929125 -NAN 0 0
 626.982832169368 -NAN 0 0
 629.146997394639 -NAN 0 0
 631.311560562176 -NAN 0 0
 633.476527629217 -NAN 0 0
 635.641904553 -NAN 0 0
 637.807697290763 -NAN 0 0
 639.973911799744 -NAN 0 0
 642.140554037181 -NAN 0 0
 644.307629960312 -NAN 0 0
 646.475145526375 -NAN 0 0
 648.643106692608 -NAN 0 0
 650.811519416249 -NAN 0 0
 652.980389654536 -NAN 0 0
 655.149723364707 -NAN 0 0
 657.319526504 -NAN 0 0
 659.489805029653 -NAN 0 0
 661.660564898904 -NAN 0 0
 663.831812068991 -NAN 0 0
 666.003552497152 -NAN 0 0
 668.175792140625 -NAN 0 0
 670.348536956648 -NAN 0 0
 672.521792902459 -NAN 0 0
 674.695565935296 -NAN 0 0
 676.869862012397 -NAN 0 0
 679.044687091 -NAN 0 0
 681.220047128343 -NAN 0 0
 683.395948081664 -NAN 0 0
 685.572395908201 -NAN 0 0
 687.749396565192 -NAN 0 0
 689.926956009875 -NAN 0 0
 692.105080199488 -NAN 0 0
 694.283775091269 -NAN 0 0
 696.463046642456 -NAN 0 0
 698.642900810287 -NAN 0 0
 700.823343552 -NAN 0 0
 703.004380824833 -NAN 0 0
 705.186018586024 -NAN 0 0
 707.368262792811 -NAN 0 0
 709.551119402432 -NAN 0 0
 711.734594372125 -NAN 0 0
 713.918693659128 -NAN 0 0
 716.103423220679 -NAN 0 0
 718.288789014016 -NAN 0 0
 720.474796996377 -NAN 0 0
 722.661453125 -NAN 0 0
 724.848763357123 -NAN 0 0
 727.036733649984 -NAN 0 0
 729.225369960821 -NAN 0 0
 731.414678246872 -NAN 0 0
 733.604664465375 -NAN 0 0
 735.795334573568 -NAN 0 0
[END] of [DATA]
[END] of Spectrum


