[Spectrum]
Version            = 1
IDData             = 12ad_2026-06-08_14-49-35_000_266
IDDevice           = SAM_82E6
IDDataType         = SPECTRUM
IDDataTypeSub1     = CALIBRATED
IDDataTypeSub2     = 
IDDataTypeSub3     = 
DateTime           = 2026-06-08 14:49:35
PositionLatitude   = 0
PositionLongitude  = 0
Comment            = 20260608_FrameD
CommentSub1        = UV
CommentSub2        = left
CommentSub3        = 28cm
IDMethodType       = SAM Control
MethodName         = SAM_82E6
Mission            = No Mission
MissionSub         = 1
RecordType         = 0
[Attributes]
CalFactor = 1
IDBasisSpec = 
IDDataBack = DLAB_2024-11-11_10-40-48_641_639
IDDataCal = DLAB_2024-11-12_11-45-27_171_455
IntegrationTime = 128
P31 = -1
P31e = 0
PathLength = +INF
PathLengthCustomOn = 0
RAWDynamic = 65535
Salinity = 0
Temperature = -NAN
Unit1 = $01 $01 Wavelength nm
Unit2 = $03 $06 Intensity mW/(m^2 nm)
Unit3 = $f0 $06 Error mW/(m^2 nm)
Unit4 = $f1 $00 Status 
p999 = 7302
[END] of [Attributes]
[DATA]
 0 6 0 0
 185.260577530984 -NAN 0 0
 187.468128380571 -NAN 0 0
 189.674861895872 -NAN 0 0
 191.880784034125 -NAN 0 0
 194.085900752568 -NAN 0 0
 196.290218008439 -NAN 0 0
 198.493741758976 -NAN 0 0
 200.696477961417 -NAN 0 0
 202.898432573 -NAN 0 0
 205.099611550963 -NAN 0 0
 207.300020852544 -NAN 0 0
 209.499666434981 -NAN 0 0
 211.698554255512 -NAN 0 0
 213.896690271375 -NAN 0 0
 216.094080439808 -NAN 0 0
 218.290730718049 -NAN 0 0
 220.486647063336 -NAN 0 0
 222.681835432907 -NAN 0 0
 224.876301784 -NAN 0 0
 227.070052073853 -NAN 0 0
 229.263092259704 -NAN 0 0
 231.455428298791 -NAN 0 0
 233.647066148352 -NAN 0 0
 235.838011765625 -NAN 0 0
 238.028271107848 -NAN 0 0
 240.217850132259 -NAN 0 0
 242.406754796096 -NAN 0 0
 244.594991056597 -NAN 0 0
 246.782564871 -NAN 0 0
 248.969482196543 -NAN 0 0
 251.155748990464 -NAN 0 0
 253.341371210001 -NAN 0 0
 255.526354812392 -NAN 0 0
 257.710705754875 -NAN 0 0
 259.894429994688 -NAN 0 0
 262.077533489069 -NAN 0 0
 264.260022195256 -NAN 0 0
 266.441902070487 -NAN 0 0
 268.623179072 -NAN 0 0
 270.803859157033 -NAN 0 0
 272.983948282824 -NAN 0 0
 275.163452406611 -NAN 0 0
 277.342377485632 -NAN 0 0
 279.520729477125 -1.98337906620347 0 0
 281.698514338328 10.019320551232 0 0
 283.875738026479 11.4050721758477 0 0
 286.052406498816 7.01364921985025 0 0
 288.228525712577 24.088996034785 0 0
 290.404101625 28.7509513901281 0 0
 292.579140193323 29.7860210433656 0 0
 294.753647374784 51.8742792938167 0 0
 296.927629126621 56.8467862532711 0 0
 299.101091406072 60.1695839417992 0 0
 301.274040170375 80.1993633261168 0 0
 303.446481376768 80.9019653502336 0 0
 305.618420982489 81.7938386384314 0 0
 307.789864944776 94.3560879298933 0 0
 309.960819220867 93.7627072744529 0 0
 312.131289768 94.2473538237659 0 0
 314.301282543413 99.8510509340139 0 0
 316.470803504344 84.6116764545715 0 0
 318.639858608031 74.2051406416787 0 0
 320.808453811712 78.3825134226771 0 0
 322.976595072625 65.7406148894365 0 0
 325.144288348008 57.3241881905863 0 0
 327.311539595099 62.9791846434636 0 0
 329.478354771136 47.6675425125574 0 0
 331.644739833357 41.243635444576 0 0
 333.810700739 48.1920980924577 0 0
 335.976243445303 32.9545507562856 0 0
 338.141373909504 27.9574217437074 0 0
 340.306098088841 34.1518835824826 0 0
 342.470421940552 20.1865667272543 0 0
 344.634351421875 18.2730240741914 0 0
 346.797892490048 23.7902425163673 0 0
 348.961051102309 11.9876736232573 0 0
 351.123833215896 11.6608033897058 0 0
 353.286244788047 16.5704447712826 0 0
 355.448291776 6.31953349569846 0 0
 357.609980136993 7.62732044596505 0 0
 359.771315828264 13.1839141824495 0 0
 361.932304807051 8.14126953356831 0 0
 364.092953030592 16.4781077391744 0 0
 366.253266456125 21.2943103425058 0 0
 368.413251040888 4.65403023888533 0 0
 370.572912742119 4.60309649731424 0 0
 372.732257517056 8.09156398644715 0 0
 374.891291322937 -3.47555524878608 0 0
 377.050020117 2.61178986445226 0 0
 379.208449856483 6.61186336464207 0 0
 381.366586498624 -5.1848570454042 0 0
 383.524436000661 2.55227846684441 0 0
 385.682004319832 5.65018615700162 0 0
 387.839297413375 -5.71288899295834 0 0
 389.996321238528 3.05815485717616 0 0
 392.153081752529 4.88033681622688 0 0
 394.309584912616 -5.91018344479509 0 0
 396.465836676027 3.50149939845816 0 0
 398.621843 5.15013919864611 0 0
 400.777609841773 -0.804396266013509 0 0
 402.933143158584 15.8008239266061 0 0
 405.088448907671 18.1219198106118 0 0
 407.243533046272 5.79652112846369 0 0
 409.398401531625 9.83659492053191 0 0
 411.553060320968 7.66785798347465 0 0
 413.707515371539 1.76221405064159 0 0
 415.861772640576 12.8273861315975 0 0
 418.015838085317 15.0905572460214 0 0
 420.169717663 15.2421680105295 0 0
 422.323417330863 30.7394541807046 0 0
 424.476943046144 39.4164031624494 0 0
 426.630300766081 49.6532777722682 0 0
 428.783496447912 77.5224249235904 0 0
 430.936536048875 105.96375458374 0 0
 433.089425526208 155.687465192025 0 0
 435.242170837149 222.967941455282 0 0
 437.394777938936 272.678061819116 0 0
 439.547252788807 324.271867706408 0 0
 441.699601344 419.281693296234 0 0
 443.851829561753 525.223154007717 0 0
 446.003943399304 626.822550351239 0 0
 448.155948813891 697.601984560848 0 0
 450.307851762752 690.484503685884 0 0
 452.459658203125 622.330692225366 0 0
 454.611374092248 531.636102459458 0 0
 456.763005387359 430.070145672468 0 0
 458.914558045696 356.012458373711 0 0
 461.066038024497 314.68898701695 0 0
 463.217451281 270.493450108443 0 0
 465.368803772443 234.659096328733 0 0
 467.520101456064 207.73690408136 0 0
 469.671350289101 166.208288042243 0 0
 471.822556228792 138.748961526482 0 0
 473.973725232375 126.771145596551 0 0
 476.124863257088 105.869077853964 0 0
 478.275976260169 99.6841402597215 0 0
 480.427070198856 103.057379199408 0 0
 482.578151030387 92.2355185455283 0 0
 484.729224712 93.2817409455434 0 0
 486.880297200933 100.523583869931 0 0
 489.031374454424 93.8848416503113 0 0
 491.182462429711 100.534420661964 0 0
 493.333567084032 111.583872010166 0 0
 495.484694374625 108.451504753869 0 0
 497.635850258728 117.877795270262 0 0
 499.787040693579 128.967361963662 0 0
 501.938271636416 125.791807490393 0 0
 504.089549044477 -NAN 0 0
 506.240878875 -NAN 0 0
 508.392267085223 -NAN 0 0
 510.543719632384 -NAN 0 0
 512.695242473721 -NAN 0 0
 514.846841566472 -NAN 0 0
 516.998522867875 -NAN 0 0
 519.150292335168 -NAN 0 0
 521.302155925589 -NAN 0 0
 523.454119596376 -NAN 0 0
 525.606189304767 -NAN 0 0
 527.758371008 -NAN 0 0
 529.910670663313 -NAN 0 0
 532.063094227944 -NAN 0 0
 534.215647659131 -NAN 0 0
 536.368336914112 -NAN 0 0
 538.521167950125 -NAN 0 0
 540.674146724408 -NAN 0 0
 542.827279194199 -NAN 0 0
 544.980571316736 -NAN 0 0
 547.134029049257 -NAN 0 0
 549.287658349 -NAN 0 0
 551.441465173203 -NAN 0 0
 553.595455479104 -NAN 0 0
 555.749635223941 -NAN 0 0
 557.904010364952 -NAN 0 0
 560.058586859375 -NAN 0 0
 562.213370664448 -NAN 0 0
 564.368367737409 -NAN 0 0
 566.523584035496 -NAN 0 0
 568.679025515947 -NAN 0 0
 570.834698136 -NAN 0 0
 572.990607852893 -NAN 0 0
 575.146760623864 -NAN 0 0
 577.303162406151 -NAN 0 0
 579.459819156992 -NAN 0 0
 581.616736833625 -NAN 0 0
 583.773921393288 -NAN 0 0
 585.931378793219 -NAN 0 0
 588.089114990656 -NAN 0 0
 590.247135942837 -NAN 0 0
 592.405447607 -NAN 0 0
 594.564055940383 -NAN 0 0
 596.722966900224 -NAN 0 0
 598.882186443761 -NAN 0 0
 601.041720528232 -NAN 0 0
 603.201575110875 -NAN 0 0
 605.361756148928 -NAN 0 0
 607.522269599629 -NAN 0 0
 609.683121420216 -NAN 0 0
 611.844317567927 -NAN 0 0
 614.005864 -NAN 0 0
 616.167766673673 -NAN 0 0
 618.330031546184 -NAN 0 0
 620.492664574771 -NAN 0 0
 622.655671716672 -NAN 0 0
 624.819058929125 -NAN 0 0
 626.982832169368 -NAN 0 0
 629.146997394639 -NAN 0 0
 631.311560562176 -NAN 0 0
 633.476527629217 -NAN 0 0
 635.641904553 -NAN 0 0
 637.807697290763 -NAN 0 0
 639.973911799744 -NAN 0 0
 642.140554037181 -NAN 0 0
 644.307629960312 -NAN 0 0
 646.475145526375 -NAN 0 0
 648.643106692608 -NAN 0 0
 650.811519416249 -NAN 0 0
 652.980389654536 -NAN 0 0
 655.149723364707 -NAN 0 0
 657.319526504 -NAN 0 0
 659.489805029653 -NAN 0 0
 661.660564898904 -NAN 0 0
 663.831812068991 -NAN 0 0
 666.003552497152 -NAN 0 0
 668.175792140625 -NAN 0 0
 670.348536956648 -NAN 0 0
 672.521792902459 -NAN 0 0
 674.695565935296 -NAN 0 0
 676.869862012397 -NAN 0 0
 679.044687091 -NAN 0 0
 681.220047128343 -NAN 0 0
 683.395948081664 -NAN 0 0
 685.572395908201 -NAN 0 0
 687.749396565192 -NAN 0 0
 689.926956009875 -NAN 0 0
 692.105080199488 -NAN 0 0
 694.283775091269 -NAN 0 0
 696.463046642456 -NAN 0 0
 698.642900810287 -NAN 0 0
 700.823343552 -NAN 0 0
 703.004380824833 -NAN 0 0
 705.186018586024 -NAN 0 0
 707.368262792811 -NAN 0 0
 709.551119402432 -NAN 0 0
 711.734594372125 -NAN 0 0
 713.918693659128 -NAN 0 0
 716.103423220679 -NAN 0 0
 718.288789014016 -NAN 0 0
 720.474796996377 -NAN 0 0
 722.661453125 -NAN 0 0
 724.848763357123 -NAN 0 0
 727.036733649984 -NAN 0 0
 729.225369960821 -NAN 0 0
 731.414678246872 -NAN 0 0
 733.604664465375 -NAN 0 0
 735.795334573568 -NAN 0 0
[END] of [DATA]
[END] of Spectrum


[Spectrum]
Version            = 1
IDData             = 12ad_2026-06-08_14-49-40_000_269
IDDevice           = SAM_82E6
IDDataType         = SPECTRUM
IDDataTypeSub1     = CALIBRATED
IDDataTypeSub2     = 
IDDataTypeSub3     = 
DateTime           = 2026-06-08 14:49:40
PositionLatitude   = 0
PositionLongitude  = 0
Comment            = 20260608_FrameD
CommentSub1        = UV
CommentSub2        = left
CommentSub3        = 28cm
IDMethodType       = SAM Control
MethodName         = SAM_82E6
Mission            = No Mission
MissionSub         = 1
RecordType         = 0
[Attributes]
CalFactor = 1
IDBasisSpec = 
IDDataBack = DLAB_2024-11-11_10-40-48_641_639
IDDataCal = DLAB_2024-11-12_11-45-27_171_455
IntegrationTime = 128
P31 = -1
P31e = 0
PathLength = +INF
PathLengthCustomOn = 0
RAWDynamic = 65535
Salinity = 0
Temperature = -NAN
Unit1 = $01 $01 Wavelength nm
Unit2 = $03 $06 Intensity mW/(m^2 nm)
Unit3 = $f0 $06 Error mW/(m^2 nm)
Unit4 = $f1 $00 Status 
p999 = 7303
[END] of [Attributes]
[DATA]
 0 6 0 0
 185.260577530984 -NAN 0 0
 187.468128380571 -NAN 0 0
 189.674861895872 -NAN 0 0
 191.880784034125 -NAN 0 0
 194.085900752568 -NAN 0 0
 196.290218008439 -NAN 0 0
 198.493741758976 -NAN 0 0
 200.696477961417 -NAN 0 0
 202.898432573 -NAN 0 0
 205.099611550963 -NAN 0 0
 207.300020852544 -NAN 0 0
 209.499666434981 -NAN 0 0
 211.698554255512 -NAN 0 0
 213.896690271375 -NAN 0 0
 216.094080439808 -NAN 0 0
 218.290730718049 -NAN 0 0
 220.486647063336 -NAN 0 0
 222.681835432907 -NAN 0 0
 224.876301784 -NAN 0 0
 227.070052073853 -NAN 0 0
 229.263092259704 -NAN 0 0
 231.455428298791 -NAN 0 0
 233.647066148352 -NAN 0 0
 235.838011765625 -NAN 0 0
 238.028271107848 -NAN 0 0
 240.217850132259 -NAN 0 0
 242.406754796096 -NAN 0 0
 244.594991056597 -NAN 0 0
 246.782564871 -NAN 0 0
 248.969482196543 -NAN 0 0
 251.155748990464 -NAN 0 0
 253.341371210001 -NAN 0 0
 255.526354812392 -NAN 0 0
 257.710705754875 -NAN 0 0
 259.894429994688 -NAN 0 0
 262.077533489069 -NAN 0 0
 264.260022195256 -NAN 0 0
 266.441902070487 -NAN 0 0
 268.623179072 -NAN 0 0
 270.803859157033 -NAN 0 0
 272.983948282824 -NAN 0 0
 275.163452406611 -NAN 0 0
 277.342377485632 -NAN 0 0
 279.520729477125 3.17224484747413 0 0
 281.698514338328 11.4078227306794 0 0
 283.875738026479 3.22029603306939 0 0
 286.052406498816 13.9652169047069 0 0
 288.228525712577 25.0689632023387 0 0
 290.404101625 21.1604905792759 0 0
 292.579140193323 37.6006433264544 0 0
 294.753647374784 52.8597749695932 0 0
 296.927629126621 51.3162037348633 0 0
 299.101091406072 68.2780735143504 0 0
 301.274040170375 81.3063386138568 0 0
 303.446481376768 77.599188936475 0 0
 305.618420982489 90.5047922396639 0 0
 307.789864944776 95.2603790680541 0 0
 309.960819220867 91.3311278394569 0 0
 312.131289768 103.665708136969 0 0
 314.301282543413 99.8301204855394 0 0
 316.470803504344 82.0606433617812 0 0
 318.639858608031 84.2548001529383 0 0
 320.808453811712 76.777202764145 0 0
 322.976595072625 62.5766153088325 0 0
 325.144288348008 68.238533993697 0 0
 327.311539595099 60.1292945360188 0 0
 329.478354771136 45.0169274694375 0 0
 331.644739833357 52.3026948386801 0 0
 333.810700739 44.1155832553572 0 0
 335.976243445303 31.0967703386513 0 0
 338.141373909504 38.0944205286457 0 0
 340.306098088841 29.7787083921681 0 0
 342.470421940552 19.4323241194536 0 0
 344.634351421875 27.2594613107352 0 0
 346.797892490048 19.3545460987565 0 0
 348.961051102309 11.8211320131367 0 0
 351.123833215896 19.3578934890095 0 0
 353.286244788047 12.1542437678941 0 0
 355.448291776 6.76486075537114 0 0
 357.609980136993 14.8168325474739 0 0
 359.771315828264 8.4211506001958 0 0
 361.932304807051 9.46551634854941 0 0
 364.092953030592 24.0176887502825 0 0
 366.253266456125 15.9760537398223 0 0
 368.413251040888 6.66159965727405 0 0
 370.572912742119 12.1089112305535 0 0
 372.732257517056 1.35247193134375 0 0
 374.891291322937 -0.47470403640148 0 0
 377.050020117 9.76278095934378 0 0
 379.208449856483 -0.869561198552483 0 0
 381.366586498624 -1.31816221689113 0 0
 383.524436000661 9.15247978458155 0 0
 385.682004319832 -2.33776580592941 0 0
 387.839297413375 -1.35176808944367 0 0
 389.996321238528 8.36772829819527 0 0
 392.153081752529 -3.16233950629737 0 0
 394.309584912616 -0.755636458292912 0 0
 396.465836676027 7.65794629318646 0 0
 398.621843 -2.49251249189933 0 0
 400.777609841773 4.60309309662422 0 0
 402.933143158584 18.9944614581433 0 0
 405.088448907671 11.0681629006676 0 0
 407.243533046272 11.2708438125324 0 0
 409.398401531625 11.5278418611204 0 0
 411.553060320968 0.99716386996308 0 0
 413.707515371539 6.68786981466813 0 0
 415.861772640576 13.4152564856137 0 0
 418.015838085317 9.16316571961099 0 0
 420.169717663 19.8738977484215 0 0
 422.323417330863 30.4428094166312 0 0
 424.476943046144 34.0479495675919 0 0
 426.630300766081 54.1280514909453 0 0
 428.783496447912 76.7789267082086 0 0
 430.936536048875 101.45472336454 0 0
 433.089425526208 161.137750081687 0 0
 435.242170837149 223.241273017937 0 0
 437.394777938936 269.757408155597 0 0
 439.547252788807 329.629414465769 0 0
 441.699601344 417.624642755242 0 0
 443.851829561753 521.260608426956 0 0
 446.003943399304 632.089389424415 0 0
 448.155948813891 695.185577144219 0 0
 450.307851762752 686.653600529345 0 0
 452.459658203125 628.233138239538 0 0
 454.611374092248 528.794650302596 0 0
 456.763005387359 426.766505409237 0 0
 458.914558045696 362.407841270363 0 0
 461.066038024497 311.057671715653 0 0
 463.217451281 267.689109975821 0 0
 465.368803772443 241.727014482422 0 0
 467.520101456064 203.57277386579 0 0
 469.671350289101 164.318244801496 0 0
 471.822556228792 145.950150251336 0 0
 473.973725232375 122.073882259119 0 0
 476.124863257088 104.792949135498 0 0
 478.275976260169 107.285062572229 0 0
 480.427070198856 98.2455250464649 0 0
 482.578151030387 92.1350652804618 0 0
 484.729224712 100.604251895807 0 0
 486.880297200933 95.2079766892595 0 0
 489.031374454424 94.3480787505466 0 0
 491.182462429711 107.791785210277 0 0
 493.333567084032 106.032801009867 0 0
 495.484694374625 109.746497307252 0 0
 497.635850258728 124.908212496219 0 0
 499.787040693579 123.331470312268 0 0
 501.938271636416 127.767760609638 0 0
 504.089549044477 -NAN 0 0
 506.240878875 -NAN 0 0
 508.392267085223 -NAN 0 0
 510.543719632384 -NAN 0 0
 512.695242473721 -NAN 0 0
 514.846841566472 -NAN 0 0
 516.998522867875 -NAN 0 0
 519.150292335168 -NAN 0 0
 521.302155925589 -NAN 0 0
 523.454119596376 -NAN 0 0
 525.606189304767 -NAN 0 0
 527.758371008 -NAN 0 0
 529.910670663313 -NAN 0 0
 532.063094227944 -NAN 0 0
 534.215647659131 -NAN 0 0
 536.368336914112 -NAN 0 0
 538.521167950125 -NAN 0 0
 540.674146724408 -NAN 0 0
 542.827279194199 -NAN 0 0
 544.980571316736 -NAN 0 0
 547.134029049257 -NAN 0 0
 549.287658349 -NAN 0 0
 551.441465173203 -NAN 0 0
 553.595455479104 -NAN 0 0
 555.749635223941 -NAN 0 0
 557.904010364952 -NAN 0 0
 560.058586859375 -NAN 0 0
 562.213370664448 -NAN 0 0
 564.368367737409 -NAN 0 0
 566.523584035496 -NAN 0 0
 568.679025515947 -NAN 0 0
 570.834698136 -NAN 0 0
 572.990607852893 -NAN 0 0
 575.146760623864 -NAN 0 0
 577.303162406151 -NAN 0 0
 579.459819156992 -NAN 0 0
 581.616736833625 -NAN 0 0
 583.773921393288 -NAN 0 0
 585.931378793219 -NAN 0 0
 588.089114990656 -NAN 0 0
 590.247135942837 -NAN 0 0
 592.405447607 -NAN 0 0
 594.564055940383 -NAN 0 0
 596.722966900224 -NAN 0 0
 598.882186443761 -NAN 0 0
 601.041720528232 -NAN 0 0
 603.201575110875 -NAN 0 0
 605.361756148928 -NAN 0 0
 607.522269599629 -NAN 0 0
 609.683121420216 -NAN 0 0
 611.844317567927 -NAN 0 0
 614.005864 -NAN 0 0
 616.167766673673 -NAN 0 0
 618.330031546184 -NAN 0 0
 620.492664574771 -NAN 0 0
 622.655671716672 -NAN 0 0
 624.819058929125 -NAN 0 0
 626.982832169368 -NAN 0 0
 629.146997394639 -NAN 0 0
 631.311560562176 -NAN 0 0
 633.476527629217 -NAN 0 0
 635.641904553 -NAN 0 0
 637.807697290763 -NAN 0 0
 639.973911799744 -NAN 0 0
 642.140554037181 -NAN 0 0
 644.307629960312 -NAN 0 0
 646.475145526375 -NAN 0 0
 648.643106692608 -NAN 0 0
 650.811519416249 -NAN 0 0
 652.980389654536 -NAN 0 0
 655.149723364707 -NAN 0 0
 657.319526504 -NAN 0 0
 659.489805029653 -NAN 0 0
 661.660564898904 -NAN 0 0
 663.831812068991 -NAN 0 0
 666.003552497152 -NAN 0 0
 668.175792140625 -NAN 0 0
 670.348536956648 -NAN 0 0
 672.521792902459 -NAN 0 0
 674.695565935296 -NAN 0 0
 676.869862012397 -NAN 0 0
 679.044687091 -NAN 0 0
 681.220047128343 -NAN 0 0
 683.395948081664 -NAN 0 0
 685.572395908201 -NAN 0 0
 687.749396565192 -NAN 0 0
 689.926956009875 -NAN 0 0
 692.105080199488 -NAN 0 0
 694.283775091269 -NAN 0 0
 696.463046642456 -NAN 0 0
 698.642900810287 -NAN 0 0
 700.823343552 -NAN 0 0
 703.004380824833 -NAN 0 0
 705.186018586024 -NAN 0 0
 707.368262792811 -NAN 0 0
 709.551119402432 -NAN 0 0
 711.734594372125 -NAN 0 0
 713.918693659128 -NAN 0 0
 716.103423220679 -NAN 0 0
 718.288789014016 -NAN 0 0
 720.474796996377 -NAN 0 0
 722.661453125 -NAN 0 0
 724.848763357123 -NAN 0 0
 727.036733649984 -NAN 0 0
 729.225369960821 -NAN 0 0
 731.414678246872 -NAN 0 0
 733.604664465375 -NAN 0 0
 735.795334573568 -NAN 0 0
[END] of [DATA]
[END] of Spectrum


[Spectrum]
Version            = 1
IDData             = 12ad_2026-06-08_14-49-45_000_272
IDDevice           = SAM_82E6
IDDataType         = SPECTRUM
IDDataTypeSub1     = CALIBRATED
IDDataTypeSub2     = 
IDDataTypeSub3     = 
DateTime           = 2026-06-08 14:49:45
PositionLatitude   = 0
PositionLongitude  = 0
Comment            = 20260608_FrameD
CommentSub1        = UV
CommentSub2        = left
CommentSub3        = 28cm
IDMethodType       = SAM Control
MethodName         = SAM_82E6
Mission            = No Mission
MissionSub         = 1
RecordType         = 0
[Attributes]
CalFactor = 1
IDBasisSpec = 
IDDataBack = DLAB_2024-11-11_10-40-48_641_639
IDDataCal = DLAB_2024-11-12_11-45-27_171_455
IntegrationTime = 128
P31 = -1
P31e = 0
PathLength = +INF
PathLengthCustomOn = 0
RAWDynamic = 65535
Salinity = 0
Temperature = -NAN
Unit1 = $01 $01 Wavelength nm
Unit2 = $03 $06 Intensity mW/(m^2 nm)
Unit3 = $f0 $06 Error mW/(m^2 nm)
Unit4 = $f1 $00 Status 
p999 = 7304
[END] of [Attributes]
[DATA]
 0 6 0 0
 185.260577530984 -NAN 0 0
 187.468128380571 -NAN 0 0
 189.674861895872 -NAN 0 0
 191.880784034125 -NAN 0 0
 194.085900752568 -NAN 0 0
 196.290218008439 -NAN 0 0
 198.493741758976 -NAN 0 0
 200.696477961417 -NAN 0 0
 202.898432573 -NAN 0 0
 205.099611550963 -NAN 0 0
 207.300020852544 -NAN 0 0
 209.499666434981 -NAN 0 0
 211.698554255512 -NAN 0 0
 213.896690271375 -NAN 0 0
 216.094080439808 -NAN 0 0
 218.290730718049 -NAN 0 0
 220.486647063336 -NAN 0 0
 222.681835432907 -NAN 0 0
 224.876301784 -NAN 0 0
 227.070052073853 -NAN 0 0
 229.263092259704 -NAN 0 0
 231.455428298791 -NAN 0 0
 233.647066148352 -NAN 0 0
 235.838011765625 -NAN 0 0
 238.028271107848 -NAN 0 0
 240.217850132259 -NAN 0 0
 242.406754796096 -NAN 0 0
 244.594991056597 -NAN 0 0
 246.782564871 -NAN 0 0
 248.969482196543 -NAN 0 0
 251.155748990464 -NAN 0 0
 253.341371210001 -NAN 0 0
 255.526354812392 -NAN 0 0
 257.710705754875 -NAN 0 0
 259.894429994688 -NAN 0 0
 262.077533489069 -NAN 0 0
 264.260022195256 -NAN 0 0
 266.441902070487 -NAN 0 0
 268.623179072 -NAN 0 0
 270.803859157033 -NAN 0 0
 272.983948282824 -NAN 0 0
 275.163452406611 -NAN 0 0
 277.342377485632 -NAN 0 0
 279.520729477125 -2.13032680094114 0 0
 281.698514338328 10.4298569771703 0 0
 283.875738026479 12.1280889779703 0 0
 286.052406498816 7.78314188337865 0 0
 288.228525712577 25.4156767323796 0 0
 290.404101625 30.804156498351 0 0
 292.579140193323 31.8270695761781 0 0
 294.753647374784 54.8909910568882 0 0
 296.927629126621 60.582087853169 0 0
 299.101091406072 64.0188522133072 0 0
 301.274040170375 84.9498421814706 0 0
 303.446481376768 85.9828237751031 0 0
 305.618420982489 87.0870872341433 0 0
 307.789864944776 99.6941847903839 0 0
 309.960819220867 99.7627646180518 0 0
 312.131289768 99.9276229483833 0 0
 314.301282543413 105.469713546736 0 0
 316.470803504344 89.9654250238277 0 0
 318.639858608031 78.9855470348995 0 0
 320.808453811712 82.7538568742687 0 0
 322.976595072625 69.8524081221859 0 0
 325.144288348008 61.0777991810741 0 0
 327.311539595099 66.5268873492335 0 0
 329.478354771136 51.1064998524526 0 0
 331.644739833357 44.0535544178035 0 0
 333.810700739 51.0015480419191 0 0
 335.976243445303 35.268781135686 0 0
 338.141373909504 29.9404422873944 0 0
 340.306098088841 36.0195089896435 0 0
 342.470421940552 22.0355086755436 0 0
 344.634351421875 19.6186003186781 0 0
 346.797892490048 25.0827793265099 0 0
 348.961051102309 13.1835349070397 0 0
 351.123833215896 12.4757367219183 0 0
 353.286244788047 17.5016634519971 0 0
 355.448291776 7.0058107702665 0 0
 357.609980136993 8.0792081592264 0 0
 359.771315828264 13.9088696147979 0 0
 361.932304807051 8.92088415930345 0 0
 364.092953030592 17.1984211092084 0 0
 366.253266456125 22.2916294331275 0 0
 368.413251040888 5.1656209964699 0 0
 370.572912742119 4.92965470190631 0 0
 372.732257517056 8.57162319594735 0 0
 374.891291322937 -3.02919207561776 0 0
 377.050020117 2.74697449548995 0 0
 379.208449856483 7.12685854594689 0 0
 381.366586498624 -4.94460188427583 0 0
 383.524436000661 2.66597702528949 0 0
 385.682004319832 5.78957705663966 0 0
 387.839297413375 -5.75256130787011 0 0
 389.996321238528 3.04410836659146 0 0
 392.153081752529 5.21614214232261 0 0
 394.309584912616 -5.77654704144133 0 0
 396.465836676027 3.72972807161831 0 0
 398.621843 5.37570357145734 0 0
 400.777609841773 -0.396038483457414 0 0
 402.933143158584 16.8146771112211 0 0
 405.088448907671 19.2152398471584 0 0
 407.243533046272 6.38339513148669 0 0
 409.398401531625 10.1963859363482 0 0
 411.553060320968 7.67668165293696 0 0
 413.707515371539 1.84706600178761 0 0
 415.861772640576 12.8906638433145 0 0
 418.015838085317 15.2045833516704 0 0
 420.169717663 15.1135088511436 0 0
 422.323417330863 30.7467787427805 0 0
 424.476943046144 39.4554593724649 0 0
 426.630300766081 49.7067955135024 0 0
 428.783496447912 77.6809030012455 0 0
 430.936536048875 106.400484581214 0 0
 433.089425526208 157.573853158886 0 0
 435.242170837149 225.894667134941 0 0
 437.394777938936 275.331748234794 0 0
 439.547252788807 325.399346598701 0 0
 441.699601344 419.613760964171 0 0
 443.851829561753 525.214783611475 0 0
 446.003943399304 626.82939484646 0 0
 448.155948813891 697.435275261952 0 0
 450.307851762752 690.378089709313 0 0
 452.459658203125 622.454817737905 0 0
 454.611374092248 531.558124187415 0 0
 456.763005387359 430.253681242648 0 0
 458.914558045696 356.2719464438 0 0
 461.066038024497 314.862197903937 0 0
 463.217451281 270.370890058202 0 0
 465.368803772443 234.914537815172 0 0
 467.520101456064 207.861142534294 0 0
 469.671350289101 166.216948034182 0 0
 471.822556228792 138.757706139384 0 0
 473.973725232375 126.799774018204 0 0
 476.124863257088 105.838078261251 0 0
 478.275976260169 99.8730520715821 0 0
 480.427070198856 103.286833355775 0 0
 482.578151030387 92.2042664186187 0 0
 484.729224712 93.391265681979 0 0
 486.880297200933 100.63320708199 0 0
 489.031374454424 93.8333708613963 0 0
 491.182462429711 100.865011598606 0 0
 493.333567084032 111.692978499943 0 0
 495.484694374625 108.460359403806 0 0
 497.635850258728 118.261791217372 0 0
 499.787040693579 129.093473736725 0 0
 501.938271636416 125.800417307906 0 0
 504.089549044477 -NAN 0 0
 506.240878875 -NAN 0 0
 508.392267085223 -NAN 0 0
 510.543719632384 -NAN 0 0
 512.695242473721 -NAN 0 0
 514.846841566472 -NAN 0 0
 516.998522867875 -NAN 0 0
 519.150292335168 -NAN 0 0
 521.302155925589 -NAN 0 0
 523.454119596376 -NAN 0 0
 525.606189304767 -NAN 0 0
 527.758371008 -NAN 0 0
 529.910670663313 -NAN 0 0
 532.063094227944 -NAN 0 0
 534.215647659131 -NAN 0 0
 536.368336914112 -NAN 0 0
 538.521167950125 -NAN 0 0
 540.674146724408 -NAN 0 0
 542.827279194199 -NAN 0 0
 544.980571316736 -NAN 0 0
 547.134029049257 -NAN 0 0
 549.287658349 -NAN 0 0
 551.441465173203 -NAN 0 0
 553.595455479104 -NAN 0 0
 555.749635223941 -NAN 0 0
 557.904010364952 -NAN 0 0
 560.058586859375 -NAN 0 0
 562.213370664448 -NAN 0 0
 564.368367737409 -NAN 0 0
 566.523584035496 -NAN 0 0
 568.679025515947 -NAN 0 0
 570.834698136 -NAN 0 0
 572.990607852893 -NAN 0 0
 575.146760623864 -NAN 0 0
 577.303162406151 -NAN 0 0
 579.459819156992 -NAN 0 0
 581.616736833625 -NAN 0 0
 583.773921393288 -NAN 0 0
 585.931378793219 -NAN 0 0
 588.089114990656 -NAN 0 0
 590.247135942837 -NAN 0 0
 592.405447607 -NAN 0 0
 594.564055940383 -NAN 0 0
 596.722966900224 -NAN 0 0
 598.882186443761 -NAN 0 0
 601.041720528232 -NAN 0 0
 603.201575110875 -NAN 0 0
 605.361756148928 -NAN 0 0
 607.522269599629 -NAN 0 0
 609.683121420216 -NAN 0 0
 611.844317567927 -NAN 0 0
 614.005864 -NAN 0 0
 616.167766673673 -NAN 0 0
 618.330031546184 -NAN 0 0
 620.492664574771 -NAN 0 0
 622.655671716672 -NAN 0 0
 624.819058929125 -NAN 0 0
 626.982832169368 -NAN 0 0
 629.146997394639 -NAN 0 0
 631.311560562176 -NAN 0 0
 633.476527629217 -NAN 0 0
 635.641904553 -NAN 0 0
 637.807697290763 -NAN 0 0
 639.973911799744 -NAN 0 0
 642.140554037181 -NAN 0 0
 644.307629960312 -NAN 0 0
 646.475145526375 -NAN 0 0
 648.643106692608 -NAN 0 0
 650.811519416249 -NAN 0 0
 652.980389654536 -NAN 0 0
 655.149723364707 -NAN 0 0
 657.319526504 -NAN 0 0
 659.489805029653 -NAN 0 0
 661.660564898904 -NAN 0 0
 663.831812068991 -NAN 0 0
 666.003552497152 -NAN 0 0
 668.175792140625 -NAN 0 0
 670.348536956648 -NAN 0 0
 672.521792902459 -NAN 0 0
 674.695565935296 -NAN 0 0
 676.869862012397 -NAN 0 0
 679.044687091 -NAN 0 0
 681.220047128343 -NAN 0 0
 683.395948081664 -NAN 0 0
 685.572395908201 -NAN 0 0
 687.749396565192 -NAN 0 0
 689.926956009875 -NAN 0 0
 692.105080199488 -NAN 0 0
 694.283775091269 -NAN 0 0
 696.463046642456 -NAN 0 0
 698.642900810287 -NAN 0 0
 700.823343552 -NAN 0 0
 703.004380824833 -NAN 0 0
 705.186018586024 -NAN 0 0
 707.368262792811 -NAN 0 0
 709.551119402432 -NAN 0 0
 711.734594372125 -NAN 0 0
 713.918693659128 -NAN 0 0
 716.103423220679 -NAN 0 0
 718.288789014016 -NAN 0 0
 720.474796996377 -NAN 0 0
 722.661453125 -NAN 0 0
 724.848763357123 -NAN 0 0
 727.036733649984 -NAN 0 0
 729.225369960821 -NAN 0 0
 731.414678246872 -NAN 0 0
 733.604664465375 -NAN 0 0
 735.795334573568 -NAN 0 0
[END] of [DATA]
[END] of Spectrum


[Spectrum]
Version            = 1
IDData             = 12ad_2026-06-08_14-49-50_000_275
IDDevice           = SAM_82E6
IDDataType         = SPECTRUM
IDDataTypeSub1     = CALIBRATED
IDDataTypeSub2     = 
IDDataTypeSub3     = 
DateTime           = 2026-06-08 14:49:50
PositionLatitude   = 0
PositionLongitude  = 0
Comment            = 20260608_FrameD
CommentSub1        = UV
CommentSub2        = left
CommentSub3        = 28cm
IDMethodType       = SAM Control
MethodName         = SAM_82E6
Mission            = No Mission
MissionSub         = 1
RecordType         = 0
[Attributes]
CalFactor = 1
IDBasisSpec = 
IDDataBack = DLAB_2024-11-11_10-40-48_641_639
IDDataCal = DLAB_2024-11-12_11-45-27_171_455
IntegrationTime = 128
P31 = -1
P31e = 0
PathLength = +INF
PathLengthCustomOn = 0
RAWDynamic = 65535
Salinity = 0
Temperature = -NAN
Unit1 = $01 $01 Wavelength nm
Unit2 = $03 $06 Intensity mW/(m^2 nm)
Unit3 = $f0 $06 Error mW/(m^2 nm)
Unit4 = $f1 $00 Status 
p999 = 7305
[END] of [Attributes]
[DATA]
 0 6 0 0
 185.260577530984 -NAN 0 0
 187.468128380571 -NAN 0 0
 189.674861895872 -NAN 0 0
 191.880784034125 -NAN 0 0
 194.085900752568 -NAN 0 0
 196.290218008439 -NAN 0 0
 198.493741758976 -NAN 0 0
 200.696477961417 -NAN 0 0
 202.898432573 -NAN 0 0
 205.099611550963 -NAN 0 0
 207.300020852544 -NAN 0 0
 209.499666434981 -NAN 0 0
 211.698554255512 -NAN 0 0
 213.896690271375 -NAN 0 0
 216.094080439808 -NAN 0 0
 218.290730718049 -NAN 0 0
 220.486647063336 -NAN 0 0
 222.681835432907 -NAN 0 0
 224.876301784 -NAN 0 0
 227.070052073853 -NAN 0 0
 229.263092259704 -NAN 0 0
 231.455428298791 -NAN 0 0
 233.647066148352 -NAN 0 0
 235.838011765625 -NAN 0 0
 238.028271107848 -NAN 0 0
 240.217850132259 -NAN 0 0
 242.406754796096 -NAN 0 0
 244.594991056597 -NAN 0 0
 246.782564871 -NAN 0 0
 248.969482196543 -NAN 0 0
 251.155748990464 -NAN 0 0
 253.341371210001 -NAN 0 0
 255.526354812392 -NAN 0 0
 257.710705754875 -NAN 0 0
 259.894429994688 -NAN 0 0
 262.077533489069 -NAN 0 0
 264.260022195256 -NAN 0 0
 266.441902070487 -NAN 0 0
 268.623179072 -NAN 0 0
 270.803859157033 -NAN 0 0
 272.983948282824 -NAN 0 0
 275.163452406611 -NAN 0 0
 277.342377485632 -NAN 0 0
 279.520729477125 10.6765418773826 0 0
 281.698514338328 6.76640772405202 0 0
 283.875738026479 5.52773637421841 0 0
 286.052406498816 22.688069588629 0 0
 288.228525712577 20.2407623914382 0 0
 290.404101625 25.447210592761 0 0
 292.579140193323 46.8304677690347 0 0
 294.753647374784 49.5036146959765 0 0
 296.927629126621 57.5501707149786 0 0
 299.101091406072 77.2398374158179 0 0
 301.274040170375 80.2782672250333 0 0
 303.446481376768 85.0653858823924 0 0
 305.618420982489 99.3469478581001 0 0
 307.789864944776 94.9867401420858 0 0
 309.960819220867 100.022133091118 0 0
 312.131289768 112.735234512646 0 0
 314.301282543413 99.4277907537509 0 0
 316.470803504344 90.8744138270058 0 0
 318.639858608031 91.9374123650788 0 0
 320.808453811712 74.3279725720231 0 0
 322.976595072625 71.6073732228943 0 0
 325.144288348008 74.027757098257 0 0
 327.311539595099 55.6111045611499 0 0
 329.478354771136 53.5250745214273 0 0
 331.644739833357 56.0541883466667 0 0
 333.810700739 39.1272553682735 0 0
 335.976243445303 38.7052388096198 0 0
 338.141373909504 40.2881018949624 0 0
 340.306098088841 24.3984270593294 0 0
 342.470421940552 26.168129630785 0 0
 344.634351421875 27.8655993947003 0 0
 346.797892490048 14.5226327898123 0 0
 348.961051102309 17.707915315315 0 0
 351.123833215896 18.9101279218598 0 0
 353.286244788047 7.85144644459264 0 0
 355.448291776 12.4530021784367 0 0
 357.609980136993 13.46331105562 0 0
 359.771315828264 4.38979605948064 0 0
 361.932304807051 15.410352381972 0 0
 364.092953030592 22.2248084499471 0 0
 366.253266456125 12.4819334597984 0 0
 368.413251040888 13.334100912595 0 0
 370.572912742119 9.16486341684652 0 0
 372.732257517056 -2.48017469232906 0 0
 374.891291322937 7.04624653800689 0 0
 377.050020117 6.10727818128388 0 0
 379.208449856483 -4.35137644606989 0 0
 381.366586498624 6.74027854048515 0 0
 383.524436000661 4.87457152308525 0 0
 385.682004319832 -4.72447937320118 0 0
 387.839297413375 7.00775540982098 0 0
 389.996321238528 3.9374651677788 0 0
 392.153081752529 -4.46670730187584 0 0
 394.309584912616 7.14254770726809 0 0
 396.465836676027 3.326971589571 0 0
 398.621843 -2.87995247343393 0 0
 400.777609841773 12.5335572941627 0 0
 402.933143158584 15.6360727841061 0 0
 405.088448907671 12.5005349934915 0 0
 407.243533046272 18.6435969760156 0 0
 409.398401531625 7.83139021454961 0 0
 411.553060320968 2.06482787490342 0 0
 413.707515371539 12.5638674315301 0 0
 415.861772640576 9.53490390580516 0 0
 418.015838085317 10.7516673293422 0 0
 420.169717663 24.5529286478525 0 0
 422.323417330863 26.7805283786885 0 0
 424.476943046144 36.0096364797339 0 0
 426.630300766081 58.2264746422337 0 0
 428.783496447912 73.2856652518116 0 0
 430.936536048875 104.047086708035 0 0
 433.089425526208 166.060170184056 0 0
 435.242170837149 222.245451008965 0 0
 437.394777938936 274.588396317149 0 0
 439.547252788807 333.469636690021 0 0
 441.699601344 413.9669667099 0 0
 443.851829561753 523.969268650729 0 0
 446.003943399304 634.195782828924 0 0
 448.155948813891 690.980993142589 0 0
 450.307851762752 689.701729688738 0 0
 452.459658203125 629.980158513036 0 0
 454.611374092248 523.895332527445 0 0
 456.763005387359 430.382546642987 0 0
 458.914558045696 363.697297372497 0 0
 461.066038024497 305.881722857463 0 0
 463.217451281 271.66711838617 0 0
 465.368803772443 242.159787248702 0 0
 467.520101456064 198.035594541075 0 0
 469.671350289101 168.62009579733 0 0
 471.822556228792 145.67032263847 0 0
 473.973725232375 116.817263606307 0 0
 476.124863257088 109.491601688145 0 0
 478.275976260169 106.200486522959 0 0
 480.427070198856 93.0081782346275 0 0
 482.578151030387 97.0327200261499 0 0
 484.729224712 98.9904384324096 0 0
 486.880297200933 90.3711321081942 0 0
 489.031374454424 99.7211815411979 0 0
 491.182462429711 105.475414931237 0 0
 493.333567084032 101.839994474141 0 0
 495.484694374625 115.200961668855 0 0
 497.635850258728 122.060059699935 0 0
 499.787040693579 119.785120280083 0 0
 501.938271636416 133.439477896359 0 0
 504.089549044477 -NAN 0 0
 506.240878875 -NAN 0 0
 508.392267085223 -NAN 0 0
 510.543719632384 -NAN 0 0
 512.695242473721 -NAN 0 0
 514.846841566472 -NAN 0 0
 516.998522867875 -NAN 0 0
 519.150292335168 -NAN 0 0
 521.302155925589 -NAN 0 0
 523.454119596376 -NAN 0 0
 525.606189304767 -NAN 0 0
 527.758371008 -NAN 0 0
 529.910670663313 -NAN 0 0
 532.063094227944 -NAN 0 0
 534.215647659131 -NAN 0 0
 536.368336914112 -NAN 0 0
 538.521167950125 -NAN 0 0
 540.674146724408 -NAN 0 0
 542.827279194199 -NAN 0 0
 544.980571316736 -NAN 0 0
 547.134029049257 -NAN 0 0
 549.287658349 -NAN 0 0
 551.441465173203 -NAN 0 0
 553.595455479104 -NAN 0 0
 555.749635223941 -NAN 0 0
 557.904010364952 -NAN 0 0
 560.058586859375 -NAN 0 0
 562.213370664448 -NAN 0 0
 564.368367737409 -NAN 0 0
 566.523584035496 -NAN 0 0
 568.679025515947 -NAN 0 0
 570.834698136 -NAN 0 0
 572.990607852893 -NAN 0 0
 575.146760623864 -NAN 0 0
 577.303162406151 -NAN 0 0
 579.459819156992 -NAN 0 0
 581.616736833625 -NAN 0 0
 583.773921393288 -NAN 0 0
 585.931378793219 -NAN 0 0
 588.089114990656 -NAN 0 0
 590.247135942837 -NAN 0 0
 592.405447607 -NAN 0 0
 594.564055940383 -NAN 0 0
 596.722966900224 -NAN 0 0
 598.882186443761 -NAN 0 0
 601.041720528232 -NAN 0 0
 603.201575110875 -NAN 0 0
 605.361756148928 -NAN 0 0
 607.522269599629 -NAN 0 0
 609.683121420216 -NAN 0 0
 611.844317567927 -NAN 0 0
 614.005864 -NAN 0 0
 616.167766673673 -NAN 0 0
 618.330031546184 -NAN 0 0
 620.492664574771 -NAN 0 0
 622.655671716672 -NAN 0 0
 624.819058929125 -NAN 0 0
 626.982832169368 -NAN 0 0
 629.146997394639 -NAN 0 0
 631.311560562176 -NAN 0 0
 633.476527629217 -NAN 0 0
 635.641904553 -NAN 0 0
 637.807697290763 -NAN 0 0
 639.973911799744 -NAN 0 0
 642.140554037181 -NAN 0 0
 644.307629960312 -NAN 0 0
 646.475145526375 -NAN 0 0
 648.643106692608 -NAN 0 0
 650.811519416249 -NAN 0 0
 652.980389654536 -NAN 0 0
 655.149723364707 -NAN 0 0
 657.319526504 -NAN 0 0
 659.489805029653 -NAN 0 0
 661.660564898904 -NAN 0 0
 663.831812068991 -NAN 0 0
 666.003552497152 -NAN 0 0
 668.175792140625 -NAN 0 0
 670.348536956648 -NAN 0 0
 672.521792902459 -NAN 0 0
 674.695565935296 -NAN 0 0
 676.869862012397 -NAN 0 0
 679.044687091 -NAN 0 0
 681.220047128343 -NAN 0 0
 683.395948081664 -NAN 0 0
 685.572395908201 -NAN 0 0
 687.749396565192 -NAN 0 0
 689.926956009875 -NAN 0 0
 692.105080199488 -NAN 0 0
 694.283775091269 -NAN 0 0
 696.463046642456 -NAN 0 0
 698.642900810287 -NAN 0 0
 700.823343552 -NAN 0 0
 703.004380824833 -NAN 0 0
 705.186018586024 -NAN 0 0
 707.368262792811 -NAN 0 0
 709.551119402432 -NAN 0 0
 711.734594372125 -NAN 0 0
 713.918693659128 -NAN 0 0
 716.103423220679 -NAN 0 0
 718.288789014016 -NAN 0 0
 720.474796996377 -NAN 0 0
 722.661453125 -NAN 0 0
 724.848763357123 -NAN 0 0
 727.036733649984 -NAN 0 0
 729.225369960821 -NAN 0 0
 731.414678246872 -NAN 0 0
 733.604664465375 -NAN 0 0
 735.795334573568 -NAN 0 0
[END] of [DATA]
[END] of Spectrum


[Spectrum]
Version            = 1
IDData             = 12ad_2026-06-08_14-49-55_000_278
IDDevice           = SAM_82E6
IDDataType         = SPECTRUM
IDDataTypeSub1     = CALIBRATED
IDDataTypeSub2     = 
IDDataTypeSub3     = 
DateTime           = 2026-06-08 14:49:55
PositionLatitude   = 0
PositionLongitude  = 0
Comment            = 20260608_FrameD
CommentSub1        = UV
CommentSub2        = left
CommentSub3        = 28cm
IDMethodType       = SAM Control
MethodName         = SAM_82E6
Mission            = No Mission
MissionSub         = 1
RecordType         = 0
[Attributes]
CalFactor = 1
IDBasisSpec = 
IDDataBack = DLAB_2024-11-11_10-40-48_641_639
IDDataCal = DLAB_2024-11-12_11-45-27_171_455
IntegrationTime = 128
P31 = -1
P31e = 0
PathLength = +INF
PathLengthCustomOn = 0
RAWDynamic = 65535
Salinity = 0
Temperature = -NAN
Unit1 = $01 $01 Wavelength nm
Unit2 = $03 $06 Intensity mW/(m^2 nm)
Unit3 = $f0 $06 Error mW/(m^2 nm)
Unit4 = $f1 $00 Status 
p999 = 7306
[END] of [Attributes]
[DATA]
 0 6 0 0
 185.260577530984 -NAN 0 0
 187.468128380571 -NAN 0 0
 189.674861895872 -NAN 0 0
 191.880784034125 -NAN 0 0
 194.085900752568 -NAN 0 0
 196.290218008439 -NAN 0 0
 198.493741758976 -NAN 0 0
 200.696477961417 -NAN 0 0
 202.898432573 -NAN 0 0
 205.099611550963 -NAN 0 0
 207.300020852544 -NAN 0 0
 209.499666434981 -NAN 0 0
 211.698554255512 -NAN 0 0
 213.896690271375 -NAN 0 0
 216.094080439808 -NAN 0 0
 218.290730718049 -NAN 0 0
 220.486647063336 -NAN 0 0
 222.681835432907 -NAN 0 0
 224.876301784 -NAN 0 0
 227.070052073853 -NAN 0 0
 229.263092259704 -NAN 0 0
 231.455428298791 -NAN 0 0
 233.647066148352 -NAN 0 0
 235.838011765625 -NAN 0 0
 238.028271107848 -NAN 0 0
 240.217850132259 -NAN 0 0
 242.406754796096 -NAN 0 0
 244.594991056597 -NAN 0 0
 246.782564871 -NAN 0 0
 248.969482196543 -NAN 0 0
 251.155748990464 -NAN 0 0
 253.341371210001 -NAN 0 0
 255.526354812392 -NAN 0 0
 257.710705754875 -NAN 0 0
 259.894429994688 -NAN 0 0
 262.077533489069 -NAN 0 0
 264.260022195256 -NAN 0 0
 266.441902070487 -NAN 0 0
 268.623179072 -NAN 0 0
 270.803859157033 -NAN 0 0
 272.983948282824 -NAN 0 0
 275.163452406611 -NAN 0 0
 277.342377485632 -NAN 0 0
 279.520729477125 9.0439276380514 0 0
 281.698514338328 1.02804984684427 0 0
 283.875738026479 11.2511486769583 0 0
 286.052406498816 20.3142573152913 0 0
 288.228525712577 14.855241071505 0 0
 290.404101625 31.7333335976105 0 0
 292.579140193323 44.3989700348485 0 0
 294.753647374784 45.4918260491695 0 0
 296.927629126621 64.1815372194881 0 0
 299.101091406072 75.7418404445221 0 0
 301.274040170375 78.3184336181226 0 0
 303.446481376768 91.8118309577189 0 0
 305.618420982489 98.3435750544025 0 0
 307.789864944776 94.2972983168923 0 0
 309.960819220867 107.06722924078 0 0
 312.131289768 111.523338742596 0 0
 314.301282543413 99.0545310892881 0 0
 316.470803504344 98.6191450411809 0 0
 318.639858608031 89.7877732146289 0 0
 320.808453811712 74.0684074157927 0 0
 322.976595072625 80.0404867717309 0 0
 325.144288348008 70.9916632855663 0 0
 327.311539595099 55.6682782824412 0 0
 329.478354771136 62.0168597521633 0 0
 331.644739833357 52.5410493985798 0 0
 333.810700739 39.6379298849038 0 0
 335.976243445303 46.8733672655564 0 0
 338.141373909504 36.3993031092192 0 0
 340.306098088841 25.6484873790934 0 0
 342.470421940552 33.0545217738822 0 0
 344.634351421875 23.9533679025525 0 0
 346.797892490048 16.2222582962334 0 0
 348.961051102309 23.3321642737615 0 0
 351.123833215896 14.9843433118746 0 0
 353.286244788047 9.9352390661915 0 0
 355.448291776 17.0643982224386 0 0
 357.609980136993 9.41880893953435 0 0
 359.771315828264 6.69696134492194 0 0
 361.932304807051 19.7026250185898 0 0
 364.092953030592 17.7369626100018 0 0
 366.253266456125 15.4283457146448 0 0
 368.413251040888 17.3746980572143 0 0
 370.572912742119 3.62970184901096 0 0
 372.732257517056 1.04591238179879 0 0
 374.891291322937 10.4383377606083 0 0
 377.050020117 -0.17053055190503 0 0
 379.208449856483 -0.216021117929239 0 0
 381.366586498624 9.44102920469877 0 0
 383.524436000661 -1.74694827436034 0 0
 385.682004319832 -0.470212222003403 0 0
 387.839297413375 8.72074929297538 0 0
 389.996321238528 -2.78378057700332 0 0
 392.153081752529 -0.341297242030323 0 0
 394.309584912616 7.63754785438457 0 0
 396.465836676027 -3.21782124369789 0 0
 398.621843 1.32748650412155 0 0
 400.777609841773 12.2097321736007 0 0
 402.933143158584 9.82289208681995 0 0
 405.088448907671 17.0371989204201 0 0
 407.243533046272 17.8987184337172 0 0
 409.398401531625 2.65796207311529 0 0
 411.553060320968 6.13805429044545 0 0
 413.707515371539 11.0588059480776 0 0
 415.861772640576 5.16567997256994 0 0
 418.015838085317 14.3818260203925 0 0
 420.169717663 22.8018396476813 0 0
 422.323417330863 23.3388997732819 0 0
 424.476943046144 39.511380764078 0 0
 426.630300766081 56.2247384822004 0 0
 428.783496447912 70.3142012957789 0 0
 430.936536048875 107.653817272077 0 0
 433.089425526208 164.605303584721 0 0
 435.242170837149 221.010663686444 0 0
 437.394777938936 279.0652931889 0 0
 439.547252788807 331.462983080424 0 0
 441.699601344 412.090455606188 0 0
 443.851829561753 527.723391365075 0 0
 446.003943399304 631.734331234784 0 0
 448.155948813891 689.056816866384 0 0
 450.307851762752 694.00608485968 0 0
 452.459658203125 627.215123774759 0 0
 454.611374092248 522.631513947636 0 0
 456.763005387359 435.147637696424 0 0
 458.914558045696 360.718174721669 0 0
 461.066038024497 305.31624025583 0 0
 463.217451281 276.830220163675 0 0
 465.368803772443 238.932991281583 0 0
 467.520101456064 198.115921127023 0 0
 469.671350289101 173.7868634881 0 0
 471.822556228792 142.269761296178 0 0
 473.973725232375 117.31605879896 0 0
 476.124863257088 114.49692878299 0 0
 478.275976260169 102.263342114594 0 0
 480.427070198856 94.4350266535905 0 0
 482.578151030387 101.717190620419 0 0
 484.729224712 95.0509007187833 0 0
 486.880297200933 92.36784061356 0 0
 489.031374454424 104.135361155758 0 0
 491.182462429711 101.076098379097 0 0
 493.333567084032 104.147930732388 0 0
 495.484694374625 119.168951672172 0 0
 497.635850258728 117.600221057065 0 0
 499.787040693579 122.35192973011 0 0
 501.938271636416 136.367892077985 0 0
 504.089549044477 -NAN 0 0
 506.240878875 -NAN 0 0
 508.392267085223 -NAN 0 0
 510.543719632384 -NAN 0 0
 512.695242473721 -NAN 0 0
 514.846841566472 -NAN 0 0
 516.998522867875 -NAN 0 0
 519.150292335168 -NAN 0 0
 521.302155925589 -NAN 0 0
 523.454119596376 -NAN 0 0
 525.606189304767 -NAN 0 0
 527.758371008 -NAN 0 0
 529.910670663313 -NAN 0 0
 532.063094227944 -NAN 0 0
 534.215647659131 -NAN 0 0
 536.368336914112 -NAN 0 0
 538.521167950125 -NAN 0 0
 540.674146724408 -NAN 0 0
 542.827279194199 -NAN 0 0
 544.980571316736 -NAN 0 0
 547.134029049257 -NAN 0 0
 549.287658349 -NAN 0 0
 551.441465173203 -NAN 0 0
 553.595455479104 -NAN 0 0
 555.749635223941 -NAN 0 0
 557.904010364952 -NAN 0 0
 560.058586859375 -NAN 0 0
 562.213370664448 -NAN 0 0
 564.368367737409 -NAN 0 0
 566.523584035496 -NAN 0 0
 568.679025515947 -NAN 0 0
 570.834698136 -NAN 0 0
 572.990607852893 -NAN 0 0
 575.146760623864 -NAN 0 0
 577.303162406151 -NAN 0 0
 579.459819156992 -NAN 0 0
 581.616736833625 -NAN 0 0
 583.773921393288 -NAN 0 0
 585.931378793219 -NAN 0 0
 588.089114990656 -NAN 0 0
 590.247135942837 -NAN 0 0
 592.405447607 -NAN 0 0
 594.564055940383 -NAN 0 0
 596.722966900224 -NAN 0 0
 598.882186443761 -NAN 0 0
 601.041720528232 -NAN 0 0
 603.201575110875 -NAN 0 0
 605.361756148928 -NAN 0 0
 607.522269599629 -NAN 0 0
 609.683121420216 -NAN 0 0
 611.844317567927 -NAN 0 0
 614.005864 -NAN 0 0
 616.167766673673 -NAN 0 0
 618.330031546184 -NAN 0 0
 620.492664574771 -NAN 0 0
 622.655671716672 -NAN 0 0
 624.819058929125 -NAN 0 0
 626.982832169368 -NAN 0 0
 629.146997394639 -NAN 0 0
 631.311560562176 -NAN 0 0
 633.476527629217 -NAN 0 0
 635.641904553 -NAN 0 0
 637.807697290763 -NAN 0 0
 639.973911799744 -NAN 0 0
 642.140554037181 -NAN 0 0
 644.307629960312 -NAN 0 0
 646.475145526375 -NAN 0 0
 648.643106692608 -NAN 0 0
 650.811519416249 -NAN 0 0
 652.980389654536 -NAN 0 0
 655.149723364707 -NAN 0 0
 657.319526504 -NAN 0 0
 659.489805029653 -NAN 0 0
 661.660564898904 -NAN 0 0
 663.831812068991 -NAN 0 0
 666.003552497152 -NAN 0 0
 668.175792140625 -NAN 0 0
 670.348536956648 -NAN 0 0
 672.521792902459 -NAN 0 0
 674.695565935296 -NAN 0 0
 676.869862012397 -NAN 0 0
 679.044687091 -NAN 0 0
 681.220047128343 -NAN 0 0
 683.395948081664 -NAN 0 0
 685.572395908201 -NAN 0 0
 687.749396565192 -NAN 0 0
 689.926956009875 -NAN 0 0
 692.105080199488 -NAN 0 0
 694.283775091269 -NAN 0 0
 696.463046642456 -NAN 0 0
 698.642900810287 -NAN 0 0
 700.823343552 -NAN 0 0
 703.004380824833 -NAN 0 0
 705.186018586024 -NAN 0 0
 707.368262792811 -NAN 0 0
 709.551119402432 -NAN 0 0
 711.734594372125 -NAN 0 0
 713.918693659128 -NAN 0 0
 716.103423220679 -NAN 0 0
 718.288789014016 -NAN 0 0
 720.474796996377 -NAN 0 0
 722.661453125 -NAN 0 0
 724.848763357123 -NAN 0 0
 727.036733649984 -NAN 0 0
 729.225369960821 -NAN 0 0
 731.414678246872 -NAN 0 0
 733.604664465375 -NAN 0 0
 735.795334573568 -NAN 0 0
[END] of [DATA]
[END] of Spectrum


[Spectrum]
Version            = 1
IDData             = 12ad_2026-06-08_14-50-00_000_281
IDDevice           = SAM_82E6
IDDataType         = SPECTRUM
IDDataTypeSub1     = CALIBRATED
IDDataTypeSub2     = 
IDDataTypeSub3     = 
DateTime           = 2026-06-08 14:50:00
PositionLatitude   = 0
PositionLongitude  = 0
Comment            = 20260608_FrameD
CommentSub1        = UV
CommentSub2        = left
CommentSub3        = 28cm
IDMethodType       = SAM Control
MethodName         = SAM_82E6
Mission            = No Mission
MissionSub         = 1
RecordType         = 0
[Attributes]
CalFactor = 1
IDBasisSpec = 
IDDataBack = DLAB_2024-11-11_10-40-48_641_639
IDDataCal = DLAB_2024-11-12_11-45-27_171_455
IntegrationTime = 128
P31 = -1
P31e = 0
PathLength = +INF
PathLengthCustomOn = 0
RAWDynamic = 65535
Salinity = 0
Temperature = -NAN
Unit1 = $01 $01 Wavelength nm
Unit2 = $03 $06 Intensity mW/(m^2 nm)
Unit3 = $f0 $06 Error mW/(m^2 nm)
Unit4 = $f1 $00 Status 
p999 = 7307
[END] of [Attributes]
[DATA]
 0 6 0 0
 185.260577530984 -NAN 0 0
 187.468128380571 -NAN 0 0
 189.674861895872 -NAN 0 0
 191.880784034125 -NAN 0 0
 194.085900752568 -NAN 0 0
 196.290218008439 -NAN 0 0
 198.493741758976 -NAN 0 0
 200.696477961417 -NAN 0 0
 202.898432573 -NAN 0 0
 205.099611550963 -NAN 0 0
 207.300020852544 -NAN 0 0
 209.499666434981 -NAN 0 0
 211.698554255512 -NAN 0 0
 213.896690271375 -NAN 0 0
 216.094080439808 -NAN 0 0
 218.290730718049 -NAN 0 0
 220.486647063336 -NAN 0 0
 222.681835432907 -NAN 0 0
 224.876301784 -NAN 0 0
 227.070052073853 -NAN 0 0
 229.263092259704 -NAN 0 0
 231.455428298791 -NAN 0 0
 233.647066148352 -NAN 0 0
 235.838011765625 -NAN 0 0
 238.028271107848 -NAN 0 0
 240.217850132259 -NAN 0 0
 242.406754796096 -NAN 0 0
 244.594991056597 -NAN 0 0
 246.782564871 -NAN 0 0
 248.969482196543 -NAN 0 0
 251.155748990464 -NAN 0 0
 253.341371210001 -NAN 0 0
 255.526354812392 -NAN 0 0
 257.710705754875 -NAN 0 0
 259.894429994688 -NAN 0 0
 262.077533489069 -NAN 0 0
 264.260022195256 -NAN 0 0
 266.441902070487 -NAN 0 0
 268.623179072 -NAN 0 0
 270.803859157033 -NAN 0 0
 272.983948282824 -NAN 0 0
 275.163452406611 -NAN 0 0
 277.342377485632 -NAN 0 0
 279.520729477125 -1.21501675829548 0 0
 281.698514338328 11.3202241939346 0 0
 283.875738026479 12.6068051809382 0 0
 286.052406498816 9.21614048508156 0 0
 288.228525712577 27.2165813078401 0 0
 290.404101625 32.4225823379063 0 0
 292.579140193323 35.1212204195364 0 0
 294.753647374784 58.952054487484 0 0
 296.927629126621 64.1891551017449 0 0
 299.101091406072 69.2707795422656 0 0
 301.274040170375 90.7109871538281 0 0
 303.446481376768 91.5038339508802 0 0
 305.618420982489 93.878404763993 0 0
 307.789864944776 106.502021975899 0 0
 309.960819220867 106.081629043128 0 0
 312.131289768 107.701984949568 0 0
 314.301282543413 112.519786274579 0 0
 316.470803504344 95.6356092113946 0 0
 318.639858608031 85.1874682463411 0 0
 320.808453811712 88.3564709387477 0 0
 322.976595072625 74.3031008655689 0 0
 325.144288348008 66.2188025415076 0 0
 327.311539595099 70.7709366604747 0 0
 329.478354771136 54.2078086992006 0 0
 331.644739833357 48.1796050913468 0 0
 333.810700739 53.6881400641911 0 0
 335.976243445303 37.5670212298017 0 0
 338.141373909504 32.8686277219464 0 0
 340.306098088841 37.5790304960592 0 0
 342.470421940552 23.3279348107854 0 0
 344.634351421875 21.6973269842262 0 0
 346.797892490048 26.0141306168089 0 0
 348.961051102309 13.7629609255841 0 0
 351.123833215896 14.0238861703384 0 0
 353.286244788047 18.0675914324313 0 0
 355.448291776 7.62216951372652 0 0
 357.609980136993 9.23248556961142 0 0
 359.771315828264 14.1766943961848 0 0
 361.932304807051 9.39194708105046 0 0
 364.092953030592 18.8411420393016 0 0
 366.253266456125 22.8346661745083 0 0
 368.413251040888 5.57659082306034 0 0
 370.572912742119 5.89802537783125 0 0
 372.732257517056 8.30941694293229 0 0
 374.891291322937 -3.13002712979735 0 0
 377.050020117 3.63671007731962 0 0
 379.208449856483 6.69443052686214 0 0
 381.366586498624 -4.89796411770385 0 0
 383.524436000661 3.42917859885212 0 0
 385.682004319832 5.4524786564946 0 0
 387.839297413375 -5.47627197187746 0 0
 389.996321238528 3.72255386183279 0 0
 392.153081752529 4.83732043147908 0 0
 394.309584912616 -5.53518333334321 0 0
 396.465836676027 4.37816600771449 0 0
 398.621843 5.27618987757003 0 0
 400.777609841773 0.466194668882368 0 0
 402.933143158584 18.4305056242012 0 0
 405.088448907671 20.2508227581795 0 0
 407.243533046272 7.70564364437048 0 0
 409.398401531625 11.2035716143816 0 0
 411.553060320968 7.57410649543753 0 0
 413.707515371539 2.14935107774532 0 0
 415.861772640576 13.3101338355031 0 0
 418.015838085317 14.9185351038784 0 0
 420.169717663 15.3831254719155 0 0
 422.323417330863 31.0901175900876 0 0
 424.476943046144 39.0693354779935 0 0
 426.630300766081 49.890654850323 0 0
 428.783496447912 78.0273630539914 0 0
 430.936536048875 106.60566527814 0 0
 433.089425526208 160.092545418503 0 0
 435.242170837149 229.848384212297 0 0
 437.394777938936 277.976642315962 0 0
 439.547252788807 327.129387739745 0 0
 441.699601344 420.306664538603 0 0
 443.851829561753 524.895871514671 0 0
 446.003943399304 627.273431473975 0 0
 448.155948813891 697.764306772931 0 0
 450.307851762752 690.083196740343 0 0
 452.459658203125 622.885551792611 0 0
 454.611374092248 531.777794685486 0 0
 456.763005387359 429.952019055491 0 0
 458.914558045696 356.502491613763 0 0
 461.066038024497 314.730761407341 0 0
 463.217451281 270.012557707923 0 0
 465.368803772443 235.272367004852 0 0
 467.520101456064 207.626588903324 0 0
 469.671350289101 165.901940827391 0 0
 471.822556228792 139.147934490139 0 0
 473.973725232375 126.518995267373 0 0
 476.124863257088 105.535832232299 0 0
 478.275976260169 100.289769303627 0 0
 480.427070198856 103.042899082744 0 0
 482.578151030387 91.8995581812503 0 0
 484.729224712 93.8103654387477 0 0
 486.880297200933 100.247288631373 0 0
 489.031374454424 93.6890288663955 0 0
 491.182462429711 101.12300655254 0 0
 493.333567084032 111.368999025196 0 0
 495.484694374625 108.078502625244 0 0
 497.635850258728 118.811453987379 0 0
 499.787040693579 128.640123655971 0 0
 501.938271636416 125.603467732295 0 0
 504.089549044477 -NAN 0 0
 506.240878875 -NAN 0 0
 508.392267085223 -NAN 0 0
 510.543719632384 -NAN 0 0
 512.695242473721 -NAN 0 0
 514.846841566472 -NAN 0 0
 516.998522867875 -NAN 0 0
 519.150292335168 -NAN 0 0
 521.302155925589 -NAN 0 0
 523.454119596376 -NAN 0 0
 525.606189304767 -NAN 0 0
 527.758371008 -NAN 0 0
 529.910670663313 -NAN 0 0
 532.063094227944 -NAN 0 0
 534.215647659131 -NAN 0 0
 536.368336914112 -NAN 0 0
 538.521167950125 -NAN 0 0
 540.674146724408 -NAN 0 0
 542.827279194199 -NAN 0 0
 544.980571316736 -NAN 0 0
 547.134029049257 -NAN 0 0
 549.287658349 -NAN 0 0
 551.441465173203 -NAN 0 0
 553.595455479104 -NAN 0 0
 555.749635223941 -NAN 0 0
 557.904010364952 -NAN 0 0
 560.058586859375 -NAN 0 0
 562.213370664448 -NAN 0 0
 564.368367737409 -NAN 0 0
 566.523584035496 -NAN 0 0
 568.679025515947 -NAN 0 0
 570.834698136 -NAN 0 0
 572.990607852893 -NAN 0 0
 575.146760623864 -NAN 0 0
 577.303162406151 -NAN 0 0
 579.459819156992 -NAN 0 0
 581.616736833625 -NAN 0 0
 583.773921393288 -NAN 0 0
 585.931378793219 -NAN 0 0
 588.089114990656 -NAN 0 0
 590.247135942837 -NAN 0 0
 592.405447607 -NAN 0 0
 594.564055940383 -NAN 0 0
 596.722966900224 -NAN 0 0
 598.882186443761 -NAN 0 0
 601.041720528232 -NAN 0 0
 603.201575110875 -NAN 0 0
 605.361756148928 -NAN 0 0
 607.522269599629 -NAN 0 0
 609.683121420216 -NAN 0 0
 611.844317567927 -NAN 0 0
 614.005864 -NAN 0 0
 616.167766673673 -NAN 0 0
 618.330031546184 -NAN 0 0
 620.492664574771 -NAN 0 0
 622.655671716672 -NAN 0 0
 624.819058929125 -NAN 0 0
 626.982832169368 -NAN 0 0
 629.146997394639 -NAN 0 0
 631.311560562176 -NAN 0 0
 633.476527629217 -NAN 0 0
 635.641904553 -NAN 0 0
 637.807697290763 -NAN 0 0
 639.973911799744 -NAN 0 0
 642.140554037181 -NAN 0 0
 644.307629960312 -NAN 0 0
 646.475145526375 -NAN 0 0
 648.643106692608 -NAN 0 0
 650.811519416249 -NAN 0 0
 652.980389654536 -NAN 0 0
 655.149723364707 -NAN 0 0
 657.319526504 -NAN 0 0
 659.489805029653 -NAN 0 0
 661.660564898904 -NAN 0 0
 663.831812068991 -NAN 0 0
 666.003552497152 -NAN 0 0
 668.175792140625 -NAN 0 0
 670.348536956648 -NAN 0 0
 672.521792902459 -NAN 0 0
 674.695565935296 -NAN 0 0
 676.869862012397 -NAN 0 0
 679.044687091 -NAN 0 0
 681.220047128343 -NAN 0 0
 683.395948081664 -NAN 0 0
 685.572395908201 -NAN 0 0
 687.749396565192 -NAN 0 0
 689.926956009875 -NAN 0 0
 692.105080199488 -NAN 0 0
 694.283775091269 -NAN 0 0
 696.463046642456 -NAN 0 0
 698.642900810287 -NAN 0 0
 700.823343552 -NAN 0 0
 703.004380824833 -NAN 0 0
 705.186018586024 -NAN 0 0
 707.368262792811 -NAN 0 0
 709.551119402432 -NAN 0 0
 711.734594372125 -NAN 0 0
 713.918693659128 -NAN 0 0
 716.103423220679 -NAN 0 0
 718.288789014016 -NAN 0 0
 720.474796996377 -NAN 0 0
 722.661453125 -NAN 0 0
 724.848763357123 -NAN 0 0
 727.036733649984 -NAN 0 0
 729.225369960821 -NAN 0 0
 731.414678246872 -NAN 0 0
 733.604664465375 -NAN 0 0
 735.795334573568 -NAN 0 0
[END] of [DATA]
[END] of Spectrum


[Spectrum]
Version            = 1
IDData             = 12ad_2026-06-08_14-50-05_000_284
IDDevice           = SAM_82E6
IDDataType         = SPECTRUM
IDDataTypeSub1     = CALIBRATED
IDDataTypeSub2     = 
IDDataTypeSub3     = 
DateTime           = 2026-06-08 14:50:05
PositionLatitude   = 0
PositionLongitude  = 0
Comment            = 20260608_FrameD
CommentSub1        = UV
CommentSub2        = left
CommentSub3        = 28cm
IDMethodType       = SAM Control
MethodName         = SAM_82E6
Mission            = No Mission
MissionSub         = 1
RecordType         = 0
[Attributes]
CalFactor = 1
IDBasisSpec = 
IDDataBack = DLAB_2024-11-11_10-40-48_641_639
IDDataCal = DLAB_2024-11-12_11-45-27_171_455
IntegrationTime = 128
P31 = -1
P31e = 0
PathLength = +INF
PathLengthCustomOn = 0
RAWDynamic = 65535
Salinity = 0
Temperature = -NAN
Unit1 = $01 $01 Wavelength nm
Unit2 = $03 $06 Intensity mW/(m^2 nm)
Unit3 = $f0 $06 Error mW/(m^2 nm)
Unit4 = $f1 $00 Status 
p999 = 7308
[END] of [Attributes]
[DATA]
 0 6 0 0
 185.260577530984 -NAN 0 0
 187.468128380571 -NAN 0 0
 189.674861895872 -NAN 0 0
 191.880784034125 -NAN 0 0
 194.085900752568 -NAN 0 0
 196.290218008439 -NAN 0 0
 198.493741758976 -NAN 0 0
 200.696477961417 -NAN 0 0
 202.898432573 -NAN 0 0
 205.099611550963 -NAN 0 0
 207.300020852544 -NAN 0 0
 209.499666434981 -NAN 0 0
 211.698554255512 -NAN 0 0
 213.896690271375 -NAN 0 0
 216.094080439808 -NAN 0 0
 218.290730718049 -NAN 0 0
 220.486647063336 -NAN 0 0
 222.681835432907 -NAN 0 0
 224.876301784 -NAN 0 0
 227.070052073853 -NAN 0 0
 229.263092259704 -NAN 0 0
 231.455428298791 -NAN 0 0
 233.647066148352 -NAN 0 0
 235.838011765625 -NAN 0 0
 238.028271107848 -NAN 0 0
 240.217850132259 -NAN 0 0
 242.406754796096 -NAN 0 0
 244.594991056597 -NAN 0 0
 246.782564871 -NAN 0 0
 248.969482196543 -NAN 0 0
 251.155748990464 -NAN 0 0
 253.341371210001 -NAN 0 0
 255.526354812392 -NAN 0 0
 257.710705754875 -NAN 0 0
 259.894429994688 -NAN 0 0
 262.077533489069 -NAN 0 0
 264.260022195256 -NAN 0 0
 266.441902070487 -NAN 0 0
 268.623179072 -NAN 0 0
 270.803859157033 -NAN 0 0
 272.983948282824 -NAN 0 0
 275.163452406611 -NAN 0 0
 277.342377485632 -NAN 0 0
 279.520729477125 11.0289673767959 0 0
 281.698514338328 3.13564449210717 0 0
 283.875738026479 9.4605523779516 0 0
 286.052406498816 23.1512170596961 0 0
 288.228525712577 17.4742176537976 0 0
 290.404101625 30.7532626040253 0 0
 292.579140193323 48.1935160640829 0 0
 294.753647374784 49.2503970570616 0 0
 296.927629126621 64.8569894462541 0 0
 299.101091406072 80.5587885415609 0 0
 301.274040170375 82.674392978894 0 0
 303.446481376768 94.0246037798997 0 0
 305.618420982489 103.948697297566 0 0
 307.789864944776 99.098806345992 0 0
 309.960819220867 110.112647395366 0 0
 312.131289768 117.793239606773 0 0
 314.301282543413 103.691788229093 0 0
 316.470803504344 101.116420731633 0 0
 318.639858608031 95.3117412050729 0 0
 320.808453811712 77.2923397665098 0 0
 322.976595072625 81.2695248310411 0 0
 325.144288348008 75.9175558623141 0 0
 327.311539595099 57.8203557915611 0 0
 329.478354771136 62.8617247041791 0 0
 331.644739833357 56.8195877719347 0 0
 333.810700739 40.9049947725428 0 0
 335.976243445303 46.7309083602918 0 0
 338.141373909504 40.0282868803858 0 0
 340.306098088841 26.0040962865615 0 0
 342.470421940552 32.9026256931445 0 0
 344.634351421875 27.0444206211958 0 0
 346.797892490048 16.0821328102741 0 0
 348.961051102309 23.2188234557628 0 0
 351.123833215896 17.8970583261835 0 0
 353.286244788047 9.57321962591373 0 0
 355.448291776 16.9589825909219 0 0
 357.609980136993 11.9545200888303 0 0
 359.771315828264 6.26241832612554 0 0
 361.932304807051 19.6345459949341 0 0
 364.092953030592 20.7356339435603 0 0
 366.253266456125 14.9775668282513 0 0
 368.413251040888 17.6923207550511 0 0
 370.572912742119 6.37781473996267 0 0
 372.732257517056 0.354522759420779 0 0
 374.891291322937 10.8147886295454 0 0
 377.050020117 2.54971528897577 0 0
 379.208449856483 -1.26000591481348 0 0
 381.366586498624 10.2437640959983 0 0
 383.524436000661 0.876645961759978 0 0
 385.682004319832 -1.45448265618223 0 0
 387.839297413375 9.80607047949008 0 0
 389.996321238528 -0.342500513381313 0 0
 392.153081752529 -1.42642023792645 0 0
 394.309584912616 9.3448210890673 0 0
 396.465836676027 -1.02951102457414 0 0
 398.621843 0.0271742373273658 0 0
 400.777609841773 14.0486426975953 0 0
 402.933143158584 12.4817220634728 0 0
 405.088448907671 16.5630174214235 0 0
 407.243533046272 19.8137809698975 0 0
 409.398401531625 4.3400423636193 0 0
 411.553060320968 4.79906244953887 0 0
 413.707515371539 12.3676472945049 0 0
 415.861772640576 6.40673960882643 0 0
 418.015838085317 13.0292404913145 0 0
 420.169717663 23.91814706 0 0
 422.323417330863 24.1391081800724 0 0
 424.476943046144 38.2740090194961 0 0
 426.630300766081 57.2277645356539 0 0
 428.783496447912 71.0661291961423 0 0
 430.936536048875 106.727620069888 0 0
 433.089425526208 167.090801892989 0 0
 435.242170837149 223.938987796294 0 0
 437.394777938936 280.137957999092 0 0
 439.547252788807 333.334565689294 0 0
 441.699601344 412.498142644051 0 0
 443.851829561753 526.827758967226 0 0
 446.003943399304 632.851695079743 0 0
 448.155948813891 689.397254803077 0 0
 450.307851762752 692.862585518227 0 0
 452.459658203125 628.258148604005 0 0
 454.611374092248 522.38426576799 0 0
 456.763005387359 434.06790184207 0 0
 458.914558045696 361.823993112663 0 0
 461.066038024497 304.812909795998 0 0
 463.217451281 275.494523344952 0 0
 465.368803772443 240.311530873686 0 0
 467.520101456064 197.644671822792 0 0
 469.671350289101 172.745499457402 0 0
 471.822556228792 143.795696247589 0 0
 473.973725232375 116.831577817134 0 0
 476.124863257088 113.491656276439 0 0
 478.275976260169 104.254694860795 0 0
 480.427070198856 93.704337689625 0 0
 482.578151030387 100.90463532077 0 0
 484.729224712 96.9128212381879 0 0
 486.880297200933 91.6139013796011 0 0
 489.031374454424 103.441624435599 0 0
 491.182462429711 103.33885931706 0 0
 493.333567084032 103.317385412247 0 0
 495.484694374625 118.761637775039 0 0
 497.635850258728 119.586028669265 0 0
 499.787040693579 121.756160319431 0 0
 501.938271636416 136.398026439281 0 0
 504.089549044477 -NAN 0 0
 506.240878875 -NAN 0 0
 508.392267085223 -NAN 0 0
 510.543719632384 -NAN 0 0
 512.695242473721 -NAN 0 0
 514.846841566472 -NAN 0 0
 516.998522867875 -NAN 0 0
 519.150292335168 -NAN 0 0
 521.302155925589 -NAN 0 0
 523.454119596376 -NAN 0 0
 525.606189304767 -NAN 0 0
 527.758371008 -NAN 0 0
 529.910670663313 -NAN 0 0
 532.063094227944 -NAN 0 0
 534.215647659131 -NAN 0 0
 536.368336914112 -NAN 0 0
 538.521167950125 -NAN 0 0
 540.674146724408 -NAN 0 0
 542.827279194199 -NAN 0 0
 544.980571316736 -NAN 0 0
 547.134029049257 -NAN 0 0
 549.287658349 -NAN 0 0
 551.441465173203 -NAN 0 0
 553.595455479104 -NAN 0 0
 555.749635223941 -NAN 0 0
 557.904010364952 -NAN 0 0
 560.058586859375 -NAN 0 0
 562.213370664448 -NAN 0 0
 564.368367737409 -NAN 0 0
 566.523584035496 -NAN 0 0
 568.679025515947 -NAN 0 0
 570.834698136 -NAN 0 0
 572.990607852893 -NAN 0 0
 575.146760623864 -NAN 0 0
 577.303162406151 -NAN 0 0
 579.459819156992 -NAN 0 0
 581.616736833625 -NAN 0 0
 583.773921393288 -NAN 0 0
 585.931378793219 -NAN 0 0
 588.089114990656 -NAN 0 0
 590.247135942837 -NAN 0 0
 592.405447607 -NAN 0 0
 594.564055940383 -NAN 0 0
 596.722966900224 -NAN 0 0
 598.882186443761 -NAN 0 0
 601.041720528232 -NAN 0 0
 603.201575110875 -NAN 0 0
 605.361756148928 -NAN 0 0
 607.522269599629 -NAN 0 0
 609.683121420216 -NAN 0 0
 611.844317567927 -NAN 0 0
 614.005864 -NAN 0 0
 616.167766673673 -NAN 0 0
 618.330031546184 -NAN 0 0
 620.492664574771 -NAN 0 0
 622.655671716672 -NAN 0 0
 624.819058929125 -NAN 0 0
 626.982832169368 -NAN 0 0
 629.146997394639 -NAN 0 0
 631.311560562176 -NAN 0 0
 633.476527629217 -NAN 0 0
 635.641904553 -NAN 0 0
 637.807697290763 -NAN 0 0
 639.973911799744 -NAN 0 0
 642.140554037181 -NAN 0 0
 644.307629960312 -NAN 0 0
 646.475145526375 -NAN 0 0
 648.643106692608 -NAN 0 0
 650.811519416249 -NAN 0 0
 652.980389654536 -NAN 0 0
 655.149723364707 -NAN 0 0
 657.319526504 -NAN 0 0
 659.489805029653 -NAN 0 0
 661.660564898904 -NAN 0 0
 663.831812068991 -NAN 0 0
 666.003552497152 -NAN 0 0
 668.175792140625 -NAN 0 0
 670.348536956648 -NAN 0 0
 672.521792902459 -NAN 0 0
 674.695565935296 -NAN 0 0
 676.869862012397 -NAN 0 0
 679.044687091 -NAN 0 0
 681.220047128343 -NAN 0 0
 683.395948081664 -NAN 0 0
 685.572395908201 -NAN 0 0
 687.749396565192 -NAN 0 0
 689.926956009875 -NAN 0 0
 692.105080199488 -NAN 0 0
 694.283775091269 -NAN 0 0
 696.463046642456 -NAN 0 0
 698.642900810287 -NAN 0 0
 700.823343552 -NAN 0 0
 703.004380824833 -NAN 0 0
 705.186018586024 -NAN 0 0
 707.368262792811 -NAN 0 0
 709.551119402432 -NAN 0 0
 711.734594372125 -NAN 0 0
 713.918693659128 -NAN 0 0
 716.103423220679 -NAN 0 0
 718.288789014016 -NAN 0 0
 720.474796996377 -NAN 0 0
 722.661453125 -NAN 0 0
 724.848763357123 -NAN 0 0
 727.036733649984 -NAN 0 0
 729.225369960821 -NAN 0 0
 731.414678246872 -NAN 0 0
 733.604664465375 -NAN 0 0
 735.795334573568 -NAN 0 0
[END] of [DATA]
[END] of Spectrum


[Spectrum]
Version            = 1
IDData             = 12ad_2026-06-08_14-50-10_000_287
IDDevice           = SAM_82E6
IDDataType         = SPECTRUM
IDDataTypeSub1     = CALIBRATED
IDDataTypeSub2     = 
IDDataTypeSub3     = 
DateTime           = 2026-06-08 14:50:10
PositionLatitude   = 0
PositionLongitude  = 0
Comment            = 20260608_FrameD
CommentSub1        = UV
CommentSub2        = left
CommentSub3        = 28cm
IDMethodType       = SAM Control
MethodName         = SAM_82E6
Mission            = No Mission
MissionSub         = 1
RecordType         = 0
[Attributes]
CalFactor = 1
IDBasisSpec = 
IDDataBack = DLAB_2024-11-11_10-40-48_641_639
IDDataCal = DLAB_2024-11-12_11-45-27_171_455
IntegrationTime = 128
P31 = -1
P31e = 0
PathLength = +INF
PathLengthCustomOn = 0
RAWDynamic = 65535
Salinity = 0
Temperature = -NAN
Unit1 = $01 $01 Wavelength nm
Unit2 = $03 $06 Intensity mW/(m^2 nm)
Unit3 = $f0 $06 Error mW/(m^2 nm)
Unit4 = $f1 $00 Status 
p999 = 7309
[END] of [Attributes]
[DATA]
 0 6 0 0
 185.260577530984 -NAN 0 0
 187.468128380571 -NAN 0 0
 189.674861895872 -NAN 0 0
 191.880784034125 -NAN 0 0
 194.085900752568 -NAN 0 0
 196.290218008439 -NAN 0 0
 198.493741758976 -NAN 0 0
 200.696477961417 -NAN 0 0
 202.898432573 -NAN 0 0
 205.099611550963 -NAN 0 0
 207.300020852544 -NAN 0 0
 209.499666434981 -NAN 0 0
 211.698554255512 -NAN 0 0
 213.896690271375 -NAN 0 0
 216.094080439808 -NAN 0 0
 218.290730718049 -NAN 0 0
 220.486647063336 -NAN 0 0
 222.681835432907 -NAN 0 0
 224.876301784 -NAN 0 0
 227.070052073853 -NAN 0 0
 229.263092259704 -NAN 0 0
 231.455428298791 -NAN 0 0
 233.647066148352 -NAN 0 0
 235.838011765625 -NAN 0 0
 238.028271107848 -NAN 0 0
 240.217850132259 -NAN 0 0
 242.406754796096 -NAN 0 0
 244.594991056597 -NAN 0 0
 246.782564871 -NAN 0 0
 248.969482196543 -NAN 0 0
 251.155748990464 -NAN 0 0
 253.341371210001 -NAN 0 0
 255.526354812392 -NAN 0 0
 257.710705754875 -NAN 0 0
 259.894429994688 -NAN 0 0
 262.077533489069 -NAN 0 0
 264.260022195256 -NAN 0 0
 266.441902070487 -NAN 0 0
 268.623179072 -NAN 0 0
 270.803859157033 -NAN 0 0
 272.983948282824 -NAN 0 0
 275.163452406611 -NAN 0 0
 277.342377485632 -NAN 0 0
 279.520729477125 0.486090069260948 0 0
 281.698514338328 13.6004010309932 0 0
 283.875738026479 11.2567972457249 0 0
 286.052406498816 12.0356777540857 0 0
 288.228525712577 30.4115035061511 0 0
 290.404101625 31.3203659979396 0 0
 292.579140193323 38.7973630808451 0 0
 294.753647374784 62.7434753512354 0 0
 296.927629126621 64.8493715639974 0 0
 299.101091406072 74.0519759216124 0 0
 301.274040170375 95.3663171899002 0 0
 303.446481376768 93.5069066832987 0 0
 305.618420982489 99.2576874693467 0 0
 307.789864944776 111.425384839219 0 0
 309.960819220867 108.725026064461 0 0
 312.131289768 113.897619220595 0 0
 314.301282543413 116.933785297322 0 0
 316.470803504344 97.8983071461874 0 0
 318.639858608031 90.8812461517219 0 0
 320.808453811712 91.468590606781 0 0
 322.976595072625 75.6165122470285 0 0
 325.144288348008 71.1533572974642 0 0
 327.311539595099 72.8790343839858 0 0
 329.478354771136 54.8206332770712 0 0
 331.644739833357 52.7335096022256 0 0
 333.810700739 55.2838129016618 0 0
 335.976243445303 37.5379479838293 0 0
 338.141373909504 36.9610653028982 0 0
 340.306098088841 38.2115257284262 0 0
 342.470421940552 23.2074655053728 0 0
 344.634351421875 25.2260063693007 0 0
 346.797892490048 26.1856635392764 0 0
 348.961051102309 13.5941062375452 0 0
 351.123833215896 17.144812173372 0 0
 353.286244788047 17.8102523122339 0 0
 355.448291776 7.25213913370863 0 0
 357.609980136993 12.2564924469812 0 0
 359.771315828264 13.5743575384472 0 0
 361.932304807051 9.25139683866441 0 0
 364.092953030592 22.1920669331274 0 0
 366.253266456125 22.4539565450672 0 0
 368.413251040888 5.83602310297289 0 0
 370.572912742119 9.21887111991367 0 0
 372.732257517056 7.32059933205959 0 0
 374.891291322937 -2.69710863051965 0 0
 377.050020117 7.15978709436301 0 0
 379.208449856483 5.8099822807082 0 0
 381.366586498624 -3.83236181481685 0 0
 383.524436000661 6.98225855026101 0 0
 385.682004319832 4.55354958944111 0 0
 387.839297413375 -4.07640600284806 0 0
 389.996321238528 7.08247440969461 0 0
 392.153081752529 3.7105686761496 0 0
 394.309584912616 -3.84427373988747 0 0
 396.465836676027 7.42031996877854 0 0
 398.621843 3.93607213322092 0 0
 400.777609841773 2.54699865642936 0 0
 402.933143158584 21.7356670060461 0 0
 405.088448907671 19.4081064154031 0 0
 407.243533046272 10.0982838105412 0 0
 409.398401531625 13.4906508104619 0 0
 411.553060320968 6.08290635630597 0 0
 413.707515371539 3.8654817896736 0 0
 415.861772640576 15.1268165267339 0 0
 418.015838085317 13.235667061886 0 0
 420.169717663 16.9989331500854 0 0
 422.323417330863 32.5220694759232 0 0
 424.476943046144 37.5976264733186 0 0
 426.630300766081 51.3805197111326 0 0
 428.783496447912 79.0422971257825 0 0
 430.936536048875 105.432262417003 0 0
 433.089425526208 162.830641600446 0 0
 435.242170837149 232.882204714751 0 0
 437.394777938936 278.680029076744 0 0
 439.547252788807 329.195084361636 0 0
 441.699601344 420.556537239229 0 0
 443.851829561753 523.462859678114 0 0
 446.003943399304 628.596130175588 0 0
 448.155948813891 697.541442762828 0 0
 450.307851762752 688.312035299796 0 0
 452.459658203125 624.417668193654 0 0
 454.611374092248 531.330846053048 0 0
 456.763005387359 428.210383644851 0 0
 458.914558045696 358.332880538929 0 0
 461.066038024497 313.921764676356 0 0
 463.217451281 268.327876339363 0 0
 465.368803772443 237.379231496304 0 0
 467.520101456064 206.718362971533 0 0
 469.671350289101 164.379947244063 0 0
 471.822556228792 141.565819957561 0 0
 473.973725232375 125.565448607688 0 0
 476.124863257088 104.337919399603 0 0
 478.275976260169 103.147893892483 0 0
 480.427070198856 101.837707834252 0 0
 482.578151030387 90.8526119297791 0 0
 484.729224712 96.7854149121302 0 0
 486.880297200933 99.1779030116927 0 0
 489.031374454424 93.0020057273993 0 0
 491.182462429711 104.297126288813 0 0
 493.333567084032 110.344734019124 0 0
 495.484694374625 107.837213414443 0 0
 497.635850258728 121.811010899952 0 0
 499.787040693579 127.737772176292 0 0
 501.938271636416 125.523826920299 0 0
 504.089549044477 -NAN 0 0
 506.240878875 -NAN 0 0
 508.392267085223 -NAN 0 0
 510.543719632384 -NAN 0 0
 512.695242473721 -NAN 0 0
 514.846841566472 -NAN 0 0
 516.998522867875 -NAN 0 0
 519.150292335168 -NAN 0 0
 521.302155925589 -NAN 0 0
 523.454119596376 -NAN 0 0
 525.606189304767 -NAN 0 0
 527.758371008 -NAN 0 0
 529.910670663313 -NAN 0 0
 532.063094227944 -NAN 0 0
 534.215647659131 -NAN 0 0
 536.368336914112 -NAN 0 0
 538.521167950125 -NAN 0 0
 540.674146724408 -NAN 0 0
 542.827279194199 -NAN 0 0
 544.980571316736 -NAN 0 0
 547.134029049257 -NAN 0 0
 549.287658349 -NAN 0 0
 551.441465173203 -NAN 0 0
 553.595455479104 -NAN 0 0
 555.749635223941 -NAN 0 0
 557.904010364952 -NAN 0 0
 560.058586859375 -NAN 0 0
 562.213370664448 -NAN 0 0
 564.368367737409 -NAN 0 0
 566.523584035496 -NAN 0 0
 568.679025515947 -NAN 0 0
 570.834698136 -NAN 0 0
 572.990607852893 -NAN 0 0
 575.146760623864 -NAN 0 0
 577.303162406151 -NAN 0 0
 579.459819156992 -NAN 0 0
 581.616736833625 -NAN 0 0
 583.773921393288 -NAN 0 0
 585.931378793219 -NAN 0 0
 588.089114990656 -NAN 0 0
 590.247135942837 -NAN 0 0
 592.405447607 -NAN 0 0
 594.564055940383 -NAN 0 0
 596.722966900224 -NAN 0 0
 598.882186443761 -NAN 0 0
 601.041720528232 -NAN 0 0
 603.201575110875 -NAN 0 0
 605.361756148928 -NAN 0 0
 607.522269599629 -NAN 0 0
 609.683121420216 -NAN 0 0
 611.844317567927 -NAN 0 0
 614.005864 -NAN 0 0
 616.167766673673 -NAN 0 0
 618.330031546184 -NAN 0 0
 620.492664574771 -NAN 0 0
 622.655671716672 -NAN 0 0
 624.819058929125 -NAN 0 0
 626.982832169368 -NAN 0 0
 629.146997394639 -NAN 0 0
 631.311560562176 -NAN 0 0
 633.476527629217 -NAN 0 0
 635.641904553 -NAN 0 0
 637.807697290763 -NAN 0 0
 639.973911799744 -NAN 0 0
 642.140554037181 -NAN 0 0
 644.307629960312 -NAN 0 0
 646.475145526375 -NAN 0 0
 648.643106692608 -NAN 0 0
 650.811519416249 -NAN 0 0
 652.980389654536 -NAN 0 0
 655.149723364707 -NAN 0 0
 657.319526504 -NAN 0 0
 659.489805029653 -NAN 0 0
 661.660564898904 -NAN 0 0
 663.831812068991 -NAN 0 0
 666.003552497152 -NAN 0 0
 668.175792140625 -NAN 0 0
 670.348536956648 -NAN 0 0
 672.521792902459 -NAN 0 0
 674.695565935296 -NAN 0 0
 676.869862012397 -NAN 0 0
 679.044687091 -NAN 0 0
 681.220047128343 -NAN 0 0
 683.395948081664 -NAN 0 0
 685.572395908201 -NAN 0 0
 687.749396565192 -NAN 0 0
 689.926956009875 -NAN 0 0
 692.105080199488 -NAN 0 0
 694.283775091269 -NAN 0 0
 696.463046642456 -NAN 0 0
 698.642900810287 -NAN 0 0
 700.823343552 -NAN 0 0
 703.004380824833 -NAN 0 0
 705.186018586024 -NAN 0 0
 707.368262792811 -NAN 0 0
 709.551119402432 -NAN 0 0
 711.734594372125 -NAN 0 0
 713.918693659128 -NAN 0 0
 716.103423220679 -NAN 0 0
 718.288789014016 -NAN 0 0
 720.474796996377 -NAN 0 0
 722.661453125 -NAN 0 0
 724.848763357123 -NAN 0 0
 727.036733649984 -NAN 0 0
 729.225369960821 -NAN 0 0
 731.414678246872 -NAN 0 0
 733.604664465375 -NAN 0 0
 735.795334573568 -NAN 0 0
[END] of [DATA]
[END] of Spectrum


[Spectrum]
Version            = 1
IDData             = 12ad_2026-06-08_14-50-15_000_290
IDDevice           = SAM_82E6
IDDataType         = SPECTRUM
IDDataTypeSub1     = CALIBRATED
IDDataTypeSub2     = 
IDDataTypeSub3     = 
DateTime           = 2026-06-08 14:50:15
PositionLatitude   = 0
PositionLongitude  = 0
Comment            = 20260608_FrameD
CommentSub1        = UV
CommentSub2        = left
CommentSub3        = 28cm
IDMethodType       = SAM Control
MethodName         = SAM_82E6
Mission            = No Mission
MissionSub         = 1
RecordType         = 0
[Attributes]
CalFactor = 1
IDBasisSpec = 
IDDataBack = DLAB_2024-11-11_10-40-48_641_639
IDDataCal = DLAB_2024-11-12_11-45-27_171_455
IntegrationTime = 128
P31 = -1
P31e = 0
PathLength = +INF
PathLengthCustomOn = 0
RAWDynamic = 65535
Salinity = 0
Temperature = -NAN
Unit1 = $01 $01 Wavelength nm
Unit2 = $03 $06 Intensity mW/(m^2 nm)
Unit3 = $f0 $06 Error mW/(m^2 nm)
Unit4 = $f1 $00 Status 
p999 = 7310
[END] of [Attributes]
[DATA]
 0 6 0 0
 185.260577530984 -NAN 0 0
 187.468128380571 -NAN 0 0
 189.674861895872 -NAN 0 0
 191.880784034125 -NAN 0 0
 194.085900752568 -NAN 0 0
 196.290218008439 -NAN 0 0
 198.493741758976 -NAN 0 0
 200.696477961417 -NAN 0 0
 202.898432573 -NAN 0 0
 205.099611550963 -NAN 0 0
 207.300020852544 -NAN 0 0
 209.499666434981 -NAN 0 0
 211.698554255512 -NAN 0 0
 213.896690271375 -NAN 0 0
 216.094080439808 -NAN 0 0
 218.290730718049 -NAN 0 0
 220.486647063336 -NAN 0 0
 222.681835432907 -NAN 0 0
 224.876301784 -NAN 0 0
 227.070052073853 -NAN 0 0
 229.263092259704 -NAN 0 0
 231.455428298791 -NAN 0 0
 233.647066148352 -NAN 0 0
 235.838011765625 -NAN 0 0
 238.028271107848 -NAN 0 0
 240.217850132259 -NAN 0 0
 242.406754796096 -NAN 0 0
 244.594991056597 -NAN 0 0
 246.782564871 -NAN 0 0
 248.969482196543 -NAN 0 0
 251.155748990464 -NAN 0 0
 253.341371210001 -NAN 0 0
 255.526354812392 -NAN 0 0
 257.710705754875 -NAN 0 0
 259.894429994688 -NAN 0 0
 262.077533489069 -NAN 0 0
 264.260022195256 -NAN 0 0
 266.441902070487 -NAN 0 0
 268.623179072 -NAN 0 0
 270.803859157033 -NAN 0 0
 272.983948282824 -NAN 0 0
 275.163452406611 -NAN 0 0
 277.342377485632 -NAN 0 0
 279.520729477125 11.3241081660571 0 0
 281.698514338328 4.2691957064018 0 0
 283.875738026479 9.23602176947994 0 0
 286.052406498816 23.9918514977771 0 0
 288.228525712577 19.2579298228098 0 0
 290.404101625 30.967016960193 0 0
 292.579140193323 50.1514003265667 0 0
 294.753647374784 51.9646163974295 0 0
 296.927629126621 66.369139074221 0 0
 299.101091406072 83.5226059382297 0 0
 301.274040170375 86.4582990725209 0 0
 303.446481376768 96.563940804367 0 0
 305.618420982489 107.881531534567 0 0
 307.789864944776 103.277144477281 0 0
 309.960819220867 113.131048000674 0 0
 312.131289768 122.25261095005 0 0
 314.301282543413 108.048809919878 0 0
 316.470803504344 103.847052418599 0 0
 318.639858608031 98.8352969400114 0 0
 320.808453811712 80.4350748119446 0 0
 322.976595072625 83.2733912320903 0 0
 325.144288348008 78.9882983918401 0 0
 327.311539595099 60.463540906645 0 0
 329.478354771136 63.8835948133953 0 0
 331.644739833357 58.8493026888446 0 0
 333.810700739 42.694575904734 0 0
 335.976243445303 47.5464129098167 0 0
 338.141373909504 41.5492580197718 0 0
 340.306098088841 27.1075697284379 0 0
 342.470421940552 33.2129650994792 0 0
 344.634351421875 28.2252580918248 0 0
 346.797892490048 16.8467830914145 0 0
 348.961051102309 23.2431107739054 0 0
 351.123833215896 18.7265440393284 0 0
 353.286244788047 9.83164916611202 0 0
 355.448291776 16.8460372714397 0 0
 357.609980136993 12.6516264900937 0 0
 359.771315828264 6.42053175128166 0 0
 361.932304807051 19.5390157520623 0 0
 364.092953030592 21.5112691868414 0 0
 366.253266456125 15.3384235015559 0 0
 368.413251040888 17.5432078091201 0 0
 370.572912742119 6.96938748751215 0 0
 372.732257517056 0.170587029693799 0 0
 374.891291322937 10.3348137716506 0 0
 377.050020117 2.97596070724766 0 0
 379.208449856483 -1.48251741977942 0 0
 381.366586498624 9.86642216646136 0 0
 383.524436000661 1.39255317070455 0 0
 385.682004319832 -1.83425173988995 0 0
 387.839297413375 9.47877388146802 0 0
 389.996321238528 0.192670777896011 0 0
 392.153081752529 -1.62207540726322 0 0
 394.309584912616 8.98073007176675 0 0
 396.465836676027 -0.518010292374049 0 0
 398.621843 -0.183794793713732 0 0
 400.777609841773 14.3568617882507 0 0
 402.933143158584 13.6717322389146 0 0
 405.088448907671 17.1416171261577 0 0
 407.243533046272 20.5444034635395 0 0
 409.398401531625 5.08597851424471 0 0
 411.553060320968 4.56413225010468 0 0
 413.707515371539 12.4471959987043 0 0
 415.861772640576 6.63025281634301 0 0
 418.015838085317 12.7490901455389 0 0
 420.169717663 23.8698998752303 0 0
 422.323417330863 24.3725785962412 0 0
 424.476943046144 38.0689639169147 0 0
 426.630300766081 57.1682044687965 0 0
 428.783496447912 71.3873001939433 0 0
 430.936536048875 106.804253824161 0 0
 433.089425526208 168.317358875734 0 0
 435.242170837149 226.04172271251 0 0
 437.394777938936 281.607876468499 0 0
 439.547252788807 333.992126908401 0 0
 441.699601344 412.885280940086 0 0
 443.851829561753 526.604269387576 0 0
 446.003943399304 632.654060280214 0 0
 448.155948813891 689.463061105273 0 0
 450.307851762752 692.735429834359 0 0
 452.459658203125 628.160886075523 0 0
 454.611374092248 522.47270453994 0 0
 456.763005387359 433.666661845561 0 0
 458.914558045696 361.82698720578 0 0
 461.066038024497 305.091066102747 0 0
 463.217451281 275.329378870476 0 0
 465.368803772443 240.2956977237 0 0
 467.520101456064 197.64788488623 0 0
 469.671350289101 172.456472226429 0 0
 471.822556228792 143.62189706616 0 0
 473.973725232375 116.953799155731 0 0
 476.124863257088 113.196053017354 0 0
 478.275976260169 104.078006754408 0 0
 480.427070198856 93.8680743934405 0 0
 482.578151030387 100.666895926779 0 0
 484.729224712 96.9161740362421 0 0
 486.880297200933 91.6575269435839 0 0
 489.031374454424 103.303996021761 0 0
 491.182462429711 103.382416906685 0 0
 493.333567084032 103.581244984464 0 0
 495.484694374625 118.40634494629 0 0
 497.635850258728 119.549823337109 0 0
 499.787040693579 121.759421830803 0 0
 501.938271636416 136.246278405613 0 0
 504.089549044477 -NAN 0 0
 506.240878875 -NAN 0 0
 508.392267085223 -NAN 0 0
 510.543719632384 -NAN 0 0
 512.695242473721 -NAN 0 0
 514.846841566472 -NAN 0 0
 516.998522867875 -NAN 0 0
 519.150292335168 -NAN 0 0
 521.302155925589 -NAN 0 0
 523.454119596376 -NAN 0 0
 525.606189304767 -NAN 0 0
 527.758371008 -NAN 0 0
 529.910670663313 -NAN 0 0
 532.063094227944 -NAN 0 0
 534.215647659131 -NAN 0 0
 536.368336914112 -NAN 0 0
 538.521167950125 -NAN 0 0
 540.674146724408 -NAN 0 0
 542.827279194199 -NAN 0 0
 544.980571316736 -NAN 0 0
 547.134029049257 -NAN 0 0
 549.287658349 -NAN 0 0
 551.441465173203 -NAN 0 0
 553.595455479104 -NAN 0 0
 555.749635223941 -NAN 0 0
 557.904010364952 -NAN 0 0
 560.058586859375 -NAN 0 0
 562.213370664448 -NAN 0 0
 564.368367737409 -NAN 0 0
 566.523584035496 -NAN 0 0
 568.679025515947 -NAN 0 0
 570.834698136 -NAN 0 0
 572.990607852893 -NAN 0 0
 575.146760623864 -NAN 0 0
 577.303162406151 -NAN 0 0
 579.459819156992 -NAN 0 0
 581.616736833625 -NAN 0 0
 583.773921393288 -NAN 0 0
 585.931378793219 -NAN 0 0
 588.089114990656 -NAN 0 0
 590.247135942837 -NAN 0 0
 592.405447607 -NAN 0 0
 594.564055940383 -NAN 0 0
 596.722966900224 -NAN 0 0
 598.882186443761 -NAN 0 0
 601.041720528232 -NAN 0 0
 603.201575110875 -NAN 0 0
 605.361756148928 -NAN 0 0
 607.522269599629 -NAN 0 0
 609.683121420216 -NAN 0 0
 611.844317567927 -NAN 0 0
 614.005864 -NAN 0 0
 616.167766673673 -NAN 0 0
 618.330031546184 -NAN 0 0
 620.492664574771 -NAN 0 0
 622.655671716672 -NAN 0 0
 624.819058929125 -NAN 0 0
 626.982832169368 -NAN 0 0
 629.146997394639 -NAN 0 0
 631.311560562176 -NAN 0 0
 633.476527629217 -NAN 0 0
 635.641904553 -NAN 0 0
 637.807697290763 -NAN 0 0
 639.973911799744 -NAN 0 0
 642.140554037181 -NAN 0 0
 644.307629960312 -NAN 0 0
 646.475145526375 -NAN 0 0
 648.643106692608 -NAN 0 0
 650.811519416249 -NAN 0 0
 652.980389654536 -NAN 0 0
 655.149723364707 -NAN 0 0
 657.319526504 -NAN 0 0
 659.489805029653 -NAN 0 0
 661.660564898904 -NAN 0 0
 663.831812068991 -NAN 0 0
 666.003552497152 -NAN 0 0
 668.175792140625 -NAN 0 0
 670.348536956648 -NAN 0 0
 672.521792902459 -NAN 0 0
 674.695565935296 -NAN 0 0
 676.869862012397 -NAN 0 0
 679.044687091 -NAN 0 0
 681.220047128343 -NAN 0 0
 683.395948081664 -NAN 0 0
 685.572395908201 -NAN 0 0
 687.749396565192 -NAN 0 0
 689.926956009875 -NAN 0 0
 692.105080199488 -NAN 0 0
 694.283775091269 -NAN 0 0
 696.463046642456 -NAN 0 0
 698.642900810287 -NAN 0 0
 700.823343552 -NAN 0 0
 703.004380824833 -NAN 0 0
 705.186018586024 -NAN 0 0
 707.368262792811 -NAN 0 0
 709.551119402432 -NAN 0 0
 711.734594372125 -NAN 0 0
 713.918693659128 -NAN 0 0
 716.103423220679 -NAN 0 0
 718.288789014016 -NAN 0 0
 720.474796996377 -NAN 0 0
 722.661453125 -NAN 0 0
 724.848763357123 -NAN 0 0
 727.036733649984 -NAN 0 0
 729.225369960821 -NAN 0 0
 731.414678246872 -NAN 0 0
 733.604664465375 -NAN 0 0
 735.795334573568 -NAN 0 0
[END] of [DATA]
[END] of Spectrum


[Spectrum]
Version            = 1
IDData             = 12ad_2026-06-08_14-50-20_000_293
IDDevice           = SAM_82E6
IDDataType         = SPECTRUM
IDDataTypeSub1     = CALIBRATED
IDDataTypeSub2     = 
IDDataTypeSub3     = 
DateTime           = 2026-06-08 14:50:20
PositionLatitude   = 0
PositionLongitude  = 0
Comment            = 20260608_FrameD
CommentSub1        = UV
CommentSub2        = left
CommentSub3        = 28cm
IDMethodType       = SAM Control
MethodName         = SAM_82E6
Mission            = No Mission
MissionSub         = 1
RecordType         = 0
[Attributes]
CalFactor = 1
IDBasisSpec = 
IDDataBack = DLAB_2024-11-11_10-40-48_641_639
IDDataCal = DLAB_2024-11-12_11-45-27_171_455
IntegrationTime = 128
P31 = -1
P31e = 0
PathLength = +INF
PathLengthCustomOn = 0
RAWDynamic = 65535
Salinity = 0
Temperature = -NAN
Unit1 = $01 $01 Wavelength nm
Unit2 = $03 $06 Intensity mW/(m^2 nm)
Unit3 = $f0 $06 Error mW/(m^2 nm)
Unit4 = $f1 $00 Status 
p999 = 7311
[END] of [Attributes]
[DATA]
 0 6 0 0
 185.260577530984 -NAN 0 0
 187.468128380571 -NAN 0 0
 189.674861895872 -NAN 0 0
 191.880784034125 -NAN 0 0
 194.085900752568 -NAN 0 0
 196.290218008439 -NAN 0 0
 198.493741758976 -NAN 0 0
 200.696477961417 -NAN 0 0
 202.898432573 -NAN 0 0
 205.099611550963 -NAN 0 0
 207.300020852544 -NAN 0 0
 209.499666434981 -NAN 0 0
 211.698554255512 -NAN 0 0
 213.896690271375 -NAN 0 0
 216.094080439808 -NAN 0 0
 218.290730718049 -NAN 0 0
 220.486647063336 -NAN 0 0
 222.681835432907 -NAN 0 0
 224.876301784 -NAN 0 0
 227.070052073853 -NAN 0 0
 229.263092259704 -NAN 0 0
 231.455428298791 -NAN 0 0
 233.647066148352 -NAN 0 0
 235.838011765625 -NAN 0 0
 238.028271107848 -NAN 0 0
 240.217850132259 -NAN 0 0
 242.406754796096 -NAN 0 0
 244.594991056597 -NAN 0 0
 246.782564871 -NAN 0 0
 248.969482196543 -NAN 0 0
 251.155748990464 -NAN 0 0
 253.341371210001 -NAN 0 0
 255.526354812392 -NAN 0 0
 257.710705754875 -NAN 0 0
 259.894429994688 -NAN 0 0
 262.077533489069 -NAN 0 0
 264.260022195256 -NAN 0 0
 266.441902070487 -NAN 0 0
 268.623179072 -NAN 0 0
 270.803859157033 -NAN 0 0
 272.983948282824 -NAN 0 0
 275.163452406611 -NAN 0 0
 277.342377485632 -NAN 0 0
 279.520729477125 7.76124825856157 0 0
 281.698514338328 1.21109156541549 0 0
 283.875738026479 15.9733521658214 0 0
 286.052406498816 19.9164441269766 0 0
 288.228525712577 16.9899648721702 0 0
 290.404101625 38.5589318823117 0 0
 292.579140193323 46.4231038008146 0 0
 294.753647374784 51.448599911641 0 0
 296.927629126621 73.6150147474425 0 0
 299.101091406072 81.2285373863248 0 0
 301.274040170375 87.5664347117155 0 0
 303.446481376768 103.386839037419 0 0
 305.618420982489 106.17913159003 0 0
 307.789864944776 105.548561343229 0 0
 309.960819220867 119.823835307754 0 0
 312.131289768 120.268792711797 0 0
 314.301282543413 111.001165957482 0 0
 316.470803504344 110.797640189137 0 0
 318.639858608031 95.6873813199331 0 0
 320.808453811712 83.8866258381252 0 0
 322.976595072625 90.1849725381653 0 0
 325.144288348008 74.416111466119 0 0
 327.311539595099 64.3176361188223 0 0
 329.478354771136 70.2037201322598 0 0
 331.644739833357 53.8142476688515 0 0
 333.810700739 46.5594198552312 0 0
 335.976243445303 52.702553083016 0 0
 338.141373909504 36.1914510975579 0 0
 340.306098088841 30.7735989615351 0 0
 342.470421940552 36.5847962020605 0 0
 344.634351421875 22.7260011599179 0 0
 346.797892490048 20.2617378225108 0 0
 348.961051102309 25.3884905431669 0 0
 351.123833215896 13.6701513722901 0 0
 353.286244788047 12.8553838284321 0 0
 355.448291776 18.02819828202 0 0
 357.609980136993 7.44849284379764 0 0
 359.771315828264 9.57742224674564 0 0
 361.932304807051 19.9551762353773 0 0
 364.092953030592 16.208272479867 0 0
 366.253266456125 18.9341442041607 0 0
 368.413251040888 17.0207063481747 0 0
 370.572912742119 1.06998792224697 0 0
 372.732257517056 4.16368822610717 0 0
 374.891291322937 8.93253428485975 0 0
 377.050020117 -3.13079808462826 0 0
 379.208449856483 3.38054849063979 0 0
 381.366586498624 7.50202872782745 0 0
 383.524436000661 -4.69458340204916 0 0
 385.682004319832 3.41566469443669 0 0
 387.839297413375 6.29223687301951 0 0
 389.996321238528 -5.29248379543193 0 0
 392.153081752529 3.74942218495406 0 0
 394.309584912616 5.47209266534609 0 0
 396.465836676027 -5.22891861072082 0 0
 398.621843 5.52563753691422 0 0
 400.777609841773 10.706351292598 0 0
 402.933143158584 10.1828099673583 0 0
 405.088448907671 23.0025495917349 0 0
 407.243533046272 17.1455238630359 0 0
 409.398401531625 2.447129121172 0 0
 411.553060320968 9.70722858795263 0 0
 413.707515371539 9.08811938271121 0 0
 415.861772640576 5.12485564242992 0 0
 418.015838085317 17.5450674684835 0 0
 420.169717663 21.0952137393567 0 0
 422.323417330863 23.5824414623051 0 0
 424.476943046144 42.303899780186 0 0
 426.630300766081 54.4034089014889 0 0
 428.783496447912 71.1453682349699 0 0
 430.936536048875 110.780144838898 0 0
 433.089425526208 166.205090117991 0 0
 435.242170837149 227.6537395601 0 0
 437.394777938936 286.011237451622 0 0
 439.547252788807 331.488864948826 0 0
 441.699601344 413.803398724951 0 0
 443.851829561753 530.025250331507 0 0
 446.003943399304 629.34389127857 0 0
 448.155948813891 690.759006549848 0 0
 450.307851762752 695.885463903518 0 0
 452.459658203125 624.326889833737 0 0
 454.611374092248 524.322311114604 0 0
 456.763005387359 436.848270479684 0 0
 458.914558045696 357.60631394268 0 0
 461.066038024497 307.164502308735 0 0
 463.217451281 278.190844450244 0 0
 465.368803772443 235.223812011562 0 0
 467.520101456064 200.347929195245 0 0
 469.671350289101 174.756782585298 0 0
 471.822556228792 138.271287046707 0 0
 473.973725232375 119.551277874202 0 0
 476.124863257088 114.631998436954 0 0
 478.275976260169 98.5984529644993 0 0
 480.427070198856 96.6961525634224 0 0
 482.578151030387 101.331003623608 0 0
 484.729224712 90.9828390797478 0 0
 486.880297200933 94.9003605329707 0 0
 489.031374454424 103.063426030093 0 0
 491.182462429711 97.5736214287264 0 0
 493.333567084032 107.06931266275 0 0
 495.484694374625 117.471072546624 0 0
 497.635850258728 114.179365733948 0 0
 499.787040693579 125.361217556317 0 0
 501.938271636416 134.678215391049 0 0
 504.089549044477 -NAN 0 0
 506.240878875 -NAN 0 0
 508.392267085223 -NAN 0 0
 510.543719632384 -NAN 0 0
 512.695242473721 -NAN 0 0
 514.846841566472 -NAN 0 0
 516.998522867875 -NAN 0 0
 519.150292335168 -NAN 0 0
 521.302155925589 -NAN 0 0
 523.454119596376 -NAN 0 0
 525.606189304767 -NAN 0 0
 527.758371008 -NAN 0 0
 529.910670663313 -NAN 0 0
 532.063094227944 -NAN 0 0
 534.215647659131 -NAN 0 0
 536.368336914112 -NAN 0 0
 538.521167950125 -NAN 0 0
 540.674146724408 -NAN 0 0
 542.827279194199 -NAN 0 0
 544.980571316736 -NAN 0 0
 547.134029049257 -NAN 0 0
 549.287658349 -NAN 0 0
 551.441465173203 -NAN 0 0
 553.595455479104 -NAN 0 0
 555.749635223941 -NAN 0 0
 557.904010364952 -NAN 0 0
 560.058586859375 -NAN 0 0
 562.213370664448 -NAN 0 0
 564.368367737409 -NAN 0 0
 566.523584035496 -NAN 0 0
 568.679025515947 -NAN 0 0
 570.834698136 -NAN 0 0
 572.990607852893 -NAN 0 0
 575.146760623864 -NAN 0 0
 577.303162406151 -NAN 0 0
 579.459819156992 -NAN 0 0
 581.616736833625 -NAN 0 0
 583.773921393288 -NAN 0 0
 585.931378793219 -NAN 0 0
 588.089114990656 -NAN 0 0
 590.247135942837 -NAN 0 0
 592.405447607 -NAN 0 0
 594.564055940383 -NAN 0 0
 596.722966900224 -NAN 0 0
 598.882186443761 -NAN 0 0
 601.041720528232 -NAN 0 0
 603.201575110875 -NAN 0 0
 605.361756148928 -NAN 0 0
 607.522269599629 -NAN 0 0
 609.683121420216 -NAN 0 0
 611.844317567927 -NAN 0 0
 614.005864 -NAN 0 0
 616.167766673673 -NAN 0 0
 618.330031546184 -NAN 0 0
 620.492664574771 -NAN 0 0
 622.655671716672 -NAN 0 0
 624.819058929125 -NAN 0 0
 626.982832169368 -NAN 0 0
 629.146997394639 -NAN 0 0
 631.311560562176 -NAN 0 0
 633.476527629217 -NAN 0 0
 635.641904553 -NAN 0 0
 637.807697290763 -NAN 0 0
 639.973911799744 -NAN 0 0
 642.140554037181 -NAN 0 0
 644.307629960312 -NAN 0 0
 646.475145526375 -NAN 0 0
 648.643106692608 -NAN 0 0
 650.811519416249 -NAN 0 0
 652.980389654536 -NAN 0 0
 655.149723364707 -NAN 0 0
 657.319526504 -NAN 0 0
 659.489805029653 -NAN 0 0
 661.660564898904 -NAN 0 0
 663.831812068991 -NAN 0 0
 666.003552497152 -NAN 0 0
 668.175792140625 -NAN 0 0
 670.348536956648 -NAN 0 0
 672.521792902459 -NAN 0 0
 674.695565935296 -NAN 0 0
 676.869862012397 -NAN 0 0
 679.044687091 -NAN 0 0
 681.220047128343 -NAN 0 0
 683.395948081664 -NAN 0 0
 685.572395908201 -NAN 0 0
 687.749396565192 -NAN 0 0
 689.926956009875 -NAN 0 0
 692.105080199488 -NAN 0 0
 694.283775091269 -NAN 0 0
 696.463046642456 -NAN 0 0
 698.642900810287 -NAN 0 0
 700.823343552 -NAN 0 0
 703.004380824833 -NAN 0 0
 705.186018586024 -NAN 0 0
 707.368262792811 -NAN 0 0
 709.551119402432 -NAN 0 0
 711.734594372125 -NAN 0 0
 713.918693659128 -NAN 0 0
 716.103423220679 -NAN 0 0
 718.288789014016 -NAN 0 0
 720.474796996377 -NAN 0 0
 722.661453125 -NAN 0 0
 724.848763357123 -NAN 0 0
 727.036733649984 -NAN 0 0
 729.225369960821 -NAN 0 0
 731.414678246872 -NAN 0 0
 733.604664465375 -NAN 0 0
 735.795334573568 -NAN 0 0
[END] of [DATA]
[END] of Spectrum


