[Spectrum]
Version            = 1
IDData             = 12ad_2026-06-09_16-15-05_000_713
IDDevice           = SAM_82E6
IDDataType         = SPECTRUM
IDDataTypeSub1     = CALIBRATED
IDDataTypeSub2     = 
IDDataTypeSub3     = 
DateTime           = 2026-06-09 16:15:05
PositionLatitude   = 0
PositionLongitude  = 0
Comment            = 20260609_FrameA
CommentSub1        = UV
CommentSub2        = right
CommentSub3        = 22.5cm
IDMethodType       = SAM Control
MethodName         = SAM_82E6
Mission            = No Mission
MissionSub         = 1
RecordType         = 0
[Attributes]
CalFactor = 1
IDBasisSpec = 
IDDataBack = DLAB_2024-11-11_10-40-48_641_639
IDDataCal = DLAB_2024-11-12_11-45-27_171_455
IntegrationTime = 128
P31 = -1
P31e = 0
PathLength = +INF
PathLengthCustomOn = 0
RAWDynamic = 65535
Salinity = 0
Temperature = -NAN
Unit1 = $01 $01 Wavelength nm
Unit2 = $03 $06 Intensity mW/(m^2 nm)
Unit3 = $f0 $06 Error mW/(m^2 nm)
Unit4 = $f1 $00 Status 
p999 = 7933
[END] of [Attributes]
[DATA]
 0 6 0 0
 185.260577530984 -NAN 0 0
 187.468128380571 -NAN 0 0
 189.674861895872 -NAN 0 0
 191.880784034125 -NAN 0 0
 194.085900752568 -NAN 0 0
 196.290218008439 -NAN 0 0
 198.493741758976 -NAN 0 0
 200.696477961417 -NAN 0 0
 202.898432573 -NAN 0 0
 205.099611550963 -NAN 0 0
 207.300020852544 -NAN 0 0
 209.499666434981 -NAN 0 0
 211.698554255512 -NAN 0 0
 213.896690271375 -NAN 0 0
 216.094080439808 -NAN 0 0
 218.290730718049 -NAN 0 0
 220.486647063336 -NAN 0 0
 222.681835432907 -NAN 0 0
 224.876301784 -NAN 0 0
 227.070052073853 -NAN 0 0
 229.263092259704 -NAN 0 0
 231.455428298791 -NAN 0 0
 233.647066148352 -NAN 0 0
 235.838011765625 -NAN 0 0
 238.028271107848 -NAN 0 0
 240.217850132259 -NAN 0 0
 242.406754796096 -NAN 0 0
 244.594991056597 -NAN 0 0
 246.782564871 -NAN 0 0
 248.969482196543 -NAN 0 0
 251.155748990464 -NAN 0 0
 253.341371210001 -NAN 0 0
 255.526354812392 -NAN 0 0
 257.710705754875 -NAN 0 0
 259.894429994688 -NAN 0 0
 262.077533489069 -NAN 0 0
 264.260022195256 -NAN 0 0
 266.441902070487 -NAN 0 0
 268.623179072 -NAN 0 0
 270.803859157033 -NAN 0 0
 272.983948282824 -NAN 0 0
 275.163452406611 -NAN 0 0
 277.342377485632 -NAN 0 0
 279.520729477125 -0.317141192652592 0 0
 281.698514338328 7.36783051364317 0 0
 283.875738026479 10.040942818718 0 0
 286.052406498816 7.67570328507469 0 0
 288.228525712577 19.4556424969653 0 0
 290.404101625 25.5140997110176 0 0
 292.579140193323 27.4094963014305 0 0
 294.753647374784 43.6043280812586 0 0
 296.927629126621 50.1354319850655 0 0
 299.101091406072 53.4625617027753 0 0
 301.274040170375 68.2593468577264 0 0
 303.446481376768 71.452355055313 0 0
 305.618420982489 72.1214538619519 0 0
 307.789864944776 80.6826928479157 0 0
 309.960819220867 82.9729787948974 0 0
 312.131289768 82.7292803769385 0 0
 314.301282543413 85.3741574057863 0 0
 316.470803504344 75.5804328617047 0 0
 318.639858608031 65.7146448948389 0 0
 320.808453811712 66.7939275245174 0 0
 322.976595072625 59.775421013471 0 0
 325.144288348008 50.8622025008081 0 0
 327.311539595099 53.3300196809111 0 0
 329.478354771136 44.9990782098878 0 0
 331.644739833357 37.01543281679 0 0
 333.810700739 40.740690797627 0 0
 335.976243445303 32.099797324698 0 0
 338.141373909504 25.1851253179013 0 0
 340.306098088841 28.6874505234491 0 0
 342.470421940552 21.0429463548614 0 0
 344.634351421875 16.3565210867168 0 0
 346.797892490048 20.1228203148786 0 0
 348.961051102309 13.5559404518926 0 0
 351.123833215896 10.2570583366914 0 0
 353.286244788047 14.1627974094353 0 0
 355.448291776 8.57198586708637 0 0
 357.609980136993 6.32305685650456 0 0
 359.771315828264 11.4478933103272 0 0
 361.932304807051 10.124345609734 0 0
 364.092953030592 13.964914068805 0 0
 366.253266456125 18.8418863491735 0 0
 368.413251040888 7.38897988132793 0 0
 370.572912742119 3.0280811567048 0 0
 372.732257517056 7.48888095712896 0 0
 374.891291322937 0.76758383109107 0 0
 377.050020117 0.584020398886957 0 0
 379.208449856483 6.41874017165276 0 0
 381.366586498624 -0.444764042906823 0 0
 383.524436000661 -0.0229938819367529 0 0
 385.682004319832 5.81233475453975 0 0
 387.839297413375 -1.34326687910543 0 0
 389.996321238528 -0.119161313084477 0 0
 392.153081752529 5.18838963603371 0 0
 394.309584912616 -1.58200034025596 0 0
 396.465836676027 0.247227023515853 0 0
 398.621843 5.49246630561845 0 0
 400.777609841773 2.43385493960649 0 0
 402.933143158584 11.1776534047617 0 0
 405.088448907671 17.554376151191 0 0
 407.243533046272 7.96344052424091 0 0
 409.398401531625 5.55347766855373 0 0
 411.553060320968 7.77374201702245 0 0
 413.707515371539 3.41046320165306 0 0
 415.861772640576 7.94683746335853 0 0
 418.015838085317 14.1233013153435 0 0
 420.169717663 14.2431674788273 0 0
 422.323417330863 23.5760324704887 0 0
 424.476943046144 35.059860463448 0 0
 426.630300766081 43.5988674978081 0 0
 428.783496447912 64.1748617236409 0 0
 430.936536048875 92.6789224719083 0 0
 433.089425526208 135.858532108601 0 0
 435.242170837149 191.539607040501 0 0
 437.394777938936 237.822050609818 0 0
 439.547252788807 279.945932833219 0 0
 441.699601344 357.605877624695 0 0
 443.851829561753 452.245017335941 0 0
 446.003943399304 538.785230560818 0 0
 448.155948813891 600.161276773499 0 0
 450.307851762752 605.755531188371 0 0
 452.459658203125 554.124649394924 0 0
 454.611374092248 481.060536358211 0 0
 456.763005387359 402.205931608298 0 0
 458.914558045696 333.167527895499 0 0
 461.066038024497 290.412971761982 0 0
 463.217451281 253.93537959205 0 0
 465.368803772443 216.805636404676 0 0
 467.520101456064 190.392787643363 0 0
 469.671350289101 160.310833531597 0 0
 471.822556228792 131.003420648475 0 0
 473.973725232375 117.561602569294 0 0
 476.124863257088 103.942674592511 0 0
 478.275976260169 91.7098393073013 0 0
 480.427070198856 92.6183289398289 0 0
 482.578151030387 88.7062604995243 0 0
 484.729224712 83.2300523792014 0 0
 486.880297200933 89.0131466037045 0 0
 489.031374454424 88.8966508463289 0 0
 491.182462429711 88.0568465262678 0 0
 493.333567084032 97.8431342874034 0 0
 495.484694374625 100.269808211465 0 0
 497.635850258728 101.927700758563 0 0
 499.787040693579 112.633713011012 0 0
 501.938271636416 115.008011055298 0 0
 504.089549044477 -NAN 0 0
 506.240878875 -NAN 0 0
 508.392267085223 -NAN 0 0
 510.543719632384 -NAN 0 0
 512.695242473721 -NAN 0 0
 514.846841566472 -NAN 0 0
 516.998522867875 -NAN 0 0
 519.150292335168 -NAN 0 0
 521.302155925589 -NAN 0 0
 523.454119596376 -NAN 0 0
 525.606189304767 -NAN 0 0
 527.758371008 -NAN 0 0
 529.910670663313 -NAN 0 0
 532.063094227944 -NAN 0 0
 534.215647659131 -NAN 0 0
 536.368336914112 -NAN 0 0
 538.521167950125 -NAN 0 0
 540.674146724408 -NAN 0 0
 542.827279194199 -NAN 0 0
 544.980571316736 -NAN 0 0
 547.134029049257 -NAN 0 0
 549.287658349 -NAN 0 0
 551.441465173203 -NAN 0 0
 553.595455479104 -NAN 0 0
 555.749635223941 -NAN 0 0
 557.904010364952 -NAN 0 0
 560.058586859375 -NAN 0 0
 562.213370664448 -NAN 0 0
 564.368367737409 -NAN 0 0
 566.523584035496 -NAN 0 0
 568.679025515947 -NAN 0 0
 570.834698136 -NAN 0 0
 572.990607852893 -NAN 0 0
 575.146760623864 -NAN 0 0
 577.303162406151 -NAN 0 0
 579.459819156992 -NAN 0 0
 581.616736833625 -NAN 0 0
 583.773921393288 -NAN 0 0
 585.931378793219 -NAN 0 0
 588.089114990656 -NAN 0 0
 590.247135942837 -NAN 0 0
 592.405447607 -NAN 0 0
 594.564055940383 -NAN 0 0
 596.722966900224 -NAN 0 0
 598.882186443761 -NAN 0 0
 601.041720528232 -NAN 0 0
 603.201575110875 -NAN 0 0
 605.361756148928 -NAN 0 0
 607.522269599629 -NAN 0 0
 609.683121420216 -NAN 0 0
 611.844317567927 -NAN 0 0
 614.005864 -NAN 0 0
 616.167766673673 -NAN 0 0
 618.330031546184 -NAN 0 0
 620.492664574771 -NAN 0 0
 622.655671716672 -NAN 0 0
 624.819058929125 -NAN 0 0
 626.982832169368 -NAN 0 0
 629.146997394639 -NAN 0 0
 631.311560562176 -NAN 0 0
 633.476527629217 -NAN 0 0
 635.641904553 -NAN 0 0
 637.807697290763 -NAN 0 0
 639.973911799744 -NAN 0 0
 642.140554037181 -NAN 0 0
 644.307629960312 -NAN 0 0
 646.475145526375 -NAN 0 0
 648.643106692608 -NAN 0 0
 650.811519416249 -NAN 0 0
 652.980389654536 -NAN 0 0
 655.149723364707 -NAN 0 0
 657.319526504 -NAN 0 0
 659.489805029653 -NAN 0 0
 661.660564898904 -NAN 0 0
 663.831812068991 -NAN 0 0
 666.003552497152 -NAN 0 0
 668.175792140625 -NAN 0 0
 670.348536956648 -NAN 0 0
 672.521792902459 -NAN 0 0
 674.695565935296 -NAN 0 0
 676.869862012397 -NAN 0 0
 679.044687091 -NAN 0 0
 681.220047128343 -NAN 0 0
 683.395948081664 -NAN 0 0
 685.572395908201 -NAN 0 0
 687.749396565192 -NAN 0 0
 689.926956009875 -NAN 0 0
 692.105080199488 -NAN 0 0
 694.283775091269 -NAN 0 0
 696.463046642456 -NAN 0 0
 698.642900810287 -NAN 0 0
 700.823343552 -NAN 0 0
 703.004380824833 -NAN 0 0
 705.186018586024 -NAN 0 0
 707.368262792811 -NAN 0 0
 709.551119402432 -NAN 0 0
 711.734594372125 -NAN 0 0
 713.918693659128 -NAN 0 0
 716.103423220679 -NAN 0 0
 718.288789014016 -NAN 0 0
 720.474796996377 -NAN 0 0
 722.661453125 -NAN 0 0
 724.848763357123 -NAN 0 0
 727.036733649984 -NAN 0 0
 729.225369960821 -NAN 0 0
 731.414678246872 -NAN 0 0
 733.604664465375 -NAN 0 0
 735.795334573568 -NAN 0 0
[END] of [DATA]
[END] of Spectrum


[Spectrum]
Version            = 1
IDData             = 12ad_2026-06-09_16-15-10_000_716
IDDevice           = SAM_82E6
IDDataType         = SPECTRUM
IDDataTypeSub1     = CALIBRATED
IDDataTypeSub2     = 
IDDataTypeSub3     = 
DateTime           = 2026-06-09 16:15:10
PositionLatitude   = 0
PositionLongitude  = 0
Comment            = 20260609_FrameA
CommentSub1        = UV
CommentSub2        = right
CommentSub3        = 22.5cm
IDMethodType       = SAM Control
MethodName         = SAM_82E6
Mission            = No Mission
MissionSub         = 1
RecordType         = 0
[Attributes]
CalFactor = 1
IDBasisSpec = 
IDDataBack = DLAB_2024-11-11_10-40-48_641_639
IDDataCal = DLAB_2024-11-12_11-45-27_171_455
IntegrationTime = 128
P31 = -1
P31e = 0
PathLength = +INF
PathLengthCustomOn = 0
RAWDynamic = 65535
Salinity = 0
Temperature = -NAN
Unit1 = $01 $01 Wavelength nm
Unit2 = $03 $06 Intensity mW/(m^2 nm)
Unit3 = $f0 $06 Error mW/(m^2 nm)
Unit4 = $f1 $00 Status 
p999 = 7934
[END] of [Attributes]
[DATA]
 0 6 0 0
 185.260577530984 -NAN 0 0
 187.468128380571 -NAN 0 0
 189.674861895872 -NAN 0 0
 191.880784034125 -NAN 0 0
 194.085900752568 -NAN 0 0
 196.290218008439 -NAN 0 0
 198.493741758976 -NAN 0 0
 200.696477961417 -NAN 0 0
 202.898432573 -NAN 0 0
 205.099611550963 -NAN 0 0
 207.300020852544 -NAN 0 0
 209.499666434981 -NAN 0 0
 211.698554255512 -NAN 0 0
 213.896690271375 -NAN 0 0
 216.094080439808 -NAN 0 0
 218.290730718049 -NAN 0 0
 220.486647063336 -NAN 0 0
 222.681835432907 -NAN 0 0
 224.876301784 -NAN 0 0
 227.070052073853 -NAN 0 0
 229.263092259704 -NAN 0 0
 231.455428298791 -NAN 0 0
 233.647066148352 -NAN 0 0
 235.838011765625 -NAN 0 0
 238.028271107848 -NAN 0 0
 240.217850132259 -NAN 0 0
 242.406754796096 -NAN 0 0
 244.594991056597 -NAN 0 0
 246.782564871 -NAN 0 0
 248.969482196543 -NAN 0 0
 251.155748990464 -NAN 0 0
 253.341371210001 -NAN 0 0
 255.526354812392 -NAN 0 0
 257.710705754875 -NAN 0 0
 259.894429994688 -NAN 0 0
 262.077533489069 -NAN 0 0
 264.260022195256 -NAN 0 0
 266.441902070487 -NAN 0 0
 268.623179072 -NAN 0 0
 270.803859157033 -NAN 0 0
 272.983948282824 -NAN 0 0
 275.163452406611 -NAN 0 0
 277.342377485632 -NAN 0 0
 279.520729477125 6.82476777955539 0 0
 281.698514338328 2.88723073118909 0 0
 283.875738026479 7.64171323511198 0 0
 286.052406498816 16.0021946536321 0 0
 288.228525712577 14.1331600006759 0 0
 290.404101625 24.1952207923503 0 0
 292.579140193323 35.6455781917783 0 0
 294.753647374784 38.6426311025225 0 0
 296.927629126621 50.2179590428471 0 0
 299.101091406072 60.8119231363325 0 0
 301.274040170375 64.637889967751 0 0
 303.446481376768 72.4276789103019 0 0
 305.618420982489 79.2762655050382 0 0
 307.789864944776 77.519811668462 0 0
 309.960819220867 84.7356037097768 0 0
 312.131289768 90.2155780168117 0 0
 314.301282543413 81.5148152676186 0 0
 316.470803504344 77.41918037351 0 0
 318.639858608031 72.8839680459205 0 0
 320.808453811712 61.2978017292611 0 0
 322.976595072625 62.1449051438345 0 0
 325.144288348008 58.2582598486039 0 0
 327.311539595099 46.5644626614368 0 0
 329.478354771136 47.4250900703416 0 0
 331.644739833357 43.6671535474071 0 0
 333.810700739 33.3499723583959 0 0
 335.976243445303 35.0725367253725 0 0
 338.141373909504 30.9642538853745 0 0
 340.306098088841 21.3730367740374 0 0
 342.470421940552 24.1214608877424 0 0
 344.634351421875 21.1691568695679 0 0
 346.797892490048 13.5043070599523 0 0
 348.961051102309 16.5455936613485 0 0
 351.123833215896 14.1985147415268 0 0
 353.286244788047 8.22764134488129 0 0
 355.448291776 11.7979193254399 0 0
 357.609980136993 9.72720624147575 0 0
 359.771315828264 5.5159508631436 0 0
 361.932304807051 13.9312806906125 0 0
 364.092953030592 17.0256813825388 0 0
 366.253266456125 12.6956446935031 0 0
 368.413251040888 12.0066320036966 0 0
 370.572912742119 6.02613667347891 0 0
 372.732257517056 0.294515358233255 0 0
 374.891291322937 6.08226342005 0 0
 377.050020117 3.47945448611252 0 0
 379.208449856483 -1.02210053214549 0 0
 381.366586498624 5.54889559441917 0 0
 383.524436000661 2.57643941051399 0 0
 385.682004319832 -1.54551344778258 0 0
 387.839297413375 5.35426999903423 0 0
 389.996321238528 1.74199868938915 0 0
 392.153081752529 -1.46527374673092 0 0
 394.309584912616 5.2075471321764 0 0
 396.465836676027 1.32527187379583 0 0
 398.621843 -0.487643272382986 0 0
 400.777609841773 9.49428296985186 0 0
 402.933143158584 12.1268734488575 0 0
 405.088448907671 12.5926687044364 0 0
 407.243533046272 14.8621800698978 0 0
 409.398401531625 5.75170647663083 0 0
 411.553060320968 3.21962561578414 0 0
 413.707515371539 9.18782042530779 0 0
 415.861772640576 7.51716138863486 0 0
 418.015838085317 10.2414988049298 0 0
 420.169717663 19.7878096344207 0 0
 422.323417330863 22.7456102451352 0 0
 424.476943046144 31.7782511810094 0 0
 426.630300766081 48.6735578319328 0 0
 428.783496447912 63.0613003375645 0 0
 430.936536048875 90.2109859767503 0 0
 433.089425526208 141.317722692527 0 0
 435.242170837149 191.131208126709 0 0
 437.394777938936 236.406484753744 0 0
 439.547252788807 285.152232424101 0 0
 441.699601344 355.98745871834 0 0
 443.851829561753 450.069551352756 0 0
 446.003943399304 543.661077844449 0 0
 448.155948813891 597.865075535547 0 0
 450.307851762752 603.541579387688 0 0
 452.459658203125 559.570424680128 0 0
 454.611374092248 478.075490066247 0 0
 456.763005387359 399.984955958519 0 0
 458.914558045696 338.999023255228 0 0
 461.066038024497 286.829544176499 0 0
 463.217451281 252.002462189528 0 0
 465.368803772443 222.707179176073 0 0
 467.520101456064 186.144046757261 0 0
 469.671350289101 158.627547598401 0 0
 471.822556228792 136.977084337201 0 0
 473.973725232375 112.935910285996 0 0
 476.124863257088 102.679441189455 0 0
 478.275976260169 97.4027523200171 0 0
 480.427070198856 87.4778875241272 0 0
 482.578151030387 87.5733708990518 0 0
 484.729224712 88.8146963380641 0 0
 486.880297200933 83.5286301881255 0 0
 489.031374454424 88.5262849521795 0 0
 491.182462429711 93.4166637727059 0 0
 493.333567084032 92.123950226325 0 0
 495.484694374625 100.361675204568 0 0
 497.635850258728 106.995350129146 0 0
 499.787040693579 106.872796757012 0 0
 501.938271636416 115.5622680577 0 0
 504.089549044477 -NAN 0 0
 506.240878875 -NAN 0 0
 508.392267085223 -NAN 0 0
 510.543719632384 -NAN 0 0
 512.695242473721 -NAN 0 0
 514.846841566472 -NAN 0 0
 516.998522867875 -NAN 0 0
 519.150292335168 -NAN 0 0
 521.302155925589 -NAN 0 0
 523.454119596376 -NAN 0 0
 525.606189304767 -NAN 0 0
 527.758371008 -NAN 0 0
 529.910670663313 -NAN 0 0
 532.063094227944 -NAN 0 0
 534.215647659131 -NAN 0 0
 536.368336914112 -NAN 0 0
 538.521167950125 -NAN 0 0
 540.674146724408 -NAN 0 0
 542.827279194199 -NAN 0 0
 544.980571316736 -NAN 0 0
 547.134029049257 -NAN 0 0
 549.287658349 -NAN 0 0
 551.441465173203 -NAN 0 0
 553.595455479104 -NAN 0 0
 555.749635223941 -NAN 0 0
 557.904010364952 -NAN 0 0
 560.058586859375 -NAN 0 0
 562.213370664448 -NAN 0 0
 564.368367737409 -NAN 0 0
 566.523584035496 -NAN 0 0
 568.679025515947 -NAN 0 0
 570.834698136 -NAN 0 0
 572.990607852893 -NAN 0 0
 575.146760623864 -NAN 0 0
 577.303162406151 -NAN 0 0
 579.459819156992 -NAN 0 0
 581.616736833625 -NAN 0 0
 583.773921393288 -NAN 0 0
 585.931378793219 -NAN 0 0
 588.089114990656 -NAN 0 0
 590.247135942837 -NAN 0 0
 592.405447607 -NAN 0 0
 594.564055940383 -NAN 0 0
 596.722966900224 -NAN 0 0
 598.882186443761 -NAN 0 0
 601.041720528232 -NAN 0 0
 603.201575110875 -NAN 0 0
 605.361756148928 -NAN 0 0
 607.522269599629 -NAN 0 0
 609.683121420216 -NAN 0 0
 611.844317567927 -NAN 0 0
 614.005864 -NAN 0 0
 616.167766673673 -NAN 0 0
 618.330031546184 -NAN 0 0
 620.492664574771 -NAN 0 0
 622.655671716672 -NAN 0 0
 624.819058929125 -NAN 0 0
 626.982832169368 -NAN 0 0
 629.146997394639 -NAN 0 0
 631.311560562176 -NAN 0 0
 633.476527629217 -NAN 0 0
 635.641904553 -NAN 0 0
 637.807697290763 -NAN 0 0
 639.973911799744 -NAN 0 0
 642.140554037181 -NAN 0 0
 644.307629960312 -NAN 0 0
 646.475145526375 -NAN 0 0
 648.643106692608 -NAN 0 0
 650.811519416249 -NAN 0 0
 652.980389654536 -NAN 0 0
 655.149723364707 -NAN 0 0
 657.319526504 -NAN 0 0
 659.489805029653 -NAN 0 0
 661.660564898904 -NAN 0 0
 663.831812068991 -NAN 0 0
 666.003552497152 -NAN 0 0
 668.175792140625 -NAN 0 0
 670.348536956648 -NAN 0 0
 672.521792902459 -NAN 0 0
 674.695565935296 -NAN 0 0
 676.869862012397 -NAN 0 0
 679.044687091 -NAN 0 0
 681.220047128343 -NAN 0 0
 683.395948081664 -NAN 0 0
 685.572395908201 -NAN 0 0
 687.749396565192 -NAN 0 0
 689.926956009875 -NAN 0 0
 692.105080199488 -NAN 0 0
 694.283775091269 -NAN 0 0
 696.463046642456 -NAN 0 0
 698.642900810287 -NAN 0 0
 700.823343552 -NAN 0 0
 703.004380824833 -NAN 0 0
 705.186018586024 -NAN 0 0
 707.368262792811 -NAN 0 0
 709.551119402432 -NAN 0 0
 711.734594372125 -NAN 0 0
 713.918693659128 -NAN 0 0
 716.103423220679 -NAN 0 0
 718.288789014016 -NAN 0 0
 720.474796996377 -NAN 0 0
 722.661453125 -NAN 0 0
 724.848763357123 -NAN 0 0
 727.036733649984 -NAN 0 0
 729.225369960821 -NAN 0 0
 731.414678246872 -NAN 0 0
 733.604664465375 -NAN 0 0
 735.795334573568 -NAN 0 0
[END] of [DATA]
[END] of Spectrum


[Spectrum]
Version            = 1
IDData             = 12ad_2026-06-09_16-15-15_000_719
IDDevice           = SAM_82E6
IDDataType         = SPECTRUM
IDDataTypeSub1     = CALIBRATED
IDDataTypeSub2     = 
IDDataTypeSub3     = 
DateTime           = 2026-06-09 16:15:15
PositionLatitude   = 0
PositionLongitude  = 0
Comment            = 20260609_FrameA
CommentSub1        = UV
CommentSub2        = right
CommentSub3        = 22.5cm
IDMethodType       = SAM Control
MethodName         = SAM_82E6
Mission            = No Mission
MissionSub         = 1
RecordType         = 0
[Attributes]
CalFactor = 1
IDBasisSpec = 
IDDataBack = DLAB_2024-11-11_10-40-48_641_639
IDDataCal = DLAB_2024-11-12_11-45-27_171_455
IntegrationTime = 128
P31 = -1
P31e = 0
PathLength = +INF
PathLengthCustomOn = 0
RAWDynamic = 65535
Salinity = 0
Temperature = -NAN
Unit1 = $01 $01 Wavelength nm
Unit2 = $03 $06 Intensity mW/(m^2 nm)
Unit3 = $f0 $06 Error mW/(m^2 nm)
Unit4 = $f1 $00 Status 
p999 = 7935
[END] of [Attributes]
[DATA]
 0 6 0 0
 185.260577530984 -NAN 0 0
 187.468128380571 -NAN 0 0
 189.674861895872 -NAN 0 0
 191.880784034125 -NAN 0 0
 194.085900752568 -NAN 0 0
 196.290218008439 -NAN 0 0
 198.493741758976 -NAN 0 0
 200.696477961417 -NAN 0 0
 202.898432573 -NAN 0 0
 205.099611550963 -NAN 0 0
 207.300020852544 -NAN 0 0
 209.499666434981 -NAN 0 0
 211.698554255512 -NAN 0 0
 213.896690271375 -NAN 0 0
 216.094080439808 -NAN 0 0
 218.290730718049 -NAN 0 0
 220.486647063336 -NAN 0 0
 222.681835432907 -NAN 0 0
 224.876301784 -NAN 0 0
 227.070052073853 -NAN 0 0
 229.263092259704 -NAN 0 0
 231.455428298791 -NAN 0 0
 233.647066148352 -NAN 0 0
 235.838011765625 -NAN 0 0
 238.028271107848 -NAN 0 0
 240.217850132259 -NAN 0 0
 242.406754796096 -NAN 0 0
 244.594991056597 -NAN 0 0
 246.782564871 -NAN 0 0
 248.969482196543 -NAN 0 0
 251.155748990464 -NAN 0 0
 253.341371210001 -NAN 0 0
 255.526354812392 -NAN 0 0
 257.710705754875 -NAN 0 0
 259.894429994688 -NAN 0 0
 262.077533489069 -NAN 0 0
 264.260022195256 -NAN 0 0
 266.441902070487 -NAN 0 0
 268.623179072 -NAN 0 0
 270.803859157033 -NAN 0 0
 272.983948282824 -NAN 0 0
 275.163452406611 -NAN 0 0
 277.342377485632 -NAN 0 0
 279.520729477125 0.87712048203746 0 0
 281.698514338328 5.18571174010484 0 0
 283.875738026479 12.1831625234445 0 0
 286.052406498816 9.46005514069057 0 0
 288.228525712577 17.5544488838897 0 0
 290.404101625 28.4266845777105 0 0
 292.579140193323 29.59854904415 0 0
 294.753647374784 42.9459622200801 0 0
 296.927629126621 54.0954611115379 0 0
 299.101091406072 56.493115639136 0 0
 301.274040170375 69.3721239027397 0 0
 303.446481376768 76.0581117143144 0 0
 305.618420982489 75.920935229008 0 0
 307.789864944776 82.6697817673494 0 0
 309.960819220867 88.2694991553042 0 0
 312.131289768 86.8668298165618 0 0
 314.301282543413 87.5148771636552 0 0
 316.470803504344 80.8645411597497 0 0
 318.639858608031 68.7776555574488 0 0
 320.808453811712 67.9266964883738 0 0
 322.976595072625 64.7436034660373 0 0
 325.144288348008 53.0003170688514 0 0
 327.311539595099 53.6276162301968 0 0
 329.478354771136 49.18324213598 0 0
 331.644739833357 38.0621202320017 0 0
 333.810700739 40.2685018967428 0 0
 335.976243445303 35.9534560783353 0 0
 338.141373909504 25.4449403324779 0 0
 340.306098088841 28.1811828803742 0 0
 342.470421940552 24.4200152533302 0 0
 344.634351421875 16.3175371020635 0 0
 346.797892490048 19.5635263493684 0 0
 348.961051102309 16.2263889086175 0 0
 351.123833215896 10.0813103515851 0 0
 353.286244788047 13.6579329490479 0 0
 355.448291776 10.9395348973752 0 0
 357.609980136993 5.84654019204649 0 0
 359.771315828264 10.949889801162 0 0
 361.932304807051 12.6795050943617 0 0
 364.092953030592 13.5641127422187 0 0
 366.253266456125 18.385268358034 0 0
 368.413251040888 10.0790744099539 0 0
 370.572912742119 2.22047759688672 0 0
 372.732257517056 6.95533689004857 0 0
 374.891291322937 3.41215118537446 0 0
 377.050020117 -0.451935294065112 0 0
 379.208449856483 5.99750769998767 0 0
 381.366586498624 2.30969071614726 0 0
 383.524436000661 -0.988010396739405 0 0
 385.682004319832 5.61462725403273 0 0
 387.839297413375 1.67324592257837 0 0
 389.996321238528 -1.42688958652066 0 0
 392.153081752529 5.39514580788604 0 0
 394.309584912616 1.02663679868019 0 0
 396.465836676027 -1.14765292597468 0 0
 398.621843 6.26336572093215 0 0
 400.777609841773 5.15580665581639 0 0
 402.933143158584 10.7277560540888 0 0
 405.088448907671 19.0420284705819 0 0
 407.243533046272 10.514085229687 0 0
 409.398401531625 4.52795869035135 0 0
 411.553060320968 8.67265334349598 0 0
 413.707515371539 5.09583508129091 0 0
 415.861772640576 7.01502212791267 0 0
 418.015838085317 14.9244330058948 0 0
 420.169717663 15.7123415562265 0 0
 422.323417330863 22.5258733828586 0 0
 424.476943046144 35.9111083135585 0 0
 426.630300766081 44.908325779296 0 0
 428.783496447912 63.1169362584435 0 0
 430.936536048875 93.8844620687083 0 0
 433.089425526208 138.310836465521 0 0
 435.242170837149 192.550614136287 0 0
 437.394777938936 240.559663854907 0 0
 439.547252788807 281.65332733941 0 0
 441.699601344 356.308019090853 0 0
 443.851829561753 453.228538894326 0 0
 446.003943399304 539.682714996777 0 0
 448.155948813891 598.617899632667 0 0
 450.307851762752 606.71776604431 0 0
 452.459658203125 554.946286183149 0 0
 454.611374092248 479.336455782445 0 0
 456.763005387359 403.089440603045 0 0
 458.914558045696 333.873135839933 0 0
 461.066038024497 288.492368691571 0 0
 463.217451281 255.137091271103 0 0
 465.368803772443 217.399907300812 0 0
 467.520101456064 188.238964118798 0 0
 469.671350289101 161.582769847678 0 0
 471.822556228792 131.225315200865 0 0
 473.973725232375 115.604960058602 0 0
 476.124863257088 105.263478667749 0 0
 478.275976260169 92.0154319441346 0 0
 480.427070198856 90.7192059465957 0 0
 482.578151030387 89.6962832341244 0 0
 484.729224712 83.2356403759584 0 0
 486.880297200933 87.3072751915573 0 0
 489.031374454424 90.1912530805612 0 0
 491.182462429711 87.9217063123027 0 0
 493.333567084032 96.0050239341154 0 0
 495.484694374625 101.590257883419 0 0
 497.635850258728 101.577715881054 0 0
 499.787040693579 110.897501790472 0 0
 501.938271636416 116.291950091931 0 0
 504.089549044477 -NAN 0 0
 506.240878875 -NAN 0 0
 508.392267085223 -NAN 0 0
 510.543719632384 -NAN 0 0
 512.695242473721 -NAN 0 0
 514.846841566472 -NAN 0 0
 516.998522867875 -NAN 0 0
 519.150292335168 -NAN 0 0
 521.302155925589 -NAN 0 0
 523.454119596376 -NAN 0 0
 525.606189304767 -NAN 0 0
 527.758371008 -NAN 0 0
 529.910670663313 -NAN 0 0
 532.063094227944 -NAN 0 0
 534.215647659131 -NAN 0 0
 536.368336914112 -NAN 0 0
 538.521167950125 -NAN 0 0
 540.674146724408 -NAN 0 0
 542.827279194199 -NAN 0 0
 544.980571316736 -NAN 0 0
 547.134029049257 -NAN 0 0
 549.287658349 -NAN 0 0
 551.441465173203 -NAN 0 0
 553.595455479104 -NAN 0 0
 555.749635223941 -NAN 0 0
 557.904010364952 -NAN 0 0
 560.058586859375 -NAN 0 0
 562.213370664448 -NAN 0 0
 564.368367737409 -NAN 0 0
 566.523584035496 -NAN 0 0
 568.679025515947 -NAN 0 0
 570.834698136 -NAN 0 0
 572.990607852893 -NAN 0 0
 575.146760623864 -NAN 0 0
 577.303162406151 -NAN 0 0
 579.459819156992 -NAN 0 0
 581.616736833625 -NAN 0 0
 583.773921393288 -NAN 0 0
 585.931378793219 -NAN 0 0
 588.089114990656 -NAN 0 0
 590.247135942837 -NAN 0 0
 592.405447607 -NAN 0 0
 594.564055940383 -NAN 0 0
 596.722966900224 -NAN 0 0
 598.882186443761 -NAN 0 0
 601.041720528232 -NAN 0 0
 603.201575110875 -NAN 0 0
 605.361756148928 -NAN 0 0
 607.522269599629 -NAN 0 0
 609.683121420216 -NAN 0 0
 611.844317567927 -NAN 0 0
 614.005864 -NAN 0 0
 616.167766673673 -NAN 0 0
 618.330031546184 -NAN 0 0
 620.492664574771 -NAN 0 0
 622.655671716672 -NAN 0 0
 624.819058929125 -NAN 0 0
 626.982832169368 -NAN 0 0
 629.146997394639 -NAN 0 0
 631.311560562176 -NAN 0 0
 633.476527629217 -NAN 0 0
 635.641904553 -NAN 0 0
 637.807697290763 -NAN 0 0
 639.973911799744 -NAN 0 0
 642.140554037181 -NAN 0 0
 644.307629960312 -NAN 0 0
 646.475145526375 -NAN 0 0
 648.643106692608 -NAN 0 0
 650.811519416249 -NAN 0 0
 652.980389654536 -NAN 0 0
 655.149723364707 -NAN 0 0
 657.319526504 -NAN 0 0
 659.489805029653 -NAN 0 0
 661.660564898904 -NAN 0 0
 663.831812068991 -NAN 0 0
 666.003552497152 -NAN 0 0
 668.175792140625 -NAN 0 0
 670.348536956648 -NAN 0 0
 672.521792902459 -NAN 0 0
 674.695565935296 -NAN 0 0
 676.869862012397 -NAN 0 0
 679.044687091 -NAN 0 0
 681.220047128343 -NAN 0 0
 683.395948081664 -NAN 0 0
 685.572395908201 -NAN 0 0
 687.749396565192 -NAN 0 0
 689.926956009875 -NAN 0 0
 692.105080199488 -NAN 0 0
 694.283775091269 -NAN 0 0
 696.463046642456 -NAN 0 0
 698.642900810287 -NAN 0 0
 700.823343552 -NAN 0 0
 703.004380824833 -NAN 0 0
 705.186018586024 -NAN 0 0
 707.368262792811 -NAN 0 0
 709.551119402432 -NAN 0 0
 711.734594372125 -NAN 0 0
 713.918693659128 -NAN 0 0
 716.103423220679 -NAN 0 0
 718.288789014016 -NAN 0 0
 720.474796996377 -NAN 0 0
 722.661453125 -NAN 0 0
 724.848763357123 -NAN 0 0
 727.036733649984 -NAN 0 0
 729.225369960821 -NAN 0 0
 731.414678246872 -NAN 0 0
 733.604664465375 -NAN 0 0
 735.795334573568 -NAN 0 0
[END] of [DATA]
[END] of Spectrum


[Spectrum]
Version            = 1
IDData             = 12ad_2026-06-09_16-15-20_000_722
IDDevice           = SAM_82E6
IDDataType         = SPECTRUM
IDDataTypeSub1     = CALIBRATED
IDDataTypeSub2     = 
IDDataTypeSub3     = 
DateTime           = 2026-06-09 16:15:20
PositionLatitude   = 0
PositionLongitude  = 0
Comment            = 20260609_FrameA
CommentSub1        = UV
CommentSub2        = right
CommentSub3        = 22.5cm
IDMethodType       = SAM Control
MethodName         = SAM_82E6
Mission            = No Mission
MissionSub         = 1
RecordType         = 0
[Attributes]
CalFactor = 1
IDBasisSpec = 
IDDataBack = DLAB_2024-11-11_10-40-48_641_639
IDDataCal = DLAB_2024-11-12_11-45-27_171_455
IntegrationTime = 128
P31 = -1
P31e = 0
PathLength = +INF
PathLengthCustomOn = 0
RAWDynamic = 65535
Salinity = 0
Temperature = -NAN
Unit1 = $01 $01 Wavelength nm
Unit2 = $03 $06 Intensity mW/(m^2 nm)
Unit3 = $f0 $06 Error mW/(m^2 nm)
Unit4 = $f1 $00 Status 
p999 = 7936
[END] of [Attributes]
[DATA]
 0 6 0 0
 185.260577530984 -NAN 0 0
 187.468128380571 -NAN 0 0
 189.674861895872 -NAN 0 0
 191.880784034125 -NAN 0 0
 194.085900752568 -NAN 0 0
 196.290218008439 -NAN 0 0
 198.493741758976 -NAN 0 0
 200.696477961417 -NAN 0 0
 202.898432573 -NAN 0 0
 205.099611550963 -NAN 0 0
 207.300020852544 -NAN 0 0
 209.499666434981 -NAN 0 0
 211.698554255512 -NAN 0 0
 213.896690271375 -NAN 0 0
 216.094080439808 -NAN 0 0
 218.290730718049 -NAN 0 0
 220.486647063336 -NAN 0 0
 222.681835432907 -NAN 0 0
 224.876301784 -NAN 0 0
 227.070052073853 -NAN 0 0
 229.263092259704 -NAN 0 0
 231.455428298791 -NAN 0 0
 233.647066148352 -NAN 0 0
 235.838011765625 -NAN 0 0
 238.028271107848 -NAN 0 0
 240.217850132259 -NAN 0 0
 242.406754796096 -NAN 0 0
 244.594991056597 -NAN 0 0
 246.782564871 -NAN 0 0
 248.969482196543 -NAN 0 0
 251.155748990464 -NAN 0 0
 253.341371210001 -NAN 0 0
 255.526354812392 -NAN 0 0
 257.710705754875 -NAN 0 0
 259.894429994688 -NAN 0 0
 262.077533489069 -NAN 0 0
 264.260022195256 -NAN 0 0
 266.441902070487 -NAN 0 0
 268.623179072 -NAN 0 0
 270.803859157033 -NAN 0 0
 272.983948282824 -NAN 0 0
 275.163452406611 -NAN 0 0
 277.342377485632 -NAN 0 0
 279.520729477125 0.425069399751236 0 0
 281.698514338328 5.84073960442042 0 0
 283.875738026479 11.9501590618229 0 0
 286.052406498816 9.0898275384269 0 0
 288.228525712577 18.4527521208139 0 0
 290.404101625 28.5793662606874 0 0
 292.579140193323 29.8987861556756 0 0
 294.753647374784 44.5186490693401 0 0
 296.927629126621 54.7087006332071 0 0
 299.101091406072 57.2832286001297 0 0
 301.274040170375 71.3946164882017 0 0
 303.446481376768 77.2933763055714 0 0
 305.618420982489 77.2146731527465 0 0
 307.789864944776 84.8599620771502 0 0
 309.960819220867 89.6862994394285 0 0
 312.131289768 88.4838160947067 0 0
 314.301282543413 89.8555989847252 0 0
 316.470803504344 82.0264341057476 0 0
 318.639858608031 69.8389675258038 0 0
 320.808453811712 69.6957328608358 0 0
 322.976595072625 65.4481207059851 0 0
 325.144288348008 54.1134070971845 0 0
 327.311539595099 55.3120420190106 0 0
 329.478354771136 49.7142576075815 0 0
 331.644739833357 38.9104255911478 0 0
 333.810700739 41.8626945182233 0 0
 335.976243445303 36.0537587769399 0 0
 338.141373909504 26.2243853762076 0 0
 340.306098088841 29.1299257289247 0 0
 342.470421940552 24.2039561729707 0 0
 344.634351421875 16.7891175615799 0 0
 346.797892490048 20.4079032001063 0 0
 348.961051102309 15.952289175294 0 0
 351.123833215896 10.3801938676576 0 0
 353.286244788047 14.3023711695423 0 0
 355.448291776 10.6071529571847 0 0
 357.609980136993 6.19027468483535 0 0
 359.771315828264 11.508126996101 0 0
 361.932304807051 12.1227943686607 0 0
 364.092953030592 13.9265274628785 0 0
 366.253266456125 19.1385128702718 0 0
 368.413251040888 9.4207953071851 0 0
 370.572912742119 2.42018049892572 0 0
 372.732257517056 7.28015956169409 0 0
 374.891291322937 2.68210539311422 0 0
 377.050020117 -0.257434957572115 0 0
 379.208449856483 6.4719190218962 0 0
 381.366586498624 1.4150935573575 0 0
 383.524436000661 -0.915527565730666 0 0
 385.682004319832 5.84078187691486 0 0
 387.839297413375 0.444821028703378 0 0
 389.996321238528 -1.07713197096147 0 0
 392.153081752529 5.66573274420285 0 0
 394.309584912616 -0.00836350892698838 0 0
 396.465836676027 -1.0550189351038 0 0
 398.621843 6.13996874051189 0 0
 400.777609841773 4.35599762310302 0 0
 402.933143158584 11.2942465209925 0 0
 405.088448907671 19.2373519377852 0 0
 407.243533046272 9.80484680902965 0 0
 409.398401531625 4.99889533844205 0 0
 411.553060320968 8.43110539196505 0 0
 413.707515371539 4.34807726181659 0 0
 415.861772640576 7.14055694309322 0 0
 418.015838085317 14.6383847581028 0 0
 420.169717663 15.0453951785275 0 0
 422.323417330863 22.7044095834583 0 0
 424.476943046144 35.6208496618524 0 0
 426.630300766081 44.2997772701009 0 0
 428.783496447912 63.2964885485527 0 0
 430.936536048875 93.7040019376768 0 0
 433.089425526208 138.308407639813 0 0
 435.242170837149 193.583999254747 0 0
 437.394777938936 241.20470148667 0 0
 439.547252788807 281.403405547647 0 0
 441.699601344 356.778996253546 0 0
 443.851829561753 452.924693510756 0 0
 446.003943399304 539.079543855356 0 0
 448.155948813891 599.073279243862 0 0
 450.307851762752 606.357942513364 0 0
 452.459658203125 554.61003572754 0 0
 454.611374092248 479.847118368869 0 0
 456.763005387359 402.770205861297 0 0
 458.914558045696 333.528815131546 0 0
 461.066038024497 289.14955117455 0 0
 463.217451281 254.479629306677 0 0
 465.368803772443 216.921746171239 0 0
 467.520101456064 188.949051138582 0 0
 469.671350289101 161.11188278598 0 0
 471.822556228792 130.926905285581 0 0
 473.973725232375 116.176427398528 0 0
 476.124863257088 104.861591090791 0 0
 478.275976260169 91.652054517791 0 0
 480.427070198856 91.2371485811138 0 0
 482.578151030387 89.3915749967559 0 0
 484.729224712 83.0110029063303 0 0
 486.880297200933 87.8274261467366 0 0
 489.031374454424 89.7246591897446 0 0
 491.182462429711 87.757527705254 0 0
 493.333567084032 96.6429628998537 0 0
 495.484694374625 101.268169991937 0 0
 497.635850258728 101.376940857279 0 0
 499.787040693579 111.657433940226 0 0
 501.938271636416 115.804419175255 0 0
 504.089549044477 -NAN 0 0
 506.240878875 -NAN 0 0
 508.392267085223 -NAN 0 0
 510.543719632384 -NAN 0 0
 512.695242473721 -NAN 0 0
 514.846841566472 -NAN 0 0
 516.998522867875 -NAN 0 0
 519.150292335168 -NAN 0 0
 521.302155925589 -NAN 0 0
 523.454119596376 -NAN 0 0
 525.606189304767 -NAN 0 0
 527.758371008 -NAN 0 0
 529.910670663313 -NAN 0 0
 532.063094227944 -NAN 0 0
 534.215647659131 -NAN 0 0
 536.368336914112 -NAN 0 0
 538.521167950125 -NAN 0 0
 540.674146724408 -NAN 0 0
 542.827279194199 -NAN 0 0
 544.980571316736 -NAN 0 0
 547.134029049257 -NAN 0 0
 549.287658349 -NAN 0 0
 551.441465173203 -NAN 0 0
 553.595455479104 -NAN 0 0
 555.749635223941 -NAN 0 0
 557.904010364952 -NAN 0 0
 560.058586859375 -NAN 0 0
 562.213370664448 -NAN 0 0
 564.368367737409 -NAN 0 0
 566.523584035496 -NAN 0 0
 568.679025515947 -NAN 0 0
 570.834698136 -NAN 0 0
 572.990607852893 -NAN 0 0
 575.146760623864 -NAN 0 0
 577.303162406151 -NAN 0 0
 579.459819156992 -NAN 0 0
 581.616736833625 -NAN 0 0
 583.773921393288 -NAN 0 0
 585.931378793219 -NAN 0 0
 588.089114990656 -NAN 0 0
 590.247135942837 -NAN 0 0
 592.405447607 -NAN 0 0
 594.564055940383 -NAN 0 0
 596.722966900224 -NAN 0 0
 598.882186443761 -NAN 0 0
 601.041720528232 -NAN 0 0
 603.201575110875 -NAN 0 0
 605.361756148928 -NAN 0 0
 607.522269599629 -NAN 0 0
 609.683121420216 -NAN 0 0
 611.844317567927 -NAN 0 0
 614.005864 -NAN 0 0
 616.167766673673 -NAN 0 0
 618.330031546184 -NAN 0 0
 620.492664574771 -NAN 0 0
 622.655671716672 -NAN 0 0
 624.819058929125 -NAN 0 0
 626.982832169368 -NAN 0 0
 629.146997394639 -NAN 0 0
 631.311560562176 -NAN 0 0
 633.476527629217 -NAN 0 0
 635.641904553 -NAN 0 0
 637.807697290763 -NAN 0 0
 639.973911799744 -NAN 0 0
 642.140554037181 -NAN 0 0
 644.307629960312 -NAN 0 0
 646.475145526375 -NAN 0 0
 648.643106692608 -NAN 0 0
 650.811519416249 -NAN 0 0
 652.980389654536 -NAN 0 0
 655.149723364707 -NAN 0 0
 657.319526504 -NAN 0 0
 659.489805029653 -NAN 0 0
 661.660564898904 -NAN 0 0
 663.831812068991 -NAN 0 0
 666.003552497152 -NAN 0 0
 668.175792140625 -NAN 0 0
 670.348536956648 -NAN 0 0
 672.521792902459 -NAN 0 0
 674.695565935296 -NAN 0 0
 676.869862012397 -NAN 0 0
 679.044687091 -NAN 0 0
 681.220047128343 -NAN 0 0
 683.395948081664 -NAN 0 0
 685.572395908201 -NAN 0 0
 687.749396565192 -NAN 0 0
 689.926956009875 -NAN 0 0
 692.105080199488 -NAN 0 0
 694.283775091269 -NAN 0 0
 696.463046642456 -NAN 0 0
 698.642900810287 -NAN 0 0
 700.823343552 -NAN 0 0
 703.004380824833 -NAN 0 0
 705.186018586024 -NAN 0 0
 707.368262792811 -NAN 0 0
 709.551119402432 -NAN 0 0
 711.734594372125 -NAN 0 0
 713.918693659128 -NAN 0 0
 716.103423220679 -NAN 0 0
 718.288789014016 -NAN 0 0
 720.474796996377 -NAN 0 0
 722.661453125 -NAN 0 0
 724.848763357123 -NAN 0 0
 727.036733649984 -NAN 0 0
 729.225369960821 -NAN 0 0
 731.414678246872 -NAN 0 0
 733.604664465375 -NAN 0 0
 735.795334573568 -NAN 0 0
[END] of [DATA]
[END] of Spectrum


[Spectrum]
Version            = 1
IDData             = 12ad_2026-06-09_16-15-25_000_725
IDDevice           = SAM_82E6
IDDataType         = SPECTRUM
IDDataTypeSub1     = CALIBRATED
IDDataTypeSub2     = 
IDDataTypeSub3     = 
DateTime           = 2026-06-09 16:15:25
PositionLatitude   = 0
PositionLongitude  = 0
Comment            = 20260609_FrameA
CommentSub1        = UV
CommentSub2        = right
CommentSub3        = 22.5cm
IDMethodType       = SAM Control
MethodName         = SAM_82E6
Mission            = No Mission
MissionSub         = 1
RecordType         = 0
[Attributes]
CalFactor = 1
IDBasisSpec = 
IDDataBack = DLAB_2024-11-11_10-40-48_641_639
IDDataCal = DLAB_2024-11-12_11-45-27_171_455
IntegrationTime = 128
P31 = -1
P31e = 0
PathLength = +INF
PathLengthCustomOn = 0
RAWDynamic = 65535
Salinity = 0
Temperature = -NAN
Unit1 = $01 $01 Wavelength nm
Unit2 = $03 $06 Intensity mW/(m^2 nm)
Unit3 = $f0 $06 Error mW/(m^2 nm)
Unit4 = $f1 $00 Status 
p999 = 7937
[END] of [Attributes]
[DATA]
 0 6 0 0
 185.260577530984 -NAN 0 0
 187.468128380571 -NAN 0 0
 189.674861895872 -NAN 0 0
 191.880784034125 -NAN 0 0
 194.085900752568 -NAN 0 0
 196.290218008439 -NAN 0 0
 198.493741758976 -NAN 0 0
 200.696477961417 -NAN 0 0
 202.898432573 -NAN 0 0
 205.099611550963 -NAN 0 0
 207.300020852544 -NAN 0 0
 209.499666434981 -NAN 0 0
 211.698554255512 -NAN 0 0
 213.896690271375 -NAN 0 0
 216.094080439808 -NAN 0 0
 218.290730718049 -NAN 0 0
 220.486647063336 -NAN 0 0
 222.681835432907 -NAN 0 0
 224.876301784 -NAN 0 0
 227.070052073853 -NAN 0 0
 229.263092259704 -NAN 0 0
 231.455428298791 -NAN 0 0
 233.647066148352 -NAN 0 0
 235.838011765625 -NAN 0 0
 238.028271107848 -NAN 0 0
 240.217850132259 -NAN 0 0
 242.406754796096 -NAN 0 0
 244.594991056597 -NAN 0 0
 246.782564871 -NAN 0 0
 248.969482196543 -NAN 0 0
 251.155748990464 -NAN 0 0
 253.341371210001 -NAN 0 0
 255.526354812392 -NAN 0 0
 257.710705754875 -NAN 0 0
 259.894429994688 -NAN 0 0
 262.077533489069 -NAN 0 0
 264.260022195256 -NAN 0 0
 266.441902070487 -NAN 0 0
 268.623179072 -NAN 0 0
 270.803859157033 -NAN 0 0
 272.983948282824 -NAN 0 0
 275.163452406611 -NAN 0 0
 277.342377485632 -NAN 0 0
 279.520729477125 7.9144225922288 0 0
 281.698514338328 4.94906494680919 0 0
 283.875738026479 7.326805526375 0 0
 286.052406498816 17.9520600255541 0 0
 288.228525712577 17.3982845253175 0 0
 290.404101625 24.4206080386496 0 0
 292.579140193323 39.0609515308699 0 0
 294.753647374784 43.4619787058686 0 0
 296.927629126621 52.0602169019402 0 0
 299.101091406072 65.887475324677 0 0
 301.274040170375 70.4152798604737 0 0
 303.446481376768 75.7621287751185 0 0
 305.618420982489 85.3857627159767 0 0
 307.789864944776 83.88084779517 0 0
 309.960819220867 88.7547343403323 0 0
 312.131289768 97.0942398945428 0 0
 314.301282543413 88.0160451243512 0 0
 316.470803504344 81.0392527173498 0 0
 318.639858608031 78.9649640149072 0 0
 320.808453811712 66.5596533322275 0 0
 322.976595072625 64.1853333178151 0 0
 325.144288348008 63.445461498151 0 0
 327.311539595099 51.0401388435506 0 0
 329.478354771136 48.6195030218709 0 0
 331.644739833357 47.9471723838669 0 0
 333.810700739 36.6700968244875 0 0
 335.976243445303 35.2716884602833 0 0
 338.141373909504 34.3671283735853 0 0
 340.306098088841 23.8799438430972 0 0
 342.470421940552 23.7587435225327 0 0
 344.634351421875 23.6955705846836 0 0
 346.797892490048 15.1918527831011 0 0
 348.961051102309 16.0795084608028 0 0
 351.123833215896 16.1451755447102 0 0
 353.286244788047 9.10324860555313 0 0
 355.448291776 10.996545391971 0 0
 357.609980136993 11.4929949598833 0 0
 359.771315828264 5.9924423416753 0 0
 361.932304807051 13.2120587471526 0 0
 364.092953030592 19.110977298609 0 0
 366.253266456125 13.0027816031442 0 0
 368.413251040888 11.1689324456613 0 0
 370.572912742119 7.64511177239882 0 0
 372.732257517056 0.191459169237286 0 0
 374.891291322937 4.9112323241777 0 0
 377.050020117 4.98441808266473 0 0
 379.208449856483 -1.53569627002285 0 0
 381.366586498624 4.44513511888236 0 0
 383.524436000661 3.97351044740796 0 0
 385.682004319832 -2.14432537377866 0 0
 387.839297413375 4.14568126261512 0 0
 389.996321238528 3.47674027660042 0 0
 392.153081752529 -2.34919107203249 0 0
 394.309584912616 4.28981958669599 0 0
 396.465836676027 3.0799476139153 0 0
 398.621843 -1.33284624579921 0 0
 400.777609841773 8.92336237576865 0 0
 402.933143158584 14.9694643152218 0 0
 405.088448907671 12.9157509174833 0 0
 407.243533046272 14.6186392386839 0 0
 409.398401531625 7.86805681488758 0 0
 411.553060320968 2.59645396000802 0 0
 413.707515371539 9.02766236751967 0 0
 415.861772640576 9.34711198716108 0 0
 418.015838085317 9.6507256196275 0 0
 420.169717663 19.3725054361089 0 0
 422.323417330863 24.2718658676978 0 0
 424.476943046144 31.2607563983041 0 0
 426.630300766081 48.6209032800734 0 0
 428.783496447912 64.3906616591712 0 0
 430.936536048875 90.0123974307293 0 0
 433.089425526208 143.250258347849 0 0
 435.242170837149 195.3262881629 0 0
 437.394777938936 238.415133537659 0 0
 439.547252788807 286.442281802299 0 0
 441.699601344 357.26887825872 0 0
 443.851829561753 449.581557251872 0 0
 446.003943399304 544.055491881605 0 0
 448.155948813891 599.043447053533 0 0
 450.307851762752 602.934658995892 0 0
 452.459658203125 559.847391308854 0 0
 454.611374092248 479.267036101236 0 0
 456.763005387359 399.204929785256 0 0
 458.914558045696 339.53097379891 0 0
 461.066038024497 288.161230231155 0 0
 463.217451281 251.041716032981 0 0
 465.368803772443 223.421782012101 0 0
 467.520101456064 187.524593014429 0 0
 469.671350289101 157.704175957876 0 0
 471.822556228792 137.933526373364 0 0
 473.973725232375 114.176842255355 0 0
 476.124863257088 101.695204120816 0 0
 478.275976260169 98.6951313623338 0 0
 480.427070198856 88.5527577226433 0 0
 482.578151030387 86.5208439106324 0 0
 484.729224712 90.0339972304233 0 0
 486.880297200933 84.6080832456482 0 0
 489.031374454424 87.289867088025 0 0
 491.182462429711 94.5145384035141 0 0
 493.333567084032 93.0580353786015 0 0
 495.484694374625 99.0987807572082 0 0
 497.635850258728 107.955339996923 0 0
 499.787040693579 107.608811156702 0 0
 501.938271636416 114.218060298476 0 0
 504.089549044477 -NAN 0 0
 506.240878875 -NAN 0 0
 508.392267085223 -NAN 0 0
 510.543719632384 -NAN 0 0
 512.695242473721 -NAN 0 0
 514.846841566472 -NAN 0 0
 516.998522867875 -NAN 0 0
 519.150292335168 -NAN 0 0
 521.302155925589 -NAN 0 0
 523.454119596376 -NAN 0 0
 525.606189304767 -NAN 0 0
 527.758371008 -NAN 0 0
 529.910670663313 -NAN 0 0
 532.063094227944 -NAN 0 0
 534.215647659131 -NAN 0 0
 536.368336914112 -NAN 0 0
 538.521167950125 -NAN 0 0
 540.674146724408 -NAN 0 0
 542.827279194199 -NAN 0 0
 544.980571316736 -NAN 0 0
 547.134029049257 -NAN 0 0
 549.287658349 -NAN 0 0
 551.441465173203 -NAN 0 0
 553.595455479104 -NAN 0 0
 555.749635223941 -NAN 0 0
 557.904010364952 -NAN 0 0
 560.058586859375 -NAN 0 0
 562.213370664448 -NAN 0 0
 564.368367737409 -NAN 0 0
 566.523584035496 -NAN 0 0
 568.679025515947 -NAN 0 0
 570.834698136 -NAN 0 0
 572.990607852893 -NAN 0 0
 575.146760623864 -NAN 0 0
 577.303162406151 -NAN 0 0
 579.459819156992 -NAN 0 0
 581.616736833625 -NAN 0 0
 583.773921393288 -NAN 0 0
 585.931378793219 -NAN 0 0
 588.089114990656 -NAN 0 0
 590.247135942837 -NAN 0 0
 592.405447607 -NAN 0 0
 594.564055940383 -NAN 0 0
 596.722966900224 -NAN 0 0
 598.882186443761 -NAN 0 0
 601.041720528232 -NAN 0 0
 603.201575110875 -NAN 0 0
 605.361756148928 -NAN 0 0
 607.522269599629 -NAN 0 0
 609.683121420216 -NAN 0 0
 611.844317567927 -NAN 0 0
 614.005864 -NAN 0 0
 616.167766673673 -NAN 0 0
 618.330031546184 -NAN 0 0
 620.492664574771 -NAN 0 0
 622.655671716672 -NAN 0 0
 624.819058929125 -NAN 0 0
 626.982832169368 -NAN 0 0
 629.146997394639 -NAN 0 0
 631.311560562176 -NAN 0 0
 633.476527629217 -NAN 0 0
 635.641904553 -NAN 0 0
 637.807697290763 -NAN 0 0
 639.973911799744 -NAN 0 0
 642.140554037181 -NAN 0 0
 644.307629960312 -NAN 0 0
 646.475145526375 -NAN 0 0
 648.643106692608 -NAN 0 0
 650.811519416249 -NAN 0 0
 652.980389654536 -NAN 0 0
 655.149723364707 -NAN 0 0
 657.319526504 -NAN 0 0
 659.489805029653 -NAN 0 0
 661.660564898904 -NAN 0 0
 663.831812068991 -NAN 0 0
 666.003552497152 -NAN 0 0
 668.175792140625 -NAN 0 0
 670.348536956648 -NAN 0 0
 672.521792902459 -NAN 0 0
 674.695565935296 -NAN 0 0
 676.869862012397 -NAN 0 0
 679.044687091 -NAN 0 0
 681.220047128343 -NAN 0 0
 683.395948081664 -NAN 0 0
 685.572395908201 -NAN 0 0
 687.749396565192 -NAN 0 0
 689.926956009875 -NAN 0 0
 692.105080199488 -NAN 0 0
 694.283775091269 -NAN 0 0
 696.463046642456 -NAN 0 0
 698.642900810287 -NAN 0 0
 700.823343552 -NAN 0 0
 703.004380824833 -NAN 0 0
 705.186018586024 -NAN 0 0
 707.368262792811 -NAN 0 0
 709.551119402432 -NAN 0 0
 711.734594372125 -NAN 0 0
 713.918693659128 -NAN 0 0
 716.103423220679 -NAN 0 0
 718.288789014016 -NAN 0 0
 720.474796996377 -NAN 0 0
 722.661453125 -NAN 0 0
 724.848763357123 -NAN 0 0
 727.036733649984 -NAN 0 0
 729.225369960821 -NAN 0 0
 731.414678246872 -NAN 0 0
 733.604664465375 -NAN 0 0
 735.795334573568 -NAN 0 0
[END] of [DATA]
[END] of Spectrum


[Spectrum]
Version            = 1
IDData             = 12ad_2026-06-09_16-15-30_000_728
IDDevice           = SAM_82E6
IDDataType         = SPECTRUM
IDDataTypeSub1     = CALIBRATED
IDDataTypeSub2     = 
IDDataTypeSub3     = 
DateTime           = 2026-06-09 16:15:30
PositionLatitude   = 0
PositionLongitude  = 0
Comment            = 20260609_FrameA
CommentSub1        = UV
CommentSub2        = right
CommentSub3        = 22.5cm
IDMethodType       = SAM Control
MethodName         = SAM_82E6
Mission            = No Mission
MissionSub         = 1
RecordType         = 0
[Attributes]
CalFactor = 1
IDBasisSpec = 
IDDataBack = DLAB_2024-11-11_10-40-48_641_639
IDDataCal = DLAB_2024-11-12_11-45-27_171_455
IntegrationTime = 128
P31 = -1
P31e = 0
PathLength = +INF
PathLengthCustomOn = 0
RAWDynamic = 65535
Salinity = 0
Temperature = -NAN
Unit1 = $01 $01 Wavelength nm
Unit2 = $03 $06 Intensity mW/(m^2 nm)
Unit3 = $f0 $06 Error mW/(m^2 nm)
Unit4 = $f1 $00 Status 
p999 = 7938
[END] of [Attributes]
[DATA]
 0 6 0 0
 185.260577530984 -NAN 0 0
 187.468128380571 -NAN 0 0
 189.674861895872 -NAN 0 0
 191.880784034125 -NAN 0 0
 194.085900752568 -NAN 0 0
 196.290218008439 -NAN 0 0
 198.493741758976 -NAN 0 0
 200.696477961417 -NAN 0 0
 202.898432573 -NAN 0 0
 205.099611550963 -NAN 0 0
 207.300020852544 -NAN 0 0
 209.499666434981 -NAN 0 0
 211.698554255512 -NAN 0 0
 213.896690271375 -NAN 0 0
 216.094080439808 -NAN 0 0
 218.290730718049 -NAN 0 0
 220.486647063336 -NAN 0 0
 222.681835432907 -NAN 0 0
 224.876301784 -NAN 0 0
 227.070052073853 -NAN 0 0
 229.263092259704 -NAN 0 0
 231.455428298791 -NAN 0 0
 233.647066148352 -NAN 0 0
 235.838011765625 -NAN 0 0
 238.028271107848 -NAN 0 0
 240.217850132259 -NAN 0 0
 242.406754796096 -NAN 0 0
 244.594991056597 -NAN 0 0
 246.782564871 -NAN 0 0
 248.969482196543 -NAN 0 0
 251.155748990464 -NAN 0 0
 253.341371210001 -NAN 0 0
 255.526354812392 -NAN 0 0
 257.710705754875 -NAN 0 0
 259.894429994688 -NAN 0 0
 262.077533489069 -NAN 0 0
 264.260022195256 -NAN 0 0
 266.441902070487 -NAN 0 0
 268.623179072 -NAN 0 0
 270.803859157033 -NAN 0 0
 272.983948282824 -NAN 0 0
 275.163452406611 -NAN 0 0
 277.342377485632 -NAN 0 0
 279.520729477125 1.75133497174801 0 0
 281.698514338328 5.06804206388048 0 0
 283.875738026479 13.0728121041812 0 0
 286.052406498816 10.8190082219407 0 0
 288.228525712577 17.8897008096317 0 0
 290.404101625 30.4682567958018 0 0
 292.579140193323 32.237252672206 0 0
 294.753647374784 44.966228355422 0 0
 296.927629126621 57.5463617738502 0 0
 299.101091406072 60.4615563029507 0 0
 301.274040170375 72.7765950706947 0 0
 303.446481376768 80.972957568122 0 0
 305.618420982489 81.0120036670616 0 0
 307.789864944776 86.9026339034213 0 0
 309.960819220867 93.6773318187352 0 0
 312.131289768 92.5178424044836 0 0
 314.301282543413 91.7428277555134 0 0
 316.470803504344 85.9006323515512 0 0
 318.639858608031 73.1772760808113 0 0
 320.808453811712 70.8737593391119 0 0
 322.976595072625 68.8947709157897 0 0
 325.144288348008 56.5604727236755 0 0
 327.311539595099 55.949748910337 0 0
 329.478354771136 52.6638477481577 0 0
 331.644739833357 40.8068988286107 0 0
 333.810700739 42.1335740444359 0 0
 335.976243445303 38.4653845303478 0 0
 338.141373909504 27.3408877361447 0 0
 340.306098088841 29.0851352940146 0 0
 342.470421940552 26.305621772832 0 0
 344.634351421875 17.6304171013571 0 0
 346.797892490048 20.1723474262953 0 0
 348.961051102309 17.6628102959073 0 0
 351.123833215896 10.8268400208894 0 0
 353.286244788047 13.7756983091382 0 0
 355.448291776 12.0625340739411 0 0
 357.609980136993 6.34768580770127 0 0
 359.771315828264 10.949889801162 0 0
 361.932304807051 13.6875138639742 0 0
 364.092953030592 13.9299145163426 0 0
 366.253266456125 18.7636423455767 0 0
 368.413251040888 11.2574303729211 0 0
 370.572912742119 2.13004609407661 0 0
 372.732257517056 6.62660069223865 0 0
 374.891291322937 4.40436811850162 0 0
 377.050020117 -0.799552916733451 0 0
 379.208449856483 5.67003793796232 0 0
 381.366586498624 3.20004807797593 0 0
 383.524436000661 -1.60198261234286 0 0
 385.682004319832 5.30739833238154 0 0
 387.839297413375 2.36184395997542 0 0
 389.996321238528 -1.67972641704538 0 0
 392.153081752529 5.24528227392596 0 0
 394.309584912616 1.81209157757576 0 0
 396.465836676027 -1.3409760373574 0 0
 398.621843 6.21559914786624 0 0
 400.777609841773 6.32625889881157 0 0
 402.933143158584 11.2296133804732 0 0
 405.088448907671 20.0149604581604 0 0
 407.243533046272 12.0537384845813 0 0
 409.398401531625 4.50733372766125 0 0
 411.553060320968 8.61309357462534 0 0
 413.707515371539 5.84041095259724 0 0
 415.861772640576 6.57411936240049 0 0
 418.015838085317 14.9952078300907 0 0
 420.169717663 16.291307773463 0 0
 422.323417330863 22.1468272954316 0 0
 424.476943046144 35.9909960158629 0 0
 426.630300766081 45.3744480416581 0 0
 428.783496447912 62.8286410320709 0 0
 430.936536048875 94.3590969338873 0 0
 433.089425526208 140.409341877584 0 0
 435.242170837149 194.95305471331 0 0
 437.394777938936 243.178180932546 0 0
 439.547252788807 283.007272580227 0 0
 441.699601344 356.381994561433 0 0
 443.851829561753 453.725740431075 0 0
 446.003943399304 540.021517510256 0 0
 448.155948813891 598.507345044978 0 0
 450.307851762752 607.026186213692 0 0
 452.459658203125 555.479840625109 0 0
 454.611374092248 478.874291877413 0 0
 456.763005387359 403.528754467837 0 0
 458.914558045696 334.483930835681 0 0
 461.066038024497 288.052209261111 0 0
 463.217451281 255.623176894091 0 0
 465.368803772443 217.912901360354 0 0
 467.520101456064 187.660612699969 0 0
 469.671350289101 162.108864357989 0 0
 471.822556228792 131.933628845932 0 0
 473.973725232375 115.10946814537 0 0
 476.124863257088 105.861327955786 0 0
 478.275976260169 92.3754756326218 0 0
 480.427070198856 89.9573290390464 0 0
 482.578151030387 90.3190934775369 0 0
 484.729224712 83.6178593541315 0 0
 486.880297200933 86.6830940453421 0 0
 489.031374454424 90.8558976156814 0 0
 491.182462429711 88.1026378384379 0 0
 493.333567084032 95.3837849413021 0 0
 495.484694374625 102.187946754212 0 0
 497.635850258728 101.715954422014 0 0
 499.787040693579 110.408275084622 0 0
 501.938271636416 116.795624416445 0 0
 504.089549044477 -NAN 0 0
 506.240878875 -NAN 0 0
 508.392267085223 -NAN 0 0
 510.543719632384 -NAN 0 0
 512.695242473721 -NAN 0 0
 514.846841566472 -NAN 0 0
 516.998522867875 -NAN 0 0
 519.150292335168 -NAN 0 0
 521.302155925589 -NAN 0 0
 523.454119596376 -NAN 0 0
 525.606189304767 -NAN 0 0
 527.758371008 -NAN 0 0
 529.910670663313 -NAN 0 0
 532.063094227944 -NAN 0 0
 534.215647659131 -NAN 0 0
 536.368336914112 -NAN 0 0
 538.521167950125 -NAN 0 0
 540.674146724408 -NAN 0 0
 542.827279194199 -NAN 0 0
 544.980571316736 -NAN 0 0
 547.134029049257 -NAN 0 0
 549.287658349 -NAN 0 0
 551.441465173203 -NAN 0 0
 553.595455479104 -NAN 0 0
 555.749635223941 -NAN 0 0
 557.904010364952 -NAN 0 0
 560.058586859375 -NAN 0 0
 562.213370664448 -NAN 0 0
 564.368367737409 -NAN 0 0
 566.523584035496 -NAN 0 0
 568.679025515947 -NAN 0 0
 570.834698136 -NAN 0 0
 572.990607852893 -NAN 0 0
 575.146760623864 -NAN 0 0
 577.303162406151 -NAN 0 0
 579.459819156992 -NAN 0 0
 581.616736833625 -NAN 0 0
 583.773921393288 -NAN 0 0
 585.931378793219 -NAN 0 0
 588.089114990656 -NAN 0 0
 590.247135942837 -NAN 0 0
 592.405447607 -NAN 0 0
 594.564055940383 -NAN 0 0
 596.722966900224 -NAN 0 0
 598.882186443761 -NAN 0 0
 601.041720528232 -NAN 0 0
 603.201575110875 -NAN 0 0
 605.361756148928 -NAN 0 0
 607.522269599629 -NAN 0 0
 609.683121420216 -NAN 0 0
 611.844317567927 -NAN 0 0
 614.005864 -NAN 0 0
 616.167766673673 -NAN 0 0
 618.330031546184 -NAN 0 0
 620.492664574771 -NAN 0 0
 622.655671716672 -NAN 0 0
 624.819058929125 -NAN 0 0
 626.982832169368 -NAN 0 0
 629.146997394639 -NAN 0 0
 631.311560562176 -NAN 0 0
 633.476527629217 -NAN 0 0
 635.641904553 -NAN 0 0
 637.807697290763 -NAN 0 0
 639.973911799744 -NAN 0 0
 642.140554037181 -NAN 0 0
 644.307629960312 -NAN 0 0
 646.475145526375 -NAN 0 0
 648.643106692608 -NAN 0 0
 650.811519416249 -NAN 0 0
 652.980389654536 -NAN 0 0
 655.149723364707 -NAN 0 0
 657.319526504 -NAN 0 0
 659.489805029653 -NAN 0 0
 661.660564898904 -NAN 0 0
 663.831812068991 -NAN 0 0
 666.003552497152 -NAN 0 0
 668.175792140625 -NAN 0 0
 670.348536956648 -NAN 0 0
 672.521792902459 -NAN 0 0
 674.695565935296 -NAN 0 0
 676.869862012397 -NAN 0 0
 679.044687091 -NAN 0 0
 681.220047128343 -NAN 0 0
 683.395948081664 -NAN 0 0
 685.572395908201 -NAN 0 0
 687.749396565192 -NAN 0 0
 689.926956009875 -NAN 0 0
 692.105080199488 -NAN 0 0
 694.283775091269 -NAN 0 0
 696.463046642456 -NAN 0 0
 698.642900810287 -NAN 0 0
 700.823343552 -NAN 0 0
 703.004380824833 -NAN 0 0
 705.186018586024 -NAN 0 0
 707.368262792811 -NAN 0 0
 709.551119402432 -NAN 0 0
 711.734594372125 -NAN 0 0
 713.918693659128 -NAN 0 0
 716.103423220679 -NAN 0 0
 718.288789014016 -NAN 0 0
 720.474796996377 -NAN 0 0
 722.661453125 -NAN 0 0
 724.848763357123 -NAN 0 0
 727.036733649984 -NAN 0 0
 729.225369960821 -NAN 0 0
 731.414678246872 -NAN 0 0
 733.604664465375 -NAN 0 0
 735.795334573568 -NAN 0 0
[END] of [DATA]
[END] of Spectrum


[Spectrum]
Version            = 1
IDData             = 12ad_2026-06-09_16-15-35_000_731
IDDevice           = SAM_82E6
IDDataType         = SPECTRUM
IDDataTypeSub1     = CALIBRATED
IDDataTypeSub2     = 
IDDataTypeSub3     = 
DateTime           = 2026-06-09 16:15:35
PositionLatitude   = 0
PositionLongitude  = 0
Comment            = 20260609_FrameA
CommentSub1        = UV
CommentSub2        = right
CommentSub3        = 22.5cm
IDMethodType       = SAM Control
MethodName         = SAM_82E6
Mission            = No Mission
MissionSub         = 1
RecordType         = 0
[Attributes]
CalFactor = 1
IDBasisSpec = 
IDDataBack = DLAB_2024-11-11_10-40-48_641_639
IDDataCal = DLAB_2024-11-12_11-45-27_171_455
IntegrationTime = 128
P31 = -1
P31e = 0
PathLength = +INF
PathLengthCustomOn = 0
RAWDynamic = 65535
Salinity = 0
Temperature = -NAN
Unit1 = $01 $01 Wavelength nm
Unit2 = $03 $06 Intensity mW/(m^2 nm)
Unit3 = $f0 $06 Error mW/(m^2 nm)
Unit4 = $f1 $00 Status 
p999 = 7939
[END] of [Attributes]
[DATA]
 0 6 0 0
 185.260577530984 -NAN 0 0
 187.468128380571 -NAN 0 0
 189.674861895872 -NAN 0 0
 191.880784034125 -NAN 0 0
 194.085900752568 -NAN 0 0
 196.290218008439 -NAN 0 0
 198.493741758976 -NAN 0 0
 200.696477961417 -NAN 0 0
 202.898432573 -NAN 0 0
 205.099611550963 -NAN 0 0
 207.300020852544 -NAN 0 0
 209.499666434981 -NAN 0 0
 211.698554255512 -NAN 0 0
 213.896690271375 -NAN 0 0
 216.094080439808 -NAN 0 0
 218.290730718049 -NAN 0 0
 220.486647063336 -NAN 0 0
 222.681835432907 -NAN 0 0
 224.876301784 -NAN 0 0
 227.070052073853 -NAN 0 0
 229.263092259704 -NAN 0 0
 231.455428298791 -NAN 0 0
 233.647066148352 -NAN 0 0
 235.838011765625 -NAN 0 0
 238.028271107848 -NAN 0 0
 240.217850132259 -NAN 0 0
 242.406754796096 -NAN 0 0
 244.594991056597 -NAN 0 0
 246.782564871 -NAN 0 0
 248.969482196543 -NAN 0 0
 251.155748990464 -NAN 0 0
 253.341371210001 -NAN 0 0
 255.526354812392 -NAN 0 0
 257.710705754875 -NAN 0 0
 259.894429994688 -NAN 0 0
 262.077533489069 -NAN 0 0
 264.260022195256 -NAN 0 0
 266.441902070487 -NAN 0 0
 268.623179072 -NAN 0 0
 270.803859157033 -NAN 0 0
 272.983948282824 -NAN 0 0
 275.163452406611 -NAN 0 0
 277.342377485632 -NAN 0 0
 279.520729477125 2.7500814400498 0 0
 281.698514338328 9.90557319754844 0 0
 283.875738026479 6.45268950974633 0 0
 286.052406498816 12.7151542947108 0 0
 288.228525712577 23.0875383591709 0 0
 290.404101625 23.9654712122517 0 0
 292.579140193323 35.1184012917286 0 0
 294.753647374784 49.9813063499292 0 0
 296.927629126621 52.3712804274246 0 0
 299.101091406072 64.034344624307 0 0
 301.274040170375 77.3205313671201 0 0
 303.446481376768 76.9537058476749 0 0
 305.618420982489 84.9523658886561 0 0
 307.789864944776 90.9730129271995 0 0
 309.960819220867 90.1866644520521 0 0
 312.131289768 97.1673812362822 0 0
 314.301282543413 95.6684496471838 0 0
 316.470803504344 81.3165920430507 0 0
 318.639858608031 78.4928409938329 0 0
 320.808453811712 74.2654107138547 0 0
 322.976595072625 63.3655058709297 0 0
 325.144288348008 62.5258268054815 0 0
 327.311539595099 58.6559717181267 0 0
 329.478354771136 46.4136320291959 0 0
 331.644739833357 47.1107107295605 0 0
 333.810700739 43.9335166885586 0 0
 335.976243445303 32.461759237054 0 0
 338.141373909504 33.6241978724447 0 0
 340.306098088841 30.1736785909209 0 0
 342.470421940552 20.7561770300205 0 0
 344.634351421875 23.3019580944739 0 0
 346.797892490048 20.3366324787994 0 0
 348.961051102309 12.7822158882075 0 0
 351.123833215896 15.9358451420677 0 0
 353.286244788047 13.6295820290261 0 0
 355.448291776 7.69746639338132 0 0
 357.609980136993 11.3698502038997 0 0
 359.771315828264 10.3410993342344 0 0
 361.932304807051 9.58739976186856 0 0
 364.092953030592 19.5298429103372 0 0
 366.253266456125 17.8083648091263 0 0
 368.413251040888 6.75252218528078 0 0
 370.572912742119 8.17890883759739 0 0
 372.732257517056 4.90204016245803 0 0
 374.891291322937 -0.252866917206382 0 0
 377.050020117 5.94312541502383 0 0
 379.208449856483 3.34136407467094 0 0
 381.366586498624 -1.39023876522964 0 0
 383.524436000661 5.65198541645352 0 0
 385.682004319832 2.58216400884595 0 0
 387.839297413375 -1.62805742543631 0 0
 389.996321238528 5.28733291296911 0 0
 392.153081752529 1.78731999032858 0 0
 394.309584912616 -1.75790948344611 0 0
 396.465836676027 5.31793113249156 0 0
 398.621843 2.31200864898001 0 0
 400.777609841773 3.62381471998492 0 0
 402.933143158584 17.7892434849322 0 0
 405.088448907671 16.2903016370265 0 0
 407.243533046272 9.94859529964864 0 0
 409.398401531625 10.3556564815662 0 0
 411.553060320968 4.67332515970085 0 0
 413.707515371539 4.13276543578356 0 0
 415.861772640576 11.5444815569474 0 0
 418.015838085317 11.2185845723016 0 0
 420.169717663 15.2960913346839 0 0
 422.323417330863 26.5562136651146 0 0
 424.476943046144 32.3410156616873 0 0
 426.630300766081 44.7149713593531 0 0
 428.783496447912 66.8580304533011 0 0
 430.936536048875 91.0152283871925 0 0
 433.089425526208 140.519448643031 0 0
 435.242170837149 199.305580123311 0 0
 437.394777938936 240.236745387457 0 0
 439.547252788807 283.204621826798 0 0
 441.699601344 359.955831740119 0 0
 443.851829561753 449.651031540677 0 0
 446.003943399304 540.276474957268 0 0
 448.155948813891 602.022278999596 0 0
 450.307851762752 602.619926132984 0 0
 452.459658203125 556.072678893952 0 0
 454.611374092248 482.56399548137 0 0
 456.763005387359 398.829072367601 0 0
 458.914558045696 335.571784667977 0 0
 461.066038024497 291.602013556767 0 0
 463.217451281 250.361403889697 0 0
 465.368803772443 219.519438312252 0 0
 467.520101456064 191.353493611307 0 0
 469.671350289101 156.66389442617 0 0
 471.822556228792 133.774369861818 0 0
 473.973725232375 118.271807644926 0 0
 476.124863257088 100.27254424095 0 0
 478.275976260169 94.8068817758625 0 0
 480.427070198856 92.8355306897881 0 0
 482.578151030387 84.7048721077075 0 0
 484.729224712 86.4655025014563 0 0
 486.880297200933 88.929251288353 0 0
 489.031374454424 85.0061305624691 0 0
 491.182462429711 91.5112984419238 0 0
 493.333567084032 97.3788750400859 0 0
 495.484694374625 96.7202004177025 0 0
 497.635850258728 105.459366340704 0 0
 499.787040693579 111.925965043215 0 0
 501.938271636416 111.498434191541 0 0
 504.089549044477 -NAN 0 0
 506.240878875 -NAN 0 0
 508.392267085223 -NAN 0 0
 510.543719632384 -NAN 0 0
 512.695242473721 -NAN 0 0
 514.846841566472 -NAN 0 0
 516.998522867875 -NAN 0 0
 519.150292335168 -NAN 0 0
 521.302155925589 -NAN 0 0
 523.454119596376 -NAN 0 0
 525.606189304767 -NAN 0 0
 527.758371008 -NAN 0 0
 529.910670663313 -NAN 0 0
 532.063094227944 -NAN 0 0
 534.215647659131 -NAN 0 0
 536.368336914112 -NAN 0 0
 538.521167950125 -NAN 0 0
 540.674146724408 -NAN 0 0
 542.827279194199 -NAN 0 0
 544.980571316736 -NAN 0 0
 547.134029049257 -NAN 0 0
 549.287658349 -NAN 0 0
 551.441465173203 -NAN 0 0
 553.595455479104 -NAN 0 0
 555.749635223941 -NAN 0 0
 557.904010364952 -NAN 0 0
 560.058586859375 -NAN 0 0
 562.213370664448 -NAN 0 0
 564.368367737409 -NAN 0 0
 566.523584035496 -NAN 0 0
 568.679025515947 -NAN 0 0
 570.834698136 -NAN 0 0
 572.990607852893 -NAN 0 0
 575.146760623864 -NAN 0 0
 577.303162406151 -NAN 0 0
 579.459819156992 -NAN 0 0
 581.616736833625 -NAN 0 0
 583.773921393288 -NAN 0 0
 585.931378793219 -NAN 0 0
 588.089114990656 -NAN 0 0
 590.247135942837 -NAN 0 0
 592.405447607 -NAN 0 0
 594.564055940383 -NAN 0 0
 596.722966900224 -NAN 0 0
 598.882186443761 -NAN 0 0
 601.041720528232 -NAN 0 0
 603.201575110875 -NAN 0 0
 605.361756148928 -NAN 0 0
 607.522269599629 -NAN 0 0
 609.683121420216 -NAN 0 0
 611.844317567927 -NAN 0 0
 614.005864 -NAN 0 0
 616.167766673673 -NAN 0 0
 618.330031546184 -NAN 0 0
 620.492664574771 -NAN 0 0
 622.655671716672 -NAN 0 0
 624.819058929125 -NAN 0 0
 626.982832169368 -NAN 0 0
 629.146997394639 -NAN 0 0
 631.311560562176 -NAN 0 0
 633.476527629217 -NAN 0 0
 635.641904553 -NAN 0 0
 637.807697290763 -NAN 0 0
 639.973911799744 -NAN 0 0
 642.140554037181 -NAN 0 0
 644.307629960312 -NAN 0 0
 646.475145526375 -NAN 0 0
 648.643106692608 -NAN 0 0
 650.811519416249 -NAN 0 0
 652.980389654536 -NAN 0 0
 655.149723364707 -NAN 0 0
 657.319526504 -NAN 0 0
 659.489805029653 -NAN 0 0
 661.660564898904 -NAN 0 0
 663.831812068991 -NAN 0 0
 666.003552497152 -NAN 0 0
 668.175792140625 -NAN 0 0
 670.348536956648 -NAN 0 0
 672.521792902459 -NAN 0 0
 674.695565935296 -NAN 0 0
 676.869862012397 -NAN 0 0
 679.044687091 -NAN 0 0
 681.220047128343 -NAN 0 0
 683.395948081664 -NAN 0 0
 685.572395908201 -NAN 0 0
 687.749396565192 -NAN 0 0
 689.926956009875 -NAN 0 0
 692.105080199488 -NAN 0 0
 694.283775091269 -NAN 0 0
 696.463046642456 -NAN 0 0
 698.642900810287 -NAN 0 0
 700.823343552 -NAN 0 0
 703.004380824833 -NAN 0 0
 705.186018586024 -NAN 0 0
 707.368262792811 -NAN 0 0
 709.551119402432 -NAN 0 0
 711.734594372125 -NAN 0 0
 713.918693659128 -NAN 0 0
 716.103423220679 -NAN 0 0
 718.288789014016 -NAN 0 0
 720.474796996377 -NAN 0 0
 722.661453125 -NAN 0 0
 724.848763357123 -NAN 0 0
 727.036733649984 -NAN 0 0
 729.225369960821 -NAN 0 0
 731.414678246872 -NAN 0 0
 733.604664465375 -NAN 0 0
 735.795334573568 -NAN 0 0
[END] of [DATA]
[END] of Spectrum


[Spectrum]
Version            = 1
IDData             = 12ad_2026-06-09_16-15-40_000_734
IDDevice           = SAM_82E6
IDDataType         = SPECTRUM
IDDataTypeSub1     = CALIBRATED
IDDataTypeSub2     = 
IDDataTypeSub3     = 
DateTime           = 2026-06-09 16:15:40
PositionLatitude   = 0
PositionLongitude  = 0
Comment            = 20260609_FrameA
CommentSub1        = UV
CommentSub2        = right
CommentSub3        = 22.5cm
IDMethodType       = SAM Control
MethodName         = SAM_82E6
Mission            = No Mission
MissionSub         = 1
RecordType         = 0
[Attributes]
CalFactor = 1
IDBasisSpec = 
IDDataBack = DLAB_2024-11-11_10-40-48_641_639
IDDataCal = DLAB_2024-11-12_11-45-27_171_455
IntegrationTime = 128
P31 = -1
P31e = 0
PathLength = +INF
PathLengthCustomOn = 0
RAWDynamic = 65535
Salinity = 0
Temperature = -NAN
Unit1 = $01 $01 Wavelength nm
Unit2 = $03 $06 Intensity mW/(m^2 nm)
Unit3 = $f0 $06 Error mW/(m^2 nm)
Unit4 = $f1 $00 Status 
p999 = 7940
[END] of [Attributes]
[DATA]
 0 6 0 0
 185.260577530984 -NAN 0 0
 187.468128380571 -NAN 0 0
 189.674861895872 -NAN 0 0
 191.880784034125 -NAN 0 0
 194.085900752568 -NAN 0 0
 196.290218008439 -NAN 0 0
 198.493741758976 -NAN 0 0
 200.696477961417 -NAN 0 0
 202.898432573 -NAN 0 0
 205.099611550963 -NAN 0 0
 207.300020852544 -NAN 0 0
 209.499666434981 -NAN 0 0
 211.698554255512 -NAN 0 0
 213.896690271375 -NAN 0 0
 216.094080439808 -NAN 0 0
 218.290730718049 -NAN 0 0
 220.486647063336 -NAN 0 0
 222.681835432907 -NAN 0 0
 224.876301784 -NAN 0 0
 227.070052073853 -NAN 0 0
 229.263092259704 -NAN 0 0
 231.455428298791 -NAN 0 0
 233.647066148352 -NAN 0 0
 235.838011765625 -NAN 0 0
 238.028271107848 -NAN 0 0
 240.217850132259 -NAN 0 0
 242.406754796096 -NAN 0 0
 244.594991056597 -NAN 0 0
 246.782564871 -NAN 0 0
 248.969482196543 -NAN 0 0
 251.155748990464 -NAN 0 0
 253.341371210001 -NAN 0 0
 255.526354812392 -NAN 0 0
 257.710705754875 -NAN 0 0
 259.894429994688 -NAN 0 0
 262.077533489069 -NAN 0 0
 264.260022195256 -NAN 0 0
 266.441902070487 -NAN 0 0
 268.623179072 -NAN 0 0
 270.803859157033 -NAN 0 0
 272.983948282824 -NAN 0 0
 275.163452406611 -NAN 0 0
 277.342377485632 -NAN 0 0
 279.520729477125 4.47858530289631 0 0
 281.698514338328 3.64816130410659 0 0
 283.875738026479 14.2590115451636 0 0
 286.052406498816 14.103144834962 0 0
 288.228525712577 17.0300804872162 0 0
 290.404101625 32.5534523518865 0 0
 292.579140193323 36.0346178292481 0 0
 294.753647374784 44.7855541481963 0 0
 296.927629126621 60.5554252652704 0 0
 299.101091406072 64.8733182661466 0 0
 301.274040170375 73.9810398806256 0 0
 303.446481376768 84.7213466726258 0 0
 305.618420982489 85.7868967521816 0 0
 307.789864944776 88.3777187387191 0 0
 309.960819220867 98.242216944701 0 0
 312.131289768 97.6557403488186 0 0
 314.301282543413 93.2009823325735 0 0
 316.470803504344 90.467568032035 0 0
 318.639858608031 77.7081133566249 0 0
 320.808453811712 71.2012107669717 0 0
 322.976595072625 73.3412449930653 0 0
 325.144288348008 60.7616296399523 0 0
 327.311539595099 55.4923591400064 0 0
 329.478354771136 56.5906848490761 0 0
 331.644739833357 44.0491130284886 0 0
 333.810700739 41.0322933477028 0 0
 335.976243445303 42.041393784949 0 0
 338.141373909504 30.0373462658041 0 0
 340.306098088841 27.5133982144416 0 0
 342.470421940552 29.1497449397472 0 0
 344.634351421875 19.3431973303205 0 0
 346.797892490048 18.5343288145632 0 0
 348.961051102309 19.9041827987799 0 0
 351.123833215896 11.8678949645125 0 0
 353.286244788047 12.4148541480941 0 0
 355.448291776 13.9922855325227 0 0
 357.609980136993 7.01587996190763 0 0
 359.771315828264 9.25904419337006 0 0
 361.932304807051 15.7167079884229 0 0
 364.092953030592 14.5124877121694 0 0
 366.253266456125 17.0329316988536 0 0
 368.413251040888 13.0831547352964 0 0
 370.572912742119 2.34858889253438 0 0
 372.732257517056 4.64635645305031 0 0
 374.891291322937 6.33233435441539 0 0
 377.050020117 -0.758169866415791 0 0
 379.208449856483 3.57087279677418 0 0
 381.366586498624 5.20123224360989 0 0
 383.524436000661 -2.09657134157898 0 0
 385.682004319832 3.32747861507385 0 0
 387.839297413375 4.52115138588717 0 0
 389.996321238528 -2.54779953518025 0 0
 392.153081752529 3.18882155791821 0 0
 394.309584912616 3.89027401340363 0 0
 396.465836676027 -2.43647366852609 0 0
 398.621843 4.63134114118026 0 0
 400.777609841773 8.72958750442834 0 0
 402.933143158584 10.6289053685889 0 0
 405.088448907671 19.1231061362135 0 0
 407.243533046272 14.4843947805025 0 0
 409.398401531625 3.71671015787394 0 0
 411.553060320968 7.59395975172774 0 0
 413.707515371539 7.59048244498394 0 0
 415.861772640576 5.72293207898116 0 0
 418.015838085317 14.157705743772 0 0
 420.169717663 18.0736155402498 0 0
 422.323417330863 21.3667614343498 0 0
 424.476943046144 35.3625460910681 0 0
 426.630300766081 47.0317716411682 0 0
 428.783496447912 62.0649115727332 0 0
 430.936536048875 94.2799911230241 0 0
 433.089425526208 143.085907808247 0 0
 435.242170837149 195.926498699608 0 0
 437.394777938936 244.425093826659 0 0
 439.547252788807 285.244436580286 0 0
 441.699601344 355.696488534059 0 0
 443.851829561753 453.600184487451 0 0
 446.003943399304 541.710396706236 0 0
 448.155948813891 597.396534663913 0 0
 450.307851762752 607.166869097972 0 0
 452.459658203125 557.091619668527 0 0
 454.611374092248 477.84155525012 0 0
 456.763005387359 403.944638259839 0 0
 458.914558045696 336.166611167104 0 0
 461.066038024497 286.909017406999 0 0
 463.217451281 256.25259545719 0 0
 465.368803772443 219.654547858798 0 0
 467.520101456064 186.651710780456 0 0
 469.671350289101 162.706403801799 0 0
 471.822556228792 133.717529877954 0 0
 473.973725232375 113.933500671302 0 0
 476.124863257088 106.731530808374 0 0
 478.275976260169 94.1890290264832 0 0
 480.427070198856 88.7476823700427 0 0
 482.578151030387 91.5781077330374 0 0
 484.729224712 85.3210807656397 0 0
 486.880297200933 85.1662667437869 0 0
 489.031374454424 91.9367841828969 0 0
 491.182462429711 89.8248379205399 0 0
 493.333567084032 93.9342272914045 0 0
 495.484694374625 103.536067207221 0 0
 497.635850258728 103.348485762873 0 0
 499.787040693579 108.757950330221 0 0
 501.938271636416 118.261445848042 0 0
 504.089549044477 -NAN 0 0
 506.240878875 -NAN 0 0
 508.392267085223 -NAN 0 0
 510.543719632384 -NAN 0 0
 512.695242473721 -NAN 0 0
 514.846841566472 -NAN 0 0
 516.998522867875 -NAN 0 0
 519.150292335168 -NAN 0 0
 521.302155925589 -NAN 0 0
 523.454119596376 -NAN 0 0
 525.606189304767 -NAN 0 0
 527.758371008 -NAN 0 0
 529.910670663313 -NAN 0 0
 532.063094227944 -NAN 0 0
 534.215647659131 -NAN 0 0
 536.368336914112 -NAN 0 0
 538.521167950125 -NAN 0 0
 540.674146724408 -NAN 0 0
 542.827279194199 -NAN 0 0
 544.980571316736 -NAN 0 0
 547.134029049257 -NAN 0 0
 549.287658349 -NAN 0 0
 551.441465173203 -NAN 0 0
 553.595455479104 -NAN 0 0
 555.749635223941 -NAN 0 0
 557.904010364952 -NAN 0 0
 560.058586859375 -NAN 0 0
 562.213370664448 -NAN 0 0
 564.368367737409 -NAN 0 0
 566.523584035496 -NAN 0 0
 568.679025515947 -NAN 0 0
 570.834698136 -NAN 0 0
 572.990607852893 -NAN 0 0
 575.146760623864 -NAN 0 0
 577.303162406151 -NAN 0 0
 579.459819156992 -NAN 0 0
 581.616736833625 -NAN 0 0
 583.773921393288 -NAN 0 0
 585.931378793219 -NAN 0 0
 588.089114990656 -NAN 0 0
 590.247135942837 -NAN 0 0
 592.405447607 -NAN 0 0
 594.564055940383 -NAN 0 0
 596.722966900224 -NAN 0 0
 598.882186443761 -NAN 0 0
 601.041720528232 -NAN 0 0
 603.201575110875 -NAN 0 0
 605.361756148928 -NAN 0 0
 607.522269599629 -NAN 0 0
 609.683121420216 -NAN 0 0
 611.844317567927 -NAN 0 0
 614.005864 -NAN 0 0
 616.167766673673 -NAN 0 0
 618.330031546184 -NAN 0 0
 620.492664574771 -NAN 0 0
 622.655671716672 -NAN 0 0
 624.819058929125 -NAN 0 0
 626.982832169368 -NAN 0 0
 629.146997394639 -NAN 0 0
 631.311560562176 -NAN 0 0
 633.476527629217 -NAN 0 0
 635.641904553 -NAN 0 0
 637.807697290763 -NAN 0 0
 639.973911799744 -NAN 0 0
 642.140554037181 -NAN 0 0
 644.307629960312 -NAN 0 0
 646.475145526375 -NAN 0 0
 648.643106692608 -NAN 0 0
 650.811519416249 -NAN 0 0
 652.980389654536 -NAN 0 0
 655.149723364707 -NAN 0 0
 657.319526504 -NAN 0 0
 659.489805029653 -NAN 0 0
 661.660564898904 -NAN 0 0
 663.831812068991 -NAN 0 0
 666.003552497152 -NAN 0 0
 668.175792140625 -NAN 0 0
 670.348536956648 -NAN 0 0
 672.521792902459 -NAN 0 0
 674.695565935296 -NAN 0 0
 676.869862012397 -NAN 0 0
 679.044687091 -NAN 0 0
 681.220047128343 -NAN 0 0
 683.395948081664 -NAN 0 0
 685.572395908201 -NAN 0 0
 687.749396565192 -NAN 0 0
 689.926956009875 -NAN 0 0
 692.105080199488 -NAN 0 0
 694.283775091269 -NAN 0 0
 696.463046642456 -NAN 0 0
 698.642900810287 -NAN 0 0
 700.823343552 -NAN 0 0
 703.004380824833 -NAN 0 0
 705.186018586024 -NAN 0 0
 707.368262792811 -NAN 0 0
 709.551119402432 -NAN 0 0
 711.734594372125 -NAN 0 0
 713.918693659128 -NAN 0 0
 716.103423220679 -NAN 0 0
 718.288789014016 -NAN 0 0
 720.474796996377 -NAN 0 0
 722.661453125 -NAN 0 0
 724.848763357123 -NAN 0 0
 727.036733649984 -NAN 0 0
 729.225369960821 -NAN 0 0
 731.414678246872 -NAN 0 0
 733.604664465375 -NAN 0 0
 735.795334573568 -NAN 0 0
[END] of [DATA]
[END] of Spectrum


[Spectrum]
Version            = 1
IDData             = 12ad_2026-06-09_16-15-45_000_737
IDDevice           = SAM_82E6
IDDataType         = SPECTRUM
IDDataTypeSub1     = CALIBRATED
IDDataTypeSub2     = 
IDDataTypeSub3     = 
DateTime           = 2026-06-09 16:15:45
PositionLatitude   = 0
PositionLongitude  = 0
Comment            = 20260609_FrameA
CommentSub1        = UV
CommentSub2        = right
CommentSub3        = 22.5cm
IDMethodType       = SAM Control
MethodName         = SAM_82E6
Mission            = No Mission
MissionSub         = 1
RecordType         = 0
[Attributes]
CalFactor = 1
IDBasisSpec = 
IDDataBack = DLAB_2024-11-11_10-40-48_641_639
IDDataCal = DLAB_2024-11-12_11-45-27_171_455
IntegrationTime = 128
P31 = -1
P31e = 0
PathLength = +INF
PathLengthCustomOn = 0
RAWDynamic = 65535
Salinity = 0
Temperature = -NAN
Unit1 = $01 $01 Wavelength nm
Unit2 = $03 $06 Intensity mW/(m^2 nm)
Unit3 = $f0 $06 Error mW/(m^2 nm)
Unit4 = $f1 $00 Status 
p999 = 7941
[END] of [Attributes]
[DATA]
 0 6 0 0
 185.260577530984 -NAN 0 0
 187.468128380571 -NAN 0 0
 189.674861895872 -NAN 0 0
 191.880784034125 -NAN 0 0
 194.085900752568 -NAN 0 0
 196.290218008439 -NAN 0 0
 198.493741758976 -NAN 0 0
 200.696477961417 -NAN 0 0
 202.898432573 -NAN 0 0
 205.099611550963 -NAN 0 0
 207.300020852544 -NAN 0 0
 209.499666434981 -NAN 0 0
 211.698554255512 -NAN 0 0
 213.896690271375 -NAN 0 0
 216.094080439808 -NAN 0 0
 218.290730718049 -NAN 0 0
 220.486647063336 -NAN 0 0
 222.681835432907 -NAN 0 0
 224.876301784 -NAN 0 0
 227.070052073853 -NAN 0 0
 229.263092259704 -NAN 0 0
 231.455428298791 -NAN 0 0
 233.647066148352 -NAN 0 0
 235.838011765625 -NAN 0 0
 238.028271107848 -NAN 0 0
 240.217850132259 -NAN 0 0
 242.406754796096 -NAN 0 0
 244.594991056597 -NAN 0 0
 246.782564871 -NAN 0 0
 248.969482196543 -NAN 0 0
 251.155748990464 -NAN 0 0
 253.341371210001 -NAN 0 0
 255.526354812392 -NAN 0 0
 257.710705754875 -NAN 0 0
 259.894429994688 -NAN 0 0
 262.077533489069 -NAN 0 0
 264.260022195256 -NAN 0 0
 266.441902070487 -NAN 0 0
 268.623179072 -NAN 0 0
 270.803859157033 -NAN 0 0
 272.983948282824 -NAN 0 0
 275.163452406611 -NAN 0 0
 277.342377485632 -NAN 0 0
 279.520729477125 3.83724561315139 0 0
 281.698514338328 9.3289917840491 0 0
 283.875738026479 5.70284200598247 0 0
 286.052406498816 14.4791799290259 0 0
 288.228525712577 23.0746440543347 0 0
 290.404101625 23.6906441828933 0 0
 292.579140193323 37.2623479895241 0 0
 294.753647374784 50.560285059448 0 0
 296.927629126621 53.2282921813101 0 0
 299.101091406072 67.0482144257447 0 0
 301.274040170375 78.8556763416274 0 0
 303.446481376768 78.8311769638294 0 0
 305.618420982489 88.6593605878472 0 0
 307.789864944776 92.9836176918336 0 0
 309.960819220867 92.4723491209483 0 0
 312.131289768 101.248668105337 0 0
 314.301282543413 97.7510292704011 0 0
 316.470803504344 83.7026876513933 0 0
 318.639858608031 82.1630507462168 0 0
 320.808453811712 75.7149822786486 0 0
 322.976595072625 64.9981296545214 0 0
 325.144288348008 65.9950295786131 0 0
 327.311539595099 59.2760866952096 0 0
 329.478354771136 47.7389395507559 0 0
 331.644739833357 50.1352968530083 0 0
 333.810700739 44.3198530620093 0 0
 335.976243445303 33.573810895497 0 0
 338.141373909504 35.7602986139093 0 0
 340.306098088841 29.9904449935614 0 0
 342.470421940552 21.6871952490245 0 0
 344.634351421875 24.9430580935908 0 0
 346.797892490048 20.0648373551713 0 0
 348.961051102309 13.4379734780572 0 0
 351.123833215896 17.1750363491546 0 0
 353.286244788047 13.1683343686722 0 0
 355.448291776 8.19119878997494 0 0
 357.609980136993 12.4203285136376 0 0
 359.771315828264 9.67315078306465 0 0
 361.932304807051 10.0518743910037 0 0
 364.092953030592 20.6780540346704 0 0
 366.253266456125 16.9780441142409 0 0
 368.413251040888 7.41807509029008 0 0
 370.572912742119 9.23017505776493 0 0
 372.732257517056 3.62231710669797 0 0
 374.891291322937 0.315842788366507 0 0
 377.050020117 6.87424404717116 0 0
 379.208449856483 1.79218020047409 0 0
 381.366586498624 -0.563478357817312 0 0
 383.524436000661 6.09967349033104 0 0
 385.682004319832 0.674784453594793 0 0
 387.839297413375 -0.977714834561318 0 0
 389.996321238528 5.75508104943983 0 0
 392.153081752529 0.201264255917742 0 0
 394.309584912616 -1.03381835915176 0 0
 396.465836676027 5.57166771618136 0 0
 398.621843 0.699886808005585 0 0
 400.777609841773 4.40801772279169 0 0
 402.933143158584 18.3937534462589 0 0
 405.088448907671 15.3947619666417 0 0
 407.243533046272 11.1354113502964 0 0
 409.398401531625 10.510343701742 0 0
 411.553060320968 3.3729368726919 0 0
 413.707515371539 4.63869519449172 0 0
 415.861772640576 11.4066994427249 0 0
 418.015838085317 9.93579088375006 0 0
 420.169717663 15.8495149246894 0 0
 422.323417330863 26.2183682393643 0 0
 424.476943046144 31.2305765996558 0 0
 426.630300766081 45.2354745523242 0 0
 428.783496447912 66.3800673148414 0 0
 430.936536048875 90.3403569382661 0 0
 433.089425526208 142.144333041955 0 0
 435.242170837149 200.593115642135 0 0
 437.394777938936 240.862599743926 0 0
 439.547252788807 284.478495037243 0 0
 441.699601344 359.489786275465 0 0
 443.851829561753 448.784695529675 0 0
 446.003943399304 540.807778898861 0 0
 448.155948813891 601.256293642037 0 0
 450.307851762752 601.670316664097 0 0
 452.459658203125 556.814653039801 0 0
 454.611374092248 481.750929352147 0 0
 456.763005387359 397.695642596439 0 0
 458.914558045696 336.245455619169 0 0
 461.066038024497 290.767544636519 0 0
 463.217451281 249.379884843279 0 0
 465.368803772443 220.38392830148 0 0
 467.520101456064 190.399213770239 0 0
 469.671350289101 155.718872805797 0 0
 471.822556228792 135.043431809231 0 0
 473.973725232375 117.330373009786 0 0
 476.124863257088 99.4255910828969 0 0
 478.275976260169 95.9370189091695 0 0
 480.427070198856 91.8430857707437 0 0
 482.578151030387 84.1322884968283 0 0
 484.729224712 87.7026849834376 0 0
 486.880297200933 87.8721703149241 0 0
 489.031374454424 84.7342305253745 0 0
 491.182462429711 92.647146355995 0 0
 493.333567084032 96.2666568432751 0 0
 495.484694374625 96.6504700494434 0 0
 497.635850258728 106.377665219937 0 0
 499.787040693579 110.957296165632 0 0
 501.938271636416 111.469376057434 0 0
 504.089549044477 -NAN 0 0
 506.240878875 -NAN 0 0
 508.392267085223 -NAN 0 0
 510.543719632384 -NAN 0 0
 512.695242473721 -NAN 0 0
 514.846841566472 -NAN 0 0
 516.998522867875 -NAN 0 0
 519.150292335168 -NAN 0 0
 521.302155925589 -NAN 0 0
 523.454119596376 -NAN 0 0
 525.606189304767 -NAN 0 0
 527.758371008 -NAN 0 0
 529.910670663313 -NAN 0 0
 532.063094227944 -NAN 0 0
 534.215647659131 -NAN 0 0
 536.368336914112 -NAN 0 0
 538.521167950125 -NAN 0 0
 540.674146724408 -NAN 0 0
 542.827279194199 -NAN 0 0
 544.980571316736 -NAN 0 0
 547.134029049257 -NAN 0 0
 549.287658349 -NAN 0 0
 551.441465173203 -NAN 0 0
 553.595455479104 -NAN 0 0
 555.749635223941 -NAN 0 0
 557.904010364952 -NAN 0 0
 560.058586859375 -NAN 0 0
 562.213370664448 -NAN 0 0
 564.368367737409 -NAN 0 0
 566.523584035496 -NAN 0 0
 568.679025515947 -NAN 0 0
 570.834698136 -NAN 0 0
 572.990607852893 -NAN 0 0
 575.146760623864 -NAN 0 0
 577.303162406151 -NAN 0 0
 579.459819156992 -NAN 0 0
 581.616736833625 -NAN 0 0
 583.773921393288 -NAN 0 0
 585.931378793219 -NAN 0 0
 588.089114990656 -NAN 0 0
 590.247135942837 -NAN 0 0
 592.405447607 -NAN 0 0
 594.564055940383 -NAN 0 0
 596.722966900224 -NAN 0 0
 598.882186443761 -NAN 0 0
 601.041720528232 -NAN 0 0
 603.201575110875 -NAN 0 0
 605.361756148928 -NAN 0 0
 607.522269599629 -NAN 0 0
 609.683121420216 -NAN 0 0
 611.844317567927 -NAN 0 0
 614.005864 -NAN 0 0
 616.167766673673 -NAN 0 0
 618.330031546184 -NAN 0 0
 620.492664574771 -NAN 0 0
 622.655671716672 -NAN 0 0
 624.819058929125 -NAN 0 0
 626.982832169368 -NAN 0 0
 629.146997394639 -NAN 0 0
 631.311560562176 -NAN 0 0
 633.476527629217 -NAN 0 0
 635.641904553 -NAN 0 0
 637.807697290763 -NAN 0 0
 639.973911799744 -NAN 0 0
 642.140554037181 -NAN 0 0
 644.307629960312 -NAN 0 0
 646.475145526375 -NAN 0 0
 648.643106692608 -NAN 0 0
 650.811519416249 -NAN 0 0
 652.980389654536 -NAN 0 0
 655.149723364707 -NAN 0 0
 657.319526504 -NAN 0 0
 659.489805029653 -NAN 0 0
 661.660564898904 -NAN 0 0
 663.831812068991 -NAN 0 0
 666.003552497152 -NAN 0 0
 668.175792140625 -NAN 0 0
 670.348536956648 -NAN 0 0
 672.521792902459 -NAN 0 0
 674.695565935296 -NAN 0 0
 676.869862012397 -NAN 0 0
 679.044687091 -NAN 0 0
 681.220047128343 -NAN 0 0
 683.395948081664 -NAN 0 0
 685.572395908201 -NAN 0 0
 687.749396565192 -NAN 0 0
 689.926956009875 -NAN 0 0
 692.105080199488 -NAN 0 0
 694.283775091269 -NAN 0 0
 696.463046642456 -NAN 0 0
 698.642900810287 -NAN 0 0
 700.823343552 -NAN 0 0
 703.004380824833 -NAN 0 0
 705.186018586024 -NAN 0 0
 707.368262792811 -NAN 0 0
 709.551119402432 -NAN 0 0
 711.734594372125 -NAN 0 0
 713.918693659128 -NAN 0 0
 716.103423220679 -NAN 0 0
 718.288789014016 -NAN 0 0
 720.474796996377 -NAN 0 0
 722.661453125 -NAN 0 0
 724.848763357123 -NAN 0 0
 727.036733649984 -NAN 0 0
 729.225369960821 -NAN 0 0
 731.414678246872 -NAN 0 0
 733.604664465375 -NAN 0 0
 735.795334573568 -NAN 0 0
[END] of [DATA]
[END] of Spectrum


[Spectrum]
Version            = 1
IDData             = 12ad_2026-06-09_16-15-50_000_740
IDDevice           = SAM_82E6
IDDataType         = SPECTRUM
IDDataTypeSub1     = CALIBRATED
IDDataTypeSub2     = 
IDDataTypeSub3     = 
DateTime           = 2026-06-09 16:15:50
PositionLatitude   = 0
PositionLongitude  = 0
Comment            = 20260609_FrameA
CommentSub1        = UV
CommentSub2        = right
CommentSub3        = 22.5cm
IDMethodType       = SAM Control
MethodName         = SAM_82E6
Mission            = No Mission
MissionSub         = 1
RecordType         = 0
[Attributes]
CalFactor = 1
IDBasisSpec = 
IDDataBack = DLAB_2024-11-11_10-40-48_641_639
IDDataCal = DLAB_2024-11-12_11-45-27_171_455
IntegrationTime = 128
P31 = -1
P31e = 0
PathLength = +INF
PathLengthCustomOn = 0
RAWDynamic = 65535
Salinity = 0
Temperature = -NAN
Unit1 = $01 $01 Wavelength nm
Unit2 = $03 $06 Intensity mW/(m^2 nm)
Unit3 = $f0 $06 Error mW/(m^2 nm)
Unit4 = $f1 $00 Status 
p999 = 7942
[END] of [Attributes]
[DATA]
 0 6 0 0
 185.260577530984 -NAN 0 0
 187.468128380571 -NAN 0 0
 189.674861895872 -NAN 0 0
 191.880784034125 -NAN 0 0
 194.085900752568 -NAN 0 0
 196.290218008439 -NAN 0 0
 198.493741758976 -NAN 0 0
 200.696477961417 -NAN 0 0
 202.898432573 -NAN 0 0
 205.099611550963 -NAN 0 0
 207.300020852544 -NAN 0 0
 209.499666434981 -NAN 0 0
 211.698554255512 -NAN 0 0
 213.896690271375 -NAN 0 0
 216.094080439808 -NAN 0 0
 218.290730718049 -NAN 0 0
 220.486647063336 -NAN 0 0
 222.681835432907 -NAN 0 0
 224.876301784 -NAN 0 0
 227.070052073853 -NAN 0 0
 229.263092259704 -NAN 0 0
 231.455428298791 -NAN 0 0
 233.647066148352 -NAN 0 0
 235.838011765625 -NAN 0 0
 238.028271107848 -NAN 0 0
 240.217850132259 -NAN 0 0
 242.406754796096 -NAN 0 0
 244.594991056597 -NAN 0 0
 246.782564871 -NAN 0 0
 248.969482196543 -NAN 0 0
 251.155748990464 -NAN 0 0
 253.341371210001 -NAN 0 0
 255.526354812392 -NAN 0 0
 257.710705754875 -NAN 0 0
 259.894429994688 -NAN 0 0
 262.077533489069 -NAN 0 0
 264.260022195256 -NAN 0 0
 266.441902070487 -NAN 0 0
 268.623179072 -NAN 0 0
 270.803859157033 -NAN 0 0
 272.983948282824 -NAN 0 0
 275.163452406611 -NAN 0 0
 277.342377485632 -NAN 0 0
 279.520729477125 5.99787544170952 0 0
 281.698514338328 2.5368365842099 0 0
 283.875738026479 11.9402740664814 0 0
 286.052406498816 16.5277726615515 0 0
 288.228525712577 16.0443825175131 0 0
 290.404101625 30.8201517222819 0 0
 292.579140193323 39.1243819065444 0 0
 294.753647374784 44.6322548208533 0 0
 296.927629126621 60.5960539706398 0 0
 299.101091406072 68.4723245138104 0 0
 301.274040170375 74.7909651959742 0 0
 303.446481376768 85.6213095578564 0 0
 305.618420982489 89.867064401944 0 0
 307.789864944776 89.7202597192509 0 0
 309.960819220867 99.6190312558942 0 0
 312.131289768 102.269271135453 0 0
 314.301282543413 94.5358798241723 0 0
 316.470803504344 91.5842558897027 0 0
 318.639858608031 82.1952117149549 0 0
 320.808453811712 71.6990434255878 0 0
 322.976595072625 74.0696680076221 0 0
 325.144288348008 64.8097547235399 0 0
 327.311539595099 55.1434528408439 0 0
 329.478354771136 57.2540823290039 0 0
 331.644739833357 47.9604965518117 0 0
 333.810700739 39.9872608585987 0 0
 335.976243445303 42.7158930915079 0 0
 338.141373909504 33.1663616845963 0 0
 340.306098088841 26.6284478034903 0 0
 342.470421940552 29.7101890997102 0 0
 344.634351421875 21.8507478270555 0 0
 346.797892490048 17.5075472364126 0 0
 348.961051102309 20.6073584859556 0 0
 351.123833215896 13.9992590641452 0 0
 353.286244788047 11.1543286271269 0 0
 355.448291776 14.6075686062733 0 0
 357.609980136993 8.9583546345524 0 0
 359.771315828264 7.84140137462337 0 0
 361.932304807051 16.2657323727434 0 0
 364.092953030592 16.4589144362111 0 0
 366.253266456125 15.4517021336289 0 0
 368.413251040888 14.0602688362754 0 0
 370.572912742119 3.99393984644057 0 0
 372.732257517056 2.2460604055493 0 0
 374.891291322937 7.36757424399251 0 0
 377.050020117 0.726102204977587 0 0
 379.208449856483 0.693617109918957 0 0
 381.366586498624 6.2640080151895 0 0
 383.524436000661 -0.695236608743314 0 0
 385.682004319832 0.40311443491249 0 0
 387.839297413375 5.53562915291658 0 0
 389.996321238528 -1.36508502794795 0 0
 392.153081752529 0.260932144438885 0 0
 394.309584912616 4.98936524914986 0 0
 396.465836676027 -1.42689742019416 0 0
 398.621843 1.4973232083559 0 0
 400.777609841773 9.98847391689427 0 0
 402.933143158584 11.6959858453961 0 0
 405.088448907671 16.9512074568715 0 0
 407.243533046272 15.719918997393 0 0
 409.398401531625 4.20712593739418 0 0
 411.553060320968 5.08803762442975 0 0
 413.707515371539 8.6171910538508 0 0
 415.861772640576 5.70047869740415 0 0
 418.015838085317 11.9597542590202 0 0
 420.169717663 18.9382807731815 0 0
 422.323417330863 21.1158951832507 0 0
 424.476943046144 33.4576682116758 0 0
 426.630300766081 47.7896519121941 0 0
 428.783496447912 61.727724173467 0 0
 430.936536048875 92.8527904520346 0 0
 433.089425526208 144.627402524515 0 0
 435.242170837149 196.714524783755 0 0
 437.394777938936 244.206084767052 0 0
 439.547252788807 286.638822240482 0 0
 441.699601344 355.219757723654 0 0
 443.851829561753 452.090165005472 0 0
 446.003943399304 542.60018108507 0 0
 448.155948813891 596.761284493383 0 0
 450.307851762752 605.458834592679 0 0
 452.459658203125 558.155023313265 0 0
 454.611374092248 476.947657985244 0 0
 456.763005387359 402.324058225275 0 0
 458.914558045696 337.707571091016 0 0
 461.066038024497 285.804543280566 0 0
 463.217451281 254.491054396106 0 0
 465.368803772443 221.360305883942 0 0
 467.520101456064 185.471445477586 0 0
 469.671350289101 161.279670129803 0 0
 471.822556228792 135.346214030965 0 0
 473.973725232375 112.402981205988 0 0
 476.124863257088 105.352048932643 0 0
 478.275976260169 95.9447976308344 0 0
 480.427070198856 87.2996707036478 0 0
 482.578151030387 90.3882946156938 0 0
 484.729224712 87.1070045291503 0 0
 486.880297200933 83.6516766506411 0 0
 489.031374454424 90.9252712876973 0 0
 491.182462429711 91.4487542106672 0 0
 493.333567084032 92.4868963045635 0 0
 495.484694374625 102.854259162021 0 0
 497.635850258728 105.022708092275 0 0
 499.787040693579 107.266352462607 0 0
 501.938271636416 117.811582882985 0 0
 504.089549044477 -NAN 0 0
 506.240878875 -NAN 0 0
 508.392267085223 -NAN 0 0
 510.543719632384 -NAN 0 0
 512.695242473721 -NAN 0 0
 514.846841566472 -NAN 0 0
 516.998522867875 -NAN 0 0
 519.150292335168 -NAN 0 0
 521.302155925589 -NAN 0 0
 523.454119596376 -NAN 0 0
 525.606189304767 -NAN 0 0
 527.758371008 -NAN 0 0
 529.910670663313 -NAN 0 0
 532.063094227944 -NAN 0 0
 534.215647659131 -NAN 0 0
 536.368336914112 -NAN 0 0
 538.521167950125 -NAN 0 0
 540.674146724408 -NAN 0 0
 542.827279194199 -NAN 0 0
 544.980571316736 -NAN 0 0
 547.134029049257 -NAN 0 0
 549.287658349 -NAN 0 0
 551.441465173203 -NAN 0 0
 553.595455479104 -NAN 0 0
 555.749635223941 -NAN 0 0
 557.904010364952 -NAN 0 0
 560.058586859375 -NAN 0 0
 562.213370664448 -NAN 0 0
 564.368367737409 -NAN 0 0
 566.523584035496 -NAN 0 0
 568.679025515947 -NAN 0 0
 570.834698136 -NAN 0 0
 572.990607852893 -NAN 0 0
 575.146760623864 -NAN 0 0
 577.303162406151 -NAN 0 0
 579.459819156992 -NAN 0 0
 581.616736833625 -NAN 0 0
 583.773921393288 -NAN 0 0
 585.931378793219 -NAN 0 0
 588.089114990656 -NAN 0 0
 590.247135942837 -NAN 0 0
 592.405447607 -NAN 0 0
 594.564055940383 -NAN 0 0
 596.722966900224 -NAN 0 0
 598.882186443761 -NAN 0 0
 601.041720528232 -NAN 0 0
 603.201575110875 -NAN 0 0
 605.361756148928 -NAN 0 0
 607.522269599629 -NAN 0 0
 609.683121420216 -NAN 0 0
 611.844317567927 -NAN 0 0
 614.005864 -NAN 0 0
 616.167766673673 -NAN 0 0
 618.330031546184 -NAN 0 0
 620.492664574771 -NAN 0 0
 622.655671716672 -NAN 0 0
 624.819058929125 -NAN 0 0
 626.982832169368 -NAN 0 0
 629.146997394639 -NAN 0 0
 631.311560562176 -NAN 0 0
 633.476527629217 -NAN 0 0
 635.641904553 -NAN 0 0
 637.807697290763 -NAN 0 0
 639.973911799744 -NAN 0 0
 642.140554037181 -NAN 0 0
 644.307629960312 -NAN 0 0
 646.475145526375 -NAN 0 0
 648.643106692608 -NAN 0 0
 650.811519416249 -NAN 0 0
 652.980389654536 -NAN 0 0
 655.149723364707 -NAN 0 0
 657.319526504 -NAN 0 0
 659.489805029653 -NAN 0 0
 661.660564898904 -NAN 0 0
 663.831812068991 -NAN 0 0
 666.003552497152 -NAN 0 0
 668.175792140625 -NAN 0 0
 670.348536956648 -NAN 0 0
 672.521792902459 -NAN 0 0
 674.695565935296 -NAN 0 0
 676.869862012397 -NAN 0 0
 679.044687091 -NAN 0 0
 681.220047128343 -NAN 0 0
 683.395948081664 -NAN 0 0
 685.572395908201 -NAN 0 0
 687.749396565192 -NAN 0 0
 689.926956009875 -NAN 0 0
 692.105080199488 -NAN 0 0
 694.283775091269 -NAN 0 0
 696.463046642456 -NAN 0 0
 698.642900810287 -NAN 0 0
 700.823343552 -NAN 0 0
 703.004380824833 -NAN 0 0
 705.186018586024 -NAN 0 0
 707.368262792811 -NAN 0 0
 709.551119402432 -NAN 0 0
 711.734594372125 -NAN 0 0
 713.918693659128 -NAN 0 0
 716.103423220679 -NAN 0 0
 718.288789014016 -NAN 0 0
 720.474796996377 -NAN 0 0
 722.661453125 -NAN 0 0
 724.848763357123 -NAN 0 0
 727.036733649984 -NAN 0 0
 729.225369960821 -NAN 0 0
 731.414678246872 -NAN 0 0
 733.604664465375 -NAN 0 0
 735.795334573568 -NAN 0 0
[END] of [DATA]
[END] of Spectrum


