[Spectrum]
Version            = 1
IDData             = 12ad_2026-06-09_10-05-20_000_367
IDDevice           = SAM_82E6
IDDataType         = SPECTRUM
IDDataTypeSub1     = CALIBRATED
IDDataTypeSub2     = 
IDDataTypeSub3     = 
DateTime           = 2026-06-09 10:05:20
PositionLatitude   = 0
PositionLongitude  = 0
Comment            = 20260609_FrameF
CommentSub1        = UV
CommentSub2        = right
CommentSub3        = 44.5cm
IDMethodType       = SAM Control
MethodName         = SAM_82E6
Mission            = No Mission
MissionSub         = 1
RecordType         = 0
[Attributes]
CalFactor = 1
IDBasisSpec = 
IDDataBack = DLAB_2024-11-11_10-40-48_641_639
IDDataCal = DLAB_2024-11-12_11-45-27_171_455
IntegrationTime = 128
P31 = -1
P31e = 0
PathLength = +INF
PathLengthCustomOn = 0
RAWDynamic = 65535
Salinity = 0
Temperature = -NAN
Unit1 = $01 $01 Wavelength nm
Unit2 = $03 $06 Intensity mW/(m^2 nm)
Unit3 = $f0 $06 Error mW/(m^2 nm)
Unit4 = $f1 $00 Status 
p999 = 7551
[END] of [Attributes]
[DATA]
 0 6 0 0
 185.260577530984 -NAN 0 0
 187.468128380571 -NAN 0 0
 189.674861895872 -NAN 0 0
 191.880784034125 -NAN 0 0
 194.085900752568 -NAN 0 0
 196.290218008439 -NAN 0 0
 198.493741758976 -NAN 0 0
 200.696477961417 -NAN 0 0
 202.898432573 -NAN 0 0
 205.099611550963 -NAN 0 0
 207.300020852544 -NAN 0 0
 209.499666434981 -NAN 0 0
 211.698554255512 -NAN 0 0
 213.896690271375 -NAN 0 0
 216.094080439808 -NAN 0 0
 218.290730718049 -NAN 0 0
 220.486647063336 -NAN 0 0
 222.681835432907 -NAN 0 0
 224.876301784 -NAN 0 0
 227.070052073853 -NAN 0 0
 229.263092259704 -NAN 0 0
 231.455428298791 -NAN 0 0
 233.647066148352 -NAN 0 0
 235.838011765625 -NAN 0 0
 238.028271107848 -NAN 0 0
 240.217850132259 -NAN 0 0
 242.406754796096 -NAN 0 0
 244.594991056597 -NAN 0 0
 246.782564871 -NAN 0 0
 248.969482196543 -NAN 0 0
 251.155748990464 -NAN 0 0
 253.341371210001 -NAN 0 0
 255.526354812392 -NAN 0 0
 257.710705754875 -NAN 0 0
 259.894429994688 -NAN 0 0
 262.077533489069 -NAN 0 0
 264.260022195256 -NAN 0 0
 266.441902070487 -NAN 0 0
 268.623179072 -NAN 0 0
 270.803859157033 -NAN 0 0
 272.983948282824 -NAN 0 0
 275.163452406611 -NAN 0 0
 277.342377485632 -NAN 0 0
 279.520729477125 6.82850373891313 0 0
 281.698514338328 18.2352788333859 0 0
 283.875738026479 12.14503468427 0 0
 286.052406498816 26.8520412093827 0 0
 288.228525712577 46.4247974122148 0 0
 290.404101625 49.3004518075541 0 0
 292.579140193323 72.2618197227664 0 0
 294.753647374784 102.974967570818 0 0
 296.927629126621 109.572688646392 0 0
 299.101091406072 131.775507583232 0 0
 301.274040170375 160.467835553267 0 0
 303.446481376768 160.642608858342 0 0
 305.618420982489 173.764301845518 0 0
 307.789864944776 188.308302917816 0 0
 309.960819220867 187.643287504719 0 0
 312.131289768 197.89201082263 0 0
 314.301282543413 198.121832127393 0 0
 316.470803504344 169.413978643543 0 0
 318.639858608031 155.924875766263 0 0
 320.808453811712 152.540944109362 0 0
 322.976595072625 131.12431466711 0 0
 325.144288348008 120.006604338663 0 0
 327.311539595099 119.742427935781 0 0
 329.478354771136 96.452543738285 0 0
 331.644739833357 86.4421740392212 0 0
 333.810700739 90.1058940718826 0 0
 335.976243445303 68.072124566308 0 0
 338.141373909504 58.3712269094907 0 0
 340.306098088841 62.3970032939795 0 0
 342.470421940552 44.5606498897587 0 0
 344.634351421875 37.5839295044136 0 0
 346.797892490048 42.9487787863311 0 0
 348.961051102309 28.2277936879306 0 0
 351.123833215896 23.0071828612797 0 0
 353.286244788047 29.4090498611335 0 0
 355.448291776 17.8421074223017 0 0
 357.609980136993 13.6817591444951 0 0
 359.771315828264 23.118169928993 0 0
 361.932304807051 21.9788801159827 0 0
 364.092953030592 29.6289073224909 0 0
 366.253266456125 39.1012441759965 0 0
 368.413251040888 17.0073710440671 0 0
 370.572912742119 5.01255024614891 0 0
 372.732257517056 13.8940187795366 0 0
 374.891291322937 3.56945386989462 0 0
 377.050020117 -1.03543630354411 0 0
 379.208449856483 11.9549383706796 0 0
 381.366586498624 1.68644056286719 0 0
 383.524436000661 -3.09853988787628 0 0
 385.682004319832 10.7991153068966 0 0
 387.839297413375 1.37995416590926 0 0
 389.996321238528 -3.84148131803173 0 0
 392.153081752529 9.77865417621835 0 0
 394.309584912616 1.18618230064336 0 0
 396.465836676027 -3.93875534656258 0 0
 398.621843 10.7175986593282 0 0
 400.777609841773 9.98977441938649 0 0
 402.933143158584 17.6739176851823 0 0
 405.088448907671 34.3988754108837 0 0
 407.243533046272 20.2117623282228 0 0
 409.398401531625 4.90952050011827 0 0
 411.553060320968 13.0701496117782 0 0
 413.707515371539 8.48460988018514 0 0
 415.861772640576 6.10566017404381 0 0
 418.015838085317 20.6306532066928 0 0
 420.169717663 22.5151946087554 0 0
 422.323417330863 26.6047388888673 0 0
 424.476943046144 47.9821401317574 0 0
 426.630300766081 61.1837614401094 0 0
 428.783496447912 80.3918896913451 0 0
 430.936536048875 126.982827745173 0 0
 433.089425526208 196.697377669884 0 0
 435.242170837149 270.730633991548 0 0
 437.394777938936 336.113956004008 0 0
 439.547252788807 383.643256205448 0 0
 441.699601344 472.308954507301 0 0
 443.851829561753 602.30613299636 0 0
 446.003943399304 714.543312237651 0 0
 448.155948813891 774.091720563783 0 0
 450.307851762752 772.60723557078 0 0
 452.459658203125 690.827596331458 0 0
 454.611374092248 571.349865837922 0 0
 456.763005387359 474.864539832667 0 0
 458.914558045696 394.602326520086 0 0
 461.066038024497 334.039699756073 0 0
 463.217451281 302.745438922585 0 0
 465.368803772443 262.66688311039 0 0
 467.520101456064 214.92988209776 0 0
 469.671350289101 187.643933089931 0 0
 471.822556228792 156.616391838635 0 0
 473.973725232375 126.81298713589 0 0
 476.124863257088 123.60748765569 0 0
 478.275976260169 116.008343296379 0 0
 480.427070198856 102.518273317458 0 0
 482.578151030387 110.17870398119 0 0
 484.729224712 109.558457899091 0 0
 486.880297200933 101.109732473187 0 0
 489.031374454424 113.665289616395 0 0
 491.182462429711 118.991670050302 0 0
 493.333567084032 115.373652532632 0 0
 495.484694374625 131.345202167705 0 0
 497.635850258728 139.010737936676 0 0
 499.787040693579 136.210091551159 0 0
 501.938271636416 151.481350494955 0 0
 504.089549044477 -NAN 0 0
 506.240878875 -NAN 0 0
 508.392267085223 -NAN 0 0
 510.543719632384 -NAN 0 0
 512.695242473721 -NAN 0 0
 514.846841566472 -NAN 0 0
 516.998522867875 -NAN 0 0
 519.150292335168 -NAN 0 0
 521.302155925589 -NAN 0 0
 523.454119596376 -NAN 0 0
 525.606189304767 -NAN 0 0
 527.758371008 -NAN 0 0
 529.910670663313 -NAN 0 0
 532.063094227944 -NAN 0 0
 534.215647659131 -NAN 0 0
 536.368336914112 -NAN 0 0
 538.521167950125 -NAN 0 0
 540.674146724408 -NAN 0 0
 542.827279194199 -NAN 0 0
 544.980571316736 -NAN 0 0
 547.134029049257 -NAN 0 0
 549.287658349 -NAN 0 0
 551.441465173203 -NAN 0 0
 553.595455479104 -NAN 0 0
 555.749635223941 -NAN 0 0
 557.904010364952 -NAN 0 0
 560.058586859375 -NAN 0 0
 562.213370664448 -NAN 0 0
 564.368367737409 -NAN 0 0
 566.523584035496 -NAN 0 0
 568.679025515947 -NAN 0 0
 570.834698136 -NAN 0 0
 572.990607852893 -NAN 0 0
 575.146760623864 -NAN 0 0
 577.303162406151 -NAN 0 0
 579.459819156992 -NAN 0 0
 581.616736833625 -NAN 0 0
 583.773921393288 -NAN 0 0
 585.931378793219 -NAN 0 0
 588.089114990656 -NAN 0 0
 590.247135942837 -NAN 0 0
 592.405447607 -NAN 0 0
 594.564055940383 -NAN 0 0
 596.722966900224 -NAN 0 0
 598.882186443761 -NAN 0 0
 601.041720528232 -NAN 0 0
 603.201575110875 -NAN 0 0
 605.361756148928 -NAN 0 0
 607.522269599629 -NAN 0 0
 609.683121420216 -NAN 0 0
 611.844317567927 -NAN 0 0
 614.005864 -NAN 0 0
 616.167766673673 -NAN 0 0
 618.330031546184 -NAN 0 0
 620.492664574771 -NAN 0 0
 622.655671716672 -NAN 0 0
 624.819058929125 -NAN 0 0
 626.982832169368 -NAN 0 0
 629.146997394639 -NAN 0 0
 631.311560562176 -NAN 0 0
 633.476527629217 -NAN 0 0
 635.641904553 -NAN 0 0
 637.807697290763 -NAN 0 0
 639.973911799744 -NAN 0 0
 642.140554037181 -NAN 0 0
 644.307629960312 -NAN 0 0
 646.475145526375 -NAN 0 0
 648.643106692608 -NAN 0 0
 650.811519416249 -NAN 0 0
 652.980389654536 -NAN 0 0
 655.149723364707 -NAN 0 0
 657.319526504 -NAN 0 0
 659.489805029653 -NAN 0 0
 661.660564898904 -NAN 0 0
 663.831812068991 -NAN 0 0
 666.003552497152 -NAN 0 0
 668.175792140625 -NAN 0 0
 670.348536956648 -NAN 0 0
 672.521792902459 -NAN 0 0
 674.695565935296 -NAN 0 0
 676.869862012397 -NAN 0 0
 679.044687091 -NAN 0 0
 681.220047128343 -NAN 0 0
 683.395948081664 -NAN 0 0
 685.572395908201 -NAN 0 0
 687.749396565192 -NAN 0 0
 689.926956009875 -NAN 0 0
 692.105080199488 -NAN 0 0
 694.283775091269 -NAN 0 0
 696.463046642456 -NAN 0 0
 698.642900810287 -NAN 0 0
 700.823343552 -NAN 0 0
 703.004380824833 -NAN 0 0
 705.186018586024 -NAN 0 0
 707.368262792811 -NAN 0 0
 709.551119402432 -NAN 0 0
 711.734594372125 -NAN 0 0
 713.918693659128 -NAN 0 0
 716.103423220679 -NAN 0 0
 718.288789014016 -NAN 0 0
 720.474796996377 -NAN 0 0
 722.661453125 -NAN 0 0
 724.848763357123 -NAN 0 0
 727.036733649984 -NAN 0 0
 729.225369960821 -NAN 0 0
 731.414678246872 -NAN 0 0
 733.604664465375 -NAN 0 0
 735.795334573568 -NAN 0 0
[END] of [DATA]
[END] of Spectrum


[Spectrum]
Version            = 1
IDData             = 12ad_2026-06-09_10-05-15_000_364
IDDevice           = SAM_82E6
IDDataType         = SPECTRUM
IDDataTypeSub1     = CALIBRATED
IDDataTypeSub2     = 
IDDataTypeSub3     = 
DateTime           = 2026-06-09 10:05:15
PositionLatitude   = 0
PositionLongitude  = 0
Comment            = 20260609_FrameF
CommentSub1        = UV
CommentSub2        = right
CommentSub3        = 44.5cm
IDMethodType       = SAM Control
MethodName         = SAM_82E6
Mission            = No Mission
MissionSub         = 1
RecordType         = 0
[Attributes]
CalFactor = 1
IDBasisSpec = 
IDDataBack = DLAB_2024-11-11_10-40-48_641_639
IDDataCal = DLAB_2024-11-12_11-45-27_171_455
IntegrationTime = 128
P31 = -1
P31e = 0
PathLength = +INF
PathLengthCustomOn = 0
RAWDynamic = 65535
Salinity = 0
Temperature = -NAN
Unit1 = $01 $01 Wavelength nm
Unit2 = $03 $06 Intensity mW/(m^2 nm)
Unit3 = $f0 $06 Error mW/(m^2 nm)
Unit4 = $f1 $00 Status 
p999 = 7550
[END] of [Attributes]
[DATA]
 0 6 0 0
 185.260577530984 -NAN 0 0
 187.468128380571 -NAN 0 0
 189.674861895872 -NAN 0 0
 191.880784034125 -NAN 0 0
 194.085900752568 -NAN 0 0
 196.290218008439 -NAN 0 0
 198.493741758976 -NAN 0 0
 200.696477961417 -NAN 0 0
 202.898432573 -NAN 0 0
 205.099611550963 -NAN 0 0
 207.300020852544 -NAN 0 0
 209.499666434981 -NAN 0 0
 211.698554255512 -NAN 0 0
 213.896690271375 -NAN 0 0
 216.094080439808 -NAN 0 0
 218.290730718049 -NAN 0 0
 220.486647063336 -NAN 0 0
 222.681835432907 -NAN 0 0
 224.876301784 -NAN 0 0
 227.070052073853 -NAN 0 0
 229.263092259704 -NAN 0 0
 231.455428298791 -NAN 0 0
 233.647066148352 -NAN 0 0
 235.838011765625 -NAN 0 0
 238.028271107848 -NAN 0 0
 240.217850132259 -NAN 0 0
 242.406754796096 -NAN 0 0
 244.594991056597 -NAN 0 0
 246.782564871 -NAN 0 0
 248.969482196543 -NAN 0 0
 251.155748990464 -NAN 0 0
 253.341371210001 -NAN 0 0
 255.526354812392 -NAN 0 0
 257.710705754875 -NAN 0 0
 259.894429994688 -NAN 0 0
 262.077533489069 -NAN 0 0
 264.260022195256 -NAN 0 0
 266.441902070487 -NAN 0 0
 268.623179072 -NAN 0 0
 270.803859157033 -NAN 0 0
 272.983948282824 -NAN 0 0
 275.163452406611 -NAN 0 0
 277.342377485632 -NAN 0 0
 279.520729477125 11.6653257873971 0 0
 281.698514338328 4.95690959189081 0 0
 283.875738026479 23.0693666788409 0 0
 286.052406498816 32.7263191652996 0 0
 288.228525712577 31.1779982936383 0 0
 290.404101625 59.0575384054121 0 0
 292.579140193323 77.8380545265001 0 0
 294.753647374784 87.1030122148396 0 0
 296.927629126621 116.423704089305 0 0
 299.101091406072 135.76063238197 0 0
 301.274040170375 145.592129904602 0 0
 303.446481376768 164.904326307577 0 0
 305.618420982489 177.050804833834 0 0
 307.789864944776 173.681447203167 0 0
 309.960819220867 190.848649551029 0 0
 312.131289768 201.634597016861 0 0
 314.301282543413 182.398414112237 0 0
 316.470803504344 173.279624575338 0 0
 318.639858608031 161.592924896653 0 0
 320.808453811712 135.404319384699 0 0
 322.976595072625 135.700161171681 0 0
 325.144288348008 127.848763915713 0 0
 327.311539595099 101.660872079184 0 0
 329.478354771136 101.158798506204 0 0
 331.644739833357 95.4966863891999 0 0
 333.810700739 72.2485683657171 0 0
 335.976243445303 72.174359573009 0 0
 338.141373909504 67.6936705135944 0 0
 340.306098088841 46.3403110216581 0 0
 342.470421940552 47.784513258518 0 0
 344.634351421875 46.4747931011621 0 0
 346.797892490048 29.0062929333726 0 0
 348.961051102309 30.5339323725168 0 0
 351.123833215896 31.4050260731727 0 0
 353.286244788047 17.0393253716424 0 0
 355.448291776 19.5029414535448 0 0
 357.609980136993 22.2740506402513 0 0
 359.771315828264 11.2069585672322 0 0
 361.932304807051 23.2394401023826 0 0
 364.092953030592 38.8710472082248 0 0
 366.253266456125 26.379002755348 0 0
 368.413251040888 17.6571640442219 0 0
 370.572912742119 15.8366987352814 0 0
 372.732257517056 0.434097791430324 0 0
 374.891291322937 3.75767930436318 0 0
 377.050020117 11.5477698630455 0 0
 379.208449856483 -2.13185917012029 0 0
 381.366586498624 1.24832821022134 0 0
 383.524436000661 10.3519995761772 0 0
 385.682004319832 -3.2878996932581 0 0
 387.839297413375 -0.0284130134583838 0 0
 389.996321238528 9.67967051880687 0 0
 392.153081752529 -3.41488731352639 0 0
 394.309584912616 -0.856545579192692 0 0
 396.465836676027 9.51599619703141 0 0
 398.621843 -1.56371801561777 0 0
 400.777609841773 7.17548702622918 0 0
 402.933143158584 30.2837166688312 0 0
 405.088448907671 23.2494679370673 0 0
 407.243533046272 16.9566312183382 0 0
 409.398401531625 16.846790572646 0 0
 411.553060320968 3.85382685838817 0 0
 413.707515371539 5.46388041938677 0 0
 415.861772640576 17.0690340331451 0 0
 418.015838085317 12.9830402588532 0 0
 420.169717663 19.4292668299556 0 0
 422.323417330863 36.719959115665 0 0
 424.476943046144 41.3479102759431 0 0
 426.630300766081 57.9796024810566 0 0
 428.783496447912 89.8567399887452 0 0
 430.936536048875 121.002098836372 0 0
 433.089425526208 192.642857953986 0 0
 435.242170837149 278.5245796027 0 0
 437.394777938936 329.866602683244 0 0
 439.547252788807 379.461716841635 0 0
 441.699601344 481.818912225193 0 0
 443.851829561753 597.119835485082 0 0
 446.003943399304 710.30485857155 0 0
 448.155948813891 784.322407011822 0 0
 450.307851762752 767.555277123762 0 0
 452.459658203125 685.955206809401 0 0
 454.611374092248 582.780339373892 0 0
 456.763005387359 470.080899971605 0 0
 458.914558045696 389.173037668995 0 0
 461.066038024497 346.10332859091 0 0
 463.217451281 298.029992921805 0 0
 465.368803772443 256.430733102625 0 0
 467.520101456064 227.822834653065 0 0
 469.671350289101 183.450331993337 0 0
 471.822556228792 149.863364525012 0 0
 473.973725232375 140.127405390981 0 0
 476.124863257088 119.796752008609 0 0
 478.275976260169 108.76301968855 0 0
 480.427070198856 116.027108309794 0 0
 482.578151030387 107.100369480595 0 0
 484.729224712 102.110775821472 0 0
 486.880297200933 114.494950386468 0 0
 489.031374454424 111.223783933513 0 0
 491.182462429711 111.126732969782 0 0
 493.333567084032 128.535457860658 0 0
 495.484694374625 129.547708230359 0 0
 497.635850258728 131.205746028833 0 0
 499.787040693579 149.219173244943 0 0
 501.938271636416 150.353464400745 0 0
 504.089549044477 -NAN 0 0
 506.240878875 -NAN 0 0
 508.392267085223 -NAN 0 0
 510.543719632384 -NAN 0 0
 512.695242473721 -NAN 0 0
 514.846841566472 -NAN 0 0
 516.998522867875 -NAN 0 0
 519.150292335168 -NAN 0 0
 521.302155925589 -NAN 0 0
 523.454119596376 -NAN 0 0
 525.606189304767 -NAN 0 0
 527.758371008 -NAN 0 0
 529.910670663313 -NAN 0 0
 532.063094227944 -NAN 0 0
 534.215647659131 -NAN 0 0
 536.368336914112 -NAN 0 0
 538.521167950125 -NAN 0 0
 540.674146724408 -NAN 0 0
 542.827279194199 -NAN 0 0
 544.980571316736 -NAN 0 0
 547.134029049257 -NAN 0 0
 549.287658349 -NAN 0 0
 551.441465173203 -NAN 0 0
 553.595455479104 -NAN 0 0
 555.749635223941 -NAN 0 0
 557.904010364952 -NAN 0 0
 560.058586859375 -NAN 0 0
 562.213370664448 -NAN 0 0
 564.368367737409 -NAN 0 0
 566.523584035496 -NAN 0 0
 568.679025515947 -NAN 0 0
 570.834698136 -NAN 0 0
 572.990607852893 -NAN 0 0
 575.146760623864 -NAN 0 0
 577.303162406151 -NAN 0 0
 579.459819156992 -NAN 0 0
 581.616736833625 -NAN 0 0
 583.773921393288 -NAN 0 0
 585.931378793219 -NAN 0 0
 588.089114990656 -NAN 0 0
 590.247135942837 -NAN 0 0
 592.405447607 -NAN 0 0
 594.564055940383 -NAN 0 0
 596.722966900224 -NAN 0 0
 598.882186443761 -NAN 0 0
 601.041720528232 -NAN 0 0
 603.201575110875 -NAN 0 0
 605.361756148928 -NAN 0 0
 607.522269599629 -NAN 0 0
 609.683121420216 -NAN 0 0
 611.844317567927 -NAN 0 0
 614.005864 -NAN 0 0
 616.167766673673 -NAN 0 0
 618.330031546184 -NAN 0 0
 620.492664574771 -NAN 0 0
 622.655671716672 -NAN 0 0
 624.819058929125 -NAN 0 0
 626.982832169368 -NAN 0 0
 629.146997394639 -NAN 0 0
 631.311560562176 -NAN 0 0
 633.476527629217 -NAN 0 0
 635.641904553 -NAN 0 0
 637.807697290763 -NAN 0 0
 639.973911799744 -NAN 0 0
 642.140554037181 -NAN 0 0
 644.307629960312 -NAN 0 0
 646.475145526375 -NAN 0 0
 648.643106692608 -NAN 0 0
 650.811519416249 -NAN 0 0
 652.980389654536 -NAN 0 0
 655.149723364707 -NAN 0 0
 657.319526504 -NAN 0 0
 659.489805029653 -NAN 0 0
 661.660564898904 -NAN 0 0
 663.831812068991 -NAN 0 0
 666.003552497152 -NAN 0 0
 668.175792140625 -NAN 0 0
 670.348536956648 -NAN 0 0
 672.521792902459 -NAN 0 0
 674.695565935296 -NAN 0 0
 676.869862012397 -NAN 0 0
 679.044687091 -NAN 0 0
 681.220047128343 -NAN 0 0
 683.395948081664 -NAN 0 0
 685.572395908201 -NAN 0 0
 687.749396565192 -NAN 0 0
 689.926956009875 -NAN 0 0
 692.105080199488 -NAN 0 0
 694.283775091269 -NAN 0 0
 696.463046642456 -NAN 0 0
 698.642900810287 -NAN 0 0
 700.823343552 -NAN 0 0
 703.004380824833 -NAN 0 0
 705.186018586024 -NAN 0 0
 707.368262792811 -NAN 0 0
 709.551119402432 -NAN 0 0
 711.734594372125 -NAN 0 0
 713.918693659128 -NAN 0 0
 716.103423220679 -NAN 0 0
 718.288789014016 -NAN 0 0
 720.474796996377 -NAN 0 0
 722.661453125 -NAN 0 0
 724.848763357123 -NAN 0 0
 727.036733649984 -NAN 0 0
 729.225369960821 -NAN 0 0
 731.414678246872 -NAN 0 0
 733.604664465375 -NAN 0 0
 735.795334573568 -NAN 0 0
[END] of [DATA]
[END] of Spectrum


[Spectrum]
Version            = 1
IDData             = 12ad_2026-06-09_10-05-10_000_361
IDDevice           = SAM_82E6
IDDataType         = SPECTRUM
IDDataTypeSub1     = CALIBRATED
IDDataTypeSub2     = 
IDDataTypeSub3     = 
DateTime           = 2026-06-09 10:05:10
PositionLatitude   = 0
PositionLongitude  = 0
Comment            = 20260609_FrameF
CommentSub1        = UV
CommentSub2        = right
CommentSub3        = 44.5cm
IDMethodType       = SAM Control
MethodName         = SAM_82E6
Mission            = No Mission
MissionSub         = 1
RecordType         = 0
[Attributes]
CalFactor = 1
IDBasisSpec = 
IDDataBack = DLAB_2024-11-11_10-40-48_641_639
IDDataCal = DLAB_2024-11-12_11-45-27_171_455
IntegrationTime = 128
P31 = -1
P31e = 0
PathLength = +INF
PathLengthCustomOn = 0
RAWDynamic = 65535
Salinity = 0
Temperature = -NAN
Unit1 = $01 $01 Wavelength nm
Unit2 = $03 $06 Intensity mW/(m^2 nm)
Unit3 = $f0 $06 Error mW/(m^2 nm)
Unit4 = $f1 $00 Status 
p999 = 7549
[END] of [Attributes]
[DATA]
 0 6 0 0
 185.260577530984 -NAN 0 0
 187.468128380571 -NAN 0 0
 189.674861895872 -NAN 0 0
 191.880784034125 -NAN 0 0
 194.085900752568 -NAN 0 0
 196.290218008439 -NAN 0 0
 198.493741758976 -NAN 0 0
 200.696477961417 -NAN 0 0
 202.898432573 -NAN 0 0
 205.099611550963 -NAN 0 0
 207.300020852544 -NAN 0 0
 209.499666434981 -NAN 0 0
 211.698554255512 -NAN 0 0
 213.896690271375 -NAN 0 0
 216.094080439808 -NAN 0 0
 218.290730718049 -NAN 0 0
 220.486647063336 -NAN 0 0
 222.681835432907 -NAN 0 0
 224.876301784 -NAN 0 0
 227.070052073853 -NAN 0 0
 229.263092259704 -NAN 0 0
 231.455428298791 -NAN 0 0
 233.647066148352 -NAN 0 0
 235.838011765625 -NAN 0 0
 238.028271107848 -NAN 0 0
 240.217850132259 -NAN 0 0
 242.406754796096 -NAN 0 0
 244.594991056597 -NAN 0 0
 246.782564871 -NAN 0 0
 248.969482196543 -NAN 0 0
 251.155748990464 -NAN 0 0
 253.341371210001 -NAN 0 0
 255.526354812392 -NAN 0 0
 257.710705754875 -NAN 0 0
 259.894429994688 -NAN 0 0
 262.077533489069 -NAN 0 0
 264.260022195256 -NAN 0 0
 266.441902070487 -NAN 0 0
 268.623179072 -NAN 0 0
 270.803859157033 -NAN 0 0
 272.983948282824 -NAN 0 0
 275.163452406611 -NAN 0 0
 277.342377485632 -NAN 0 0
 279.520729477125 4.09129084947753 0 0
 281.698514338328 20.6331253466689 0 0
 283.875738026479 16.8954810169661 0 0
 286.052406498816 23.0597490638427 0 0
 288.228525712577 48.1755574688677 0 0
 290.404101625 52.7263379513028 0 0
 292.579140193323 67.3368034426235 0 0
 294.753647374784 102.454844853047 0 0
 296.927629126621 110.484295223118 0 0
 299.101091406072 125.380717012052 0 0
 301.274040170375 157.353452248976 0 0
 303.446481376768 159.382223943832 0 0
 305.618420982489 166.48366531708 0 0
 307.789864944776 183.977111792724 0 0
 309.960819220867 185.365167749621 0 0
 312.131289768 189.747441107103 0 0
 314.301282543413 193.431086063709 0 0
 316.470803504344 168.311951895604 0 0
 318.639858608031 148.998689538841 0 0
 320.808453811712 149.135981700966 0 0
 322.976595072625 132.058046098897 0 0
 325.144288348008 114.260692130147 0 0
 327.311539595099 117.285423913107 0 0
 329.478354771136 98.6985755649467 0 0
 331.644739833357 81.9889410194802 0 0
 333.810700739 88.2378614922091 0 0
 335.976243445303 71.3922892563523 0 0
 338.141373909504 54.8293162783443 0 0
 340.306098088841 61.0994379674927 0 0
 342.470421940552 47.6692817489929 0 0
 344.634351421875 34.6840240653609 0 0
 346.797892490048 42.0331312142861 0 0
 348.961051102309 31.681219020014 0 0
 351.123833215896 20.9899989812702 0 0
 353.286244788047 28.3666083403336 0 0
 355.448291776 21.1315053935072 0 0
 357.609980136993 11.964157504516 0 0
 359.771315828264 22.1866990025631 0 0
 361.932304807051 25.4750673953358 0 0
 364.092953030592 27.553772566813 0 0
 366.253266456125 37.4382671443274 0 0
 368.413251040888 20.9764424666544 0 0
 370.572912742119 3.33705545797268 0 0
 372.732257517056 12.6234272848268 0 0
 374.891291322937 8.23744464471512 0 0
 377.050020117 -2.47832532461983 0 0
 379.208449856483 10.0628908567554 0 0
 381.366586498624 6.82224794839954 0 0
 383.524436000661 -4.4316554856449 0 0
 385.682004319832 8.62006573296316 0 0
 387.839297413375 6.32482484598275 0 0
 389.996321238528 -5.23489318403463 0 0
 392.153081752529 7.62783493882833 0 0
 394.309584912616 5.72436546759554 0 0
 396.465836676027 -5.41552911406941 0 0
 398.621843 8.18331658833133 0 0
 400.777609841773 13.8730748611461 0 0
 402.933143158584 15.7552005332984 0 0
 405.088448907671 31.0132686460272 0 0
 407.243533046272 23.352845048856 0 0
 409.398401531625 3.69035603888103 0 0
 411.553060320968 10.8046724773283 0 0
 413.707515371539 11.7280757127418 0 0
 415.861772640576 5.35041006645351 0 0
 418.015838085317 18.5231362195247 0 0
 420.169717663 25.4081336484763 0 0
 422.323417330863 26.0425787495431 0 0
 424.476943046144 45.8393744277253 0 0
 426.630300766081 63.668020460625 0 0
 428.783496447912 79.7832664356698 0 0
 430.936536048875 124.519011344331 0 0
 433.089425526208 197.322395485514 0 0
 435.242170837149 267.506600296369 0 0
 437.394777938936 331.839282825983 0 0
 439.547252788807 384.689854258982 0 0
 441.699601344 471.774687219779 0 0
 443.851829561753 600.029385218652 0 0
 446.003943399304 716.728417337211 0 0
 448.155948813891 773.853063041153 0 0
 450.307851762752 770.186768510481 0 0
 452.459658203125 693.02665578495 0 0
 454.611374092248 571.296612383845 0 0
 456.763005387359 472.261849247036 0 0
 458.914558045696 397.133333234491 0 0
 461.066038024497 334.019322004663 0 0
 463.217451281 299.995108303628 0 0
 465.368803772443 265.07774408157 0 0
 467.520101456064 215.351864429276 0 0
 469.671350289101 184.719020812441 0 0
 471.822556228792 159.191680338295 0 0
 473.973725232375 127.345916215899 0 0
 476.124863257088 120.596098649281 0 0
 478.275976260169 118.346404779641 0 0
 480.427070198856 103.638811576222 0 0
 482.578151030387 107.223145693455 0 0
 484.729224712 112.030587664351 0 0
 486.880297200933 102.174643676048 0 0
 489.031374454424 110.56137725878 0 0
 491.182462429711 121.401856676227 0 0
 493.333567084032 116.814303530303 0 0
 495.484694374625 128.195160452381 0 0
 497.635850258728 141.73381776733 0 0
 499.787040693579 138.125685897176 0 0
 501.938271636416 148.670245076944 0 0
 504.089549044477 -NAN 0 0
 506.240878875 -NAN 0 0
 508.392267085223 -NAN 0 0
 510.543719632384 -NAN 0 0
 512.695242473721 -NAN 0 0
 514.846841566472 -NAN 0 0
 516.998522867875 -NAN 0 0
 519.150292335168 -NAN 0 0
 521.302155925589 -NAN 0 0
 523.454119596376 -NAN 0 0
 525.606189304767 -NAN 0 0
 527.758371008 -NAN 0 0
 529.910670663313 -NAN 0 0
 532.063094227944 -NAN 0 0
 534.215647659131 -NAN 0 0
 536.368336914112 -NAN 0 0
 538.521167950125 -NAN 0 0
 540.674146724408 -NAN 0 0
 542.827279194199 -NAN 0 0
 544.980571316736 -NAN 0 0
 547.134029049257 -NAN 0 0
 549.287658349 -NAN 0 0
 551.441465173203 -NAN 0 0
 553.595455479104 -NAN 0 0
 555.749635223941 -NAN 0 0
 557.904010364952 -NAN 0 0
 560.058586859375 -NAN 0 0
 562.213370664448 -NAN 0 0
 564.368367737409 -NAN 0 0
 566.523584035496 -NAN 0 0
 568.679025515947 -NAN 0 0
 570.834698136 -NAN 0 0
 572.990607852893 -NAN 0 0
 575.146760623864 -NAN 0 0
 577.303162406151 -NAN 0 0
 579.459819156992 -NAN 0 0
 581.616736833625 -NAN 0 0
 583.773921393288 -NAN 0 0
 585.931378793219 -NAN 0 0
 588.089114990656 -NAN 0 0
 590.247135942837 -NAN 0 0
 592.405447607 -NAN 0 0
 594.564055940383 -NAN 0 0
 596.722966900224 -NAN 0 0
 598.882186443761 -NAN 0 0
 601.041720528232 -NAN 0 0
 603.201575110875 -NAN 0 0
 605.361756148928 -NAN 0 0
 607.522269599629 -NAN 0 0
 609.683121420216 -NAN 0 0
 611.844317567927 -NAN 0 0
 614.005864 -NAN 0 0
 616.167766673673 -NAN 0 0
 618.330031546184 -NAN 0 0
 620.492664574771 -NAN 0 0
 622.655671716672 -NAN 0 0
 624.819058929125 -NAN 0 0
 626.982832169368 -NAN 0 0
 629.146997394639 -NAN 0 0
 631.311560562176 -NAN 0 0
 633.476527629217 -NAN 0 0
 635.641904553 -NAN 0 0
 637.807697290763 -NAN 0 0
 639.973911799744 -NAN 0 0
 642.140554037181 -NAN 0 0
 644.307629960312 -NAN 0 0
 646.475145526375 -NAN 0 0
 648.643106692608 -NAN 0 0
 650.811519416249 -NAN 0 0
 652.980389654536 -NAN 0 0
 655.149723364707 -NAN 0 0
 657.319526504 -NAN 0 0
 659.489805029653 -NAN 0 0
 661.660564898904 -NAN 0 0
 663.831812068991 -NAN 0 0
 666.003552497152 -NAN 0 0
 668.175792140625 -NAN 0 0
 670.348536956648 -NAN 0 0
 672.521792902459 -NAN 0 0
 674.695565935296 -NAN 0 0
 676.869862012397 -NAN 0 0
 679.044687091 -NAN 0 0
 681.220047128343 -NAN 0 0
 683.395948081664 -NAN 0 0
 685.572395908201 -NAN 0 0
 687.749396565192 -NAN 0 0
 689.926956009875 -NAN 0 0
 692.105080199488 -NAN 0 0
 694.283775091269 -NAN 0 0
 696.463046642456 -NAN 0 0
 698.642900810287 -NAN 0 0
 700.823343552 -NAN 0 0
 703.004380824833 -NAN 0 0
 705.186018586024 -NAN 0 0
 707.368262792811 -NAN 0 0
 709.551119402432 -NAN 0 0
 711.734594372125 -NAN 0 0
 713.918693659128 -NAN 0 0
 716.103423220679 -NAN 0 0
 718.288789014016 -NAN 0 0
 720.474796996377 -NAN 0 0
 722.661453125 -NAN 0 0
 724.848763357123 -NAN 0 0
 727.036733649984 -NAN 0 0
 729.225369960821 -NAN 0 0
 731.414678246872 -NAN 0 0
 733.604664465375 -NAN 0 0
 735.795334573568 -NAN 0 0
[END] of [DATA]
[END] of Spectrum


[Spectrum]
Version            = 1
IDData             = 12ad_2026-06-09_10-05-05_000_358
IDDevice           = SAM_82E6
IDDataType         = SPECTRUM
IDDataTypeSub1     = CALIBRATED
IDDataTypeSub2     = 
IDDataTypeSub3     = 
DateTime           = 2026-06-09 10:05:05
PositionLatitude   = 0
PositionLongitude  = 0
Comment            = 20260609_FrameF
CommentSub1        = UV
CommentSub2        = right
CommentSub3        = 44.5cm
IDMethodType       = SAM Control
MethodName         = SAM_82E6
Mission            = No Mission
MissionSub         = 1
RecordType         = 0
[Attributes]
CalFactor = 1
IDBasisSpec = 
IDDataBack = DLAB_2024-11-11_10-40-48_641_639
IDDataCal = DLAB_2024-11-12_11-45-27_171_455
IntegrationTime = 128
P31 = -1
P31e = 0
PathLength = +INF
PathLengthCustomOn = 0
RAWDynamic = 65535
Salinity = 0
Temperature = -NAN
Unit1 = $01 $01 Wavelength nm
Unit2 = $03 $06 Intensity mW/(m^2 nm)
Unit3 = $f0 $06 Error mW/(m^2 nm)
Unit4 = $f1 $00 Status 
p999 = 7548
[END] of [Attributes]
[DATA]
 0 6 0 0
 185.260577530984 -NAN 0 0
 187.468128380571 -NAN 0 0
 189.674861895872 -NAN 0 0
 191.880784034125 -NAN 0 0
 194.085900752568 -NAN 0 0
 196.290218008439 -NAN 0 0
 198.493741758976 -NAN 0 0
 200.696477961417 -NAN 0 0
 202.898432573 -NAN 0 0
 205.099611550963 -NAN 0 0
 207.300020852544 -NAN 0 0
 209.499666434981 -NAN 0 0
 211.698554255512 -NAN 0 0
 213.896690271375 -NAN 0 0
 216.094080439808 -NAN 0 0
 218.290730718049 -NAN 0 0
 220.486647063336 -NAN 0 0
 222.681835432907 -NAN 0 0
 224.876301784 -NAN 0 0
 227.070052073853 -NAN 0 0
 229.263092259704 -NAN 0 0
 231.455428298791 -NAN 0 0
 233.647066148352 -NAN 0 0
 235.838011765625 -NAN 0 0
 238.028271107848 -NAN 0 0
 240.217850132259 -NAN 0 0
 242.406754796096 -NAN 0 0
 244.594991056597 -NAN 0 0
 246.782564871 -NAN 0 0
 248.969482196543 -NAN 0 0
 251.155748990464 -NAN 0 0
 253.341371210001 -NAN 0 0
 255.526354812392 -NAN 0 0
 257.710705754875 -NAN 0 0
 259.894429994688 -NAN 0 0
 262.077533489069 -NAN 0 0
 264.260022195256 -NAN 0 0
 266.441902070487 -NAN 0 0
 268.623179072 -NAN 0 0
 270.803859157033 -NAN 0 0
 272.983948282824 -NAN 0 0
 275.163452406611 -NAN 0 0
 277.342377485632 -NAN 0 0
 279.520729477125 15.5382703215849 0 0
 281.698514338328 9.14072030209013 0 0
 283.875738026479 14.2943150999547 0 0
 286.052406498816 36.3530977945335 0 0
 288.228525712577 35.1437133810485 0 0
 290.404101625 48.9747308838701 0 0
 292.579140193323 79.3547452870707 0 0
 294.753647374784 89.5120016445156 0 0
 296.927629126621 105.243192230467 0 0
 299.101091406072 134.404450557519 0 0
 301.274040170375 145.315966258394 0 0
 303.446481376768 153.045349356323 0 0
 305.618420982489 173.929917506578 0 0
 307.789864944776 172.234153821288 0 0
 309.960819220867 178.433545306925 0 0
 312.131289768 197.295627574602 0 0
 314.301282543413 181.284449132314 0 0
 316.470803504344 160.739488720741 0 0
 318.639858608031 159.202721700043 0 0
 320.808453811712 137.172024653796 0 0
 322.976595072625 123.848521853756 0 0
 325.144288348008 126.803527624515 0 0
 327.311539595099 105.481249455728 0 0
 329.478354771136 90.2826496872966 0 0
 331.644739833357 95.3308745214436 0 0
 333.810700739 77.7579322813626 0 0
 335.976243445303 62.9319746783934 0 0
 338.141373909504 68.0419630736753 0 0
 340.306098088841 52.2472192861672 0 0
 342.470421940552 40.0011485696856 0 0
 344.634351421875 47.1262029092407 0 0
 346.797892490048 34.8722356904308 0 0
 348.961051102309 24.6378967586651 0 0
 351.123833215896 32.0856297352403 0 0
 353.286244788047 22.8839765761269 0 0
 355.448291776 14.1934357681719 0 0
 357.609980136993 22.7130884659318 0 0
 359.771315828264 17.3787601559791 0 0
 361.932304807051 18.0764147922325 0 0
 364.092953030592 38.703952570662 0 0
 366.253266456125 32.6385230430914 0 0
 368.413251040888 12.5024628564267 0 0
 370.572912742119 15.8542826386056 0 0
 372.732257517056 8.29506734699615 0 0
 374.891291322937 -1.59598983887852 0 0
 377.050020117 11.3187836512878 0 0
 379.208449856483 6.17523701527493 0 0
 381.366586498624 -3.76876486040051 0 0
 383.524436000661 9.70676025700134 0 0
 385.682004319832 5.46243514932589 0 0
 387.839297413375 -4.87977037981129 0 0
 389.996321238528 8.43515145300186 0 0
 392.153081752529 5.24666989924041 0 0
 394.309584912616 -5.40291056675837 0 0
 396.465836676027 7.6982219413912 0 0
 398.621843 6.52740872204648 0 0
 400.777609841773 2.72256649287863 0 0
 402.933143158584 27.2903151412554 0 0
 405.088448907671 29.3474911521427 0 0
 407.243533046272 12.6964486781753 0 0
 409.398401531625 14.1815870605804 0 0
 411.553060320968 10.281870061686 0 0
 413.707515371539 2.15677562347059 0 0
 415.861772640576 14.6399863898142 0 0
 418.015838085317 18.6234005538023 0 0
 420.169717663 16.7690495050062 0 0
 422.323417330863 34.0464939579668 0 0
 424.476943046144 46.2654421733489 0 0
 426.630300766081 55.6921506379829 0 0
 428.783496447912 86.9704158510272 0 0
 430.936536048875 125.137025491699 0 0
 433.089425526208 188.632057100839 0 0
 435.242170837149 272.637561209371 0 0
 437.394777938936 331.618675160101 0 0
 439.547252788807 376.342951699109 0 0
 441.699601344 478.279596932778 0 0
 443.851829561753 601.365300458807 0 0
 446.003943399304 708.284021357313 0 0
 448.155948813891 780.560041360948 0 0
 450.307851762752 772.24290297303 0 0
 452.459658203125 683.717242344517 0 0
 454.611374092248 578.411654230444 0 0
 456.763005387359 475.050027908913 0 0
 458.914558045696 386.977369383627 0 0
 461.066038024497 341.36753916318 0 0
 463.217451281 302.998868179014 0 0
 465.368803772443 254.184536891298 0 0
 467.520101456064 222.324212089605 0 0
 469.671350289101 188.570552227433 0 0
 471.822556228792 147.793077420448 0 0
 473.973725232375 134.276196442292 0 0
 476.124863257088 124.993612301288 0 0
 478.275976260169 106.898348980891 0 0
 480.427070198856 109.947687021191 0 0
 482.578151030387 111.937752267244 0 0
 484.729224712 100.39637841645 0 0
 486.880297200933 108.027180874969 0 0
 489.031374454424 116.073227393463 0 0
 491.182462429711 109.835641338842 0 0
 493.333567084032 122.138254898821 0 0
 495.484694374625 134.145485210492 0 0
 497.635850258728 130.233687717005 0 0
 499.787040693579 142.757032045891 0 0
 501.938271636416 154.611019160948 0 0
 504.089549044477 -NAN 0 0
 506.240878875 -NAN 0 0
 508.392267085223 -NAN 0 0
 510.543719632384 -NAN 0 0
 512.695242473721 -NAN 0 0
 514.846841566472 -NAN 0 0
 516.998522867875 -NAN 0 0
 519.150292335168 -NAN 0 0
 521.302155925589 -NAN 0 0
 523.454119596376 -NAN 0 0
 525.606189304767 -NAN 0 0
 527.758371008 -NAN 0 0
 529.910670663313 -NAN 0 0
 532.063094227944 -NAN 0 0
 534.215647659131 -NAN 0 0
 536.368336914112 -NAN 0 0
 538.521167950125 -NAN 0 0
 540.674146724408 -NAN 0 0
 542.827279194199 -NAN 0 0
 544.980571316736 -NAN 0 0
 547.134029049257 -NAN 0 0
 549.287658349 -NAN 0 0
 551.441465173203 -NAN 0 0
 553.595455479104 -NAN 0 0
 555.749635223941 -NAN 0 0
 557.904010364952 -NAN 0 0
 560.058586859375 -NAN 0 0
 562.213370664448 -NAN 0 0
 564.368367737409 -NAN 0 0
 566.523584035496 -NAN 0 0
 568.679025515947 -NAN 0 0
 570.834698136 -NAN 0 0
 572.990607852893 -NAN 0 0
 575.146760623864 -NAN 0 0
 577.303162406151 -NAN 0 0
 579.459819156992 -NAN 0 0
 581.616736833625 -NAN 0 0
 583.773921393288 -NAN 0 0
 585.931378793219 -NAN 0 0
 588.089114990656 -NAN 0 0
 590.247135942837 -NAN 0 0
 592.405447607 -NAN 0 0
 594.564055940383 -NAN 0 0
 596.722966900224 -NAN 0 0
 598.882186443761 -NAN 0 0
 601.041720528232 -NAN 0 0
 603.201575110875 -NAN 0 0
 605.361756148928 -NAN 0 0
 607.522269599629 -NAN 0 0
 609.683121420216 -NAN 0 0
 611.844317567927 -NAN 0 0
 614.005864 -NAN 0 0
 616.167766673673 -NAN 0 0
 618.330031546184 -NAN 0 0
 620.492664574771 -NAN 0 0
 622.655671716672 -NAN 0 0
 624.819058929125 -NAN 0 0
 626.982832169368 -NAN 0 0
 629.146997394639 -NAN 0 0
 631.311560562176 -NAN 0 0
 633.476527629217 -NAN 0 0
 635.641904553 -NAN 0 0
 637.807697290763 -NAN 0 0
 639.973911799744 -NAN 0 0
 642.140554037181 -NAN 0 0
 644.307629960312 -NAN 0 0
 646.475145526375 -NAN 0 0
 648.643106692608 -NAN 0 0
 650.811519416249 -NAN 0 0
 652.980389654536 -NAN 0 0
 655.149723364707 -NAN 0 0
 657.319526504 -NAN 0 0
 659.489805029653 -NAN 0 0
 661.660564898904 -NAN 0 0
 663.831812068991 -NAN 0 0
 666.003552497152 -NAN 0 0
 668.175792140625 -NAN 0 0
 670.348536956648 -NAN 0 0
 672.521792902459 -NAN 0 0
 674.695565935296 -NAN 0 0
 676.869862012397 -NAN 0 0
 679.044687091 -NAN 0 0
 681.220047128343 -NAN 0 0
 683.395948081664 -NAN 0 0
 685.572395908201 -NAN 0 0
 687.749396565192 -NAN 0 0
 689.926956009875 -NAN 0 0
 692.105080199488 -NAN 0 0
 694.283775091269 -NAN 0 0
 696.463046642456 -NAN 0 0
 698.642900810287 -NAN 0 0
 700.823343552 -NAN 0 0
 703.004380824833 -NAN 0 0
 705.186018586024 -NAN 0 0
 707.368262792811 -NAN 0 0
 709.551119402432 -NAN 0 0
 711.734594372125 -NAN 0 0
 713.918693659128 -NAN 0 0
 716.103423220679 -NAN 0 0
 718.288789014016 -NAN 0 0
 720.474796996377 -NAN 0 0
 722.661453125 -NAN 0 0
 724.848763357123 -NAN 0 0
 727.036733649984 -NAN 0 0
 729.225369960821 -NAN 0 0
 731.414678246872 -NAN 0 0
 733.604664465375 -NAN 0 0
 735.795334573568 -NAN 0 0
[END] of [DATA]
[END] of Spectrum


[Spectrum]
Version            = 1
IDData             = 12ad_2026-06-09_10-05-00_000_355
IDDevice           = SAM_82E6
IDDataType         = SPECTRUM
IDDataTypeSub1     = CALIBRATED
IDDataTypeSub2     = 
IDDataTypeSub3     = 
DateTime           = 2026-06-09 10:05:00
PositionLatitude   = 0
PositionLongitude  = 0
Comment            = 20260609_FrameF
CommentSub1        = UV
CommentSub2        = right
CommentSub3        = 44.5cm
IDMethodType       = SAM Control
MethodName         = SAM_82E6
Mission            = No Mission
MissionSub         = 1
RecordType         = 0
[Attributes]
CalFactor = 1
IDBasisSpec = 
IDDataBack = DLAB_2024-11-11_10-40-48_641_639
IDDataCal = DLAB_2024-11-12_11-45-27_171_455
IntegrationTime = 128
P31 = -1
P31e = 0
PathLength = +INF
PathLengthCustomOn = 0
RAWDynamic = 65535
Salinity = 0
Temperature = -NAN
Unit1 = $01 $01 Wavelength nm
Unit2 = $03 $06 Intensity mW/(m^2 nm)
Unit3 = $f0 $06 Error mW/(m^2 nm)
Unit4 = $f1 $00 Status 
p999 = 7547
[END] of [Attributes]
[DATA]
 0 6 0 0
 185.260577530984 -NAN 0 0
 187.468128380571 -NAN 0 0
 189.674861895872 -NAN 0 0
 191.880784034125 -NAN 0 0
 194.085900752568 -NAN 0 0
 196.290218008439 -NAN 0 0
 198.493741758976 -NAN 0 0
 200.696477961417 -NAN 0 0
 202.898432573 -NAN 0 0
 205.099611550963 -NAN 0 0
 207.300020852544 -NAN 0 0
 209.499666434981 -NAN 0 0
 211.698554255512 -NAN 0 0
 213.896690271375 -NAN 0 0
 216.094080439808 -NAN 0 0
 218.290730718049 -NAN 0 0
 220.486647063336 -NAN 0 0
 222.681835432907 -NAN 0 0
 224.876301784 -NAN 0 0
 227.070052073853 -NAN 0 0
 229.263092259704 -NAN 0 0
 231.455428298791 -NAN 0 0
 233.647066148352 -NAN 0 0
 235.838011765625 -NAN 0 0
 238.028271107848 -NAN 0 0
 240.217850132259 -NAN 0 0
 242.406754796096 -NAN 0 0
 244.594991056597 -NAN 0 0
 246.782564871 -NAN 0 0
 248.969482196543 -NAN 0 0
 251.155748990464 -NAN 0 0
 253.341371210001 -NAN 0 0
 255.526354812392 -NAN 0 0
 257.710705754875 -NAN 0 0
 259.894429994688 -NAN 0 0
 262.077533489069 -NAN 0 0
 264.260022195256 -NAN 0 0
 266.441902070487 -NAN 0 0
 268.623179072 -NAN 0 0
 270.803859157033 -NAN 0 0
 272.983948282824 -NAN 0 0
 275.163452406611 -NAN 0 0
 277.342377485632 -NAN 0 0
 279.520729477125 1.79243052468312 0 0
 281.698514338328 18.2431234784675 0 0
 283.875738026479 21.5329559743304 0 0
 286.052406498816 19.5694464919138 0 0
 288.228525712577 43.9318984772098 0 0
 290.404101625 56.0882431993278 0 0
 292.579140193323 62.1975334490914 0 0
 294.753647374784 95.8383363854033 0 0
 296.927629126621 110.654427926852 0 0
 299.101091406072 118.24705760857 0 0
 301.274040170375 148.694909694347 0 0
 303.446481376768 156.874560370423 0 0
 305.618420982489 157.955534198836 0 0
 307.789864944776 173.980739778445 0 0
 309.960819220867 181.658359988716 0 0
 312.131289768 180.459615957619 0 0
 314.301282543413 182.661207520862 0 0
 316.470803504344 165.792684540559 0 0
 318.639858608031 141.066508209293 0 0
 320.808453811712 139.49080671612 0 0
 322.976595072625 131.537743945642 0 0
 325.144288348008 107.541728457174 0 0
 327.311539595099 108.48360281995 0 0
 329.478354771136 99.4065961937486 0 0
 331.644739833357 76.4845791952125 0 0
 333.810700739 80.1499613215785 0 0
 335.976243445303 72.8168783089983 0 0
 338.141373909504 50.5430707405732 0 0
 340.306098088841 54.2451441403394 0 0
 342.470421940552 49.5889339417635 0 0
 344.634351421875 31.9325092775694 0 0
 346.797892490048 36.2155075903173 0 0
 348.961051102309 33.4183405366882 0 0
 351.123833215896 18.8429630867873 0 0
 353.286244788047 23.5076968166055 0 0
 355.448291776 23.1731265018616 0 0
 357.609980136993 10.3921879237869 0 0
 359.771315828264 17.3938185774226 0 0
 361.932304807051 27.578928836052 0 0
 364.092953030592 26.01830832975 0 0
 366.253266456125 32.1083323321519 0 0
 368.413251040888 23.0591745081954 0 0
 370.572912742119 2.60104350454594 0 0
 372.732257517056 7.42104650361262 0 0
 374.891291322937 11.2248511832091 0 0
 377.050020117 -2.83973729739405 0 0
 379.208449856483 4.63305035821538 0 0
 381.366586498624 9.86076910384657 0 0
 383.524436000661 -4.39470345415025 0 0
 385.682004319832 3.15252881246692 0 0
 387.839297413375 8.98853741862979 0 0
 389.996321238528 -4.69269864746495 0 0
 392.153081752529 2.14393969614099 0 0
 394.309584912616 8.65618452076476 0 0
 396.465836676027 -4.36567721753274 0 0
 398.621843 3.13067463735962 0 0
 400.777609841773 16.0839290979147 0 0
 402.933143158584 15.9934560316829 0 0
 405.088448907671 25.1191680445098 0 0
 407.243533046272 25.0089227011112 0 0
 409.398401531625 4.89577052499153 0 0
 411.553060320968 6.34651348149269 0 0
 413.707515371539 13.8366466987204 0 0
 415.861772640576 7.03033125171517 0 0
 418.015838085317 14.6737721702008 0 0
 420.169717663 27.4420835946503 0 0
 422.323417330863 27.6814495140224 0 0
 424.476943046144 42.4752145195722 0 0
 426.630300766081 65.4151157551085 0 0
 428.783496447912 81.6108221396922 0 0
 430.936536048875 121.114165401762 0 0
 433.089425526208 197.037413269061 0 0
 435.242170837149 266.347738407918 0 0
 437.394777938936 326.004369924041 0 0
 439.547252788807 385.351459520026 0 0
 441.699601344 473.763805428707 0 0
 443.851829561753 596.902205182801 0 0
 446.003943399304 718.521675085323 0 0
 448.155948813891 776.229109259102 0 0
 450.307851762752 766.963687559099 0 0
 452.459658203125 694.718097470744 0 0
 454.611374092248 574.385312720353 0 0
 456.763005387359 468.895728789701 0 0
 458.914558045696 398.937773352648 0 0
 461.066038024497 337.493728620102 0 0
 463.217451281 296.563426896893 0 0
 465.368803772443 266.872167746635 0 0
 467.520101456064 218.907654633929 0 0
 469.671350289101 181.317808978291 0 0
 471.822556228792 161.108936717073 0 0
 473.973725232375 131.457398002577 0 0
 476.124863257088 117.316784591566 0 0
 478.275976260169 120.335535033938 0 0
 480.427070198856 107.697699662639 0 0
 482.578151030387 104.118023655509 0 0
 484.729224712 113.950623350027 0 0
 486.880297200933 106.552860533192 0 0
 489.031374454424 107.529076433569 0 0
 491.182462429711 123.220106827759 0 0
 493.333567084032 121.171883132223 0 0
 495.484694374625 125.514415183752 0 0
 497.635850258728 143.203973679125 0 0
 499.787040693579 142.478716408785 0 0
 501.938271636416 146.179855361294 0 0
 504.089549044477 -NAN 0 0
 506.240878875 -NAN 0 0
 508.392267085223 -NAN 0 0
 510.543719632384 -NAN 0 0
 512.695242473721 -NAN 0 0
 514.846841566472 -NAN 0 0
 516.998522867875 -NAN 0 0
 519.150292335168 -NAN 0 0
 521.302155925589 -NAN 0 0
 523.454119596376 -NAN 0 0
 525.606189304767 -NAN 0 0
 527.758371008 -NAN 0 0
 529.910670663313 -NAN 0 0
 532.063094227944 -NAN 0 0
 534.215647659131 -NAN 0 0
 536.368336914112 -NAN 0 0
 538.521167950125 -NAN 0 0
 540.674146724408 -NAN 0 0
 542.827279194199 -NAN 0 0
 544.980571316736 -NAN 0 0
 547.134029049257 -NAN 0 0
 549.287658349 -NAN 0 0
 551.441465173203 -NAN 0 0
 553.595455479104 -NAN 0 0
 555.749635223941 -NAN 0 0
 557.904010364952 -NAN 0 0
 560.058586859375 -NAN 0 0
 562.213370664448 -NAN 0 0
 564.368367737409 -NAN 0 0
 566.523584035496 -NAN 0 0
 568.679025515947 -NAN 0 0
 570.834698136 -NAN 0 0
 572.990607852893 -NAN 0 0
 575.146760623864 -NAN 0 0
 577.303162406151 -NAN 0 0
 579.459819156992 -NAN 0 0
 581.616736833625 -NAN 0 0
 583.773921393288 -NAN 0 0
 585.931378793219 -NAN 0 0
 588.089114990656 -NAN 0 0
 590.247135942837 -NAN 0 0
 592.405447607 -NAN 0 0
 594.564055940383 -NAN 0 0
 596.722966900224 -NAN 0 0
 598.882186443761 -NAN 0 0
 601.041720528232 -NAN 0 0
 603.201575110875 -NAN 0 0
 605.361756148928 -NAN 0 0
 607.522269599629 -NAN 0 0
 609.683121420216 -NAN 0 0
 611.844317567927 -NAN 0 0
 614.005864 -NAN 0 0
 616.167766673673 -NAN 0 0
 618.330031546184 -NAN 0 0
 620.492664574771 -NAN 0 0
 622.655671716672 -NAN 0 0
 624.819058929125 -NAN 0 0
 626.982832169368 -NAN 0 0
 629.146997394639 -NAN 0 0
 631.311560562176 -NAN 0 0
 633.476527629217 -NAN 0 0
 635.641904553 -NAN 0 0
 637.807697290763 -NAN 0 0
 639.973911799744 -NAN 0 0
 642.140554037181 -NAN 0 0
 644.307629960312 -NAN 0 0
 646.475145526375 -NAN 0 0
 648.643106692608 -NAN 0 0
 650.811519416249 -NAN 0 0
 652.980389654536 -NAN 0 0
 655.149723364707 -NAN 0 0
 657.319526504 -NAN 0 0
 659.489805029653 -NAN 0 0
 661.660564898904 -NAN 0 0
 663.831812068991 -NAN 0 0
 666.003552497152 -NAN 0 0
 668.175792140625 -NAN 0 0
 670.348536956648 -NAN 0 0
 672.521792902459 -NAN 0 0
 674.695565935296 -NAN 0 0
 676.869862012397 -NAN 0 0
 679.044687091 -NAN 0 0
 681.220047128343 -NAN 0 0
 683.395948081664 -NAN 0 0
 685.572395908201 -NAN 0 0
 687.749396565192 -NAN 0 0
 689.926956009875 -NAN 0 0
 692.105080199488 -NAN 0 0
 694.283775091269 -NAN 0 0
 696.463046642456 -NAN 0 0
 698.642900810287 -NAN 0 0
 700.823343552 -NAN 0 0
 703.004380824833 -NAN 0 0
 705.186018586024 -NAN 0 0
 707.368262792811 -NAN 0 0
 709.551119402432 -NAN 0 0
 711.734594372125 -NAN 0 0
 713.918693659128 -NAN 0 0
 716.103423220679 -NAN 0 0
 718.288789014016 -NAN 0 0
 720.474796996377 -NAN 0 0
 722.661453125 -NAN 0 0
 724.848763357123 -NAN 0 0
 727.036733649984 -NAN 0 0
 729.225369960821 -NAN 0 0
 731.414678246872 -NAN 0 0
 733.604664465375 -NAN 0 0
 735.795334573568 -NAN 0 0
[END] of [DATA]
[END] of Spectrum


[Spectrum]
Version            = 1
IDData             = 12ad_2026-06-09_10-04-55_000_352
IDDevice           = SAM_82E6
IDDataType         = SPECTRUM
IDDataTypeSub1     = CALIBRATED
IDDataTypeSub2     = 
IDDataTypeSub3     = 
DateTime           = 2026-06-09 10:04:55
PositionLatitude   = 0
PositionLongitude  = 0
Comment            = 20260609_FrameF
CommentSub1        = UV
CommentSub2        = right
CommentSub3        = 44.5cm
IDMethodType       = SAM Control
MethodName         = SAM_82E6
Mission            = No Mission
MissionSub         = 1
RecordType         = 0
[Attributes]
CalFactor = 1
IDBasisSpec = 
IDDataBack = DLAB_2024-11-11_10-40-48_641_639
IDDataCal = DLAB_2024-11-12_11-45-27_171_455
IntegrationTime = 128
P31 = -1
P31e = 0
PathLength = +INF
PathLengthCustomOn = 0
RAWDynamic = 65535
Salinity = 0
Temperature = -NAN
Unit1 = $01 $01 Wavelength nm
Unit2 = $03 $06 Intensity mW/(m^2 nm)
Unit3 = $f0 $06 Error mW/(m^2 nm)
Unit4 = $f1 $00 Status 
p999 = 7546
[END] of [Attributes]
[DATA]
 0 6 0 0
 185.260577530984 -NAN 0 0
 187.468128380571 -NAN 0 0
 189.674861895872 -NAN 0 0
 191.880784034125 -NAN 0 0
 194.085900752568 -NAN 0 0
 196.290218008439 -NAN 0 0
 198.493741758976 -NAN 0 0
 200.696477961417 -NAN 0 0
 202.898432573 -NAN 0 0
 205.099611550963 -NAN 0 0
 207.300020852544 -NAN 0 0
 209.499666434981 -NAN 0 0
 211.698554255512 -NAN 0 0
 213.896690271375 -NAN 0 0
 216.094080439808 -NAN 0 0
 218.290730718049 -NAN 0 0
 220.486647063336 -NAN 0 0
 222.681835432907 -NAN 0 0
 224.876301784 -NAN 0 0
 227.070052073853 -NAN 0 0
 229.263092259704 -NAN 0 0
 231.455428298791 -NAN 0 0
 233.647066148352 -NAN 0 0
 235.838011765625 -NAN 0 0
 238.028271107848 -NAN 0 0
 240.217850132259 -NAN 0 0
 242.406754796096 -NAN 0 0
 244.594991056597 -NAN 0 0
 246.782564871 -NAN 0 0
 248.969482196543 -NAN 0 0
 251.155748990464 -NAN 0 0
 253.341371210001 -NAN 0 0
 255.526354812392 -NAN 0 0
 257.710705754875 -NAN 0 0
 259.894429994688 -NAN 0 0
 262.077533489069 -NAN 0 0
 264.260022195256 -NAN 0 0
 266.441902070487 -NAN 0 0
 268.623179072 -NAN 0 0
 270.803859157033 -NAN 0 0
 272.983948282824 -NAN 0 0
 275.163452406611 -NAN 0 0
 277.342377485632 -NAN 0 0
 279.520729477125 2.26067076418621 0 0
 281.698514338328 8.61512908162134 0 0
 283.875738026479 25.037892893995 0 0
 286.052406498816 20.3505541390427 0 0
 288.228525712577 33.2267600620619 0 0
 290.404101625 58.8597792731753 0 0
 292.579140193323 62.3215750726325 0 0
 294.753647374784 84.2560247070407 0 0
 296.927629126621 111.7031563842 0 0
 299.101091406072 117.558241181037 0 0
 301.274040170375 137.455745504567 0 0
 303.446481376768 156.20395695837 0 0
 305.618420982489 156.366054023204 0 0
 307.789864944776 163.107868079424 0 0
 309.960819220867 180.450135185015 0 0
 312.131289768 178.816748897013 0 0
 314.301282543413 171.084343909052 0 0
 316.470803504344 165.240449407446 0 0
 318.639858608031 141.272338409216 0 0
 320.808453811712 128.011371293914 0 0
 322.976595072625 131.965235444533 0 0
 325.144288348008 109.357898697956 0 0
 327.311539595099 96.5533529771582 0 0
 329.478354771136 100.795863562028 0 0
 331.644739833357 79.4129352168374 0 0
 333.810700739 69.2230068816818 0 0
 335.976243445303 74.4624240310343 0 0
 338.141373909504 54.5091118279473 0 0
 340.306098088841 44.616557920572 0 0
 342.470421940552 51.4012113188402 0 0
 344.634351421875 35.7554548693821 0 0
 346.797892490048 28.2114431940512 0 0
 348.961051102309 35.2479851700961 0 0
 351.123833215896 23.0318099674729 0 0
 353.286244788047 16.7536353314232 0 0
 355.448291776 24.7199395439131 0 0
 357.609980136993 14.7847078285217 0 0
 359.771315828264 11.2542850346258 0 0
 361.932304807051 28.980039064838 0 0
 364.092953030592 30.6292171122246 0 0
 366.253266456125 25.3793480228278 0 0
 368.413251040888 24.7806410384562 0 0
 370.572912742119 8.47657920101401 0 0
 372.732257517056 0.444533861202067 0 0
 374.891291322937 12.7951890936326 0 0
 377.050020117 3.73740883309259 0 0
 379.208449856483 -2.39775342133745 0 0
 381.366586498624 11.2570755696985 0 0
 383.524436000661 2.86779196652952 0 0
 385.682004319832 -4.09579796871124 0 0
 387.839297413375 10.2098779705563 0 0
 389.996321238528 2.63676013963497 0 0
 392.153081752529 -4.4778083043914 0 0
 394.309584912616 9.31618471692007 0 0
 396.465836676027 2.8812544161053 0 0
 398.621843 -3.08163355971221 0 0
 400.777609841773 16.2920094966694 0 0
 402.933143158584 22.2641379785266 0 0
 405.088448907671 19.0801104044392 0 0
 407.243533046272 24.3008722845086 0 0
 409.398401531625 10.8953430052906 0 0
 411.553060320968 1.61923256705642 0 0
 413.707515371539 13.2999581077218 0 0
 415.861772640576 12.5579455526733 0 0
 418.015838085317 10.6022538115952 0 0
 420.169717663 26.4355148771019 0 0
 422.323417330863 32.6566583040676 0 0
 424.476943046144 38.9264252549822 0 0
 426.630300766081 64.3257707641805 0 0
 428.783496447912 86.1156457938876 0 0
 430.936536048875 117.52309119612 0 0
 433.089425526208 194.456381149596 0 0
 435.242170837149 268.993140373968 0 0
 437.394777938936 321.456335073075 0 0
 439.547252788807 382.991356645054 0 0
 441.699601344 477.860402599491 0 0
 443.851829561753 594.007722162465 0 0
 446.003943399304 716.225346938409 0 0
 448.155948813891 781.012788720055 0 0
 450.307851762752 763.601727350159 0 0
 452.459658203125 692.165187675536 0 0
 454.611374092248 579.193338859942 0 0
 456.763005387359 465.449555583671 0 0
 458.914558045696 395.827908635736 0 0
 461.066038024497 342.535184318985 0 0
 463.217451281 292.878316233729 0 0
 465.368803772443 263.070100663363 0 0
 467.520101456064 224.18778888361 0 0
 469.671350289101 177.438132589496 0 0
 471.822556228792 156.719141040235 0 0
 473.973725232375 136.548852684312 0 0
 476.124863257088 113.528191510708 0 0
 478.275976260169 115.392713038904 0 0
 480.427070198856 112.767968205277 0 0
 482.578151030387 100.318657941215 0 0
 484.729224712 108.617439245226 0 0
 486.880297200933 111.443398116083 0 0
 489.031374454424 104.062630693161 0 0
 491.182462429711 117.508478280502 0 0
 493.333567084032 125.879048834041 0 0
 495.484694374625 122.16514384483 0 0
 497.635850258728 137.415509059251 0 0
 499.787040693579 147.01656589816 0 0
 501.938271636416 142.942563976388 0 0
 504.089549044477 -NAN 0 0
 506.240878875 -NAN 0 0
 508.392267085223 -NAN 0 0
 510.543719632384 -NAN 0 0
 512.695242473721 -NAN 0 0
 514.846841566472 -NAN 0 0
 516.998522867875 -NAN 0 0
 519.150292335168 -NAN 0 0
 521.302155925589 -NAN 0 0
 523.454119596376 -NAN 0 0
 525.606189304767 -NAN 0 0
 527.758371008 -NAN 0 0
 529.910670663313 -NAN 0 0
 532.063094227944 -NAN 0 0
 534.215647659131 -NAN 0 0
 536.368336914112 -NAN 0 0
 538.521167950125 -NAN 0 0
 540.674146724408 -NAN 0 0
 542.827279194199 -NAN 0 0
 544.980571316736 -NAN 0 0
 547.134029049257 -NAN 0 0
 549.287658349 -NAN 0 0
 551.441465173203 -NAN 0 0
 553.595455479104 -NAN 0 0
 555.749635223941 -NAN 0 0
 557.904010364952 -NAN 0 0
 560.058586859375 -NAN 0 0
 562.213370664448 -NAN 0 0
 564.368367737409 -NAN 0 0
 566.523584035496 -NAN 0 0
 568.679025515947 -NAN 0 0
 570.834698136 -NAN 0 0
 572.990607852893 -NAN 0 0
 575.146760623864 -NAN 0 0
 577.303162406151 -NAN 0 0
 579.459819156992 -NAN 0 0
 581.616736833625 -NAN 0 0
 583.773921393288 -NAN 0 0
 585.931378793219 -NAN 0 0
 588.089114990656 -NAN 0 0
 590.247135942837 -NAN 0 0
 592.405447607 -NAN 0 0
 594.564055940383 -NAN 0 0
 596.722966900224 -NAN 0 0
 598.882186443761 -NAN 0 0
 601.041720528232 -NAN 0 0
 603.201575110875 -NAN 0 0
 605.361756148928 -NAN 0 0
 607.522269599629 -NAN 0 0
 609.683121420216 -NAN 0 0
 611.844317567927 -NAN 0 0
 614.005864 -NAN 0 0
 616.167766673673 -NAN 0 0
 618.330031546184 -NAN 0 0
 620.492664574771 -NAN 0 0
 622.655671716672 -NAN 0 0
 624.819058929125 -NAN 0 0
 626.982832169368 -NAN 0 0
 629.146997394639 -NAN 0 0
 631.311560562176 -NAN 0 0
 633.476527629217 -NAN 0 0
 635.641904553 -NAN 0 0
 637.807697290763 -NAN 0 0
 639.973911799744 -NAN 0 0
 642.140554037181 -NAN 0 0
 644.307629960312 -NAN 0 0
 646.475145526375 -NAN 0 0
 648.643106692608 -NAN 0 0
 650.811519416249 -NAN 0 0
 652.980389654536 -NAN 0 0
 655.149723364707 -NAN 0 0
 657.319526504 -NAN 0 0
 659.489805029653 -NAN 0 0
 661.660564898904 -NAN 0 0
 663.831812068991 -NAN 0 0
 666.003552497152 -NAN 0 0
 668.175792140625 -NAN 0 0
 670.348536956648 -NAN 0 0
 672.521792902459 -NAN 0 0
 674.695565935296 -NAN 0 0
 676.869862012397 -NAN 0 0
 679.044687091 -NAN 0 0
 681.220047128343 -NAN 0 0
 683.395948081664 -NAN 0 0
 685.572395908201 -NAN 0 0
 687.749396565192 -NAN 0 0
 689.926956009875 -NAN 0 0
 692.105080199488 -NAN 0 0
 694.283775091269 -NAN 0 0
 696.463046642456 -NAN 0 0
 698.642900810287 -NAN 0 0
 700.823343552 -NAN 0 0
 703.004380824833 -NAN 0 0
 705.186018586024 -NAN 0 0
 707.368262792811 -NAN 0 0
 709.551119402432 -NAN 0 0
 711.734594372125 -NAN 0 0
 713.918693659128 -NAN 0 0
 716.103423220679 -NAN 0 0
 718.288789014016 -NAN 0 0
 720.474796996377 -NAN 0 0
 722.661453125 -NAN 0 0
 724.848763357123 -NAN 0 0
 727.036733649984 -NAN 0 0
 729.225369960821 -NAN 0 0
 731.414678246872 -NAN 0 0
 733.604664465375 -NAN 0 0
 735.795334573568 -NAN 0 0
[END] of [DATA]
[END] of Spectrum


[Spectrum]
Version            = 1
IDData             = 12ad_2026-06-09_10-04-50_000_349
IDDevice           = SAM_82E6
IDDataType         = SPECTRUM
IDDataTypeSub1     = CALIBRATED
IDDataTypeSub2     = 
IDDataTypeSub3     = 
DateTime           = 2026-06-09 10:04:50
PositionLatitude   = 0
PositionLongitude  = 0
Comment            = 20260609_FrameF
CommentSub1        = UV
CommentSub2        = right
CommentSub3        = 44.5cm
IDMethodType       = SAM Control
MethodName         = SAM_82E6
Mission            = No Mission
MissionSub         = 1
RecordType         = 0
[Attributes]
CalFactor = 1
IDBasisSpec = 
IDDataBack = DLAB_2024-11-11_10-40-48_641_639
IDDataCal = DLAB_2024-11-12_11-45-27_171_455
IntegrationTime = 128
P31 = -1
P31e = 0
PathLength = +INF
PathLengthCustomOn = 0
RAWDynamic = 65535
Salinity = 0
Temperature = -NAN
Unit1 = $01 $01 Wavelength nm
Unit2 = $03 $06 Intensity mW/(m^2 nm)
Unit3 = $f0 $06 Error mW/(m^2 nm)
Unit4 = $f1 $00 Status 
p999 = 7545
[END] of [Attributes]
[DATA]
 0 6 0 0
 185.260577530984 -NAN 0 0
 187.468128380571 -NAN 0 0
 189.674861895872 -NAN 0 0
 191.880784034125 -NAN 0 0
 194.085900752568 -NAN 0 0
 196.290218008439 -NAN 0 0
 198.493741758976 -NAN 0 0
 200.696477961417 -NAN 0 0
 202.898432573 -NAN 0 0
 205.099611550963 -NAN 0 0
 207.300020852544 -NAN 0 0
 209.499666434981 -NAN 0 0
 211.698554255512 -NAN 0 0
 213.896690271375 -NAN 0 0
 216.094080439808 -NAN 0 0
 218.290730718049 -NAN 0 0
 220.486647063336 -NAN 0 0
 222.681835432907 -NAN 0 0
 224.876301784 -NAN 0 0
 227.070052073853 -NAN 0 0
 229.263092259704 -NAN 0 0
 231.455428298791 -NAN 0 0
 233.647066148352 -NAN 0 0
 235.838011765625 -NAN 0 0
 238.028271107848 -NAN 0 0
 240.217850132259 -NAN 0 0
 242.406754796096 -NAN 0 0
 244.594991056597 -NAN 0 0
 246.782564871 -NAN 0 0
 248.969482196543 -NAN 0 0
 251.155748990464 -NAN 0 0
 253.341371210001 -NAN 0 0
 255.526354812392 -NAN 0 0
 257.710705754875 -NAN 0 0
 259.894429994688 -NAN 0 0
 262.077533489069 -NAN 0 0
 264.260022195256 -NAN 0 0
 266.441902070487 -NAN 0 0
 268.623179072 -NAN 0 0
 270.803859157033 -NAN 0 0
 272.983948282824 -NAN 0 0
 275.163452406611 -NAN 0 0
 277.342377485632 -NAN 0 0
 279.520729477125 2.94684196622398 0 0
 281.698514338328 7.94702680883639 0 0
 283.875738026479 25.4092862903978 0 0
 286.052406498816 20.9676001428154 0 0
 288.228525712577 31.7209917972974 0 0
 290.404101625 58.692556477534 0 0
 292.579140193323 61.8296372701798 0 0
 294.753647374784 82.1769025799511 0 0
 296.927629126621 110.117367227751 0 0
 299.101091406072 115.812365633743 0 0
 301.274040170375 134.2102424859 0 0
 303.446481376768 153.581613648372 0 0
 305.618420982489 153.900101355596 0 0
 307.789864944776 159.213857894649 0 0
 309.960819220867 177.369053865383 0 0
 312.131289768 175.912475004256 0 0
 314.301282543413 166.952905940715 0 0
 316.470803504344 162.307005702566 0 0
 318.639858608031 139.156146666254 0 0
 320.808453811712 124.791432253293 0 0
 322.976595072625 129.778560178826 0 0
 325.144288348008 107.944519790384 0 0
 327.311539595099 94.2473462184078 0 0
 329.478354771136 99.4199831384109 0 0
 331.644739833357 78.8962535932039 0 0
 333.810700739 67.0544904559911 0 0
 335.976243445303 73.5102752254392 0 0
 338.141373909504 54.4740016908423 0 0
 340.306098088841 43.4099307498118 0 0
 342.470421940552 50.7556529757052 0 0
 344.634351421875 36.0861899649896 0 0
 346.797892490048 27.3984737798214 0 0
 348.961051102309 34.6569937619599 0 0
 351.123833215896 23.3463652783956 0 0
 353.286244788047 16.1571755909655 0 0
 355.448291776 24.4607031439587 0 0
 357.609980136993 15.2976325077922 0 0
 359.771315828264 10.6078485140896 0 0
 361.932304807051 28.478230777569 0 0
 364.092953030592 31.0684050447375 0 0
 366.253266456125 24.5723837469266 0 0
 368.413251040888 24.1829769543586 0 0
 370.572912742119 9.37210227745302 0 0
 372.732257517056 0.0127414743961775 0 0
 374.891291322937 12.4953728658719 0 0
 377.050020117 4.94441446735765 0 0
 379.208449856483 -2.96172912260333 0 0
 381.366586498624 10.8910397653912 0 0
 383.524436000661 4.26486300342349 0 0
 385.682004319832 -4.46418820346892 0 0
 387.839297413375 9.6898872715342 0 0
 389.996321238528 3.78997701663938 0 0
 392.153081752529 -4.93711228347275 0 0
 394.309584912616 8.76663909904695 0 0
 396.465836676027 3.9109684885396 0 0
 398.621843 -3.7357702408648 0 0
 400.777609841773 15.4167713194075 0 0
 402.933143158584 23.0308644493917 0 0
 405.088448907671 18.1206913611326 0 0
 407.243533046272 23.2875048258474 0 0
 409.398401531625 11.9185703209718 0 0
 411.553060320968 1.15488696160199 0 0
 413.707515371539 12.7388745807688 0 0
 415.861772640576 13.3591230316712 0 0
 418.015838085317 10.3476610412237 0 0
 420.169717663 25.918040169866 0 0
 422.323417330863 33.4577822811176 0 0
 424.476943046144 38.6485935791902 0 0
 426.630300766081 63.7603817237227 0 0
 428.783496447912 86.6104683023106 0 0
 430.936536048875 117.146514575657 0 0
 433.089425526208 193.168293915571 0 0
 435.242170837149 267.937377232834 0 0
 437.394777938936 319.98321939112 0 0
 439.547252788807 381.835569459196 0 0
 441.699601344 478.194936116447 0 0
 443.851829561753 593.64026176746 0 0
 446.003943399304 715.788154806116 0 0
 448.155948813891 781.448865149272 0 0
 450.307851762752 763.481786173177 0 0
 452.459658203125 691.508434030833 0 0
 454.611374092248 579.700197628217 0 0
 456.763005387359 465.548157139991 0 0
 458.914558045696 395.030481835732 0 0
 461.066038024497 343.151611299143 0 0
 463.217451281 292.945828125811 0 0
 465.368803772443 262.340720220681 0 0
 467.520101456064 224.681529631906 0 0
 469.671350289101 177.547464987729 0 0
 471.822556228792 156.042526616937 0 0
 473.973725232375 137.195194357793 0 0
 476.124863257088 113.659939779738 0 0
 478.275976260169 114.744856648817 0 0
 480.427070198856 113.301504811588 0 0
 482.578151030387 100.732748622767 0 0
 484.729224712 107.945762035044 0 0
 486.880297200933 112.160423411287 0 0
 489.031374454424 104.276346360178 0 0
 491.182462429711 116.817141152862 0 0
 493.333567084032 126.492494506156 0 0
 495.484694374625 122.49608638625 0 0
 497.635850258728 136.637642983533 0 0
 499.787040693579 147.36119893317 0 0
 501.938271636416 143.399960531769 0 0
 504.089549044477 -NAN 0 0
 506.240878875 -NAN 0 0
 508.392267085223 -NAN 0 0
 510.543719632384 -NAN 0 0
 512.695242473721 -NAN 0 0
 514.846841566472 -NAN 0 0
 516.998522867875 -NAN 0 0
 519.150292335168 -NAN 0 0
 521.302155925589 -NAN 0 0
 523.454119596376 -NAN 0 0
 525.606189304767 -NAN 0 0
 527.758371008 -NAN 0 0
 529.910670663313 -NAN 0 0
 532.063094227944 -NAN 0 0
 534.215647659131 -NAN 0 0
 536.368336914112 -NAN 0 0
 538.521167950125 -NAN 0 0
 540.674146724408 -NAN 0 0
 542.827279194199 -NAN 0 0
 544.980571316736 -NAN 0 0
 547.134029049257 -NAN 0 0
 549.287658349 -NAN 0 0
 551.441465173203 -NAN 0 0
 553.595455479104 -NAN 0 0
 555.749635223941 -NAN 0 0
 557.904010364952 -NAN 0 0
 560.058586859375 -NAN 0 0
 562.213370664448 -NAN 0 0
 564.368367737409 -NAN 0 0
 566.523584035496 -NAN 0 0
 568.679025515947 -NAN 0 0
 570.834698136 -NAN 0 0
 572.990607852893 -NAN 0 0
 575.146760623864 -NAN 0 0
 577.303162406151 -NAN 0 0
 579.459819156992 -NAN 0 0
 581.616736833625 -NAN 0 0
 583.773921393288 -NAN 0 0
 585.931378793219 -NAN 0 0
 588.089114990656 -NAN 0 0
 590.247135942837 -NAN 0 0
 592.405447607 -NAN 0 0
 594.564055940383 -NAN 0 0
 596.722966900224 -NAN 0 0
 598.882186443761 -NAN 0 0
 601.041720528232 -NAN 0 0
 603.201575110875 -NAN 0 0
 605.361756148928 -NAN 0 0
 607.522269599629 -NAN 0 0
 609.683121420216 -NAN 0 0
 611.844317567927 -NAN 0 0
 614.005864 -NAN 0 0
 616.167766673673 -NAN 0 0
 618.330031546184 -NAN 0 0
 620.492664574771 -NAN 0 0
 622.655671716672 -NAN 0 0
 624.819058929125 -NAN 0 0
 626.982832169368 -NAN 0 0
 629.146997394639 -NAN 0 0
 631.311560562176 -NAN 0 0
 633.476527629217 -NAN 0 0
 635.641904553 -NAN 0 0
 637.807697290763 -NAN 0 0
 639.973911799744 -NAN 0 0
 642.140554037181 -NAN 0 0
 644.307629960312 -NAN 0 0
 646.475145526375 -NAN 0 0
 648.643106692608 -NAN 0 0
 650.811519416249 -NAN 0 0
 652.980389654536 -NAN 0 0
 655.149723364707 -NAN 0 0
 657.319526504 -NAN 0 0
 659.489805029653 -NAN 0 0
 661.660564898904 -NAN 0 0
 663.831812068991 -NAN 0 0
 666.003552497152 -NAN 0 0
 668.175792140625 -NAN 0 0
 670.348536956648 -NAN 0 0
 672.521792902459 -NAN 0 0
 674.695565935296 -NAN 0 0
 676.869862012397 -NAN 0 0
 679.044687091 -NAN 0 0
 681.220047128343 -NAN 0 0
 683.395948081664 -NAN 0 0
 685.572395908201 -NAN 0 0
 687.749396565192 -NAN 0 0
 689.926956009875 -NAN 0 0
 692.105080199488 -NAN 0 0
 694.283775091269 -NAN 0 0
 696.463046642456 -NAN 0 0
 698.642900810287 -NAN 0 0
 700.823343552 -NAN 0 0
 703.004380824833 -NAN 0 0
 705.186018586024 -NAN 0 0
 707.368262792811 -NAN 0 0
 709.551119402432 -NAN 0 0
 711.734594372125 -NAN 0 0
 713.918693659128 -NAN 0 0
 716.103423220679 -NAN 0 0
 718.288789014016 -NAN 0 0
 720.474796996377 -NAN 0 0
 722.661453125 -NAN 0 0
 724.848763357123 -NAN 0 0
 727.036733649984 -NAN 0 0
 729.225369960821 -NAN 0 0
 731.414678246872 -NAN 0 0
 733.604664465375 -NAN 0 0
 735.795334573568 -NAN 0 0
[END] of [DATA]
[END] of Spectrum


[Spectrum]
Version            = 1
IDData             = 12ad_2026-06-09_10-04-45_000_346
IDDevice           = SAM_82E6
IDDataType         = SPECTRUM
IDDataTypeSub1     = CALIBRATED
IDDataTypeSub2     = 
IDDataTypeSub3     = 
DateTime           = 2026-06-09 10:04:45
PositionLatitude   = 0
PositionLongitude  = 0
Comment            = 20260609_FrameF
CommentSub1        = UV
CommentSub2        = right
CommentSub3        = 44.5cm
IDMethodType       = SAM Control
MethodName         = SAM_82E6
Mission            = No Mission
MissionSub         = 1
RecordType         = 0
[Attributes]
CalFactor = 1
IDBasisSpec = 
IDDataBack = DLAB_2024-11-11_10-40-48_641_639
IDDataCal = DLAB_2024-11-12_11-45-27_171_455
IntegrationTime = 128
P31 = -1
P31e = 0
PathLength = +INF
PathLengthCustomOn = 0
RAWDynamic = 65535
Salinity = 0
Temperature = -NAN
Unit1 = $01 $01 Wavelength nm
Unit2 = $03 $06 Intensity mW/(m^2 nm)
Unit3 = $f0 $06 Error mW/(m^2 nm)
Unit4 = $f1 $00 Status 
p999 = 7544
[END] of [Attributes]
[DATA]
 0 6 0 0
 185.260577530984 -NAN 0 0
 187.468128380571 -NAN 0 0
 189.674861895872 -NAN 0 0
 191.880784034125 -NAN 0 0
 194.085900752568 -NAN 0 0
 196.290218008439 -NAN 0 0
 198.493741758976 -NAN 0 0
 200.696477961417 -NAN 0 0
 202.898432573 -NAN 0 0
 205.099611550963 -NAN 0 0
 207.300020852544 -NAN 0 0
 209.499666434981 -NAN 0 0
 211.698554255512 -NAN 0 0
 213.896690271375 -NAN 0 0
 216.094080439808 -NAN 0 0
 218.290730718049 -NAN 0 0
 220.486647063336 -NAN 0 0
 222.681835432907 -NAN 0 0
 224.876301784 -NAN 0 0
 227.070052073853 -NAN 0 0
 229.263092259704 -NAN 0 0
 231.455428298791 -NAN 0 0
 233.647066148352 -NAN 0 0
 235.838011765625 -NAN 0 0
 238.028271107848 -NAN 0 0
 240.217850132259 -NAN 0 0
 242.406754796096 -NAN 0 0
 244.594991056597 -NAN 0 0
 246.782564871 -NAN 0 0
 248.969482196543 -NAN 0 0
 251.155748990464 -NAN 0 0
 253.341371210001 -NAN 0 0
 255.526354812392 -NAN 0 0
 257.710705754875 -NAN 0 0
 259.894429994688 -NAN 0 0
 262.077533489069 -NAN 0 0
 264.260022195256 -NAN 0 0
 266.441902070487 -NAN 0 0
 268.623179072 -NAN 0 0
 270.803859157033 -NAN 0 0
 272.983948282824 -NAN 0 0
 275.163452406611 -NAN 0 0
 277.342377485632 -NAN 0 0
 279.520729477125 12.4747836482402 0 0
 281.698514338328 4.08876886952446 0 0
 283.875738026479 15.1416004149421 0 0
 286.052406498816 31.3702698299495 0 0
 288.228525712577 27.4673039018779 0 0
 290.404101625 46.6016212970289 0 0
 292.579140193323 70.8889044803911 0 0
 294.753647374784 77.3000677288513 0 0
 296.927629126621 97.6405457382206 0 0
 299.101091406072 121.862747991157 0 0
 301.274040170375 129.115139248514 0 0
 303.446481376768 141.275931818405 0 0
 305.618420982489 158.00500381188 0 0
 307.789864944776 154.116263996435 0 0
 309.960819220867 164.025626628096 0 0
 312.131289768 179.397378625282 0 0
 314.301282543413 161.951691557992 0 0
 316.470803504344 147.661778842759 0 0
 318.639858608031 144.807472092901 0 0
 320.808453811712 121.126904688667 0 0
 322.976595072625 113.985280494487 0 0
 325.144288348008 115.066274796567 0 0
 327.311539595099 91.9530674024864 0 0
 329.478354771136 83.4374586500139 0 0
 331.644739833357 86.5991031283477 0 0
 333.810700739 66.2832979250799 0 0
 335.976243445303 58.2308308046617 0 0
 338.141373909504 62.033916412278 0 0
 340.306098088841 43.4601503283473 0 0
 342.470421940552 37.0863151582891 0 0
 344.634351421875 43.1498364745987 0 0
 346.797892490048 28.2476825438683 0 0
 348.961051102309 22.9794198912145 0 0
 351.123833215896 29.5333660024869 0 0
 353.286244788047 17.6107054520808 0 0
 355.448291776 13.5028558147665 0 0
 357.609980136993 21.3702752137286 0 0
 359.771315828264 12.5837285277752 0 0
 361.932304807051 17.4307621162715 0 0
 364.092953030592 36.9223624485404 0 0
 366.253266456125 27.0960448181604 0 0
 368.413251040888 12.1169513376782 0 0
 370.572912742119 16.0200737270908 0 0
 372.732257517056 3.95888035683671 0 0
 374.891291322937 -0.498904449404582 0 0
 377.050020117 12.0967849972598 0 0
 379.208449856483 1.85095682442736 0 0
 381.366586498624 -2.53922374168474 0 0
 383.524436000661 10.9176499044415 0 0
 385.682004319832 1.11855956264652 0 0
 387.839297413375 -3.67259851178189 0 0
 389.996321238528 10.1628697949208 0 0
 392.153081752529 1.1337484672249 0 0
 394.309584912616 -4.0692738067586 0 0
 396.465836676027 9.39785429563087 0 0
 398.621843 2.59462753961998 0 0
 400.777609841773 3.24536849474981 0 0
 402.933143158584 27.1154254669093 0 0
 405.088448907671 23.8710633735758 0 0
 407.243533046272 12.0406704399796 0 0
 409.398401531625 15.5084596603104 0 0
 411.553060320968 7.31049937025081 0 0
 413.707515371539 3.15590734821499 0 0
 415.861772640576 16.3546082556948 0 0
 418.015838085317 16.2760355513034 0 0
 420.169717663 17.5069476250135 0 0
 422.323417330863 35.7988954346224 0 0
 424.476943046144 44.4013957862456 0 0
 426.630300766081 56.2722138978114 0 0
 428.783496447912 88.5079903916807 0 0
 430.936536048875 122.383154451025 0 0
 433.089425526208 185.037395052398 0 0
 435.242170837149 267.679230756993 0 0
 437.394777938936 324.012506506008 0 0
 439.547252788807 374.367841616627 0 0
 441.699601344 479.053873524848 0 0
 443.851829561753 599.788317806895 0 0
 446.003943399304 708.581756899462 0 0
 448.155948813891 782.192037655403 0 0
 450.307851762752 770.446490758382 0 0
 452.459658203125 683.989577424267 0 0
 454.611374092248 580.060609397779 0 0
 456.763005387359 473.105331867436 0 0
 458.914558045696 387.037251245955 0 0
 461.066038024497 343.281010020598 0 0
 463.217451281 301.285104764634 0 0
 465.368803772443 254.30486883119 0 0
 467.520101456064 224.431981704893 0 0
 469.671350289101 186.745458926231 0 0
 471.822556228792 147.720934364005 0 0
 473.973725232375 136.304410007118 0 0
 476.124863257088 123.246563826246 0 0
 478.275976260169 106.584977622393 0 0
 480.427070198856 112.179852697696 0 0
 482.578151030387 110.216652992437 0 0
 484.729224712 100.04098182271 0 0
 486.880297200933 110.429942706636 0 0
 489.031374454424 114.0255851388 0 0
 491.182462429711 109.058305893224 0 0
 493.333567084032 124.168971606512 0 0
 495.484694374625 132.378982547928 0 0
 497.635850258728 129.193607265974 0 0
 499.787040693579 144.622616550866 0 0
 501.938271636416 152.893360567095 0 0
 504.089549044477 -NAN 0 0
 506.240878875 -NAN 0 0
 508.392267085223 -NAN 0 0
 510.543719632384 -NAN 0 0
 512.695242473721 -NAN 0 0
 514.846841566472 -NAN 0 0
 516.998522867875 -NAN 0 0
 519.150292335168 -NAN 0 0
 521.302155925589 -NAN 0 0
 523.454119596376 -NAN 0 0
 525.606189304767 -NAN 0 0
 527.758371008 -NAN 0 0
 529.910670663313 -NAN 0 0
 532.063094227944 -NAN 0 0
 534.215647659131 -NAN 0 0
 536.368336914112 -NAN 0 0
 538.521167950125 -NAN 0 0
 540.674146724408 -NAN 0 0
 542.827279194199 -NAN 0 0
 544.980571316736 -NAN 0 0
 547.134029049257 -NAN 0 0
 549.287658349 -NAN 0 0
 551.441465173203 -NAN 0 0
 553.595455479104 -NAN 0 0
 555.749635223941 -NAN 0 0
 557.904010364952 -NAN 0 0
 560.058586859375 -NAN 0 0
 562.213370664448 -NAN 0 0
 564.368367737409 -NAN 0 0
 566.523584035496 -NAN 0 0
 568.679025515947 -NAN 0 0
 570.834698136 -NAN 0 0
 572.990607852893 -NAN 0 0
 575.146760623864 -NAN 0 0
 577.303162406151 -NAN 0 0
 579.459819156992 -NAN 0 0
 581.616736833625 -NAN 0 0
 583.773921393288 -NAN 0 0
 585.931378793219 -NAN 0 0
 588.089114990656 -NAN 0 0
 590.247135942837 -NAN 0 0
 592.405447607 -NAN 0 0
 594.564055940383 -NAN 0 0
 596.722966900224 -NAN 0 0
 598.882186443761 -NAN 0 0
 601.041720528232 -NAN 0 0
 603.201575110875 -NAN 0 0
 605.361756148928 -NAN 0 0
 607.522269599629 -NAN 0 0
 609.683121420216 -NAN 0 0
 611.844317567927 -NAN 0 0
 614.005864 -NAN 0 0
 616.167766673673 -NAN 0 0
 618.330031546184 -NAN 0 0
 620.492664574771 -NAN 0 0
 622.655671716672 -NAN 0 0
 624.819058929125 -NAN 0 0
 626.982832169368 -NAN 0 0
 629.146997394639 -NAN 0 0
 631.311560562176 -NAN 0 0
 633.476527629217 -NAN 0 0
 635.641904553 -NAN 0 0
 637.807697290763 -NAN 0 0
 639.973911799744 -NAN 0 0
 642.140554037181 -NAN 0 0
 644.307629960312 -NAN 0 0
 646.475145526375 -NAN 0 0
 648.643106692608 -NAN 0 0
 650.811519416249 -NAN 0 0
 652.980389654536 -NAN 0 0
 655.149723364707 -NAN 0 0
 657.319526504 -NAN 0 0
 659.489805029653 -NAN 0 0
 661.660564898904 -NAN 0 0
 663.831812068991 -NAN 0 0
 666.003552497152 -NAN 0 0
 668.175792140625 -NAN 0 0
 670.348536956648 -NAN 0 0
 672.521792902459 -NAN 0 0
 674.695565935296 -NAN 0 0
 676.869862012397 -NAN 0 0
 679.044687091 -NAN 0 0
 681.220047128343 -NAN 0 0
 683.395948081664 -NAN 0 0
 685.572395908201 -NAN 0 0
 687.749396565192 -NAN 0 0
 689.926956009875 -NAN 0 0
 692.105080199488 -NAN 0 0
 694.283775091269 -NAN 0 0
 696.463046642456 -NAN 0 0
 698.642900810287 -NAN 0 0
 700.823343552 -NAN 0 0
 703.004380824833 -NAN 0 0
 705.186018586024 -NAN 0 0
 707.368262792811 -NAN 0 0
 709.551119402432 -NAN 0 0
 711.734594372125 -NAN 0 0
 713.918693659128 -NAN 0 0
 716.103423220679 -NAN 0 0
 718.288789014016 -NAN 0 0
 720.474796996377 -NAN 0 0
 722.661453125 -NAN 0 0
 724.848763357123 -NAN 0 0
 727.036733649984 -NAN 0 0
 729.225369960821 -NAN 0 0
 731.414678246872 -NAN 0 0
 733.604664465375 -NAN 0 0
 735.795334573568 -NAN 0 0
[END] of [DATA]
[END] of Spectrum


[Spectrum]
Version            = 1
IDData             = 12ad_2026-06-09_10-04-40_000_343
IDDevice           = SAM_82E6
IDDataType         = SPECTRUM
IDDataTypeSub1     = CALIBRATED
IDDataTypeSub2     = 
IDDataTypeSub3     = 
DateTime           = 2026-06-09 10:04:40
PositionLatitude   = 0
PositionLongitude  = 0
Comment            = 20260609_FrameF
CommentSub1        = UV
CommentSub2        = right
CommentSub3        = 44.5cm
IDMethodType       = SAM Control
MethodName         = SAM_82E6
Mission            = No Mission
MissionSub         = 1
RecordType         = 0
[Attributes]
CalFactor = 1
IDBasisSpec = 
IDDataBack = DLAB_2024-11-11_10-40-48_641_639
IDDataCal = DLAB_2024-11-12_11-45-27_171_455
IntegrationTime = 128
P31 = -1
P31e = 0
PathLength = +INF
PathLengthCustomOn = 0
RAWDynamic = 65535
Salinity = 0
Temperature = -NAN
Unit1 = $01 $01 Wavelength nm
Unit2 = $03 $06 Intensity mW/(m^2 nm)
Unit3 = $f0 $06 Error mW/(m^2 nm)
Unit4 = $f1 $00 Status 
p999 = 7543
[END] of [Attributes]
[DATA]
 0 6 0 0
 185.260577530984 -NAN 0 0
 187.468128380571 -NAN 0 0
 189.674861895872 -NAN 0 0
 191.880784034125 -NAN 0 0
 194.085900752568 -NAN 0 0
 196.290218008439 -NAN 0 0
 198.493741758976 -NAN 0 0
 200.696477961417 -NAN 0 0
 202.898432573 -NAN 0 0
 205.099611550963 -NAN 0 0
 207.300020852544 -NAN 0 0
 209.499666434981 -NAN 0 0
 211.698554255512 -NAN 0 0
 213.896690271375 -NAN 0 0
 216.094080439808 -NAN 0 0
 218.290730718049 -NAN 0 0
 220.486647063336 -NAN 0 0
 222.681835432907 -NAN 0 0
 224.876301784 -NAN 0 0
 227.070052073853 -NAN 0 0
 229.263092259704 -NAN 0 0
 231.455428298791 -NAN 0 0
 233.647066148352 -NAN 0 0
 235.838011765625 -NAN 0 0
 238.028271107848 -NAN 0 0
 240.217850132259 -NAN 0 0
 242.406754796096 -NAN 0 0
 244.594991056597 -NAN 0 0
 246.782564871 -NAN 0 0
 248.969482196543 -NAN 0 0
 251.155748990464 -NAN 0 0
 253.341371210001 -NAN 0 0
 255.526354812392 -NAN 0 0
 257.710705754875 -NAN 0 0
 259.894429994688 -NAN 0 0
 262.077533489069 -NAN 0 0
 264.260022195256 -NAN 0 0
 266.441902070487 -NAN 0 0
 268.623179072 -NAN 0 0
 270.803859157033 -NAN 0 0
 272.983948282824 -NAN 0 0
 275.163452406611 -NAN 0 0
 277.342377485632 -NAN 0 0
 279.520729477125 12.1273394279707 0 0
 281.698514338328 14.0083225752376 0 0
 283.875738026479 9.1046925456569 0 0
 286.052406498816 29.7891801873411 0 0
 288.228525712577 37.6151218079931 0 0
 290.404101625 39.7832935686599 0 0
 292.579140193323 67.7808160723444 0 0
 294.753647374784 85.442725749955 0 0
 296.927629126621 90.4302201821973 0 0
 299.101091406072 116.896834403735 0 0
 301.274040170375 134.326277631365 0 0
 303.446481376768 133.30405184353 0 0
 305.618420982489 151.839584429675 0 0
 307.789864944776 157.781529141534 0 0
 309.960819220867 155.943056586169 0 0
 312.131289768 172.561476301183 0 0
 314.301282543413 166.001733337816 0 0
 316.470803504344 139.975692067498 0 0
 318.639858608031 137.524942331861 0 0
 320.808453811712 127.440327950207 0 0
 322.976595072625 106.708081459097 0 0
 325.144288348008 107.8290240676 0 0
 327.311539595099 99.8034591336424 0 0
 329.478354771136 76.8376949315386 0 0
 331.644739833357 79.6039149573782 0 0
 333.810700739 74.6361567579622 0 0
 335.976243445303 52.6182406696962 0 0
 338.141373909504 55.246424707151 0 0
 340.306098088841 51.4613507463807 0 0
 342.470421940552 32.7847752856757 0 0
 344.634351421875 36.7099337194432 0 0
 346.797892490048 35.3252275631443 0 0
 348.961051102309 19.5340903318453 0 0
 351.123833215896 23.8612956806178 0 0
 353.286244788047 24.077986477043 0 0
 355.448291776 11.0341938317984 0 0
 357.609980136993 15.5781883866417 0 0
 359.771315828264 19.0792861775561 0 0
 361.932304807051 15.1083889705957 0 0
 364.092953030592 30.2871247123495 0 0
 366.253266456125 33.7491207657861 0 0
 368.413251040888 10.076649809207 0 0
 370.572912742119 8.63860231021545 0 0
 372.732257517056 11.6254781129038 0 0
 374.891291322937 -2.32603563113876 0 0
 377.050020117 4.13882442117389 0 0
 379.208449856483 10.0754858476025 0 0
 381.366586498624 -4.07827003856 0 0
 383.524436000661 2.13017256861703 0 0
 385.682004319832 9.19611996105915 0 0
 387.839297413375 -4.62898467483335 0 0
 389.996321238528 1.12395310366206 0 0
 392.153081752529 8.78927732701894 0 0
 394.309584912616 -4.30245569424322 0 0
 396.465836676027 0.710396977870265 0 0
 398.621843 10.0342712946353 0 0
 400.777609841773 3.18684588260006 0 0
 402.933143158584 18.1618345302782 0 0
 405.088448907671 29.852383888121 0 0
 407.243533046272 12.2438191333337 0 0
 409.398401531625 7.47503669251505 0 0
 411.553060320968 13.0381638099773 0 0
 413.707515371539 4.00548750906453 0 0
 415.861772640576 9.29097853321856 0 0
 418.015838085317 21.2214263919951 0 0
 420.169717663 18.6393374322555 0 0
 422.323417330863 29.5446349920758 0 0
 424.476943046144 48.7552755618369 0 0
 426.630300766081 57.6783493892707 0 0
 428.783496447912 82.5979382510437 0 0
 430.936536048875 126.128320184078 0 0
 433.089425526208 185.59845379104 0 0
 435.242170837149 260.364014988036 0 0
 437.394777938936 326.177818704825 0 0
 439.547252788807 375.787300336838 0 0
 441.699601344 473.483520590176 0 0
 443.851829561753 603.532396045751 0 0
 446.003943399304 711.192076264676 0 0
 448.155948813891 776.3089542391 0 0
 450.307851762752 774.496534561587 0 0
 452.459658203125 687.199240864177 0 0
 454.611374092248 574.095271586537 0 0
 456.763005387359 477.454539128871 0 0
 458.914558045696 391.034365556363 0 0
 461.066038024497 336.779488433174 0 0
 463.217451281 305.762701176387 0 0
 465.368803772443 258.4373209775 0 0
 467.520101456064 217.713466056162 0 0
 469.671350289101 191.13932233642 0 0
 471.822556228792 152.570915294816 0 0
 473.973725232375 129.476531442793 0 0
 476.124863257088 127.541114545313 0 0
 478.275976260169 111.935626881855 0 0
 480.427070198856 105.573577933551 0 0
 482.578151030387 114.546188716805 0 0
 484.729224712 105.66362415952 0 0
 486.880297200933 103.855905795693 0 0
 489.031374454424 118.164507925685 0 0
 491.182462429711 115.039098007138 0 0
 493.333567084032 117.986641629645 0 0
 495.484694374625 135.975077253863 0 0
 497.635850258728 135.562454331623 0 0
 499.787040693579 138.761680614782 0 0
 501.938271636416 156.428766883391 0 0
 504.089549044477 -NAN 0 0
 506.240878875 -NAN 0 0
 508.392267085223 -NAN 0 0
 510.543719632384 -NAN 0 0
 512.695242473721 -NAN 0 0
 514.846841566472 -NAN 0 0
 516.998522867875 -NAN 0 0
 519.150292335168 -NAN 0 0
 521.302155925589 -NAN 0 0
 523.454119596376 -NAN 0 0
 525.606189304767 -NAN 0 0
 527.758371008 -NAN 0 0
 529.910670663313 -NAN 0 0
 532.063094227944 -NAN 0 0
 534.215647659131 -NAN 0 0
 536.368336914112 -NAN 0 0
 538.521167950125 -NAN 0 0
 540.674146724408 -NAN 0 0
 542.827279194199 -NAN 0 0
 544.980571316736 -NAN 0 0
 547.134029049257 -NAN 0 0
 549.287658349 -NAN 0 0
 551.441465173203 -NAN 0 0
 553.595455479104 -NAN 0 0
 555.749635223941 -NAN 0 0
 557.904010364952 -NAN 0 0
 560.058586859375 -NAN 0 0
 562.213370664448 -NAN 0 0
 564.368367737409 -NAN 0 0
 566.523584035496 -NAN 0 0
 568.679025515947 -NAN 0 0
 570.834698136 -NAN 0 0
 572.990607852893 -NAN 0 0
 575.146760623864 -NAN 0 0
 577.303162406151 -NAN 0 0
 579.459819156992 -NAN 0 0
 581.616736833625 -NAN 0 0
 583.773921393288 -NAN 0 0
 585.931378793219 -NAN 0 0
 588.089114990656 -NAN 0 0
 590.247135942837 -NAN 0 0
 592.405447607 -NAN 0 0
 594.564055940383 -NAN 0 0
 596.722966900224 -NAN 0 0
 598.882186443761 -NAN 0 0
 601.041720528232 -NAN 0 0
 603.201575110875 -NAN 0 0
 605.361756148928 -NAN 0 0
 607.522269599629 -NAN 0 0
 609.683121420216 -NAN 0 0
 611.844317567927 -NAN 0 0
 614.005864 -NAN 0 0
 616.167766673673 -NAN 0 0
 618.330031546184 -NAN 0 0
 620.492664574771 -NAN 0 0
 622.655671716672 -NAN 0 0
 624.819058929125 -NAN 0 0
 626.982832169368 -NAN 0 0
 629.146997394639 -NAN 0 0
 631.311560562176 -NAN 0 0
 633.476527629217 -NAN 0 0
 635.641904553 -NAN 0 0
 637.807697290763 -NAN 0 0
 639.973911799744 -NAN 0 0
 642.140554037181 -NAN 0 0
 644.307629960312 -NAN 0 0
 646.475145526375 -NAN 0 0
 648.643106692608 -NAN 0 0
 650.811519416249 -NAN 0 0
 652.980389654536 -NAN 0 0
 655.149723364707 -NAN 0 0
 657.319526504 -NAN 0 0
 659.489805029653 -NAN 0 0
 661.660564898904 -NAN 0 0
 663.831812068991 -NAN 0 0
 666.003552497152 -NAN 0 0
 668.175792140625 -NAN 0 0
 670.348536956648 -NAN 0 0
 672.521792902459 -NAN 0 0
 674.695565935296 -NAN 0 0
 676.869862012397 -NAN 0 0
 679.044687091 -NAN 0 0
 681.220047128343 -NAN 0 0
 683.395948081664 -NAN 0 0
 685.572395908201 -NAN 0 0
 687.749396565192 -NAN 0 0
 689.926956009875 -NAN 0 0
 692.105080199488 -NAN 0 0
 694.283775091269 -NAN 0 0
 696.463046642456 -NAN 0 0
 698.642900810287 -NAN 0 0
 700.823343552 -NAN 0 0
 703.004380824833 -NAN 0 0
 705.186018586024 -NAN 0 0
 707.368262792811 -NAN 0 0
 709.551119402432 -NAN 0 0
 711.734594372125 -NAN 0 0
 713.918693659128 -NAN 0 0
 716.103423220679 -NAN 0 0
 718.288789014016 -NAN 0 0
 720.474796996377 -NAN 0 0
 722.661453125 -NAN 0 0
 724.848763357123 -NAN 0 0
 727.036733649984 -NAN 0 0
 729.225369960821 -NAN 0 0
 731.414678246872 -NAN 0 0
 733.604664465375 -NAN 0 0
 735.795334573568 -NAN 0 0
[END] of [DATA]
[END] of Spectrum


[Spectrum]
Version            = 1
IDData             = 12ad_2026-06-09_10-04-35_000_340
IDDevice           = SAM_82E6
IDDataType         = SPECTRUM
IDDataTypeSub1     = CALIBRATED
IDDataTypeSub2     = 
IDDataTypeSub3     = 
DateTime           = 2026-06-09 10:04:35
PositionLatitude   = 0
PositionLongitude  = 0
Comment            = 20260609_FrameF
CommentSub1        = UV
CommentSub2        = right
CommentSub3        = 44.5cm
IDMethodType       = SAM Control
MethodName         = SAM_82E6
Mission            = No Mission
MissionSub         = 1
RecordType         = 0
[Attributes]
CalFactor = 1
IDBasisSpec = 
IDDataBack = DLAB_2024-11-11_10-40-48_641_639
IDDataCal = DLAB_2024-11-12_11-45-27_171_455
IntegrationTime = 128
P31 = -1
P31e = 0
PathLength = +INF
PathLengthCustomOn = 0
RAWDynamic = 65535
Salinity = 0
Temperature = -NAN
Unit1 = $01 $01 Wavelength nm
Unit2 = $03 $06 Intensity mW/(m^2 nm)
Unit3 = $f0 $06 Error mW/(m^2 nm)
Unit4 = $f1 $00 Status 
p999 = 7542
[END] of [Attributes]
[DATA]
 0 6 0 0
 185.260577530984 -NAN 0 0
 187.468128380571 -NAN 0 0
 189.674861895872 -NAN 0 0
 191.880784034125 -NAN 0 0
 194.085900752568 -NAN 0 0
 196.290218008439 -NAN 0 0
 198.493741758976 -NAN 0 0
 200.696477961417 -NAN 0 0
 202.898432573 -NAN 0 0
 205.099611550963 -NAN 0 0
 207.300020852544 -NAN 0 0
 209.499666434981 -NAN 0 0
 211.698554255512 -NAN 0 0
 213.896690271375 -NAN 0 0
 216.094080439808 -NAN 0 0
 218.290730718049 -NAN 0 0
 220.486647063336 -NAN 0 0
 222.681835432907 -NAN 0 0
 224.876301784 -NAN 0 0
 227.070052073853 -NAN 0 0
 229.263092259704 -NAN 0 0
 231.455428298791 -NAN 0 0
 233.647066148352 -NAN 0 0
 235.838011765625 -NAN 0 0
 238.028271107848 -NAN 0 0
 240.217850132259 -NAN 0 0
 242.406754796096 -NAN 0 0
 244.594991056597 -NAN 0 0
 246.782564871 -NAN 0 0
 248.969482196543 -NAN 0 0
 251.155748990464 -NAN 0 0
 253.341371210001 -NAN 0 0
 255.526354812392 -NAN 0 0
 257.710705754875 -NAN 0 0
 259.894429994688 -NAN 0 0
 262.077533489069 -NAN 0 0
 264.260022195256 -NAN 0 0
 266.441902070487 -NAN 0 0
 268.623179072 -NAN 0 0
 270.803859157033 -NAN 0 0
 272.983948282824 -NAN 0 0
 275.163452406611 -NAN 0 0
 277.342377485632 -NAN 0 0
 279.520729477125 9.77742099195384 0 0
 281.698514338328 3.5396437138108 0 0
 283.875738026479 21.4877674241978 0 0
 286.052406498816 27.1801644960948 0 0
 288.228525712577 25.1377328281319 0 0
 290.404101625 51.382739141106 0 0
 292.579140193323 64.6642702808745 0 0
 294.753647374784 71.89626644001 0 0
 296.927629126621 98.7984638412482 0 0
 299.101091406072 113.232283340302 0 0
 301.274040170375 120.858078297196 0 0
 303.446481376768 138.969230831018 0 0
 305.618420982489 147.758341353542 0 0
 307.789864944776 144.027966405464 0 0
 309.960819220867 160.673289113715 0 0
 312.131289768 168.230383618804 0 0
 314.301282543413 151.374838262188 0 0
 316.470803504344 145.829140126674 0 0
 318.639858608031 135.004808821549 0 0
 320.808453811712 111.846452025909 0 0
 322.976595072625 114.837451048196 0 0
 325.144288348008 106.767907114519 0 0
 327.311539595099 83.3946011230301 0 0
 329.478354771136 85.9452796167368 0 0
 331.644739833357 79.7415980261401 0 0
 333.810700739 58.7341963748939 0 0
 335.976243445303 61.5713467668866 0 0
 338.141373909504 56.6915579503903 0 0
 340.306098088841 36.953321693224 0 0
 342.470421940552 40.7789612589801 0 0
 344.634351421875 39.0225642929115 0 0
 346.797892490048 22.6740705420012 0 0
 348.961051102309 26.365765963666 0 0
 351.123833215896 26.3833352375886 0 0
 353.286244788047 12.9131760884764 0 0
 355.448291776 17.0396578191234 0 0
 357.609980136993 18.8195725289216 0 0
 359.771315828264 8.04684126717315 0 0
 361.932304807051 20.8237328113723 0 0
 364.092953030592 33.9688518278367 0 0
 366.253266456125 21.7077189585246 0 0
 368.413251040888 16.3648518461528 0 0
 370.572912742119 13.774358073973 0 0
 372.732257517056 -1.30872586045085 0 0
 374.891291322937 4.01850597784106 0 0
 377.050020117 10.2262711229016 0 0
 379.208449856483 -3.77480575395688 0 0
 381.366586498624 2.15847129120176 0 0
 383.524436000661 9.14395239269817 0 0
 385.682004319832 -4.4456975739251 0 0
 387.839297413375 1.01156838458573 0 0
 389.996321238528 8.68798828352658 0 0
 392.153081752529 -4.51943706382475 0 0
 394.309584912616 0.0952728855106195 0 0
 396.465836676027 8.76149905399611 0 0
 398.621843 -2.85872288540464 0 0
 400.777609841773 6.72551316392215 0 0
 402.933143158584 25.5794378922176 0 0
 405.088448907671 17.4954105761863 0 0
 407.243533046272 14.6210152467933 0 0
 409.398401531625 15.0272105308747 0 0
 411.553060320968 2.7574859276953 0 0
 413.707515371539 5.99420511404941 0 0
 415.861772640576 16.697532628871 0 0
 418.015838085317 12.1828915519713 0 0
 420.169717663 20.1406762995011 0 0
 422.323417330863 36.3207704825292 0 0
 424.476943046144 40.673303012039 0 0
 426.630300766081 58.411197168429 0 0
 428.783496447912 89.2160839301396 0 0
 430.936536048875 118.492137379193 0 0
 433.089425526208 185.003391492481 0 0
 435.242170837149 264.926733968149 0 0
 437.394777938936 317.562130188382 0 0
 439.547252788807 375.16370907001 0 0
 441.699601344 480.262139544321 0 0
 443.851829561753 596.589152363366 0 0
 446.003943399304 710.932841008151 0 0
 448.155948813891 783.987233579305 0 0
 450.307851762752 767.080923295999 0 0
 452.459658203125 686.48505601218 0 0
 454.611374092248 582.519777830726 0 0
 456.763005387359 469.567390876316 0 0
 458.914558045696 389.815769657984 0 0
 461.066038024497 345.934193254205 0 0
 463.217451281 297.61453512438 0 0
 465.368803772443 256.882505648888 0 0
 467.520101456064 227.66432352346 0 0
 469.671350289101 182.725057668423 0 0
 471.822556228792 150.350876694303 0 0
 473.973725232375 140.162640371478 0 0
 476.124863257088 119.314044064934 0 0
 478.275976260169 109.038608684676 0 0
 480.427070198856 116.102850458498 0 0
 482.578151030387 106.432913341598 0 0
 484.729224712 102.649458708839 0 0
 486.880297200933 114.550880596702 0 0
 489.031374454424 110.353256242732 0 0
 491.182462429711 111.443921571155 0 0
 493.333567084032 128.791524112176 0 0
 495.484694374625 128.845977222799 0 0
 497.635850258728 131.655569852592 0 0
 499.787040693579 149.332238972517 0 0
 501.938271636416 149.69050845224 0 0
 504.089549044477 -NAN 0 0
 506.240878875 -NAN 0 0
 508.392267085223 -NAN 0 0
 510.543719632384 -NAN 0 0
 512.695242473721 -NAN 0 0
 514.846841566472 -NAN 0 0
 516.998522867875 -NAN 0 0
 519.150292335168 -NAN 0 0
 521.302155925589 -NAN 0 0
 523.454119596376 -NAN 0 0
 525.606189304767 -NAN 0 0
 527.758371008 -NAN 0 0
 529.910670663313 -NAN 0 0
 532.063094227944 -NAN 0 0
 534.215647659131 -NAN 0 0
 536.368336914112 -NAN 0 0
 538.521167950125 -NAN 0 0
 540.674146724408 -NAN 0 0
 542.827279194199 -NAN 0 0
 544.980571316736 -NAN 0 0
 547.134029049257 -NAN 0 0
 549.287658349 -NAN 0 0
 551.441465173203 -NAN 0 0
 553.595455479104 -NAN 0 0
 555.749635223941 -NAN 0 0
 557.904010364952 -NAN 0 0
 560.058586859375 -NAN 0 0
 562.213370664448 -NAN 0 0
 564.368367737409 -NAN 0 0
 566.523584035496 -NAN 0 0
 568.679025515947 -NAN 0 0
 570.834698136 -NAN 0 0
 572.990607852893 -NAN 0 0
 575.146760623864 -NAN 0 0
 577.303162406151 -NAN 0 0
 579.459819156992 -NAN 0 0
 581.616736833625 -NAN 0 0
 583.773921393288 -NAN 0 0
 585.931378793219 -NAN 0 0
 588.089114990656 -NAN 0 0
 590.247135942837 -NAN 0 0
 592.405447607 -NAN 0 0
 594.564055940383 -NAN 0 0
 596.722966900224 -NAN 0 0
 598.882186443761 -NAN 0 0
 601.041720528232 -NAN 0 0
 603.201575110875 -NAN 0 0
 605.361756148928 -NAN 0 0
 607.522269599629 -NAN 0 0
 609.683121420216 -NAN 0 0
 611.844317567927 -NAN 0 0
 614.005864 -NAN 0 0
 616.167766673673 -NAN 0 0
 618.330031546184 -NAN 0 0
 620.492664574771 -NAN 0 0
 622.655671716672 -NAN 0 0
 624.819058929125 -NAN 0 0
 626.982832169368 -NAN 0 0
 629.146997394639 -NAN 0 0
 631.311560562176 -NAN 0 0
 633.476527629217 -NAN 0 0
 635.641904553 -NAN 0 0
 637.807697290763 -NAN 0 0
 639.973911799744 -NAN 0 0
 642.140554037181 -NAN 0 0
 644.307629960312 -NAN 0 0
 646.475145526375 -NAN 0 0
 648.643106692608 -NAN 0 0
 650.811519416249 -NAN 0 0
 652.980389654536 -NAN 0 0
 655.149723364707 -NAN 0 0
 657.319526504 -NAN 0 0
 659.489805029653 -NAN 0 0
 661.660564898904 -NAN 0 0
 663.831812068991 -NAN 0 0
 666.003552497152 -NAN 0 0
 668.175792140625 -NAN 0 0
 670.348536956648 -NAN 0 0
 672.521792902459 -NAN 0 0
 674.695565935296 -NAN 0 0
 676.869862012397 -NAN 0 0
 679.044687091 -NAN 0 0
 681.220047128343 -NAN 0 0
 683.395948081664 -NAN 0 0
 685.572395908201 -NAN 0 0
 687.749396565192 -NAN 0 0
 689.926956009875 -NAN 0 0
 692.105080199488 -NAN 0 0
 694.283775091269 -NAN 0 0
 696.463046642456 -NAN 0 0
 698.642900810287 -NAN 0 0
 700.823343552 -NAN 0 0
 703.004380824833 -NAN 0 0
 705.186018586024 -NAN 0 0
 707.368262792811 -NAN 0 0
 709.551119402432 -NAN 0 0
 711.734594372125 -NAN 0 0
 713.918693659128 -NAN 0 0
 716.103423220679 -NAN 0 0
 718.288789014016 -NAN 0 0
 720.474796996377 -NAN 0 0
 722.661453125 -NAN 0 0
 724.848763357123 -NAN 0 0
 727.036733649984 -NAN 0 0
 729.225369960821 -NAN 0 0
 731.414678246872 -NAN 0 0
 733.604664465375 -NAN 0 0
 735.795334573568 -NAN 0 0
[END] of [DATA]
[END] of Spectrum


