[Spectrum]
Version            = 1
IDData             = 12ad_2026-06-08_14-41-05_000_173
IDDevice           = SAM_82E6
IDDataType         = SPECTRUM
IDDataTypeSub1     = CALIBRATED
IDDataTypeSub2     = 
IDDataTypeSub3     = 
DateTime           = 2026-06-08 14:41:05
PositionLatitude   = 0
PositionLongitude  = 0
Comment            = 20260608_FrameD
CommentSub1        = UV
CommentSub2        = left
CommentSub3        = 17cm
IDMethodType       = SAM Control
MethodName         = SAM_82E6
Mission            = No Mission
MissionSub         = 1
RecordType         = 0
[Attributes]
CalFactor = 1
IDBasisSpec = 
IDDataBack = DLAB_2024-11-11_10-40-48_641_639
IDDataCal = DLAB_2024-11-12_11-45-27_171_455
IntegrationTime = 128
P31 = -1
P31e = 0
PathLength = +INF
PathLengthCustomOn = 0
RAWDynamic = 65535
Salinity = 0
Temperature = -NAN
Unit1 = $01 $01 Wavelength nm
Unit2 = $03 $06 Intensity mW/(m^2 nm)
Unit3 = $f0 $06 Error mW/(m^2 nm)
Unit4 = $f1 $00 Status 
p999 = 7291
[END] of [Attributes]
[DATA]
 0 6 0 0
 185.260577530984 -NAN 0 0
 187.468128380571 -NAN 0 0
 189.674861895872 -NAN 0 0
 191.880784034125 -NAN 0 0
 194.085900752568 -NAN 0 0
 196.290218008439 -NAN 0 0
 198.493741758976 -NAN 0 0
 200.696477961417 -NAN 0 0
 202.898432573 -NAN 0 0
 205.099611550963 -NAN 0 0
 207.300020852544 -NAN 0 0
 209.499666434981 -NAN 0 0
 211.698554255512 -NAN 0 0
 213.896690271375 -NAN 0 0
 216.094080439808 -NAN 0 0
 218.290730718049 -NAN 0 0
 220.486647063336 -NAN 0 0
 222.681835432907 -NAN 0 0
 224.876301784 -NAN 0 0
 227.070052073853 -NAN 0 0
 229.263092259704 -NAN 0 0
 231.455428298791 -NAN 0 0
 233.647066148352 -NAN 0 0
 235.838011765625 -NAN 0 0
 238.028271107848 -NAN 0 0
 240.217850132259 -NAN 0 0
 242.406754796096 -NAN 0 0
 244.594991056597 -NAN 0 0
 246.782564871 -NAN 0 0
 248.969482196543 -NAN 0 0
 251.155748990464 -NAN 0 0
 253.341371210001 -NAN 0 0
 255.526354812392 -NAN 0 0
 257.710705754875 -NAN 0 0
 259.894429994688 -NAN 0 0
 262.077533489069 -NAN 0 0
 264.260022195256 -NAN 0 0
 266.441902070487 -NAN 0 0
 268.623179072 -NAN 0 0
 270.803859157033 -NAN 0 0
 272.983948282824 -NAN 0 0
 275.163452406611 -NAN 0 0
 277.342377485632 -NAN 0 0
 279.520729477125 4.41507399381477 0 0
 281.698514338328 7.51164900680627 0 0
 283.875738026479 6.40891310180531 0 0
 286.052406498816 14.212035306216 0 0
 288.228525712577 19.9484914818169 0 0
 290.404101625 22.7949116427621 0 0
 292.579140193323 34.9478440593596 0 0
 294.753647374784 45.3563203937502 0 0
 296.927629126621 49.8408738711375 0 0
 299.101091406072 61.7450429680944 0 0
 301.274040170375 71.2484122049153 0 0
 303.446481376768 72.9289931873903 0 0
 305.618420982489 81.105565761297 0 0
 307.789864944776 84.2057940197573 0 0
 309.960819220867 85.173288008076 0 0
 312.131289768 92.2106487691784 0 0
 314.301282543413 87.9509281735415 0 0
 316.470803504344 77.2102595598763 0 0
 318.639858608031 74.7480177939767 0 0
 320.808453811712 68.1623017840291 0 0
 322.976595072625 60.638841343467 0 0
 325.144288348008 60.2462299770276 0 0
 327.311539595099 53.2801759238879 0 0
 329.478354771136 45.3501136476972 0 0
 331.644739833357 45.5458612276103 0 0
 333.810700739 39.384812950574 0 0
 335.976243445303 32.3120320202963 0 0
 338.141373909504 32.645327249959 0 0
 340.306098088841 26.5157930732619 0 0
 342.470421940552 21.2341259047553 0 0
 344.634351421875 22.6744416963441 0 0
 346.797892490048 17.668208353935 0 0
 348.961051102309 13.7872482437267 0 0
 351.123833215896 15.6996488053963 0 0
 353.286244788047 11.3778647272984 0 0
 355.448291776 8.8064818637256 0 0
 357.609980136993 11.1631811786404 0 0
 359.771315828264 8.29422961945823 0 0
 361.932304807051 10.482309508311 0 0
 364.092953030592 18.3771157147186 0 0
 366.253266456125 14.6610873510165 0 0
 368.413251040888 8.00240387028003 0 0
 370.572912742119 7.80085491612734 0 0
 372.732257517056 2.81873973427372 0 0
 374.891291322937 1.78669011199946 0 0
 377.050020117 5.62723479759903 0 0
 379.208449856483 1.23240282949058 0 0
 381.366586498624 0.77912401319417 0 0
 383.524436000661 4.84046195555173 0 0
 385.682004319832 0.336263697330981 0 0
 387.839297413375 0.597842814791614 0 0
 389.996321238528 4.28300883616258 0 0
 392.153081752529 -0.128990568920211 0 0
 394.309584912616 0.605273037085175 0 0
 396.465836676027 4.04387812761521 0 0
 398.621843 0.52739640526758 0 0
 400.777609841773 5.85417649413685 0 0
 402.933143158584 16.2443846948751 0 0
 405.088448907671 14.7264854499211 0 0
 407.243533046272 11.9860222534633 0 0
 409.398401531625 8.75263854804091 0 0
 411.553060320968 3.54720434457266 0 0
 413.707515371539 5.9517791384764 0 0
 415.861772640576 9.87782827898129 0 0
 418.015838085317 10.0026337732684 0 0
 420.169717663 16.4757823034648 0 0
 422.323417330863 24.4348373738862 0 0
 424.476943046144 30.6358570380561 0 0
 426.630300766081 44.9989606636442 0 0
 428.783496447912 63.6758243727271 0 0
 430.936536048875 88.3495273648766 0 0
 433.089425526208 139.911432607361 0 0
 435.242170837149 195.42539083474 0 0
 437.394777938936 236.212254091392 0 0
 439.547252788807 279.394325512886 0 0
 441.699601344 351.363991807092 0 0
 443.851829561753 440.057720408211 0 0
 446.003943399304 529.439072335448 0 0
 448.155948813891 582.095253277348 0 0
 450.307851762752 576.278859678338 0 0
 452.459658203125 522.780178549416 0 0
 454.611374092248 439.9640850828 0 0
 456.763005387359 357.661458224514 0 0
 458.914558045696 300.402168891581 0 0
 461.066038024497 259.03531014056 0 0
 463.217451281 225.127535918566 0 0
 465.368803772443 199.289950346983 0 0
 467.520101456064 169.169432614627 0 0
 469.671350289101 138.528788806338 0 0
 471.822556228792 119.102002488758 0 0
 473.973725232375 101.727883208708 0 0
 476.124863257088 88.9588000290013 0 0
 478.275976260169 86.7314574417993 0 0
 480.427070198856 82.3151690058655 0 0
 482.578151030387 78.2412625743711 0 0
 484.729224712 81.0797912271398 0 0
 486.880297200933 80.0352292568889 0 0
 489.031374454424 79.7952726499195 0 0
 491.182462429711 86.9734910920014 0 0
 493.333567084032 89.3283747586652 0 0
 495.484694374625 92.2430680429699 0 0
 497.635850258728 100.922728508411 0 0
 499.787040693579 103.81023757839 0 0
 501.938271636416 107.009490585675 0 0
 504.089549044477 -NAN 0 0
 506.240878875 -NAN 0 0
 508.392267085223 -NAN 0 0
 510.543719632384 -NAN 0 0
 512.695242473721 -NAN 0 0
 514.846841566472 -NAN 0 0
 516.998522867875 -NAN 0 0
 519.150292335168 -NAN 0 0
 521.302155925589 -NAN 0 0
 523.454119596376 -NAN 0 0
 525.606189304767 -NAN 0 0
 527.758371008 -NAN 0 0
 529.910670663313 -NAN 0 0
 532.063094227944 -NAN 0 0
 534.215647659131 -NAN 0 0
 536.368336914112 -NAN 0 0
 538.521167950125 -NAN 0 0
 540.674146724408 -NAN 0 0
 542.827279194199 -NAN 0 0
 544.980571316736 -NAN 0 0
 547.134029049257 -NAN 0 0
 549.287658349 -NAN 0 0
 551.441465173203 -NAN 0 0
 553.595455479104 -NAN 0 0
 555.749635223941 -NAN 0 0
 557.904010364952 -NAN 0 0
 560.058586859375 -NAN 0 0
 562.213370664448 -NAN 0 0
 564.368367737409 -NAN 0 0
 566.523584035496 -NAN 0 0
 568.679025515947 -NAN 0 0
 570.834698136 -NAN 0 0
 572.990607852893 -NAN 0 0
 575.146760623864 -NAN 0 0
 577.303162406151 -NAN 0 0
 579.459819156992 -NAN 0 0
 581.616736833625 -NAN 0 0
 583.773921393288 -NAN 0 0
 585.931378793219 -NAN 0 0
 588.089114990656 -NAN 0 0
 590.247135942837 -NAN 0 0
 592.405447607 -NAN 0 0
 594.564055940383 -NAN 0 0
 596.722966900224 -NAN 0 0
 598.882186443761 -NAN 0 0
 601.041720528232 -NAN 0 0
 603.201575110875 -NAN 0 0
 605.361756148928 -NAN 0 0
 607.522269599629 -NAN 0 0
 609.683121420216 -NAN 0 0
 611.844317567927 -NAN 0 0
 614.005864 -NAN 0 0
 616.167766673673 -NAN 0 0
 618.330031546184 -NAN 0 0
 620.492664574771 -NAN 0 0
 622.655671716672 -NAN 0 0
 624.819058929125 -NAN 0 0
 626.982832169368 -NAN 0 0
 629.146997394639 -NAN 0 0
 631.311560562176 -NAN 0 0
 633.476527629217 -NAN 0 0
 635.641904553 -NAN 0 0
 637.807697290763 -NAN 0 0
 639.973911799744 -NAN 0 0
 642.140554037181 -NAN 0 0
 644.307629960312 -NAN 0 0
 646.475145526375 -NAN 0 0
 648.643106692608 -NAN 0 0
 650.811519416249 -NAN 0 0
 652.980389654536 -NAN 0 0
 655.149723364707 -NAN 0 0
 657.319526504 -NAN 0 0
 659.489805029653 -NAN 0 0
 661.660564898904 -NAN 0 0
 663.831812068991 -NAN 0 0
 666.003552497152 -NAN 0 0
 668.175792140625 -NAN 0 0
 670.348536956648 -NAN 0 0
 672.521792902459 -NAN 0 0
 674.695565935296 -NAN 0 0
 676.869862012397 -NAN 0 0
 679.044687091 -NAN 0 0
 681.220047128343 -NAN 0 0
 683.395948081664 -NAN 0 0
 685.572395908201 -NAN 0 0
 687.749396565192 -NAN 0 0
 689.926956009875 -NAN 0 0
 692.105080199488 -NAN 0 0
 694.283775091269 -NAN 0 0
 696.463046642456 -NAN 0 0
 698.642900810287 -NAN 0 0
 700.823343552 -NAN 0 0
 703.004380824833 -NAN 0 0
 705.186018586024 -NAN 0 0
 707.368262792811 -NAN 0 0
 709.551119402432 -NAN 0 0
 711.734594372125 -NAN 0 0
 713.918693659128 -NAN 0 0
 716.103423220679 -NAN 0 0
 718.288789014016 -NAN 0 0
 720.474796996377 -NAN 0 0
 722.661453125 -NAN 0 0
 724.848763357123 -NAN 0 0
 727.036733649984 -NAN 0 0
 729.225369960821 -NAN 0 0
 731.414678246872 -NAN 0 0
 733.604664465375 -NAN 0 0
 735.795334573568 -NAN 0 0
[END] of [DATA]
[END] of Spectrum


[Spectrum]
Version            = 1
IDData             = 12ad_2026-06-08_14-41-00_000_170
IDDevice           = SAM_82E6
IDDataType         = SPECTRUM
IDDataTypeSub1     = CALIBRATED
IDDataTypeSub2     = 
IDDataTypeSub3     = 
DateTime           = 2026-06-08 14:41:00
PositionLatitude   = 0
PositionLongitude  = 0
Comment            = 20260608_FrameD
CommentSub1        = UV
CommentSub2        = left
CommentSub3        = 17cm
IDMethodType       = SAM Control
MethodName         = SAM_82E6
Mission            = No Mission
MissionSub         = 1
RecordType         = 0
[Attributes]
CalFactor = 1
IDBasisSpec = 
IDDataBack = DLAB_2024-11-11_10-40-48_641_639
IDDataCal = DLAB_2024-11-12_11-45-27_171_455
IntegrationTime = 128
P31 = -1
P31e = 0
PathLength = +INF
PathLengthCustomOn = 0
RAWDynamic = 65535
Salinity = 0
Temperature = -NAN
Unit1 = $01 $01 Wavelength nm
Unit2 = $03 $06 Intensity mW/(m^2 nm)
Unit3 = $f0 $06 Error mW/(m^2 nm)
Unit4 = $f1 $00 Status 
p999 = 7290
[END] of [Attributes]
[DATA]
 0 6 0 0
 185.260577530984 -NAN 0 0
 187.468128380571 -NAN 0 0
 189.674861895872 -NAN 0 0
 191.880784034125 -NAN 0 0
 194.085900752568 -NAN 0 0
 196.290218008439 -NAN 0 0
 198.493741758976 -NAN 0 0
 200.696477961417 -NAN 0 0
 202.898432573 -NAN 0 0
 205.099611550963 -NAN 0 0
 207.300020852544 -NAN 0 0
 209.499666434981 -NAN 0 0
 211.698554255512 -NAN 0 0
 213.896690271375 -NAN 0 0
 216.094080439808 -NAN 0 0
 218.290730718049 -NAN 0 0
 220.486647063336 -NAN 0 0
 222.681835432907 -NAN 0 0
 224.876301784 -NAN 0 0
 227.070052073853 -NAN 0 0
 229.263092259704 -NAN 0 0
 231.455428298791 -NAN 0 0
 233.647066148352 -NAN 0 0
 235.838011765625 -NAN 0 0
 238.028271107848 -NAN 0 0
 240.217850132259 -NAN 0 0
 242.406754796096 -NAN 0 0
 244.594991056597 -NAN 0 0
 246.782564871 -NAN 0 0
 248.969482196543 -NAN 0 0
 251.155748990464 -NAN 0 0
 253.341371210001 -NAN 0 0
 255.526354812392 -NAN 0 0
 257.710705754875 -NAN 0 0
 259.894429994688 -NAN 0 0
 262.077533489069 -NAN 0 0
 264.260022195256 -NAN 0 0
 266.441902070487 -NAN 0 0
 268.623179072 -NAN 0 0
 270.803859157033 -NAN 0 0
 272.983948282824 -NAN 0 0
 275.163452406611 -NAN 0 0
 277.342377485632 -NAN 0 0
 279.520729477125 6.13859657751762 0 0
 281.698514338328 5.72045504650219 0 0
 283.875738026479 6.78736720916635 0 0
 286.052406498816 15.8816891987777 0 0
 288.228525712577 17.8309600876 0 0
 290.404101625 23.3416574789461 0 0
 292.579140193323 36.2897488958496 0 0
 294.753647374784 42.9883932838982 0 0
 296.927629126621 49.9754564576736 0 0
 299.101091406072 62.4076414693199 0 0
 301.274040170375 68.844163990872 0 0
 303.446481376768 72.7105555938877 0 0
 305.618420982489 81.1227725832254 0 0
 307.789864944776 81.2791401943622 0 0
 309.960819220867 84.7820738945344 0 0
 312.131289768 92.1273801647367 0 0
 314.301282543413 84.9346179878208 0 0
 316.470803504344 77.009891060251 0 0
 318.639858608031 74.6528213265121 0 0
 320.808453811712 64.7573393756334 0 0
 322.976595072625 61.0410208457126 0 0
 325.144288348008 59.8275579819347 0 0
 327.311539595099 49.7940449179703 0 0
 329.478354771136 45.8826165575945 0 0
 331.644739833357 45.0632302553911 0 0
 333.810700739 36.157942091867 0 0
 335.976243445303 32.9371068087022 0 0
 338.141373909504 31.9852566723861 0 0
 340.306098088841 23.7523589678987 0 0
 342.470421940552 22.0093196961061 0 0
 344.634351421875 21.9249431526861 0 0
 346.797892490048 15.2522516994629 0 0
 348.961051102309 14.6592786189413 0 0
 351.123833215896 14.7906847040823 0 0
 353.286244788047 9.33441764573051 0 0
 355.448291776 9.71434709842064 0 0
 357.609980136993 10.3900462758567 0 0
 359.771315828264 6.33663483181107 0 0
 361.932304807051 11.6462412030705 0 0
 364.092953030592 17.3587416398429 0 0
 366.253266456125 12.8089233255761 0 0
 368.413251040888 9.44019211315987 0 0
 370.572912742119 6.75838064762189 0 0
 372.732257517056 0.820232372984836 0 0
 374.891291322937 3.72003421746947 0 0
 377.050020117 4.30849492747629 0 0
 379.208449856483 -0.609264721045151 0 0
 381.366586498624 3.01491027734171 0 0
 383.524436000661 3.3794354795324 0 0
 385.682004319832 -1.2027256231625 0 0
 387.839297413375 2.78832134527689 0 0
 389.996321238528 2.88959697015969 0 0
 392.153081752529 -1.4555603695298 0 0
 394.309584912616 2.78709186735065 0 0
 396.465836676027 2.66376591579974 0 0
 398.621843 -0.358938894955399 0 0
 400.777609841773 7.81793525738432 0 0
 402.933143158584 14.8503365660295 0 0
 405.088448907671 13.8837691071448 0 0
 407.243533046272 13.7585243030793 0 0
 409.398401531625 7.49222416142347 0 0
 411.553060320968 3.16778655769303 0 0
 413.707515371539 7.64881816139683 0 0
 415.861772640576 8.75515920013085 0 0
 418.015838085317 9.94758668778271 0 0
 420.169717663 17.8872489637865 0 0
 422.323417330863 23.4771508824642 0 0
 424.476943046144 30.7459245390089 0 0
 426.630300766081 46.3179140282542 0 0
 428.783496447912 62.7485590247452 0 0
 430.936536048875 88.4368733643713 0 0
 433.089425526208 140.769617690997 0 0
 435.242170837149 194.013976976117 0 0
 437.394777938936 236.196268028647 0 0
 439.547252788807 280.251662403726 0 0
 441.699601344 350.104764907886 0 0
 443.851829561753 440.402580733364 0 0
 446.003943399304 530.191966809846 0 0
 448.155948813891 580.593114752559 0 0
 450.307851762752 576.666639423468 0 0
 452.459658203125 523.845434813744 0 0
 454.611374092248 438.592808640298 0 0
 456.763005387359 358.239400019972 0 0
 458.914558045696 301.208577970934 0 0
 461.066038024497 257.309314596117 0 0
 463.217451281 225.779804660524 0 0
 465.368803772443 200.009830899674 0 0
 467.520101456064 167.412957935221 0 0
 469.671350289101 139.208598173571 0 0
 471.822556228792 119.512999295156 0 0
 473.973725232375 99.9617298113238 0 0
 476.124863257088 89.5145784412136 0 0
 478.275976260169 86.8292470855859 0 0
 480.427070198856 80.1476069267851 0 0
 482.578151030387 78.7613872579378 0 0
 484.729224712 81.2183735467114 0 0
 486.880297200933 77.9590998529904 0 0
 489.031374454424 80.5583830420945 0 0
 491.182462429711 86.609394317186 0 0
 493.333567084032 87.322151344598 0 0
 495.484694374625 93.0776187995949 0 0
 497.635850258728 100.565063711959 0 0
 499.787040693579 101.988139891712 0 0
 501.938271636416 108.014686780323 0 0
 504.089549044477 -NAN 0 0
 506.240878875 -NAN 0 0
 508.392267085223 -NAN 0 0
 510.543719632384 -NAN 0 0
 512.695242473721 -NAN 0 0
 514.846841566472 -NAN 0 0
 516.998522867875 -NAN 0 0
 519.150292335168 -NAN 0 0
 521.302155925589 -NAN 0 0
 523.454119596376 -NAN 0 0
 525.606189304767 -NAN 0 0
 527.758371008 -NAN 0 0
 529.910670663313 -NAN 0 0
 532.063094227944 -NAN 0 0
 534.215647659131 -NAN 0 0
 536.368336914112 -NAN 0 0
 538.521167950125 -NAN 0 0
 540.674146724408 -NAN 0 0
 542.827279194199 -NAN 0 0
 544.980571316736 -NAN 0 0
 547.134029049257 -NAN 0 0
 549.287658349 -NAN 0 0
 551.441465173203 -NAN 0 0
 553.595455479104 -NAN 0 0
 555.749635223941 -NAN 0 0
 557.904010364952 -NAN 0 0
 560.058586859375 -NAN 0 0
 562.213370664448 -NAN 0 0
 564.368367737409 -NAN 0 0
 566.523584035496 -NAN 0 0
 568.679025515947 -NAN 0 0
 570.834698136 -NAN 0 0
 572.990607852893 -NAN 0 0
 575.146760623864 -NAN 0 0
 577.303162406151 -NAN 0 0
 579.459819156992 -NAN 0 0
 581.616736833625 -NAN 0 0
 583.773921393288 -NAN 0 0
 585.931378793219 -NAN 0 0
 588.089114990656 -NAN 0 0
 590.247135942837 -NAN 0 0
 592.405447607 -NAN 0 0
 594.564055940383 -NAN 0 0
 596.722966900224 -NAN 0 0
 598.882186443761 -NAN 0 0
 601.041720528232 -NAN 0 0
 603.201575110875 -NAN 0 0
 605.361756148928 -NAN 0 0
 607.522269599629 -NAN 0 0
 609.683121420216 -NAN 0 0
 611.844317567927 -NAN 0 0
 614.005864 -NAN 0 0
 616.167766673673 -NAN 0 0
 618.330031546184 -NAN 0 0
 620.492664574771 -NAN 0 0
 622.655671716672 -NAN 0 0
 624.819058929125 -NAN 0 0
 626.982832169368 -NAN 0 0
 629.146997394639 -NAN 0 0
 631.311560562176 -NAN 0 0
 633.476527629217 -NAN 0 0
 635.641904553 -NAN 0 0
 637.807697290763 -NAN 0 0
 639.973911799744 -NAN 0 0
 642.140554037181 -NAN 0 0
 644.307629960312 -NAN 0 0
 646.475145526375 -NAN 0 0
 648.643106692608 -NAN 0 0
 650.811519416249 -NAN 0 0
 652.980389654536 -NAN 0 0
 655.149723364707 -NAN 0 0
 657.319526504 -NAN 0 0
 659.489805029653 -NAN 0 0
 661.660564898904 -NAN 0 0
 663.831812068991 -NAN 0 0
 666.003552497152 -NAN 0 0
 668.175792140625 -NAN 0 0
 670.348536956648 -NAN 0 0
 672.521792902459 -NAN 0 0
 674.695565935296 -NAN 0 0
 676.869862012397 -NAN 0 0
 679.044687091 -NAN 0 0
 681.220047128343 -NAN 0 0
 683.395948081664 -NAN 0 0
 685.572395908201 -NAN 0 0
 687.749396565192 -NAN 0 0
 689.926956009875 -NAN 0 0
 692.105080199488 -NAN 0 0
 694.283775091269 -NAN 0 0
 696.463046642456 -NAN 0 0
 698.642900810287 -NAN 0 0
 700.823343552 -NAN 0 0
 703.004380824833 -NAN 0 0
 705.186018586024 -NAN 0 0
 707.368262792811 -NAN 0 0
 709.551119402432 -NAN 0 0
 711.734594372125 -NAN 0 0
 713.918693659128 -NAN 0 0
 716.103423220679 -NAN 0 0
 718.288789014016 -NAN 0 0
 720.474796996377 -NAN 0 0
 722.661453125 -NAN 0 0
 724.848763357123 -NAN 0 0
 727.036733649984 -NAN 0 0
 729.225369960821 -NAN 0 0
 731.414678246872 -NAN 0 0
 733.604664465375 -NAN 0 0
 735.795334573568 -NAN 0 0
[END] of [DATA]
[END] of Spectrum


[Spectrum]
Version            = 1
IDData             = 12ad_2026-06-08_14-40-55_000_167
IDDevice           = SAM_82E6
IDDataType         = SPECTRUM
IDDataTypeSub1     = CALIBRATED
IDDataTypeSub2     = 
IDDataTypeSub3     = 
DateTime           = 2026-06-08 14:40:55
PositionLatitude   = 0
PositionLongitude  = 0
Comment            = 20260608_FrameD
CommentSub1        = UV
CommentSub2        = left
CommentSub3        = 17cm
IDMethodType       = SAM Control
MethodName         = SAM_82E6
Mission            = No Mission
MissionSub         = 1
RecordType         = 0
[Attributes]
CalFactor = 1
IDBasisSpec = 
IDDataBack = DLAB_2024-11-11_10-40-48_641_639
IDDataCal = DLAB_2024-11-12_11-45-27_171_455
IntegrationTime = 128
P31 = -1
P31e = 0
PathLength = +INF
PathLengthCustomOn = 0
RAWDynamic = 65535
Salinity = 0
Temperature = -NAN
Unit1 = $01 $01 Wavelength nm
Unit2 = $03 $06 Intensity mW/(m^2 nm)
Unit3 = $f0 $06 Error mW/(m^2 nm)
Unit4 = $f1 $00 Status 
p999 = 7289
[END] of [Attributes]
[DATA]
 0 6 0 0
 185.260577530984 -NAN 0 0
 187.468128380571 -NAN 0 0
 189.674861895872 -NAN 0 0
 191.880784034125 -NAN 0 0
 194.085900752568 -NAN 0 0
 196.290218008439 -NAN 0 0
 198.493741758976 -NAN 0 0
 200.696477961417 -NAN 0 0
 202.898432573 -NAN 0 0
 205.099611550963 -NAN 0 0
 207.300020852544 -NAN 0 0
 209.499666434981 -NAN 0 0
 211.698554255512 -NAN 0 0
 213.896690271375 -NAN 0 0
 216.094080439808 -NAN 0 0
 218.290730718049 -NAN 0 0
 220.486647063336 -NAN 0 0
 222.681835432907 -NAN 0 0
 224.876301784 -NAN 0 0
 227.070052073853 -NAN 0 0
 229.263092259704 -NAN 0 0
 231.455428298791 -NAN 0 0
 233.647066148352 -NAN 0 0
 235.838011765625 -NAN 0 0
 238.028271107848 -NAN 0 0
 240.217850132259 -NAN 0 0
 242.406754796096 -NAN 0 0
 244.594991056597 -NAN 0 0
 246.782564871 -NAN 0 0
 248.969482196543 -NAN 0 0
 251.155748990464 -NAN 0 0
 253.341371210001 -NAN 0 0
 255.526354812392 -NAN 0 0
 257.710705754875 -NAN 0 0
 259.894429994688 -NAN 0 0
 262.077533489069 -NAN 0 0
 264.260022195256 -NAN 0 0
 266.441902070487 -NAN 0 0
 268.623179072 -NAN 0 0
 270.803859157033 -NAN 0 0
 272.983948282824 -NAN 0 0
 275.163452406611 -NAN 0 0
 277.342377485632 -NAN 0 0
 279.520729477125 1.42381586805303 0 0
 281.698514338328 6.23035697680773 0 0
 283.875738026479 10.7696081896071 0 0
 286.052406498816 10.0712936526631 0 0
 288.228525712577 18.7765424422571 0 0
 290.404101625 27.0234672055893 0 0
 292.579140193323 30.1919754476819 0 0
 294.753647374784 43.8917643200267 0 0
 296.927629126621 52.6645688943098 0 0
 299.101091406072 57.0162824413626 0 0
 301.274040170375 69.7979728865977 0 0
 303.446481376768 74.5716438905295 0 0
 305.618420982489 76.2769013576509 0 0
 307.789864944776 82.4848617119099 0 0
 309.960819220867 86.4096110630251 0 0
 312.131289768 86.9152156272509 0 0
 314.301282543413 86.8741728797954 0 0
 316.470803504344 78.8278686666073 0 0
 318.639858608031 69.0182196036093 0 0
 320.808453811712 67.5526564427291 0 0
 322.976595072625 63.0069192517946 0 0
 325.144288348008 53.9199517615209 0 0
 327.311539595099 53.3739994665198 0 0
 329.478354771136 47.6407686232329 0 0
 331.644739833357 39.5381419476539 0 0
 333.810700739 40.5719461747405 0 0
 335.976243445303 34.3413445891675 0 0
 338.141373909504 26.9209704963696 0 0
 340.306098088841 28.1906838817187 0 0
 342.470421940552 22.8971260990382 0 0
 344.634351421875 17.7523992468853 0 0
 346.797892490048 19.5067513679883 0 0
 348.961051102309 14.9437872028973 0 0
 351.123833215896 11.4190099834449 0 0
 353.286244788047 13.6066832090086 0 0
 355.448291776 9.76597924446964 0 0
 357.609980136993 7.22254898716697 0 0
 359.771315828264 10.7057282534719 0 0
 361.932304807051 11.2245904759124 0 0
 364.092953030592 14.3239417360007 0 0
 366.253266456125 17.636695129593 0 0
 368.413251040888 8.58188344877629 0 0
 370.572912742119 3.60834996640302 0 0
 372.732257517056 6.42440184041112 0 0
 374.891291322937 2.28414304595211 0 0
 377.050020117 1.14682988320712 0 0
 379.208449856483 5.2264143714579 0 0
 381.366586498624 0.895011796797266 0 0
 383.524436000661 0.480122239182747 0 0
 385.682004319832 4.67729457177284 0 0
 387.839297413375 0.484493343615145 0 0
 389.996321238528 0.150531306141891 0 0
 392.153081752529 4.33083719170659 0 0
 394.309584912616 0.0298183206026563 0 0
 396.465836676027 0.311668060643422 0 0
 398.621843 4.88742304678361 0 0
 400.777609841773 4.72013832092374 0 0
 402.933143158584 12.8124916649534 0 0
 405.088448907671 18.5199374418939 0 0
 407.243533046272 10.3513286741928 0 0
 409.398401531625 6.08285171093305 0 0
 411.553060320968 7.17152657621932 0 0
 413.707515371539 4.35868375570985 0 0
 415.861772640576 7.88560096814851 0 0
 418.015838085317 13.3565740532207 0 0
 420.169717663 14.697258629601 0 0
 422.323417330863 22.8783679327606 0 0
 424.476943046144 33.6964436774524 0 0
 426.630300766081 43.3761646391239 0 0
 428.783496447912 62.5614200181525 0 0
 430.936536048875 90.9682593119925 0 0
 433.089425526208 137.544137150234 0 0
 435.242170837149 193.692692507733 0 0
 437.394777938936 238.191328659229 0 0
 439.547252788807 276.810991522941 0 0
 441.699601344 350.366144903935 0 0
 443.851829561753 442.853432752896 0 0
 446.003943399304 526.952809446129 0 0
 448.155948813891 581.409112899787 0 0
 450.307851762752 579.014961414905 0 0
 452.459658203125 519.904912945525 0 0
 454.611374092248 439.768188448156 0 0
 456.763005387359 360.447684380324 0 0
 458.914558045696 297.088705842754 0 0
 461.066038024497 258.95379913492 0 0
 463.217451281 228.147914105849 0 0
 465.368803772443 195.633548243582 0 0
 467.520101456064 169.469318535502 0 0
 469.671350289101 141.384421148314 0 0
 471.822556228792 115.217208207014 0 0
 473.973725232375 102.412763142107 0 0
 476.124863257088 91.7399063466854 0 0
 478.275976260169 82.742084473685 0 0
 480.427070198856 83.288678387734 0 0
 482.578151030387 80.6432117568508 0 0
 484.729224712 77.1078431323234 0 0
 486.880297200933 81.2343729643131 0 0
 489.031374454424 82.1025067095453 0 0
 491.182462429711 82.9036486152311 0 0
 493.333567084032 90.9627454422671 0 0
 495.484694374625 94.2862785160864 0 0
 497.635850258728 97.043272311316 0 0
 499.787040693579 105.738877969897 0 0
 501.938271636416 108.802485082767 0 0
 504.089549044477 -NAN 0 0
 506.240878875 -NAN 0 0
 508.392267085223 -NAN 0 0
 510.543719632384 -NAN 0 0
 512.695242473721 -NAN 0 0
 514.846841566472 -NAN 0 0
 516.998522867875 -NAN 0 0
 519.150292335168 -NAN 0 0
 521.302155925589 -NAN 0 0
 523.454119596376 -NAN 0 0
 525.606189304767 -NAN 0 0
 527.758371008 -NAN 0 0
 529.910670663313 -NAN 0 0
 532.063094227944 -NAN 0 0
 534.215647659131 -NAN 0 0
 536.368336914112 -NAN 0 0
 538.521167950125 -NAN 0 0
 540.674146724408 -NAN 0 0
 542.827279194199 -NAN 0 0
 544.980571316736 -NAN 0 0
 547.134029049257 -NAN 0 0
 549.287658349 -NAN 0 0
 551.441465173203 -NAN 0 0
 553.595455479104 -NAN 0 0
 555.749635223941 -NAN 0 0
 557.904010364952 -NAN 0 0
 560.058586859375 -NAN 0 0
 562.213370664448 -NAN 0 0
 564.368367737409 -NAN 0 0
 566.523584035496 -NAN 0 0
 568.679025515947 -NAN 0 0
 570.834698136 -NAN 0 0
 572.990607852893 -NAN 0 0
 575.146760623864 -NAN 0 0
 577.303162406151 -NAN 0 0
 579.459819156992 -NAN 0 0
 581.616736833625 -NAN 0 0
 583.773921393288 -NAN 0 0
 585.931378793219 -NAN 0 0
 588.089114990656 -NAN 0 0
 590.247135942837 -NAN 0 0
 592.405447607 -NAN 0 0
 594.564055940383 -NAN 0 0
 596.722966900224 -NAN 0 0
 598.882186443761 -NAN 0 0
 601.041720528232 -NAN 0 0
 603.201575110875 -NAN 0 0
 605.361756148928 -NAN 0 0
 607.522269599629 -NAN 0 0
 609.683121420216 -NAN 0 0
 611.844317567927 -NAN 0 0
 614.005864 -NAN 0 0
 616.167766673673 -NAN 0 0
 618.330031546184 -NAN 0 0
 620.492664574771 -NAN 0 0
 622.655671716672 -NAN 0 0
 624.819058929125 -NAN 0 0
 626.982832169368 -NAN 0 0
 629.146997394639 -NAN 0 0
 631.311560562176 -NAN 0 0
 633.476527629217 -NAN 0 0
 635.641904553 -NAN 0 0
 637.807697290763 -NAN 0 0
 639.973911799744 -NAN 0 0
 642.140554037181 -NAN 0 0
 644.307629960312 -NAN 0 0
 646.475145526375 -NAN 0 0
 648.643106692608 -NAN 0 0
 650.811519416249 -NAN 0 0
 652.980389654536 -NAN 0 0
 655.149723364707 -NAN 0 0
 657.319526504 -NAN 0 0
 659.489805029653 -NAN 0 0
 661.660564898904 -NAN 0 0
 663.831812068991 -NAN 0 0
 666.003552497152 -NAN 0 0
 668.175792140625 -NAN 0 0
 670.348536956648 -NAN 0 0
 672.521792902459 -NAN 0 0
 674.695565935296 -NAN 0 0
 676.869862012397 -NAN 0 0
 679.044687091 -NAN 0 0
 681.220047128343 -NAN 0 0
 683.395948081664 -NAN 0 0
 685.572395908201 -NAN 0 0
 687.749396565192 -NAN 0 0
 689.926956009875 -NAN 0 0
 692.105080199488 -NAN 0 0
 694.283775091269 -NAN 0 0
 696.463046642456 -NAN 0 0
 698.642900810287 -NAN 0 0
 700.823343552 -NAN 0 0
 703.004380824833 -NAN 0 0
 705.186018586024 -NAN 0 0
 707.368262792811 -NAN 0 0
 709.551119402432 -NAN 0 0
 711.734594372125 -NAN 0 0
 713.918693659128 -NAN 0 0
 716.103423220679 -NAN 0 0
 718.288789014016 -NAN 0 0
 720.474796996377 -NAN 0 0
 722.661453125 -NAN 0 0
 724.848763357123 -NAN 0 0
 727.036733649984 -NAN 0 0
 729.225369960821 -NAN 0 0
 731.414678246872 -NAN 0 0
 733.604664465375 -NAN 0 0
 735.795334573568 -NAN 0 0
[END] of [DATA]
[END] of Spectrum


[Spectrum]
Version            = 1
IDData             = 12ad_2026-06-08_14-40-50_000_164
IDDevice           = SAM_82E6
IDDataType         = SPECTRUM
IDDataTypeSub1     = CALIBRATED
IDDataTypeSub2     = 
IDDataTypeSub3     = 
DateTime           = 2026-06-08 14:40:50
PositionLatitude   = 0
PositionLongitude  = 0
Comment            = 20260608_FrameD
CommentSub1        = UV
CommentSub2        = left
CommentSub3        = 17cm
IDMethodType       = SAM Control
MethodName         = SAM_82E6
Mission            = No Mission
MissionSub         = 1
RecordType         = 0
[Attributes]
CalFactor = 1
IDBasisSpec = 
IDDataBack = DLAB_2024-11-11_10-40-48_641_639
IDDataCal = DLAB_2024-11-12_11-45-27_171_455
IntegrationTime = 128
P31 = -1
P31e = 0
PathLength = +INF
PathLengthCustomOn = 0
RAWDynamic = 65535
Salinity = 0
Temperature = -NAN
Unit1 = $01 $01 Wavelength nm
Unit2 = $03 $06 Intensity mW/(m^2 nm)
Unit3 = $f0 $06 Error mW/(m^2 nm)
Unit4 = $f1 $00 Status 
p999 = 7288
[END] of [Attributes]
[DATA]
 0 6 0 0
 185.260577530984 -NAN 0 0
 187.468128380571 -NAN 0 0
 189.674861895872 -NAN 0 0
 191.880784034125 -NAN 0 0
 194.085900752568 -NAN 0 0
 196.290218008439 -NAN 0 0
 198.493741758976 -NAN 0 0
 200.696477961417 -NAN 0 0
 202.898432573 -NAN 0 0
 205.099611550963 -NAN 0 0
 207.300020852544 -NAN 0 0
 209.499666434981 -NAN 0 0
 211.698554255512 -NAN 0 0
 213.896690271375 -NAN 0 0
 216.094080439808 -NAN 0 0
 218.290730718049 -NAN 0 0
 220.486647063336 -NAN 0 0
 222.681835432907 -NAN 0 0
 224.876301784 -NAN 0 0
 227.070052073853 -NAN 0 0
 229.263092259704 -NAN 0 0
 231.455428298791 -NAN 0 0
 233.647066148352 -NAN 0 0
 235.838011765625 -NAN 0 0
 238.028271107848 -NAN 0 0
 240.217850132259 -NAN 0 0
 242.406754796096 -NAN 0 0
 244.594991056597 -NAN 0 0
 246.782564871 -NAN 0 0
 248.969482196543 -NAN 0 0
 251.155748990464 -NAN 0 0
 253.341371210001 -NAN 0 0
 255.526354812392 -NAN 0 0
 257.710705754875 -NAN 0 0
 259.894429994688 -NAN 0 0
 262.077533489069 -NAN 0 0
 264.260022195256 -NAN 0 0
 266.441902070487 -NAN 0 0
 268.623179072 -NAN 0 0
 270.803859157033 -NAN 0 0
 272.983948282824 -NAN 0 0
 275.163452406611 -NAN 0 0
 277.342377485632 -NAN 0 0
 279.520729477125 1.55332912578793 0 0
 281.698514338328 5.28376980362513 0 0
 283.875738026479 10.8147967397398 0 0
 286.052406498816 10.0916198739639 0 0
 288.228525712577 17.5329583758293 0 0
 290.404101625 27.0438247633196 0 0
 292.579140193323 29.8057549380198 0 0
 294.753647374784 42.5312327898575 0 0
 296.927629126621 52.3166856045845 0 0
 299.101091406072 56.3465335965987 0 0
 301.274040170375 68.3312886479149 0 0
 303.446481376768 73.9578342527873 0 0
 305.618420982489 75.0917814973351 0 0
 307.789864944776 80.9798476190844 0 0
 309.960819220867 85.6466354714219 0 0
 312.131289768 85.4928978432738 0 0
 314.301282543413 85.362529378856 0 0
 316.470803504344 78.2072150214265 0 0
 318.639858608031 67.8552789740422 0 0
 320.808453811712 66.1337002553367 0 0
 322.976595072625 62.444430437465 0 0
 325.144288348008 53.0826077713351 0 0
 327.311539595099 52.2598448977657 0 0
 329.478354771136 47.3135321981564 0 0
 331.644739833357 38.4929349955471 0 0
 333.810700739 39.1805431439219 0 0
 335.976243445303 34.3616958613482 0 0
 338.141373909504 26.2580911078283 0 0
 340.306098088841 27.2568711781383 0 0
 342.470421940552 23.2454395255572 0 0
 344.634351421875 17.1588366418407 0 0
 346.797892490048 18.6539186689596 0 0
 348.961051102309 15.355515072362 0 0
 351.123833215896 10.8503477131648 0 0
 353.286244788047 13.0331222885685 0 0
 355.448291776 10.26508998961 0 0
 357.609980136993 6.75566973839457 0 0
 359.771315828264 10.3335701235126 0 0
 361.932304807051 11.6352607153841 0 0
 364.092953030592 13.7707230035294 0 0
 366.253266456125 17.2326290811678 0 0
 368.413251040888 9.14439082204463 0 0
 370.572912742119 2.94769759865137 0 0
 372.732257517056 6.13740992168817 0 0
 374.891291322937 2.69017219744859 0 0
 377.050020117 0.52056638839988 0 0
 379.208449856483 5.14524665266529 0 0
 381.366586498624 1.55076706011235 0 0
 383.524436000661 -0.165117079993107 0 0
 385.682004319832 4.69720755743542 0 0
 387.839297413375 0.96339485933573 0 0
 389.996321238528 -0.386044634193901 0 0
 392.153081752529 4.32528669044881 0 0
 394.309584912616 0.392545701134292 0 0
 396.465836676027 -0.0320174707036205 0 0
 398.621843 4.9776487959081 0 0
 400.777609841773 4.99584484927372 0 0
 402.933143158584 12.1686948927229 0 0
 405.088448907671 18.5150236439769 0 0
 407.243533046272 10.6887218257283 0 0
 409.398401531625 5.41826957980749 0 0
 411.553060320968 7.34579404810008 0 0
 413.707515371539 4.77445831632535 0 0
 415.861772640576 7.22016438686625 0 0
 418.015838085317 13.4588043548371 0 0
 420.169717663 15.1702702449903 0 0
 422.323417330863 22.2978963882467 0 0
 424.476943046144 33.8686460579753 0 0
 426.630300766081 43.5591607865698 0 0
 428.783496447912 61.8904170936129 0 0
 430.936536048875 91.1132866319083 0 0
 433.089425526208 137.482606898955 0 0
 435.242170837149 192.639327011886 0 0
 437.394777938936 237.814057578446 0 0
 439.547252788807 276.822314840367 0 0
 441.699601344 349.756258246487 0 0
 443.851829561753 443.000751726748 0 0
 446.003943399304 526.964787312767 0 0
 448.155948813891 580.773862729257 0 0
 450.307851762752 579.336006971338 0 0
 452.459658203125 519.917881282656 0 0
 454.611374092248 439.045462999959 0 0
 456.763005387359 360.865520678392 0 0
 458.914558045696 297.174536512091 0 0
 461.066038024497 258.289484438947 0 0
 463.217451281 228.405497940253 0 0
 465.368803772443 195.610326290269 0 0
 467.520101456064 168.597507322674 0 0
 469.671350289101 141.594425952841 0 0
 471.822556228792 114.937380594148 0 0
 473.973725232375 101.595752031846 0 0
 476.124863257088 91.8351193814469 0 0
 478.275976260169 82.5176127913565 0 0
 480.427070198856 82.3419015289374 0 0
 482.578151030387 80.8999256564653 0 0
 484.729224712 76.7010369684198 0 0
 486.880297200933 80.484908147173 0 0
 489.031374454424 82.6015495759823 0 0
 491.182462429711 82.4770076091592 0 0
 493.333567084032 90.1767333832597 0 0
 495.484694374625 94.8994630242698 0 0
 497.635850258728 96.5254263483554 0 0
 499.787040693579 105.049611899877 0 0
 501.938271636416 109.263110319715 0 0
 504.089549044477 -NAN 0 0
 506.240878875 -NAN 0 0
 508.392267085223 -NAN 0 0
 510.543719632384 -NAN 0 0
 512.695242473721 -NAN 0 0
 514.846841566472 -NAN 0 0
 516.998522867875 -NAN 0 0
 519.150292335168 -NAN 0 0
 521.302155925589 -NAN 0 0
 523.454119596376 -NAN 0 0
 525.606189304767 -NAN 0 0
 527.758371008 -NAN 0 0
 529.910670663313 -NAN 0 0
 532.063094227944 -NAN 0 0
 534.215647659131 -NAN 0 0
 536.368336914112 -NAN 0 0
 538.521167950125 -NAN 0 0
 540.674146724408 -NAN 0 0
 542.827279194199 -NAN 0 0
 544.980571316736 -NAN 0 0
 547.134029049257 -NAN 0 0
 549.287658349 -NAN 0 0
 551.441465173203 -NAN 0 0
 553.595455479104 -NAN 0 0
 555.749635223941 -NAN 0 0
 557.904010364952 -NAN 0 0
 560.058586859375 -NAN 0 0
 562.213370664448 -NAN 0 0
 564.368367737409 -NAN 0 0
 566.523584035496 -NAN 0 0
 568.679025515947 -NAN 0 0
 570.834698136 -NAN 0 0
 572.990607852893 -NAN 0 0
 575.146760623864 -NAN 0 0
 577.303162406151 -NAN 0 0
 579.459819156992 -NAN 0 0
 581.616736833625 -NAN 0 0
 583.773921393288 -NAN 0 0
 585.931378793219 -NAN 0 0
 588.089114990656 -NAN 0 0
 590.247135942837 -NAN 0 0
 592.405447607 -NAN 0 0
 594.564055940383 -NAN 0 0
 596.722966900224 -NAN 0 0
 598.882186443761 -NAN 0 0
 601.041720528232 -NAN 0 0
 603.201575110875 -NAN 0 0
 605.361756148928 -NAN 0 0
 607.522269599629 -NAN 0 0
 609.683121420216 -NAN 0 0
 611.844317567927 -NAN 0 0
 614.005864 -NAN 0 0
 616.167766673673 -NAN 0 0
 618.330031546184 -NAN 0 0
 620.492664574771 -NAN 0 0
 622.655671716672 -NAN 0 0
 624.819058929125 -NAN 0 0
 626.982832169368 -NAN 0 0
 629.146997394639 -NAN 0 0
 631.311560562176 -NAN 0 0
 633.476527629217 -NAN 0 0
 635.641904553 -NAN 0 0
 637.807697290763 -NAN 0 0
 639.973911799744 -NAN 0 0
 642.140554037181 -NAN 0 0
 644.307629960312 -NAN 0 0
 646.475145526375 -NAN 0 0
 648.643106692608 -NAN 0 0
 650.811519416249 -NAN 0 0
 652.980389654536 -NAN 0 0
 655.149723364707 -NAN 0 0
 657.319526504 -NAN 0 0
 659.489805029653 -NAN 0 0
 661.660564898904 -NAN 0 0
 663.831812068991 -NAN 0 0
 666.003552497152 -NAN 0 0
 668.175792140625 -NAN 0 0
 670.348536956648 -NAN 0 0
 672.521792902459 -NAN 0 0
 674.695565935296 -NAN 0 0
 676.869862012397 -NAN 0 0
 679.044687091 -NAN 0 0
 681.220047128343 -NAN 0 0
 683.395948081664 -NAN 0 0
 685.572395908201 -NAN 0 0
 687.749396565192 -NAN 0 0
 689.926956009875 -NAN 0 0
 692.105080199488 -NAN 0 0
 694.283775091269 -NAN 0 0
 696.463046642456 -NAN 0 0
 698.642900810287 -NAN 0 0
 700.823343552 -NAN 0 0
 703.004380824833 -NAN 0 0
 705.186018586024 -NAN 0 0
 707.368262792811 -NAN 0 0
 709.551119402432 -NAN 0 0
 711.734594372125 -NAN 0 0
 713.918693659128 -NAN 0 0
 716.103423220679 -NAN 0 0
 718.288789014016 -NAN 0 0
 720.474796996377 -NAN 0 0
 722.661453125 -NAN 0 0
 724.848763357123 -NAN 0 0
 727.036733649984 -NAN 0 0
 729.225369960821 -NAN 0 0
 731.414678246872 -NAN 0 0
 733.604664465375 -NAN 0 0
 735.795334573568 -NAN 0 0
[END] of [DATA]
[END] of Spectrum


[Spectrum]
Version            = 1
IDData             = 12ad_2026-06-08_14-40-45_000_161
IDDevice           = SAM_82E6
IDDataType         = SPECTRUM
IDDataTypeSub1     = CALIBRATED
IDDataTypeSub2     = 
IDDataTypeSub3     = 
DateTime           = 2026-06-08 14:40:45
PositionLatitude   = 0
PositionLongitude  = 0
Comment            = 20260608_FrameD
CommentSub1        = UV
CommentSub2        = left
CommentSub3        = 17cm
IDMethodType       = SAM Control
MethodName         = SAM_82E6
Mission            = No Mission
MissionSub         = 1
RecordType         = 0
[Attributes]
CalFactor = 1
IDBasisSpec = 
IDDataBack = DLAB_2024-11-11_10-40-48_641_639
IDDataCal = DLAB_2024-11-12_11-45-27_171_455
IntegrationTime = 128
P31 = -1
P31e = 0
PathLength = +INF
PathLengthCustomOn = 0
RAWDynamic = 65535
Salinity = 0
Temperature = -NAN
Unit1 = $01 $01 Wavelength nm
Unit2 = $03 $06 Intensity mW/(m^2 nm)
Unit3 = $f0 $06 Error mW/(m^2 nm)
Unit4 = $f1 $00 Status 
p999 = 7287
[END] of [Attributes]
[DATA]
 0 6 0 0
 185.260577530984 -NAN 0 0
 187.468128380571 -NAN 0 0
 189.674861895872 -NAN 0 0
 191.880784034125 -NAN 0 0
 194.085900752568 -NAN 0 0
 196.290218008439 -NAN 0 0
 198.493741758976 -NAN 0 0
 200.696477961417 -NAN 0 0
 202.898432573 -NAN 0 0
 205.099611550963 -NAN 0 0
 207.300020852544 -NAN 0 0
 209.499666434981 -NAN 0 0
 211.698554255512 -NAN 0 0
 213.896690271375 -NAN 0 0
 216.094080439808 -NAN 0 0
 218.290730718049 -NAN 0 0
 220.486647063336 -NAN 0 0
 222.681835432907 -NAN 0 0
 224.876301784 -NAN 0 0
 227.070052073853 -NAN 0 0
 229.263092259704 -NAN 0 0
 231.455428298791 -NAN 0 0
 233.647066148352 -NAN 0 0
 235.838011765625 -NAN 0 0
 238.028271107848 -NAN 0 0
 240.217850132259 -NAN 0 0
 242.406754796096 -NAN 0 0
 244.594991056597 -NAN 0 0
 246.782564871 -NAN 0 0
 248.969482196543 -NAN 0 0
 251.155748990464 -NAN 0 0
 253.341371210001 -NAN 0 0
 255.526354812392 -NAN 0 0
 257.710705754875 -NAN 0 0
 259.894429994688 -NAN 0 0
 262.077533489069 -NAN 0 0
 264.260022195256 -NAN 0 0
 266.441902070487 -NAN 0 0
 268.623179072 -NAN 0 0
 270.803859157033 -NAN 0 0
 272.983948282824 -NAN 0 0
 275.163452406611 -NAN 0 0
 277.342377485632 -NAN 0 0
 279.520729477125 5.49850220755862 0 0
 281.698514338328 6.64873804782766 0 0
 283.875738026479 6.2140374793582 0 0
 286.052406498816 14.9524905107434 0 0
 288.228525712577 18.3581938853482 0 0
 290.404101625 22.1754602432557 0 0
 292.579140193323 34.9055571422434 0 0
 294.753647374784 42.8268814925904 0 0
 296.927629126621 48.1801755391638 0 0
 299.101091406072 60.2291701379525 0 0
 301.274040170375 67.6629262100342 0 0
 303.446481376768 70.2422107873089 0 0
 305.618420982489 78.6729513111751 0 0
 307.789864944776 79.8254334001557 0 0
 309.960819220867 82.0868031785878 0 0
 312.131289768 89.3412576701739 0 0
 314.301282543413 83.6043717069941 0 0
 316.470803504344 74.5126153697992 0 0
 318.639858608031 72.7180174472323 0 0
 320.808453811712 64.0252325247274 0 0
 322.976595072625 58.7488789273195 0 0
 325.144288348008 58.513794135264 0 0
 327.311539595099 49.9377122176254 0 0
 329.478354771136 43.8329265859787 0 0
 331.644739833357 44.3555688912168 0 0
 333.810700739 36.3562910345582 0 0
 335.976243445303 31.5357763528341 0 0
 338.141373909504 31.8700954226819 0 0
 340.306098088841 24.3984270593294 0 0
 342.470421940552 20.8412912131925 0 0
 344.634351421875 21.9576393978792 0 0
 346.797892490048 15.892480212898 0 0
 348.961051102309 13.5235573610358 0 0
 351.123833215896 15.0011345206427 0 0
 353.286244788047 10.0497331662794 0 0
 355.448291776 8.81293588198173 0 0
 357.609980136993 10.6299108440334 0 0
 359.771315828264 7.19711605715048 0 0
 361.932304807051 10.4888978009229 0 0
 364.092953030592 17.6116416318298 0 0
 366.253266456125 13.3437853203123 0 0
 368.413251040888 8.42428440023128 0 0
 370.572912742119 7.31101760923924 0 0
 372.732257517056 1.69947125125423 0 0
 374.891291322937 2.32716600240207 0 0
 377.050020117 4.94027616232589 0 0
 379.208449856483 0.485100039227602 0 0
 381.366586498624 1.67796096894501 0 0
 383.524436000661 4.20943495618151 0 0
 385.682004319832 -0.628093751185268 0 0
 387.839297413375 1.49897111064455 0 0
 389.996321238528 3.70991202030655 0 0
 392.153081752529 -0.845005231173922 0 0
 394.309584912616 1.52163694579667 0 0
 396.465836676027 3.56862547879938 0 0
 398.621843 -0.205024381743025 0 0
 400.777609841773 6.51743276516745 0 0
 402.933143158584 15.1798388510294 0 0
 405.088448907671 13.5840274342039 0 0
 407.243533046272 12.3780635915151 0 0
 409.398401531625 8.18201458028138 0 0
 411.553060320968 3.19646348344556 0 0
 413.707515371539 6.75999397314225 0 0
 415.861772640576 9.59001675149418 0 0
 418.015838085317 9.77851349664795 0 0
 420.169717663 17.1966520053181 0 0
 422.323417330863 24.2755281487357 0 0
 424.476943046144 30.7530256681026 0 0
 426.630300766081 45.6877857846905 0 0
 428.783496447912 63.4532806892114 0 0
 430.936536048875 88.2061480826871 0 0
 433.089425526208 139.33337208876 0 0
 435.242170837149 193.358620597821 0 0
 437.394777938936 234.663204611397 0 0
 439.547252788807 279.108007343681 0 0
 441.699601344 350.747529552259 0 0
 443.851829561753 440.288743344478 0 0
 446.003943399304 530.01400993408 0 0
 448.155948813891 581.721473480876 0 0
 450.307851762752 576.397899041959 0 0
 452.459658203125 523.419332308012 0 0
 454.611374092248 439.695915903337 0 0
 456.763005387359 357.983621725361 0 0
 458.914558045696 300.875235603974 0 0
 461.066038024497 258.527904130446 0 0
 463.217451281 225.432897399673 0 0
 465.368803772443 199.847277226486 0 0
 467.520101456064 168.674620845185 0 0
 469.671350289101 138.905498455697 0 0
 471.822556228792 119.36434087582 0 0
 473.973725232375 101.21917817779 0 0
 476.124863257088 89.3640089908931 0 0
 478.275976260169 87.0381613245847 0 0
 480.427070198856 81.5800246213881 0 0
 482.578151030387 78.4689566418553 0 0
 484.729224712 81.2474311298473 0 0
 486.880297200933 79.4580294872706 0 0
 489.031374454424 80.2249418443406 0 0
 491.182462429711 87.2616413002908 0 0
 493.333567084032 88.713815755022 0 0
 495.484694374625 92.6282453152584 0 0
 497.635850258728 101.107046563024 0 0
 499.787040693579 103.268826690582 0 0
 501.938271636416 107.325901379279 0 0
 504.089549044477 -NAN 0 0
 506.240878875 -NAN 0 0
 508.392267085223 -NAN 0 0
 510.543719632384 -NAN 0 0
 512.695242473721 -NAN 0 0
 514.846841566472 -NAN 0 0
 516.998522867875 -NAN 0 0
 519.150292335168 -NAN 0 0
 521.302155925589 -NAN 0 0
 523.454119596376 -NAN 0 0
 525.606189304767 -NAN 0 0
 527.758371008 -NAN 0 0
 529.910670663313 -NAN 0 0
 532.063094227944 -NAN 0 0
 534.215647659131 -NAN 0 0
 536.368336914112 -NAN 0 0
 538.521167950125 -NAN 0 0
 540.674146724408 -NAN 0 0
 542.827279194199 -NAN 0 0
 544.980571316736 -NAN 0 0
 547.134029049257 -NAN 0 0
 549.287658349 -NAN 0 0
 551.441465173203 -NAN 0 0
 553.595455479104 -NAN 0 0
 555.749635223941 -NAN 0 0
 557.904010364952 -NAN 0 0
 560.058586859375 -NAN 0 0
 562.213370664448 -NAN 0 0
 564.368367737409 -NAN 0 0
 566.523584035496 -NAN 0 0
 568.679025515947 -NAN 0 0
 570.834698136 -NAN 0 0
 572.990607852893 -NAN 0 0
 575.146760623864 -NAN 0 0
 577.303162406151 -NAN 0 0
 579.459819156992 -NAN 0 0
 581.616736833625 -NAN 0 0
 583.773921393288 -NAN 0 0
 585.931378793219 -NAN 0 0
 588.089114990656 -NAN 0 0
 590.247135942837 -NAN 0 0
 592.405447607 -NAN 0 0
 594.564055940383 -NAN 0 0
 596.722966900224 -NAN 0 0
 598.882186443761 -NAN 0 0
 601.041720528232 -NAN 0 0
 603.201575110875 -NAN 0 0
 605.361756148928 -NAN 0 0
 607.522269599629 -NAN 0 0
 609.683121420216 -NAN 0 0
 611.844317567927 -NAN 0 0
 614.005864 -NAN 0 0
 616.167766673673 -NAN 0 0
 618.330031546184 -NAN 0 0
 620.492664574771 -NAN 0 0
 622.655671716672 -NAN 0 0
 624.819058929125 -NAN 0 0
 626.982832169368 -NAN 0 0
 629.146997394639 -NAN 0 0
 631.311560562176 -NAN 0 0
 633.476527629217 -NAN 0 0
 635.641904553 -NAN 0 0
 637.807697290763 -NAN 0 0
 639.973911799744 -NAN 0 0
 642.140554037181 -NAN 0 0
 644.307629960312 -NAN 0 0
 646.475145526375 -NAN 0 0
 648.643106692608 -NAN 0 0
 650.811519416249 -NAN 0 0
 652.980389654536 -NAN 0 0
 655.149723364707 -NAN 0 0
 657.319526504 -NAN 0 0
 659.489805029653 -NAN 0 0
 661.660564898904 -NAN 0 0
 663.831812068991 -NAN 0 0
 666.003552497152 -NAN 0 0
 668.175792140625 -NAN 0 0
 670.348536956648 -NAN 0 0
 672.521792902459 -NAN 0 0
 674.695565935296 -NAN 0 0
 676.869862012397 -NAN 0 0
 679.044687091 -NAN 0 0
 681.220047128343 -NAN 0 0
 683.395948081664 -NAN 0 0
 685.572395908201 -NAN 0 0
 687.749396565192 -NAN 0 0
 689.926956009875 -NAN 0 0
 692.105080199488 -NAN 0 0
 694.283775091269 -NAN 0 0
 696.463046642456 -NAN 0 0
 698.642900810287 -NAN 0 0
 700.823343552 -NAN 0 0
 703.004380824833 -NAN 0 0
 705.186018586024 -NAN 0 0
 707.368262792811 -NAN 0 0
 709.551119402432 -NAN 0 0
 711.734594372125 -NAN 0 0
 713.918693659128 -NAN 0 0
 716.103423220679 -NAN 0 0
 718.288789014016 -NAN 0 0
 720.474796996377 -NAN 0 0
 722.661453125 -NAN 0 0
 724.848763357123 -NAN 0 0
 727.036733649984 -NAN 0 0
 729.225369960821 -NAN 0 0
 731.414678246872 -NAN 0 0
 733.604664465375 -NAN 0 0
 735.795334573568 -NAN 0 0
[END] of [DATA]
[END] of Spectrum


[Spectrum]
Version            = 1
IDData             = 12ad_2026-06-08_14-40-40_000_158
IDDevice           = SAM_82E6
IDDataType         = SPECTRUM
IDDataTypeSub1     = CALIBRATED
IDDataTypeSub2     = 
IDDataTypeSub3     = 
DateTime           = 2026-06-08 14:40:40
PositionLatitude   = 0
PositionLongitude  = 0
Comment            = 20260608_FrameD
CommentSub1        = UV
CommentSub2        = left
CommentSub3        = 17cm
IDMethodType       = SAM Control
MethodName         = SAM_82E6
Mission            = No Mission
MissionSub         = 1
RecordType         = 0
[Attributes]
CalFactor = 1
IDBasisSpec = 
IDDataBack = DLAB_2024-11-11_10-40-48_641_639
IDDataCal = DLAB_2024-11-12_11-45-27_171_455
IntegrationTime = 128
P31 = -1
P31e = 0
PathLength = +INF
PathLengthCustomOn = 0
RAWDynamic = 65535
Salinity = 0
Temperature = -NAN
Unit1 = $01 $01 Wavelength nm
Unit2 = $03 $06 Intensity mW/(m^2 nm)
Unit3 = $f0 $06 Error mW/(m^2 nm)
Unit4 = $f1 $00 Status 
p999 = 7286
[END] of [Attributes]
[DATA]
 0 6 0 0
 185.260577530984 -NAN 0 0
 187.468128380571 -NAN 0 0
 189.674861895872 -NAN 0 0
 191.880784034125 -NAN 0 0
 194.085900752568 -NAN 0 0
 196.290218008439 -NAN 0 0
 198.493741758976 -NAN 0 0
 200.696477961417 -NAN 0 0
 202.898432573 -NAN 0 0
 205.099611550963 -NAN 0 0
 207.300020852544 -NAN 0 0
 209.499666434981 -NAN 0 0
 211.698554255512 -NAN 0 0
 213.896690271375 -NAN 0 0
 216.094080439808 -NAN 0 0
 218.290730718049 -NAN 0 0
 220.486647063336 -NAN 0 0
 222.681835432907 -NAN 0 0
 224.876301784 -NAN 0 0
 227.070052073853 -NAN 0 0
 229.263092259704 -NAN 0 0
 231.455428298791 -NAN 0 0
 233.647066148352 -NAN 0 0
 235.838011765625 -NAN 0 0
 238.028271107848 -NAN 0 0
 240.217850132259 -NAN 0 0
 242.406754796096 -NAN 0 0
 244.594991056597 -NAN 0 0
 246.782564871 -NAN 0 0
 248.969482196543 -NAN 0 0
 251.155748990464 -NAN 0 0
 253.341371210001 -NAN 0 0
 255.526354812392 -NAN 0 0
 257.710705754875 -NAN 0 0
 259.894429994688 -NAN 0 0
 262.077533489069 -NAN 0 0
 264.260022195256 -NAN 0 0
 266.441902070487 -NAN 0 0
 268.623179072 -NAN 0 0
 270.803859157033 -NAN 0 0
 272.983948282824 -NAN 0 0
 275.163452406611 -NAN 0 0
 277.342377485632 -NAN 0 0
 279.520729477125 1.57325424236253 0 0
 281.698514338328 7.84635386362222 0 0
 283.875738026479 9.36311456672805 0 0
 286.052406498816 10.3500532590734 0 0
 288.228525712577 20.0831653323287 0 0
 290.404101625 24.9993443226954 0 0
 292.579140193323 29.9297965615609 0 0
 294.753647374784 44.3023875182669 0 0
 296.927629126621 49.8230988125384 0 0
 299.101091406072 55.7435212915265 0 0
 301.274040170375 68.9764440567026 0 0
 303.446481376768 71.1246986650592 0 0
 305.618420982489 74.2959659831484 0 0
 307.789864944776 81.0546707629038 0 0
 309.960819220867 82.3958839423251 0 0
 312.131289768 84.7412299004757 0 0
 314.301282543413 85.2136906341481 0 0
 316.470803504344 74.7960634912204 0 0
 318.639858608031 67.8527060965431 0 0
 320.808453811712 66.5862753995332 0 0
 322.976595072625 59.024498446341 0 0
 325.144288348008 53.1836665287713 0 0
 327.311539595099 52.9693854389196 0 0
 329.478354771136 44.0976906026316 0 0
 331.644739833357 39.1561824665724 0 0
 333.810700739 39.976899346667 0 0
 335.976243445303 31.2973757358607 0 0
 338.141373909504 27.0389405570422 0 0
 340.306098088841 27.8160729715615 0 0
 342.470421940552 20.3437006038795 0 0
 344.634351421875 18.0843918903848 0 0
 346.797892490048 19.1733493496711 0 0
 348.961051102309 13.0632548552859 0 0
 351.123833215896 11.8555814114159 0 0
 353.286244788047 13.089824128612 0 0
 355.448291776 8.17183673520656 0 0
 357.609980136993 7.89074314137333 0 0
 359.771315828264 10.2152539550285 0 0
 361.932304807051 9.75540122347065 0 0
 364.092953030592 14.9065149318275 0 0
 366.253266456125 16.9149817829838 0 0
 368.413251040888 7.09075398946584 0 0
 370.572912742119 4.66338416585431 0 0
 372.732257517056 5.78258354944889 0 0
 374.891291322937 0.727249809419235 0 0
 377.050020117 2.50419393362635 0 0
 379.208449856483 4.66383811361947 0 0
 381.366586498624 -0.61435592135038 0 0
 383.524436000661 2.16001844020887 0 0
 385.682004319832 4.02870018162032 0 0
 387.839297413375 -1.02872209659073 0 0
 389.996321238528 2.06366332377894 0 0
 392.153081752529 3.49826200303948 0 0
 394.309584912616 -1.18109113019468 0 0
 396.465836676027 2.30934021159811 0 0
 398.621843 4.01966363608626 0 0
 400.777609841773 3.49506497325545 0 0
 402.933143158584 14.2192129586067 0 0
 405.088448907671 17.0531687636506 0 0
 407.243533046272 9.3391492195863 0 0
 409.398401531625 7.56097403705715 0 0
 411.553060320968 6.50975136654556 0 0
 413.707515371539 3.98957776822465 0 0
 415.861772640576 9.36752415223109 0 0
 418.015838085317 12.7313964394899 0 0
 420.169717663 14.6915824902163 0 0
 422.323417330863 24.257216743546 0 0
 424.476943046144 33.2437466977273 0 0
 426.630300766081 43.4020603203662 0 0
 428.783496447912 63.6033290818848 0 0
 430.936536048875 90.2810275801187 0 0
 433.089425526208 136.62118338104 0 0
 435.242170837149 193.213163450443 0 0
 437.394777938936 236.20106384747 0 0
 439.547252788807 276.645994611874 0 0
 441.699601344 351.411664888132 0 0
 443.851829561753 442.245741985758 0 0
 446.003943399304 527.348079045188 0 0
 448.155948813891 582.683122910297 0 0
 450.307851762752 578.392710195976 0 0
 452.459658203125 520.466256681336 0 0
 454.611374092248 440.926451074347 0 0
 456.763005387359 359.703779569277 0 0
 458.914558045696 297.765370887062 0 0
 461.066038024497 260.139784266993 0 0
 463.217451281 227.038641786723 0 0
 465.368803772443 196.444205522858 0 0
 467.520101456064 170.619595246284 0 0
 469.671350289101 140.384192079328 0 0
 471.822556228792 115.997664908524 0 0
 473.973725232375 103.496238792373 0 0
 476.124863257088 90.3382819047315 0 0
 478.275976260169 83.5355140834993 0 0
 480.427070198856 84.1842179106428 0 0
 482.578151030387 79.2301691615816 0 0
 484.729224712 77.9460426458609 0 0
 486.880297200933 82.012921490775 0 0
 489.031374454424 80.6053781102343 0 0
 491.182462429711 83.6608805579452 0 0
 493.333567084032 91.4370246733396 0 0
 495.484694374625 92.9647220128897 0 0
 497.635850258728 97.9056174953988 0 0
 499.787040693579 106.104167243598 0 0
 501.938271636416 107.420609371923 0 0
 504.089549044477 -NAN 0 0
 506.240878875 -NAN 0 0
 508.392267085223 -NAN 0 0
 510.543719632384 -NAN 0 0
 512.695242473721 -NAN 0 0
 514.846841566472 -NAN 0 0
 516.998522867875 -NAN 0 0
 519.150292335168 -NAN 0 0
 521.302155925589 -NAN 0 0
 523.454119596376 -NAN 0 0
 525.606189304767 -NAN 0 0
 527.758371008 -NAN 0 0
 529.910670663313 -NAN 0 0
 532.063094227944 -NAN 0 0
 534.215647659131 -NAN 0 0
 536.368336914112 -NAN 0 0
 538.521167950125 -NAN 0 0
 540.674146724408 -NAN 0 0
 542.827279194199 -NAN 0 0
 544.980571316736 -NAN 0 0
 547.134029049257 -NAN 0 0
 549.287658349 -NAN 0 0
 551.441465173203 -NAN 0 0
 553.595455479104 -NAN 0 0
 555.749635223941 -NAN 0 0
 557.904010364952 -NAN 0 0
 560.058586859375 -NAN 0 0
 562.213370664448 -NAN 0 0
 564.368367737409 -NAN 0 0
 566.523584035496 -NAN 0 0
 568.679025515947 -NAN 0 0
 570.834698136 -NAN 0 0
 572.990607852893 -NAN 0 0
 575.146760623864 -NAN 0 0
 577.303162406151 -NAN 0 0
 579.459819156992 -NAN 0 0
 581.616736833625 -NAN 0 0
 583.773921393288 -NAN 0 0
 585.931378793219 -NAN 0 0
 588.089114990656 -NAN 0 0
 590.247135942837 -NAN 0 0
 592.405447607 -NAN 0 0
 594.564055940383 -NAN 0 0
 596.722966900224 -NAN 0 0
 598.882186443761 -NAN 0 0
 601.041720528232 -NAN 0 0
 603.201575110875 -NAN 0 0
 605.361756148928 -NAN 0 0
 607.522269599629 -NAN 0 0
 609.683121420216 -NAN 0 0
 611.844317567927 -NAN 0 0
 614.005864 -NAN 0 0
 616.167766673673 -NAN 0 0
 618.330031546184 -NAN 0 0
 620.492664574771 -NAN 0 0
 622.655671716672 -NAN 0 0
 624.819058929125 -NAN 0 0
 626.982832169368 -NAN 0 0
 629.146997394639 -NAN 0 0
 631.311560562176 -NAN 0 0
 633.476527629217 -NAN 0 0
 635.641904553 -NAN 0 0
 637.807697290763 -NAN 0 0
 639.973911799744 -NAN 0 0
 642.140554037181 -NAN 0 0
 644.307629960312 -NAN 0 0
 646.475145526375 -NAN 0 0
 648.643106692608 -NAN 0 0
 650.811519416249 -NAN 0 0
 652.980389654536 -NAN 0 0
 655.149723364707 -NAN 0 0
 657.319526504 -NAN 0 0
 659.489805029653 -NAN 0 0
 661.660564898904 -NAN 0 0
 663.831812068991 -NAN 0 0
 666.003552497152 -NAN 0 0
 668.175792140625 -NAN 0 0
 670.348536956648 -NAN 0 0
 672.521792902459 -NAN 0 0
 674.695565935296 -NAN 0 0
 676.869862012397 -NAN 0 0
 679.044687091 -NAN 0 0
 681.220047128343 -NAN 0 0
 683.395948081664 -NAN 0 0
 685.572395908201 -NAN 0 0
 687.749396565192 -NAN 0 0
 689.926956009875 -NAN 0 0
 692.105080199488 -NAN 0 0
 694.283775091269 -NAN 0 0
 696.463046642456 -NAN 0 0
 698.642900810287 -NAN 0 0
 700.823343552 -NAN 0 0
 703.004380824833 -NAN 0 0
 705.186018586024 -NAN 0 0
 707.368262792811 -NAN 0 0
 709.551119402432 -NAN 0 0
 711.734594372125 -NAN 0 0
 713.918693659128 -NAN 0 0
 716.103423220679 -NAN 0 0
 718.288789014016 -NAN 0 0
 720.474796996377 -NAN 0 0
 722.661453125 -NAN 0 0
 724.848763357123 -NAN 0 0
 727.036733649984 -NAN 0 0
 729.225369960821 -NAN 0 0
 731.414678246872 -NAN 0 0
 733.604664465375 -NAN 0 0
 735.795334573568 -NAN 0 0
[END] of [DATA]
[END] of Spectrum


[Spectrum]
Version            = 1
IDData             = 12ad_2026-06-08_14-40-35_000_155
IDDevice           = SAM_82E6
IDDataType         = SPECTRUM
IDDataTypeSub1     = CALIBRATED
IDDataTypeSub2     = 
IDDataTypeSub3     = 
DateTime           = 2026-06-08 14:40:35
PositionLatitude   = 0
PositionLongitude  = 0
Comment            = 20260608_FrameD
CommentSub1        = UV
CommentSub2        = left
CommentSub3        = 17cm
IDMethodType       = SAM Control
MethodName         = SAM_82E6
Mission            = No Mission
MissionSub         = 1
RecordType         = 0
[Attributes]
CalFactor = 1
IDBasisSpec = 
IDDataBack = DLAB_2024-11-11_10-40-48_641_639
IDDataCal = DLAB_2024-11-12_11-45-27_171_455
IntegrationTime = 128
P31 = -1
P31e = 0
PathLength = +INF
PathLengthCustomOn = 0
RAWDynamic = 65535
Salinity = 0
Temperature = -NAN
Unit1 = $01 $01 Wavelength nm
Unit2 = $03 $06 Intensity mW/(m^2 nm)
Unit3 = $f0 $06 Error mW/(m^2 nm)
Unit4 = $f1 $00 Status 
p999 = 7285
[END] of [Attributes]
[DATA]
 0 6 0 0
 185.260577530984 -NAN 0 0
 187.468128380571 -NAN 0 0
 189.674861895872 -NAN 0 0
 191.880784034125 -NAN 0 0
 194.085900752568 -NAN 0 0
 196.290218008439 -NAN 0 0
 198.493741758976 -NAN 0 0
 200.696477961417 -NAN 0 0
 202.898432573 -NAN 0 0
 205.099611550963 -NAN 0 0
 207.300020852544 -NAN 0 0
 209.499666434981 -NAN 0 0
 211.698554255512 -NAN 0 0
 213.896690271375 -NAN 0 0
 216.094080439808 -NAN 0 0
 218.290730718049 -NAN 0 0
 220.486647063336 -NAN 0 0
 222.681835432907 -NAN 0 0
 224.876301784 -NAN 0 0
 227.070052073853 -NAN 0 0
 229.263092259704 -NAN 0 0
 231.455428298791 -NAN 0 0
 233.647066148352 -NAN 0 0
 235.838011765625 -NAN 0 0
 238.028271107848 -NAN 0 0
 240.217850132259 -NAN 0 0
 242.406754796096 -NAN 0 0
 244.594991056597 -NAN 0 0
 246.782564871 -NAN 0 0
 248.969482196543 -NAN 0 0
 251.155748990464 -NAN 0 0
 253.341371210001 -NAN 0 0
 255.526354812392 -NAN 0 0
 257.710705754875 -NAN 0 0
 259.894429994688 -NAN 0 0
 262.077533489069 -NAN 0 0
 264.260022195256 -NAN 0 0
 266.441902070487 -NAN 0 0
 268.623179072 -NAN 0 0
 270.803859157033 -NAN 0 0
 272.983948282824 -NAN 0 0
 275.163452406611 -NAN 0 0
 277.342377485632 -NAN 0 0
 279.520729477125 6.24444875932018 0 0
 281.698514338328 6.06692687094057 0 0
 283.875738026479 6.34819098756454 0 0
 286.052406498816 15.3256218589071 0 0
 288.228525712577 17.4885446591712 0 0
 290.404101625 21.9733387772196 0 0
 292.579140193323 34.7603720601441 0 0
 294.753647374784 40.9366460366913 0 0
 296.927629126621 47.2952315503369 0 0
 299.101091406072 59.2912834104984 0 0
 301.274040170375 65.2876867823573 0 0
 303.446481376768 68.7732179710041 0 0
 305.618420982489 77.0909991201365 0 0
 307.789864944776 77.3103068657675 0 0
 309.960819220867 80.2636589533264 0 0
 312.131289768 87.5644856916139 0 0
 314.301282543413 80.8055056248702 0 0
 316.470803504344 73.0012993086012 0 0
 318.639858608031 70.9877573291263 0 0
 320.808453811712 61.6838217051934 0 0
 322.976595072625 57.5915581918363 0 0
 325.144288348008 57.0397799732301 0 0
 327.311539595099 47.596521630388 0 0
 329.478354771136 43.0906948763733 0 0
 331.644739833357 43.1904444276077 0 0
 333.810700739 34.6051955181131 0 0
 335.976243445303 31.0720580795748 0 0
 338.141373909504 30.6384318130406 0 0
 340.306098088841 22.9393447099849 0 0
 342.470421940552 20.5649974801266 0 0
 344.634351421875 21.2169436894655 0 0
 346.797892490048 14.7895960001315 0 0
 348.961051102309 13.4460692507714 0 0
 351.123833215896 14.3619491735365 0 0
 353.286244788047 9.11306238556066 0 0
 355.448291776 8.95384861390714 0 0
 357.609980136993 10.3268676619174 0 0
 359.771315828264 6.27317434144228 0 0
 361.932304807051 10.8501558458058 0 0
 364.092953030592 17.0685840597509 0 0
 366.253266456125 12.6349180041444 0 0
 368.413251040888 8.91041684997396 0 0
 370.572912742119 6.8651400606616 0 0
 372.732257517056 0.978077928282455 0 0
 374.891291322937 3.13250196844973 0 0
 377.050020117 4.5250662241387 0 0
 379.208449856483 -0.389552102934128 0 0
 381.366586498624 2.42275196844296 0 0
 383.524436000661 3.75606195438174 0 0
 385.682004319832 -1.00501812265548 0 0
 387.839297413375 2.32217164506366 0 0
 389.996321238528 3.51466580117913 0 0
 392.153081752529 -1.38756672912199 0 0
 394.309584912616 2.21572806117488 0 0
 396.465836676027 3.09203030837672 0 0
 398.621843 -0.508872860412281 0 0
 400.777609841773 7.13257044398603 0 0
 402.933143158584 14.4105777472028 0 0
 405.088448907671 12.794134419036 0 0
 407.243533046272 12.7689169255122 0 0
 409.398401531625 7.67211966933159 0 0
 411.553060320968 3.10271199540845 0 0
 413.707515371539 7.49078140238736 0 0
 415.861772640576 9.09910418156048 0 0
 418.015838085317 9.7834284149949 0 0
 420.169717663 17.7292630842464 0 0
 422.323417330863 23.8680993832646 0 0
 424.476943046144 30.789418954708 0 0
 426.630300766081 46.2203736289081 0 0
 428.783496447912 63.0326394086269 0 0
 430.936536048875 88.0471124420976 0 0
 433.089425526208 139.045961046599 0 0
 435.242170837149 191.837714271116 0 0
 437.394777938936 233.78956628238 0 0
 439.547252788807 279.257636895384 0 0
 441.699601344 350.233811006565 0 0
 443.851829561753 440.579196094061 0 0
 446.003943399304 530.40329059982 0 0
 448.155948813891 581.283642216933 0 0
 450.307851762752 576.678362997158 0 0
 452.459658203125 523.740761806901 0 0
 454.611374092248 439.187155225987 0 0
 456.763005387359 358.129083427258 0 0
 458.914558045696 301.275446050534 0 0
 461.066038024497 257.891099398878 0 0
 463.217451281 225.550264227446 0 0
 465.368803772443 200.061552522961 0 0
 467.520101456064 167.908840725809 0 0
 469.671350289101 138.969365896249 0 0
 471.822556228792 119.664936944329 0 0
 473.973725232375 100.273339170089 0 0
 476.124863257088 89.3894729420503 0 0
 478.275976260169 87.4237636699707 0 0
 480.427070198856 80.763568812567 0 0
 482.578151030387 78.57499064387 0 0
 484.729224712 81.3536030682288 0 0
 486.880297200933 78.6582274809196 0 0
 489.031374454424 80.5930698781024 0 0
 491.182462429711 87.0058800689021 0 0
 493.333567084032 87.8977437447493 0 0
 495.484694374625 92.7732402079877 0 0
 497.635850258728 101.01379040444 0 0
 499.787040693579 102.511068881743 0 0
 501.938271636416 107.602491766886 0 0
 504.089549044477 -NAN 0 0
 506.240878875 -NAN 0 0
 508.392267085223 -NAN 0 0
 510.543719632384 -NAN 0 0
 512.695242473721 -NAN 0 0
 514.846841566472 -NAN 0 0
 516.998522867875 -NAN 0 0
 519.150292335168 -NAN 0 0
 521.302155925589 -NAN 0 0
 523.454119596376 -NAN 0 0
 525.606189304767 -NAN 0 0
 527.758371008 -NAN 0 0
 529.910670663313 -NAN 0 0
 532.063094227944 -NAN 0 0
 534.215647659131 -NAN 0 0
 536.368336914112 -NAN 0 0
 538.521167950125 -NAN 0 0
 540.674146724408 -NAN 0 0
 542.827279194199 -NAN 0 0
 544.980571316736 -NAN 0 0
 547.134029049257 -NAN 0 0
 549.287658349 -NAN 0 0
 551.441465173203 -NAN 0 0
 553.595455479104 -NAN 0 0
 555.749635223941 -NAN 0 0
 557.904010364952 -NAN 0 0
 560.058586859375 -NAN 0 0
 562.213370664448 -NAN 0 0
 564.368367737409 -NAN 0 0
 566.523584035496 -NAN 0 0
 568.679025515947 -NAN 0 0
 570.834698136 -NAN 0 0
 572.990607852893 -NAN 0 0
 575.146760623864 -NAN 0 0
 577.303162406151 -NAN 0 0
 579.459819156992 -NAN 0 0
 581.616736833625 -NAN 0 0
 583.773921393288 -NAN 0 0
 585.931378793219 -NAN 0 0
 588.089114990656 -NAN 0 0
 590.247135942837 -NAN 0 0
 592.405447607 -NAN 0 0
 594.564055940383 -NAN 0 0
 596.722966900224 -NAN 0 0
 598.882186443761 -NAN 0 0
 601.041720528232 -NAN 0 0
 603.201575110875 -NAN 0 0
 605.361756148928 -NAN 0 0
 607.522269599629 -NAN 0 0
 609.683121420216 -NAN 0 0
 611.844317567927 -NAN 0 0
 614.005864 -NAN 0 0
 616.167766673673 -NAN 0 0
 618.330031546184 -NAN 0 0
 620.492664574771 -NAN 0 0
 622.655671716672 -NAN 0 0
 624.819058929125 -NAN 0 0
 626.982832169368 -NAN 0 0
 629.146997394639 -NAN 0 0
 631.311560562176 -NAN 0 0
 633.476527629217 -NAN 0 0
 635.641904553 -NAN 0 0
 637.807697290763 -NAN 0 0
 639.973911799744 -NAN 0 0
 642.140554037181 -NAN 0 0
 644.307629960312 -NAN 0 0
 646.475145526375 -NAN 0 0
 648.643106692608 -NAN 0 0
 650.811519416249 -NAN 0 0
 652.980389654536 -NAN 0 0
 655.149723364707 -NAN 0 0
 657.319526504 -NAN 0 0
 659.489805029653 -NAN 0 0
 661.660564898904 -NAN 0 0
 663.831812068991 -NAN 0 0
 666.003552497152 -NAN 0 0
 668.175792140625 -NAN 0 0
 670.348536956648 -NAN 0 0
 672.521792902459 -NAN 0 0
 674.695565935296 -NAN 0 0
 676.869862012397 -NAN 0 0
 679.044687091 -NAN 0 0
 681.220047128343 -NAN 0 0
 683.395948081664 -NAN 0 0
 685.572395908201 -NAN 0 0
 687.749396565192 -NAN 0 0
 689.926956009875 -NAN 0 0
 692.105080199488 -NAN 0 0
 694.283775091269 -NAN 0 0
 696.463046642456 -NAN 0 0
 698.642900810287 -NAN 0 0
 700.823343552 -NAN 0 0
 703.004380824833 -NAN 0 0
 705.186018586024 -NAN 0 0
 707.368262792811 -NAN 0 0
 709.551119402432 -NAN 0 0
 711.734594372125 -NAN 0 0
 713.918693659128 -NAN 0 0
 716.103423220679 -NAN 0 0
 718.288789014016 -NAN 0 0
 720.474796996377 -NAN 0 0
 722.661453125 -NAN 0 0
 724.848763357123 -NAN 0 0
 727.036733649984 -NAN 0 0
 729.225369960821 -NAN 0 0
 731.414678246872 -NAN 0 0
 733.604664465375 -NAN 0 0
 735.795334573568 -NAN 0 0
[END] of [DATA]
[END] of Spectrum


[Spectrum]
Version            = 1
IDData             = 12ad_2026-06-08_14-40-30_000_152
IDDevice           = SAM_82E6
IDDataType         = SPECTRUM
IDDataTypeSub1     = CALIBRATED
IDDataTypeSub2     = 
IDDataTypeSub3     = 
DateTime           = 2026-06-08 14:40:30
PositionLatitude   = 0
PositionLongitude  = 0
Comment            = 20260608_FrameD
CommentSub1        = UV
CommentSub2        = left
CommentSub3        = 17cm
IDMethodType       = SAM Control
MethodName         = SAM_82E6
Mission            = No Mission
MissionSub         = 1
RecordType         = 0
[Attributes]
CalFactor = 1
IDBasisSpec = 
IDDataBack = DLAB_2024-11-11_10-40-48_641_639
IDDataCal = DLAB_2024-11-12_11-45-27_171_455
IntegrationTime = 128
P31 = -1
P31e = 0
PathLength = +INF
PathLengthCustomOn = 0
RAWDynamic = 65535
Salinity = 0
Temperature = -NAN
Unit1 = $01 $01 Wavelength nm
Unit2 = $03 $06 Intensity mW/(m^2 nm)
Unit3 = $f0 $06 Error mW/(m^2 nm)
Unit4 = $f1 $00 Status 
p999 = 7284
[END] of [Attributes]
[DATA]
 0 6 0 0
 185.260577530984 -NAN 0 0
 187.468128380571 -NAN 0 0
 189.674861895872 -NAN 0 0
 191.880784034125 -NAN 0 0
 194.085900752568 -NAN 0 0
 196.290218008439 -NAN 0 0
 198.493741758976 -NAN 0 0
 200.696477961417 -NAN 0 0
 202.898432573 -NAN 0 0
 205.099611550963 -NAN 0 0
 207.300020852544 -NAN 0 0
 209.499666434981 -NAN 0 0
 211.698554255512 -NAN 0 0
 213.896690271375 -NAN 0 0
 216.094080439808 -NAN 0 0
 218.290730718049 -NAN 0 0
 220.486647063336 -NAN 0 0
 222.681835432907 -NAN 0 0
 224.876301784 -NAN 0 0
 227.070052073853 -NAN 0 0
 229.263092259704 -NAN 0 0
 231.455428298791 -NAN 0 0
 233.647066148352 -NAN 0 0
 235.838011765625 -NAN 0 0
 238.028271107848 -NAN 0 0
 240.217850132259 -NAN 0 0
 242.406754796096 -NAN 0 0
 244.594991056597 -NAN 0 0
 246.782564871 -NAN 0 0
 248.969482196543 -NAN 0 0
 251.155748990464 -NAN 0 0
 253.341371210001 -NAN 0 0
 255.526354812392 -NAN 0 0
 257.710705754875 -NAN 0 0
 259.894429994688 -NAN 0 0
 262.077533489069 -NAN 0 0
 264.260022195256 -NAN 0 0
 266.441902070487 -NAN 0 0
 268.623179072 -NAN 0 0
 270.803859157033 -NAN 0 0
 272.983948282824 -NAN 0 0
 275.163452406611 -NAN 0 0
 277.342377485632 -NAN 0 0
 279.520729477125 4.76127289429844 0 0
 281.698514338328 3.35660199523958 0 0
 283.875738026479 10.6396911079757 0 0
 286.052406498816 13.3612377574846 0 0
 288.228525712577 14.6474994935879 0 0
 290.404101625 26.0782948823989 0 0
 292.579140193323 32.0413232895672 0 0
 294.753647374784 38.4195258314787 0 0
 296.927629126621 50.5366404505882 0 0
 299.101091406072 56.3918191056752 0 0
 301.274040170375 63.0493688263296 0 0
 303.446481376768 71.1290674169292 0 0
 305.618420982489 74.2034793152835 0 0
 307.789864944776 75.3638362244072 0 0
 309.960819220867 82.5363751985693 0 0
 312.131289768 84.0368225169554 0 0
 314.301282543413 79.0857204418783 0 0
 316.470803504344 75.8125670990755 0 0
 318.639858608031 67.417889799205 0 0
 320.808453811712 60.2182769000161 0 0
 322.976595072625 61.1563310526502 0 0
 325.144288348008 53.0595086267783 0 0
 327.311539595099 46.5366087972179 0 0
 329.478354771136 47.1558637388013 0 0
 331.644739833357 39.082159311324 0 0
 333.810700739 34.1478087771312 0 0
 335.976243445303 34.8617556920729 0 0
 338.141373909504 26.7917651918234 0 0
 340.306098088841 22.861979413322 0 0
 342.470421940552 23.9787309498079 0 0
 344.634351421875 17.5687972546469 0 0
 346.797892490048 15.0468953838328 0 0
 348.961051102309 16.3570778110037 0 0
 351.123833215896 11.2958744524787 0 0
 353.286244788047 9.83601084611537 0 0
 355.448291776 11.2740681769844 0 0
 357.609980136993 7.08548351963746 0 0
 359.771315828264 7.08310229479301 0 0
 361.932304807051 13.0605280170802 0 0
 364.092953030592 13.8745926430954 0 0
 366.253266456125 13.6404118414106 0 0
 368.413251040888 11.0016349941289 0 0
 370.572912742119 3.31193559608098 0 0
 372.732257517056 2.82917580404547 0 0
 374.891291322937 5.52430945358961 0 0
 377.050020117 0.821283220708203 0 0
 379.208449856483 1.77258799248966 0 0
 381.366586498624 4.55536983987068 0 0
 383.524436000661 -0.162274616031979 0 0
 385.682004319832 1.4485461821978 0 0
 387.839297413375 3.97565705585041 0 0
 389.996321238528 -0.737206898811568 0 0
 392.153081752529 1.35576851753613 0 0
 394.309584912616 3.58618301393538 0 0
 396.465836676027 -0.802624873020817 0 0
 398.621843 2.42479083538563 0 0
 400.777609841773 7.78412219258668 0 0
 402.933143158584 10.6200341532235 0 0
 405.088448907671 15.6207966708266 0 0
 407.243533046272 13.0647299351331 0 0
 409.398401531625 4.30681325706302 0 0
 411.553060320968 5.79944597482905 0 0
 413.707515371539 7.50669114322724 0 0
 415.861772640576 6.32202912378589 0 0
 418.015838085317 12.2222108987468 0 0
 420.169717663 17.573169251168 0 0
 422.323417330863 21.3933129718748 0 0
 424.476943046144 32.9916566149 0 0
 426.630300766081 45.8914984771303 0 0
 428.783496447912 60.814789289954 0 0
 430.936536048875 90.1508325997398 0 0
 433.089425526208 138.242019737116 0 0
 435.242170837149 189.173930357871 0 0
 437.394777938936 235.326626215316 0 0
 439.547252788807 278.279787554795 0 0
 441.699601344 348.322778016582 0 0
 443.851829561753 442.761358394239 0 0
 446.003943399304 529.538317516164 0 0
 448.155948813891 579.654278174566 0 0
 450.307851762752 579.418973800529 0 0
 452.459658203125 522.620853264664 0 0
 454.611374092248 437.523935740595 0 0
 456.763005387359 360.937763402825 0 0
 458.914558045696 299.907145496335 0 0
 461.066038024497 256.530884492247 0 0
 463.217451281 228.706704843386 0 0
 465.368803772443 198.424404814423 0 0
 467.520101456064 166.710368063458 0 0
 469.671350289101 142.239595352317 0 0
 471.822556228792 117.733470569585 0 0
 473.973725232375 99.4574291529686 0 0
 476.124863257088 92.7739641893275 0 0
 478.275976260169 85.0801459569475 0 0
 480.427070198856 79.9783009473298 0 0
 482.578151030387 82.1477784380695 0 0
 484.729224712 79.2782210727099 0 0
 486.880297200933 78.0910951491434 0 0
 489.031374454424 83.7115283282368 0 0
 491.182462429711 84.6906266511346 0 0
 493.333567084032 87.6338841725329 0 0
 495.484694374625 96.196669240138 0 0
 497.635850258728 98.4037150953651 0 0
 499.787040693579 102.507807370371 0 0
 501.938271636416 110.834402015847 0 0
 504.089549044477 -NAN 0 0
 506.240878875 -NAN 0 0
 508.392267085223 -NAN 0 0
 510.543719632384 -NAN 0 0
 512.695242473721 -NAN 0 0
 514.846841566472 -NAN 0 0
 516.998522867875 -NAN 0 0
 519.150292335168 -NAN 0 0
 521.302155925589 -NAN 0 0
 523.454119596376 -NAN 0 0
 525.606189304767 -NAN 0 0
 527.758371008 -NAN 0 0
 529.910670663313 -NAN 0 0
 532.063094227944 -NAN 0 0
 534.215647659131 -NAN 0 0
 536.368336914112 -NAN 0 0
 538.521167950125 -NAN 0 0
 540.674146724408 -NAN 0 0
 542.827279194199 -NAN 0 0
 544.980571316736 -NAN 0 0
 547.134029049257 -NAN 0 0
 549.287658349 -NAN 0 0
 551.441465173203 -NAN 0 0
 553.595455479104 -NAN 0 0
 555.749635223941 -NAN 0 0
 557.904010364952 -NAN 0 0
 560.058586859375 -NAN 0 0
 562.213370664448 -NAN 0 0
 564.368367737409 -NAN 0 0
 566.523584035496 -NAN 0 0
 568.679025515947 -NAN 0 0
 570.834698136 -NAN 0 0
 572.990607852893 -NAN 0 0
 575.146760623864 -NAN 0 0
 577.303162406151 -NAN 0 0
 579.459819156992 -NAN 0 0
 581.616736833625 -NAN 0 0
 583.773921393288 -NAN 0 0
 585.931378793219 -NAN 0 0
 588.089114990656 -NAN 0 0
 590.247135942837 -NAN 0 0
 592.405447607 -NAN 0 0
 594.564055940383 -NAN 0 0
 596.722966900224 -NAN 0 0
 598.882186443761 -NAN 0 0
 601.041720528232 -NAN 0 0
 603.201575110875 -NAN 0 0
 605.361756148928 -NAN 0 0
 607.522269599629 -NAN 0 0
 609.683121420216 -NAN 0 0
 611.844317567927 -NAN 0 0
 614.005864 -NAN 0 0
 616.167766673673 -NAN 0 0
 618.330031546184 -NAN 0 0
 620.492664574771 -NAN 0 0
 622.655671716672 -NAN 0 0
 624.819058929125 -NAN 0 0
 626.982832169368 -NAN 0 0
 629.146997394639 -NAN 0 0
 631.311560562176 -NAN 0 0
 633.476527629217 -NAN 0 0
 635.641904553 -NAN 0 0
 637.807697290763 -NAN 0 0
 639.973911799744 -NAN 0 0
 642.140554037181 -NAN 0 0
 644.307629960312 -NAN 0 0
 646.475145526375 -NAN 0 0
 648.643106692608 -NAN 0 0
 650.811519416249 -NAN 0 0
 652.980389654536 -NAN 0 0
 655.149723364707 -NAN 0 0
 657.319526504 -NAN 0 0
 659.489805029653 -NAN 0 0
 661.660564898904 -NAN 0 0
 663.831812068991 -NAN 0 0
 666.003552497152 -NAN 0 0
 668.175792140625 -NAN 0 0
 670.348536956648 -NAN 0 0
 672.521792902459 -NAN 0 0
 674.695565935296 -NAN 0 0
 676.869862012397 -NAN 0 0
 679.044687091 -NAN 0 0
 681.220047128343 -NAN 0 0
 683.395948081664 -NAN 0 0
 685.572395908201 -NAN 0 0
 687.749396565192 -NAN 0 0
 689.926956009875 -NAN 0 0
 692.105080199488 -NAN 0 0
 694.283775091269 -NAN 0 0
 696.463046642456 -NAN 0 0
 698.642900810287 -NAN 0 0
 700.823343552 -NAN 0 0
 703.004380824833 -NAN 0 0
 705.186018586024 -NAN 0 0
 707.368262792811 -NAN 0 0
 709.551119402432 -NAN 0 0
 711.734594372125 -NAN 0 0
 713.918693659128 -NAN 0 0
 716.103423220679 -NAN 0 0
 718.288789014016 -NAN 0 0
 720.474796996377 -NAN 0 0
 722.661453125 -NAN 0 0
 724.848763357123 -NAN 0 0
 727.036733649984 -NAN 0 0
 729.225369960821 -NAN 0 0
 731.414678246872 -NAN 0 0
 733.604664465375 -NAN 0 0
 735.795334573568 -NAN 0 0
[END] of [DATA]
[END] of Spectrum


[Spectrum]
Version            = 1
IDData             = 12ad_2026-06-08_14-40-25_000_149
IDDevice           = SAM_82E6
IDDataType         = SPECTRUM
IDDataTypeSub1     = CALIBRATED
IDDataTypeSub2     = 
IDDataTypeSub3     = 
DateTime           = 2026-06-08 14:40:25
PositionLatitude   = 0
PositionLongitude  = 0
Comment            = 20260608_FrameD
CommentSub1        = UV
CommentSub2        = left
CommentSub3        = 17cm
IDMethodType       = SAM Control
MethodName         = SAM_82E6
Mission            = No Mission
MissionSub         = 1
RecordType         = 0
[Attributes]
CalFactor = 1
IDBasisSpec = 
IDDataBack = DLAB_2024-11-11_10-40-48_641_639
IDDataCal = DLAB_2024-11-12_11-45-27_171_455
IntegrationTime = 128
P31 = -1
P31e = 0
PathLength = +INF
PathLengthCustomOn = 0
RAWDynamic = 65535
Salinity = 0
Temperature = -NAN
Unit1 = $01 $01 Wavelength nm
Unit2 = $03 $06 Intensity mW/(m^2 nm)
Unit3 = $f0 $06 Error mW/(m^2 nm)
Unit4 = $f1 $00 Status 
p999 = 7283
[END] of [Attributes]
[DATA]
 0 6 0 0
 185.260577530984 -NAN 0 0
 187.468128380571 -NAN 0 0
 189.674861895872 -NAN 0 0
 191.880784034125 -NAN 0 0
 194.085900752568 -NAN 0 0
 196.290218008439 -NAN 0 0
 198.493741758976 -NAN 0 0
 200.696477961417 -NAN 0 0
 202.898432573 -NAN 0 0
 205.099611550963 -NAN 0 0
 207.300020852544 -NAN 0 0
 209.499666434981 -NAN 0 0
 211.698554255512 -NAN 0 0
 213.896690271375 -NAN 0 0
 216.094080439808 -NAN 0 0
 218.290730718049 -NAN 0 0
 220.486647063336 -NAN 0 0
 222.681835432907 -NAN 0 0
 224.876301784 -NAN 0 0
 227.070052073853 -NAN 0 0
 229.263092259704 -NAN 0 0
 231.455428298791 -NAN 0 0
 233.647066148352 -NAN 0 0
 235.838011765625 -NAN 0 0
 238.028271107848 -NAN 0 0
 240.217850132259 -NAN 0 0
 242.406754796096 -NAN 0 0
 244.594991056597 -NAN 0 0
 246.782564871 -NAN 0 0
 248.969482196543 -NAN 0 0
 251.155748990464 -NAN 0 0
 253.341371210001 -NAN 0 0
 255.526354812392 -NAN 0 0
 257.710705754875 -NAN 0 0
 259.894429994688 -NAN 0 0
 262.077533489069 -NAN 0 0
 264.260022195256 -NAN 0 0
 266.441902070487 -NAN 0 0
 268.623179072 -NAN 0 0
 270.803859157033 -NAN 0 0
 272.983948282824 -NAN 0 0
 275.163452406611 -NAN 0 0
 277.342377485632 -NAN 0 0
 279.520729477125 5.03275260762735 0 0
 281.698514338328 2.79440243105654 0 0
 283.875738026479 9.37158741987793 0 0
 286.052406498816 13.6777460605963 0 0
 288.228525712577 13.7735521657988 0 0
 290.404101625 24.7725029651297 0 0
 292.579140193323 32.2978639200727 0 0
 294.753647374784 37.116481549063 0 0
 296.927629126621 49.1451072916867 0 0
 299.101091406072 56.2440453392148 0 0
 301.274040170375 61.6523056749261 0 0
 303.446481376768 69.7354355703829 0 0
 305.618420982489 73.70233062662 0 0
 307.789864944776 73.595872226159 0 0
 309.960819220867 80.9434204931542 0 0
 312.131289768 83.593473460874 0 0
 314.301282543413 77.350818823877 0 0
 316.470803504344 74.1656357728872 0 0
 318.639858608031 67.1425919068074 0 0
 320.808453811712 58.73542775109 0 0
 322.976595072625 59.6910476913216 0 0
 325.144288348008 53.2183152456066 0 0
 327.311539595099 45.3784744428551 0 0
 329.478354771136 45.9272397064685 0 0
 331.644739833357 39.4049002682069 0 0
 333.810700739 33.0050820326717 0 0
 335.976243445303 34.0011876112908 0 0
 338.141373909504 27.4518357693963 0 0
 340.306098088841 21.7408612546628 0 0
 342.470421940552 23.5099482178762 0 0
 344.634351421875 18.205116488021 0 0
 346.797892490048 14.157823334987 0 0
 348.961051102309 16.2553023825967 0 0
 351.123833215896 11.721251741271 0 0
 353.286244788047 9.01383416548453 0 0
 355.448291776 11.4698400640869 0 0
 357.609980136993 7.68514494007906 0 0
 359.771315828264 6.44634618804184 0 0
 361.932304807051 13.2603728929728 0 0
 364.092953030592 14.2020078112927 0 0
 366.253266456125 12.8859995082237 0 0
 368.413251040888 11.2659164755351 0 0
 370.572912742119 3.83442872342829 0 0
 372.732257517056 2.08038779792287 0 0
 374.891291322937 5.69640127938944 0 0
 377.050020117 1.24614920396951 0 0
 379.208449856483 0.918927501739818 0 0
 381.366586498624 4.71082906177727 0 0
 383.524436000661 0.275464833981593 0 0
 385.682004319832 0.248077617968136 0 0
 387.839297413375 4.310037995821 0 0
 389.996321238528 -0.178156573540244 0 0
 392.153081752529 0.259544519124438 0 0
 394.309584912616 4.00618313876148 0 0
 396.465836676027 -0.485789773810264 0 0
 398.621843 1.35269663990634 0 0
 400.777609841773 8.27831313962909 0 0
 402.933143158584 10.5997570895312 0 0
 405.088448907671 14.2301918602978 0 0
 407.243533046272 13.1098740892118 0 0
 409.398401531625 4.45347965841487 0 0
 411.553060320968 4.86854884655461 0 0
 413.707515371539 7.83337115513942 0 0
 415.861772640576 6.43429603167094 0 0
 418.015838085317 11.4810412120282 0 0
 420.169717663 17.8986012425558 0 0
 422.323417330863 21.4281046417353 0 0
 424.476943046144 32.4342179810425 0 0
 426.630300766081 46.0952111695701 0 0
 428.783496447912 60.7406080621154 0 0
 430.936536048875 89.5295223769187 0 0
 433.089425526208 138.039617594749 0 0
 435.242170837149 188.456235202127 0 0
 437.394777938936 234.263553042771 0 0
 439.547252788807 278.28140517157 0 0
 441.699601344 348.13208569242 0 0
 443.851829561753 442.220630797033 0 0
 446.003943399304 529.678629668211 0 0
 448.155948813891 579.29278222117 0 0
 450.307851762752 578.60914540256 0 0
 452.459658203125 522.789441647366 0 0
 454.611374092248 437.080790926305 0 0
 456.763005387359 360.184096061449 0 0
 458.914558045696 300.070822586698 0 0
 461.066038024497 256.001062955582 0 0
 463.217451281 228.147914105849 0 0
 465.368803772443 198.863510840697 0 0
 467.520101456064 166.153437067548 0 0
 469.671350289101 141.696180858128 0 0
 471.822556228792 118.129164303403 0 0
 473.973725232375 98.845221366843 0 0
 476.124863257088 92.3178273251214 0 0
 478.275976260169 85.6024315544444 0 0
 480.427070198856 79.5995902038111 0 0
 482.578151030387 81.5472911424496 0 0
 484.729224712 79.7230256145604 0 0
 486.880297200933 77.6704999681812 0 0
 489.031374454424 83.4519365232741 0 0
 491.182462429711 85.2356549520852 0 0
 493.333567084032 87.1751915828572 0 0
 495.484694374625 95.8801155048664 0 0
 497.635850258728 99.1760955146962 0 0
 499.787040693579 102.099031278372 0 0
 501.938271636416 110.449112682138 0 0
 504.089549044477 -NAN 0 0
 506.240878875 -NAN 0 0
 508.392267085223 -NAN 0 0
 510.543719632384 -NAN 0 0
 512.695242473721 -NAN 0 0
 514.846841566472 -NAN 0 0
 516.998522867875 -NAN 0 0
 519.150292335168 -NAN 0 0
 521.302155925589 -NAN 0 0
 523.454119596376 -NAN 0 0
 525.606189304767 -NAN 0 0
 527.758371008 -NAN 0 0
 529.910670663313 -NAN 0 0
 532.063094227944 -NAN 0 0
 534.215647659131 -NAN 0 0
 536.368336914112 -NAN 0 0
 538.521167950125 -NAN 0 0
 540.674146724408 -NAN 0 0
 542.827279194199 -NAN 0 0
 544.980571316736 -NAN 0 0
 547.134029049257 -NAN 0 0
 549.287658349 -NAN 0 0
 551.441465173203 -NAN 0 0
 553.595455479104 -NAN 0 0
 555.749635223941 -NAN 0 0
 557.904010364952 -NAN 0 0
 560.058586859375 -NAN 0 0
 562.213370664448 -NAN 0 0
 564.368367737409 -NAN 0 0
 566.523584035496 -NAN 0 0
 568.679025515947 -NAN 0 0
 570.834698136 -NAN 0 0
 572.990607852893 -NAN 0 0
 575.146760623864 -NAN 0 0
 577.303162406151 -NAN 0 0
 579.459819156992 -NAN 0 0
 581.616736833625 -NAN 0 0
 583.773921393288 -NAN 0 0
 585.931378793219 -NAN 0 0
 588.089114990656 -NAN 0 0
 590.247135942837 -NAN 0 0
 592.405447607 -NAN 0 0
 594.564055940383 -NAN 0 0
 596.722966900224 -NAN 0 0
 598.882186443761 -NAN 0 0
 601.041720528232 -NAN 0 0
 603.201575110875 -NAN 0 0
 605.361756148928 -NAN 0 0
 607.522269599629 -NAN 0 0
 609.683121420216 -NAN 0 0
 611.844317567927 -NAN 0 0
 614.005864 -NAN 0 0
 616.167766673673 -NAN 0 0
 618.330031546184 -NAN 0 0
 620.492664574771 -NAN 0 0
 622.655671716672 -NAN 0 0
 624.819058929125 -NAN 0 0
 626.982832169368 -NAN 0 0
 629.146997394639 -NAN 0 0
 631.311560562176 -NAN 0 0
 633.476527629217 -NAN 0 0
 635.641904553 -NAN 0 0
 637.807697290763 -NAN 0 0
 639.973911799744 -NAN 0 0
 642.140554037181 -NAN 0 0
 644.307629960312 -NAN 0 0
 646.475145526375 -NAN 0 0
 648.643106692608 -NAN 0 0
 650.811519416249 -NAN 0 0
 652.980389654536 -NAN 0 0
 655.149723364707 -NAN 0 0
 657.319526504 -NAN 0 0
 659.489805029653 -NAN 0 0
 661.660564898904 -NAN 0 0
 663.831812068991 -NAN 0 0
 666.003552497152 -NAN 0 0
 668.175792140625 -NAN 0 0
 670.348536956648 -NAN 0 0
 672.521792902459 -NAN 0 0
 674.695565935296 -NAN 0 0
 676.869862012397 -NAN 0 0
 679.044687091 -NAN 0 0
 681.220047128343 -NAN 0 0
 683.395948081664 -NAN 0 0
 685.572395908201 -NAN 0 0
 687.749396565192 -NAN 0 0
 689.926956009875 -NAN 0 0
 692.105080199488 -NAN 0 0
 694.283775091269 -NAN 0 0
 696.463046642456 -NAN 0 0
 698.642900810287 -NAN 0 0
 700.823343552 -NAN 0 0
 703.004380824833 -NAN 0 0
 705.186018586024 -NAN 0 0
 707.368262792811 -NAN 0 0
 709.551119402432 -NAN 0 0
 711.734594372125 -NAN 0 0
 713.918693659128 -NAN 0 0
 716.103423220679 -NAN 0 0
 718.288789014016 -NAN 0 0
 720.474796996377 -NAN 0 0
 722.661453125 -NAN 0 0
 724.848763357123 -NAN 0 0
 727.036733649984 -NAN 0 0
 729.225369960821 -NAN 0 0
 731.414678246872 -NAN 0 0
 733.604664465375 -NAN 0 0
 735.795334573568 -NAN 0 0
[END] of [DATA]
[END] of Spectrum


[Spectrum]
Version            = 1
IDData             = 12ad_2026-06-08_14-40-20_000_146
IDDevice           = SAM_82E6
IDDataType         = SPECTRUM
IDDataTypeSub1     = CALIBRATED
IDDataTypeSub2     = 
IDDataTypeSub3     = 
DateTime           = 2026-06-08 14:40:20
PositionLatitude   = 0
PositionLongitude  = 0
Comment            = 20260608_FrameD
CommentSub1        = UV
CommentSub2        = left
CommentSub3        = 17cm
IDMethodType       = SAM Control
MethodName         = SAM_82E6
Mission            = No Mission
MissionSub         = 1
RecordType         = 0
[Attributes]
CalFactor = 1
IDBasisSpec = 
IDDataBack = DLAB_2024-11-11_10-40-48_641_639
IDDataCal = DLAB_2024-11-12_11-45-27_171_455
IntegrationTime = 128
P31 = -1
P31e = 0
PathLength = +INF
PathLengthCustomOn = 0
RAWDynamic = 65535
Salinity = 0
Temperature = -NAN
Unit1 = $01 $01 Wavelength nm
Unit2 = $03 $06 Intensity mW/(m^2 nm)
Unit3 = $f0 $06 Error mW/(m^2 nm)
Unit4 = $f1 $00 Status 
p999 = 7282
[END] of [Attributes]
[DATA]
 0 6 0 0
 185.260577530984 -NAN 0 0
 187.468128380571 -NAN 0 0
 189.674861895872 -NAN 0 0
 191.880784034125 -NAN 0 0
 194.085900752568 -NAN 0 0
 196.290218008439 -NAN 0 0
 198.493741758976 -NAN 0 0
 200.696477961417 -NAN 0 0
 202.898432573 -NAN 0 0
 205.099611550963 -NAN 0 0
 207.300020852544 -NAN 0 0
 209.499666434981 -NAN 0 0
 211.698554255512 -NAN 0 0
 213.896690271375 -NAN 0 0
 216.094080439808 -NAN 0 0
 218.290730718049 -NAN 0 0
 220.486647063336 -NAN 0 0
 222.681835432907 -NAN 0 0
 224.876301784 -NAN 0 0
 227.070052073853 -NAN 0 0
 229.263092259704 -NAN 0 0
 231.455428298791 -NAN 0 0
 233.647066148352 -NAN 0 0
 235.838011765625 -NAN 0 0
 238.028271107848 -NAN 0 0
 240.217850132259 -NAN 0 0
 242.406754796096 -NAN 0 0
 244.594991056597 -NAN 0 0
 246.782564871 -NAN 0 0
 248.969482196543 -NAN 0 0
 251.155748990464 -NAN 0 0
 253.341371210001 -NAN 0 0
 255.526354812392 -NAN 0 0
 257.710705754875 -NAN 0 0
 259.894429994688 -NAN 0 0
 262.077533489069 -NAN 0 0
 264.260022195256 -NAN 0 0
 266.441902070487 -NAN 0 0
 268.623179072 -NAN 0 0
 270.803859157033 -NAN 0 0
 272.983948282824 -NAN 0 0
 275.163452406611 -NAN 0 0
 277.342377485632 -NAN 0 0
 279.520729477125 4.867125076101 0 0
 281.698514338328 2.90292002135234 0 0
 283.875738026479 9.79381793517998 0 0
 286.052406498816 13.3278446796334 0 0
 288.228525712577 14.0214093587619 0 0
 290.404101625 24.9717162086329 0 0
 292.579140193323 31.6283210657315 0 0
 294.753647374784 37.0576255573153 0 0
 296.927629126621 48.6105858866707 0 0
 299.101091406072 55.2060538022231 0 0
 301.274040170375 60.9758207768628 0 0
 303.446481376768 68.6268647833574 0 0
 305.618420982489 72.2623347164903 0 0
 307.789864944776 72.6263780626698 0 0
 309.960819220867 80.002129076318 0 0
 312.131289768 82.1272708718532 0 0
 314.301282543413 76.505461266044 0 0
 316.470803504344 73.321400204344 0 0
 318.639858608031 65.8831683710262 0 0
 320.808453811712 58.1989930948807 0 0
 322.976595072625 59.4027721739777 0 0
 325.144288348008 52.2207209400577 0 0
 327.311539595099 45.0251701651317 0 0
 329.478354771136 45.5152192985313 0 0
 331.644739833357 38.275306919117 0 0
 333.810700739 32.7815694181466 0 0
 335.976243445303 33.8601823683248 0 0
 338.141373909504 26.4561122811002 0 0
 340.306098088841 21.6824979606891 0 0
 342.470421940552 23.2650812601354 0 0
 344.634351421875 17.6530529634138 0 0
 346.797892490048 14.3015727559281 0 0
 348.961051102309 15.9557587921715 0 0
 351.123833215896 11.3305762839329 0 0
 353.286244788047 9.14359414558409 0 0
 355.448291776 11.288051883206 0 0
 357.609980136993 7.25360288215412 0 0
 359.771315828264 6.6905077357319 0 0
 361.932304807051 12.9759782618948 0 0
 364.092953030592 13.9502368371272 0 0
 366.253266456125 13.0459909782649 0 0
 368.413251040888 11.0173948989834 0 0
 370.572912742119 3.46391076052576 0 0
 372.732257517056 2.18866202180471 0 0
 374.891291322937 5.42078546463189 0 0
 377.050020117 0.963365026798834 0 0
 379.208449856483 1.23660115977296 0 0
 381.366586498624 4.65005863866833 0 0
 383.524436000661 0.13760533186693 0 0
 385.682004319832 0.647759687338441 0 0
 387.839297413375 4.19810539303424 0 0
 389.996321238528 -0.491393313579202 0 0
 392.153081752529 0.84928527776364 0 0
 394.309584912616 3.62845575377177 0 0
 396.465836676027 -0.519352813980873 0 0
 398.621843 1.84495771233557 0 0
 400.777609841773 7.8010287249855 0 0
 402.933143158584 10.2030870310506 0 0
 405.088448907671 14.4648257108375 0 0
 407.243533046272 12.8235651120285 0 0
 409.398401531625 4.17733432461959 0 0
 411.553060320968 5.19833349270871 0 0
 413.707515371539 7.57775465231203 0 0
 415.861772640576 6.46389367102245 0 0
 418.015838085317 11.9518903896651 0 0
 420.169717663 17.6706096439382 0 0
 422.323417330863 21.3228140618944 0 0
 424.476943046144 32.7156002213814 0 0
 426.630300766081 45.9648695739836 0 0
 428.783496447912 60.8409213133971 0 0
 430.936536048875 89.7165746588556 0 0
 433.089425526208 137.538469890248 0 0
 435.242170837149 187.817662340836 0 0
 437.394777938936 233.912658965517 0 0
 439.547252788807 277.999131044303 0 0
 441.699601344 348.289078079985 0 0
 443.851829561753 442.561305924065 0 0
 446.003943399304 529.672640734892 0 0
 448.155948813891 579.523542987537 0 0
 450.307851762752 578.976183440392 0 0
 452.459658203125 522.949693241913 0 0
 454.611374092248 437.296657606228 0 0
 456.763005387359 360.757156591744 0 0
 458.914558045696 300.02790725203 0 0
 461.066038024497 256.232350434088 0 0
 463.217451281 228.477164410309 0 0
 465.368803772443 198.571125337625 0 0
 467.520101456064 166.28088858392 0 0
 469.671350289101 142.039333038721 0 0
 471.822556228792 118.101837388084 0 0
 473.973725232375 99.0753498332103 0 0
 476.124863257088 92.5292888325567 0 0
 478.275976260169 85.3346212799832 0 0
 480.427070198856 79.8323859255623 0 0
 482.578151030387 81.8207472529085 0 0
 484.729224712 79.3933338059024 0 0
 486.880297200933 77.864018495592 0 0
 489.031374454424 83.5850892163369 0 0
 491.182462429711 84.9865948883312 0 0
 493.333567084032 87.5281176773407 0 0
 495.484694374625 96.0317513850489 0 0
 497.635850258728 98.8524417878459 0 0
 499.787040693579 102.267542699276 0 0
 501.938271636416 110.693416254071 0 0
 504.089549044477 -NAN 0 0
 506.240878875 -NAN 0 0
 508.392267085223 -NAN 0 0
 510.543719632384 -NAN 0 0
 512.695242473721 -NAN 0 0
 514.846841566472 -NAN 0 0
 516.998522867875 -NAN 0 0
 519.150292335168 -NAN 0 0
 521.302155925589 -NAN 0 0
 523.454119596376 -NAN 0 0
 525.606189304767 -NAN 0 0
 527.758371008 -NAN 0 0
 529.910670663313 -NAN 0 0
 532.063094227944 -NAN 0 0
 534.215647659131 -NAN 0 0
 536.368336914112 -NAN 0 0
 538.521167950125 -NAN 0 0
 540.674146724408 -NAN 0 0
 542.827279194199 -NAN 0 0
 544.980571316736 -NAN 0 0
 547.134029049257 -NAN 0 0
 549.287658349 -NAN 0 0
 551.441465173203 -NAN 0 0
 553.595455479104 -NAN 0 0
 555.749635223941 -NAN 0 0
 557.904010364952 -NAN 0 0
 560.058586859375 -NAN 0 0
 562.213370664448 -NAN 0 0
 564.368367737409 -NAN 0 0
 566.523584035496 -NAN 0 0
 568.679025515947 -NAN 0 0
 570.834698136 -NAN 0 0
 572.990607852893 -NAN 0 0
 575.146760623864 -NAN 0 0
 577.303162406151 -NAN 0 0
 579.459819156992 -NAN 0 0
 581.616736833625 -NAN 0 0
 583.773921393288 -NAN 0 0
 585.931378793219 -NAN 0 0
 588.089114990656 -NAN 0 0
 590.247135942837 -NAN 0 0
 592.405447607 -NAN 0 0
 594.564055940383 -NAN 0 0
 596.722966900224 -NAN 0 0
 598.882186443761 -NAN 0 0
 601.041720528232 -NAN 0 0
 603.201575110875 -NAN 0 0
 605.361756148928 -NAN 0 0
 607.522269599629 -NAN 0 0
 609.683121420216 -NAN 0 0
 611.844317567927 -NAN 0 0
 614.005864 -NAN 0 0
 616.167766673673 -NAN 0 0
 618.330031546184 -NAN 0 0
 620.492664574771 -NAN 0 0
 622.655671716672 -NAN 0 0
 624.819058929125 -NAN 0 0
 626.982832169368 -NAN 0 0
 629.146997394639 -NAN 0 0
 631.311560562176 -NAN 0 0
 633.476527629217 -NAN 0 0
 635.641904553 -NAN 0 0
 637.807697290763 -NAN 0 0
 639.973911799744 -NAN 0 0
 642.140554037181 -NAN 0 0
 644.307629960312 -NAN 0 0
 646.475145526375 -NAN 0 0
 648.643106692608 -NAN 0 0
 650.811519416249 -NAN 0 0
 652.980389654536 -NAN 0 0
 655.149723364707 -NAN 0 0
 657.319526504 -NAN 0 0
 659.489805029653 -NAN 0 0
 661.660564898904 -NAN 0 0
 663.831812068991 -NAN 0 0
 666.003552497152 -NAN 0 0
 668.175792140625 -NAN 0 0
 670.348536956648 -NAN 0 0
 672.521792902459 -NAN 0 0
 674.695565935296 -NAN 0 0
 676.869862012397 -NAN 0 0
 679.044687091 -NAN 0 0
 681.220047128343 -NAN 0 0
 683.395948081664 -NAN 0 0
 685.572395908201 -NAN 0 0
 687.749396565192 -NAN 0 0
 689.926956009875 -NAN 0 0
 692.105080199488 -NAN 0 0
 694.283775091269 -NAN 0 0
 696.463046642456 -NAN 0 0
 698.642900810287 -NAN 0 0
 700.823343552 -NAN 0 0
 703.004380824833 -NAN 0 0
 705.186018586024 -NAN 0 0
 707.368262792811 -NAN 0 0
 709.551119402432 -NAN 0 0
 711.734594372125 -NAN 0 0
 713.918693659128 -NAN 0 0
 716.103423220679 -NAN 0 0
 718.288789014016 -NAN 0 0
 720.474796996377 -NAN 0 0
 722.661453125 -NAN 0 0
 724.848763357123 -NAN 0 0
 727.036733649984 -NAN 0 0
 729.225369960821 -NAN 0 0
 731.414678246872 -NAN 0 0
 733.604664465375 -NAN 0 0
 735.795334573568 -NAN 0 0
[END] of [DATA]
[END] of Spectrum


