[Spectrum]
Version            = 1
IDData             = 12ad_2026-06-09_17-37-30_000_763
IDDevice           = SAM_82E6
IDDataType         = SPECTRUM
IDDataTypeSub1     = CALIBRATED
IDDataTypeSub2     = 
IDDataTypeSub3     = 
DateTime           = 2026-06-09 17:37:30
PositionLatitude   = 0
PositionLongitude  = 0
Comment            = 20260609_FrameA
CommentSub1        = UV
CommentSub2        = left
CommentSub3        = 39cm
IDMethodType       = SAM Control
MethodName         = SAM_82E6
Mission            = No Mission
MissionSub         = 1
RecordType         = 0
[Attributes]
CalFactor = 1
IDBasisSpec = 
IDDataBack = DLAB_2024-11-11_10-40-48_641_639
IDDataCal = DLAB_2024-11-12_11-45-27_171_455
IntegrationTime = 128
P31 = -1
P31e = 0
PathLength = +INF
PathLengthCustomOn = 0
RAWDynamic = 65535
Salinity = 0
Temperature = -NAN
Unit1 = $01 $01 Wavelength nm
Unit2 = $03 $06 Intensity mW/(m^2 nm)
Unit3 = $f0 $06 Error mW/(m^2 nm)
Unit4 = $f1 $00 Status 
p999 = 8113
[END] of [Attributes]
[DATA]
 0 6 0 0
 185.260577530984 -NAN 0 0
 187.468128380571 -NAN 0 0
 189.674861895872 -NAN 0 0
 191.880784034125 -NAN 0 0
 194.085900752568 -NAN 0 0
 196.290218008439 -NAN 0 0
 198.493741758976 -NAN 0 0
 200.696477961417 -NAN 0 0
 202.898432573 -NAN 0 0
 205.099611550963 -NAN 0 0
 207.300020852544 -NAN 0 0
 209.499666434981 -NAN 0 0
 211.698554255512 -NAN 0 0
 213.896690271375 -NAN 0 0
 216.094080439808 -NAN 0 0
 218.290730718049 -NAN 0 0
 220.486647063336 -NAN 0 0
 222.681835432907 -NAN 0 0
 224.876301784 -NAN 0 0
 227.070052073853 -NAN 0 0
 229.263092259704 -NAN 0 0
 231.455428298791 -NAN 0 0
 233.647066148352 -NAN 0 0
 235.838011765625 -NAN 0 0
 238.028271107848 -NAN 0 0
 240.217850132259 -NAN 0 0
 242.406754796096 -NAN 0 0
 244.594991056597 -NAN 0 0
 246.782564871 -NAN 0 0
 248.969482196543 -NAN 0 0
 251.155748990464 -NAN 0 0
 253.341371210001 -NAN 0 0
 255.526354812392 -NAN 0 0
 257.710705754875 -NAN 0 0
 259.894429994688 -NAN 0 0
 262.077533489069 -NAN 0 0
 264.260022195256 -NAN 0 0
 266.441902070487 -NAN 0 0
 268.623179072 -NAN 0 0
 270.803859157033 -NAN 0 0
 272.983948282824 -NAN 0 0
 275.163452406611 -NAN 0 0
 277.342377485632 -NAN 0 0
 279.520729477125 5.58941055193023 0 0
 281.698514338328 5.35567905020669 0 0
 283.875738026479 24.7201609008747 0 0
 286.052406498816 22.6633877484781 0 0
 288.228525712577 28.6234932355268 0 0
 290.404101625 56.7527720480939 0 0
 292.579140193323 61.5223523391348 0 0
 294.753647374784 77.9858084699125 0 0
 296.927629126621 106.686780918123 0 0
 299.101091406072 113.150054389611 0 0
 301.274040170375 129.905338589133 0 0
 303.446481376768 149.726190123052 0 0
 305.618420982489 150.762007206411 0 0
 307.789864944776 156.133282173397 0 0
 309.960819220867 173.807060168606 0 0
 312.131289768 171.980846572914 0 0
 314.301282543413 164.690091900078 0 0
 316.470803504344 159.797512420673 0 0
 318.639858608031 136.490645577246 0 0
 320.808453811712 124.860649628287 0 0
 322.976595072625 128.510147902513 0 0
 325.144288348008 105.342978634669 0 0
 327.311539595099 95.6957471577882 0 0
 329.478354771136 98.4799221354637 0 0
 331.644739833357 75.9353273832698 0 0
 333.810700739 69.689274918605 0 0
 335.976243445303 72.8008880237135 0 0
 338.141373909504 50.7551359686871 0 0
 340.306098088841 46.2900914431225 0 0
 342.470421940552 49.763090655023 0 0
 344.634351421875 32.1676707333816 0 0
 346.797892490048 30.3531887682407 0 0
 348.961051102309 33.8427903347038 0 0
 351.123833215896 19.3142363462124 0 0
 353.286244788047 19.3542870334186 0 0
 355.448291776 23.3936387922793 0 0
 357.609980136993 10.8044551503405 0 0
 359.771315828264 14.0519246185106 0 0
 361.932304807051 25.9856600727539 0 0
 364.092953030592 23.2014088654321 0 0
 366.253266456125 26.7772296990272 0 0
 368.413251040888 21.889304647842 0 0
 370.572912742119 2.02203068794231 0 0
 372.732257517056 5.36383624985768 0 0
 374.891291322937 10.4356488258302 0 0
 377.050020117 -3.5749761580378 0 0
 379.208449856483 3.25739746902341 0 0
 381.366586498624 8.59872287509578 0 0
 383.524436000661 -5.58711708584307 0 0
 385.682004319832 2.77844915323422 0 0
 387.839297413375 7.23870495734304 0 0
 389.996321238528 -6.4527239177287 0 0
 392.153081752529 2.45338014126227 0 0
 394.309584912616 6.35845656514144 0 0
 396.465836676027 -6.3620068468806 0 0
 398.621843 4.35801019530312 0 0
 400.777609841773 13.6819009947902 0 0
 402.933143158584 14.1545798180875 0 0
 405.088448907671 27.3832004347967 0 0
 407.243533046272 22.2159251685058 0 0
 409.398401531625 2.20192123141189 0 0
 411.553060320968 8.24029353984245 0 0
 413.707515371539 9.87299993081191 0 0
 415.861772640576 2.99586682562809 0 0
 418.015838085317 15.2114642373561 0 0
 420.169717663 21.3695604762825 0 0
 422.323417330863 21.095752637542 0 0
 424.476943046144 39.6214482650307 0 0
 426.630300766081 54.5605093676924 0 0
 428.783496447912 68.5523971346134 0 0
 430.936536048875 110.232996313762 0 0
 433.089425526208 175.912296865918 0 0
 435.242170837149 240.372448589619 0 0
 437.394777938936 297.580351060212 0 0
 439.547252788807 337.503164118906 0 0
 441.699601344 411.423032471622 0 0
 443.851829561753 528.399719381394 0 0
 446.003943399304 642.43569951407 0 0
 448.155948813891 729.23375790032 0 0
 450.307851762752 787.017311262477 0 0
 452.459658203125 780.910297592019 0 0
 454.611374092248 723.003340642306 0 0
 456.763005387359 650.901510466721 0 0
 458.914558045696 557.446060966454 0 0
 461.066038024497 467.439592700218 0 0
 463.217451281 410.12777717866 0 0
 465.368803772443 353.898548872256 0 0
 467.520101456064 303.450850834137 0 0
 469.671350289101 274.677934578627 0 0
 471.822556228792 234.368024380771 0 0
 473.973725232375 195.839415021551 0 0
 476.124863257088 180.357777758466 0 0
 478.275976260169 156.127655905803 0 0
 480.427070198856 137.538992396782 0 0
 482.578151030387 141.052456925693 0 0
 484.729224712 131.842271366324 0 0
 486.880297200933 124.782753256972 0 0
 489.031374454424 136.156905442068 0 0
 491.182462429711 131.490464550175 0 0
 493.333567084032 129.897062319817 0 0
 495.484694374625 145.026743152642 0 0
 497.635850258728 143.527627405975 0 0
 499.787040693579 145.519532178258 0 0
 501.938271636416 162.149990620813 0 0
 504.089549044477 -NAN 0 0
 506.240878875 -NAN 0 0
 508.392267085223 -NAN 0 0
 510.543719632384 -NAN 0 0
 512.695242473721 -NAN 0 0
 514.846841566472 -NAN 0 0
 516.998522867875 -NAN 0 0
 519.150292335168 -NAN 0 0
 521.302155925589 -NAN 0 0
 523.454119596376 -NAN 0 0
 525.606189304767 -NAN 0 0
 527.758371008 -NAN 0 0
 529.910670663313 -NAN 0 0
 532.063094227944 -NAN 0 0
 534.215647659131 -NAN 0 0
 536.368336914112 -NAN 0 0
 538.521167950125 -NAN 0 0
 540.674146724408 -NAN 0 0
 542.827279194199 -NAN 0 0
 544.980571316736 -NAN 0 0
 547.134029049257 -NAN 0 0
 549.287658349 -NAN 0 0
 551.441465173203 -NAN 0 0
 553.595455479104 -NAN 0 0
 555.749635223941 -NAN 0 0
 557.904010364952 -NAN 0 0
 560.058586859375 -NAN 0 0
 562.213370664448 -NAN 0 0
 564.368367737409 -NAN 0 0
 566.523584035496 -NAN 0 0
 568.679025515947 -NAN 0 0
 570.834698136 -NAN 0 0
 572.990607852893 -NAN 0 0
 575.146760623864 -NAN 0 0
 577.303162406151 -NAN 0 0
 579.459819156992 -NAN 0 0
 581.616736833625 -NAN 0 0
 583.773921393288 -NAN 0 0
 585.931378793219 -NAN 0 0
 588.089114990656 -NAN 0 0
 590.247135942837 -NAN 0 0
 592.405447607 -NAN 0 0
 594.564055940383 -NAN 0 0
 596.722966900224 -NAN 0 0
 598.882186443761 -NAN 0 0
 601.041720528232 -NAN 0 0
 603.201575110875 -NAN 0 0
 605.361756148928 -NAN 0 0
 607.522269599629 -NAN 0 0
 609.683121420216 -NAN 0 0
 611.844317567927 -NAN 0 0
 614.005864 -NAN 0 0
 616.167766673673 -NAN 0 0
 618.330031546184 -NAN 0 0
 620.492664574771 -NAN 0 0
 622.655671716672 -NAN 0 0
 624.819058929125 -NAN 0 0
 626.982832169368 -NAN 0 0
 629.146997394639 -NAN 0 0
 631.311560562176 -NAN 0 0
 633.476527629217 -NAN 0 0
 635.641904553 -NAN 0 0
 637.807697290763 -NAN 0 0
 639.973911799744 -NAN 0 0
 642.140554037181 -NAN 0 0
 644.307629960312 -NAN 0 0
 646.475145526375 -NAN 0 0
 648.643106692608 -NAN 0 0
 650.811519416249 -NAN 0 0
 652.980389654536 -NAN 0 0
 655.149723364707 -NAN 0 0
 657.319526504 -NAN 0 0
 659.489805029653 -NAN 0 0
 661.660564898904 -NAN 0 0
 663.831812068991 -NAN 0 0
 666.003552497152 -NAN 0 0
 668.175792140625 -NAN 0 0
 670.348536956648 -NAN 0 0
 672.521792902459 -NAN 0 0
 674.695565935296 -NAN 0 0
 676.869862012397 -NAN 0 0
 679.044687091 -NAN 0 0
 681.220047128343 -NAN 0 0
 683.395948081664 -NAN 0 0
 685.572395908201 -NAN 0 0
 687.749396565192 -NAN 0 0
 689.926956009875 -NAN 0 0
 692.105080199488 -NAN 0 0
 694.283775091269 -NAN 0 0
 696.463046642456 -NAN 0 0
 698.642900810287 -NAN 0 0
 700.823343552 -NAN 0 0
 703.004380824833 -NAN 0 0
 705.186018586024 -NAN 0 0
 707.368262792811 -NAN 0 0
 709.551119402432 -NAN 0 0
 711.734594372125 -NAN 0 0
 713.918693659128 -NAN 0 0
 716.103423220679 -NAN 0 0
 718.288789014016 -NAN 0 0
 720.474796996377 -NAN 0 0
 722.661453125 -NAN 0 0
 724.848763357123 -NAN 0 0
 727.036733649984 -NAN 0 0
 729.225369960821 -NAN 0 0
 731.414678246872 -NAN 0 0
 733.604664465375 -NAN 0 0
 735.795334573568 -NAN 0 0
[END] of [DATA]
[END] of Spectrum


[Spectrum]
Version            = 1
IDData             = 12ad_2026-06-09_17-37-25_000_760
IDDevice           = SAM_82E6
IDDataType         = SPECTRUM
IDDataTypeSub1     = CALIBRATED
IDDataTypeSub2     = 
IDDataTypeSub3     = 
DateTime           = 2026-06-09 17:37:25
PositionLatitude   = 0
PositionLongitude  = 0
Comment            = 20260609_FrameA
CommentSub1        = UV
CommentSub2        = left
CommentSub3        = 39cm
IDMethodType       = SAM Control
MethodName         = SAM_82E6
Mission            = No Mission
MissionSub         = 1
RecordType         = 0
[Attributes]
CalFactor = 1
IDBasisSpec = 
IDDataBack = DLAB_2024-11-11_10-40-48_641_639
IDDataCal = DLAB_2024-11-12_11-45-27_171_455
IntegrationTime = 128
P31 = -1
P31e = 0
PathLength = +INF
PathLengthCustomOn = 0
RAWDynamic = 65535
Salinity = 0
Temperature = -NAN
Unit1 = $01 $01 Wavelength nm
Unit2 = $03 $06 Intensity mW/(m^2 nm)
Unit3 = $f0 $06 Error mW/(m^2 nm)
Unit4 = $f1 $00 Status 
p999 = 8112
[END] of [Attributes]
[DATA]
 0 6 0 0
 185.260577530984 -NAN 0 0
 187.468128380571 -NAN 0 0
 189.674861895872 -NAN 0 0
 191.880784034125 -NAN 0 0
 194.085900752568 -NAN 0 0
 196.290218008439 -NAN 0 0
 198.493741758976 -NAN 0 0
 200.696477961417 -NAN 0 0
 202.898432573 -NAN 0 0
 205.099611550963 -NAN 0 0
 207.300020852544 -NAN 0 0
 209.499666434981 -NAN 0 0
 211.698554255512 -NAN 0 0
 213.896690271375 -NAN 0 0
 216.094080439808 -NAN 0 0
 218.290730718049 -NAN 0 0
 220.486647063336 -NAN 0 0
 222.681835432907 -NAN 0 0
 224.876301784 -NAN 0 0
 227.070052073853 -NAN 0 0
 229.263092259704 -NAN 0 0
 231.455428298791 -NAN 0 0
 233.647066148352 -NAN 0 0
 235.838011765625 -NAN 0 0
 238.028271107848 -NAN 0 0
 240.217850132259 -NAN 0 0
 242.406754796096 -NAN 0 0
 244.594991056597 -NAN 0 0
 246.782564871 -NAN 0 0
 248.969482196543 -NAN 0 0
 251.155748990464 -NAN 0 0
 253.341371210001 -NAN 0 0
 255.526354812392 -NAN 0 0
 257.710705754875 -NAN 0 0
 259.894429994688 -NAN 0 0
 262.077533489069 -NAN 0 0
 264.260022195256 -NAN 0 0
 266.441902070487 -NAN 0 0
 268.623179072 -NAN 0 0
 270.803859157033 -NAN 0 0
 272.983948282824 -NAN 0 0
 275.163452406611 -NAN 0 0
 277.342377485632 -NAN 0 0
 279.520729477125 13.0351775519008 0 0
 281.698514338328 4.72418512113597 0 0
 283.875738026479 16.3871098279736 0 0
 286.052406498816 31.1873338382428 0 0
 288.228525712577 26.8741658794112 0 0
 290.404101625 48.0935394564033 0 0
 292.579140193323 69.5695526663632 0 0
 294.753647374784 75.2798015935095 0 0
 296.927629126621 99.0117645444374 0 0
 299.101091406072 119.503134623483 0 0
 301.274040170375 126.37903051844 0 0
 303.446481376768 142.829023108209 0 0
 305.618420982489 155.972447971593 0 0
 307.789864944776 151.884396506506 0 0
 309.960819220867 166.962974585571 0 0
 312.131289768 177.412435135618 0 0
 314.301282543413 159.816785813588 0 0
 316.470803504344 153.2036783202 0 0
 318.639858608031 143.695989013314 0 0
 320.808453811712 119.737232775311 0 0
 322.976595072625 122.388863380571 0 0
 325.144288348008 114.156745979641 0 0
 327.311539595099 90.5808980914945 0 0
 329.478354771136 93.0760588068135 0 0
 331.644739833357 85.4798730209926 0 0
 333.810700739 64.3649380017385 0 0
 335.976243445303 68.4617060623377 0 0
 338.141373909504 60.2390862034735 0 0
 340.306098088841 41.5056586231789 0 0
 342.470421940552 47.1271698746361 0 0
 344.634351421875 41.3389675100559 0 0
 346.797892490048 26.0298343350629 0 0
 348.961051102309 32.3265677592312 0 0
 351.123833215896 27.5184209503131 0 0
 353.286244788047 15.373163610364 0 0
 355.448291776 22.5449353915987 0 0
 357.609980136993 18.9416464609401 0 0
 359.771315828264 9.97001680580675 0 0
 361.932304807051 25.8901298298821 0 0
 364.092953030592 31.6995260068832 0 0
 366.253266456125 22.1561622030197 0 0
 368.413251040888 22.2639054632298 0 0
 370.572912742119 11.8602245978257 0 0
 372.732257517056 0.0844894540769165 0 0
 374.891291322937 11.8433061821773 0 0
 377.050020117 7.00666980818768 0 0
 379.208449856483 -2.35577011851369 0 0
 381.366586498624 10.9178918128114 0 0
 383.524436000661 5.26398908575967 0 0
 385.682004319832 -3.38746462157098 0 0
 387.839297413375 10.2778876532621 0 0
 389.996321238528 4.0189348131701 0 0
 392.153081752529 -3.73681638647767 0 0
 394.309584912616 9.94618490415923 0 0
 396.465836676027 3.33234167599829 0 0
 398.621843 -1.84766375550956 0 0
 400.777609841773 17.5482949041509 0 0
 402.933143158584 22.4162159562189 0 0
 405.088448907671 20.974379501467 0 0
 407.243533046272 26.0044700989518 0 0
 409.398401531625 9.58909536825067 0 0
 411.553060320968 2.68469065463119 0 0
 413.707515371539 13.7708864365823 0 0
 415.861772640576 9.35527685318908 0 0
 418.015838085317 10.2070943765012 0 0
 420.169717663 25.1186505398581 0 0
 422.323417330863 26.3227432489457 0 0
 424.476943046144 34.8468265906361 0 0
 426.630300766081 58.090090721024 0 0
 428.783496447912 72.9400481675638 0 0
 430.936536048875 105.503952058098 0 0
 433.089425526208 178.887608358715 0 0
 435.242170837149 243.19447709177 0 0
 437.394777938936 292.187452793171 0 0
 439.547252788807 340.781264513786 0 0
 441.699601344 414.9023454379 0 0
 443.851829561753 523.354881566598 0 0
 446.003943399304 646.211294190797 0 0
 448.155948813891 732.252951045063 0 0
 450.307851762752 781.582082137134 0 0
 452.459658203125 785.398268549123 0 0
 454.611374092248 726.121520569464 0 0
 456.763005387359 645.123068765164 0 0
 458.914558045696 562.299485908156 0 0
 461.066038024497 470.211985779575 0 0
 463.217451281 403.718302008878 0 0
 465.368803772443 359.164654557554 0 0
 467.520101456064 305.728912811636 0 0
 469.671350289101 267.919893369016 0 0
 471.822556228792 240.03781277115 0 0
 473.973725232375 197.626489188605 0 0
 476.124863257088 173.46590402137 0 0
 478.275976260169 161.991700795145 0 0
 480.427070198856 138.785396285009 0 0
 482.578151030387 134.305345955391 0 0
 484.729224712 137.780076720223 0 0
 486.880297200933 125.732448226751 0 0
 489.031374454424 129.49367613796 0 0
 491.182462429711 137.665590525494 0 0
 493.333567084032 130.060722054483 0 0
 495.484694374625 138.59494680417 0 0
 497.635850258728 149.731904780005 0 0
 499.787040693579 145.209688597886 0 0
 501.938271636416 156.225359944645 0 0
 504.089549044477 -NAN 0 0
 506.240878875 -NAN 0 0
 508.392267085223 -NAN 0 0
 510.543719632384 -NAN 0 0
 512.695242473721 -NAN 0 0
 514.846841566472 -NAN 0 0
 516.998522867875 -NAN 0 0
 519.150292335168 -NAN 0 0
 521.302155925589 -NAN 0 0
 523.454119596376 -NAN 0 0
 525.606189304767 -NAN 0 0
 527.758371008 -NAN 0 0
 529.910670663313 -NAN 0 0
 532.063094227944 -NAN 0 0
 534.215647659131 -NAN 0 0
 536.368336914112 -NAN 0 0
 538.521167950125 -NAN 0 0
 540.674146724408 -NAN 0 0
 542.827279194199 -NAN 0 0
 544.980571316736 -NAN 0 0
 547.134029049257 -NAN 0 0
 549.287658349 -NAN 0 0
 551.441465173203 -NAN 0 0
 553.595455479104 -NAN 0 0
 555.749635223941 -NAN 0 0
 557.904010364952 -NAN 0 0
 560.058586859375 -NAN 0 0
 562.213370664448 -NAN 0 0
 564.368367737409 -NAN 0 0
 566.523584035496 -NAN 0 0
 568.679025515947 -NAN 0 0
 570.834698136 -NAN 0 0
 572.990607852893 -NAN 0 0
 575.146760623864 -NAN 0 0
 577.303162406151 -NAN 0 0
 579.459819156992 -NAN 0 0
 581.616736833625 -NAN 0 0
 583.773921393288 -NAN 0 0
 585.931378793219 -NAN 0 0
 588.089114990656 -NAN 0 0
 590.247135942837 -NAN 0 0
 592.405447607 -NAN 0 0
 594.564055940383 -NAN 0 0
 596.722966900224 -NAN 0 0
 598.882186443761 -NAN 0 0
 601.041720528232 -NAN 0 0
 603.201575110875 -NAN 0 0
 605.361756148928 -NAN 0 0
 607.522269599629 -NAN 0 0
 609.683121420216 -NAN 0 0
 611.844317567927 -NAN 0 0
 614.005864 -NAN 0 0
 616.167766673673 -NAN 0 0
 618.330031546184 -NAN 0 0
 620.492664574771 -NAN 0 0
 622.655671716672 -NAN 0 0
 624.819058929125 -NAN 0 0
 626.982832169368 -NAN 0 0
 629.146997394639 -NAN 0 0
 631.311560562176 -NAN 0 0
 633.476527629217 -NAN 0 0
 635.641904553 -NAN 0 0
 637.807697290763 -NAN 0 0
 639.973911799744 -NAN 0 0
 642.140554037181 -NAN 0 0
 644.307629960312 -NAN 0 0
 646.475145526375 -NAN 0 0
 648.643106692608 -NAN 0 0
 650.811519416249 -NAN 0 0
 652.980389654536 -NAN 0 0
 655.149723364707 -NAN 0 0
 657.319526504 -NAN 0 0
 659.489805029653 -NAN 0 0
 661.660564898904 -NAN 0 0
 663.831812068991 -NAN 0 0
 666.003552497152 -NAN 0 0
 668.175792140625 -NAN 0 0
 670.348536956648 -NAN 0 0
 672.521792902459 -NAN 0 0
 674.695565935296 -NAN 0 0
 676.869862012397 -NAN 0 0
 679.044687091 -NAN 0 0
 681.220047128343 -NAN 0 0
 683.395948081664 -NAN 0 0
 685.572395908201 -NAN 0 0
 687.749396565192 -NAN 0 0
 689.926956009875 -NAN 0 0
 692.105080199488 -NAN 0 0
 694.283775091269 -NAN 0 0
 696.463046642456 -NAN 0 0
 698.642900810287 -NAN 0 0
 700.823343552 -NAN 0 0
 703.004380824833 -NAN 0 0
 705.186018586024 -NAN 0 0
 707.368262792811 -NAN 0 0
 709.551119402432 -NAN 0 0
 711.734594372125 -NAN 0 0
 713.918693659128 -NAN 0 0
 716.103423220679 -NAN 0 0
 718.288789014016 -NAN 0 0
 720.474796996377 -NAN 0 0
 722.661453125 -NAN 0 0
 724.848763357123 -NAN 0 0
 727.036733649984 -NAN 0 0
 729.225369960821 -NAN 0 0
 731.414678246872 -NAN 0 0
 733.604664465375 -NAN 0 0
 735.795334573568 -NAN 0 0
[END] of [DATA]
[END] of Spectrum


[Spectrum]
Version            = 1
IDData             = 12ad_2026-06-09_17-37-20_000_757
IDDevice           = SAM_82E6
IDDataType         = SPECTRUM
IDDataTypeSub1     = CALIBRATED
IDDataTypeSub2     = 
IDDataTypeSub3     = 
DateTime           = 2026-06-09 17:37:20
PositionLatitude   = 0
PositionLongitude  = 0
Comment            = 20260609_FrameA
CommentSub1        = UV
CommentSub2        = left
CommentSub3        = 39cm
IDMethodType       = SAM Control
MethodName         = SAM_82E6
Mission            = No Mission
MissionSub         = 1
RecordType         = 0
[Attributes]
CalFactor = 1
IDBasisSpec = 
IDDataBack = DLAB_2024-11-11_10-40-48_641_639
IDDataCal = DLAB_2024-11-12_11-45-27_171_455
IntegrationTime = 128
P31 = -1
P31e = 0
PathLength = +INF
PathLengthCustomOn = 0
RAWDynamic = 65535
Salinity = 0
Temperature = -NAN
Unit1 = $01 $01 Wavelength nm
Unit2 = $03 $06 Intensity mW/(m^2 nm)
Unit3 = $f0 $06 Error mW/(m^2 nm)
Unit4 = $f1 $00 Status 
p999 = 8111
[END] of [Attributes]
[DATA]
 0 6 0 0
 185.260577530984 -NAN 0 0
 187.468128380571 -NAN 0 0
 189.674861895872 -NAN 0 0
 191.880784034125 -NAN 0 0
 194.085900752568 -NAN 0 0
 196.290218008439 -NAN 0 0
 198.493741758976 -NAN 0 0
 200.696477961417 -NAN 0 0
 202.898432573 -NAN 0 0
 205.099611550963 -NAN 0 0
 207.300020852544 -NAN 0 0
 209.499666434981 -NAN 0 0
 211.698554255512 -NAN 0 0
 213.896690271375 -NAN 0 0
 216.094080439808 -NAN 0 0
 218.290730718049 -NAN 0 0
 220.486647063336 -NAN 0 0
 222.681835432907 -NAN 0 0
 224.876301784 -NAN 0 0
 227.070052073853 -NAN 0 0
 229.263092259704 -NAN 0 0
 231.455428298791 -NAN 0 0
 233.647066148352 -NAN 0 0
 235.838011765625 -NAN 0 0
 238.028271107848 -NAN 0 0
 240.217850132259 -NAN 0 0
 242.406754796096 -NAN 0 0
 244.594991056597 -NAN 0 0
 246.782564871 -NAN 0 0
 248.969482196543 -NAN 0 0
 251.155748990464 -NAN 0 0
 253.341371210001 -NAN 0 0
 255.526354812392 -NAN 0 0
 257.710705754875 -NAN 0 0
 259.894429994688 -NAN 0 0
 262.077533489069 -NAN 0 0
 264.260022195256 -NAN 0 0
 266.441902070487 -NAN 0 0
 268.623179072 -NAN 0 0
 270.803859157033 -NAN 0 0
 272.983948282824 -NAN 0 0
 275.163452406611 -NAN 0 0
 277.342377485632 -NAN 0 0
 279.520729477125 1.19965830658879 0 0
 281.698514338328 10.7018046733332 0 0
 283.875738026479 23.021353844325 0 0
 286.052406498816 17.0489950506208 0 0
 288.228525712577 33.9660335393392 0 0
 290.404101625 53.7471240603484 0 0
 292.579140193323 55.0566827120554 0 0
 294.753647374784 81.9565347968955 0 0
 296.927629126621 102.234128739047 0 0
 299.101091406072 106.353652856357 0 0
 301.274040170375 131.725930021486 0 0
 303.446481376768 144.205179947275 0 0
 305.618420982489 143.293171063132 0 0
 307.789864944776 156.944578832811 0 0
 309.960819220867 167.44929047257 0 0
 312.131289768 164.328011724157 0 0
 314.301282543413 166.033129010528 0 0
 316.470803504344 153.379611636944 0 0
 318.639858608031 129.732982826011 0 0
 320.808453811712 128.482581885224 0 0
 322.976595072625 122.692607340309 0 0
 325.144288348008 99.3963926078153 0 0
 327.311539595099 101.215210251682 0 0
 329.478354771136 93.1831543641113 0 0
 331.644739833357 71.2230133201595 0 0
 333.810700739 76.1681803078529 0 0
 335.976243445303 68.2000468485864 0 0
 338.141373909504 47.5741575469795 0 0
 340.306098088841 52.9394350984144 0 0
 342.470421940552 46.1843666148852 0 0
 344.634351421875 30.1794875160606 0 0
 346.797892490048 36.5537415219434 0 0
 348.961051102309 31.0150525795318 0 0
 351.123833215896 18.3101220618791 0 0
 353.286244788047 25.3832192180445 0 0
 355.448291776 20.918522791055 0 0
 357.609980136993 10.6341941398937 0 0
 359.771315828264 20.1538121076987 0 0
 361.932304807051 23.5974040009596 0 0
 364.092953030592 23.3267298436042 0 0
 366.253266456125 33.2971740584434 0 0
 368.413251040888 19.0561586751522 0 0
 370.572912742119 3.22401607946004 0 0
 372.732257517056 12.9991257966095 0 0
 374.891291322937 7.55983308062827 0 0
 377.050020117 -1.60928126794898 0 0
 379.208449856483 11.7254296485764 0 0
 381.366586498624 5.37223738770714 0 0
 383.524436000661 -2.87114277098611 0 0
 385.682004319832 10.8986802352095 0 0
 387.839297413375 4.00399442364453 0 0
 389.996321238528 -3.28804958899429 0 0
 392.153081752529 10.6001283623699 0 0
 394.309584912616 3.0489101269825 0 0
 396.465836676027 -2.926494055017 0 0
 398.621843 11.4075602702802 0 0
 400.777609841773 9.94035532468224 0 0
 402.933143158584 16.8729736693364 0 0
 405.088448907671 33.0696930743181 0 0
 407.243533046272 18.3703560434341 0 0
 409.398401531625 5.56722764368046 0 0
 411.553060320968 13.6833946394092 0 0
 413.707515371539 6.72605319268384 0 0
 415.861772640576 6.23221559747786 0 0
 418.015838085317 19.9209389973946 0 0
 420.169717663 18.4605390416383 0 0
 422.323417330863 24.1143877830663 0 0
 424.476943046144 43.4587208990534 0 0
 426.630300766081 51.5333042304624 0 0
 428.783496447912 71.3164908400974 0 0
 430.936536048875 113.216768617256 0 0
 433.089425526208 171.761433730253 0 0
 435.242170837149 241.108525692559 0 0
 437.394777938936 298.633033291973 0 0
 439.547252788807 333.749484392125 0 0
 441.699601344 414.206976014448 0 0
 443.851829561753 530.888238184013 0 0
 446.003943399304 638.850039579749 0 0
 448.155948813891 732.237157532536 0 0
 450.307851762752 789.552308619593 0 0
 452.459658203125 777.328257614491 0 0
 454.611374092248 726.515215747825 0 0
 456.763005387359 653.24158898651 0 0
 458.914558045696 553.191454648035 0 0
 461.066038024497 471.184004521842 0 0
 463.217451281 412.056540003208 0 0
 465.368803772443 349.417767426257 0 0
 467.520101456064 307.40613192624 0 0
 469.671350289101 275.986675860449 0 0
 471.822556228792 229.7869402967 0 0
 473.973725232375 199.945391342527 0 0
 476.124863257088 181.437227861866 0 0
 478.275976260169 151.390414411911 0 0
 480.427070198856 141.933150876726 0 0
 482.578151030387 141.698706264287 0 0
 484.729224712 127.158412484676 0 0
 486.880297200933 129.477535104042 0 0
 489.031374454424 136.180402976138 0 0
 491.182462429711 126.990630483515 0 0
 493.333567084032 134.449474939196 0 0
 495.484694374625 144.810911060412 0 0
 497.635850258728 139.166530578076 0 0
 499.787040693579 150.25850820226 0 0
 501.938271636416 161.39770781561 0 0
 504.089549044477 -NAN 0 0
 506.240878875 -NAN 0 0
 508.392267085223 -NAN 0 0
 510.543719632384 -NAN 0 0
 512.695242473721 -NAN 0 0
 514.846841566472 -NAN 0 0
 516.998522867875 -NAN 0 0
 519.150292335168 -NAN 0 0
 521.302155925589 -NAN 0 0
 523.454119596376 -NAN 0 0
 525.606189304767 -NAN 0 0
 527.758371008 -NAN 0 0
 529.910670663313 -NAN 0 0
 532.063094227944 -NAN 0 0
 534.215647659131 -NAN 0 0
 536.368336914112 -NAN 0 0
 538.521167950125 -NAN 0 0
 540.674146724408 -NAN 0 0
 542.827279194199 -NAN 0 0
 544.980571316736 -NAN 0 0
 547.134029049257 -NAN 0 0
 549.287658349 -NAN 0 0
 551.441465173203 -NAN 0 0
 553.595455479104 -NAN 0 0
 555.749635223941 -NAN 0 0
 557.904010364952 -NAN 0 0
 560.058586859375 -NAN 0 0
 562.213370664448 -NAN 0 0
 564.368367737409 -NAN 0 0
 566.523584035496 -NAN 0 0
 568.679025515947 -NAN 0 0
 570.834698136 -NAN 0 0
 572.990607852893 -NAN 0 0
 575.146760623864 -NAN 0 0
 577.303162406151 -NAN 0 0
 579.459819156992 -NAN 0 0
 581.616736833625 -NAN 0 0
 583.773921393288 -NAN 0 0
 585.931378793219 -NAN 0 0
 588.089114990656 -NAN 0 0
 590.247135942837 -NAN 0 0
 592.405447607 -NAN 0 0
 594.564055940383 -NAN 0 0
 596.722966900224 -NAN 0 0
 598.882186443761 -NAN 0 0
 601.041720528232 -NAN 0 0
 603.201575110875 -NAN 0 0
 605.361756148928 -NAN 0 0
 607.522269599629 -NAN 0 0
 609.683121420216 -NAN 0 0
 611.844317567927 -NAN 0 0
 614.005864 -NAN 0 0
 616.167766673673 -NAN 0 0
 618.330031546184 -NAN 0 0
 620.492664574771 -NAN 0 0
 622.655671716672 -NAN 0 0
 624.819058929125 -NAN 0 0
 626.982832169368 -NAN 0 0
 629.146997394639 -NAN 0 0
 631.311560562176 -NAN 0 0
 633.476527629217 -NAN 0 0
 635.641904553 -NAN 0 0
 637.807697290763 -NAN 0 0
 639.973911799744 -NAN 0 0
 642.140554037181 -NAN 0 0
 644.307629960312 -NAN 0 0
 646.475145526375 -NAN 0 0
 648.643106692608 -NAN 0 0
 650.811519416249 -NAN 0 0
 652.980389654536 -NAN 0 0
 655.149723364707 -NAN 0 0
 657.319526504 -NAN 0 0
 659.489805029653 -NAN 0 0
 661.660564898904 -NAN 0 0
 663.831812068991 -NAN 0 0
 666.003552497152 -NAN 0 0
 668.175792140625 -NAN 0 0
 670.348536956648 -NAN 0 0
 672.521792902459 -NAN 0 0
 674.695565935296 -NAN 0 0
 676.869862012397 -NAN 0 0
 679.044687091 -NAN 0 0
 681.220047128343 -NAN 0 0
 683.395948081664 -NAN 0 0
 685.572395908201 -NAN 0 0
 687.749396565192 -NAN 0 0
 689.926956009875 -NAN 0 0
 692.105080199488 -NAN 0 0
 694.283775091269 -NAN 0 0
 696.463046642456 -NAN 0 0
 698.642900810287 -NAN 0 0
 700.823343552 -NAN 0 0
 703.004380824833 -NAN 0 0
 705.186018586024 -NAN 0 0
 707.368262792811 -NAN 0 0
 709.551119402432 -NAN 0 0
 711.734594372125 -NAN 0 0
 713.918693659128 -NAN 0 0
 716.103423220679 -NAN 0 0
 718.288789014016 -NAN 0 0
 720.474796996377 -NAN 0 0
 722.661453125 -NAN 0 0
 724.848763357123 -NAN 0 0
 727.036733649984 -NAN 0 0
 729.225369960821 -NAN 0 0
 731.414678246872 -NAN 0 0
 733.604664465375 -NAN 0 0
 735.795334573568 -NAN 0 0
[END] of [DATA]
[END] of Spectrum


[Spectrum]
Version            = 1
IDData             = 12ad_2026-06-09_17-37-15_000_754
IDDevice           = SAM_82E6
IDDataType         = SPECTRUM
IDDataTypeSub1     = CALIBRATED
IDDataTypeSub2     = 
IDDataTypeSub3     = 
DateTime           = 2026-06-09 17:37:15
PositionLatitude   = 0
PositionLongitude  = 0
Comment            = 20260609_FrameA
CommentSub1        = UV
CommentSub2        = left
CommentSub3        = 39cm
IDMethodType       = SAM Control
MethodName         = SAM_82E6
Mission            = No Mission
MissionSub         = 1
RecordType         = 0
[Attributes]
CalFactor = 1
IDBasisSpec = 
IDDataBack = DLAB_2024-11-11_10-40-48_641_639
IDDataCal = DLAB_2024-11-12_11-45-27_171_455
IntegrationTime = 128
P31 = -1
P31e = 0
PathLength = +INF
PathLengthCustomOn = 0
RAWDynamic = 65535
Salinity = 0
Temperature = -NAN
Unit1 = $01 $01 Wavelength nm
Unit2 = $03 $06 Intensity mW/(m^2 nm)
Unit3 = $f0 $06 Error mW/(m^2 nm)
Unit4 = $f1 $00 Status 
p999 = 8110
[END] of [Attributes]
[DATA]
 0 6 0 0
 185.260577530984 -NAN 0 0
 187.468128380571 -NAN 0 0
 189.674861895872 -NAN 0 0
 191.880784034125 -NAN 0 0
 194.085900752568 -NAN 0 0
 196.290218008439 -NAN 0 0
 198.493741758976 -NAN 0 0
 200.696477961417 -NAN 0 0
 202.898432573 -NAN 0 0
 205.099611550963 -NAN 0 0
 207.300020852544 -NAN 0 0
 209.499666434981 -NAN 0 0
 211.698554255512 -NAN 0 0
 213.896690271375 -NAN 0 0
 216.094080439808 -NAN 0 0
 218.290730718049 -NAN 0 0
 220.486647063336 -NAN 0 0
 222.681835432907 -NAN 0 0
 224.876301784 -NAN 0 0
 227.070052073853 -NAN 0 0
 229.263092259704 -NAN 0 0
 231.455428298791 -NAN 0 0
 233.647066148352 -NAN 0 0
 235.838011765625 -NAN 0 0
 238.028271107848 -NAN 0 0
 240.217850132259 -NAN 0 0
 242.406754796096 -NAN 0 0
 244.594991056597 -NAN 0 0
 246.782564871 -NAN 0 0
 248.969482196543 -NAN 0 0
 251.155748990464 -NAN 0 0
 253.341371210001 -NAN 0 0
 255.526354812392 -NAN 0 0
 257.710705754875 -NAN 0 0
 259.894429994688 -NAN 0 0
 262.077533489069 -NAN 0 0
 264.260022195256 -NAN 0 0
 266.441902070487 -NAN 0 0
 268.623179072 -NAN 0 0
 270.803859157033 -NAN 0 0
 272.983948282824 -NAN 0 0
 275.163452406611 -NAN 0 0
 277.342377485632 -NAN 0 0
 279.520729477125 6.77121902876116 0 0
 281.698514338328 16.7866343749794 0 0
 283.875738026479 9.36029028234476 0 0
 286.052406498816 24.0412151780789 0 0
 288.228525712577 39.5764888436379 0 0
 290.404101625 39.0257015988411 0 0
 292.579140193323 62.1242361260899 0 0
 294.753647374784 85.7151058047877 0 0
 296.927629126621 88.7174663214691 0 0
 299.101091406072 111.792680841237 0 0
 301.274040170375 133.22046269508 0 0
 303.446481376768 131.358865073389 0 0
 305.618420982489 148.12398631952 0 0
 307.789864944776 157.128429986195 0 0
 309.960819220867 154.504642262623 0 0
 312.131289768 169.564931792693 0 0
 314.301282543413 165.458704480171 0 0
 316.470803504344 139.756997180712 0 0
 318.639858608031 137.34098159068 0 0
 320.808453811712 128.256294313126 0 0
 322.976595072625 107.823215533506 0 0
 325.144288348008 109.441633096975 0 0
 327.311539595099 100.728500624279 0 0
 329.478354771136 78.7669024011943 0 0
 331.644739833357 82.4834156965392 0 0
 333.810700739 75.3303780573813 0 0
 335.976243445303 54.5298065923793 0 0
 338.141373909504 58.8880481276754 0 0
 340.306098088841 51.6825883491186 0 0
 342.470421940552 34.6716912541493 0 0
 344.634351421875 40.853554023727 0 0
 346.797892490048 35.0437686128983 0 0
 348.961051102309 21.1382098682149 0 0
 351.123833215896 28.1542480556657 0 0
 353.286244788047 23.3921122965168 0 0
 355.448291776 12.3712512805258 0 0
 357.609980136993 20.3208677279558 0 0
 359.771315828264 17.7638255043185 0 0
 361.932304807051 15.3269006755553 0 0
 364.092953030592 33.6820813012088 0 0
 366.253266456125 29.8824656029656 0 0
 368.413251040888 10.7106829045073 0 0
 370.572912742119 15.105710754233 0 0
 372.732257517056 8.76208146928167 0 0
 374.891291322937 -0.9210672095698 0 0
 377.050020117 11.5643230831725 0 0
 379.208449856483 6.1220581650315 0 0
 381.366586498624 -2.72860133928004 0 0
 383.524436000661 10.906280048597 0 0
 385.682004319832 4.6659157228228 0 0
 387.839297413375 -3.45440077976718 0 0
 389.996321238528 10.5056041651876 0 0
 392.153081752529 3.49548675241059 0 0
 394.309584912616 -3.3929099693763 0 0
 396.465836676027 10.2812335129213 0 0
 398.621843 4.06477651064851 0 0
 400.777609841773 4.56928003182658 0 0
 402.933143158584 28.9758460606778 0 0
 405.088448907671 25.2100733059755 0 0
 407.243533046272 13.7205081733288 0 0
 409.398401531625 16.5717910701113 0 0
 411.553060320968 6.30901288627784 0 0
 413.707515371539 3.66289775631247 0 0
 415.861772640576 16.1994758011628 0 0
 418.015838085317 12.9948360628859 0 0
 420.169717663 16.103049150538 0 0
 422.323417330863 32.9404850845081 0 0
 424.476943046144 36.9487608023793 0 0
 426.630300766081 49.9571204321784 0 0
 428.783496447912 79.2757993997743 0 0
 430.936536048875 106.669114730604 0 0
 433.089425526208 169.918764626143 0 0
 435.242170837149 247.230513323961 0 0
 437.394777938936 291.173936415135 0 0
 439.547252788807 332.767591009598 0 0
 441.699601344 421.316840686856 0 0
 443.851829561753 524.131654337816 0 0
 446.003943399304 638.750794399033 0 0
 448.155948813891 739.81102420659 0 0
 450.307851762752 781.867055159136 0 0
 452.459658203125 777.537603628177 0 0
 454.611374092248 734.381511678734 0 0
 456.763005387359 644.798952758252 0 0
 458.914558045696 553.955946423759 0 0
 461.066038024497 479.465522694946 0 0
 463.217451281 402.943473216679 0 0
 465.368803772443 350.891305918275 0 0
 467.520101456064 315.610153904445 0 0
 469.671350289101 266.235524936827 0 0
 471.822556228792 231.804759723852 0 0
 473.973725232375 207.785174502984 0 0
 476.124863257088 171.165291390738 0 0
 478.275976260169 154.301878806468 0 0
 480.427070198856 149.302416403548 0 0
 482.578151030387 131.403362742358 0 0
 484.729224712 130.589442493423 0 0
 486.880297200933 136.254039376034 0 0
 489.031374454424 125.698264920573 0 0
 491.182462429711 131.203431203158 0 0
 493.333567084032 140.632918247592 0 0
 495.484694374625 134.203040435087 0 0
 497.635850258728 144.075095913427 0 0
 499.787040693579 155.690011807654 0 0
 501.938271636416 151.334983597233 0 0
 504.089549044477 -NAN 0 0
 506.240878875 -NAN 0 0
 508.392267085223 -NAN 0 0
 510.543719632384 -NAN 0 0
 512.695242473721 -NAN 0 0
 514.846841566472 -NAN 0 0
 516.998522867875 -NAN 0 0
 519.150292335168 -NAN 0 0
 521.302155925589 -NAN 0 0
 523.454119596376 -NAN 0 0
 525.606189304767 -NAN 0 0
 527.758371008 -NAN 0 0
 529.910670663313 -NAN 0 0
 532.063094227944 -NAN 0 0
 534.215647659131 -NAN 0 0
 536.368336914112 -NAN 0 0
 538.521167950125 -NAN 0 0
 540.674146724408 -NAN 0 0
 542.827279194199 -NAN 0 0
 544.980571316736 -NAN 0 0
 547.134029049257 -NAN 0 0
 549.287658349 -NAN 0 0
 551.441465173203 -NAN 0 0
 553.595455479104 -NAN 0 0
 555.749635223941 -NAN 0 0
 557.904010364952 -NAN 0 0
 560.058586859375 -NAN 0 0
 562.213370664448 -NAN 0 0
 564.368367737409 -NAN 0 0
 566.523584035496 -NAN 0 0
 568.679025515947 -NAN 0 0
 570.834698136 -NAN 0 0
 572.990607852893 -NAN 0 0
 575.146760623864 -NAN 0 0
 577.303162406151 -NAN 0 0
 579.459819156992 -NAN 0 0
 581.616736833625 -NAN 0 0
 583.773921393288 -NAN 0 0
 585.931378793219 -NAN 0 0
 588.089114990656 -NAN 0 0
 590.247135942837 -NAN 0 0
 592.405447607 -NAN 0 0
 594.564055940383 -NAN 0 0
 596.722966900224 -NAN 0 0
 598.882186443761 -NAN 0 0
 601.041720528232 -NAN 0 0
 603.201575110875 -NAN 0 0
 605.361756148928 -NAN 0 0
 607.522269599629 -NAN 0 0
 609.683121420216 -NAN 0 0
 611.844317567927 -NAN 0 0
 614.005864 -NAN 0 0
 616.167766673673 -NAN 0 0
 618.330031546184 -NAN 0 0
 620.492664574771 -NAN 0 0
 622.655671716672 -NAN 0 0
 624.819058929125 -NAN 0 0
 626.982832169368 -NAN 0 0
 629.146997394639 -NAN 0 0
 631.311560562176 -NAN 0 0
 633.476527629217 -NAN 0 0
 635.641904553 -NAN 0 0
 637.807697290763 -NAN 0 0
 639.973911799744 -NAN 0 0
 642.140554037181 -NAN 0 0
 644.307629960312 -NAN 0 0
 646.475145526375 -NAN 0 0
 648.643106692608 -NAN 0 0
 650.811519416249 -NAN 0 0
 652.980389654536 -NAN 0 0
 655.149723364707 -NAN 0 0
 657.319526504 -NAN 0 0
 659.489805029653 -NAN 0 0
 661.660564898904 -NAN 0 0
 663.831812068991 -NAN 0 0
 666.003552497152 -NAN 0 0
 668.175792140625 -NAN 0 0
 670.348536956648 -NAN 0 0
 672.521792902459 -NAN 0 0
 674.695565935296 -NAN 0 0
 676.869862012397 -NAN 0 0
 679.044687091 -NAN 0 0
 681.220047128343 -NAN 0 0
 683.395948081664 -NAN 0 0
 685.572395908201 -NAN 0 0
 687.749396565192 -NAN 0 0
 689.926956009875 -NAN 0 0
 692.105080199488 -NAN 0 0
 694.283775091269 -NAN 0 0
 696.463046642456 -NAN 0 0
 698.642900810287 -NAN 0 0
 700.823343552 -NAN 0 0
 703.004380824833 -NAN 0 0
 705.186018586024 -NAN 0 0
 707.368262792811 -NAN 0 0
 709.551119402432 -NAN 0 0
 711.734594372125 -NAN 0 0
 713.918693659128 -NAN 0 0
 716.103423220679 -NAN 0 0
 718.288789014016 -NAN 0 0
 720.474796996377 -NAN 0 0
 722.661453125 -NAN 0 0
 724.848763357123 -NAN 0 0
 727.036733649984 -NAN 0 0
 729.225369960821 -NAN 0 0
 731.414678246872 -NAN 0 0
 733.604664465375 -NAN 0 0
 735.795334573568 -NAN 0 0
[END] of [DATA]
[END] of Spectrum


[Spectrum]
Version            = 1
IDData             = 12ad_2026-06-09_17-37-10_000_751
IDDevice           = SAM_82E6
IDDataType         = SPECTRUM
IDDataTypeSub1     = CALIBRATED
IDDataTypeSub2     = 
IDDataTypeSub3     = 
DateTime           = 2026-06-09 17:37:10
PositionLatitude   = 0
PositionLongitude  = 0
Comment            = 20260609_FrameA
CommentSub1        = UV
CommentSub2        = left
CommentSub3        = 39cm
IDMethodType       = SAM Control
MethodName         = SAM_82E6
Mission            = No Mission
MissionSub         = 1
RecordType         = 0
[Attributes]
CalFactor = 1
IDBasisSpec = 
IDDataBack = DLAB_2024-11-11_10-40-48_641_639
IDDataCal = DLAB_2024-11-12_11-45-27_171_455
IntegrationTime = 128
P31 = -1
P31e = 0
PathLength = +INF
PathLengthCustomOn = 0
RAWDynamic = 65535
Salinity = 0
Temperature = -NAN
Unit1 = $01 $01 Wavelength nm
Unit2 = $03 $06 Intensity mW/(m^2 nm)
Unit3 = $f0 $06 Error mW/(m^2 nm)
Unit4 = $f1 $00 Status 
p999 = 8109
[END] of [Attributes]
[DATA]
 0 6 0 0
 185.260577530984 -NAN 0 0
 187.468128380571 -NAN 0 0
 189.674861895872 -NAN 0 0
 191.880784034125 -NAN 0 0
 194.085900752568 -NAN 0 0
 196.290218008439 -NAN 0 0
 198.493741758976 -NAN 0 0
 200.696477961417 -NAN 0 0
 202.898432573 -NAN 0 0
 205.099611550963 -NAN 0 0
 207.300020852544 -NAN 0 0
 209.499666434981 -NAN 0 0
 211.698554255512 -NAN 0 0
 213.896690271375 -NAN 0 0
 216.094080439808 -NAN 0 0
 218.290730718049 -NAN 0 0
 220.486647063336 -NAN 0 0
 222.681835432907 -NAN 0 0
 224.876301784 -NAN 0 0
 227.070052073853 -NAN 0 0
 229.263092259704 -NAN 0 0
 231.455428298791 -NAN 0 0
 233.647066148352 -NAN 0 0
 235.838011765625 -NAN 0 0
 238.028271107848 -NAN 0 0
 240.217850132259 -NAN 0 0
 242.406754796096 -NAN 0 0
 244.594991056597 -NAN 0 0
 246.782564871 -NAN 0 0
 248.969482196543 -NAN 0 0
 251.155748990464 -NAN 0 0
 253.341371210001 -NAN 0 0
 255.526354812392 -NAN 0 0
 257.710705754875 -NAN 0 0
 259.894429994688 -NAN 0 0
 262.077533489069 -NAN 0 0
 264.260022195256 -NAN 0 0
 266.441902070487 -NAN 0 0
 268.623179072 -NAN 0 0
 270.803859157033 -NAN 0 0
 272.983948282824 -NAN 0 0
 275.163452406611 -NAN 0 0
 277.342377485632 -NAN 0 0
 279.520729477125 4.07759233183249 0 0
 281.698514338328 5.36875345867606 0 0
 283.875738026479 23.4887729097597 0 0
 286.052406498816 19.8031980368725 0 0
 288.228525712577 27.1678694895699 0 0
 290.404101625 53.3123447916808 0 0
 292.579140193323 56.2844128723314 0 0
 294.753647374784 73.5154905850706 0 0
 296.927629126621 100.163334412251 0 0
 299.101091406072 105.074933086905 0 0
 301.274040170375 122.105456110949 0 0
 303.446481376768 140.57583933123 0 0
 305.618420982489 140.300259473968 0 0
 307.789864944776 146.812456257602 0 0
 309.960819220867 163.255086122695 0 0
 312.131289768 160.426765080923 0 0
 314.301282543413 154.843478695497 0 0
 316.470803504344 149.935472609848 0 0
 318.639858608031 126.963280198292 0 0
 320.808453811712 117.566203186533 0 0
 322.976595072625 120.120627236787 0 0
 325.144288348008 97.3795485486955 0 0
 327.311539595099 90.2745055850871 0 0
 329.478354771136 91.8816458552842 0 0
 331.644739833357 69.6344764085298 0 0
 333.810700739 66.0805083344181 0 0
 335.976243445303 67.7130699785492 0 0
 338.141373909504 46.3200234495911 0 0
 340.306098088841 44.2025857191301 0 0
 342.470421940552 46.3113831651572 0 0
 344.634351421875 28.9885896622953 0 0
 346.797892490048 29.1911136174397 0 0
 348.961051102309 31.3770492737521 0 0
 351.123833215896 17.2097381806087 0 0
 353.286244788047 18.8352471130204 0 0
 355.448291776 21.5456382316086 0 0
 357.609980136993 9.21535238617024 0 0
 359.771315828264 14.0433198062572 0 0
 361.932304807051 24.3956854557617 0 0
 364.092953030592 21.4853017769499 0 0
 366.253266456125 26.5787001376622 0 0
 368.413251040888 20.3084649608983 0 0
 370.572912742119 1.28853072070474 0 0
 372.732257517056 6.29264645954285 0 0
 374.891291322937 9.45687656659362 0 0
 377.050020117 -4.15709773250621 0 0
 379.208449856483 4.48051102462237 0 0
 381.366586498624 7.69705938803755 0 0
 383.524436000661 -5.77756217123858 0 0
 385.682004319832 3.91917876047614 0 0
 387.839297413375 6.66629012790187 0 0
 389.996321238528 -6.59037952545882 0 0
 392.153081752529 3.74109643306739 0 0
 394.309584912616 5.83209277233989 0 0
 396.465836676027 -6.27608546404384 0 0
 398.621843 5.2788435760737 0 0
 400.777609841773 12.5946809112969 0 0
 402.933143158584 12.5932459137804 0 0
 405.088448907671 26.6878980295323 0 0
 407.243533046272 20.4956952972967 0 0
 409.398401531625 2.04837984249667 0 0
 411.553060320968 8.90648058424738 0 0
 413.707515371539 9.55904771157163 0 0
 415.861772640576 3.41023377654925 0 0
 418.015838085317 16.0175108462544 0 0
 420.169717663 21.072509181818 0 0
 422.323417330863 21.4345136335517 0 0
 424.476943046144 40.2854038352942 0 0
 426.630300766081 54.1185564078231 0 0
 428.783496447912 68.7884283140996 0 0
 430.936536048875 110.063248427951 0 0
 433.089425526208 172.685197108017 0 0
 435.242170837149 236.064679224965 0 0
 437.394777938936 294.049029799831 0 0
 439.547252788807 335.604082024857 0 0
 441.699601344 411.357276497773 0 0
 443.851829561753 528.754624182036 0 0
 446.003943399304 641.782050220388 0 0
 448.155948813891 729.58998934954 0 0
 450.307851762752 787.513308610899 0 0
 452.459658203125 780.352659095388 0 0
 454.611374092248 723.54348281938 0 0
 456.763005387359 651.385731971024 0 0
 458.914558045696 556.737458928904 0 0
 461.066038024497 467.96330091146 0 0
 463.217451281 410.642944847467 0 0
 465.368803772443 353.187112666225 0 0
 467.520101456064 303.904963800032 0 0
 469.671350289101 275.020004260228 0 0
 471.822556228792 233.532913848623 0 0
 473.973725232375 196.306278513129 0 0
 476.124863257088 180.607988756792 0 0
 478.275976260169 155.278663998382 0 0
 480.427070198856 138.091464540268 0 0
 482.578151030387 141.465431459855 0 0
 484.729224712 130.928075096892 0 0
 486.880297200933 125.337580942496 0 0
 489.031374454424 136.24865771796 0 0
 491.182462429711 130.798010561262 0 0
 493.333567084032 130.268915050283 0 0
 495.484694374625 145.197195163943 0 0
 497.635850258728 142.709167472991 0 0
 499.787040693579 145.863078042811 0 0
 501.938271636416 162.27698542913 0 0
 504.089549044477 -NAN 0 0
 506.240878875 -NAN 0 0
 508.392267085223 -NAN 0 0
 510.543719632384 -NAN 0 0
 512.695242473721 -NAN 0 0
 514.846841566472 -NAN 0 0
 516.998522867875 -NAN 0 0
 519.150292335168 -NAN 0 0
 521.302155925589 -NAN 0 0
 523.454119596376 -NAN 0 0
 525.606189304767 -NAN 0 0
 527.758371008 -NAN 0 0
 529.910670663313 -NAN 0 0
 532.063094227944 -NAN 0 0
 534.215647659131 -NAN 0 0
 536.368336914112 -NAN 0 0
 538.521167950125 -NAN 0 0
 540.674146724408 -NAN 0 0
 542.827279194199 -NAN 0 0
 544.980571316736 -NAN 0 0
 547.134029049257 -NAN 0 0
 549.287658349 -NAN 0 0
 551.441465173203 -NAN 0 0
 553.595455479104 -NAN 0 0
 555.749635223941 -NAN 0 0
 557.904010364952 -NAN 0 0
 560.058586859375 -NAN 0 0
 562.213370664448 -NAN 0 0
 564.368367737409 -NAN 0 0
 566.523584035496 -NAN 0 0
 568.679025515947 -NAN 0 0
 570.834698136 -NAN 0 0
 572.990607852893 -NAN 0 0
 575.146760623864 -NAN 0 0
 577.303162406151 -NAN 0 0
 579.459819156992 -NAN 0 0
 581.616736833625 -NAN 0 0
 583.773921393288 -NAN 0 0
 585.931378793219 -NAN 0 0
 588.089114990656 -NAN 0 0
 590.247135942837 -NAN 0 0
 592.405447607 -NAN 0 0
 594.564055940383 -NAN 0 0
 596.722966900224 -NAN 0 0
 598.882186443761 -NAN 0 0
 601.041720528232 -NAN 0 0
 603.201575110875 -NAN 0 0
 605.361756148928 -NAN 0 0
 607.522269599629 -NAN 0 0
 609.683121420216 -NAN 0 0
 611.844317567927 -NAN 0 0
 614.005864 -NAN 0 0
 616.167766673673 -NAN 0 0
 618.330031546184 -NAN 0 0
 620.492664574771 -NAN 0 0
 622.655671716672 -NAN 0 0
 624.819058929125 -NAN 0 0
 626.982832169368 -NAN 0 0
 629.146997394639 -NAN 0 0
 631.311560562176 -NAN 0 0
 633.476527629217 -NAN 0 0
 635.641904553 -NAN 0 0
 637.807697290763 -NAN 0 0
 639.973911799744 -NAN 0 0
 642.140554037181 -NAN 0 0
 644.307629960312 -NAN 0 0
 646.475145526375 -NAN 0 0
 648.643106692608 -NAN 0 0
 650.811519416249 -NAN 0 0
 652.980389654536 -NAN 0 0
 655.149723364707 -NAN 0 0
 657.319526504 -NAN 0 0
 659.489805029653 -NAN 0 0
 661.660564898904 -NAN 0 0
 663.831812068991 -NAN 0 0
 666.003552497152 -NAN 0 0
 668.175792140625 -NAN 0 0
 670.348536956648 -NAN 0 0
 672.521792902459 -NAN 0 0
 674.695565935296 -NAN 0 0
 676.869862012397 -NAN 0 0
 679.044687091 -NAN 0 0
 681.220047128343 -NAN 0 0
 683.395948081664 -NAN 0 0
 685.572395908201 -NAN 0 0
 687.749396565192 -NAN 0 0
 689.926956009875 -NAN 0 0
 692.105080199488 -NAN 0 0
 694.283775091269 -NAN 0 0
 696.463046642456 -NAN 0 0
 698.642900810287 -NAN 0 0
 700.823343552 -NAN 0 0
 703.004380824833 -NAN 0 0
 705.186018586024 -NAN 0 0
 707.368262792811 -NAN 0 0
 709.551119402432 -NAN 0 0
 711.734594372125 -NAN 0 0
 713.918693659128 -NAN 0 0
 716.103423220679 -NAN 0 0
 718.288789014016 -NAN 0 0
 720.474796996377 -NAN 0 0
 722.661453125 -NAN 0 0
 724.848763357123 -NAN 0 0
 727.036733649984 -NAN 0 0
 729.225369960821 -NAN 0 0
 731.414678246872 -NAN 0 0
 733.604664465375 -NAN 0 0
 735.795334573568 -NAN 0 0
[END] of [DATA]
[END] of Spectrum


[Spectrum]
Version            = 1
IDData             = 12ad_2026-06-09_17-37-05_000_748
IDDevice           = SAM_82E6
IDDataType         = SPECTRUM
IDDataTypeSub1     = CALIBRATED
IDDataTypeSub2     = 
IDDataTypeSub3     = 
DateTime           = 2026-06-09 17:37:05
PositionLatitude   = 0
PositionLongitude  = 0
Comment            = 20260609_FrameA
CommentSub1        = UV
CommentSub2        = left
CommentSub3        = 39cm
IDMethodType       = SAM Control
MethodName         = SAM_82E6
Mission            = No Mission
MissionSub         = 1
RecordType         = 0
[Attributes]
CalFactor = 1
IDBasisSpec = 
IDDataBack = DLAB_2024-11-11_10-40-48_641_639
IDDataCal = DLAB_2024-11-12_11-45-27_171_455
IntegrationTime = 128
P31 = -1
P31e = 0
PathLength = +INF
PathLengthCustomOn = 0
RAWDynamic = 65535
Salinity = 0
Temperature = -NAN
Unit1 = $01 $01 Wavelength nm
Unit2 = $03 $06 Intensity mW/(m^2 nm)
Unit3 = $f0 $06 Error mW/(m^2 nm)
Unit4 = $f1 $00 Status 
p999 = 8108
[END] of [Attributes]
[DATA]
 0 6 0 0
 185.260577530984 -NAN 0 0
 187.468128380571 -NAN 0 0
 189.674861895872 -NAN 0 0
 191.880784034125 -NAN 0 0
 194.085900752568 -NAN 0 0
 196.290218008439 -NAN 0 0
 198.493741758976 -NAN 0 0
 200.696477961417 -NAN 0 0
 202.898432573 -NAN 0 0
 205.099611550963 -NAN 0 0
 207.300020852544 -NAN 0 0
 209.499666434981 -NAN 0 0
 211.698554255512 -NAN 0 0
 213.896690271375 -NAN 0 0
 216.094080439808 -NAN 0 0
 218.290730718049 -NAN 0 0
 220.486647063336 -NAN 0 0
 222.681835432907 -NAN 0 0
 224.876301784 -NAN 0 0
 227.070052073853 -NAN 0 0
 229.263092259704 -NAN 0 0
 231.455428298791 -NAN 0 0
 233.647066148352 -NAN 0 0
 235.838011765625 -NAN 0 0
 238.028271107848 -NAN 0 0
 240.217850132259 -NAN 0 0
 242.406754796096 -NAN 0 0
 244.594991056597 -NAN 0 0
 246.782564871 -NAN 0 0
 248.969482196543 -NAN 0 0
 251.155748990464 -NAN 0 0
 253.341371210001 -NAN 0 0
 255.526354812392 -NAN 0 0
 257.710705754875 -NAN 0 0
 259.894429994688 -NAN 0 0
 262.077533489069 -NAN 0 0
 264.260022195256 -NAN 0 0
 266.441902070487 -NAN 0 0
 268.623179072 -NAN 0 0
 270.803859157033 -NAN 0 0
 272.983948282824 -NAN 0 0
 275.163452406611 -NAN 0 0
 277.342377485632 -NAN 0 0
 279.520729477125 10.3266070175412 0 0
 281.698514338328 2.98659623555632 0 0
 283.875738026479 19.6449218641002 0 0
 286.052406498816 26.8012256561308 0 0
 288.228525712577 24.0159283073796 0 0
 290.404101625 49.4066019300048 0 0
 292.579140193323 62.7233007852372 0 0
 294.753647374784 69.4694833384103 0 0
 296.927629126621 96.3188431666728 0 0
 299.101091406072 109.338921283641 0 0
 301.274040170375 117.735572532721 0 0
 303.446481376768 136.560956362653 0 0
 305.618420982489 143.664193160963 0 0
 307.789864944776 141.690277612133 0 0
 309.960819220867 159.282425676897 0 0
 312.131289768 163.804769817868 0 0
 314.301282543413 149.648076263038 0 0
 316.470803504344 146.763785871877 0 0
 318.639858608031 131.612469839062 0 0
 320.808453811712 112.6251474946 0 0
 322.976595072625 118.36847458015 0 0
 325.144288348008 103.714488943411 0 0
 327.311539595099 85.5716005106616 0 0
 329.478354771136 91.3402183156121 0 0
 331.644739833357 76.5304735514665 0 0
 333.810700739 61.5984143159939 0 0
 335.976243445303 68.0212463858563 0 0
 338.141373909504 53.1398164808546 0 0
 340.306098088841 40.2393108725385 0 0
 342.470421940552 47.4610793624646 0 0
 344.634351421875 35.434780156911 0 0
 346.797892490048 25.8160221711422 0 0
 348.961051102309 32.8712976090006 0 0
 351.123833215896 22.6859110668498 0 0
 353.286244788047 15.7297309506375 0 0
 355.448291776 23.4969030843773 0 0
 357.609980136993 14.5887470429131 0 0
 359.771315828264 10.8057591959177 0 0
 361.932304807051 26.7433137231162 0 0
 364.092953030592 26.7645891096755 0 0
 366.253266456125 22.7902889784384 0 0
 368.413251040888 23.2495056668228 0 0
 370.572912742119 7.11633867957858 0 0
 372.732257517056 1.89645206819589 0 0
 374.891291322937 13.0089594084933 0 0
 377.050020117 2.16899122605331 0 0
 379.208449856483 -0.361563234384952 0 0
 381.366586498624 11.7616114080681 0 0
 383.524436000661 0.356475056873717 0 0
 385.682004319832 -1.23259510165637 0 0
 387.839297413375 11.0217435578577 0 0
 389.996321238528 -0.881885751834045 0 0
 392.153081752529 -1.35981422283308 0 0
 394.309584912616 9.92573035262549 0 0
 396.465836676027 -1.13422770990644 0 0
 398.621843 0.0908630014152446 0 0
 400.777609841773 16.7328798415309 0 0
 402.933143158584 16.557411865625 0 0
 405.088448907671 21.1549615749191 0 0
 407.243533046272 24.1476197614519 0 0
 409.398401531625 5.48816528670173 0 0
 411.553060320968 4.33581980276723 0 0
 413.707515371539 13.0676758914596 0 0
 415.861772640576 6.0883098337343 0 0
 418.015838085317 11.908639108212 0 0
 420.169717663 24.0997835203095 0 0
 422.323417330863 23.3920028483321 0 0
 424.476943046144 36.3833333982913 0 0
 426.630300766081 56.9739868594789 0 0
 428.783496447912 70.2720528708706 0 0
 430.936536048875 106.455693845046 0 0
 433.089425526208 174.678453406048 0 0
 435.242170837149 235.917623647396 0 0
 437.394777938936 289.45623397318 0 0
 439.547252788807 337.842863641691 0 0
 441.699601344 412.064153216648 0 0
 443.851829561753 525.361265545703 0 0
 446.003943399304 644.812450479841 0 0
 448.155948813891 729.997111005791 0 0
 450.307851762752 783.954753089312 0 0
 452.459658203125 783.800384152631 0 0
 454.611374092248 723.625264909571 0 0
 456.763005387359 647.586155167095 0 0
 458.914558045696 560.308413985743 0 0
 461.066038024497 467.867525479832 0 0
 463.217451281 406.637931680285 0 0
 465.368803772443 357.039845829451 0 0
 467.520101456064 303.515112102895 0 0
 469.671350289101 271.001768000405 0 0
 471.822556228792 237.778423412578 0 0
 473.973725232375 195.409988696751 0 0
 476.124863257088 176.797253109711 0 0
 478.275976260169 159.874777256355 0 0
 480.427070198856 136.984292543039 0 0
 482.578151030387 137.804468021875 0 0
 484.729224712 135.711400320813 0 0
 486.880297200933 124.064609357563 0 0
 489.031374454424 132.961240808561 0 0
 491.182462429711 135.65859081892 0 0
 493.333567084032 128.801544095932 0 0
 495.484694374625 141.965247936694 0 0
 497.635850258728 147.819604963394 0 0
 499.787040693579 144.312772970495 0 0
 501.938271636416 159.444355467337 0 0
 504.089549044477 -NAN 0 0
 506.240878875 -NAN 0 0
 508.392267085223 -NAN 0 0
 510.543719632384 -NAN 0 0
 512.695242473721 -NAN 0 0
 514.846841566472 -NAN 0 0
 516.998522867875 -NAN 0 0
 519.150292335168 -NAN 0 0
 521.302155925589 -NAN 0 0
 523.454119596376 -NAN 0 0
 525.606189304767 -NAN 0 0
 527.758371008 -NAN 0 0
 529.910670663313 -NAN 0 0
 532.063094227944 -NAN 0 0
 534.215647659131 -NAN 0 0
 536.368336914112 -NAN 0 0
 538.521167950125 -NAN 0 0
 540.674146724408 -NAN 0 0
 542.827279194199 -NAN 0 0
 544.980571316736 -NAN 0 0
 547.134029049257 -NAN 0 0
 549.287658349 -NAN 0 0
 551.441465173203 -NAN 0 0
 553.595455479104 -NAN 0 0
 555.749635223941 -NAN 0 0
 557.904010364952 -NAN 0 0
 560.058586859375 -NAN 0 0
 562.213370664448 -NAN 0 0
 564.368367737409 -NAN 0 0
 566.523584035496 -NAN 0 0
 568.679025515947 -NAN 0 0
 570.834698136 -NAN 0 0
 572.990607852893 -NAN 0 0
 575.146760623864 -NAN 0 0
 577.303162406151 -NAN 0 0
 579.459819156992 -NAN 0 0
 581.616736833625 -NAN 0 0
 583.773921393288 -NAN 0 0
 585.931378793219 -NAN 0 0
 588.089114990656 -NAN 0 0
 590.247135942837 -NAN 0 0
 592.405447607 -NAN 0 0
 594.564055940383 -NAN 0 0
 596.722966900224 -NAN 0 0
 598.882186443761 -NAN 0 0
 601.041720528232 -NAN 0 0
 603.201575110875 -NAN 0 0
 605.361756148928 -NAN 0 0
 607.522269599629 -NAN 0 0
 609.683121420216 -NAN 0 0
 611.844317567927 -NAN 0 0
 614.005864 -NAN 0 0
 616.167766673673 -NAN 0 0
 618.330031546184 -NAN 0 0
 620.492664574771 -NAN 0 0
 622.655671716672 -NAN 0 0
 624.819058929125 -NAN 0 0
 626.982832169368 -NAN 0 0
 629.146997394639 -NAN 0 0
 631.311560562176 -NAN 0 0
 633.476527629217 -NAN 0 0
 635.641904553 -NAN 0 0
 637.807697290763 -NAN 0 0
 639.973911799744 -NAN 0 0
 642.140554037181 -NAN 0 0
 644.307629960312 -NAN 0 0
 646.475145526375 -NAN 0 0
 648.643106692608 -NAN 0 0
 650.811519416249 -NAN 0 0
 652.980389654536 -NAN 0 0
 655.149723364707 -NAN 0 0
 657.319526504 -NAN 0 0
 659.489805029653 -NAN 0 0
 661.660564898904 -NAN 0 0
 663.831812068991 -NAN 0 0
 666.003552497152 -NAN 0 0
 668.175792140625 -NAN 0 0
 670.348536956648 -NAN 0 0
 672.521792902459 -NAN 0 0
 674.695565935296 -NAN 0 0
 676.869862012397 -NAN 0 0
 679.044687091 -NAN 0 0
 681.220047128343 -NAN 0 0
 683.395948081664 -NAN 0 0
 685.572395908201 -NAN 0 0
 687.749396565192 -NAN 0 0
 689.926956009875 -NAN 0 0
 692.105080199488 -NAN 0 0
 694.283775091269 -NAN 0 0
 696.463046642456 -NAN 0 0
 698.642900810287 -NAN 0 0
 700.823343552 -NAN 0 0
 703.004380824833 -NAN 0 0
 705.186018586024 -NAN 0 0
 707.368262792811 -NAN 0 0
 709.551119402432 -NAN 0 0
 711.734594372125 -NAN 0 0
 713.918693659128 -NAN 0 0
 716.103423220679 -NAN 0 0
 718.288789014016 -NAN 0 0
 720.474796996377 -NAN 0 0
 722.661453125 -NAN 0 0
 724.848763357123 -NAN 0 0
 727.036733649984 -NAN 0 0
 729.225369960821 -NAN 0 0
 731.414678246872 -NAN 0 0
 733.604664465375 -NAN 0 0
 735.795334573568 -NAN 0 0
[END] of [DATA]
[END] of Spectrum


[Spectrum]
Version            = 1
IDData             = 12ad_2026-06-09_17-37-00_000_745
IDDevice           = SAM_82E6
IDDataType         = SPECTRUM
IDDataTypeSub1     = CALIBRATED
IDDataTypeSub2     = 
IDDataTypeSub3     = 
DateTime           = 2026-06-09 17:37:00
PositionLatitude   = 0
PositionLongitude  = 0
Comment            = 20260609_FrameA
CommentSub1        = UV
CommentSub2        = left
CommentSub3        = 39cm
IDMethodType       = SAM Control
MethodName         = SAM_82E6
Mission            = No Mission
MissionSub         = 1
RecordType         = 0
[Attributes]
CalFactor = 1
IDBasisSpec = 
IDDataBack = DLAB_2024-11-11_10-40-48_641_639
IDDataCal = DLAB_2024-11-12_11-45-27_171_455
IntegrationTime = 128
P31 = -1
P31e = 0
PathLength = +INF
PathLengthCustomOn = 0
RAWDynamic = 65535
Salinity = 0
Temperature = -NAN
Unit1 = $01 $01 Wavelength nm
Unit2 = $03 $06 Intensity mW/(m^2 nm)
Unit3 = $f0 $06 Error mW/(m^2 nm)
Unit4 = $f1 $00 Status 
p999 = 8107
[END] of [Attributes]
[DATA]
 0 6 0 0
 185.260577530984 -NAN 0 0
 187.468128380571 -NAN 0 0
 189.674861895872 -NAN 0 0
 191.880784034125 -NAN 0 0
 194.085900752568 -NAN 0 0
 196.290218008439 -NAN 0 0
 198.493741758976 -NAN 0 0
 200.696477961417 -NAN 0 0
 202.898432573 -NAN 0 0
 205.099611550963 -NAN 0 0
 207.300020852544 -NAN 0 0
 209.499666434981 -NAN 0 0
 211.698554255512 -NAN 0 0
 213.896690271375 -NAN 0 0
 216.094080439808 -NAN 0 0
 218.290730718049 -NAN 0 0
 220.486647063336 -NAN 0 0
 222.681835432907 -NAN 0 0
 224.876301784 -NAN 0 0
 227.070052073853 -NAN 0 0
 229.263092259704 -NAN 0 0
 231.455428298791 -NAN 0 0
 233.647066148352 -NAN 0 0
 235.838011765625 -NAN 0 0
 238.028271107848 -NAN 0 0
 240.217850132259 -NAN 0 0
 242.406754796096 -NAN 0 0
 244.594991056597 -NAN 0 0
 246.782564871 -NAN 0 0
 248.969482196543 -NAN 0 0
 251.155748990464 -NAN 0 0
 253.341371210001 -NAN 0 0
 255.526354812392 -NAN 0 0
 257.710705754875 -NAN 0 0
 259.894429994688 -NAN 0 0
 262.077533489069 -NAN 0 0
 264.260022195256 -NAN 0 0
 266.441902070487 -NAN 0 0
 268.623179072 -NAN 0 0
 270.803859157033 -NAN 0 0
 272.983948282824 -NAN 0 0
 275.163452406611 -NAN 0 0
 277.342377485632 -NAN 0 0
 279.520729477125 -0.183891975559959 0 0
 281.698514338328 14.0030928118499 0 0
 283.875738026479 19.749420386282 0 0
 286.052406498816 14.5735516707794 0 0
 288.228525712577 36.1136516448407 0 0
 290.404101625 48.1531580183276 0 0
 292.579140193323 50.4459991824768 0 0
 294.753647374784 80.3126732599404 0 0
 296.927629126621 93.4875302612437 0 0
 299.101091406072 98.4012791177273 0 0
 301.274040170375 125.883560447302 0 0
 303.446481376768 132.493648371635 0 0
 305.618420982489 133.116411318878 0 0
 307.789864944776 148.830543336618 0 0
 309.960819220867 154.265807127008 0 0
 312.131289768 153.011358279966 0 0
 314.301282543413 157.603972288751 0 0
 316.470803504344 140.850471614643 0 0
 318.639858608031 120.893862178051 0 0
 320.808453811712 123.026389190926 0 0
 322.976595072625 111.891415883145 0 0
 325.144288348008 93.1928285977668 0 0
 327.311539595099 97.7921169384704 0 0
 329.478354771136 84.0874691852795 0 0
 331.644739833357 66.9933302292685 0 0
 333.810700739 74.6568797818255 0 0
 335.976243445303 60.6453638826668 0 0
 338.141373909504 45.3566012874315 0 0
 340.306098088841 52.5308920405979 0 0
 342.470421940552 40.5812344642268 0 0
 344.634351421875 29.2350690491358 0 0
 346.797892490048 36.8859355619333 0 0
 348.961051102309 26.4825763985422 0 0
 351.123833215896 18.1545235272946 0 0
 353.286244788047 25.9774981185005 0 0
 355.448291776 17.1676625145366 0 0
 357.609980136993 11.1406938753738 0 0
 359.771315828264 20.991705700873 0 0
 361.932304807051 19.8475674560505 0 0
 364.092953030592 23.5152758197729 0 0
 366.253266456125 33.6813871507322 0 0
 368.413251040888 15.2871168141796 0 0
 370.572912742119 4.36068983005936 0 0
 372.732257517056 14.2266685035109 0 0
 374.891291322937 3.91229305410523 0 0
 377.050020117 0.13570402044565 0 0
 379.208449856483 12.5636962616242 0 0
 381.366586498624 1.79243548689442 0 0
 383.524436000661 -1.20119519382394 0 0
 385.682004319832 11.7762739604817 0 0
 387.839297413375 0.491577685563673 0 0
 389.996321238528 -1.61230326223879 0 0
 392.153081752529 10.9817253238423 0 0
 394.309584912616 -0.257909037638603 0 0
 396.465836676027 -1.42152733376686 0 0
 398.621843 11.6530273818689 0 0
 400.777609841773 6.31845588385827 0 0
 402.933143158584 16.7196283751634 0 0
 405.088448907671 30.8867383496628 0 0
 407.243533046272 14.0994814667789 0 0
 409.398401531625 6.48045515834783 0 0
 411.553060320968 13.0536052315363 0 0
 413.707515371539 4.2685285576172 0 0
 415.861772640576 7.50491408959286 0 0
 418.015838085317 19.4658175584679 0 0
 420.169717663 16.1664327070002 0 0
 422.323417330863 25.3385052199986 0 0
 424.476943046144 42.8719901076842 0 0
 426.630300766081 49.5954440841603 0 0
 428.783496447912 72.3980194232435 0 0
 430.936536048875 111.782151776498 0 0
 433.089425526208 166.810677327953 0 0
 435.242170837149 236.998162456489 0 0
 437.394777938936 293.256121087677 0 0
 439.547252788807 330.361386056533 0 0
 441.699601344 414.936045374497 0 0
 443.851829561753 529.898020308635 0 0
 446.003943399304 637.129504593369 0 0
 448.155948813891 733.789308846994 0 0
 450.307851762752 788.566626616275 0 0
 452.459658203125 775.482122192921 0 0
 454.611374092248 728.231688687294 0 0
 456.763005387359 652.03396398485 0 0
 458.914558045696 551.579634520368 0 0
 461.066038024497 473.188156373035 0 0
 463.217451281 410.771736764669 0 0
 465.368803772443 347.865063184311 0 0
 467.520101456064 309.724892707286 0 0
 469.671350289101 274.725564534293 0 0
 471.822556228792 228.27740149448 0 0
 473.973725232375 202.269798962151 0 0
 476.124863257088 180.007925212133 0 0
 478.275976260169 150.175822586243 0 0
 480.427070198856 144.424844798053 0 0
 482.578151030387 140.378303902357 0 0
 484.729224712 126.057577123563 0 0
 486.880297200933 132.040257336979 0 0
 489.031374454424 134.856708556867 0 0
 491.182462429711 126.03124665049 0 0
 493.333567084032 137.180477178212 0 0
 495.484694374625 143.362068964361 0 0
 497.635850258728 138.500571892658 0 0
 499.787040693579 152.592663174394 0 0
 501.938271636416 160.163275229676 0 0
 504.089549044477 -NAN 0 0
 506.240878875 -NAN 0 0
 508.392267085223 -NAN 0 0
 510.543719632384 -NAN 0 0
 512.695242473721 -NAN 0 0
 514.846841566472 -NAN 0 0
 516.998522867875 -NAN 0 0
 519.150292335168 -NAN 0 0
 521.302155925589 -NAN 0 0
 523.454119596376 -NAN 0 0
 525.606189304767 -NAN 0 0
 527.758371008 -NAN 0 0
 529.910670663313 -NAN 0 0
 532.063094227944 -NAN 0 0
 534.215647659131 -NAN 0 0
 536.368336914112 -NAN 0 0
 538.521167950125 -NAN 0 0
 540.674146724408 -NAN 0 0
 542.827279194199 -NAN 0 0
 544.980571316736 -NAN 0 0
 547.134029049257 -NAN 0 0
 549.287658349 -NAN 0 0
 551.441465173203 -NAN 0 0
 553.595455479104 -NAN 0 0
 555.749635223941 -NAN 0 0
 557.904010364952 -NAN 0 0
 560.058586859375 -NAN 0 0
 562.213370664448 -NAN 0 0
 564.368367737409 -NAN 0 0
 566.523584035496 -NAN 0 0
 568.679025515947 -NAN 0 0
 570.834698136 -NAN 0 0
 572.990607852893 -NAN 0 0
 575.146760623864 -NAN 0 0
 577.303162406151 -NAN 0 0
 579.459819156992 -NAN 0 0
 581.616736833625 -NAN 0 0
 583.773921393288 -NAN 0 0
 585.931378793219 -NAN 0 0
 588.089114990656 -NAN 0 0
 590.247135942837 -NAN 0 0
 592.405447607 -NAN 0 0
 594.564055940383 -NAN 0 0
 596.722966900224 -NAN 0 0
 598.882186443761 -NAN 0 0
 601.041720528232 -NAN 0 0
 603.201575110875 -NAN 0 0
 605.361756148928 -NAN 0 0
 607.522269599629 -NAN 0 0
 609.683121420216 -NAN 0 0
 611.844317567927 -NAN 0 0
 614.005864 -NAN 0 0
 616.167766673673 -NAN 0 0
 618.330031546184 -NAN 0 0
 620.492664574771 -NAN 0 0
 622.655671716672 -NAN 0 0
 624.819058929125 -NAN 0 0
 626.982832169368 -NAN 0 0
 629.146997394639 -NAN 0 0
 631.311560562176 -NAN 0 0
 633.476527629217 -NAN 0 0
 635.641904553 -NAN 0 0
 637.807697290763 -NAN 0 0
 639.973911799744 -NAN 0 0
 642.140554037181 -NAN 0 0
 644.307629960312 -NAN 0 0
 646.475145526375 -NAN 0 0
 648.643106692608 -NAN 0 0
 650.811519416249 -NAN 0 0
 652.980389654536 -NAN 0 0
 655.149723364707 -NAN 0 0
 657.319526504 -NAN 0 0
 659.489805029653 -NAN 0 0
 661.660564898904 -NAN 0 0
 663.831812068991 -NAN 0 0
 666.003552497152 -NAN 0 0
 668.175792140625 -NAN 0 0
 670.348536956648 -NAN 0 0
 672.521792902459 -NAN 0 0
 674.695565935296 -NAN 0 0
 676.869862012397 -NAN 0 0
 679.044687091 -NAN 0 0
 681.220047128343 -NAN 0 0
 683.395948081664 -NAN 0 0
 685.572395908201 -NAN 0 0
 687.749396565192 -NAN 0 0
 689.926956009875 -NAN 0 0
 692.105080199488 -NAN 0 0
 694.283775091269 -NAN 0 0
 696.463046642456 -NAN 0 0
 698.642900810287 -NAN 0 0
 700.823343552 -NAN 0 0
 703.004380824833 -NAN 0 0
 705.186018586024 -NAN 0 0
 707.368262792811 -NAN 0 0
 709.551119402432 -NAN 0 0
 711.734594372125 -NAN 0 0
 713.918693659128 -NAN 0 0
 716.103423220679 -NAN 0 0
 718.288789014016 -NAN 0 0
 720.474796996377 -NAN 0 0
 722.661453125 -NAN 0 0
 724.848763357123 -NAN 0 0
 727.036733649984 -NAN 0 0
 729.225369960821 -NAN 0 0
 731.414678246872 -NAN 0 0
 733.604664465375 -NAN 0 0
 735.795334573568 -NAN 0 0
[END] of [DATA]
[END] of Spectrum


[Spectrum]
Version            = 1
IDData             = 12ad_2026-06-09_17-36-55_000_742
IDDevice           = SAM_82E6
IDDataType         = SPECTRUM
IDDataTypeSub1     = CALIBRATED
IDDataTypeSub2     = 
IDDataTypeSub3     = 
DateTime           = 2026-06-09 17:36:55
PositionLatitude   = 0
PositionLongitude  = 0
Comment            = 20260609_FrameA
CommentSub1        = UV
CommentSub2        = left
CommentSub3        = 39cm
IDMethodType       = SAM Control
MethodName         = SAM_82E6
Mission            = No Mission
MissionSub         = 1
RecordType         = 0
[Attributes]
CalFactor = 1
IDBasisSpec = 
IDDataBack = DLAB_2024-11-11_10-40-48_641_639
IDDataCal = DLAB_2024-11-12_11-45-27_171_455
IntegrationTime = 128
P31 = -1
P31e = 0
PathLength = +INF
PathLengthCustomOn = 0
RAWDynamic = 65535
Salinity = 0
Temperature = -NAN
Unit1 = $01 $01 Wavelength nm
Unit2 = $03 $06 Intensity mW/(m^2 nm)
Unit3 = $f0 $06 Error mW/(m^2 nm)
Unit4 = $f1 $00 Status 
p999 = 8106
[END] of [Attributes]
[DATA]
 0 6 0 0
 185.260577530984 -NAN 0 0
 187.468128380571 -NAN 0 0
 189.674861895872 -NAN 0 0
 191.880784034125 -NAN 0 0
 194.085900752568 -NAN 0 0
 196.290218008439 -NAN 0 0
 198.493741758976 -NAN 0 0
 200.696477961417 -NAN 0 0
 202.898432573 -NAN 0 0
 205.099611550963 -NAN 0 0
 207.300020852544 -NAN 0 0
 209.499666434981 -NAN 0 0
 211.698554255512 -NAN 0 0
 213.896690271375 -NAN 0 0
 216.094080439808 -NAN 0 0
 218.290730718049 -NAN 0 0
 220.486647063336 -NAN 0 0
 222.681835432907 -NAN 0 0
 224.876301784 -NAN 0 0
 227.070052073853 -NAN 0 0
 229.263092259704 -NAN 0 0
 231.455428298791 -NAN 0 0
 233.647066148352 -NAN 0 0
 235.838011765625 -NAN 0 0
 238.028271107848 -NAN 0 0
 240.217850132259 -NAN 0 0
 242.406754796096 -NAN 0 0
 244.594991056597 -NAN 0 0
 246.782564871 -NAN 0 0
 248.969482196543 -NAN 0 0
 251.155748990464 -NAN 0 0
 253.341371210001 -NAN 0 0
 255.526354812392 -NAN 0 0
 257.710705754875 -NAN 0 0
 259.894429994688 -NAN 0 0
 262.077533489069 -NAN 0 0
 264.260022195256 -NAN 0 0
 266.441902070487 -NAN 0 0
 268.623179072 -NAN 0 0
 270.803859157033 -NAN 0 0
 272.983948282824 -NAN 0 0
 275.163452406611 -NAN 0 0
 277.342377485632 -NAN 0 0
 279.520729477125 10.3278523373272 0 0
 281.698514338328 2.58782677724045 0 0
 283.875738026479 19.3921484117956 0 0
 286.052406498816 26.3322706932635 0 0
 288.228525712577 22.8310849629836 0 0
 290.404101625 47.9946598902849 0 0
 292.579140193323 60.314356073513 0 0
 294.753647374784 66.3172659199195 0 0
 296.927629126621 92.8692121514033 0 0
 299.101091406072 105.135711006982 0 0
 301.274040170375 112.515151338233 0 0
 303.446481376768 131.312993178754 0 0
 305.618420982489 137.935396885189 0 0
 307.789864944776 135.784593760669 0 0
 309.960819220867 153.019757754319 0 0
 312.131289768 157.385210515978 0 0
 314.301282543413 143.286382729469 0 0
 316.470803504344 141.00319150765 0 0
 318.639858608031 126.56577062469 0 0
 320.808453811712 107.618867737768 0 0
 322.976595072625 113.661849426247 0 0
 325.144288348008 99.8179519959778 0 0
 327.311539595099 81.7732130269221 0 0
 329.478354771136 87.9414218097036 0 0
 331.644739833357 73.8404720897413 0 0
 333.810700739 58.5624913200269 0 0
 335.976243445303 65.6154352816429 0 0
 338.141373909504 51.2705527813876 0 0
 340.306098088841 38.2617453069618 0 0
 342.470421940552 45.9774736773288 0 0
 344.634351421875 34.2137011537366 0 0
 346.797892490048 24.3604082868227 0 0
 348.961051102309 31.9981106948268 0 0
 351.123833215896 22.122845866159 0 0
 353.286244788047 15.0046016500812 0 0
 355.448291776 23.0720135491823 0 0
 357.609980136993 14.3392450590508 0 0
 359.771315828264 10.2066491427751 0 0
 361.932304807051 26.2898195816675 0 0
 364.092953030592 26.399916353373 0 0
 366.253266456125 21.7404179451024 0 0
 368.413251040888 22.9015754596504 0 0
 370.572912742119 7.43410493250855 0 0
 372.732257517056 1.70990732102597 0 0
 374.891291322937 13.2765084189165 0 0
 377.050020117 2.79111641582878 0 0
 379.208449856483 -0.486113699428781 0 0
 381.366586498624 12.2209227455194 0 0
 383.524436000661 1.07419720705831 0 0
 385.682004319832 -1.38478720636321 0 0
 387.839297413375 11.4567221534974 0 0
 389.996321238528 -0.0966869281489441 0 0
 392.153081752529 -1.6581536654388 0 0
 394.309584912616 10.663457844609 0 0
 396.465836676027 -0.697908187688515 0 0
 398.621843 -0.242176160794289 0 0
 400.777609841773 16.780998433743 0 0
 402.933143158584 16.3989973055289 0 0
 405.088448907671 19.6967920430306 0 0
 407.243533046272 23.828046670737 0 0
 409.398401531625 5.50993608065239 0 0
 411.553060320968 3.93985763564576 0 0
 413.707515371539 13.450570321006 0 0
 415.861772640576 6.47512036181095 0 0
 418.015838085317 11.6265227950976 0 0
 420.169717663 24.5775252518527 0 0
 422.323417330863 23.8873263587138 0 0
 424.476943046144 36.2084680943583 0 0
 426.630300766081 57.5031219461975 0 0
 428.783496447912 70.5156707668404 0 0
 430.936536048875 105.596242170772 0 0
 433.089425526208 173.353124177828 0 0
 435.242170837149 233.314580081407 0 0
 437.394777938936 286.752191459855 0 0
 439.547252788807 337.203096207112 0 0
 441.699601344 412.064975166321 0 0
 443.851829561753 524.699167202994 0 0
 446.003943399304 645.152108555223 0 0
 448.155948813891 730.408619748855 0 0
 450.307851762752 783.452443047365 0 0
 452.459658203125 784.168129141273 0 0
 454.611374092248 724.037028224136 0 0
 456.763005387359 647.130245000745 0 0
 458.914558045696 560.938171571228 0 0
 461.066038024497 468.345383750401 0 0
 463.217451281 406.171580302675 0 0
 465.368803772443 357.70589367219 0 0
 467.520101456064 303.786080452828 0 0
 469.671350289101 270.359846097906 0 0
 471.822556228792 238.468154755229 0 0
 473.973725232375 195.70838493783 0 0
 476.124863257088 176.12079771158 0 0
 478.275976260169 160.515966170729 0 0
 480.427070198856 137.286147282726 0 0
 482.578151030387 137.001958048732 0 0
 484.729224712 136.275787993261 0 0
 486.880297200933 124.065727961767 0 0
 489.031374454424 132.056026281773 0 0
 491.182462429711 136.222605761502 0 0
 493.333567084032 128.78261745995 0 0
 495.484694374625 141.169436273546 0 0
 497.635850258728 148.294662806534 0 0
 499.787040693579 144.15730759508 0 0
 501.938271636416 158.748036475969 0 0
 504.089549044477 -NAN 0 0
 506.240878875 -NAN 0 0
 508.392267085223 -NAN 0 0
 510.543719632384 -NAN 0 0
 512.695242473721 -NAN 0 0
 514.846841566472 -NAN 0 0
 516.998522867875 -NAN 0 0
 519.150292335168 -NAN 0 0
 521.302155925589 -NAN 0 0
 523.454119596376 -NAN 0 0
 525.606189304767 -NAN 0 0
 527.758371008 -NAN 0 0
 529.910670663313 -NAN 0 0
 532.063094227944 -NAN 0 0
 534.215647659131 -NAN 0 0
 536.368336914112 -NAN 0 0
 538.521167950125 -NAN 0 0
 540.674146724408 -NAN 0 0
 542.827279194199 -NAN 0 0
 544.980571316736 -NAN 0 0
 547.134029049257 -NAN 0 0
 549.287658349 -NAN 0 0
 551.441465173203 -NAN 0 0
 553.595455479104 -NAN 0 0
 555.749635223941 -NAN 0 0
 557.904010364952 -NAN 0 0
 560.058586859375 -NAN 0 0
 562.213370664448 -NAN 0 0
 564.368367737409 -NAN 0 0
 566.523584035496 -NAN 0 0
 568.679025515947 -NAN 0 0
 570.834698136 -NAN 0 0
 572.990607852893 -NAN 0 0
 575.146760623864 -NAN 0 0
 577.303162406151 -NAN 0 0
 579.459819156992 -NAN 0 0
 581.616736833625 -NAN 0 0
 583.773921393288 -NAN 0 0
 585.931378793219 -NAN 0 0
 588.089114990656 -NAN 0 0
 590.247135942837 -NAN 0 0
 592.405447607 -NAN 0 0
 594.564055940383 -NAN 0 0
 596.722966900224 -NAN 0 0
 598.882186443761 -NAN 0 0
 601.041720528232 -NAN 0 0
 603.201575110875 -NAN 0 0
 605.361756148928 -NAN 0 0
 607.522269599629 -NAN 0 0
 609.683121420216 -NAN 0 0
 611.844317567927 -NAN 0 0
 614.005864 -NAN 0 0
 616.167766673673 -NAN 0 0
 618.330031546184 -NAN 0 0
 620.492664574771 -NAN 0 0
 622.655671716672 -NAN 0 0
 624.819058929125 -NAN 0 0
 626.982832169368 -NAN 0 0
 629.146997394639 -NAN 0 0
 631.311560562176 -NAN 0 0
 633.476527629217 -NAN 0 0
 635.641904553 -NAN 0 0
 637.807697290763 -NAN 0 0
 639.973911799744 -NAN 0 0
 642.140554037181 -NAN 0 0
 644.307629960312 -NAN 0 0
 646.475145526375 -NAN 0 0
 648.643106692608 -NAN 0 0
 650.811519416249 -NAN 0 0
 652.980389654536 -NAN 0 0
 655.149723364707 -NAN 0 0
 657.319526504 -NAN 0 0
 659.489805029653 -NAN 0 0
 661.660564898904 -NAN 0 0
 663.831812068991 -NAN 0 0
 666.003552497152 -NAN 0 0
 668.175792140625 -NAN 0 0
 670.348536956648 -NAN 0 0
 672.521792902459 -NAN 0 0
 674.695565935296 -NAN 0 0
 676.869862012397 -NAN 0 0
 679.044687091 -NAN 0 0
 681.220047128343 -NAN 0 0
 683.395948081664 -NAN 0 0
 685.572395908201 -NAN 0 0
 687.749396565192 -NAN 0 0
 689.926956009875 -NAN 0 0
 692.105080199488 -NAN 0 0
 694.283775091269 -NAN 0 0
 696.463046642456 -NAN 0 0
 698.642900810287 -NAN 0 0
 700.823343552 -NAN 0 0
 703.004380824833 -NAN 0 0
 705.186018586024 -NAN 0 0
 707.368262792811 -NAN 0 0
 709.551119402432 -NAN 0 0
 711.734594372125 -NAN 0 0
 713.918693659128 -NAN 0 0
 716.103423220679 -NAN 0 0
 718.288789014016 -NAN 0 0
 720.474796996377 -NAN 0 0
 722.661453125 -NAN 0 0
 724.848763357123 -NAN 0 0
 727.036733649984 -NAN 0 0
 729.225369960821 -NAN 0 0
 731.414678246872 -NAN 0 0
 733.604664465375 -NAN 0 0
 735.795334573568 -NAN 0 0
[END] of [DATA]
[END] of Spectrum


[Spectrum]
Version            = 1
IDData             = 12ad_2026-06-09_17-36-50_000_739
IDDevice           = SAM_82E6
IDDataType         = SPECTRUM
IDDataTypeSub1     = CALIBRATED
IDDataTypeSub2     = 
IDDataTypeSub3     = 
DateTime           = 2026-06-09 17:36:50
PositionLatitude   = 0
PositionLongitude  = 0
Comment            = 20260609_FrameA
CommentSub1        = UV
CommentSub2        = left
CommentSub3        = 39cm
IDMethodType       = SAM Control
MethodName         = SAM_82E6
Mission            = No Mission
MissionSub         = 1
RecordType         = 0
[Attributes]
CalFactor = 1
IDBasisSpec = 
IDDataBack = DLAB_2024-11-11_10-40-48_641_639
IDDataCal = DLAB_2024-11-12_11-45-27_171_455
IntegrationTime = 128
P31 = -1
P31e = 0
PathLength = +INF
PathLengthCustomOn = 0
RAWDynamic = 65535
Salinity = 0
Temperature = -NAN
Unit1 = $01 $01 Wavelength nm
Unit2 = $03 $06 Intensity mW/(m^2 nm)
Unit3 = $f0 $06 Error mW/(m^2 nm)
Unit4 = $f1 $00 Status 
p999 = 8105
[END] of [Attributes]
[DATA]
 0 6 0 0
 185.260577530984 -NAN 0 0
 187.468128380571 -NAN 0 0
 189.674861895872 -NAN 0 0
 191.880784034125 -NAN 0 0
 194.085900752568 -NAN 0 0
 196.290218008439 -NAN 0 0
 198.493741758976 -NAN 0 0
 200.696477961417 -NAN 0 0
 202.898432573 -NAN 0 0
 205.099611550963 -NAN 0 0
 207.300020852544 -NAN 0 0
 209.499666434981 -NAN 0 0
 211.698554255512 -NAN 0 0
 213.896690271375 -NAN 0 0
 216.094080439808 -NAN 0 0
 218.290730718049 -NAN 0 0
 220.486647063336 -NAN 0 0
 222.681835432907 -NAN 0 0
 224.876301784 -NAN 0 0
 227.070052073853 -NAN 0 0
 229.263092259704 -NAN 0 0
 231.455428298791 -NAN 0 0
 233.647066148352 -NAN 0 0
 235.838011765625 -NAN 0 0
 238.028271107848 -NAN 0 0
 240.217850132259 -NAN 0 0
 242.406754796096 -NAN 0 0
 244.594991056597 -NAN 0 0
 246.782564871 -NAN 0 0
 248.969482196543 -NAN 0 0
 251.155748990464 -NAN 0 0
 253.341371210001 -NAN 0 0
 255.526354812392 -NAN 0 0
 257.710705754875 -NAN 0 0
 259.894429994688 -NAN 0 0
 262.077533489069 -NAN 0 0
 264.260022195256 -NAN 0 0
 266.441902070487 -NAN 0 0
 268.623179072 -NAN 0 0
 270.803859157033 -NAN 0 0
 272.983948282824 -NAN 0 0
 275.163452406611 -NAN 0 0
 277.342377485632 -NAN 0 0
 279.520729477125 -0.400577618308728 0 0
 281.698514338328 14.834625190502 0 0
 283.875738026479 18.2327796724545 0 0
 286.052406498816 14.1379897857633 0 0
 288.228525712577 35.9933047997025 0 0
 290.404101625 45.0471763531973 0 0
 292.579140193323 48.1709630416209 0 0
 294.753647374784 78.3745317642466 0 0
 296.927629126621 88.6273213814308 0 0
 299.101091406072 94.2898315831445 0 0
 301.274040170375 121.692370993092 0 0
 303.446481376768 126.169880039736 0 0
 305.618420982489 127.586568921651 0 0
 307.789864944776 143.58437205282 0 0
 309.960819220867 146.880289856447 0 0
 312.131289768 146.658188811347 0 0
 314.301282543413 152.148102053053 0 0
 316.470803504344 133.820469499741 0 0
 318.639858608031 116.015686439867 0 0
 320.808453811712 119.0091192345 0 0
 322.976595072625 105.749038030665 0 0
 325.144288348008 89.4854158963927 0 0
 327.311539595099 94.9246349167821 0 0
 329.478354771136 79.1164504007079 0 0
 331.644739833357 64.4173244266258 0 0
 333.810700739 72.534250051832 0 0
 335.976243445303 56.5983680433132 0 0
 338.141373909504 43.6207561089633 0 0
 340.306098088841 51.2686161476766 0 0
 342.470421940552 37.1949994229548 0 0
 344.634351421875 28.2240005439327 0 0
 346.797892490048 36.132157085738 0 0
 348.961051102309 23.9705737792237 0 0
 351.123833215896 17.4963081435845 0 0
 353.286244788047 25.4148413980688 0 0
 355.448291776 15.0442905082712 0 0
 357.609980136993 10.6459732035095 0 0
 359.771315828264 20.707746896511 0 0
 361.932304807051 17.6009596754109 0 0
 364.092953030592 22.9733472655154 0 0
 366.253266456125 32.7004175533993 0 0
 368.413251040888 13.3086426047531 0 0
 370.572912742119 4.4812651671395 0 0
 372.732257517056 14.0701274569347 0 0
 374.891291322937 2.12952929621007 0 0
 377.050020117 0.292959611652754 0 0
 379.208449856483 12.4965229771062 0 0
 381.366586498624 0.071077920692326 0 0
 383.524436000661 -0.885681694138831 0 0
 385.682004319832 11.5287839958182 0 0
 387.839297413375 -1.20866438208338 0 0
 389.996321238528 -1.17405275599594 0 0
 392.153081752529 10.6653467521488 0 0
 394.309584912616 -1.86972769849722 0 0
 396.465836676027 -0.930164425669136 0 0
 398.621843 11.087789600589 0 0
 400.777609841773 4.35989913057967 0 0
 402.933143158584 16.3850568242405 0 0
 405.088448907671 29.390486883917 0 0
 407.243533046272 12.0537384845813 0 0
 409.398401531625 6.69357977281223 0 0
 411.553060320968 12.5837448326679 0 0
 413.707515371539 3.12939111348186 0 0
 415.861772640576 8.13564999025611 0 0
 418.015838085317 18.8524357487697 0 0
 420.169717663 15.13337533899 0 0
 422.323417330863 25.9208079050315 0 0
 424.476943046144 42.4618999025215 0 0
 426.630300766081 48.8237527831384 0 0
 428.783496447912 72.9948411199446 0 0
 430.936536048875 110.88232317793 0 0
 433.089425526208 164.265267985544 0 0
 435.242170837149 234.658060656915 0 0
 437.394777938936 290.297100873569 0 0
 439.547252788807 328.51730293284 0 0
 441.699601344 415.429215178364 0 0
 443.851829561753 529.616774994918 0 0
 446.003943399304 636.518633394823 0 0
 448.155948813891 734.584248977519 0 0
 450.307851762752 788.068825641132 0 0
 452.459658203125 774.954125609732 0 0
 454.611374092248 729.350011222926 0 0
 456.763005387359 651.565362529073 0 0
 458.914558045696 550.938898593456 0 0
 461.066038024497 474.404708132223 0 0
 463.217451281 410.254491806874 0 0
 465.368803772443 347.130405024967 0 0
 467.520101456064 310.984413574958 0 0
 469.671350289101 274.205965017936 0 0
 471.822556228792 227.536295551029 0 0
 473.973725232375 203.425946759691 0 0
 476.124863257088 179.21743559795 0 0
 478.275976260169 149.602419674948 0 0
 480.427070198856 145.614442074753 0 0
 482.578151030387 139.681827931229 0 0
 484.729224712 125.541246223224 0 0
 486.880297200933 133.033577870741 0 0
 489.031374454424 134.118214628956 0 0
 491.182462429711 125.836912789085 0 0
 493.333567084032 138.209195510398 0 0
 495.484694374625 142.671406269223 0 0
 497.635850258728 138.191180872415 0 0
 499.787040693579 153.832037495881 0 0
 501.938271636416 159.549825731872 0 0
 504.089549044477 -NAN 0 0
 506.240878875 -NAN 0 0
 508.392267085223 -NAN 0 0
 510.543719632384 -NAN 0 0
 512.695242473721 -NAN 0 0
 514.846841566472 -NAN 0 0
 516.998522867875 -NAN 0 0
 519.150292335168 -NAN 0 0
 521.302155925589 -NAN 0 0
 523.454119596376 -NAN 0 0
 525.606189304767 -NAN 0 0
 527.758371008 -NAN 0 0
 529.910670663313 -NAN 0 0
 532.063094227944 -NAN 0 0
 534.215647659131 -NAN 0 0
 536.368336914112 -NAN 0 0
 538.521167950125 -NAN 0 0
 540.674146724408 -NAN 0 0
 542.827279194199 -NAN 0 0
 544.980571316736 -NAN 0 0
 547.134029049257 -NAN 0 0
 549.287658349 -NAN 0 0
 551.441465173203 -NAN 0 0
 553.595455479104 -NAN 0 0
 555.749635223941 -NAN 0 0
 557.904010364952 -NAN 0 0
 560.058586859375 -NAN 0 0
 562.213370664448 -NAN 0 0
 564.368367737409 -NAN 0 0
 566.523584035496 -NAN 0 0
 568.679025515947 -NAN 0 0
 570.834698136 -NAN 0 0
 572.990607852893 -NAN 0 0
 575.146760623864 -NAN 0 0
 577.303162406151 -NAN 0 0
 579.459819156992 -NAN 0 0
 581.616736833625 -NAN 0 0
 583.773921393288 -NAN 0 0
 585.931378793219 -NAN 0 0
 588.089114990656 -NAN 0 0
 590.247135942837 -NAN 0 0
 592.405447607 -NAN 0 0
 594.564055940383 -NAN 0 0
 596.722966900224 -NAN 0 0
 598.882186443761 -NAN 0 0
 601.041720528232 -NAN 0 0
 603.201575110875 -NAN 0 0
 605.361756148928 -NAN 0 0
 607.522269599629 -NAN 0 0
 609.683121420216 -NAN 0 0
 611.844317567927 -NAN 0 0
 614.005864 -NAN 0 0
 616.167766673673 -NAN 0 0
 618.330031546184 -NAN 0 0
 620.492664574771 -NAN 0 0
 622.655671716672 -NAN 0 0
 624.819058929125 -NAN 0 0
 626.982832169368 -NAN 0 0
 629.146997394639 -NAN 0 0
 631.311560562176 -NAN 0 0
 633.476527629217 -NAN 0 0
 635.641904553 -NAN 0 0
 637.807697290763 -NAN 0 0
 639.973911799744 -NAN 0 0
 642.140554037181 -NAN 0 0
 644.307629960312 -NAN 0 0
 646.475145526375 -NAN 0 0
 648.643106692608 -NAN 0 0
 650.811519416249 -NAN 0 0
 652.980389654536 -NAN 0 0
 655.149723364707 -NAN 0 0
 657.319526504 -NAN 0 0
 659.489805029653 -NAN 0 0
 661.660564898904 -NAN 0 0
 663.831812068991 -NAN 0 0
 666.003552497152 -NAN 0 0
 668.175792140625 -NAN 0 0
 670.348536956648 -NAN 0 0
 672.521792902459 -NAN 0 0
 674.695565935296 -NAN 0 0
 676.869862012397 -NAN 0 0
 679.044687091 -NAN 0 0
 681.220047128343 -NAN 0 0
 683.395948081664 -NAN 0 0
 685.572395908201 -NAN 0 0
 687.749396565192 -NAN 0 0
 689.926956009875 -NAN 0 0
 692.105080199488 -NAN 0 0
 694.283775091269 -NAN 0 0
 696.463046642456 -NAN 0 0
 698.642900810287 -NAN 0 0
 700.823343552 -NAN 0 0
 703.004380824833 -NAN 0 0
 705.186018586024 -NAN 0 0
 707.368262792811 -NAN 0 0
 709.551119402432 -NAN 0 0
 711.734594372125 -NAN 0 0
 713.918693659128 -NAN 0 0
 716.103423220679 -NAN 0 0
 718.288789014016 -NAN 0 0
 720.474796996377 -NAN 0 0
 722.661453125 -NAN 0 0
 724.848763357123 -NAN 0 0
 727.036733649984 -NAN 0 0
 729.225369960821 -NAN 0 0
 731.414678246872 -NAN 0 0
 733.604664465375 -NAN 0 0
 735.795334573568 -NAN 0 0
[END] of [DATA]
[END] of Spectrum


[Spectrum]
Version            = 1
IDData             = 12ad_2026-06-09_17-36-45_000_736
IDDevice           = SAM_82E6
IDDataType         = SPECTRUM
IDDataTypeSub1     = CALIBRATED
IDDataTypeSub2     = 
IDDataTypeSub3     = 
DateTime           = 2026-06-09 17:36:45
PositionLatitude   = 0
PositionLongitude  = 0
Comment            = 20260609_FrameA
CommentSub1        = UV
CommentSub2        = left
CommentSub3        = 39cm
IDMethodType       = SAM Control
MethodName         = SAM_82E6
Mission            = No Mission
MissionSub         = 1
RecordType         = 0
[Attributes]
CalFactor = 1
IDBasisSpec = 
IDDataBack = DLAB_2024-11-11_10-40-48_641_639
IDDataCal = DLAB_2024-11-12_11-45-27_171_455
IntegrationTime = 128
P31 = -1
P31e = 0
PathLength = +INF
PathLengthCustomOn = 0
RAWDynamic = 65535
Salinity = 0
Temperature = -NAN
Unit1 = $01 $01 Wavelength nm
Unit2 = $03 $06 Intensity mW/(m^2 nm)
Unit3 = $f0 $06 Error mW/(m^2 nm)
Unit4 = $f1 $00 Status 
p999 = 8104
[END] of [Attributes]
[DATA]
 0 6 0 0
 185.260577530984 -NAN 0 0
 187.468128380571 -NAN 0 0
 189.674861895872 -NAN 0 0
 191.880784034125 -NAN 0 0
 194.085900752568 -NAN 0 0
 196.290218008439 -NAN 0 0
 198.493741758976 -NAN 0 0
 200.696477961417 -NAN 0 0
 202.898432573 -NAN 0 0
 205.099611550963 -NAN 0 0
 207.300020852544 -NAN 0 0
 209.499666434981 -NAN 0 0
 211.698554255512 -NAN 0 0
 213.896690271375 -NAN 0 0
 216.094080439808 -NAN 0 0
 218.290730718049 -NAN 0 0
 220.486647063336 -NAN 0 0
 222.681835432907 -NAN 0 0
 224.876301784 -NAN 0 0
 227.070052073853 -NAN 0 0
 229.263092259704 -NAN 0 0
 231.455428298791 -NAN 0 0
 233.647066148352 -NAN 0 0
 235.838011765625 -NAN 0 0
 238.028271107848 -NAN 0 0
 240.217850132259 -NAN 0 0
 242.406754796096 -NAN 0 0
 244.594991056597 -NAN 0 0
 246.782564871 -NAN 0 0
 248.969482196543 -NAN 0 0
 251.155748990464 -NAN 0 0
 253.341371210001 -NAN 0 0
 255.526354812392 -NAN 0 0
 257.710705754875 -NAN 0 0
 259.894429994688 -NAN 0 0
 262.077533489069 -NAN 0 0
 264.260022195256 -NAN 0 0
 266.441902070487 -NAN 0 0
 268.623179072 -NAN 0 0
 270.803859157033 -NAN 0 0
 272.983948282824 -NAN 0 0
 275.163452406611 -NAN 0 0
 277.342377485632 -NAN 0 0
 279.520729477125 12.9343066492419 0 0
 281.698514338328 9.13679797954932 0 0
 283.875738026479 8.29129864326899 0 0
 286.052406498816 28.8483665157064 0 0
 288.228525712577 28.4343767645954 0 0
 290.404101625 34.7317110290238 0 0
 292.579140193323 62.0467101113767 0 0
 294.753647374784 69.1820470996421 0 0
 296.927629126621 78.889128563206 0 0
 299.101091406072 104.476687677525 0 0
 301.274040170375 111.915249636177 0 0
 303.446481376768 117.045741759134 0 0
 305.618420982489 135.888860502085 0 0
 307.789864944776 133.288707463263 0 0
 309.960819220867 137.83265295432 0 0
 312.131289768 154.778002995824 0 0
 314.301282543413 140.23635126565 0 0
 316.470803504344 125.109326802617 0 0
 318.639858608031 126.410111535998 0 0
 320.808453811712 105.828533711461 0 0
 322.976595072625 97.3932666937992 0 0
 325.144288348008 101.644228112504 0 0
 327.311539595099 80.7778038793114 0 0
 329.478354771136 71.6167865132721 0 0
 331.644739833357 77.1789163914421 0 0
 333.810700739 57.8505074287251 0 0
 335.976243445303 50.6557965665614 0 0
 338.141373909504 55.8025692788933 0 0
 340.306098088841 37.5844596396847 0 0
 342.470421940552 32.9497658561321 0 0
 344.634351421875 39.0640633733489 0 0
 346.797892490048 23.6923962718612 0 0
 348.961051102309 21.0746002254606 0 0
 351.123833215896 26.7426671052263 0 0
 353.286244788047 13.930537949257 0 0
 355.448291776 13.1252957467831 0 0
 357.609980136993 19.3753301667952 0 0
 359.771315828264 9.03101666865511 0 0
 361.932304807051 16.4326357855768 0 0
 364.092953030592 31.6487202049216 0 0
 366.253266456125 19.9384702204778 0 0
 368.413251040888 12.695218615801 0 0
 370.572912742119 14.0871003545247 0 0
 372.732257517056 -0.490798892090446 0 0
 374.891291322937 2.44144573047227 0 0
 377.050020117 10.395941629204 0 0
 379.208449856483 -3.0988745784943 0 0
 381.366586498624 1.51826195007733 0 0
 383.524436000661 9.39551045325792 0 0
 385.682004319832 -4.70598874365736 0 0
 387.839297413375 1.08382867246073 0 0
 389.996321238528 8.35508645666904 0 0
 392.153081752529 -5.09807681994839 0 0
 394.309584912616 1.04845498698285 0 0
 396.465836676027 7.62169820980221 0 0
 398.621843 -4.08075104634081 0 0
 400.777609841773 8.07933625831991 0 0
 402.933143158584 23.385713064007 0 0
 405.088448907671 14.6834897181468 0 0
 407.243533046272 15.9004956137078 0 0
 409.398401531625 12.7962770665618 0 0
 411.553060320968 -0.0252788289828893 0 0
 413.707515371539 7.55654166452553 0 0
 415.861772640576 13.2591034228281 0 0
 418.015838085317 7.68574126452064 0 0
 420.169717663 19.8824119574985 0 0
 422.323417330863 30.0720034615395 0 0
 424.476943046144 32.4741618321947 0 0
 426.630300766081 53.5298612542471 0 0
 428.783496447912 76.255443270848 0 0
 430.936536048875 101.491804213382 0 0
 433.089425526208 168.242065278773 0 0
 435.242170837149 236.080663526875 0 0
 437.394777938936 280.195507824974 0 0
 439.547252788807 333.421916995154 0 0
 441.699601344 417.735605961112 0 0
 443.851829561753 520.680539967415 0 0
 446.003943399304 642.784768770382 0 0
 448.155948813891 736.904140484261 0 0
 450.307851762752 778.879347494915 0 0
 452.459658203125 782.138584380279 0 0
 454.611374092248 731.128296207308 0 0
 456.763005387359 641.670061787904 0 0
 458.914558045696 559.182634973972 0 0
 461.066038024497 475.778168577271 0 0
 463.217451281 400.231572443984 0 0
 465.368803772443 356.400186570022 0 0
 467.520101456064 311.637736474006 0 0
 469.671350289101 263.798819704914 0 0
 471.822556228792 237.607903460988 0 0
 473.973725232375 203.820138103994 0 0
 476.124863257088 169.171353302303 0 0
 478.275976260169 160.141476284864 0 0
 480.427070198856 145.251325303026 0 0
 482.578151030387 129.855266312944 0 0
 484.729224712 136.361843143318 0 0
 486.880297200933 132.024596878113 0 0
 489.031374454424 124.569264355024 0 0
 491.182462429711 136.630260125942 0 0
 493.333567084032 136.563691511512 0 0
 495.484694374625 133.484706958894 0 0
 497.635850258728 149.445553516589 0 0
 499.787040693579 151.520713103353 0 0
 501.938271636416 151.120814386596 0 0
 504.089549044477 -NAN 0 0
 506.240878875 -NAN 0 0
 508.392267085223 -NAN 0 0
 510.543719632384 -NAN 0 0
 512.695242473721 -NAN 0 0
 514.846841566472 -NAN 0 0
 516.998522867875 -NAN 0 0
 519.150292335168 -NAN 0 0
 521.302155925589 -NAN 0 0
 523.454119596376 -NAN 0 0
 525.606189304767 -NAN 0 0
 527.758371008 -NAN 0 0
 529.910670663313 -NAN 0 0
 532.063094227944 -NAN 0 0
 534.215647659131 -NAN 0 0
 536.368336914112 -NAN 0 0
 538.521167950125 -NAN 0 0
 540.674146724408 -NAN 0 0
 542.827279194199 -NAN 0 0
 544.980571316736 -NAN 0 0
 547.134029049257 -NAN 0 0
 549.287658349 -NAN 0 0
 551.441465173203 -NAN 0 0
 553.595455479104 -NAN 0 0
 555.749635223941 -NAN 0 0
 557.904010364952 -NAN 0 0
 560.058586859375 -NAN 0 0
 562.213370664448 -NAN 0 0
 564.368367737409 -NAN 0 0
 566.523584035496 -NAN 0 0
 568.679025515947 -NAN 0 0
 570.834698136 -NAN 0 0
 572.990607852893 -NAN 0 0
 575.146760623864 -NAN 0 0
 577.303162406151 -NAN 0 0
 579.459819156992 -NAN 0 0
 581.616736833625 -NAN 0 0
 583.773921393288 -NAN 0 0
 585.931378793219 -NAN 0 0
 588.089114990656 -NAN 0 0
 590.247135942837 -NAN 0 0
 592.405447607 -NAN 0 0
 594.564055940383 -NAN 0 0
 596.722966900224 -NAN 0 0
 598.882186443761 -NAN 0 0
 601.041720528232 -NAN 0 0
 603.201575110875 -NAN 0 0
 605.361756148928 -NAN 0 0
 607.522269599629 -NAN 0 0
 609.683121420216 -NAN 0 0
 611.844317567927 -NAN 0 0
 614.005864 -NAN 0 0
 616.167766673673 -NAN 0 0
 618.330031546184 -NAN 0 0
 620.492664574771 -NAN 0 0
 622.655671716672 -NAN 0 0
 624.819058929125 -NAN 0 0
 626.982832169368 -NAN 0 0
 629.146997394639 -NAN 0 0
 631.311560562176 -NAN 0 0
 633.476527629217 -NAN 0 0
 635.641904553 -NAN 0 0
 637.807697290763 -NAN 0 0
 639.973911799744 -NAN 0 0
 642.140554037181 -NAN 0 0
 644.307629960312 -NAN 0 0
 646.475145526375 -NAN 0 0
 648.643106692608 -NAN 0 0
 650.811519416249 -NAN 0 0
 652.980389654536 -NAN 0 0
 655.149723364707 -NAN 0 0
 657.319526504 -NAN 0 0
 659.489805029653 -NAN 0 0
 661.660564898904 -NAN 0 0
 663.831812068991 -NAN 0 0
 666.003552497152 -NAN 0 0
 668.175792140625 -NAN 0 0
 670.348536956648 -NAN 0 0
 672.521792902459 -NAN 0 0
 674.695565935296 -NAN 0 0
 676.869862012397 -NAN 0 0
 679.044687091 -NAN 0 0
 681.220047128343 -NAN 0 0
 683.395948081664 -NAN 0 0
 685.572395908201 -NAN 0 0
 687.749396565192 -NAN 0 0
 689.926956009875 -NAN 0 0
 692.105080199488 -NAN 0 0
 694.283775091269 -NAN 0 0
 696.463046642456 -NAN 0 0
 698.642900810287 -NAN 0 0
 700.823343552 -NAN 0 0
 703.004380824833 -NAN 0 0
 705.186018586024 -NAN 0 0
 707.368262792811 -NAN 0 0
 709.551119402432 -NAN 0 0
 711.734594372125 -NAN 0 0
 713.918693659128 -NAN 0 0
 716.103423220679 -NAN 0 0
 718.288789014016 -NAN 0 0
 720.474796996377 -NAN 0 0
 722.661453125 -NAN 0 0
 724.848763357123 -NAN 0 0
 727.036733649984 -NAN 0 0
 729.225369960821 -NAN 0 0
 731.414678246872 -NAN 0 0
 733.604664465375 -NAN 0 0
 735.795334573568 -NAN 0 0
[END] of [DATA]
[END] of Spectrum


