[Spectrum]
Version            = 1
IDData             = 12ad_2026-06-08_13-09-45_000_333
IDDevice           = SAM_82E6
IDDataType         = SPECTRUM
IDDataTypeSub1     = CALIBRATED
IDDataTypeSub2     = 
IDDataTypeSub3     = 
DateTime           = 2026-06-08 13:09:45
PositionLatitude   = 0
PositionLongitude  = 0
Comment            = 20260608_FrameC
CommentSub1        = UV
CommentSub2        = centre
CommentSub3        = 50cm
IDMethodType       = SAM Control
MethodName         = SAM_82E6
Mission            = No Mission
MissionSub         = 1
RecordType         = 0
[Attributes]
CalFactor = 1
IDBasisSpec = 
IDDataBack = DLAB_2024-11-11_10-40-48_641_639
IDDataCal = DLAB_2024-11-12_11-45-27_171_455
IntegrationTime = 512
P31 = -1
P31e = 0
PathLength = +INF
PathLengthCustomOn = 0
RAWDynamic = 65535
Salinity = 0
Temperature = -NAN
Unit1 = $01 $01 Wavelength nm
Unit2 = $03 $06 Intensity mW/(m^2 nm)
Unit3 = $f0 $06 Error mW/(m^2 nm)
Unit4 = $f1 $00 Status 
p999 = 7151
[END] of [Attributes]
[DATA]
 0 8 0 0
 185.260577530984 -NAN 0 0
 187.468128380571 -NAN 0 0
 189.674861895872 -NAN 0 0
 191.880784034125 -NAN 0 0
 194.085900752568 -NAN 0 0
 196.290218008439 -NAN 0 0
 198.493741758976 -NAN 0 0
 200.696477961417 -NAN 0 0
 202.898432573 -NAN 0 0
 205.099611550963 -NAN 0 0
 207.300020852544 -NAN 0 0
 209.499666434981 -NAN 0 0
 211.698554255512 -NAN 0 0
 213.896690271375 -NAN 0 0
 216.094080439808 -NAN 0 0
 218.290730718049 -NAN 0 0
 220.486647063336 -NAN 0 0
 222.681835432907 -NAN 0 0
 224.876301784 -NAN 0 0
 227.070052073853 -NAN 0 0
 229.263092259704 -NAN 0 0
 231.455428298791 -NAN 0 0
 233.647066148352 -NAN 0 0
 235.838011765625 -NAN 0 0
 238.028271107848 -NAN 0 0
 240.217850132259 -NAN 0 0
 242.406754796096 -NAN 0 0
 244.594991056597 -NAN 0 0
 246.782564871 -NAN 0 0
 248.969482196543 -NAN 0 0
 251.155748990464 -NAN 0 0
 253.341371210001 -NAN 0 0
 255.526354812392 -NAN 0 0
 257.710705754875 -NAN 0 0
 259.894429994688 -NAN 0 0
 262.077533489069 -NAN 0 0
 264.260022195256 -NAN 0 0
 266.441902070487 -NAN 0 0
 268.623179072 -NAN 0 0
 270.803859157033 -NAN 0 0
 272.983948282824 -NAN 0 0
 275.163452406611 -NAN 0 0
 277.342377485632 -NAN 0 0
 279.520729477125 10.6278687530441 0 0
 281.698514338328 15.4070150635494 0 0
 283.875738026479 22.9863633978657 0 0
 286.052406498816 37.0038330702918 0 0
 288.228525712577 50.360419141361 0 0
 290.404101625 70.3369541375103 0 0
 292.579140193323 95.930421487258 0 0
 294.753647374784 123.307950389003 0 0
 296.927629126621 147.257077743637 0 0
 299.101091406072 173.426156730343 0 0
 301.274040170375 199.593695673714 0 0
 303.446481376768 213.778109209767 0 0
 305.618420982489 230.183918576621 0 0
 307.789864944776 238.36381954223 0 0
 309.960819220867 250.481481045963 0 0
 312.131289768 262.802600957518 0 0
 314.301282543413 250.833692136276 0 0
 316.470803504344 229.112501858378 0 0
 318.639858608031 211.940052684041 0 0
 320.808453811712 192.124432985811 0 0
 322.976595072625 181.145550275039 0 0
 325.144288348008 166.310639209322 0 0
 327.311539595099 148.235291306694 0 0
 329.478354771136 135.677402062207 0 0
 331.644739833357 122.587203539882 0 0
 333.810700739 108.580331342299 0 0
 335.976243445303 97.7837011569979 0 0
 338.141373909504 85.0202926441693 0 0
 340.306098088841 72.5437050424749 0 0
 342.470421940552 65.2160216874828 0 0
 344.634351421875 56.6178523221324 0 0
 346.797892490048 47.7227274404673 0 0
 348.961051102309 42.7260556808482 0 0
 351.123833215896 36.5522741726199 0 0
 353.286244788047 30.4854637421057 0 0
 355.448291776 27.9374097505526 0 0
 357.609980136993 23.7719221834343 0 0
 359.771315828264 21.796984948458 0 0
 361.932304807051 31.3411654089349 0 0
 364.092953030592 41.3149217036612 0 0
 366.253266456125 38.8717098637648 0 0
 368.413251040888 24.8901834410162 0 0
 370.572912742119 12.4025599882679 0 0
 372.732257517056 7.92144417067432 0 0
 374.891291322937 8.16602010291636 0 0
 377.050020117 5.23558771933391 0 0
 379.208449856483 4.33231018407756 0 0
 381.366586498624 5.41167152079499 0 0
 383.524436000661 2.74137280414167 0 0
 385.682004319832 2.62594379791438 0 0
 387.839297413375 3.90301765410131 0 0
 389.996321238528 1.38797379942676 0 0
 392.153081752529 1.86813539669305 0 0
 394.309584912616 2.79675603251328 0 0
 396.465836676027 0.772800711288521 0 0
 398.621843 3.63240206143129 0 0
 400.777609841773 13.977050229457 0 0
 402.933143158584 29.9286549183805 0 0
 405.088448907671 36.609429004828 0 0
 407.243533046272 25.4205268720198 0 0
 409.398401531625 8.65267625756245 0 0
 411.553060320968 3.7346450541042 0 0
 413.707515371539 1.86591997064089 0 0
 415.861772640576 0.189364215290149 0 0
 418.015838085317 1.74050260102942 0 0
 420.169717663 1.65032930570723 0 0
 422.323417330863 0.884250005084341 0 0
 424.476943046144 2.6714685703876 0 0
 426.630300766081 2.95855779747482 0 0
 428.783496447912 5.00969636336611 0 0
 430.936536048875 19.6236887865645 0 0
 433.089425526208 66.5235955579637 0 0
 435.242170837149 106.249754199241 0 0
 437.394777938936 98.3302711859719 0 0
 439.547252788807 48.5055707101303 0 0
 441.699601344 26.054118720218 0 0
 443.851829561753 24.0275674594237 0 0
 446.003943399304 25.8611671740296 0 0
 448.155948813891 28.2072349954112 0 0
 450.307851762752 29.3973999871209 0 0
 452.459658203125 25.4839323806111 0 0
 454.611374092248 21.6315938070272 0 0
 456.763005387359 19.0697452370845 0 0
 458.914558045696 14.6892795262579 0 0
 461.066038024497 13.0472982892628 0 0
 463.217451281 12.6099967586013 0 0
 465.368803772443 9.55873320466176 0 0
 467.520101456064 8.75030658533467 0 0
 469.671350289101 8.22345652061996 0 0
 471.822556228792 5.39832572877553 0 0
 473.973725232375 5.55194032886984 0 0
 476.124863257088 5.6352469158152 0 0
 478.275976260169 3.6629680248695 0 0
 480.427070198856 4.73273979519715 0 0
 482.578151030387 4.8767374757379 0 0
 484.729224712 3.29565454426051 0 0
 486.880297200933 4.8355924982983 0 0
 489.031374454424 5.01281126479678 0 0
 491.182462429711 3.87373163060974 0 0
 493.333567084032 5.68118054354166 0 0
 495.484694374625 5.34395183417949 0 0
 497.635850258728 4.30788614832175 0 0
 499.787040693579 6.20126699203132 0 0
 501.938271636416 5.77488831692927 0 0
 504.089549044477 -NAN 0 0
 506.240878875 -NAN 0 0
 508.392267085223 -NAN 0 0
 510.543719632384 -NAN 0 0
 512.695242473721 -NAN 0 0
 514.846841566472 -NAN 0 0
 516.998522867875 -NAN 0 0
 519.150292335168 -NAN 0 0
 521.302155925589 -NAN 0 0
 523.454119596376 -NAN 0 0
 525.606189304767 -NAN 0 0
 527.758371008 -NAN 0 0
 529.910670663313 -NAN 0 0
 532.063094227944 -NAN 0 0
 534.215647659131 -NAN 0 0
 536.368336914112 -NAN 0 0
 538.521167950125 -NAN 0 0
 540.674146724408 -NAN 0 0
 542.827279194199 -NAN 0 0
 544.980571316736 -NAN 0 0
 547.134029049257 -NAN 0 0
 549.287658349 -NAN 0 0
 551.441465173203 -NAN 0 0
 553.595455479104 -NAN 0 0
 555.749635223941 -NAN 0 0
 557.904010364952 -NAN 0 0
 560.058586859375 -NAN 0 0
 562.213370664448 -NAN 0 0
 564.368367737409 -NAN 0 0
 566.523584035496 -NAN 0 0
 568.679025515947 -NAN 0 0
 570.834698136 -NAN 0 0
 572.990607852893 -NAN 0 0
 575.146760623864 -NAN 0 0
 577.303162406151 -NAN 0 0
 579.459819156992 -NAN 0 0
 581.616736833625 -NAN 0 0
 583.773921393288 -NAN 0 0
 585.931378793219 -NAN 0 0
 588.089114990656 -NAN 0 0
 590.247135942837 -NAN 0 0
 592.405447607 -NAN 0 0
 594.564055940383 -NAN 0 0
 596.722966900224 -NAN 0 0
 598.882186443761 -NAN 0 0
 601.041720528232 -NAN 0 0
 603.201575110875 -NAN 0 0
 605.361756148928 -NAN 0 0
 607.522269599629 -NAN 0 0
 609.683121420216 -NAN 0 0
 611.844317567927 -NAN 0 0
 614.005864 -NAN 0 0
 616.167766673673 -NAN 0 0
 618.330031546184 -NAN 0 0
 620.492664574771 -NAN 0 0
 622.655671716672 -NAN 0 0
 624.819058929125 -NAN 0 0
 626.982832169368 -NAN 0 0
 629.146997394639 -NAN 0 0
 631.311560562176 -NAN 0 0
 633.476527629217 -NAN 0 0
 635.641904553 -NAN 0 0
 637.807697290763 -NAN 0 0
 639.973911799744 -NAN 0 0
 642.140554037181 -NAN 0 0
 644.307629960312 -NAN 0 0
 646.475145526375 -NAN 0 0
 648.643106692608 -NAN 0 0
 650.811519416249 -NAN 0 0
 652.980389654536 -NAN 0 0
 655.149723364707 -NAN 0 0
 657.319526504 -NAN 0 0
 659.489805029653 -NAN 0 0
 661.660564898904 -NAN 0 0
 663.831812068991 -NAN 0 0
 666.003552497152 -NAN 0 0
 668.175792140625 -NAN 0 0
 670.348536956648 -NAN 0 0
 672.521792902459 -NAN 0 0
 674.695565935296 -NAN 0 0
 676.869862012397 -NAN 0 0
 679.044687091 -NAN 0 0
 681.220047128343 -NAN 0 0
 683.395948081664 -NAN 0 0
 685.572395908201 -NAN 0 0
 687.749396565192 -NAN 0 0
 689.926956009875 -NAN 0 0
 692.105080199488 -NAN 0 0
 694.283775091269 -NAN 0 0
 696.463046642456 -NAN 0 0
 698.642900810287 -NAN 0 0
 700.823343552 -NAN 0 0
 703.004380824833 -NAN 0 0
 705.186018586024 -NAN 0 0
 707.368262792811 -NAN 0 0
 709.551119402432 -NAN 0 0
 711.734594372125 -NAN 0 0
 713.918693659128 -NAN 0 0
 716.103423220679 -NAN 0 0
 718.288789014016 -NAN 0 0
 720.474796996377 -NAN 0 0
 722.661453125 -NAN 0 0
 724.848763357123 -NAN 0 0
 727.036733649984 -NAN 0 0
 729.225369960821 -NAN 0 0
 731.414678246872 -NAN 0 0
 733.604664465375 -NAN 0 0
 735.795334573568 -NAN 0 0
[END] of [DATA]
[END] of Spectrum


[Spectrum]
Version            = 1
IDData             = 12ad_2026-06-08_13-09-40_000_330
IDDevice           = SAM_82E6
IDDataType         = SPECTRUM
IDDataTypeSub1     = CALIBRATED
IDDataTypeSub2     = 
IDDataTypeSub3     = 
DateTime           = 2026-06-08 13:09:40
PositionLatitude   = 0
PositionLongitude  = 0
Comment            = 20260608_FrameC
CommentSub1        = UV
CommentSub2        = centre
CommentSub3        = 50cm
IDMethodType       = SAM Control
MethodName         = SAM_82E6
Mission            = No Mission
MissionSub         = 1
RecordType         = 0
[Attributes]
CalFactor = 1
IDBasisSpec = 
IDDataBack = DLAB_2024-11-11_10-40-48_641_639
IDDataCal = DLAB_2024-11-12_11-45-27_171_455
IntegrationTime = 512
P31 = -1
P31e = 0
PathLength = +INF
PathLengthCustomOn = 0
RAWDynamic = 65535
Salinity = 0
Temperature = -NAN
Unit1 = $01 $01 Wavelength nm
Unit2 = $03 $06 Intensity mW/(m^2 nm)
Unit3 = $f0 $06 Error mW/(m^2 nm)
Unit4 = $f1 $00 Status 
p999 = 7150
[END] of [Attributes]
[DATA]
 0 8 0 0
 185.260577530984 -NAN 0 0
 187.468128380571 -NAN 0 0
 189.674861895872 -NAN 0 0
 191.880784034125 -NAN 0 0
 194.085900752568 -NAN 0 0
 196.290218008439 -NAN 0 0
 198.493741758976 -NAN 0 0
 200.696477961417 -NAN 0 0
 202.898432573 -NAN 0 0
 205.099611550963 -NAN 0 0
 207.300020852544 -NAN 0 0
 209.499666434981 -NAN 0 0
 211.698554255512 -NAN 0 0
 213.896690271375 -NAN 0 0
 216.094080439808 -NAN 0 0
 218.290730718049 -NAN 0 0
 220.486647063336 -NAN 0 0
 222.681835432907 -NAN 0 0
 224.876301784 -NAN 0 0
 227.070052073853 -NAN 0 0
 229.263092259704 -NAN 0 0
 231.455428298791 -NAN 0 0
 233.647066148352 -NAN 0 0
 235.838011765625 -NAN 0 0
 238.028271107848 -NAN 0 0
 240.217850132259 -NAN 0 0
 242.406754796096 -NAN 0 0
 244.594991056597 -NAN 0 0
 246.782564871 -NAN 0 0
 248.969482196543 -NAN 0 0
 251.155748990464 -NAN 0 0
 253.341371210001 -NAN 0 0
 255.526354812392 -NAN 0 0
 257.710705754875 -NAN 0 0
 259.894429994688 -NAN 0 0
 262.077533489069 -NAN 0 0
 264.260022195256 -NAN 0 0
 266.441902070487 -NAN 0 0
 268.623179072 -NAN 0 0
 270.803859157033 -NAN 0 0
 272.983948282824 -NAN 0 0
 275.163452406611 -NAN 0 0
 277.342377485632 -NAN 0 0
 279.520729477125 9.26673422704177 0 0
 281.698514338328 14.5016122770453 0 0
 283.875738026479 25.1540016620418 0 0
 286.052406498816 34.626391114579 0 0
 288.228525712577 49.3360382571491 0 0
 290.404101625 71.8165123511199 0 0
 292.579140193323 92.6771479971121 0 0
 294.753647374784 121.848869291256 0 0
 296.927629126621 147.297706449006 0 0
 299.101091406072 169.45831192849 0 0
 301.274040170375 197.667512258988 0 0
 303.446481376768 212.643325911522 0 0
 305.618420982489 225.68379692917 0 0
 307.789864944776 236.320078813904 0 0
 309.960819220867 248.668063138441 0 0
 312.131289768 257.855995753116 0 0
 314.301282543413 249.076115865761 0 0
 316.470803504344 227.370273318953 0 0
 318.639858608031 207.240048712666 0 0
 320.808453811712 191.597981604842 0 0
 322.976595072625 179.589565592399 0 0
 325.144288348008 162.108038596511 0 0
 327.311539595099 148.612051470075 0 0
 329.478354771136 134.272516591821 0 0
 331.644739833357 119.043715098144 0 0
 333.810700739 109.740080570646 0 0
 335.976243445303 96.2929704697648 0 0
 338.141373909504 82.3413891830624 0 0
 340.306098088841 74.0652225435123 0 0
 342.470421940552 63.7494388389814 0 0
 344.634351421875 54.7397045453653 0 0
 346.797892490048 49.3704098788172 0 0
 348.961051102309 41.2798037124054 0 0
 351.123833215896 35.3086053098616 0 0
 353.286244788047 32.0660275333184 0 0
 355.448291776 26.3889832039371 0 0
 357.609980136993 22.9821895091921 0 0
 359.771315828264 23.3609095755124 0 0
 361.932304807051 29.5381693308263 0 0
 364.092953030592 40.7363000702092 0 0
 366.253266456125 40.3542585587817 0 0
 368.413251040888 22.7795684908865 0 0
 370.572912742119 12.4201438915921 0 0
 372.732257517056 9.51294481086521 0 0
 374.891291322937 5.8011019655577 0 0
 377.050020117 5.73908149819876 0 0
 379.208449856483 5.76883886236398 0 0
 381.366586498624 2.87485967241014 0 0
 383.524436000661 3.73978827048757 0 0
 385.682004319832 3.74676041949373 0 0
 387.839297413375 1.32785935581088 0 0
 389.996321238528 2.81088329565754 0 0
 392.153081752529 2.60565825132066 0 0
 394.309584912616 0.471755341511637 0 0
 396.465836676027 2.49525593284421 0 0
 398.621843 4.003256427318 0 0
 400.777609841773 11.824068353592 0 0
 402.933143158584 31.3721283899761 0 0
 405.088448907671 36.0627689865547 0 0
 407.243533046272 23.491208287183 0 0
 409.398401531625 10.390902279834 0 0
 411.553060320968 3.40761780465708 0 0
 413.707515371539 0.730494799368189 0 0
 415.861772640576 2.04074758713988 0 0
 418.015838085317 1.13498466068634 0 0
 420.169717663 0.893037709468963 0 0
 422.323417330863 2.5327342572883 0 0
 424.476943046144 1.87702975302691 0 0
 426.630300766081 2.44625490356378 0 0
 428.783496447912 6.4629740542031 0 0
 430.936536048875 18.4486378877013 0 0
 433.089425526208 65.4783908947798 0 0
 435.242170837149 106.289714954015 0 0
 437.394777938936 96.0934213563713 0 0
 439.547252788807 48.003705105634 0 0
 441.699601344 27.0901862831741 0 0
 443.851829561753 22.6531483965574 0 0
 446.003943399304 25.9963459546602 0 0
 448.155948813891 29.2816325559278 0 0
 450.307851762752 27.8516918867661 0 0
 452.459658203125 25.9887712189231 0 0
 454.611374092248 22.5649556851931 0 0
 456.763005387359 17.3393367363228 0 0
 458.914558045696 15.4981836832081 0 0
 461.066038024497 13.7997467600843 0 0
 463.217451281 10.8344339968541 0 0
 465.368803772443 10.7277474452845 0 0
 467.520101456064 9.26653877769693 0 0
 469.671350289101 6.47522064787902 0 0
 471.822556228792 6.89911991809316 0 0
 473.973725232375 5.77546223639412 0 0
 476.124863257088 4.01662532487005 0 0
 478.275976260169 5.43873905635884 0 0
 480.427070198856 4.65309915354543 0 0
 482.578151030387 3.55131245055453 0 0
 484.729224712 5.22239582604543 0 0
 486.880297200933 4.40325197318688 0 0
 489.031374454424 3.89555946628255 0 0
 491.182462429711 5.91982148171925 0 0
 493.333567084032 4.8801385089016 0 0
 495.484694374625 4.5326445336408 0 0
 497.635850258728 6.29314519488375 0 0
 499.787040693579 5.09126595498021 0 0
 501.938271636416 5.26690908365933 0 0
 504.089549044477 -NAN 0 0
 506.240878875 -NAN 0 0
 508.392267085223 -NAN 0 0
 510.543719632384 -NAN 0 0
 512.695242473721 -NAN 0 0
 514.846841566472 -NAN 0 0
 516.998522867875 -NAN 0 0
 519.150292335168 -NAN 0 0
 521.302155925589 -NAN 0 0
 523.454119596376 -NAN 0 0
 525.606189304767 -NAN 0 0
 527.758371008 -NAN 0 0
 529.910670663313 -NAN 0 0
 532.063094227944 -NAN 0 0
 534.215647659131 -NAN 0 0
 536.368336914112 -NAN 0 0
 538.521167950125 -NAN 0 0
 540.674146724408 -NAN 0 0
 542.827279194199 -NAN 0 0
 544.980571316736 -NAN 0 0
 547.134029049257 -NAN 0 0
 549.287658349 -NAN 0 0
 551.441465173203 -NAN 0 0
 553.595455479104 -NAN 0 0
 555.749635223941 -NAN 0 0
 557.904010364952 -NAN 0 0
 560.058586859375 -NAN 0 0
 562.213370664448 -NAN 0 0
 564.368367737409 -NAN 0 0
 566.523584035496 -NAN 0 0
 568.679025515947 -NAN 0 0
 570.834698136 -NAN 0 0
 572.990607852893 -NAN 0 0
 575.146760623864 -NAN 0 0
 577.303162406151 -NAN 0 0
 579.459819156992 -NAN 0 0
 581.616736833625 -NAN 0 0
 583.773921393288 -NAN 0 0
 585.931378793219 -NAN 0 0
 588.089114990656 -NAN 0 0
 590.247135942837 -NAN 0 0
 592.405447607 -NAN 0 0
 594.564055940383 -NAN 0 0
 596.722966900224 -NAN 0 0
 598.882186443761 -NAN 0 0
 601.041720528232 -NAN 0 0
 603.201575110875 -NAN 0 0
 605.361756148928 -NAN 0 0
 607.522269599629 -NAN 0 0
 609.683121420216 -NAN 0 0
 611.844317567927 -NAN 0 0
 614.005864 -NAN 0 0
 616.167766673673 -NAN 0 0
 618.330031546184 -NAN 0 0
 620.492664574771 -NAN 0 0
 622.655671716672 -NAN 0 0
 624.819058929125 -NAN 0 0
 626.982832169368 -NAN 0 0
 629.146997394639 -NAN 0 0
 631.311560562176 -NAN 0 0
 633.476527629217 -NAN 0 0
 635.641904553 -NAN 0 0
 637.807697290763 -NAN 0 0
 639.973911799744 -NAN 0 0
 642.140554037181 -NAN 0 0
 644.307629960312 -NAN 0 0
 646.475145526375 -NAN 0 0
 648.643106692608 -NAN 0 0
 650.811519416249 -NAN 0 0
 652.980389654536 -NAN 0 0
 655.149723364707 -NAN 0 0
 657.319526504 -NAN 0 0
 659.489805029653 -NAN 0 0
 661.660564898904 -NAN 0 0
 663.831812068991 -NAN 0 0
 666.003552497152 -NAN 0 0
 668.175792140625 -NAN 0 0
 670.348536956648 -NAN 0 0
 672.521792902459 -NAN 0 0
 674.695565935296 -NAN 0 0
 676.869862012397 -NAN 0 0
 679.044687091 -NAN 0 0
 681.220047128343 -NAN 0 0
 683.395948081664 -NAN 0 0
 685.572395908201 -NAN 0 0
 687.749396565192 -NAN 0 0
 689.926956009875 -NAN 0 0
 692.105080199488 -NAN 0 0
 694.283775091269 -NAN 0 0
 696.463046642456 -NAN 0 0
 698.642900810287 -NAN 0 0
 700.823343552 -NAN 0 0
 703.004380824833 -NAN 0 0
 705.186018586024 -NAN 0 0
 707.368262792811 -NAN 0 0
 709.551119402432 -NAN 0 0
 711.734594372125 -NAN 0 0
 713.918693659128 -NAN 0 0
 716.103423220679 -NAN 0 0
 718.288789014016 -NAN 0 0
 720.474796996377 -NAN 0 0
 722.661453125 -NAN 0 0
 724.848763357123 -NAN 0 0
 727.036733649984 -NAN 0 0
 729.225369960821 -NAN 0 0
 731.414678246872 -NAN 0 0
 733.604664465375 -NAN 0 0
 735.795334573568 -NAN 0 0
[END] of [DATA]
[END] of Spectrum


[Spectrum]
Version            = 1
IDData             = 12ad_2026-06-08_13-09-35_000_327
IDDevice           = SAM_82E6
IDDataType         = SPECTRUM
IDDataTypeSub1     = CALIBRATED
IDDataTypeSub2     = 
IDDataTypeSub3     = 
DateTime           = 2026-06-08 13:09:35
PositionLatitude   = 0
PositionLongitude  = 0
Comment            = 20260608_FrameC
CommentSub1        = UV
CommentSub2        = centre
CommentSub3        = 50cm
IDMethodType       = SAM Control
MethodName         = SAM_82E6
Mission            = No Mission
MissionSub         = 1
RecordType         = 0
[Attributes]
CalFactor = 1
IDBasisSpec = 
IDDataBack = DLAB_2024-11-11_10-40-48_641_639
IDDataCal = DLAB_2024-11-12_11-45-27_171_455
IntegrationTime = 512
P31 = -1
P31e = 0
PathLength = +INF
PathLengthCustomOn = 0
RAWDynamic = 65535
Salinity = 0
Temperature = -NAN
Unit1 = $01 $01 Wavelength nm
Unit2 = $03 $06 Intensity mW/(m^2 nm)
Unit3 = $f0 $06 Error mW/(m^2 nm)
Unit4 = $f1 $00 Status 
p999 = 7149
[END] of [Attributes]
[DATA]
 0 8 0 0
 185.260577530984 -NAN 0 0
 187.468128380571 -NAN 0 0
 189.674861895872 -NAN 0 0
 191.880784034125 -NAN 0 0
 194.085900752568 -NAN 0 0
 196.290218008439 -NAN 0 0
 198.493741758976 -NAN 0 0
 200.696477961417 -NAN 0 0
 202.898432573 -NAN 0 0
 205.099611550963 -NAN 0 0
 207.300020852544 -NAN 0 0
 209.499666434981 -NAN 0 0
 211.698554255512 -NAN 0 0
 213.896690271375 -NAN 0 0
 216.094080439808 -NAN 0 0
 218.290730718049 -NAN 0 0
 220.486647063336 -NAN 0 0
 222.681835432907 -NAN 0 0
 224.876301784 -NAN 0 0
 227.070052073853 -NAN 0 0
 229.263092259704 -NAN 0 0
 231.455428298791 -NAN 0 0
 233.647066148352 -NAN 0 0
 235.838011765625 -NAN 0 0
 238.028271107848 -NAN 0 0
 240.217850132259 -NAN 0 0
 242.406754796096 -NAN 0 0
 244.594991056597 -NAN 0 0
 246.782564871 -NAN 0 0
 248.969482196543 -NAN 0 0
 251.155748990464 -NAN 0 0
 253.341371210001 -NAN 0 0
 255.526354812392 -NAN 0 0
 257.710705754875 -NAN 0 0
 259.894429994688 -NAN 0 0
 262.077533489069 -NAN 0 0
 264.260022195256 -NAN 0 0
 266.441902070487 -NAN 0 0
 268.623179072 -NAN 0 0
 270.803859157033 -NAN 0 0
 272.983948282824 -NAN 0 0
 275.163452406611 -NAN 0 0
 277.342377485632 -NAN 0 0
 279.520729477125 8.74245459717262 0 0
 281.698514338328 16.0986512715792 0 0
 283.875738026479 23.1233411904553 0 0
 286.052406498816 34.2046220225884 0 0
 288.228525712577 50.4736024838123 0 0
 290.404101625 69.0580632786704 0 0
 292.579140193323 91.9124595792593 0 0
 294.753647374784 121.857766127218 0 0
 296.927629126621 143.797924375547 0 0
 299.101091406072 167.943034960309 0 0
 301.274040170375 196.400988646233 0 0
 303.446481376768 208.556358537089 0 0
 305.618420982489 223.75018031497 0 0
 307.789864944776 234.172120135258 0 0
 309.960819220867 244.196118381991 0 0
 312.131289768 255.908748185733 0 0
 314.301282543413 246.608648551151 0 0
 316.470803504344 223.001873499379 0 0
 318.639858608031 206.183239279934 0 0
 320.808453811712 189.354406882656 0 0
 322.976595072625 175.618394563232 0 0
 325.144288348008 161.896537054162 0 0
 327.311539595099 146.530341617929 0 0
 329.478354771136 130.915368358195 0 0
 331.644739833357 119.599628994059 0 0
 333.810700739 107.658156780384 0 0
 335.976243445303 93.5942464123798 0 0
 338.141373909504 83.3174509945797 0 0
 340.306098088841 72.1867388491004 0 0
 342.470421940552 61.9489465026515 0 0
 344.634351421875 55.8400589509035 0 0
 346.797892490048 47.6224652393067 0 0
 348.961051102309 40.1475520713774 0 0
 351.123833215896 36.3888397406103 0 0
 353.286244788047 30.4342140020664 0 0
 355.448291776 25.8247944413808 0 0
 357.609980136993 24.0878152531313 0 0
 359.771315828264 21.6931894006514 0 0
 361.932304807051 29.3180105527138 0 0
 364.092953030592 41.7800770460656 0 0
 366.253266456125 38.3911515431666 0 0
 368.413251040888 22.940198290365 0 0
 370.572912742119 13.5700055696845 0 0
 372.732257517056 7.58422866617486 0 0
 374.891291322937 6.42695153516569 0 0
 377.050020117 6.7909006937726 0 0
 379.208449856483 3.69346425944263 0 0
 381.366586498624 3.91431656070377 0 0
 383.524436000661 4.43334947700259 0 0
 385.682004319832 1.70141232072329 0 0
 387.839297413375 2.7078891673844 0 0
 389.996321238528 3.07917126582544 0 0
 392.153081752529 0.710162071788552 0 0
 394.309584912616 2.08834673106146 0 0
 396.465836676027 2.42544480928934 0 0
 398.621843 2.23854692238302 0 0
 400.777609841773 13.3248482296103 0 0
 402.933143158584 30.4678980809476 0 0
 405.088448907671 34.0917217970727 0 0
 407.243533046272 24.6643622912017 0 0
 409.398401531625 9.61460160080367 0 0
 411.553060320968 2.31293131198839 0 0
 413.707515371539 2.18835738499577 0 0
 415.861772640576 1.22528159259306 0 0
 418.015838085317 0.455742945139145 0 0
 420.169717663 2.16780401294313 0 0
 422.323417330863 1.64051103941951 0 0
 424.476943046144 1.53928230050653 0 0
 426.630300766081 3.59774952947336 0 0
 428.783496447912 5.45183334065382 0 0
 430.936536048875 18.1610553044592 0 0
 433.089425526208 65.7241070956135 0 0
 435.242170837149 103.950012761988 0 0
 437.394777938936 95.0627199608845 0 0
 439.547252788807 48.4748359914021 0 0
 441.699601344 25.8157533150159 0 0
 443.851829561753 22.9749901320459 0 0
 446.003943399304 26.8489133907258 0 0
 448.155948813891 28.0080612540986 0 0
 450.307851762752 28.413521610524 0 0
 452.459658203125 26.6325565264953 0 0
 454.611374092248 21.19748306084 0 0
 456.763005387359 18.1408404763089 0 0
 458.914558045696 15.9537848524219 0 0
 461.066038024497 12.3437564218257 0 0
 463.217451281 11.9348778377849 0 0
 465.368803772443 10.853357101839 0 0
 467.520101456064 7.80352389228853 0 0
 469.671350289101 7.82672063990197 0 0
 471.822556228792 6.75865957335368 0 0
 473.973725232375 4.41506166128948 0 0
 476.124863257088 5.52840903378633 0 0
 478.275976260169 4.96590390373136 0 0
 480.427070198856 3.41727688903382 0 0
 482.578151030387 5.08043437434503 0 0
 484.729224712 4.47025146256443 0 0
 486.880297200933 3.44404886766802 0 0
 489.031374454424 5.49898643400503 0 0
 491.182462429711 4.91185418334243 0 0
 493.333567084032 4.25611618726748 0 0
 495.484694374625 6.04900333546619 0 0
 497.635850258728 5.10056349628585 0 0
 499.787040693579 4.77544293709251 0 0
 501.938271636416 6.70259615396037 0 0
 504.089549044477 -NAN 0 0
 506.240878875 -NAN 0 0
 508.392267085223 -NAN 0 0
 510.543719632384 -NAN 0 0
 512.695242473721 -NAN 0 0
 514.846841566472 -NAN 0 0
 516.998522867875 -NAN 0 0
 519.150292335168 -NAN 0 0
 521.302155925589 -NAN 0 0
 523.454119596376 -NAN 0 0
 525.606189304767 -NAN 0 0
 527.758371008 -NAN 0 0
 529.910670663313 -NAN 0 0
 532.063094227944 -NAN 0 0
 534.215647659131 -NAN 0 0
 536.368336914112 -NAN 0 0
 538.521167950125 -NAN 0 0
 540.674146724408 -NAN 0 0
 542.827279194199 -NAN 0 0
 544.980571316736 -NAN 0 0
 547.134029049257 -NAN 0 0
 549.287658349 -NAN 0 0
 551.441465173203 -NAN 0 0
 553.595455479104 -NAN 0 0
 555.749635223941 -NAN 0 0
 557.904010364952 -NAN 0 0
 560.058586859375 -NAN 0 0
 562.213370664448 -NAN 0 0
 564.368367737409 -NAN 0 0
 566.523584035496 -NAN 0 0
 568.679025515947 -NAN 0 0
 570.834698136 -NAN 0 0
 572.990607852893 -NAN 0 0
 575.146760623864 -NAN 0 0
 577.303162406151 -NAN 0 0
 579.459819156992 -NAN 0 0
 581.616736833625 -NAN 0 0
 583.773921393288 -NAN 0 0
 585.931378793219 -NAN 0 0
 588.089114990656 -NAN 0 0
 590.247135942837 -NAN 0 0
 592.405447607 -NAN 0 0
 594.564055940383 -NAN 0 0
 596.722966900224 -NAN 0 0
 598.882186443761 -NAN 0 0
 601.041720528232 -NAN 0 0
 603.201575110875 -NAN 0 0
 605.361756148928 -NAN 0 0
 607.522269599629 -NAN 0 0
 609.683121420216 -NAN 0 0
 611.844317567927 -NAN 0 0
 614.005864 -NAN 0 0
 616.167766673673 -NAN 0 0
 618.330031546184 -NAN 0 0
 620.492664574771 -NAN 0 0
 622.655671716672 -NAN 0 0
 624.819058929125 -NAN 0 0
 626.982832169368 -NAN 0 0
 629.146997394639 -NAN 0 0
 631.311560562176 -NAN 0 0
 633.476527629217 -NAN 0 0
 635.641904553 -NAN 0 0
 637.807697290763 -NAN 0 0
 639.973911799744 -NAN 0 0
 642.140554037181 -NAN 0 0
 644.307629960312 -NAN 0 0
 646.475145526375 -NAN 0 0
 648.643106692608 -NAN 0 0
 650.811519416249 -NAN 0 0
 652.980389654536 -NAN 0 0
 655.149723364707 -NAN 0 0
 657.319526504 -NAN 0 0
 659.489805029653 -NAN 0 0
 661.660564898904 -NAN 0 0
 663.831812068991 -NAN 0 0
 666.003552497152 -NAN 0 0
 668.175792140625 -NAN 0 0
 670.348536956648 -NAN 0 0
 672.521792902459 -NAN 0 0
 674.695565935296 -NAN 0 0
 676.869862012397 -NAN 0 0
 679.044687091 -NAN 0 0
 681.220047128343 -NAN 0 0
 683.395948081664 -NAN 0 0
 685.572395908201 -NAN 0 0
 687.749396565192 -NAN 0 0
 689.926956009875 -NAN 0 0
 692.105080199488 -NAN 0 0
 694.283775091269 -NAN 0 0
 696.463046642456 -NAN 0 0
 698.642900810287 -NAN 0 0
 700.823343552 -NAN 0 0
 703.004380824833 -NAN 0 0
 705.186018586024 -NAN 0 0
 707.368262792811 -NAN 0 0
 709.551119402432 -NAN 0 0
 711.734594372125 -NAN 0 0
 713.918693659128 -NAN 0 0
 716.103423220679 -NAN 0 0
 718.288789014016 -NAN 0 0
 720.474796996377 -NAN 0 0
 722.661453125 -NAN 0 0
 724.848763357123 -NAN 0 0
 727.036733649984 -NAN 0 0
 729.225369960821 -NAN 0 0
 731.414678246872 -NAN 0 0
 733.604664465375 -NAN 0 0
 735.795334573568 -NAN 0 0
[END] of [DATA]
[END] of Spectrum


[Spectrum]
Version            = 1
IDData             = 12ad_2026-06-08_13-09-30_000_324
IDDevice           = SAM_82E6
IDDataType         = SPECTRUM
IDDataTypeSub1     = CALIBRATED
IDDataTypeSub2     = 
IDDataTypeSub3     = 
DateTime           = 2026-06-08 13:09:30
PositionLatitude   = 0
PositionLongitude  = 0
Comment            = 20260608_FrameC
CommentSub1        = UV
CommentSub2        = centre
CommentSub3        = 50cm
IDMethodType       = SAM Control
MethodName         = SAM_82E6
Mission            = No Mission
MissionSub         = 1
RecordType         = 0
[Attributes]
CalFactor = 1
IDBasisSpec = 
IDDataBack = DLAB_2024-11-11_10-40-48_641_639
IDDataCal = DLAB_2024-11-12_11-45-27_171_455
IntegrationTime = 512
P31 = -1
P31e = 0
PathLength = +INF
PathLengthCustomOn = 0
RAWDynamic = 65535
Salinity = 0
Temperature = -NAN
Unit1 = $01 $01 Wavelength nm
Unit2 = $03 $06 Intensity mW/(m^2 nm)
Unit3 = $f0 $06 Error mW/(m^2 nm)
Unit4 = $f1 $00 Status 
p999 = 7148
[END] of [Attributes]
[DATA]
 0 8 0 0
 185.260577530984 -NAN 0 0
 187.468128380571 -NAN 0 0
 189.674861895872 -NAN 0 0
 191.880784034125 -NAN 0 0
 194.085900752568 -NAN 0 0
 196.290218008439 -NAN 0 0
 198.493741758976 -NAN 0 0
 200.696477961417 -NAN 0 0
 202.898432573 -NAN 0 0
 205.099611550963 -NAN 0 0
 207.300020852544 -NAN 0 0
 209.499666434981 -NAN 0 0
 211.698554255512 -NAN 0 0
 213.896690271375 -NAN 0 0
 216.094080439808 -NAN 0 0
 218.290730718049 -NAN 0 0
 220.486647063336 -NAN 0 0
 222.681835432907 -NAN 0 0
 224.876301784 -NAN 0 0
 227.070052073853 -NAN 0 0
 229.263092259704 -NAN 0 0
 231.455428298791 -NAN 0 0
 233.647066148352 -NAN 0 0
 235.838011765625 -NAN 0 0
 238.028271107848 -NAN 0 0
 240.217850132259 -NAN 0 0
 242.406754796096 -NAN 0 0
 244.594991056597 -NAN 0 0
 246.782564871 -NAN 0 0
 248.969482196543 -NAN 0 0
 251.155748990464 -NAN 0 0
 253.341371210001 -NAN 0 0
 255.526354812392 -NAN 0 0
 257.710705754875 -NAN 0 0
 259.894429994688 -NAN 0 0
 262.077533489069 -NAN 0 0
 264.260022195256 -NAN 0 0
 266.441902070487 -NAN 0 0
 268.623179072 -NAN 0 0
 270.803859157033 -NAN 0 0
 272.983948282824 -NAN 0 0
 275.163452406611 -NAN 0 0
 277.342377485632 -NAN 0 0
 279.520729477125 8.30503602237087 0 0
 281.698514338328 15.3040540968531 0 0
 283.875738026479 23.7139696621111 0 0
 286.052406498816 33.1393102454866 0 0
 288.228525712577 49.3256511782533 0 0
 290.404101625 68.9660907410676 0 0
 292.579140193323 89.9647946550786 0 0
 294.753647374784 119.96034476535 0 0
 296.927629126621 142.643497801887 0 0
 299.101091406072 165.127289261082 0 0
 301.274040170375 193.701140899117 0 0
 303.446481376768 206.418127543691 0 0
 305.618420982489 220.125186876532 0 0
 307.789864944776 231.223286592231 0 0
 309.960819220867 241.560016098963 0 0
 312.131289768 251.958834418957 0 0
 314.301282543413 243.75658424582 0 0
 316.470803504344 220.576987038213 0 0
 318.639858608031 202.669010225929 0 0
 320.808453811712 187.299516062499 0 0
 322.976595072625 173.719643259361 0 0
 325.144288348008 158.80377815248 0 0
 327.311539595099 145.250163358502 0 0
 329.478354771136 129.475899947432 0 0
 331.644739833357 117.021032380982 0 0
 333.810700739 106.918418839265 0 0
 335.976243445303 92.4818313383621 0 0
 338.141373909504 81.2125982751386 0 0
 340.306098088841 71.9176569181631 0 0
 342.470421940552 60.9645682380436 0 0
 344.634351421875 54.32880077164 0 0
 346.797892490048 47.6167273422523 0 0
 348.961051102309 39.3822124151463 0 0
 351.123833215896 35.3559005478918 0 0
 353.286244788047 30.6007756571942 0 0
 355.448291776 25.0742459016788 0 0
 357.609980136993 23.3743787864005 0 0
 359.771315828264 22.0704566378862 0 0
 361.932304807051 28.5765531216889 0 0
 364.092953030592 41.0939164651281 0 0
 366.253266456125 38.806019935372 0 0
 368.413251040888 22.1597799249739 0 0
 370.572912742119 13.3040490319062 0 0
 372.732257517056 8.37639158728627 0 0
 374.891291322937 5.75505395748236 0 0
 377.050020117 6.88987515578234 0 0
 379.208449856483 4.5369787853434 0 0
 381.366586498624 3.22711613659394 0 0
 383.524436000661 4.81033125984707 0 0
 385.682004319832 2.55873747130318 0 0
 387.839297413375 2.0253128206436 0 0
 389.996321238528 3.66666573453079 0 0
 392.153081752529 1.3842010682803 0 0
 394.309584912616 1.34550560119451 0 0
 396.465836676027 3.05945063811216 0 0
 398.621843 2.73976422726211 0 0
 400.777609841773 12.3413432198712 0 0
 402.933143158584 30.6158572800773 0 0
 405.088448907671 33.7155091440476 0 0
 407.243533046272 23.568131549725 0 0
 409.398401531625 10.1041580068785 0 0
 411.553060320968 2.33250882860791 0 0
 413.707515371539 1.57715817439708 0 0
 415.861772640576 1.7761548974199 0 0
 418.015838085317 0.358181815952373 0 0
 420.169717663 1.73334284420806 0 0
 422.323417330863 2.12232988847384 0 0
 424.476943046144 1.27143658750252 0 0
 426.630300766081 3.25571073973072 0 0
 428.783496447912 5.89165215457157 0 0
 430.936536048875 17.660257840375 0 0
 433.089425526208 64.5726413076869 0 0
 435.242170837149 102.953591341694 0 0
 437.394777938936 93.3899783203997 0 0
 439.547252788807 47.801300806641 0 0
 441.699601344 26.2372080099034 0 0
 443.851829561753 22.5717462931081 0 0
 446.003943399304 26.8563995573747 0 0
 448.155948813891 28.6119437539153 0 0
 450.307851762752 27.9871893442214 0 0
 452.459658203125 26.8115658943922 0 0
 454.611374092248 21.7492744309936 0 0
 456.763005387359 17.7364276574426 0 0
 458.914558045696 16.3083353789568 0 0
 461.066038024497 12.902870976143 0 0
 463.217451281 11.4204891523475 0 0
 465.368803772443 11.3375876055733 0 0
 467.520101456064 8.29967443816367 0 0
 469.671350289101 7.19318810459446 0 0
 471.822556228792 7.3289722960605 0 0
 473.973725232375 4.77649548466309 0 0
 476.124863257088 4.92031880887072 0 0
 478.275976260169 5.5706995131732 0 0
 480.427070198856 3.61749234829111 0 0
 482.578151030387 4.44227710432516 0 0
 484.729224712 5.08353410663605 0 0
 486.880297200933 3.39846574632704 0 0
 489.031374454424 4.9146251402904 0 0
 491.182462429711 5.54483530949762 0 0
 493.333567084032 4.03038821989671 0 0
 495.484694374625 5.59547923397133 0 0
 497.635850258728 5.71742555703715 0 0
 499.787040693579 4.46695831979256 0 0
 501.938271636416 6.31004228672476 0 0
 504.089549044477 -NAN 0 0
 506.240878875 -NAN 0 0
 508.392267085223 -NAN 0 0
 510.543719632384 -NAN 0 0
 512.695242473721 -NAN 0 0
 514.846841566472 -NAN 0 0
 516.998522867875 -NAN 0 0
 519.150292335168 -NAN 0 0
 521.302155925589 -NAN 0 0
 523.454119596376 -NAN 0 0
 525.606189304767 -NAN 0 0
 527.758371008 -NAN 0 0
 529.910670663313 -NAN 0 0
 532.063094227944 -NAN 0 0
 534.215647659131 -NAN 0 0
 536.368336914112 -NAN 0 0
 538.521167950125 -NAN 0 0
 540.674146724408 -NAN 0 0
 542.827279194199 -NAN 0 0
 544.980571316736 -NAN 0 0
 547.134029049257 -NAN 0 0
 549.287658349 -NAN 0 0
 551.441465173203 -NAN 0 0
 553.595455479104 -NAN 0 0
 555.749635223941 -NAN 0 0
 557.904010364952 -NAN 0 0
 560.058586859375 -NAN 0 0
 562.213370664448 -NAN 0 0
 564.368367737409 -NAN 0 0
 566.523584035496 -NAN 0 0
 568.679025515947 -NAN 0 0
 570.834698136 -NAN 0 0
 572.990607852893 -NAN 0 0
 575.146760623864 -NAN 0 0
 577.303162406151 -NAN 0 0
 579.459819156992 -NAN 0 0
 581.616736833625 -NAN 0 0
 583.773921393288 -NAN 0 0
 585.931378793219 -NAN 0 0
 588.089114990656 -NAN 0 0
 590.247135942837 -NAN 0 0
 592.405447607 -NAN 0 0
 594.564055940383 -NAN 0 0
 596.722966900224 -NAN 0 0
 598.882186443761 -NAN 0 0
 601.041720528232 -NAN 0 0
 603.201575110875 -NAN 0 0
 605.361756148928 -NAN 0 0
 607.522269599629 -NAN 0 0
 609.683121420216 -NAN 0 0
 611.844317567927 -NAN 0 0
 614.005864 -NAN 0 0
 616.167766673673 -NAN 0 0
 618.330031546184 -NAN 0 0
 620.492664574771 -NAN 0 0
 622.655671716672 -NAN 0 0
 624.819058929125 -NAN 0 0
 626.982832169368 -NAN 0 0
 629.146997394639 -NAN 0 0
 631.311560562176 -NAN 0 0
 633.476527629217 -NAN 0 0
 635.641904553 -NAN 0 0
 637.807697290763 -NAN 0 0
 639.973911799744 -NAN 0 0
 642.140554037181 -NAN 0 0
 644.307629960312 -NAN 0 0
 646.475145526375 -NAN 0 0
 648.643106692608 -NAN 0 0
 650.811519416249 -NAN 0 0
 652.980389654536 -NAN 0 0
 655.149723364707 -NAN 0 0
 657.319526504 -NAN 0 0
 659.489805029653 -NAN 0 0
 661.660564898904 -NAN 0 0
 663.831812068991 -NAN 0 0
 666.003552497152 -NAN 0 0
 668.175792140625 -NAN 0 0
 670.348536956648 -NAN 0 0
 672.521792902459 -NAN 0 0
 674.695565935296 -NAN 0 0
 676.869862012397 -NAN 0 0
 679.044687091 -NAN 0 0
 681.220047128343 -NAN 0 0
 683.395948081664 -NAN 0 0
 685.572395908201 -NAN 0 0
 687.749396565192 -NAN 0 0
 689.926956009875 -NAN 0 0
 692.105080199488 -NAN 0 0
 694.283775091269 -NAN 0 0
 696.463046642456 -NAN 0 0
 698.642900810287 -NAN 0 0
 700.823343552 -NAN 0 0
 703.004380824833 -NAN 0 0
 705.186018586024 -NAN 0 0
 707.368262792811 -NAN 0 0
 709.551119402432 -NAN 0 0
 711.734594372125 -NAN 0 0
 713.918693659128 -NAN 0 0
 716.103423220679 -NAN 0 0
 718.288789014016 -NAN 0 0
 720.474796996377 -NAN 0 0
 722.661453125 -NAN 0 0
 724.848763357123 -NAN 0 0
 727.036733649984 -NAN 0 0
 729.225369960821 -NAN 0 0
 731.414678246872 -NAN 0 0
 733.604664465375 -NAN 0 0
 735.795334573568 -NAN 0 0
[END] of [DATA]
[END] of Spectrum


[Spectrum]
Version            = 1
IDData             = 12ad_2026-06-08_13-09-25_000_321
IDDevice           = SAM_82E6
IDDataType         = SPECTRUM
IDDataTypeSub1     = CALIBRATED
IDDataTypeSub2     = 
IDDataTypeSub3     = 
DateTime           = 2026-06-08 13:09:25
PositionLatitude   = 0
PositionLongitude  = 0
Comment            = 20260608_FrameC
CommentSub1        = UV
CommentSub2        = centre
CommentSub3        = 50cm
IDMethodType       = SAM Control
MethodName         = SAM_82E6
Mission            = No Mission
MissionSub         = 1
RecordType         = 0
[Attributes]
CalFactor = 1
IDBasisSpec = 
IDDataBack = DLAB_2024-11-11_10-40-48_641_639
IDDataCal = DLAB_2024-11-12_11-45-27_171_455
IntegrationTime = 512
P31 = -1
P31e = 0
PathLength = +INF
PathLengthCustomOn = 0
RAWDynamic = 65535
Salinity = 0
Temperature = -NAN
Unit1 = $01 $01 Wavelength nm
Unit2 = $03 $06 Intensity mW/(m^2 nm)
Unit3 = $f0 $06 Error mW/(m^2 nm)
Unit4 = $f1 $00 Status 
p999 = 7147
[END] of [Attributes]
[DATA]
 0 8 0 0
 185.260577530984 -NAN 0 0
 187.468128380571 -NAN 0 0
 189.674861895872 -NAN 0 0
 191.880784034125 -NAN 0 0
 194.085900752568 -NAN 0 0
 196.290218008439 -NAN 0 0
 198.493741758976 -NAN 0 0
 200.696477961417 -NAN 0 0
 202.898432573 -NAN 0 0
 205.099611550963 -NAN 0 0
 207.300020852544 -NAN 0 0
 209.499666434981 -NAN 0 0
 211.698554255512 -NAN 0 0
 213.896690271375 -NAN 0 0
 216.094080439808 -NAN 0 0
 218.290730718049 -NAN 0 0
 220.486647063336 -NAN 0 0
 222.681835432907 -NAN 0 0
 224.876301784 -NAN 0 0
 227.070052073853 -NAN 0 0
 229.263092259704 -NAN 0 0
 231.455428298791 -NAN 0 0
 233.647066148352 -NAN 0 0
 235.838011765625 -NAN 0 0
 238.028271107848 -NAN 0 0
 240.217850132259 -NAN 0 0
 242.406754796096 -NAN 0 0
 244.594991056597 -NAN 0 0
 246.782564871 -NAN 0 0
 248.969482196543 -NAN 0 0
 251.155748990464 -NAN 0 0
 253.341371210001 -NAN 0 0
 255.526354812392 -NAN 0 0
 257.710705754875 -NAN 0 0
 259.894429994688 -NAN 0 0
 262.077533489069 -NAN 0 0
 264.260022195256 -NAN 0 0
 266.441902070487 -NAN 0 0
 268.623179072 -NAN 0 0
 270.803859157033 -NAN 0 0
 272.983948282824 -NAN 0 0
 275.163452406611 -NAN 0 0
 277.342377485632 -NAN 0 0
 279.520729477125 8.51020245709995 0 0
 281.698514338328 15.6312411687991 0 0
 283.875738026479 22.3134776435465 0 0
 286.052406498816 33.2021037505764 0 0
 288.228525712577 49.0459163983339 0 0
 290.404101625 66.8565388212699 0 0
 292.579140193323 89.3153380863677 0 0
 294.753647374784 118.461227905775 0 0
 296.927629126621 139.630307957578 0 0
 299.101091406072 163.334042687846 0 0
 301.274040170375 190.822018852256 0 0
 303.446481376768 202.730081824392 0 0
 305.618420982489 217.592288917358 0 0
 307.789864944776 227.690832527412 0 0
 309.960819220867 237.46820826085 0 0
 312.131289768 249.121231672323 0 0
 314.301282543413 239.892881597554 0 0
 316.470803504344 216.720809739784 0 0
 318.639858608031 200.542205363283 0 0
 320.808453811712 183.936816185952 0 0
 322.976595072625 170.578494786839 0 0
 325.144288348008 157.443455092562 0 0
 327.311539595099 142.292156278102 0 0
 329.478354771136 127.050259946553 0 0
 331.644739833357 116.272288165645 0 0
 333.810700739 104.457929809501 0 0
 335.976243445303 90.9354980682068 0 0
 338.141373909504 80.9447079290279 0 0
 340.306098088841 69.9852211089731 0 0
 342.470421940552 60.1255388093139 0 0
 344.634351421875 54.241715580116 0 0
 346.797892490048 46.0871247853896 0 0
 348.961051102309 38.9482211707175 0 0
 351.123833215896 35.3539415735355 0 0
 353.286244788047 29.3917724812665 0 0
 355.448291776 25.0578419386112 0 0
 357.609980136993 23.3965983836758 0 0
 359.771315828264 20.9892081981706 0 0
 361.932304807051 28.693220803357 0 0
 364.092953030592 40.8887174760941 0 0
 366.253266456125 37.51119845794 0 0
 368.413251040888 22.4249706316602 0 0
 370.572912742119 13.1379439451473 0 0
 372.732257517056 7.21766171544236 0 0
 374.891291322937 6.25485970936586 0 0
 377.050020117 6.50880623410723 0 0
 379.208449856483 3.4450630510687 0 0
 381.366586498624 3.86697216130494 0 0
 383.524436000661 4.18747634436509 0 0
 385.682004319832 1.57055555779778 0 0
 387.839297413375 2.68592770734396 0 0
 389.996321238528 2.9373017109199 0 0
 392.153081752529 0.601233484604606 0 0
 394.309584912616 2.06721036114326 0 0
 396.465836676027 2.21735396023156 0 0
 398.621843 2.09856432631488 0 0
 400.777609841773 12.9184412007925 0 0
 402.933143158584 29.2506406011692 0 0
 405.088448907671 32.7791235284772 0 0
 407.243533046272 23.8600835461681 0 0
 409.398401531625 9.204966925153 0 0
 411.553060320968 2.23627568353451 0 0
 413.707515371539 2.19578193072105 0 0
 415.861772640576 1.14975658183403 0 0
 418.015838085317 0.462623830824862 0 0
 420.169717663 2.1957116982511 0 0
 422.323417330863 1.54391837704377 0 0
 424.476943046144 1.52951824800265 0 0
 426.630300766081 3.56494833323305 0 0
 428.783496447912 5.26806620805378 0 0
 430.936536048875 17.6996047410908 0 0
 433.089425526208 63.838933541606 0 0
 435.242170837149 100.887820123644 0 0
 437.394777938936 92.446201141089 0 0
 439.547252788807 47.2976153832726 0 0
 441.699601344 25.4849185715888 0 0
 443.851829561753 22.9092825215496 0 0
 446.003943399304 26.7740517242374 0 0
 448.155948813891 27.951029125529 0 0
 450.307851762752 28.4117179838025 0 0
 452.459658203125 26.5389992371934 0 0
 454.611374092248 21.1313917205114 0 0
 456.763005387359 18.1784262180744 0 0
 458.914558045696 15.8574748571774 0 0
 461.066038024497 12.2958687060118 0 0
 463.217451281 11.956170049903 0 0
 465.368803772443 10.7704969502464 0 0
 467.520101456064 7.84475820640875 0 0
 469.671350289101 7.83429813284883 0 0
 471.822556228792 6.66301536973729 0 0
 473.973725232375 4.37322012194996 0 0
 476.124863257088 5.50128439016243 0 0
 478.275976260169 4.89367291684349 0 0
 480.427070198856 3.47018500761363 0 0
 482.578151030387 5.07317941631245 0 0
 484.729224712 4.37749071639961 0 0
 486.880297200933 3.40657562681102 0 0
 489.031374454424 5.4463967148962 0 0
 491.182462429711 4.85433582781178 0 0
 493.333567084032 4.24386954045575 0 0
 495.484694374625 6.04678967298178 0 0
 497.635850258728 4.99962741875963 0 0
 499.787040693579 4.77816086323612 0 0
 501.938271636416 6.6568564984223 0 0
 504.089549044477 -NAN 0 0
 506.240878875 -NAN 0 0
 508.392267085223 -NAN 0 0
 510.543719632384 -NAN 0 0
 512.695242473721 -NAN 0 0
 514.846841566472 -NAN 0 0
 516.998522867875 -NAN 0 0
 519.150292335168 -NAN 0 0
 521.302155925589 -NAN 0 0
 523.454119596376 -NAN 0 0
 525.606189304767 -NAN 0 0
 527.758371008 -NAN 0 0
 529.910670663313 -NAN 0 0
 532.063094227944 -NAN 0 0
 534.215647659131 -NAN 0 0
 536.368336914112 -NAN 0 0
 538.521167950125 -NAN 0 0
 540.674146724408 -NAN 0 0
 542.827279194199 -NAN 0 0
 544.980571316736 -NAN 0 0
 547.134029049257 -NAN 0 0
 549.287658349 -NAN 0 0
 551.441465173203 -NAN 0 0
 553.595455479104 -NAN 0 0
 555.749635223941 -NAN 0 0
 557.904010364952 -NAN 0 0
 560.058586859375 -NAN 0 0
 562.213370664448 -NAN 0 0
 564.368367737409 -NAN 0 0
 566.523584035496 -NAN 0 0
 568.679025515947 -NAN 0 0
 570.834698136 -NAN 0 0
 572.990607852893 -NAN 0 0
 575.146760623864 -NAN 0 0
 577.303162406151 -NAN 0 0
 579.459819156992 -NAN 0 0
 581.616736833625 -NAN 0 0
 583.773921393288 -NAN 0 0
 585.931378793219 -NAN 0 0
 588.089114990656 -NAN 0 0
 590.247135942837 -NAN 0 0
 592.405447607 -NAN 0 0
 594.564055940383 -NAN 0 0
 596.722966900224 -NAN 0 0
 598.882186443761 -NAN 0 0
 601.041720528232 -NAN 0 0
 603.201575110875 -NAN 0 0
 605.361756148928 -NAN 0 0
 607.522269599629 -NAN 0 0
 609.683121420216 -NAN 0 0
 611.844317567927 -NAN 0 0
 614.005864 -NAN 0 0
 616.167766673673 -NAN 0 0
 618.330031546184 -NAN 0 0
 620.492664574771 -NAN 0 0
 622.655671716672 -NAN 0 0
 624.819058929125 -NAN 0 0
 626.982832169368 -NAN 0 0
 629.146997394639 -NAN 0 0
 631.311560562176 -NAN 0 0
 633.476527629217 -NAN 0 0
 635.641904553 -NAN 0 0
 637.807697290763 -NAN 0 0
 639.973911799744 -NAN 0 0
 642.140554037181 -NAN 0 0
 644.307629960312 -NAN 0 0
 646.475145526375 -NAN 0 0
 648.643106692608 -NAN 0 0
 650.811519416249 -NAN 0 0
 652.980389654536 -NAN 0 0
 655.149723364707 -NAN 0 0
 657.319526504 -NAN 0 0
 659.489805029653 -NAN 0 0
 661.660564898904 -NAN 0 0
 663.831812068991 -NAN 0 0
 666.003552497152 -NAN 0 0
 668.175792140625 -NAN 0 0
 670.348536956648 -NAN 0 0
 672.521792902459 -NAN 0 0
 674.695565935296 -NAN 0 0
 676.869862012397 -NAN 0 0
 679.044687091 -NAN 0 0
 681.220047128343 -NAN 0 0
 683.395948081664 -NAN 0 0
 685.572395908201 -NAN 0 0
 687.749396565192 -NAN 0 0
 689.926956009875 -NAN 0 0
 692.105080199488 -NAN 0 0
 694.283775091269 -NAN 0 0
 696.463046642456 -NAN 0 0
 698.642900810287 -NAN 0 0
 700.823343552 -NAN 0 0
 703.004380824833 -NAN 0 0
 705.186018586024 -NAN 0 0
 707.368262792811 -NAN 0 0
 709.551119402432 -NAN 0 0
 711.734594372125 -NAN 0 0
 713.918693659128 -NAN 0 0
 716.103423220679 -NAN 0 0
 718.288789014016 -NAN 0 0
 720.474796996377 -NAN 0 0
 722.661453125 -NAN 0 0
 724.848763357123 -NAN 0 0
 727.036733649984 -NAN 0 0
 729.225369960821 -NAN 0 0
 731.414678246872 -NAN 0 0
 733.604664465375 -NAN 0 0
 735.795334573568 -NAN 0 0
[END] of [DATA]
[END] of Spectrum


[Spectrum]
Version            = 1
IDData             = 12ad_2026-06-08_13-09-20_000_318
IDDevice           = SAM_82E6
IDDataType         = SPECTRUM
IDDataTypeSub1     = CALIBRATED
IDDataTypeSub2     = 
IDDataTypeSub3     = 
DateTime           = 2026-06-08 13:09:20
PositionLatitude   = 0
PositionLongitude  = 0
Comment            = 20260608_FrameC
CommentSub1        = UV
CommentSub2        = centre
CommentSub3        = 50cm
IDMethodType       = SAM Control
MethodName         = SAM_82E6
Mission            = No Mission
MissionSub         = 1
RecordType         = 0
[Attributes]
CalFactor = 1
IDBasisSpec = 
IDDataBack = DLAB_2024-11-11_10-40-48_641_639
IDDataCal = DLAB_2024-11-12_11-45-27_171_455
IntegrationTime = 512
P31 = -1
P31e = 0
PathLength = +INF
PathLengthCustomOn = 0
RAWDynamic = 65535
Salinity = 0
Temperature = -NAN
Unit1 = $01 $01 Wavelength nm
Unit2 = $03 $06 Intensity mW/(m^2 nm)
Unit3 = $f0 $06 Error mW/(m^2 nm)
Unit4 = $f1 $00 Status 
p999 = 7146
[END] of [Attributes]
[DATA]
 0 8 0 0
 185.260577530984 -NAN 0 0
 187.468128380571 -NAN 0 0
 189.674861895872 -NAN 0 0
 191.880784034125 -NAN 0 0
 194.085900752568 -NAN 0 0
 196.290218008439 -NAN 0 0
 198.493741758976 -NAN 0 0
 200.696477961417 -NAN 0 0
 202.898432573 -NAN 0 0
 205.099611550963 -NAN 0 0
 207.300020852544 -NAN 0 0
 209.499666434981 -NAN 0 0
 211.698554255512 -NAN 0 0
 213.896690271375 -NAN 0 0
 216.094080439808 -NAN 0 0
 218.290730718049 -NAN 0 0
 220.486647063336 -NAN 0 0
 222.681835432907 -NAN 0 0
 224.876301784 -NAN 0 0
 227.070052073853 -NAN 0 0
 229.263092259704 -NAN 0 0
 231.455428298791 -NAN 0 0
 233.647066148352 -NAN 0 0
 235.838011765625 -NAN 0 0
 238.028271107848 -NAN 0 0
 240.217850132259 -NAN 0 0
 242.406754796096 -NAN 0 0
 244.594991056597 -NAN 0 0
 246.782564871 -NAN 0 0
 248.969482196543 -NAN 0 0
 251.155748990464 -NAN 0 0
 253.341371210001 -NAN 0 0
 255.526354812392 -NAN 0 0
 257.710705754875 -NAN 0 0
 259.894429994688 -NAN 0 0
 262.077533489069 -NAN 0 0
 264.260022195256 -NAN 0 0
 266.441902070487 -NAN 0 0
 268.623179072 -NAN 0 0
 270.803859157033 -NAN 0 0
 272.983948282824 -NAN 0 0
 275.163452406611 -NAN 0 0
 277.342377485632 -NAN 0 0
 279.520729477125 9.2919519527065 0 0
 281.698514338328 13.2396049995391 0 0
 283.875738026479 23.7083210933446 0 0
 286.052406498816 33.3817730281455 0 0
 288.228525712577 46.0641084049551 0 0
 290.404101625 68.0180101953443 0 0
 292.579140193323 88.2909375192258 0 0
 294.753647374784 114.879567059124 0 0
 296.927629126621 139.787426779123 0 0
 299.101091406072 160.923483122461 0 0
 301.274040170375 186.882335575842 0 0
 303.446481376768 201.852781839487 0 0
 305.618420982489 214.134524279536 0 0
 307.789864944776 223.575826842856 0 0
 309.960819220867 236.108955356687 0 0
 312.131289768 244.870313153004 0 0
 314.301282543413 235.850688735907 0 0
 316.470803504344 215.931858772509 0 0
 318.639858608031 196.411772148258 0 0
 320.808453811712 180.837009224047 0 0
 322.976595072625 170.556346789775 0 0
 325.144288348008 153.405796808852 0 0
 327.311539595099 140.065679631661 0 0
 329.478354771136 127.522149745896 0 0
 331.644739833357 112.364975915861 0 0
 333.810700739 103.248963399479 0 0
 335.976243445303 91.4686287162251 0 0
 338.141373909504 77.5225228654094 0 0
 340.306098088841 69.6584545270153 0 0
 342.470421940552 60.6705969438574 0 0
 344.634351421875 51.3132009265194 0 0
 346.797892490048 46.3942532750894 0 0
 348.961051102309 39.3775862593096 0 0
 351.123833215896 32.9435635548727 0 0
 353.286244788047 30.091004306803 0 0
 355.448291776 25.3264904485224 0 0
 357.609980136993 21.3269633651785 0 0
 359.771315828264 22.0951954731147 0 0
 361.932304807051 28.7006326325454 0 0
 364.092953030592 38.8488645273341 0 0
 366.253266456125 38.959004479718 0 0
 368.413251040888 22.1822074818822 0 0
 370.572912742119 11.3434438112592 0 0
 372.732257517056 9.34564156733695 0 0
 374.891291322937 5.82227732693542 0 0
 377.050020117 5.01591269389767 0 0
 379.208449856483 5.89793751854705 0 0
 381.366586498624 2.99887373352199 0 0
 383.524436000661 3.03308066815234 0 0
 385.682004319832 4.04438843734333 0 0
 387.839297413375 1.45218955700757 0 0
 389.996321238528 2.15666799667483 0 0
 392.153081752529 2.95846198751835 0 0
 394.309584912616 0.523914447922671 0 0
 396.465836676027 1.85789380000433 0 0
 398.621843 4.22716223856444 0 0
 400.777609841773 10.8789281673734 0 0
 402.933143158584 28.7516347368665 0 0
 405.088448907671 33.9040761391149 0 0
 407.243533046272 21.6227749101498 0 0
 409.398401531625 9.41895091306283 0 0
 411.553060320968 3.50936574314442 0 0
 413.707515371539 0.403549625108675 0 0
 415.861772640576 1.7720724644059 0 0
 418.015838085317 1.42914252375073 0 0
 420.169717663 0.588654734965949 0 0
 422.323417330863 2.3741117098324 0 0
 424.476943046144 2.15863390365001 0 0
 426.630300766081 2.14910196130787 0 0
 428.783496447912 6.24485595530283 0 0
 430.936536048875 17.9091115370487 0 0
 433.089425526208 61.7203903174492 0 0
 435.242170837149 100.569532711868 0 0
 437.394777938936 91.2970030555046 0 0
 439.547252788807 45.6979945947271 0 0
 441.699601344 26.6740742611618 0 0
 443.851829561753 22.7981655114427 0 0
 446.003943399304 25.759569198081 0 0
 448.155948813891 29.5086642985033 0 0
 450.307851762752 28.0119892116424 0 0
 452.459658203125 25.6740574660488 0 0
 454.611374092248 22.8238530579192 0 0
 456.763005387359 17.5084725742675 0 0
 458.914558045696 15.1456292187508 0 0
 461.066038024497 14.113818853694 0 0
 463.217451281 10.9209011509433 0 0
 465.368803772443 10.3738765431005 0 0
 467.520101456064 9.55812428468993 0 0
 469.671350289101 6.48252751607778 0 0
 471.822556228792 6.51299060463617 0 0
 473.973725232375 6.10496435869283 0 0
 476.124863257088 3.91947481556401 0 0
 478.275976260169 5.08119567126391 0 0
 480.427070198856 4.94632151599039 0 0
 482.578151030387 3.29264529300821 0 0
 484.729224712 4.93321699387498 0 0
 486.880297200933 4.67255593546521 0 0
 489.031374454424 3.58589553514703 0 0
 491.182462429711 5.65596300610537 0 0
 493.333567084032 5.20829297687958 0 0
 495.484694374625 4.19146380323008 0 0
 497.635850258728 6.1721864715439 0 0
 499.787040693579 5.49487798730658 0 0
 501.938271636416 4.93031903025854 0 0
 504.089549044477 -NAN 0 0
 506.240878875 -NAN 0 0
 508.392267085223 -NAN 0 0
 510.543719632384 -NAN 0 0
 512.695242473721 -NAN 0 0
 514.846841566472 -NAN 0 0
 516.998522867875 -NAN 0 0
 519.150292335168 -NAN 0 0
 521.302155925589 -NAN 0 0
 523.454119596376 -NAN 0 0
 525.606189304767 -NAN 0 0
 527.758371008 -NAN 0 0
 529.910670663313 -NAN 0 0
 532.063094227944 -NAN 0 0
 534.215647659131 -NAN 0 0
 536.368336914112 -NAN 0 0
 538.521167950125 -NAN 0 0
 540.674146724408 -NAN 0 0
 542.827279194199 -NAN 0 0
 544.980571316736 -NAN 0 0
 547.134029049257 -NAN 0 0
 549.287658349 -NAN 0 0
 551.441465173203 -NAN 0 0
 553.595455479104 -NAN 0 0
 555.749635223941 -NAN 0 0
 557.904010364952 -NAN 0 0
 560.058586859375 -NAN 0 0
 562.213370664448 -NAN 0 0
 564.368367737409 -NAN 0 0
 566.523584035496 -NAN 0 0
 568.679025515947 -NAN 0 0
 570.834698136 -NAN 0 0
 572.990607852893 -NAN 0 0
 575.146760623864 -NAN 0 0
 577.303162406151 -NAN 0 0
 579.459819156992 -NAN 0 0
 581.616736833625 -NAN 0 0
 583.773921393288 -NAN 0 0
 585.931378793219 -NAN 0 0
 588.089114990656 -NAN 0 0
 590.247135942837 -NAN 0 0
 592.405447607 -NAN 0 0
 594.564055940383 -NAN 0 0
 596.722966900224 -NAN 0 0
 598.882186443761 -NAN 0 0
 601.041720528232 -NAN 0 0
 603.201575110875 -NAN 0 0
 605.361756148928 -NAN 0 0
 607.522269599629 -NAN 0 0
 609.683121420216 -NAN 0 0
 611.844317567927 -NAN 0 0
 614.005864 -NAN 0 0
 616.167766673673 -NAN 0 0
 618.330031546184 -NAN 0 0
 620.492664574771 -NAN 0 0
 622.655671716672 -NAN 0 0
 624.819058929125 -NAN 0 0
 626.982832169368 -NAN 0 0
 629.146997394639 -NAN 0 0
 631.311560562176 -NAN 0 0
 633.476527629217 -NAN 0 0
 635.641904553 -NAN 0 0
 637.807697290763 -NAN 0 0
 639.973911799744 -NAN 0 0
 642.140554037181 -NAN 0 0
 644.307629960312 -NAN 0 0
 646.475145526375 -NAN 0 0
 648.643106692608 -NAN 0 0
 650.811519416249 -NAN 0 0
 652.980389654536 -NAN 0 0
 655.149723364707 -NAN 0 0
 657.319526504 -NAN 0 0
 659.489805029653 -NAN 0 0
 661.660564898904 -NAN 0 0
 663.831812068991 -NAN 0 0
 666.003552497152 -NAN 0 0
 668.175792140625 -NAN 0 0
 670.348536956648 -NAN 0 0
 672.521792902459 -NAN 0 0
 674.695565935296 -NAN 0 0
 676.869862012397 -NAN 0 0
 679.044687091 -NAN 0 0
 681.220047128343 -NAN 0 0
 683.395948081664 -NAN 0 0
 685.572395908201 -NAN 0 0
 687.749396565192 -NAN 0 0
 689.926956009875 -NAN 0 0
 692.105080199488 -NAN 0 0
 694.283775091269 -NAN 0 0
 696.463046642456 -NAN 0 0
 698.642900810287 -NAN 0 0
 700.823343552 -NAN 0 0
 703.004380824833 -NAN 0 0
 705.186018586024 -NAN 0 0
 707.368262792811 -NAN 0 0
 709.551119402432 -NAN 0 0
 711.734594372125 -NAN 0 0
 713.918693659128 -NAN 0 0
 716.103423220679 -NAN 0 0
 718.288789014016 -NAN 0 0
 720.474796996377 -NAN 0 0
 722.661453125 -NAN 0 0
 724.848763357123 -NAN 0 0
 727.036733649984 -NAN 0 0
 729.225369960821 -NAN 0 0
 731.414678246872 -NAN 0 0
 733.604664465375 -NAN 0 0
 735.795334573568 -NAN 0 0
[END] of [DATA]
[END] of Spectrum


[Spectrum]
Version            = 1
IDData             = 12ad_2026-06-08_13-09-15_000_315
IDDevice           = SAM_82E6
IDDataType         = SPECTRUM
IDDataTypeSub1     = CALIBRATED
IDDataTypeSub2     = 
IDDataTypeSub3     = 
DateTime           = 2026-06-08 13:09:15
PositionLatitude   = 0
PositionLongitude  = 0
Comment            = 20260608_FrameC
CommentSub1        = UV
CommentSub2        = centre
CommentSub3        = 50cm
IDMethodType       = SAM Control
MethodName         = SAM_82E6
Mission            = No Mission
MissionSub         = 1
RecordType         = 0
[Attributes]
CalFactor = 1
IDBasisSpec = 
IDDataBack = DLAB_2024-11-11_10-40-48_641_639
IDDataCal = DLAB_2024-11-12_11-45-27_171_455
IntegrationTime = 512
P31 = -1
P31e = 0
PathLength = +INF
PathLengthCustomOn = 0
RAWDynamic = 65535
Salinity = 0
Temperature = -NAN
Unit1 = $01 $01 Wavelength nm
Unit2 = $03 $06 Intensity mW/(m^2 nm)
Unit3 = $f0 $06 Error mW/(m^2 nm)
Unit4 = $f1 $00 Status 
p999 = 7145
[END] of [Attributes]
[DATA]
 0 8 0 0
 185.260577530984 -NAN 0 0
 187.468128380571 -NAN 0 0
 189.674861895872 -NAN 0 0
 191.880784034125 -NAN 0 0
 194.085900752568 -NAN 0 0
 196.290218008439 -NAN 0 0
 198.493741758976 -NAN 0 0
 200.696477961417 -NAN 0 0
 202.898432573 -NAN 0 0
 205.099611550963 -NAN 0 0
 207.300020852544 -NAN 0 0
 209.499666434981 -NAN 0 0
 211.698554255512 -NAN 0 0
 213.896690271375 -NAN 0 0
 216.094080439808 -NAN 0 0
 218.290730718049 -NAN 0 0
 220.486647063336 -NAN 0 0
 222.681835432907 -NAN 0 0
 224.876301784 -NAN 0 0
 227.070052073853 -NAN 0 0
 229.263092259704 -NAN 0 0
 231.455428298791 -NAN 0 0
 233.647066148352 -NAN 0 0
 235.838011765625 -NAN 0 0
 238.028271107848 -NAN 0 0
 240.217850132259 -NAN 0 0
 242.406754796096 -NAN 0 0
 244.594991056597 -NAN 0 0
 246.782564871 -NAN 0 0
 248.969482196543 -NAN 0 0
 251.155748990464 -NAN 0 0
 253.341371210001 -NAN 0 0
 255.526354812392 -NAN 0 0
 257.710705754875 -NAN 0 0
 259.894429994688 -NAN 0 0
 262.077533489069 -NAN 0 0
 264.260022195256 -NAN 0 0
 266.441902070487 -NAN 0 0
 268.623179072 -NAN 0 0
 270.803859157033 -NAN 0 0
 272.983948282824 -NAN 0 0
 275.163452406611 -NAN 0 0
 277.342377485632 -NAN 0 0
 279.520729477125 7.82558790479457 0 0
 281.698514338328 14.6653692431242 0 0
 283.875738026479 22.6365051698855 0 0
 286.052406498816 31.5480574922278 0 0
 288.228525712577 47.1300376047503 0 0
 290.404101625 65.9131841371626 0 0
 292.579140193323 85.8256102513466 0 0
 294.753647374784 114.75227386767 0 0
 296.927629126621 136.332717175683 0 0
 299.101091406072 157.777331965563 0 0
 301.274040170375 185.275828986873 0 0
 303.446481376768 197.435973698865 0 0
 305.618420982489 210.472697487907 0 0
 307.789864944776 221.17240057317 0 0
 309.960819220867 231.125838567902 0 0
 312.131289768 241.135041092947 0 0
 314.301282543413 233.372174795713 0 0
 316.470803504344 210.996562710092 0 0
 318.639858608031 193.72182872301 0 0
 320.808453811712 179.107905952544 0 0
 322.976595072625 165.983312729275 0 0
 325.144288348008 151.699347504715 0 0
 327.311539595099 138.80126079541 0 0
 329.478354771136 123.595312644977 0 0
 331.644739833357 111.687664045338 0 0
 333.810700739 102.218733070277 0 0
 335.976243445303 88.193527557438 0 0
 338.141373909504 77.4867105255623 0 0
 340.306098088841 68.6954601764479 0 0
 342.470421940552 58.1387773567347 0 0
 344.634351421875 51.7621455239789 0 0
 346.797892490048 45.4447823098819 0 0
 348.961051102309 37.4224571488317 0 0
 351.123833215896 33.7411459713581 0 0
 353.286244788047 29.1946790661153 0 0
 355.448291776 23.817863681153 0 0
 357.609980136993 22.2730363383216 0 0
 359.771315828264 21.0997262555502 0 0
 361.932304807051 27.4570924020594 0 0
 364.092953030592 39.8311100319259 0 0
 366.253266456125 37.5733849234852 0 0
 368.413251040888 21.2838929051757 0 0
 370.572912742119 12.8091877526397 0 0
 372.732257517056 7.99743180369983 0 0
 374.891291322937 5.44313752322016 0 0
 377.050020117 6.56984623332577 0 0
 379.208449856483 4.34455531406782 0 0
 381.366586498624 3.00735332744417 0 0
 383.524436000661 4.66607621381987 0 0
 385.682004319832 2.3951665176463 0 0
 387.839297413375 1.83049341705904 0 0
 389.996321238528 3.59994490425344 0 0
 392.153081752529 1.28706729626913 0 0
 394.309584912616 1.26232375829064 0 0
 396.465836676027 3.01380490348013 0 0
 398.621843 2.58120574166833 0 0
 400.777609841773 11.5831502669088 0 0
 402.933143158584 28.9360292848184 0 0
 405.088448907671 31.7499899772223 0 0
 407.243533046272 22.2179649415557 0 0
 409.398401531625 9.60113808349207 0 0
 411.553060320968 2.18085200972433 0 0
 413.707515371539 1.50768563939628 0 0
 415.861772640576 1.78278885106765 0 0
 418.015838085317 0.377841489340136 0 0
 420.169717663 1.70117805436158 0 0
 422.323417330863 2.13652122749587 0 0
 424.476943046144 1.27321186977595 0 0
 426.630300766081 3.17198137038048 0 0
 428.783496447912 5.80609085200779 0 0
 430.936536048875 16.9277050710276 0 0
 433.089425526208 61.6888155832399 0 0
 435.242170837149 98.3049567388162 0 0
 437.394777938936 89.2875549684523 0 0
 439.547252788807 46.0886490459305 0 0
 441.699601344 25.7949990857698 0 0
 443.851829561753 22.4566533447865 0 0
 446.003943399304 26.8234604241197 0 0
 448.155948813891 28.6255437230358 0 0
 450.307851762752 27.9889929709429 0 0
 452.459658203125 26.7717345732042 0 0
 454.611374092248 21.7725728171526 0 0
 456.763005387359 17.6944487770292 0 0
 458.914558045696 16.2429643459152 0 0
 461.066038024497 12.9599286800916 0 0
 463.217451281 11.3945230400084 0 0
 465.368803772443 11.3539485272254 0 0
 467.520101456064 8.31627526592636 0 0
 469.671350289101 7.20022434804512 0 0
 471.822556228792 7.32623960452861 0 0
 473.973725232375 4.81833702400261 0 0
 476.124863257088 4.82787359488719 0 0
 478.275976260169 5.57292200507745 0 0
 480.427070198856 3.66483119123094 0 0
 482.578151030387 4.41437341958446 0 0
 484.729224712 5.11091529074494 0 0
 486.880297200933 3.44600642502622 0 0
 489.031374454424 4.81112409736344 0 0
 491.182462429711 5.51691377768663 0 0
 493.333567084032 4.05766484234102 0 0
 495.484694374625 5.50803956583688 0 0
 497.635850258728 5.73936818258634 0 0
 499.787040693579 4.45445585953194 0 0
 501.938271636416 6.23470638348558 0 0
 504.089549044477 -NAN 0 0
 506.240878875 -NAN 0 0
 508.392267085223 -NAN 0 0
 510.543719632384 -NAN 0 0
 512.695242473721 -NAN 0 0
 514.846841566472 -NAN 0 0
 516.998522867875 -NAN 0 0
 519.150292335168 -NAN 0 0
 521.302155925589 -NAN 0 0
 523.454119596376 -NAN 0 0
 525.606189304767 -NAN 0 0
 527.758371008 -NAN 0 0
 529.910670663313 -NAN 0 0
 532.063094227944 -NAN 0 0
 534.215647659131 -NAN 0 0
 536.368336914112 -NAN 0 0
 538.521167950125 -NAN 0 0
 540.674146724408 -NAN 0 0
 542.827279194199 -NAN 0 0
 544.980571316736 -NAN 0 0
 547.134029049257 -NAN 0 0
 549.287658349 -NAN 0 0
 551.441465173203 -NAN 0 0
 553.595455479104 -NAN 0 0
 555.749635223941 -NAN 0 0
 557.904010364952 -NAN 0 0
 560.058586859375 -NAN 0 0
 562.213370664448 -NAN 0 0
 564.368367737409 -NAN 0 0
 566.523584035496 -NAN 0 0
 568.679025515947 -NAN 0 0
 570.834698136 -NAN 0 0
 572.990607852893 -NAN 0 0
 575.146760623864 -NAN 0 0
 577.303162406151 -NAN 0 0
 579.459819156992 -NAN 0 0
 581.616736833625 -NAN 0 0
 583.773921393288 -NAN 0 0
 585.931378793219 -NAN 0 0
 588.089114990656 -NAN 0 0
 590.247135942837 -NAN 0 0
 592.405447607 -NAN 0 0
 594.564055940383 -NAN 0 0
 596.722966900224 -NAN 0 0
 598.882186443761 -NAN 0 0
 601.041720528232 -NAN 0 0
 603.201575110875 -NAN 0 0
 605.361756148928 -NAN 0 0
 607.522269599629 -NAN 0 0
 609.683121420216 -NAN 0 0
 611.844317567927 -NAN 0 0
 614.005864 -NAN 0 0
 616.167766673673 -NAN 0 0
 618.330031546184 -NAN 0 0
 620.492664574771 -NAN 0 0
 622.655671716672 -NAN 0 0
 624.819058929125 -NAN 0 0
 626.982832169368 -NAN 0 0
 629.146997394639 -NAN 0 0
 631.311560562176 -NAN 0 0
 633.476527629217 -NAN 0 0
 635.641904553 -NAN 0 0
 637.807697290763 -NAN 0 0
 639.973911799744 -NAN 0 0
 642.140554037181 -NAN 0 0
 644.307629960312 -NAN 0 0
 646.475145526375 -NAN 0 0
 648.643106692608 -NAN 0 0
 650.811519416249 -NAN 0 0
 652.980389654536 -NAN 0 0
 655.149723364707 -NAN 0 0
 657.319526504 -NAN 0 0
 659.489805029653 -NAN 0 0
 661.660564898904 -NAN 0 0
 663.831812068991 -NAN 0 0
 666.003552497152 -NAN 0 0
 668.175792140625 -NAN 0 0
 670.348536956648 -NAN 0 0
 672.521792902459 -NAN 0 0
 674.695565935296 -NAN 0 0
 676.869862012397 -NAN 0 0
 679.044687091 -NAN 0 0
 681.220047128343 -NAN 0 0
 683.395948081664 -NAN 0 0
 685.572395908201 -NAN 0 0
 687.749396565192 -NAN 0 0
 689.926956009875 -NAN 0 0
 692.105080199488 -NAN 0 0
 694.283775091269 -NAN 0 0
 696.463046642456 -NAN 0 0
 698.642900810287 -NAN 0 0
 700.823343552 -NAN 0 0
 703.004380824833 -NAN 0 0
 705.186018586024 -NAN 0 0
 707.368262792811 -NAN 0 0
 709.551119402432 -NAN 0 0
 711.734594372125 -NAN 0 0
 713.918693659128 -NAN 0 0
 716.103423220679 -NAN 0 0
 718.288789014016 -NAN 0 0
 720.474796996377 -NAN 0 0
 722.661453125 -NAN 0 0
 724.848763357123 -NAN 0 0
 727.036733649984 -NAN 0 0
 729.225369960821 -NAN 0 0
 731.414678246872 -NAN 0 0
 733.604664465375 -NAN 0 0
 735.795334573568 -NAN 0 0
[END] of [DATA]
[END] of Spectrum


[Spectrum]
Version            = 1
IDData             = 12ad_2026-06-08_13-09-10_000_312
IDDevice           = SAM_82E6
IDDataType         = SPECTRUM
IDDataTypeSub1     = CALIBRATED
IDDataTypeSub2     = 
IDDataTypeSub3     = 
DateTime           = 2026-06-08 13:09:10
PositionLatitude   = 0
PositionLongitude  = 0
Comment            = 20260608_FrameC
CommentSub1        = UV
CommentSub2        = centre
CommentSub3        = 50cm
IDMethodType       = SAM Control
MethodName         = SAM_82E6
Mission            = No Mission
MissionSub         = 1
RecordType         = 0
[Attributes]
CalFactor = 1
IDBasisSpec = 
IDDataBack = DLAB_2024-11-11_10-40-48_641_639
IDDataCal = DLAB_2024-11-12_11-45-27_171_455
IntegrationTime = 512
P31 = -1
P31e = 0
PathLength = +INF
PathLengthCustomOn = 0
RAWDynamic = 65535
Salinity = 0
Temperature = -NAN
Unit1 = $01 $01 Wavelength nm
Unit2 = $03 $06 Intensity mW/(m^2 nm)
Unit3 = $f0 $06 Error mW/(m^2 nm)
Unit4 = $f1 $00 Status 
p999 = 7144
[END] of [Attributes]
[DATA]
 0 8 0 0
 185.260577530984 -NAN 0 0
 187.468128380571 -NAN 0 0
 189.674861895872 -NAN 0 0
 191.880784034125 -NAN 0 0
 194.085900752568 -NAN 0 0
 196.290218008439 -NAN 0 0
 198.493741758976 -NAN 0 0
 200.696477961417 -NAN 0 0
 202.898432573 -NAN 0 0
 205.099611550963 -NAN 0 0
 207.300020852544 -NAN 0 0
 209.499666434981 -NAN 0 0
 211.698554255512 -NAN 0 0
 213.896690271375 -NAN 0 0
 216.094080439808 -NAN 0 0
 218.290730718049 -NAN 0 0
 220.486647063336 -NAN 0 0
 222.681835432907 -NAN 0 0
 224.876301784 -NAN 0 0
 227.070052073853 -NAN 0 0
 229.263092259704 -NAN 0 0
 231.455428298791 -NAN 0 0
 233.647066148352 -NAN 0 0
 235.838011765625 -NAN 0 0
 238.028271107848 -NAN 0 0
 240.217850132259 -NAN 0 0
 242.406754796096 -NAN 0 0
 244.594991056597 -NAN 0 0
 246.782564871 -NAN 0 0
 248.969482196543 -NAN 0 0
 251.155748990464 -NAN 0 0
 253.341371210001 -NAN 0 0
 255.526354812392 -NAN 0 0
 257.710705754875 -NAN 0 0
 259.894429994688 -NAN 0 0
 262.077533489069 -NAN 0 0
 264.260022195256 -NAN 0 0
 266.441902070487 -NAN 0 0
 268.623179072 -NAN 0 0
 270.803859157033 -NAN 0 0
 272.983948282824 -NAN 0 0
 275.163452406611 -NAN 0 0
 277.342377485632 -NAN 0 0
 279.520729477125 7.82652189463401 0 0
 281.698514338328 13.9956326692806 0 0
 283.875738026479 22.5676632380428 0 0
 286.052406498816 31.0003384218201 0 0
 288.228525712577 45.9126003231293 0 0
 290.404101625 65.030902126246 0 0
 292.579140193323 84.1267333562 0 0
 294.753647374784 112.289561236224 0 0
 296.927629126621 134.179713202866 0 0
 299.101091406072 154.775081472375 0 0
 301.274040170375 181.699915891493 0 0
 303.446481376768 194.14384611779 0 0
 305.618420982489 206.510020169124 0 0
 307.789864944776 216.978830587603 0 0
 309.960819220867 227.304206222567 0 0
 312.131289768 236.669762179761 0 0
 314.301282543413 229.113700633163 0 0
 316.470803504344 207.550285604495 0 0
 318.639858608031 189.942593286604 0 0
 320.808453811712 175.862343172141 0 0
 322.976595072625 163.40887173719 0 0
 325.144288348008 148.679495278041 0 0
 327.311539595099 136.387870060132 0 0
 329.478354771136 121.708869026326 0 0
 331.644739833357 109.297086246593 0 0
 333.810700739 100.56792218717 0 0
 335.976243445303 86.9059461764367 0 0
 338.141373909504 75.7498120429809 0 0
 340.306098088841 67.6459388493496 0 0
 342.470421940552 57.2558813874471 0 0
 344.634351421875 50.5124573062606 0 0
 346.797892490048 44.853174924118 0 0
 348.961051102309 36.8664510442104 0 0
 351.123833215896 32.7194009178183 0 0
 353.286244788047 28.9108972608975 0 0
 355.448291776 23.4411103654517 0 0
 357.609980136993 21.5606706955559 0 0
 359.771315828264 20.965007163708 0 0
 361.932304807051 27.0477947235484 0 0
 364.092953030592 39.0089028035132 0 0
 366.253266456125 37.3430322412544 0 0
 368.413251040888 20.7938204792194 0 0
 370.572912742119 12.329712388782 0 0
 372.732257517056 8.13342683791286 0 0
 374.891291322937 5.09928998846776 0 0
 377.050020117 6.25430047465362 0 0
 379.208449856483 4.66047966781664 0 0
 381.366586498624 2.67770911371951 0 0
 383.524436000661 4.43050701304146 0 0
 385.682004319832 2.78667003933376 0 0
 387.839297413375 1.55739203494324 0 0
 389.996321238528 3.46825905502181 0 0
 392.153081752529 1.69398841973018 0 0
 394.309584912616 0.950391847401125 0 0
 396.465836676027 3.03293583637738 0 0
 398.621843 2.88671278190237 0 0
 400.777609841773 11.1276492690099 0 0
 402.933143158584 28.429419521631 0 0
 405.088448907671 31.2589172978858 0 0
 407.243533046272 21.4383372806573 0 0
 409.398401531625 9.65355986366276 0 0
 411.553060320968 2.34546859313068 0 0
 413.707515371539 1.24119748032831 0 0
 415.861772640576 2.00400569001386 0 0
 418.015838085317 0.480317536873847 0 0
 420.169717663 1.42091867224342 0 0
 422.323417330863 2.32261088273633 0 0
 424.476943046144 1.3138214517807 0 0
 426.630300766081 2.95510503997584 0 0
 428.783496447912 5.93949061684245 0 0
 430.936536048875 16.6910056525855 0 0
 433.089425526208 60.3559974757523 0 0
 435.242170837149 96.6655667742063 0 0
 437.394777938936 87.6264032234577 0 0
 439.547252788807 45.2739767975358 0 0
 441.699601344 25.7919167744957 0 0
 443.851829561753 22.3405140969347 0 0
 446.003943399304 26.6739509816185 0 0
 448.155948813891 28.7920336675911 0 0
 450.307851762752 27.8273429260254 0 0
 452.459658203125 26.6890614239944 0 0
 454.611374092248 22.038602348907 0 0
 456.763005387359 17.5106691435914 0 0
 458.914558045696 16.1988014724481 0 0
 461.066038024497 13.1991125372688 0 0
 463.217451281 11.1896504136529 0 0
 465.368803772443 11.3927397446907 0 0
 467.520101456064 8.59179545572966 0 0
 469.671350289101 6.98670142179239 0 0
 471.822556228792 7.4401928414087 0 0
 473.973725232375 5.04213420481201 0 0
 476.124863257088 4.62942084510818 0 0
 478.275976260169 5.7837809244924 0 0
 480.427070198856 3.81102467678042 0 0
 482.578151030387 4.16910003071368 0 0
 484.729224712 5.33806735891361 0 0
 486.880297200933 3.58778950797026 0 0
 489.031374454424 4.59545030250754 0 0
 491.182462429711 5.74894170703597 0 0
 493.333567084032 4.13364971915017 0 0
 495.484694374625 5.24489043800185 0 0
 497.635850258728 5.9574230239813 0 0
 499.787040693579 4.46505577149203 0 0
 501.938271636416 5.9933624363229 0 0
 504.089549044477 -NAN 0 0
 506.240878875 -NAN 0 0
 508.392267085223 -NAN 0 0
 510.543719632384 -NAN 0 0
 512.695242473721 -NAN 0 0
 514.846841566472 -NAN 0 0
 516.998522867875 -NAN 0 0
 519.150292335168 -NAN 0 0
 521.302155925589 -NAN 0 0
 523.454119596376 -NAN 0 0
 525.606189304767 -NAN 0 0
 527.758371008 -NAN 0 0
 529.910670663313 -NAN 0 0
 532.063094227944 -NAN 0 0
 534.215647659131 -NAN 0 0
 536.368336914112 -NAN 0 0
 538.521167950125 -NAN 0 0
 540.674146724408 -NAN 0 0
 542.827279194199 -NAN 0 0
 544.980571316736 -NAN 0 0
 547.134029049257 -NAN 0 0
 549.287658349 -NAN 0 0
 551.441465173203 -NAN 0 0
 553.595455479104 -NAN 0 0
 555.749635223941 -NAN 0 0
 557.904010364952 -NAN 0 0
 560.058586859375 -NAN 0 0
 562.213370664448 -NAN 0 0
 564.368367737409 -NAN 0 0
 566.523584035496 -NAN 0 0
 568.679025515947 -NAN 0 0
 570.834698136 -NAN 0 0
 572.990607852893 -NAN 0 0
 575.146760623864 -NAN 0 0
 577.303162406151 -NAN 0 0
 579.459819156992 -NAN 0 0
 581.616736833625 -NAN 0 0
 583.773921393288 -NAN 0 0
 585.931378793219 -NAN 0 0
 588.089114990656 -NAN 0 0
 590.247135942837 -NAN 0 0
 592.405447607 -NAN 0 0
 594.564055940383 -NAN 0 0
 596.722966900224 -NAN 0 0
 598.882186443761 -NAN 0 0
 601.041720528232 -NAN 0 0
 603.201575110875 -NAN 0 0
 605.361756148928 -NAN 0 0
 607.522269599629 -NAN 0 0
 609.683121420216 -NAN 0 0
 611.844317567927 -NAN 0 0
 614.005864 -NAN 0 0
 616.167766673673 -NAN 0 0
 618.330031546184 -NAN 0 0
 620.492664574771 -NAN 0 0
 622.655671716672 -NAN 0 0
 624.819058929125 -NAN 0 0
 626.982832169368 -NAN 0 0
 629.146997394639 -NAN 0 0
 631.311560562176 -NAN 0 0
 633.476527629217 -NAN 0 0
 635.641904553 -NAN 0 0
 637.807697290763 -NAN 0 0
 639.973911799744 -NAN 0 0
 642.140554037181 -NAN 0 0
 644.307629960312 -NAN 0 0
 646.475145526375 -NAN 0 0
 648.643106692608 -NAN 0 0
 650.811519416249 -NAN 0 0
 652.980389654536 -NAN 0 0
 655.149723364707 -NAN 0 0
 657.319526504 -NAN 0 0
 659.489805029653 -NAN 0 0
 661.660564898904 -NAN 0 0
 663.831812068991 -NAN 0 0
 666.003552497152 -NAN 0 0
 668.175792140625 -NAN 0 0
 670.348536956648 -NAN 0 0
 672.521792902459 -NAN 0 0
 674.695565935296 -NAN 0 0
 676.869862012397 -NAN 0 0
 679.044687091 -NAN 0 0
 681.220047128343 -NAN 0 0
 683.395948081664 -NAN 0 0
 685.572395908201 -NAN 0 0
 687.749396565192 -NAN 0 0
 689.926956009875 -NAN 0 0
 692.105080199488 -NAN 0 0
 694.283775091269 -NAN 0 0
 696.463046642456 -NAN 0 0
 698.642900810287 -NAN 0 0
 700.823343552 -NAN 0 0
 703.004380824833 -NAN 0 0
 705.186018586024 -NAN 0 0
 707.368262792811 -NAN 0 0
 709.551119402432 -NAN 0 0
 711.734594372125 -NAN 0 0
 713.918693659128 -NAN 0 0
 716.103423220679 -NAN 0 0
 718.288789014016 -NAN 0 0
 720.474796996377 -NAN 0 0
 722.661453125 -NAN 0 0
 724.848763357123 -NAN 0 0
 727.036733649984 -NAN 0 0
 729.225369960821 -NAN 0 0
 731.414678246872 -NAN 0 0
 733.604664465375 -NAN 0 0
 735.795334573568 -NAN 0 0
[END] of [DATA]
[END] of Spectrum


[Spectrum]
Version            = 1
IDData             = 12ad_2026-06-08_13-09-05_000_309
IDDevice           = SAM_82E6
IDDataType         = SPECTRUM
IDDataTypeSub1     = CALIBRATED
IDDataTypeSub2     = 
IDDataTypeSub3     = 
DateTime           = 2026-06-08 13:09:05
PositionLatitude   = 0
PositionLongitude  = 0
Comment            = 20260608_FrameC
CommentSub1        = UV
CommentSub2        = centre
CommentSub3        = 50cm
IDMethodType       = SAM Control
MethodName         = SAM_82E6
Mission            = No Mission
MissionSub         = 1
RecordType         = 0
[Attributes]
CalFactor = 1
IDBasisSpec = 
IDDataBack = DLAB_2024-11-11_10-40-48_641_639
IDDataCal = DLAB_2024-11-12_11-45-27_171_455
IntegrationTime = 512
P31 = -1
P31e = 0
PathLength = +INF
PathLengthCustomOn = 0
RAWDynamic = 65535
Salinity = 0
Temperature = -NAN
Unit1 = $01 $01 Wavelength nm
Unit2 = $03 $06 Intensity mW/(m^2 nm)
Unit3 = $f0 $06 Error mW/(m^2 nm)
Unit4 = $f1 $00 Status 
p999 = 7143
[END] of [Attributes]
[DATA]
 0 8 0 0
 185.260577530984 -NAN 0 0
 187.468128380571 -NAN 0 0
 189.674861895872 -NAN 0 0
 191.880784034125 -NAN 0 0
 194.085900752568 -NAN 0 0
 196.290218008439 -NAN 0 0
 198.493741758976 -NAN 0 0
 200.696477961417 -NAN 0 0
 202.898432573 -NAN 0 0
 205.099611550963 -NAN 0 0
 207.300020852544 -NAN 0 0
 209.499666434981 -NAN 0 0
 211.698554255512 -NAN 0 0
 213.896690271375 -NAN 0 0
 216.094080439808 -NAN 0 0
 218.290730718049 -NAN 0 0
 220.486647063336 -NAN 0 0
 222.681835432907 -NAN 0 0
 224.876301784 -NAN 0 0
 227.070052073853 -NAN 0 0
 229.263092259704 -NAN 0 0
 231.455428298791 -NAN 0 0
 233.647066148352 -NAN 0 0
 235.838011765625 -NAN 0 0
 238.028271107848 -NAN 0 0
 240.217850132259 -NAN 0 0
 242.406754796096 -NAN 0 0
 244.594991056597 -NAN 0 0
 246.782564871 -NAN 0 0
 248.969482196543 -NAN 0 0
 251.155748990464 -NAN 0 0
 253.341371210001 -NAN 0 0
 255.526354812392 -NAN 0 0
 257.710705754875 -NAN 0 0
 259.894429994688 -NAN 0 0
 262.077533489069 -NAN 0 0
 264.260022195256 -NAN 0 0
 266.441902070487 -NAN 0 0
 268.623179072 -NAN 0 0
 270.803859157033 -NAN 0 0
 272.983948282824 -NAN 0 0
 275.163452406611 -NAN 0 0
 277.342377485632 -NAN 0 0
 279.520729477125 9.79163651680388 0 0
 281.698514338328 12.9405279058022 0 0
 283.875738026479 20.601961307272 0 0
 286.052406498816 32.9712559515179 0 0
 288.228525712577 43.6539479259826 0 0
 290.404101625 62.5552776951203 0 0
 292.579140193323 85.0126442697861 0 0
 294.753647374784 108.481031072546 0 0
 296.927629126621 130.892597009074 0 0
 299.101091406072 153.802634751152 0 0
 301.274040170375 176.607133357016 0 0
 303.446481376768 190.205416306939 0 0
 305.618420982489 204.170967813237 0 0
 307.789864944776 211.166675665913 0 0
 309.960819220867 223.168900130117 0 0
 312.131289768 233.665340911392 0 0
 314.301282543413 222.764797929217 0 0
 316.470803504344 204.112255373119 0 0
 318.639858608031 187.590340033104 0 0
 320.808453811712 169.912311129323 0 0
 322.976595072625 161.141338704424 0 0
 325.144288348008 146.799802389727 0 0
 327.311539595099 130.87720292336 0 0
 329.478354771136 120.863260355162 0 0
 331.644739833357 107.842531245963 0 0
 333.810700739 95.7364971950511 0 0
 335.976243445303 87.0215123291769 0 0
 338.141373909504 74.5090197976923 0 0
 340.306098088841 63.9853387598779 0 0
 342.470421940552 58.0376224236572 0 0
 344.634351421875 49.3504830540122 0 0
 346.797892490048 42.1932066475442 0 0
 348.961051102309 38.0044853800343 0 0
 351.123833215896 31.5893525677242 0 0
 353.286244788047 27.0250158694505 0 0
 355.448291776 24.8674484000555 0 0
 357.609980136993 20.2917442969429 0 0
 359.771315828264 19.5597337625755 0 0
 361.932304807051 28.5680432437319 0 0
 364.092953030592 37.2594896893006 0 0
 366.253266456125 35.990695582074 0 0
 368.413251040888 22.4995271046257 0 0
 370.572912742119 10.3044235237638 0 0
 372.732257517056 7.39768391900494 0 0
 374.891291322937 7.02725622438152 0 0
 377.050020117 3.87477508138821 0 0
 379.208449856483 4.3309107406501 0 0
 381.366586498624 4.4563039388963 0 0
 383.524436000661 1.75503780963057 0 0
 385.682004319832 2.91894915837802 0 0
 387.839297413375 3.00259779244323 0 0
 389.996321238528 0.665984183372841 0 0
 392.153081752529 2.31633837325885 0 0
 394.309584912616 2.00380125138867 0 0
 396.465836676027 0.251902327840659 0 0
 398.621843 3.90573300730843 0 0
 400.777609841773 11.5295045391049 0 0
 402.933143158584 25.2966131811707 0 0
 405.088448907671 31.9370214104405 0 0
 407.243533046272 21.2654826906981 0 0
 409.398401531625 7.33668905480778 0 0
 411.553060320968 3.82784506279992 0 0
 413.707515371539 1.28733572876395 0 0
 415.861772640576 0.330718458399954 0 0
 418.015838085317 2.06685317926628 0 0
 420.169717663 1.14704494693302 0 0
 422.323417330863 1.10581800787987 0 0
 424.476943046144 2.88228334035762 0 0
 426.630300766081 2.39446354107909 0 0
 428.783496447912 4.98609324541748 0 0
 430.936536048875 17.891189126775 0 0
 433.089425526208 58.4894449188426 0 0
 435.242170837149 94.1576298045801 0 0
 437.394777938936 87.4129892858113 0 0
 439.547252788807 43.536656381004 0 0
 441.699601344 25.1692898971143 0 0
 443.851829561753 23.6575959455462 0 0
 446.003943399304 25.3251576419723 0 0
 448.155948813891 28.5261762067202 0 0
 450.307851762752 29.1043106448716 0 0
 452.459658203125 24.9869671755571 0 0
 454.611374092248 22.0414552125183 0 0
 456.763005387359 18.642634535204 0 0
 458.914558045696 14.2077295500352 0 0
 461.066038024497 13.5277037787582 0 0
 463.217451281 12.132220291562 0 0
 465.368803772443 9.17768206166869 0 0
 467.520101456064 9.29384981691942 0 0
 469.671350289101 7.68653702038497 0 0
 471.822556228792 5.1955600171088 0 0
 473.973725232375 6.13056477420977 0 0
 476.124863257088 5.06618296386869 0 0
 478.275976260169 3.62685253142557 0 0
 480.427070198856 5.25291013997131 0 0
 482.578151030387 4.35326435000232 0 0
 484.729224712 3.40015008361486 0 0
 486.880297200933 5.31771091051827 0 0
 489.031374454424 4.40243484407619 0 0
 491.182462429711 4.09375330128036 0 0
 493.333567084032 6.01573666780759 0 0
 495.484694374625 4.72025242919511 0 0
 497.635850258728 4.63757409719817 0 0
 499.787040693579 6.43011637332344 0 0
 501.938271636416 5.0812598935342 0 0
 504.089549044477 -NAN 0 0
 506.240878875 -NAN 0 0
 508.392267085223 -NAN 0 0
 510.543719632384 -NAN 0 0
 512.695242473721 -NAN 0 0
 514.846841566472 -NAN 0 0
 516.998522867875 -NAN 0 0
 519.150292335168 -NAN 0 0
 521.302155925589 -NAN 0 0
 523.454119596376 -NAN 0 0
 525.606189304767 -NAN 0 0
 527.758371008 -NAN 0 0
 529.910670663313 -NAN 0 0
 532.063094227944 -NAN 0 0
 534.215647659131 -NAN 0 0
 536.368336914112 -NAN 0 0
 538.521167950125 -NAN 0 0
 540.674146724408 -NAN 0 0
 542.827279194199 -NAN 0 0
 544.980571316736 -NAN 0 0
 547.134029049257 -NAN 0 0
 549.287658349 -NAN 0 0
 551.441465173203 -NAN 0 0
 553.595455479104 -NAN 0 0
 555.749635223941 -NAN 0 0
 557.904010364952 -NAN 0 0
 560.058586859375 -NAN 0 0
 562.213370664448 -NAN 0 0
 564.368367737409 -NAN 0 0
 566.523584035496 -NAN 0 0
 568.679025515947 -NAN 0 0
 570.834698136 -NAN 0 0
 572.990607852893 -NAN 0 0
 575.146760623864 -NAN 0 0
 577.303162406151 -NAN 0 0
 579.459819156992 -NAN 0 0
 581.616736833625 -NAN 0 0
 583.773921393288 -NAN 0 0
 585.931378793219 -NAN 0 0
 588.089114990656 -NAN 0 0
 590.247135942837 -NAN 0 0
 592.405447607 -NAN 0 0
 594.564055940383 -NAN 0 0
 596.722966900224 -NAN 0 0
 598.882186443761 -NAN 0 0
 601.041720528232 -NAN 0 0
 603.201575110875 -NAN 0 0
 605.361756148928 -NAN 0 0
 607.522269599629 -NAN 0 0
 609.683121420216 -NAN 0 0
 611.844317567927 -NAN 0 0
 614.005864 -NAN 0 0
 616.167766673673 -NAN 0 0
 618.330031546184 -NAN 0 0
 620.492664574771 -NAN 0 0
 622.655671716672 -NAN 0 0
 624.819058929125 -NAN 0 0
 626.982832169368 -NAN 0 0
 629.146997394639 -NAN 0 0
 631.311560562176 -NAN 0 0
 633.476527629217 -NAN 0 0
 635.641904553 -NAN 0 0
 637.807697290763 -NAN 0 0
 639.973911799744 -NAN 0 0
 642.140554037181 -NAN 0 0
 644.307629960312 -NAN 0 0
 646.475145526375 -NAN 0 0
 648.643106692608 -NAN 0 0
 650.811519416249 -NAN 0 0
 652.980389654536 -NAN 0 0
 655.149723364707 -NAN 0 0
 657.319526504 -NAN 0 0
 659.489805029653 -NAN 0 0
 661.660564898904 -NAN 0 0
 663.831812068991 -NAN 0 0
 666.003552497152 -NAN 0 0
 668.175792140625 -NAN 0 0
 670.348536956648 -NAN 0 0
 672.521792902459 -NAN 0 0
 674.695565935296 -NAN 0 0
 676.869862012397 -NAN 0 0
 679.044687091 -NAN 0 0
 681.220047128343 -NAN 0 0
 683.395948081664 -NAN 0 0
 685.572395908201 -NAN 0 0
 687.749396565192 -NAN 0 0
 689.926956009875 -NAN 0 0
 692.105080199488 -NAN 0 0
 694.283775091269 -NAN 0 0
 696.463046642456 -NAN 0 0
 698.642900810287 -NAN 0 0
 700.823343552 -NAN 0 0
 703.004380824833 -NAN 0 0
 705.186018586024 -NAN 0 0
 707.368262792811 -NAN 0 0
 709.551119402432 -NAN 0 0
 711.734594372125 -NAN 0 0
 713.918693659128 -NAN 0 0
 716.103423220679 -NAN 0 0
 718.288789014016 -NAN 0 0
 720.474796996377 -NAN 0 0
 722.661453125 -NAN 0 0
 724.848763357123 -NAN 0 0
 727.036733649984 -NAN 0 0
 729.225369960821 -NAN 0 0
 731.414678246872 -NAN 0 0
 733.604664465375 -NAN 0 0
 735.795334573568 -NAN 0 0
[END] of [DATA]
[END] of Spectrum


[Spectrum]
Version            = 1
IDData             = 12ad_2026-06-08_13-09-00_000_306
IDDevice           = SAM_82E6
IDDataType         = SPECTRUM
IDDataTypeSub1     = CALIBRATED
IDDataTypeSub2     = 
IDDataTypeSub3     = 
DateTime           = 2026-06-08 13:09:00
PositionLatitude   = 0
PositionLongitude  = 0
Comment            = 20260608_FrameC
CommentSub1        = UV
CommentSub2        = centre
CommentSub3        = 50cm
IDMethodType       = SAM Control
MethodName         = SAM_82E6
Mission            = No Mission
MissionSub         = 1
RecordType         = 0
[Attributes]
CalFactor = 1
IDBasisSpec = 
IDDataBack = DLAB_2024-11-11_10-40-48_641_639
IDDataCal = DLAB_2024-11-12_11-45-27_171_455
IntegrationTime = 512
P31 = -1
P31e = 0
PathLength = +INF
PathLengthCustomOn = 0
RAWDynamic = 65535
Salinity = 0
Temperature = -NAN
Unit1 = $01 $01 Wavelength nm
Unit2 = $03 $06 Intensity mW/(m^2 nm)
Unit3 = $f0 $06 Error mW/(m^2 nm)
Unit4 = $f1 $00 Status 
p999 = 7142
[END] of [Attributes]
[DATA]
 0 8 0 0
 185.260577530984 -NAN 0 0
 187.468128380571 -NAN 0 0
 189.674861895872 -NAN 0 0
 191.880784034125 -NAN 0 0
 194.085900752568 -NAN 0 0
 196.290218008439 -NAN 0 0
 198.493741758976 -NAN 0 0
 200.696477961417 -NAN 0 0
 202.898432573 -NAN 0 0
 205.099611550963 -NAN 0 0
 207.300020852544 -NAN 0 0
 209.499666434981 -NAN 0 0
 211.698554255512 -NAN 0 0
 213.896690271375 -NAN 0 0
 216.094080439808 -NAN 0 0
 218.290730718049 -NAN 0 0
 220.486647063336 -NAN 0 0
 222.681835432907 -NAN 0 0
 224.876301784 -NAN 0 0
 227.070052073853 -NAN 0 0
 229.263092259704 -NAN 0 0
 231.455428298791 -NAN 0 0
 233.647066148352 -NAN 0 0
 235.838011765625 -NAN 0 0
 238.028271107848 -NAN 0 0
 240.217850132259 -NAN 0 0
 242.406754796096 -NAN 0 0
 244.594991056597 -NAN 0 0
 246.782564871 -NAN 0 0
 248.969482196543 -NAN 0 0
 251.155748990464 -NAN 0 0
 253.341371210001 -NAN 0 0
 255.526354812392 -NAN 0 0
 257.710705754875 -NAN 0 0
 259.894429994688 -NAN 0 0
 262.077533489069 -NAN 0 0
 264.260022195256 -NAN 0 0
 266.441902070487 -NAN 0 0
 268.623179072 -NAN 0 0
 270.803859157033 -NAN 0 0
 272.983948282824 -NAN 0 0
 275.163452406611 -NAN 0 0
 277.342377485632 -NAN 0 0
 279.520729477125 9.43547505803291 0 0
 281.698514338328 13.0725794313429 0 0
 283.875738026479 19.8231648885794 0 0
 286.052406498816 32.1640145912881 0 0
 288.228525712577 43.1732768956986 0 0
 290.404101625 60.9092237415026 0 0
 292.579140193323 83.3662736300589 0 0
 294.753647374784 106.580530036691 0 0
 296.927629126621 127.912735399638 0 0
 299.101091406072 150.812599428176 0 0
 301.274040170375 173.278085033614 0 0
 303.446481376768 186.049641090553 0 0
 305.618420982489 200.170919428079 0 0
 307.789864944776 206.984061926406 0 0
 309.960819220867 218.288450028587 0 0
 312.131289768 229.171086774363 0 0
 314.301282543413 218.413590251898 0 0
 316.470803504344 199.50744515917 0 0
 318.639858608031 184.003748799439 0 0
 320.808453811712 166.464753413238 0 0
 322.976595072625 157.3916476459 0 0
 325.144288348008 144.152062944898 0 0
 327.311539595099 128.175378094131 0 0
 329.478354771136 117.820705321099 0 0
 331.644739833357 105.926811988135 0 0
 333.810700739 93.7012002084813 0 0
 335.976243445303 84.8068578172318 0 0
 338.141373909504 73.2605033222407 0 0
 340.306098088841 62.4305677541345 0 0
 342.470421940552 56.5140785448792 0 0
 344.634351421875 48.6399684950076 0 0
 346.797892490048 41.0649548899058 0 0
 348.961051102309 37.002344371913 0 0
 351.123833215896 31.2591254619513 0 0
 353.286244788047 26.1881185188084 0 0
 355.448291776 24.2258114184256 0 0
 357.609980136993 20.207149203702 0 0
 359.771315828264 18.9132972420393 0 0
 361.932304807051 28.1008234926752 0 0
 364.092953030592 37.0280410359198 0 0
 366.253266456125 35.2152624718013 0 0
 368.413251040888 22.2182734179916 0 0
 370.572912742119 10.4595386709451 0 0
 372.732257517056 6.9130589289796 0 0
 374.891291322937 7.09649629491817 0 0
 377.050020117 4.15066208350594 0 0
 379.208449856483 3.81101750734917 0 0
 381.366586498624 4.69443920154412 0 0
 383.524436000661 1.98172431053045 0 0
 385.682004319832 2.40334506532914 0 0
 387.839297413375 3.24771602386234 0 0
 389.996321238528 0.814174659041495 0 0
 392.153081752529 1.81332419677247 0 0
 394.309584912616 2.28266497063198 0 0
 396.465836676027 0.345207579514954 0 0
 398.621843 3.34115865065442 0 0
 400.777609841773 11.5438100665193 0 0
 402.933143158584 24.5520647487191 0 0
 405.088448907671 30.6735611210156 0 0
 407.243533046272 21.0379799142225 0 0
 409.398401531625 7.00898131428724 0 0
 411.553060320968 3.43794916843379 0 0
 413.707515371539 1.50901145113293 0 0
 415.861772640576 0.199570297825152 0 0
 418.015838085317 1.82110726191925 0 0
 420.169717663 1.47247693832086 0 0
 422.323417330863 0.889285641511513 0 0
 424.476943046144 2.73227198825264 0 0
 426.630300766081 2.70305374255036 0 0
 428.783496447912 4.73362418021697 0 0
 430.936536048875 17.5442771853855 0 0
 433.089425526208 57.5256059168903 0 0
 435.242170837149 92.0013474769665 0 0
 437.394777938936 85.6161558332681 0 0
 439.547252788807 43.1306345704365 0 0
 441.699601344 24.7492736141547 0 0
 443.851829561753 23.7195368777338 0 0
 446.003943399304 25.5694205652003 0 0
 448.155948813891 28.3068218660675 0 0
 450.307851762752 29.2806151569016 0 0
 452.459658203125 25.2597654102046 0 0
 454.611374092248 21.6881756019848 0 0
 456.763005387359 18.8422782804259 0 0
 458.914558045696 14.4253003164944 0 0
 461.066038024497 13.1629420285157 0 0
 463.217451281 12.372666491822 0 0
 465.368803772443 9.33179138819774 0 0
 467.520101456064 8.89114586603101 0 0
 469.671350289101 7.98097674632029 0 0
 471.822556228792 5.23709692839363 0 0
 473.973725232375 5.74132834903819 0 0
 476.124863257088 5.37230394190996 0 0
 478.275976260169 3.52906288763892 0 0
 480.427070198856 4.94938461759238 0 0
 482.578151030387 4.59658448094125 0 0
 484.729224712 3.25150936988087 0 0
 486.880297200933 4.98772267013569 0 0
 489.031374454424 4.71685422853538 0 0
 491.182462429711 3.84971911325229 0 0
 493.333567084032 5.75243376135537 0 0
 495.484694374625 5.06613719238521 0 0
 497.635850258728 4.41266218531908 0 0
 499.787040693579 6.29530723660029 0 0
 501.938271636416 5.48538320305297 0 0
 504.089549044477 -NAN 0 0
 506.240878875 -NAN 0 0
 508.392267085223 -NAN 0 0
 510.543719632384 -NAN 0 0
 512.695242473721 -NAN 0 0
 514.846841566472 -NAN 0 0
 516.998522867875 -NAN 0 0
 519.150292335168 -NAN 0 0
 521.302155925589 -NAN 0 0
 523.454119596376 -NAN 0 0
 525.606189304767 -NAN 0 0
 527.758371008 -NAN 0 0
 529.910670663313 -NAN 0 0
 532.063094227944 -NAN 0 0
 534.215647659131 -NAN 0 0
 536.368336914112 -NAN 0 0
 538.521167950125 -NAN 0 0
 540.674146724408 -NAN 0 0
 542.827279194199 -NAN 0 0
 544.980571316736 -NAN 0 0
 547.134029049257 -NAN 0 0
 549.287658349 -NAN 0 0
 551.441465173203 -NAN 0 0
 553.595455479104 -NAN 0 0
 555.749635223941 -NAN 0 0
 557.904010364952 -NAN 0 0
 560.058586859375 -NAN 0 0
 562.213370664448 -NAN 0 0
 564.368367737409 -NAN 0 0
 566.523584035496 -NAN 0 0
 568.679025515947 -NAN 0 0
 570.834698136 -NAN 0 0
 572.990607852893 -NAN 0 0
 575.146760623864 -NAN 0 0
 577.303162406151 -NAN 0 0
 579.459819156992 -NAN 0 0
 581.616736833625 -NAN 0 0
 583.773921393288 -NAN 0 0
 585.931378793219 -NAN 0 0
 588.089114990656 -NAN 0 0
 590.247135942837 -NAN 0 0
 592.405447607 -NAN 0 0
 594.564055940383 -NAN 0 0
 596.722966900224 -NAN 0 0
 598.882186443761 -NAN 0 0
 601.041720528232 -NAN 0 0
 603.201575110875 -NAN 0 0
 605.361756148928 -NAN 0 0
 607.522269599629 -NAN 0 0
 609.683121420216 -NAN 0 0
 611.844317567927 -NAN 0 0
 614.005864 -NAN 0 0
 616.167766673673 -NAN 0 0
 618.330031546184 -NAN 0 0
 620.492664574771 -NAN 0 0
 622.655671716672 -NAN 0 0
 624.819058929125 -NAN 0 0
 626.982832169368 -NAN 0 0
 629.146997394639 -NAN 0 0
 631.311560562176 -NAN 0 0
 633.476527629217 -NAN 0 0
 635.641904553 -NAN 0 0
 637.807697290763 -NAN 0 0
 639.973911799744 -NAN 0 0
 642.140554037181 -NAN 0 0
 644.307629960312 -NAN 0 0
 646.475145526375 -NAN 0 0
 648.643106692608 -NAN 0 0
 650.811519416249 -NAN 0 0
 652.980389654536 -NAN 0 0
 655.149723364707 -NAN 0 0
 657.319526504 -NAN 0 0
 659.489805029653 -NAN 0 0
 661.660564898904 -NAN 0 0
 663.831812068991 -NAN 0 0
 666.003552497152 -NAN 0 0
 668.175792140625 -NAN 0 0
 670.348536956648 -NAN 0 0
 672.521792902459 -NAN 0 0
 674.695565935296 -NAN 0 0
 676.869862012397 -NAN 0 0
 679.044687091 -NAN 0 0
 681.220047128343 -NAN 0 0
 683.395948081664 -NAN 0 0
 685.572395908201 -NAN 0 0
 687.749396565192 -NAN 0 0
 689.926956009875 -NAN 0 0
 692.105080199488 -NAN 0 0
 694.283775091269 -NAN 0 0
 696.463046642456 -NAN 0 0
 698.642900810287 -NAN 0 0
 700.823343552 -NAN 0 0
 703.004380824833 -NAN 0 0
 705.186018586024 -NAN 0 0
 707.368262792811 -NAN 0 0
 709.551119402432 -NAN 0 0
 711.734594372125 -NAN 0 0
 713.918693659128 -NAN 0 0
 716.103423220679 -NAN 0 0
 718.288789014016 -NAN 0 0
 720.474796996377 -NAN 0 0
 722.661453125 -NAN 0 0
 724.848763357123 -NAN 0 0
 727.036733649984 -NAN 0 0
 729.225369960821 -NAN 0 0
 731.414678246872 -NAN 0 0
 733.604664465375 -NAN 0 0
 735.795334573568 -NAN 0 0
[END] of [DATA]
[END] of Spectrum


