[Spectrum]
Version            = 1
IDData             = 12ad_2026-06-08_15-51-15_000_953
IDDevice           = SAM_82E6
IDDataType         = SPECTRUM
IDDataTypeSub1     = CALIBRATED
IDDataTypeSub2     = 
IDDataTypeSub3     = 
DateTime           = 2026-06-08 15:51:15
PositionLatitude   = 0
PositionLongitude  = 0
Comment            = 20260608_FrameD
CommentSub1        = UV
CommentSub2        = centre
CommentSub3        = 17cm
IDMethodType       = SAM Control
MethodName         = SAM_82E6
Mission            = No Mission
MissionSub         = 1
RecordType         = 0
[Attributes]
CalFactor = 1
IDBasisSpec = 
IDDataBack = DLAB_2024-11-11_10-40-48_641_639
IDDataCal = DLAB_2024-11-12_11-45-27_171_455
IntegrationTime = 128
P31 = -1
P31e = 0
PathLength = +INF
PathLengthCustomOn = 0
RAWDynamic = 65535
Salinity = 0
Temperature = -NAN
Unit1 = $01 $01 Wavelength nm
Unit2 = $03 $06 Intensity mW/(m^2 nm)
Unit3 = $f0 $06 Error mW/(m^2 nm)
Unit4 = $f1 $00 Status 
p999 = 7421
[END] of [Attributes]
[DATA]
 0 6 0 0
 185.260577530984 -NAN 0 0
 187.468128380571 -NAN 0 0
 189.674861895872 -NAN 0 0
 191.880784034125 -NAN 0 0
 194.085900752568 -NAN 0 0
 196.290218008439 -NAN 0 0
 198.493741758976 -NAN 0 0
 200.696477961417 -NAN 0 0
 202.898432573 -NAN 0 0
 205.099611550963 -NAN 0 0
 207.300020852544 -NAN 0 0
 209.499666434981 -NAN 0 0
 211.698554255512 -NAN 0 0
 213.896690271375 -NAN 0 0
 216.094080439808 -NAN 0 0
 218.290730718049 -NAN 0 0
 220.486647063336 -NAN 0 0
 222.681835432907 -NAN 0 0
 224.876301784 -NAN 0 0
 227.070052073853 -NAN 0 0
 229.263092259704 -NAN 0 0
 231.455428298791 -NAN 0 0
 233.647066148352 -NAN 0 0
 235.838011765625 -NAN 0 0
 238.028271107848 -NAN 0 0
 240.217850132259 -NAN 0 0
 242.406754796096 -NAN 0 0
 244.594991056597 -NAN 0 0
 246.782564871 -NAN 0 0
 248.969482196543 -NAN 0 0
 251.155748990464 -NAN 0 0
 253.341371210001 -NAN 0 0
 255.526354812392 -NAN 0 0
 257.710705754875 -NAN 0 0
 259.894429994688 -NAN 0 0
 262.077533489069 -NAN 0 0
 264.260022195256 -NAN 0 0
 266.441902070487 -NAN 0 0
 268.623179072 -NAN 0 0
 270.803859157033 -NAN 0 0
 272.983948282824 -NAN 0 0
 275.163452406611 -NAN 0 0
 277.342377485632 -NAN 0 0
 279.520729477125 7.21206223297417 0 0
 281.698514338328 4.47054159683015 0 0
 283.875738026479 8.2079822539619 0 0
 286.052406498816 17.5252093782383 0 0
 288.228525712577 17.3638997124209 0 0
 290.404101625 26.0346715444055 0 0
 292.579140193323 38.6465397431304 0 0
 294.753647374784 43.8726019041088 0 0
 296.927629126621 54.3379636967114 0 0
 299.101091406072 66.3951497159037 0 0
 301.274040170375 71.5779520180371 0 0
 303.446481376768 78.6651643927675 0 0
 305.618420982489 86.0955441205215 0 0
 307.789864944776 85.0288486017713 0 0
 309.960819220867 91.8801244407804 0 0
 312.131289768 97.4520698433599 0 0
 314.301282543413 88.8253557987003 0 0
 316.470803504344 83.780880236613 0 0
 318.639858608031 78.470971535091 0 0
 320.808453811712 66.9350244812375 0 0
 322.976595072625 67.0624636031111 0 0
 325.144288348008 62.2154320504989 0 0
 327.311539595099 50.9257914009679 0 0
 329.478354771136 51.1273239885938 0 0
 331.644739833357 46.1262027647574 0 0
 333.810700739 36.6079277528977 0 0
 335.976243445303 37.8010608598792 0 0
 338.141373909504 32.2605201472889 0 0
 340.306098088841 24.1161115908051 0 0
 342.470421940552 26.2021753040538 0 0
 344.634351421875 21.7187052983909 0 0
 346.797892490048 15.5325026713817 0 0
 348.961051102309 18.0710685484945 0 0
 351.123833215896 14.2444107121597 0 0
 353.286244788047 9.76404312606015 0 0
 355.448291776 12.7326763028688 0 0
 357.609980136993 9.48198755347373 0 0
 359.771315828264 6.89594762828168 0 0
 361.932304807051 14.865720192726 0 0
 364.092953030592 16.9297148677224 0 0
 366.253266456125 14.1939589713342 0 0
 368.413251040888 12.7327999273771 0 0
 370.572912742119 4.81159135101533 0 0
 372.732257517056 1.70990732102597 0 0
 374.891291322937 6.66979566906975 0 0
 377.050020117 1.82275303839556 0 0
 379.208449856483 0.471105604953014 0 0
 381.366586498624 5.91210486741912 0 0
 383.524436000661 0.460224991454857 0 0
 385.682004319832 0.356176682993557 0 0
 387.839297413375 5.28484344793864 0 0
 389.996321238528 -0.298956392568721 0 0
 392.153081752529 0.34002678736226 0 0
 394.309584912616 4.69891061737077 0 0
 396.465836676027 -0.552915854151484 0 0
 398.621843 1.45353718304548 0 0
 400.777609841773 9.12624076455449 0 0
 402.933143158584 11.5401059182616 0 0
 405.088448907671 15.8935124552237 0 0
 407.243533046272 14.6756634333096 0 0
 409.398401531625 4.45806298345711 0 0
 411.553060320968 5.15090626934876 0 0
 413.707515371539 8.08580570979883 0 0
 415.861772640576 6.16281423623983 0 0
 418.015838085317 12.0511717402733 0 0
 420.169717663 18.4472947164074 0 0
 422.323417330863 21.3658458640903 0 0
 424.476943046144 33.3325108113989 0 0
 426.630300766081 46.9532214080664 0 0
 428.783496447912 61.3812641207211 0 0
 430.936536048875 91.7131723642872 0 0
 433.089425526208 141.860970042641 0 0
 435.242170837149 193.566416522647 0 0
 437.394777938936 240.266319603536 0 0
 439.547252788807 281.997070904134 0 0
 441.699601344 351.094392314312 0 0
 443.851829561753 446.322124955404 0 0
 446.003943399304 533.439679792591 0 0
 448.155948813891 583.070941384571 0 0
 450.307851762752 583.563708006615 0 0
 452.459658203125 526.277924335592 0 0
 454.611374092248 440.28550771634 0 0
 456.763005387359 364.370269066395 0 0
 458.914558045696 302.248526313368 0 0
 461.066038024497 258.481035302203 0 0
 463.217451281 231.349016435012 0 0
 465.368803772443 199.836721793162 0 0
 467.520101456064 168.085559214896 0 0
 469.671350289101 144.408923333105 0 0
 471.822556228792 118.566394948507 0 0
 473.973725232375 100.474839214803 0 0
 476.124863257088 94.7734379193186 0 0
 478.275976260169 85.506864402562 0 0
 480.427070198856 81.3082439701571 0 0
 482.578151030387 83.9425434405915 0 0
 484.729224712 79.3653938221178 0 0
 486.880297200933 79.3260341911175 0 0
 489.031374454424 85.6316125408061 0 0
 491.182462429711 85.0993978768475 0 0
 493.333567084032 89.4441612376125 0 0
 495.484694374625 98.1956064635662 0 0
 497.635850258728 98.9830004098635 0 0
 499.787040693579 104.549513489452 0 0
 501.938271636416 112.933045034653 0 0
 504.089549044477 -NAN 0 0
 506.240878875 -NAN 0 0
 508.392267085223 -NAN 0 0
 510.543719632384 -NAN 0 0
 512.695242473721 -NAN 0 0
 514.846841566472 -NAN 0 0
 516.998522867875 -NAN 0 0
 519.150292335168 -NAN 0 0
 521.302155925589 -NAN 0 0
 523.454119596376 -NAN 0 0
 525.606189304767 -NAN 0 0
 527.758371008 -NAN 0 0
 529.910670663313 -NAN 0 0
 532.063094227944 -NAN 0 0
 534.215647659131 -NAN 0 0
 536.368336914112 -NAN 0 0
 538.521167950125 -NAN 0 0
 540.674146724408 -NAN 0 0
 542.827279194199 -NAN 0 0
 544.980571316736 -NAN 0 0
 547.134029049257 -NAN 0 0
 549.287658349 -NAN 0 0
 551.441465173203 -NAN 0 0
 553.595455479104 -NAN 0 0
 555.749635223941 -NAN 0 0
 557.904010364952 -NAN 0 0
 560.058586859375 -NAN 0 0
 562.213370664448 -NAN 0 0
 564.368367737409 -NAN 0 0
 566.523584035496 -NAN 0 0
 568.679025515947 -NAN 0 0
 570.834698136 -NAN 0 0
 572.990607852893 -NAN 0 0
 575.146760623864 -NAN 0 0
 577.303162406151 -NAN 0 0
 579.459819156992 -NAN 0 0
 581.616736833625 -NAN 0 0
 583.773921393288 -NAN 0 0
 585.931378793219 -NAN 0 0
 588.089114990656 -NAN 0 0
 590.247135942837 -NAN 0 0
 592.405447607 -NAN 0 0
 594.564055940383 -NAN 0 0
 596.722966900224 -NAN 0 0
 598.882186443761 -NAN 0 0
 601.041720528232 -NAN 0 0
 603.201575110875 -NAN 0 0
 605.361756148928 -NAN 0 0
 607.522269599629 -NAN 0 0
 609.683121420216 -NAN 0 0
 611.844317567927 -NAN 0 0
 614.005864 -NAN 0 0
 616.167766673673 -NAN 0 0
 618.330031546184 -NAN 0 0
 620.492664574771 -NAN 0 0
 622.655671716672 -NAN 0 0
 624.819058929125 -NAN 0 0
 626.982832169368 -NAN 0 0
 629.146997394639 -NAN 0 0
 631.311560562176 -NAN 0 0
 633.476527629217 -NAN 0 0
 635.641904553 -NAN 0 0
 637.807697290763 -NAN 0 0
 639.973911799744 -NAN 0 0
 642.140554037181 -NAN 0 0
 644.307629960312 -NAN 0 0
 646.475145526375 -NAN 0 0
 648.643106692608 -NAN 0 0
 650.811519416249 -NAN 0 0
 652.980389654536 -NAN 0 0
 655.149723364707 -NAN 0 0
 657.319526504 -NAN 0 0
 659.489805029653 -NAN 0 0
 661.660564898904 -NAN 0 0
 663.831812068991 -NAN 0 0
 666.003552497152 -NAN 0 0
 668.175792140625 -NAN 0 0
 670.348536956648 -NAN 0 0
 672.521792902459 -NAN 0 0
 674.695565935296 -NAN 0 0
 676.869862012397 -NAN 0 0
 679.044687091 -NAN 0 0
 681.220047128343 -NAN 0 0
 683.395948081664 -NAN 0 0
 685.572395908201 -NAN 0 0
 687.749396565192 -NAN 0 0
 689.926956009875 -NAN 0 0
 692.105080199488 -NAN 0 0
 694.283775091269 -NAN 0 0
 696.463046642456 -NAN 0 0
 698.642900810287 -NAN 0 0
 700.823343552 -NAN 0 0
 703.004380824833 -NAN 0 0
 705.186018586024 -NAN 0 0
 707.368262792811 -NAN 0 0
 709.551119402432 -NAN 0 0
 711.734594372125 -NAN 0 0
 713.918693659128 -NAN 0 0
 716.103423220679 -NAN 0 0
 718.288789014016 -NAN 0 0
 720.474796996377 -NAN 0 0
 722.661453125 -NAN 0 0
 724.848763357123 -NAN 0 0
 727.036733649984 -NAN 0 0
 729.225369960821 -NAN 0 0
 731.414678246872 -NAN 0 0
 733.604664465375 -NAN 0 0
 735.795334573568 -NAN 0 0
[END] of [DATA]
[END] of Spectrum


[Spectrum]
Version            = 1
IDData             = 12ad_2026-06-08_15-51-10_000_950
IDDevice           = SAM_82E6
IDDataType         = SPECTRUM
IDDataTypeSub1     = CALIBRATED
IDDataTypeSub2     = 
IDDataTypeSub3     = 
DateTime           = 2026-06-08 15:51:10
PositionLatitude   = 0
PositionLongitude  = 0
Comment            = 20260608_FrameD
CommentSub1        = UV
CommentSub2        = centre
CommentSub3        = 17cm
IDMethodType       = SAM Control
MethodName         = SAM_82E6
Mission            = No Mission
MissionSub         = 1
RecordType         = 0
[Attributes]
CalFactor = 1
IDBasisSpec = 
IDDataBack = DLAB_2024-11-11_10-40-48_641_639
IDDataCal = DLAB_2024-11-12_11-45-27_171_455
IntegrationTime = 128
P31 = -1
P31e = 0
PathLength = +INF
PathLengthCustomOn = 0
RAWDynamic = 65535
Salinity = 0
Temperature = -NAN
Unit1 = $01 $01 Wavelength nm
Unit2 = $03 $06 Intensity mW/(m^2 nm)
Unit3 = $f0 $06 Error mW/(m^2 nm)
Unit4 = $f1 $00 Status 
p999 = 7420
[END] of [Attributes]
[DATA]
 0 6 0 0
 185.260577530984 -NAN 0 0
 187.468128380571 -NAN 0 0
 189.674861895872 -NAN 0 0
 191.880784034125 -NAN 0 0
 194.085900752568 -NAN 0 0
 196.290218008439 -NAN 0 0
 198.493741758976 -NAN 0 0
 200.696477961417 -NAN 0 0
 202.898432573 -NAN 0 0
 205.099611550963 -NAN 0 0
 207.300020852544 -NAN 0 0
 209.499666434981 -NAN 0 0
 211.698554255512 -NAN 0 0
 213.896690271375 -NAN 0 0
 216.094080439808 -NAN 0 0
 218.290730718049 -NAN 0 0
 220.486647063336 -NAN 0 0
 222.681835432907 -NAN 0 0
 224.876301784 -NAN 0 0
 227.070052073853 -NAN 0 0
 229.263092259704 -NAN 0 0
 231.455428298791 -NAN 0 0
 233.647066148352 -NAN 0 0
 235.838011765625 -NAN 0 0
 238.028271107848 -NAN 0 0
 240.217850132259 -NAN 0 0
 242.406754796096 -NAN 0 0
 244.594991056597 -NAN 0 0
 246.782564871 -NAN 0 0
 248.969482196543 -NAN 0 0
 251.155748990464 -NAN 0 0
 253.341371210001 -NAN 0 0
 255.526354812392 -NAN 0 0
 257.710705754875 -NAN 0 0
 259.894429994688 -NAN 0 0
 262.077533489069 -NAN 0 0
 264.260022195256 -NAN 0 0
 266.441902070487 -NAN 0 0
 268.623179072 -NAN 0 0
 270.803859157033 -NAN 0 0
 272.983948282824 -NAN 0 0
 275.163452406611 -NAN 0 0
 277.342377485632 -NAN 0 0
 279.520729477125 1.83228075783232 0 0
 281.698514338328 5.4825008123596 0 0
 283.875738026479 12.3512074442503 0 0
 286.052406498816 10.8349788243913 0 0
 288.228525712577 18.4728099283369 0 0
 290.404101625 29.411117905095 0 0
 292.579140193323 32.2273857248789 0 0
 294.753647374784 45.547944552929 0 0
 296.927629126621 56.3719382592664 0 0
 299.101091406072 59.9169384701089 0 0
 301.274040170375 73.1026538294525 0 0
 303.446481376768 79.2352865118091 0 0
 305.618420982489 79.9398035756506 0 0
 307.789864944776 86.5680675603429 0 0
 309.960819220867 91.4521664602211 0 0
 312.131289768 91.0718943408676 0 0
 314.301282543413 91.2742182702222 0 0
 316.470803504344 83.1431219634154 0 0
 318.639858608031 72.0567879299784 0 0
 320.808453811712 70.6727627309541 0 0
 322.976595072625 66.3031037037661 0 0
 325.144288348008 56.1085957082822 0 0
 327.311539595099 56.2561414167444 0 0
 329.478354771136 50.0295945262916 0 0
 331.644739833357 40.6899422433183 0 0
 333.810700739 42.3630075229219 0 0
 335.976243445303 35.9694463636201 0 0
 338.141373909504 27.7860842746353 0 0
 340.306098088841 29.4909637800183 0 0
 342.470421940552 23.9630175621454 0 0
 344.634351421875 18.1648749554756 0 0
 346.797892490048 20.6422509955901 0 0
 348.961051102309 15.5104912928909 0 0
 351.123833215896 11.6048326938121 0 0
 353.286244788047 14.4157748496294 0 0
 355.448291776 9.80900603284381 0 0
 357.609980136993 7.34248127125529 0 0
 359.771315828264 11.6393503829652 0 0
 361.932304807051 11.3475719380002 0 0
 364.092953030592 15.1616729594571 0 0
 366.253266456125 19.0918000323035 0 0
 368.413251040888 8.36851858305382 0 0
 370.572912742119 3.90727632291421 0 0
 372.732257517056 6.94620532899829 0 0
 374.891291322937 1.27310356937808 0 0
 377.050020117 1.42547575534603 0 0
 379.208449856483 5.88695166921843 0 0
 381.366586498624 -0.091447629482749 0 0
 383.524436000661 0.792793274906728 0 0
 385.682004319832 5.01581532803666 0 0
 387.839297413375 -0.810524364576025 0 0
 389.996321238528 1.01579512615982 0 0
 392.153081752529 4.43629671560442 0 0
 394.309584912616 -1.41290938091039 0 0
 396.465836676027 1.3561498707528 0 0
 398.621843 4.86884715725798 0 0
 400.777609841773 3.46125190845781 0 0
 402.933143158584 13.7984638869915 0 0
 405.088448907671 18.3037303335432 0 0
 407.243533046272 9.28687704117939 0 0
 409.398401531625 7.28368287200131 0 0
 411.553060320968 7.09652538578963 0 0
 413.707515371539 3.65653385997652 0 0
 415.861772640576 9.30424644051407 0 0
 418.015838085317 13.0951003971635 0 0
 420.169717663 14.51373012283 0 0
 422.323417330863 24.6124580042265 0 0
 424.476943046144 34.019545051217 0 0
 426.630300766081 43.5194540753315 0 0
 428.783496447912 64.6587256415878 0 0
 430.936536048875 91.6686753456767 0 0
 433.089425526208 138.305169205535 0 0
 435.242170837149 196.141487560293 0 0
 437.394777938936 239.201647824716 0 0
 439.547252788807 279.027126504923 0 0
 441.699601344 354.79316584331 0 0
 443.851829561753 445.644122859836 0 0
 446.003943399304 530.760059913256 0 0
 448.155948813891 587.161461129061 0 0
 450.307851762752 582.183933564641 0 0
 452.459658203125 524.010317957266 0 0
 454.611374092248 444.855795221654 0 0
 456.763005387359 362.419715506721 0 0
 458.914558045696 300.146672945647 0 0
 461.066038024497 263.01100944069 0 0
 463.217451281 228.619458705927 0 0
 465.368803772443 198.221740494604 0 0
 467.520101456064 172.905154371805 0 0
 469.671350289101 141.057506452606 0 0
 471.822556228792 117.366196827698 0 0
 473.973725232375 105.132463199176 0 0
 476.124863257088 90.6881344510644 0 0
 478.275976260169 84.9267940155548 0 0
 480.427070198856 85.538665746286 0 0
 482.578151030387 79.4020558595844 0 0
 484.729224712 79.4056273987676 0 0
 486.880297200933 83.5140883334646 0 0
 489.031374454424 81.1603674863616 0 0
 491.182462429711 85.5617784436376 0 0
 493.333567084032 92.9912354869012 0 0
 495.484694374625 93.3344036477873 0 0
 497.635850258728 100.286392367485 0 0
 499.787040693579 107.837116952765 0 0
 501.938271636416 108.206255219989 0 0
 504.089549044477 -NAN 0 0
 506.240878875 -NAN 0 0
 508.392267085223 -NAN 0 0
 510.543719632384 -NAN 0 0
 512.695242473721 -NAN 0 0
 514.846841566472 -NAN 0 0
 516.998522867875 -NAN 0 0
 519.150292335168 -NAN 0 0
 521.302155925589 -NAN 0 0
 523.454119596376 -NAN 0 0
 525.606189304767 -NAN 0 0
 527.758371008 -NAN 0 0
 529.910670663313 -NAN 0 0
 532.063094227944 -NAN 0 0
 534.215647659131 -NAN 0 0
 536.368336914112 -NAN 0 0
 538.521167950125 -NAN 0 0
 540.674146724408 -NAN 0 0
 542.827279194199 -NAN 0 0
 544.980571316736 -NAN 0 0
 547.134029049257 -NAN 0 0
 549.287658349 -NAN 0 0
 551.441465173203 -NAN 0 0
 553.595455479104 -NAN 0 0
 555.749635223941 -NAN 0 0
 557.904010364952 -NAN 0 0
 560.058586859375 -NAN 0 0
 562.213370664448 -NAN 0 0
 564.368367737409 -NAN 0 0
 566.523584035496 -NAN 0 0
 568.679025515947 -NAN 0 0
 570.834698136 -NAN 0 0
 572.990607852893 -NAN 0 0
 575.146760623864 -NAN 0 0
 577.303162406151 -NAN 0 0
 579.459819156992 -NAN 0 0
 581.616736833625 -NAN 0 0
 583.773921393288 -NAN 0 0
 585.931378793219 -NAN 0 0
 588.089114990656 -NAN 0 0
 590.247135942837 -NAN 0 0
 592.405447607 -NAN 0 0
 594.564055940383 -NAN 0 0
 596.722966900224 -NAN 0 0
 598.882186443761 -NAN 0 0
 601.041720528232 -NAN 0 0
 603.201575110875 -NAN 0 0
 605.361756148928 -NAN 0 0
 607.522269599629 -NAN 0 0
 609.683121420216 -NAN 0 0
 611.844317567927 -NAN 0 0
 614.005864 -NAN 0 0
 616.167766673673 -NAN 0 0
 618.330031546184 -NAN 0 0
 620.492664574771 -NAN 0 0
 622.655671716672 -NAN 0 0
 624.819058929125 -NAN 0 0
 626.982832169368 -NAN 0 0
 629.146997394639 -NAN 0 0
 631.311560562176 -NAN 0 0
 633.476527629217 -NAN 0 0
 635.641904553 -NAN 0 0
 637.807697290763 -NAN 0 0
 639.973911799744 -NAN 0 0
 642.140554037181 -NAN 0 0
 644.307629960312 -NAN 0 0
 646.475145526375 -NAN 0 0
 648.643106692608 -NAN 0 0
 650.811519416249 -NAN 0 0
 652.980389654536 -NAN 0 0
 655.149723364707 -NAN 0 0
 657.319526504 -NAN 0 0
 659.489805029653 -NAN 0 0
 661.660564898904 -NAN 0 0
 663.831812068991 -NAN 0 0
 666.003552497152 -NAN 0 0
 668.175792140625 -NAN 0 0
 670.348536956648 -NAN 0 0
 672.521792902459 -NAN 0 0
 674.695565935296 -NAN 0 0
 676.869862012397 -NAN 0 0
 679.044687091 -NAN 0 0
 681.220047128343 -NAN 0 0
 683.395948081664 -NAN 0 0
 685.572395908201 -NAN 0 0
 687.749396565192 -NAN 0 0
 689.926956009875 -NAN 0 0
 692.105080199488 -NAN 0 0
 694.283775091269 -NAN 0 0
 696.463046642456 -NAN 0 0
 698.642900810287 -NAN 0 0
 700.823343552 -NAN 0 0
 703.004380824833 -NAN 0 0
 705.186018586024 -NAN 0 0
 707.368262792811 -NAN 0 0
 709.551119402432 -NAN 0 0
 711.734594372125 -NAN 0 0
 713.918693659128 -NAN 0 0
 716.103423220679 -NAN 0 0
 718.288789014016 -NAN 0 0
 720.474796996377 -NAN 0 0
 722.661453125 -NAN 0 0
 724.848763357123 -NAN 0 0
 727.036733649984 -NAN 0 0
 729.225369960821 -NAN 0 0
 731.414678246872 -NAN 0 0
 733.604664465375 -NAN 0 0
 735.795334573568 -NAN 0 0
[END] of [DATA]
[END] of Spectrum


[Spectrum]
Version            = 1
IDData             = 12ad_2026-06-08_15-51-05_000_947
IDDevice           = SAM_82E6
IDDataType         = SPECTRUM
IDDataTypeSub1     = CALIBRATED
IDDataTypeSub2     = 
IDDataTypeSub3     = 
DateTime           = 2026-06-08 15:51:05
PositionLatitude   = 0
PositionLongitude  = 0
Comment            = 20260608_FrameD
CommentSub1        = UV
CommentSub2        = centre
CommentSub3        = 17cm
IDMethodType       = SAM Control
MethodName         = SAM_82E6
Mission            = No Mission
MissionSub         = 1
RecordType         = 0
[Attributes]
CalFactor = 1
IDBasisSpec = 
IDDataBack = DLAB_2024-11-11_10-40-48_641_639
IDDataCal = DLAB_2024-11-12_11-45-27_171_455
IntegrationTime = 128
P31 = -1
P31e = 0
PathLength = +INF
PathLengthCustomOn = 0
RAWDynamic = 65535
Salinity = 0
Temperature = -NAN
Unit1 = $01 $01 Wavelength nm
Unit2 = $03 $06 Intensity mW/(m^2 nm)
Unit3 = $f0 $06 Error mW/(m^2 nm)
Unit4 = $f1 $00 Status 
p999 = 7419
[END] of [Attributes]
[DATA]
 0 6 0 0
 185.260577530984 -NAN 0 0
 187.468128380571 -NAN 0 0
 189.674861895872 -NAN 0 0
 191.880784034125 -NAN 0 0
 194.085900752568 -NAN 0 0
 196.290218008439 -NAN 0 0
 198.493741758976 -NAN 0 0
 200.696477961417 -NAN 0 0
 202.898432573 -NAN 0 0
 205.099611550963 -NAN 0 0
 207.300020852544 -NAN 0 0
 209.499666434981 -NAN 0 0
 211.698554255512 -NAN 0 0
 213.896690271375 -NAN 0 0
 216.094080439808 -NAN 0 0
 218.290730718049 -NAN 0 0
 220.486647063336 -NAN 0 0
 222.681835432907 -NAN 0 0
 224.876301784 -NAN 0 0
 227.070052073853 -NAN 0 0
 229.263092259704 -NAN 0 0
 231.455428298791 -NAN 0 0
 233.647066148352 -NAN 0 0
 235.838011765625 -NAN 0 0
 238.028271107848 -NAN 0 0
 240.217850132259 -NAN 0 0
 242.406754796096 -NAN 0 0
 244.594991056597 -NAN 0 0
 246.782564871 -NAN 0 0
 248.969482196543 -NAN 0 0
 251.155748990464 -NAN 0 0
 253.341371210001 -NAN 0 0
 255.526354812392 -NAN 0 0
 257.710705754875 -NAN 0 0
 259.894429994688 -NAN 0 0
 262.077533489069 -NAN 0 0
 264.260022195256 -NAN 0 0
 266.441902070487 -NAN 0 0
 268.623179072 -NAN 0 0
 270.803859157033 -NAN 0 0
 272.983948282824 -NAN 0 0
 275.163452406611 -NAN 0 0
 277.342377485632 -NAN 0 0
 279.520729477125 3.11620545710807 0 0
 281.698514338328 3.93579829043279 0 0
 283.875738026479 12.6378723091544 0 0
 286.052406498816 11.9921215655841 0 0
 288.228525712577 16.7521365829685 0 0
 290.404101625 29.7063024921836 0 0
 292.579140193323 32.6403879487145 0 0
 294.753647374784 42.9185873401974 0 0
 296.927629126621 56.1268963800072 0 0
 299.101091406072 59.7298378141873 0 0
 301.274040170375 70.2470288995488 0 0
 303.446481376768 78.4543721150375 0 0
 305.618420982489 79.1515160460576 0 0
 307.789864944776 83.552694864419 0 0
 309.960819220867 90.679464550878 0 0
 312.131289768 89.9230126498544 0 0
 314.301282543413 87.7846473884382 0 0
 316.470803504344 82.6214308089032 0 0
 318.639858608031 70.8591134541741 0 0
 320.808453811712 67.4448370701411 0 0
 322.976595072625 66.0570148474969 0 0
 325.144288348008 54.7125411591277 0 0
 327.311539595099 52.8594359748978 0 0
 329.478354771136 50.0370317177706 0 0
 331.644739833357 39.3915761002621 0 0
 333.810700739 39.6793759326303 0 0
 335.976243445303 36.343037574365 0 0
 338.141373909504 26.2763483791229 0 0
 340.306098088841 27.2256536022918 0 0
 342.470421940552 24.464536518374 0 0
 344.634351421875 16.8130109715287 0 0
 346.797892490048 18.8870584861162 0 0
 348.961051102309 16.2865289344943 0 0
 351.123833215896 10.4417616331407 0 0
 353.286244788047 12.9884150685342 0 0
 355.448291776 10.8212112293462 0 0
 357.609980136993 6.4419183166278 0 0
 359.771315828264 10.3862745985647 0 0
 361.932304807051 12.5389548519757 0 0
 364.092953030592 13.8463671975612 0 0
 366.253266456125 17.9204756202501 0 0
 368.413251040888 9.96754277559893 0 0
 370.572912742119 2.39882861631777 0 0
 372.732257517056 6.2013308490401 0 0
 374.891291322937 3.09485688155601 0 0
 377.050020117 0.0419024397256215 0 0
 379.208449856483 5.4909091792476 0 0
 381.366586498624 1.77264976774267 0 0
 383.524436000661 -0.760613279849239 0 0
 385.682004319832 5.07413192890563 0 0
 387.839297413375 0.803288731298963 0 0
 389.996321238528 -0.570053660853559 0 0
 392.153081752529 4.89282544405689 0 0
 394.309584912616 0.164818360725333 0 0
 396.465836676027 -0.280383967966133 0 0
 398.621843 5.47256356684099 0 0
 400.777609841773 4.49775239475466 0 0
 402.933143158584 11.888617950473 0 0
 405.088448907671 18.663666030968 0 0
 407.243533046272 10.0198755429308 0 0
 409.398401531625 5.43316538619479 0 0
 411.553060320968 7.71749112420018 0 0
 413.707515371539 4.31095453319021 0 0
 415.861772640576 7.63759316254791 0 0
 418.015838085317 13.8785383816658 0 0
 420.169717663 14.9782275291423 0 0
 422.323417330863 23.1338120351571 0 0
 424.476943046144 34.5831971730315 0 0
 426.630300766081 43.7257563358955 0 0
 428.783496447912 63.1304237544141 0 0
 430.936536048875 92.0139392493399 0 0
 433.089425526208 137.755444986866 0 0
 435.242170837149 193.743043058748 0 0
 437.394777938936 238.975445036873 0 0
 439.547252788807 278.303242998035 0 0
 441.699601344 353.214200521264 0 0
 443.851829561753 446.28111001382 0 0
 446.003943399304 530.363934752294 0 0
 448.155948813891 585.570703450648 0 0
 450.307851762752 582.983842015641 0 0
 452.459658203125 523.197944266991 0 0
 454.611374092248 443.371355189237 0 0
 456.763005387359 363.53166771116 0 0
 458.914558045696 299.199541489823 0 0
 461.066038024497 261.493885848201 0 0
 463.217451281 229.82117038498 0 0
 465.368803772443 197.106031192267 0 0
 467.520101456064 171.503187691717 0 0
 469.671350289101 142.212532877507 0 0
 471.822556228792 116.053411815774 0 0
 473.973725232375 104.127165161887 0 0
 476.124863257088 92.3078631703207 0 0
 478.275976260169 83.4721730642284 0 0
 480.427070198856 84.8425062912885 0 0
 482.578151030387 81.1153421026635 0 0
 484.729224712 77.9628066361317 0 0
 486.880297200933 83.2780628462757 0 0
 489.031374454424 82.6765178989672 0 0
 491.182462429711 84.1802210496297 0 0
 493.333567084032 93.0970019820934 0 0
 495.484694374625 94.9736207174978 0 0
 497.635850258728 98.6725122583426 0 0
 499.787040693579 108.194796033265 0 0
 501.938271636416 109.490194256622 0 0
 504.089549044477 -NAN 0 0
 506.240878875 -NAN 0 0
 508.392267085223 -NAN 0 0
 510.543719632384 -NAN 0 0
 512.695242473721 -NAN 0 0
 514.846841566472 -NAN 0 0
 516.998522867875 -NAN 0 0
 519.150292335168 -NAN 0 0
 521.302155925589 -NAN 0 0
 523.454119596376 -NAN 0 0
 525.606189304767 -NAN 0 0
 527.758371008 -NAN 0 0
 529.910670663313 -NAN 0 0
 532.063094227944 -NAN 0 0
 534.215647659131 -NAN 0 0
 536.368336914112 -NAN 0 0
 538.521167950125 -NAN 0 0
 540.674146724408 -NAN 0 0
 542.827279194199 -NAN 0 0
 544.980571316736 -NAN 0 0
 547.134029049257 -NAN 0 0
 549.287658349 -NAN 0 0
 551.441465173203 -NAN 0 0
 553.595455479104 -NAN 0 0
 555.749635223941 -NAN 0 0
 557.904010364952 -NAN 0 0
 560.058586859375 -NAN 0 0
 562.213370664448 -NAN 0 0
 564.368367737409 -NAN 0 0
 566.523584035496 -NAN 0 0
 568.679025515947 -NAN 0 0
 570.834698136 -NAN 0 0
 572.990607852893 -NAN 0 0
 575.146760623864 -NAN 0 0
 577.303162406151 -NAN 0 0
 579.459819156992 -NAN 0 0
 581.616736833625 -NAN 0 0
 583.773921393288 -NAN 0 0
 585.931378793219 -NAN 0 0
 588.089114990656 -NAN 0 0
 590.247135942837 -NAN 0 0
 592.405447607 -NAN 0 0
 594.564055940383 -NAN 0 0
 596.722966900224 -NAN 0 0
 598.882186443761 -NAN 0 0
 601.041720528232 -NAN 0 0
 603.201575110875 -NAN 0 0
 605.361756148928 -NAN 0 0
 607.522269599629 -NAN 0 0
 609.683121420216 -NAN 0 0
 611.844317567927 -NAN 0 0
 614.005864 -NAN 0 0
 616.167766673673 -NAN 0 0
 618.330031546184 -NAN 0 0
 620.492664574771 -NAN 0 0
 622.655671716672 -NAN 0 0
 624.819058929125 -NAN 0 0
 626.982832169368 -NAN 0 0
 629.146997394639 -NAN 0 0
 631.311560562176 -NAN 0 0
 633.476527629217 -NAN 0 0
 635.641904553 -NAN 0 0
 637.807697290763 -NAN 0 0
 639.973911799744 -NAN 0 0
 642.140554037181 -NAN 0 0
 644.307629960312 -NAN 0 0
 646.475145526375 -NAN 0 0
 648.643106692608 -NAN 0 0
 650.811519416249 -NAN 0 0
 652.980389654536 -NAN 0 0
 655.149723364707 -NAN 0 0
 657.319526504 -NAN 0 0
 659.489805029653 -NAN 0 0
 661.660564898904 -NAN 0 0
 663.831812068991 -NAN 0 0
 666.003552497152 -NAN 0 0
 668.175792140625 -NAN 0 0
 670.348536956648 -NAN 0 0
 672.521792902459 -NAN 0 0
 674.695565935296 -NAN 0 0
 676.869862012397 -NAN 0 0
 679.044687091 -NAN 0 0
 681.220047128343 -NAN 0 0
 683.395948081664 -NAN 0 0
 685.572395908201 -NAN 0 0
 687.749396565192 -NAN 0 0
 689.926956009875 -NAN 0 0
 692.105080199488 -NAN 0 0
 694.283775091269 -NAN 0 0
 696.463046642456 -NAN 0 0
 698.642900810287 -NAN 0 0
 700.823343552 -NAN 0 0
 703.004380824833 -NAN 0 0
 705.186018586024 -NAN 0 0
 707.368262792811 -NAN 0 0
 709.551119402432 -NAN 0 0
 711.734594372125 -NAN 0 0
 713.918693659128 -NAN 0 0
 716.103423220679 -NAN 0 0
 718.288789014016 -NAN 0 0
 720.474796996377 -NAN 0 0
 722.661453125 -NAN 0 0
 724.848763357123 -NAN 0 0
 727.036733649984 -NAN 0 0
 729.225369960821 -NAN 0 0
 731.414678246872 -NAN 0 0
 733.604664465375 -NAN 0 0
 735.795334573568 -NAN 0 0
[END] of [DATA]
[END] of Spectrum


[Spectrum]
Version            = 1
IDData             = 12ad_2026-06-08_15-51-00_000_944
IDDevice           = SAM_82E6
IDDataType         = SPECTRUM
IDDataTypeSub1     = CALIBRATED
IDDataTypeSub2     = 
IDDataTypeSub3     = 
DateTime           = 2026-06-08 15:51:00
PositionLatitude   = 0
PositionLongitude  = 0
Comment            = 20260608_FrameD
CommentSub1        = UV
CommentSub2        = centre
CommentSub3        = 17cm
IDMethodType       = SAM Control
MethodName         = SAM_82E6
Mission            = No Mission
MissionSub         = 1
RecordType         = 0
[Attributes]
CalFactor = 1
IDBasisSpec = 
IDDataBack = DLAB_2024-11-11_10-40-48_641_639
IDDataCal = DLAB_2024-11-12_11-45-27_171_455
IntegrationTime = 128
P31 = -1
P31e = 0
PathLength = +INF
PathLengthCustomOn = 0
RAWDynamic = 65535
Salinity = 0
Temperature = -NAN
Unit1 = $01 $01 Wavelength nm
Unit2 = $03 $06 Intensity mW/(m^2 nm)
Unit3 = $f0 $06 Error mW/(m^2 nm)
Unit4 = $f1 $00 Status 
p999 = 7418
[END] of [Attributes]
[DATA]
 0 6 0 0
 185.260577530984 -NAN 0 0
 187.468128380571 -NAN 0 0
 189.674861895872 -NAN 0 0
 191.880784034125 -NAN 0 0
 194.085900752568 -NAN 0 0
 196.290218008439 -NAN 0 0
 198.493741758976 -NAN 0 0
 200.696477961417 -NAN 0 0
 202.898432573 -NAN 0 0
 205.099611550963 -NAN 0 0
 207.300020852544 -NAN 0 0
 209.499666434981 -NAN 0 0
 211.698554255512 -NAN 0 0
 213.896690271375 -NAN 0 0
 216.094080439808 -NAN 0 0
 218.290730718049 -NAN 0 0
 220.486647063336 -NAN 0 0
 222.681835432907 -NAN 0 0
 224.876301784 -NAN 0 0
 227.070052073853 -NAN 0 0
 229.263092259704 -NAN 0 0
 231.455428298791 -NAN 0 0
 233.647066148352 -NAN 0 0
 235.838011765625 -NAN 0 0
 238.028271107848 -NAN 0 0
 240.217850132259 -NAN 0 0
 242.406754796096 -NAN 0 0
 244.594991056597 -NAN 0 0
 246.782564871 -NAN 0 0
 248.969482196543 -NAN 0 0
 251.155748990464 -NAN 0 0
 253.341371210001 -NAN 0 0
 255.526354812392 -NAN 0 0
 257.710705754875 -NAN 0 0
 259.894429994688 -NAN 0 0
 262.077533489069 -NAN 0 0
 264.260022195256 -NAN 0 0
 266.441902070487 -NAN 0 0
 268.623179072 -NAN 0 0
 270.803859157033 -NAN 0 0
 272.983948282824 -NAN 0 0
 275.163452406611 -NAN 0 0
 277.342377485632 -NAN 0 0
 279.520729477125 1.81111032147181 0 0
 281.698514338328 9.01389853993721 0 0
 283.875738026479 7.77727888550997 0 0
 286.052406498816 11.0193666890481 0 0
 288.228525712577 21.8009732766223 0 0
 290.404101625 23.9422054319886 0 0
 292.579140193323 31.8989573352757 0 0
 294.753647374784 47.0521942024823 0 0
 296.927629126621 50.2255769251039 0 0
 299.101091406072 59.2102461837298 0 0
 301.274040170375 72.4563380692102 0 0
 303.446481376768 72.8667384732421 0 0
 305.618420982489 78.547126425824 0 0
 307.789864944776 84.9529565558973 0 0
 309.960819220867 84.7420879216034 0 0
 312.131289768 89.6957118647568 0 0
 314.301282543413 89.119544880037 0 0
 316.470803504344 76.1949777111652 0 0
 318.639858608031 71.8496712913055 0 0
 320.808453811712 68.8291845700362 0 0
 322.976595072625 59.0652788853799 0 0
 325.144288348008 57.0975278346223 0 0
 327.311539595099 53.9882504721882 0 0
 329.478354771136 43.1769662975299 0 0
 331.644739833357 42.503509546903 0 0
 333.810700739 40.046469498208 0 0
 335.976243445303 30.0050699523889 0 0
 338.141373909504 30.214301356813 0 0
 340.306098088841 27.3423801902394 0 0
 342.470421940552 19.132460304894 0 0
 344.634351421875 20.9956152604658 0 0
 346.797892490048 18.4038671552217 0 0
 348.961051102309 11.951820915523 0 0
 351.123833215896 14.2052312250341 0 0
 353.286244788047 12.0419305078079 0 0
 355.448291776 7.09939403498032 0 0
 357.609980136993 10.1962271381783 0 0
 359.771315828264 9.08479674523882 0 0
 361.932304807051 9.0559441578463 0 0
 364.092953030592 18.1095384910539 0 0
 366.253266456125 15.9818928445684 0 0
 368.413251040888 6.62401834569793 0 0
 370.572912742119 7.57100817981831 0 0
 372.732257517056 3.68362901660697 0 0
 374.891291322937 0.209629864630672 0 0
 377.050020117 5.62309649256726 0 0
 379.208449856483 2.03428391342445 0 0
 381.366586498624 -0.624248780926253 0 0
 383.524436000661 5.24551307001234 0 0
 385.682004319832 0.844044831726703 0 0
 387.839297413375 -0.860114758215732 0 0
 389.996321238528 4.91088696529897 0 0
 392.153081752529 0.216528134376639 0 0
 394.309584912616 -0.69972735076736 0 0
 396.465836676027 4.83730839724843 0 0
 398.621843 0.762248722841633 0 0
 400.777609841773 4.44573229506598 0 0
 402.933143158584 16.1265242621636 0 0
 405.088448907671 13.5508592982638 0 0
 407.243533046272 10.1861961105891 0 0
 409.398401531625 9.07920045730089 0 0
 411.553060320968 3.48433569965365 0 0
 413.707515371539 5.20402131900208 0 0
 415.861772640576 10.6463462938671 0 0
 418.015838085317 9.99968482226028 0 0
 420.169717663 16.1494042888462 0 0
 422.323417330863 25.2561038966449 0 0
 424.476943046144 30.9687224643246 0 0
 426.630300766081 45.229432226701 0 0
 428.783496447912 64.8113029397557 0 0
 430.936536048875 88.6881991176345 0 0
 433.089425526208 138.976334709624 0 0
 435.242170837149 194.085107119615 0 0
 437.394777938936 234.828660360808 0 0
 439.547252788807 280.221736493385 0 0
 441.699601344 354.083823275415 0 0
 443.851829561753 443.249352495123 0 0
 446.003943399304 532.993932041271 0 0
 448.155948813891 586.13576023217 0 0
 450.307851762752 579.506449696523 0 0
 452.459658203125 526.512280713744 0 0
 454.611374092248 443.521606006099 0 0
 456.763005387359 359.907816453147 0 0
 458.914558045696 303.039964927139 0 0
 461.066038024497 261.178030701343 0 0
 463.217451281 226.507894450512 0 0
 465.368803772443 201.224761275256 0 0
 467.520101456064 170.554262956379 0 0
 469.671350289101 139.168545710852 0 0
 471.822556228792 120.554701307115 0 0
 473.973725232375 102.557006343515 0 0
 476.124863257088 89.4138297648962 0 0
 478.275976260169 88.2883130207208 0 0
 480.427070198856 82.9133092095993 0 0
 482.578151030387 78.6999991515083 0 0
 484.729224712 82.7058982834026 0 0
 486.880297200933 80.5553802120682 0 0
 489.031374454424 80.7788122902741 0 0
 491.182462429711 88.7794557695363 0 0
 493.333567084032 89.9262337893833 0 0
 495.484694374625 93.6542778767855 0 0
 497.635850258728 103.111505406942 0 0
 499.787040693579 104.668015069314 0 0
 501.938271636416 108.711005771691 0 0
 504.089549044477 -NAN 0 0
 506.240878875 -NAN 0 0
 508.392267085223 -NAN 0 0
 510.543719632384 -NAN 0 0
 512.695242473721 -NAN 0 0
 514.846841566472 -NAN 0 0
 516.998522867875 -NAN 0 0
 519.150292335168 -NAN 0 0
 521.302155925589 -NAN 0 0
 523.454119596376 -NAN 0 0
 525.606189304767 -NAN 0 0
 527.758371008 -NAN 0 0
 529.910670663313 -NAN 0 0
 532.063094227944 -NAN 0 0
 534.215647659131 -NAN 0 0
 536.368336914112 -NAN 0 0
 538.521167950125 -NAN 0 0
 540.674146724408 -NAN 0 0
 542.827279194199 -NAN 0 0
 544.980571316736 -NAN 0 0
 547.134029049257 -NAN 0 0
 549.287658349 -NAN 0 0
 551.441465173203 -NAN 0 0
 553.595455479104 -NAN 0 0
 555.749635223941 -NAN 0 0
 557.904010364952 -NAN 0 0
 560.058586859375 -NAN 0 0
 562.213370664448 -NAN 0 0
 564.368367737409 -NAN 0 0
 566.523584035496 -NAN 0 0
 568.679025515947 -NAN 0 0
 570.834698136 -NAN 0 0
 572.990607852893 -NAN 0 0
 575.146760623864 -NAN 0 0
 577.303162406151 -NAN 0 0
 579.459819156992 -NAN 0 0
 581.616736833625 -NAN 0 0
 583.773921393288 -NAN 0 0
 585.931378793219 -NAN 0 0
 588.089114990656 -NAN 0 0
 590.247135942837 -NAN 0 0
 592.405447607 -NAN 0 0
 594.564055940383 -NAN 0 0
 596.722966900224 -NAN 0 0
 598.882186443761 -NAN 0 0
 601.041720528232 -NAN 0 0
 603.201575110875 -NAN 0 0
 605.361756148928 -NAN 0 0
 607.522269599629 -NAN 0 0
 609.683121420216 -NAN 0 0
 611.844317567927 -NAN 0 0
 614.005864 -NAN 0 0
 616.167766673673 -NAN 0 0
 618.330031546184 -NAN 0 0
 620.492664574771 -NAN 0 0
 622.655671716672 -NAN 0 0
 624.819058929125 -NAN 0 0
 626.982832169368 -NAN 0 0
 629.146997394639 -NAN 0 0
 631.311560562176 -NAN 0 0
 633.476527629217 -NAN 0 0
 635.641904553 -NAN 0 0
 637.807697290763 -NAN 0 0
 639.973911799744 -NAN 0 0
 642.140554037181 -NAN 0 0
 644.307629960312 -NAN 0 0
 646.475145526375 -NAN 0 0
 648.643106692608 -NAN 0 0
 650.811519416249 -NAN 0 0
 652.980389654536 -NAN 0 0
 655.149723364707 -NAN 0 0
 657.319526504 -NAN 0 0
 659.489805029653 -NAN 0 0
 661.660564898904 -NAN 0 0
 663.831812068991 -NAN 0 0
 666.003552497152 -NAN 0 0
 668.175792140625 -NAN 0 0
 670.348536956648 -NAN 0 0
 672.521792902459 -NAN 0 0
 674.695565935296 -NAN 0 0
 676.869862012397 -NAN 0 0
 679.044687091 -NAN 0 0
 681.220047128343 -NAN 0 0
 683.395948081664 -NAN 0 0
 685.572395908201 -NAN 0 0
 687.749396565192 -NAN 0 0
 689.926956009875 -NAN 0 0
 692.105080199488 -NAN 0 0
 694.283775091269 -NAN 0 0
 696.463046642456 -NAN 0 0
 698.642900810287 -NAN 0 0
 700.823343552 -NAN 0 0
 703.004380824833 -NAN 0 0
 705.186018586024 -NAN 0 0
 707.368262792811 -NAN 0 0
 709.551119402432 -NAN 0 0
 711.734594372125 -NAN 0 0
 713.918693659128 -NAN 0 0
 716.103423220679 -NAN 0 0
 718.288789014016 -NAN 0 0
 720.474796996377 -NAN 0 0
 722.661453125 -NAN 0 0
 724.848763357123 -NAN 0 0
 727.036733649984 -NAN 0 0
 729.225369960821 -NAN 0 0
 731.414678246872 -NAN 0 0
 733.604664465375 -NAN 0 0
 735.795334573568 -NAN 0 0
[END] of [DATA]
[END] of Spectrum


[Spectrum]
Version            = 1
IDData             = 12ad_2026-06-08_15-50-55_000_941
IDDevice           = SAM_82E6
IDDataType         = SPECTRUM
IDDataTypeSub1     = CALIBRATED
IDDataTypeSub2     = 
IDDataTypeSub3     = 
DateTime           = 2026-06-08 15:50:55
PositionLatitude   = 0
PositionLongitude  = 0
Comment            = 20260608_FrameD
CommentSub1        = UV
CommentSub2        = centre
CommentSub3        = 17cm
IDMethodType       = SAM Control
MethodName         = SAM_82E6
Mission            = No Mission
MissionSub         = 1
RecordType         = 0
[Attributes]
CalFactor = 1
IDBasisSpec = 
IDDataBack = DLAB_2024-11-11_10-40-48_641_639
IDDataCal = DLAB_2024-11-12_11-45-27_171_455
IntegrationTime = 128
P31 = -1
P31e = 0
PathLength = +INF
PathLengthCustomOn = 0
RAWDynamic = 65535
Salinity = 0
Temperature = -NAN
Unit1 = $01 $01 Wavelength nm
Unit2 = $03 $06 Intensity mW/(m^2 nm)
Unit3 = $f0 $06 Error mW/(m^2 nm)
Unit4 = $f1 $00 Status 
p999 = 7417
[END] of [Attributes]
[DATA]
 0 6 0 0
 185.260577530984 -NAN 0 0
 187.468128380571 -NAN 0 0
 189.674861895872 -NAN 0 0
 191.880784034125 -NAN 0 0
 194.085900752568 -NAN 0 0
 196.290218008439 -NAN 0 0
 198.493741758976 -NAN 0 0
 200.696477961417 -NAN 0 0
 202.898432573 -NAN 0 0
 205.099611550963 -NAN 0 0
 207.300020852544 -NAN 0 0
 209.499666434981 -NAN 0 0
 211.698554255512 -NAN 0 0
 213.896690271375 -NAN 0 0
 216.094080439808 -NAN 0 0
 218.290730718049 -NAN 0 0
 220.486647063336 -NAN 0 0
 222.681835432907 -NAN 0 0
 224.876301784 -NAN 0 0
 227.070052073853 -NAN 0 0
 229.263092259704 -NAN 0 0
 231.455428298791 -NAN 0 0
 233.647066148352 -NAN 0 0
 235.838011765625 -NAN 0 0
 238.028271107848 -NAN 0 0
 240.217850132259 -NAN 0 0
 242.406754796096 -NAN 0 0
 244.594991056597 -NAN 0 0
 246.782564871 -NAN 0 0
 248.969482196543 -NAN 0 0
 251.155748990464 -NAN 0 0
 253.341371210001 -NAN 0 0
 255.526354812392 -NAN 0 0
 257.710705754875 -NAN 0 0
 259.894429994688 -NAN 0 0
 262.077533489069 -NAN 0 0
 264.260022195256 -NAN 0 0
 266.441902070487 -NAN 0 0
 268.623179072 -NAN 0 0
 270.803859157033 -NAN 0 0
 272.983948282824 -NAN 0 0
 275.163452406611 -NAN 0 0
 277.342377485632 -NAN 0 0
 279.520729477125 6.98167807258036 0 0
 281.698514338328 3.40497730657626 0 0
 283.875738026479 8.04841018630593 0 0
 286.052406498816 16.080595792935 0 0
 288.228525712577 15.1647043875745 0 0
 290.404101625 24.640178839883 0 0
 292.579140193323 36.000788295555 0 0
 294.753647374784 39.8745006972432 0 0
 296.927629126621 51.109251266888 0 0
 299.101091406072 61.4983561160194 0 0
 301.274040170375 65.7239789293072 0 0
 303.446481376768 73.5286043815548 0 0
 305.618420982489 79.740849697104 0 0
 307.789864944776 78.3279016217121 0 0
 309.960819220867 85.7276881192551 0 0
 312.131289768 90.3371051692402 0 0
 314.301282543413 82.142728721855 0 0
 316.470803504344 78.3868136156029 0 0
 318.639858608031 72.4671618910756 0 0
 320.808453811712 61.7530390801881 0 0
 322.976595072625 63.0561370230484 0 0
 325.144288348008 57.4526771821838 0 0
 327.311539595099 47.0130564746457 0 0
 329.478354771136 48.4692717539949 0 0
 331.644739833357 42.6545167836096 0 0
 333.810700739 33.936137890528 0 0
 335.976243445303 35.962178052127 0 0
 338.141373909504 29.7761268457433 0 0
 340.306098088841 22.1792646024194 0 0
 342.470421940552 24.8992735770369 0 0
 344.634351421875 19.8336410082175 0 0
 346.797892490048 14.439282285233 0 0
 348.961051102309 17.2950309068911 0 0
 351.123833215896 12.8283521060487 0 0
 353.286244788047 9.11088154555899 0 0
 355.448291776 12.262608639881 0 0
 357.609980136993 8.37796804548213 0 0
 359.771315828264 6.58079637950113 0 0
 361.932304807051 14.4056377586655 0 0
 364.092953030592 15.4608626821201 0 0
 366.253266456125 13.7887251019598 0 0
 368.413251040888 12.1812032574696 0 0
 370.572912742119 4.1496829901691 0 0
 372.732257517056 1.79730940536433 0 0
 374.891291322937 6.46947002809963 0 0
 377.050020117 1.12062061800594 0 0
 379.208449856483 0.892338076618101 0 0
 381.366586498624 5.59977315795224 0 0
 383.524436000661 -0.00736033015055351 0 0
 385.682004319832 0.528281773362976 0 0
 387.839297413375 5.20124821294599 0 0
 389.996321238528 -0.609383834490739 0 0
 392.153081752529 0.607838473050178 0 0
 394.309584912616 4.4711832769618 0 0
 396.465836676027 -0.946274684951027 0 0
 398.621843 1.70961908864883 0 0
 400.777609841773 8.72178448947504 0 0
 402.933143158584 10.1878792332813 0 0
 405.088448907671 15.0028865827559 0 0
 407.243533046272 13.6646719827578 0 0
 409.398401531625 3.99858464797203 0 0
 411.553060320968 5.52260334544885 0 0
 413.707515371539 8.23323597491505 0 0
 415.861772640576 6.15771119497233 0 0
 418.015838085317 12.541680591298 0 0
 420.169717663 18.3574225094834 0 0
 422.323417330863 21.3942285421343 0 0
 424.476943046144 33.8393539004637 0 0
 426.630300766081 46.7158443300116 0 0
 428.783496447912 61.4377430100981 0 0
 430.936536048875 91.5903935536767 0 0
 433.089425526208 139.39409273147 0 0
 435.242170837149 189.965952517495 0 0
 437.394777938936 237.240957229036 0 0
 439.547252788807 280.580847417473 0 0
 441.699601344 350.971921813018 0 0
 443.851829561753 446.528873742571 0 0
 446.003943399304 533.142799812346 0 0
 448.155948813891 583.208695910501 0 0
 450.307851762752 583.737757985243 0 0
 452.459658203125 526.289966362928 0 0
 454.611374092248 440.742916848686 0 0
 456.763005387359 364.611403565514 0 0
 458.914558045696 302.333358951666 0 0
 461.066038024497 258.567640745696 0 0
 463.217451281 231.418605616081 0 0
 465.368803772443 199.565447156737 0 0
 467.520101456064 168.176596012304 0 0
 469.671350289101 144.403510838143 0 0
 471.822556228792 118.285474259028 0 0
 473.973725232375 100.48915342563 0 0
 476.124863257088 94.7878305873639 0 0
 478.275976260169 85.2812814742814 0 0
 480.427070198856 81.2425265176053 0 0
 482.578151030387 83.8365094385769 0 0
 484.729224712 79.2391050954114 0 0
 486.880297200933 79.5821945539908 0 0
 489.031374454424 85.706580863791 0 0
 491.182462429711 84.7922610269267 0 0
 493.333567084032 89.5387944175213 0 0
 495.484694374625 98.2099952697149 0 0
 497.635850258728 98.8787729385049 0 0
 499.787040693579 104.759337387739 0 0
 501.938271636416 112.927663898707 0 0
 504.089549044477 -NAN 0 0
 506.240878875 -NAN 0 0
 508.392267085223 -NAN 0 0
 510.543719632384 -NAN 0 0
 512.695242473721 -NAN 0 0
 514.846841566472 -NAN 0 0
 516.998522867875 -NAN 0 0
 519.150292335168 -NAN 0 0
 521.302155925589 -NAN 0 0
 523.454119596376 -NAN 0 0
 525.606189304767 -NAN 0 0
 527.758371008 -NAN 0 0
 529.910670663313 -NAN 0 0
 532.063094227944 -NAN 0 0
 534.215647659131 -NAN 0 0
 536.368336914112 -NAN 0 0
 538.521167950125 -NAN 0 0
 540.674146724408 -NAN 0 0
 542.827279194199 -NAN 0 0
 544.980571316736 -NAN 0 0
 547.134029049257 -NAN 0 0
 549.287658349 -NAN 0 0
 551.441465173203 -NAN 0 0
 553.595455479104 -NAN 0 0
 555.749635223941 -NAN 0 0
 557.904010364952 -NAN 0 0
 560.058586859375 -NAN 0 0
 562.213370664448 -NAN 0 0
 564.368367737409 -NAN 0 0
 566.523584035496 -NAN 0 0
 568.679025515947 -NAN 0 0
 570.834698136 -NAN 0 0
 572.990607852893 -NAN 0 0
 575.146760623864 -NAN 0 0
 577.303162406151 -NAN 0 0
 579.459819156992 -NAN 0 0
 581.616736833625 -NAN 0 0
 583.773921393288 -NAN 0 0
 585.931378793219 -NAN 0 0
 588.089114990656 -NAN 0 0
 590.247135942837 -NAN 0 0
 592.405447607 -NAN 0 0
 594.564055940383 -NAN 0 0
 596.722966900224 -NAN 0 0
 598.882186443761 -NAN 0 0
 601.041720528232 -NAN 0 0
 603.201575110875 -NAN 0 0
 605.361756148928 -NAN 0 0
 607.522269599629 -NAN 0 0
 609.683121420216 -NAN 0 0
 611.844317567927 -NAN 0 0
 614.005864 -NAN 0 0
 616.167766673673 -NAN 0 0
 618.330031546184 -NAN 0 0
 620.492664574771 -NAN 0 0
 622.655671716672 -NAN 0 0
 624.819058929125 -NAN 0 0
 626.982832169368 -NAN 0 0
 629.146997394639 -NAN 0 0
 631.311560562176 -NAN 0 0
 633.476527629217 -NAN 0 0
 635.641904553 -NAN 0 0
 637.807697290763 -NAN 0 0
 639.973911799744 -NAN 0 0
 642.140554037181 -NAN 0 0
 644.307629960312 -NAN 0 0
 646.475145526375 -NAN 0 0
 648.643106692608 -NAN 0 0
 650.811519416249 -NAN 0 0
 652.980389654536 -NAN 0 0
 655.149723364707 -NAN 0 0
 657.319526504 -NAN 0 0
 659.489805029653 -NAN 0 0
 661.660564898904 -NAN 0 0
 663.831812068991 -NAN 0 0
 666.003552497152 -NAN 0 0
 668.175792140625 -NAN 0 0
 670.348536956648 -NAN 0 0
 672.521792902459 -NAN 0 0
 674.695565935296 -NAN 0 0
 676.869862012397 -NAN 0 0
 679.044687091 -NAN 0 0
 681.220047128343 -NAN 0 0
 683.395948081664 -NAN 0 0
 685.572395908201 -NAN 0 0
 687.749396565192 -NAN 0 0
 689.926956009875 -NAN 0 0
 692.105080199488 -NAN 0 0
 694.283775091269 -NAN 0 0
 696.463046642456 -NAN 0 0
 698.642900810287 -NAN 0 0
 700.823343552 -NAN 0 0
 703.004380824833 -NAN 0 0
 705.186018586024 -NAN 0 0
 707.368262792811 -NAN 0 0
 709.551119402432 -NAN 0 0
 711.734594372125 -NAN 0 0
 713.918693659128 -NAN 0 0
 716.103423220679 -NAN 0 0
 718.288789014016 -NAN 0 0
 720.474796996377 -NAN 0 0
 722.661453125 -NAN 0 0
 724.848763357123 -NAN 0 0
 727.036733649984 -NAN 0 0
 729.225369960821 -NAN 0 0
 731.414678246872 -NAN 0 0
 733.604664465375 -NAN 0 0
 735.795334573568 -NAN 0 0
[END] of [DATA]
[END] of Spectrum


[Spectrum]
Version            = 1
IDData             = 12ad_2026-06-08_15-50-50_000_938
IDDevice           = SAM_82E6
IDDataType         = SPECTRUM
IDDataTypeSub1     = CALIBRATED
IDDataTypeSub2     = 
IDDataTypeSub3     = 
DateTime           = 2026-06-08 15:50:50
PositionLatitude   = 0
PositionLongitude  = 0
Comment            = 20260608_FrameD
CommentSub1        = UV
CommentSub2        = centre
CommentSub3        = 17cm
IDMethodType       = SAM Control
MethodName         = SAM_82E6
Mission            = No Mission
MissionSub         = 1
RecordType         = 0
[Attributes]
CalFactor = 1
IDBasisSpec = 
IDDataBack = DLAB_2024-11-11_10-40-48_641_639
IDDataCal = DLAB_2024-11-12_11-45-27_171_455
IntegrationTime = 128
P31 = -1
P31e = 0
PathLength = +INF
PathLengthCustomOn = 0
RAWDynamic = 65535
Salinity = 0
Temperature = -NAN
Unit1 = $01 $01 Wavelength nm
Unit2 = $03 $06 Intensity mW/(m^2 nm)
Unit3 = $f0 $06 Error mW/(m^2 nm)
Unit4 = $f1 $00 Status 
p999 = 7416
[END] of [Attributes]
[DATA]
 0 6 0 0
 185.260577530984 -NAN 0 0
 187.468128380571 -NAN 0 0
 189.674861895872 -NAN 0 0
 191.880784034125 -NAN 0 0
 194.085900752568 -NAN 0 0
 196.290218008439 -NAN 0 0
 198.493741758976 -NAN 0 0
 200.696477961417 -NAN 0 0
 202.898432573 -NAN 0 0
 205.099611550963 -NAN 0 0
 207.300020852544 -NAN 0 0
 209.499666434981 -NAN 0 0
 211.698554255512 -NAN 0 0
 213.896690271375 -NAN 0 0
 216.094080439808 -NAN 0 0
 218.290730718049 -NAN 0 0
 220.486647063336 -NAN 0 0
 222.681835432907 -NAN 0 0
 224.876301784 -NAN 0 0
 227.070052073853 -NAN 0 0
 229.263092259704 -NAN 0 0
 231.455428298791 -NAN 0 0
 233.647066148352 -NAN 0 0
 235.838011765625 -NAN 0 0
 238.028271107848 -NAN 0 0
 240.217850132259 -NAN 0 0
 242.406754796096 -NAN 0 0
 244.594991056597 -NAN 0 0
 246.782564871 -NAN 0 0
 248.969482196543 -NAN 0 0
 251.155748990464 -NAN 0 0
 253.341371210001 -NAN 0 0
 255.526354812392 -NAN 0 0
 257.710705754875 -NAN 0 0
 259.894429994688 -NAN 0 0
 262.077533489069 -NAN 0 0
 264.260022195256 -NAN 0 0
 266.441902070487 -NAN 0 0
 268.623179072 -NAN 0 0
 270.803859157033 -NAN 0 0
 272.983948282824 -NAN 0 0
 275.163452406611 -NAN 0 0
 277.342377485632 -NAN 0 0
 279.520729477125 0.576998413632557 0 0
 281.698514338328 6.77686725082751 0 0
 283.875738026479 10.4702340449783 0 0
 286.052406498816 8.97948519422283 0 0
 288.228525712577 19.0917365604761 0 0
 290.404101625 26.0608455472015 0 0
 292.579140193323 28.8528897389996 0 0
 294.753647374784 43.6755027689535 0 0
 296.927629126621 51.0241849150209 0 0
 299.101091406072 55.133358642916 0 0
 301.274040170375 68.820956961779 0 0
 303.446481376768 72.2758647828177 0 0
 305.618420982489 73.6485593080939 0 0
 307.789864944776 81.1615609683602 0 0
 309.960819220867 83.4376806424744 0 0
 312.131289768 84.2258647540663 0 0
 314.301282543413 85.5183449397221 0 0
 316.470803504344 75.7979059893468 0 0
 318.639858608031 66.8467109944175 0 0
 320.808453811712 66.8391850389371 0 0
 322.976595072625 59.6460485861752 0 0
 325.144288348008 52.262588139567 0 0
 327.311539595099 53.2743119524734 0 0
 329.478354771136 44.2464344322118 0 0
 331.644739833357 38.0517569902669 0 0
 333.810700739 40.364715936108 0 0
 335.976243445303 31.2595805160966 0 0
 338.141373909504 26.1429298581241 0 0
 340.306098088841 28.1961130253442 0 0
 342.470421940552 20.4039352565858 0 0
 344.634351421875 17.598978404056 0 0
 346.797892490048 19.5550705010777 0 0
 348.961051102309 12.7625547259016 0 0
 351.123833215896 11.3428898370295 0 0
 353.286244788047 13.4540244088914 0 0
 355.448291776 7.67918000832229 0 0
 357.609980136993 7.63160374182535 0 0
 359.771315828264 10.5164223838973 0 0
 361.932304807051 9.35131927661074 0 0
 364.092953030592 15.2023176010264 0 0
 366.253266456125 17.4521794196185 0 0
 368.413251040888 6.60098463860289 0 0
 370.572912742119 4.60812046969258 0 0
 372.732257517056 5.77214747967714 0 0
 374.891291322937 -0.154720797804914 0 0
 377.050020117 2.74145675544759 0 0
 379.208449856483 4.47631269434 0 0
 381.366586498624 -1.31250915427635 0 0
 383.524436000661 2.25097728696493 0 0
 385.682004319832 3.83810446170708 0 0
 387.839297413375 -2.00919502226719 0 0
 389.996321238528 2.65923452457049 0 0
 392.153081752529 3.38725197788387 0 0
 394.309584912616 -2.02654592692255 0 0
 396.465836676027 3.02356170642868 0 0
 398.621843 3.67468283061025 0 0
 400.777609841773 2.45466297948196 0 0
 402.933143158584 14.3003212133759 0 0
 405.088448907671 15.8050640927165 0 0
 407.243533046272 8.26044153791651 0 0
 409.398401531625 8.29430604381639 0 0
 411.553060320968 5.9847430335377 0 0
 413.707515371539 3.88563412807078 0 0
 415.861772640576 10.4432452514205 0 0
 418.015838085317 12.3519647431061 0 0
 420.169717663 14.8713269040643 0 0
 422.323417330863 25.5188725611173 0 0
 424.476943046144 33.2206680281727 0 0
 426.630300766081 44.0477259726754 0 0
 428.783496447912 65.3718769910356 0 0
 430.936536048875 90.2151060710661 0 0
 433.089425526208 136.439831061479 0 0
 435.242170837149 192.688878347806 0 0
 437.394777938936 234.842248514141 0 0
 439.547252788807 278.124496344378 0 0
 441.699601344 354.926321690354 0 0
 443.851829561753 444.559319506929 0 0
 446.003943399304 531.576265968456 0 0
 448.155948813891 587.366776791912 0 0
 450.307851762752 581.242440416 0 0
 452.459658203125 524.627240280781 0 0
 454.611374092248 445.061201401668 0 0
 456.763005387359 361.330217122038 0 0
 458.914558045696 300.973042645777 0 0
 461.066038024497 262.845949654267 0 0
 463.217451281 227.2359842405 0 0
 465.368803772443 198.924732353976 0 0
 467.520101456064 172.365359714231 0 0
 469.671350289101 139.732527685897 0 0
 471.822556228792 117.995808956647 0 0
 473.973725232375 104.438774520652 0 0
 476.124863257088 89.7116472806036 0 0
 478.275976260169 85.8669080910492 0 0
 480.427070198856 84.7567394464328 0 0
 482.578151030387 78.3573419028925 0 0
 484.729224712 80.3913500266877 0 0
 486.880297200933 82.6684235547214 0 0
 489.031374454424 80.274174772868 0 0
 491.182462429711 86.8282991265842 0 0
 493.333567084032 92.3299165590677 0 0
 495.484694374625 92.8164066264338 0 0
 497.635850258728 101.491042510135 0 0
 499.787040693579 107.034785155171 0 0
 501.938271636416 107.838185521306 0 0
 504.089549044477 -NAN 0 0
 506.240878875 -NAN 0 0
 508.392267085223 -NAN 0 0
 510.543719632384 -NAN 0 0
 512.695242473721 -NAN 0 0
 514.846841566472 -NAN 0 0
 516.998522867875 -NAN 0 0
 519.150292335168 -NAN 0 0
 521.302155925589 -NAN 0 0
 523.454119596376 -NAN 0 0
 525.606189304767 -NAN 0 0
 527.758371008 -NAN 0 0
 529.910670663313 -NAN 0 0
 532.063094227944 -NAN 0 0
 534.215647659131 -NAN 0 0
 536.368336914112 -NAN 0 0
 538.521167950125 -NAN 0 0
 540.674146724408 -NAN 0 0
 542.827279194199 -NAN 0 0
 544.980571316736 -NAN 0 0
 547.134029049257 -NAN 0 0
 549.287658349 -NAN 0 0
 551.441465173203 -NAN 0 0
 553.595455479104 -NAN 0 0
 555.749635223941 -NAN 0 0
 557.904010364952 -NAN 0 0
 560.058586859375 -NAN 0 0
 562.213370664448 -NAN 0 0
 564.368367737409 -NAN 0 0
 566.523584035496 -NAN 0 0
 568.679025515947 -NAN 0 0
 570.834698136 -NAN 0 0
 572.990607852893 -NAN 0 0
 575.146760623864 -NAN 0 0
 577.303162406151 -NAN 0 0
 579.459819156992 -NAN 0 0
 581.616736833625 -NAN 0 0
 583.773921393288 -NAN 0 0
 585.931378793219 -NAN 0 0
 588.089114990656 -NAN 0 0
 590.247135942837 -NAN 0 0
 592.405447607 -NAN 0 0
 594.564055940383 -NAN 0 0
 596.722966900224 -NAN 0 0
 598.882186443761 -NAN 0 0
 601.041720528232 -NAN 0 0
 603.201575110875 -NAN 0 0
 605.361756148928 -NAN 0 0
 607.522269599629 -NAN 0 0
 609.683121420216 -NAN 0 0
 611.844317567927 -NAN 0 0
 614.005864 -NAN 0 0
 616.167766673673 -NAN 0 0
 618.330031546184 -NAN 0 0
 620.492664574771 -NAN 0 0
 622.655671716672 -NAN 0 0
 624.819058929125 -NAN 0 0
 626.982832169368 -NAN 0 0
 629.146997394639 -NAN 0 0
 631.311560562176 -NAN 0 0
 633.476527629217 -NAN 0 0
 635.641904553 -NAN 0 0
 637.807697290763 -NAN 0 0
 639.973911799744 -NAN 0 0
 642.140554037181 -NAN 0 0
 644.307629960312 -NAN 0 0
 646.475145526375 -NAN 0 0
 648.643106692608 -NAN 0 0
 650.811519416249 -NAN 0 0
 652.980389654536 -NAN 0 0
 655.149723364707 -NAN 0 0
 657.319526504 -NAN 0 0
 659.489805029653 -NAN 0 0
 661.660564898904 -NAN 0 0
 663.831812068991 -NAN 0 0
 666.003552497152 -NAN 0 0
 668.175792140625 -NAN 0 0
 670.348536956648 -NAN 0 0
 672.521792902459 -NAN 0 0
 674.695565935296 -NAN 0 0
 676.869862012397 -NAN 0 0
 679.044687091 -NAN 0 0
 681.220047128343 -NAN 0 0
 683.395948081664 -NAN 0 0
 685.572395908201 -NAN 0 0
 687.749396565192 -NAN 0 0
 689.926956009875 -NAN 0 0
 692.105080199488 -NAN 0 0
 694.283775091269 -NAN 0 0
 696.463046642456 -NAN 0 0
 698.642900810287 -NAN 0 0
 700.823343552 -NAN 0 0
 703.004380824833 -NAN 0 0
 705.186018586024 -NAN 0 0
 707.368262792811 -NAN 0 0
 709.551119402432 -NAN 0 0
 711.734594372125 -NAN 0 0
 713.918693659128 -NAN 0 0
 716.103423220679 -NAN 0 0
 718.288789014016 -NAN 0 0
 720.474796996377 -NAN 0 0
 722.661453125 -NAN 0 0
 724.848763357123 -NAN 0 0
 727.036733649984 -NAN 0 0
 729.225369960821 -NAN 0 0
 731.414678246872 -NAN 0 0
 733.604664465375 -NAN 0 0
 735.795334573568 -NAN 0 0
[END] of [DATA]
[END] of Spectrum


[Spectrum]
Version            = 1
IDData             = 12ad_2026-06-08_15-50-45_000_935
IDDevice           = SAM_82E6
IDDataType         = SPECTRUM
IDDataTypeSub1     = CALIBRATED
IDDataTypeSub2     = 
IDDataTypeSub3     = 
DateTime           = 2026-06-08 15:50:45
PositionLatitude   = 0
PositionLongitude  = 0
Comment            = 20260608_FrameD
CommentSub1        = UV
CommentSub2        = centre
CommentSub3        = 17cm
IDMethodType       = SAM Control
MethodName         = SAM_82E6
Mission            = No Mission
MissionSub         = 1
RecordType         = 0
[Attributes]
CalFactor = 1
IDBasisSpec = 
IDDataBack = DLAB_2024-11-11_10-40-48_641_639
IDDataCal = DLAB_2024-11-12_11-45-27_171_455
IntegrationTime = 128
P31 = -1
P31e = 0
PathLength = +INF
PathLengthCustomOn = 0
RAWDynamic = 65535
Salinity = 0
Temperature = -NAN
Unit1 = $01 $01 Wavelength nm
Unit2 = $03 $06 Intensity mW/(m^2 nm)
Unit3 = $f0 $06 Error mW/(m^2 nm)
Unit4 = $f1 $00 Status 
p999 = 7415
[END] of [Attributes]
[DATA]
 0 6 0 0
 185.260577530984 -NAN 0 0
 187.468128380571 -NAN 0 0
 189.674861895872 -NAN 0 0
 191.880784034125 -NAN 0 0
 194.085900752568 -NAN 0 0
 196.290218008439 -NAN 0 0
 198.493741758976 -NAN 0 0
 200.696477961417 -NAN 0 0
 202.898432573 -NAN 0 0
 205.099611550963 -NAN 0 0
 207.300020852544 -NAN 0 0
 209.499666434981 -NAN 0 0
 211.698554255512 -NAN 0 0
 213.896690271375 -NAN 0 0
 216.094080439808 -NAN 0 0
 218.290730718049 -NAN 0 0
 220.486647063336 -NAN 0 0
 222.681835432907 -NAN 0 0
 224.876301784 -NAN 0 0
 227.070052073853 -NAN 0 0
 229.263092259704 -NAN 0 0
 231.455428298791 -NAN 0 0
 233.647066148352 -NAN 0 0
 235.838011765625 -NAN 0 0
 238.028271107848 -NAN 0 0
 240.217850132259 -NAN 0 0
 242.406754796096 -NAN 0 0
 244.594991056597 -NAN 0 0
 246.782564871 -NAN 0 0
 248.969482196543 -NAN 0 0
 251.155748990464 -NAN 0 0
 253.341371210001 -NAN 0 0
 255.526354812392 -NAN 0 0
 257.710705754875 -NAN 0 0
 259.894429994688 -NAN 0 0
 262.077533489069 -NAN 0 0
 264.260022195256 -NAN 0 0
 266.441902070487 -NAN 0 0
 268.623179072 -NAN 0 0
 270.803859157033 -NAN 0 0
 272.983948282824 -NAN 0 0
 275.163452406611 -NAN 0 0
 277.342377485632 -NAN 0 0
 279.520729477125 6.5956289389475 0 0
 281.698514338328 3.21147606122954 0 0
 283.875738026479 7.86483170139199 0 0
 286.052406498816 15.4998466129136 0 0
 288.228525712577 14.3079494662337 0 0
 290.404101625 23.6397502885676 0 0
 292.579140193323 34.295215971865 0 0
 294.753647374784 37.8241221940304 0 0
 296.927629126621 48.91022258877 0 0
 299.101091406072 58.5547980260427 0 0
 301.274040170375 62.5446159435551 0 0
 303.446481376768 70.300096749587 0 0
 305.618420982489 76.0392321297654 0 0
 307.789864944776 74.494818854047 0 0
 309.960819220867 81.9495540282569 0 0
 312.131289768 86.139917404814 0 0
 314.301282543413 78.1822227493937 0 0
 316.470803504344 75.0172018962946 0 0
 318.639858608031 69.0580992048445 0 0
 320.808453811712 58.585013070813 0 0
 322.976595072625 60.3421284939081 0 0
 325.144288348008 54.7183159452669 0 0
 327.311539595099 44.9753264081085 0 0
 329.478354771136 46.3749586335051 0 0
 331.644739833357 40.5433763959265 0 0
 333.810700739 32.3848715327643 0 0
 335.976243445303 34.4910718059252 0 0
 338.141373909504 28.3295891970198 0 0
 340.306098088841 21.3187453377827 0 0
 342.470421940552 23.9276624399048 0 0
 344.634351421875 18.809997024094 0 0
 346.797892490048 13.8473729048874 0 0
 348.961051102309 16.6450560118372 0 0
 351.123833215896 12.3402876378555 0 0
 353.286244788047 8.71396866525444 0 0
 355.448291776 11.9291510299811 0 0
 357.609980136993 7.83398947122439 0 0
 359.771315828264 6.34416404253279 0 0
 361.932304807051 14.0257128847157 0 0
 364.092953030592 14.6840984210177 0 0
 366.253266456125 13.1534305055918 0 0
 368.413251040888 12.0890684290894 0 0
 370.572912742119 3.64728575233515 0 0
 372.732257517056 1.95645946938341 0 0
 374.891291322937 6.36729050653098 0 0
 377.050020117 0.841974745867033 0 0
 379.208449856483 1.01269021137955 0 0
 381.366586498624 5.61955887710399 0 0
 383.524436000661 -0.447942244125256 0 0
 385.682004319832 0.701809219851149 0 0
 387.839297413375 4.99155169126953 0 0
 389.996321238528 -0.968973993459227 0 0
 392.153081752529 0.951969551032581 0 0
 394.309584912616 4.29391049700274 0 0
 396.465836676027 -1.16913327168388 0 0
 398.621843 1.99091113003696 0 0
 400.777609841773 8.15476540286848 0 0
 402.933143158584 9.56689415770466 0 0
 405.088448907671 14.4672826097961 0 0
 407.243533046272 13.0397818499843 0 0
 409.398401531625 3.64337695719801 0 0
 411.553060320968 5.73657732991004 0 0
 413.707515371539 7.99989310926349 0 0
 415.861772640576 5.95154832776525 0 0
 418.015838085317 12.6262171868653 0 0
 420.169717663 18.1322689805581 0 0
 422.323417330863 21.3740859964256 0 0
 424.476943046144 33.8837359572995 0 0
 426.630300766081 46.7123915725126 0 0
 428.783496447912 61.2522899405018 0 0
 430.936536048875 91.3201153665609 0 0
 433.089425526208 137.846121146646 0 0
 435.242170837149 187.848032514464 0 0
 437.394777938936 235.410553044728 0 0
 439.547252788807 279.718657676308 0 0
 441.699601344 350.717117414354 0 0
 443.851829561753 446.88712670171 0 0
 446.003943399304 533.123977450486 0 0
 448.155948813891 583.284153803685 0 0
 450.307851762752 584.221129946614 0 0
 452.459658203125 526.152872513258 0 0
 454.611374092248 440.72199584887 0 0
 456.763005387359 365.064384972765 0 0
 458.914558045696 302.006004770938 0 0
 461.066038024497 258.710285005568 0 0
 463.217451281 231.844449858442 0 0
 465.368803772443 199.409226743543 0 0
 467.520101456064 168.365095733997 0 0
 469.671350289101 144.749910515714 0 0
 471.822556228792 118.06467278325 0 0
 473.973725232375 100.70276549489 0 0
 476.124863257088 94.9826851701316 0 0
 478.275976260169 84.9167928019857 0 0
 480.427070198856 81.4786638047404 0 0
 482.578151030387 83.9124074610716 0 0
 484.729224712 78.9529996614573 0 0
 486.880297200933 79.7589340183313 0 0
 489.031374454424 85.7021051430158 0 0
 491.182462429711 84.6872760673173 0 0
 493.333567084032 89.5543810589181 0 0
 495.484694374625 98.2254909071058 0 0
 497.635850258728 98.6374040574639 0 0
 499.787040693579 105.068093797653 0 0
 501.938271636416 112.923358989951 0 0
 504.089549044477 -NAN 0 0
 506.240878875 -NAN 0 0
 508.392267085223 -NAN 0 0
 510.543719632384 -NAN 0 0
 512.695242473721 -NAN 0 0
 514.846841566472 -NAN 0 0
 516.998522867875 -NAN 0 0
 519.150292335168 -NAN 0 0
 521.302155925589 -NAN 0 0
 523.454119596376 -NAN 0 0
 525.606189304767 -NAN 0 0
 527.758371008 -NAN 0 0
 529.910670663313 -NAN 0 0
 532.063094227944 -NAN 0 0
 534.215647659131 -NAN 0 0
 536.368336914112 -NAN 0 0
 538.521167950125 -NAN 0 0
 540.674146724408 -NAN 0 0
 542.827279194199 -NAN 0 0
 544.980571316736 -NAN 0 0
 547.134029049257 -NAN 0 0
 549.287658349 -NAN 0 0
 551.441465173203 -NAN 0 0
 553.595455479104 -NAN 0 0
 555.749635223941 -NAN 0 0
 557.904010364952 -NAN 0 0
 560.058586859375 -NAN 0 0
 562.213370664448 -NAN 0 0
 564.368367737409 -NAN 0 0
 566.523584035496 -NAN 0 0
 568.679025515947 -NAN 0 0
 570.834698136 -NAN 0 0
 572.990607852893 -NAN 0 0
 575.146760623864 -NAN 0 0
 577.303162406151 -NAN 0 0
 579.459819156992 -NAN 0 0
 581.616736833625 -NAN 0 0
 583.773921393288 -NAN 0 0
 585.931378793219 -NAN 0 0
 588.089114990656 -NAN 0 0
 590.247135942837 -NAN 0 0
 592.405447607 -NAN 0 0
 594.564055940383 -NAN 0 0
 596.722966900224 -NAN 0 0
 598.882186443761 -NAN 0 0
 601.041720528232 -NAN 0 0
 603.201575110875 -NAN 0 0
 605.361756148928 -NAN 0 0
 607.522269599629 -NAN 0 0
 609.683121420216 -NAN 0 0
 611.844317567927 -NAN 0 0
 614.005864 -NAN 0 0
 616.167766673673 -NAN 0 0
 618.330031546184 -NAN 0 0
 620.492664574771 -NAN 0 0
 622.655671716672 -NAN 0 0
 624.819058929125 -NAN 0 0
 626.982832169368 -NAN 0 0
 629.146997394639 -NAN 0 0
 631.311560562176 -NAN 0 0
 633.476527629217 -NAN 0 0
 635.641904553 -NAN 0 0
 637.807697290763 -NAN 0 0
 639.973911799744 -NAN 0 0
 642.140554037181 -NAN 0 0
 644.307629960312 -NAN 0 0
 646.475145526375 -NAN 0 0
 648.643106692608 -NAN 0 0
 650.811519416249 -NAN 0 0
 652.980389654536 -NAN 0 0
 655.149723364707 -NAN 0 0
 657.319526504 -NAN 0 0
 659.489805029653 -NAN 0 0
 661.660564898904 -NAN 0 0
 663.831812068991 -NAN 0 0
 666.003552497152 -NAN 0 0
 668.175792140625 -NAN 0 0
 670.348536956648 -NAN 0 0
 672.521792902459 -NAN 0 0
 674.695565935296 -NAN 0 0
 676.869862012397 -NAN 0 0
 679.044687091 -NAN 0 0
 681.220047128343 -NAN 0 0
 683.395948081664 -NAN 0 0
 685.572395908201 -NAN 0 0
 687.749396565192 -NAN 0 0
 689.926956009875 -NAN 0 0
 692.105080199488 -NAN 0 0
 694.283775091269 -NAN 0 0
 696.463046642456 -NAN 0 0
 698.642900810287 -NAN 0 0
 700.823343552 -NAN 0 0
 703.004380824833 -NAN 0 0
 705.186018586024 -NAN 0 0
 707.368262792811 -NAN 0 0
 709.551119402432 -NAN 0 0
 711.734594372125 -NAN 0 0
 713.918693659128 -NAN 0 0
 716.103423220679 -NAN 0 0
 718.288789014016 -NAN 0 0
 720.474796996377 -NAN 0 0
 722.661453125 -NAN 0 0
 724.848763357123 -NAN 0 0
 727.036733649984 -NAN 0 0
 729.225369960821 -NAN 0 0
 731.414678246872 -NAN 0 0
 733.604664465375 -NAN 0 0
 735.795334573568 -NAN 0 0
[END] of [DATA]
[END] of Spectrum


[Spectrum]
Version            = 1
IDData             = 12ad_2026-06-08_15-50-40_000_932
IDDevice           = SAM_82E6
IDDataType         = SPECTRUM
IDDataTypeSub1     = CALIBRATED
IDDataTypeSub2     = 
IDDataTypeSub3     = 
DateTime           = 2026-06-08 15:50:40
PositionLatitude   = 0
PositionLongitude  = 0
Comment            = 20260608_FrameD
CommentSub1        = UV
CommentSub2        = centre
CommentSub3        = 17cm
IDMethodType       = SAM Control
MethodName         = SAM_82E6
Mission            = No Mission
MissionSub         = 1
RecordType         = 0
[Attributes]
CalFactor = 1
IDBasisSpec = 
IDDataBack = DLAB_2024-11-11_10-40-48_641_639
IDDataCal = DLAB_2024-11-12_11-45-27_171_455
IntegrationTime = 128
P31 = -1
P31e = 0
PathLength = +INF
PathLengthCustomOn = 0
RAWDynamic = 65535
Salinity = 0
Temperature = -NAN
Unit1 = $01 $01 Wavelength nm
Unit2 = $03 $06 Intensity mW/(m^2 nm)
Unit3 = $f0 $06 Error mW/(m^2 nm)
Unit4 = $f1 $00 Status 
p999 = 7414
[END] of [Attributes]
[DATA]
 0 6 0 0
 185.260577530984 -NAN 0 0
 187.468128380571 -NAN 0 0
 189.674861895872 -NAN 0 0
 191.880784034125 -NAN 0 0
 194.085900752568 -NAN 0 0
 196.290218008439 -NAN 0 0
 198.493741758976 -NAN 0 0
 200.696477961417 -NAN 0 0
 202.898432573 -NAN 0 0
 205.099611550963 -NAN 0 0
 207.300020852544 -NAN 0 0
 209.499666434981 -NAN 0 0
 211.698554255512 -NAN 0 0
 213.896690271375 -NAN 0 0
 216.094080439808 -NAN 0 0
 218.290730718049 -NAN 0 0
 220.486647063336 -NAN 0 0
 222.681835432907 -NAN 0 0
 224.876301784 -NAN 0 0
 227.070052073853 -NAN 0 0
 229.263092259704 -NAN 0 0
 231.455428298791 -NAN 0 0
 233.647066148352 -NAN 0 0
 235.838011765625 -NAN 0 0
 238.028271107848 -NAN 0 0
 240.217850132259 -NAN 0 0
 242.406754796096 -NAN 0 0
 244.594991056597 -NAN 0 0
 246.782564871 -NAN 0 0
 248.969482196543 -NAN 0 0
 251.155748990464 -NAN 0 0
 253.341371210001 -NAN 0 0
 255.526354812392 -NAN 0 0
 257.710705754875 -NAN 0 0
 259.894429994688 -NAN 0 0
 262.077533489069 -NAN 0 0
 264.260022195256 -NAN 0 0
 266.441902070487 -NAN 0 0
 268.623179072 -NAN 0 0
 270.803859157033 -NAN 0 0
 272.983948282824 -NAN 0 0
 275.163452406611 -NAN 0 0
 277.342377485632 -NAN 0 0
 279.520729477125 2.62181350210082 0 0
 281.698514338328 3.20493885699485 0 0
 283.875738026479 11.8230662645748 0 0
 286.052406498816 10.2919783410713 0 0
 288.228525712577 14.6102492796165 0 0
 290.404101625 26.8257080733526 0 0
 292.579140193323 28.6301786421872 0 0
 294.753647374784 38.2114767443703 0 0
 296.927629126621 50.1836785726917 0 0
 299.101091406072 52.9715714464715 0 0
 301.274040170375 62.4970415339143 0 0
 303.446481376768 70.2749764263342 0 0
 305.618420982489 70.3426986451076 0 0
 307.789864944776 74.3932731588634 0 0
 309.960819220867 81.0882345572828 0 0
 312.131289768 79.9769154247169 0 0
 314.301282543413 78.3019914267758 0 0
 316.470803504344 74.0434598584815 0 0
 318.639858608031 62.8227305859153 0 0
 320.808453811712 60.0638689096431 0 0
 322.976595072625 59.0441855548425 0 0
 325.144288348008 48.2664361312323 0 0
 327.311539595099 47.2373533812502 0 0
 329.478354771136 44.8681836398572 0 0
 331.644739833357 34.3269118181697 0 0
 333.810700739 35.4148736647703 0 0
 335.976243445303 32.652188998173 0 0
 338.141373909504 22.6852835560296 0 0
 340.306098088841 24.4147144902058 0 0
 342.470421940552 21.8233779420996 0 0
 344.634351421875 14.4349879076742 0 0
 346.797892490048 17.059387277008 0 0
 348.961051102309 14.5158677880042 0 0
 351.123833215896 8.76823782591857 0 0
 353.286244788047 11.9470639677352 0 0
 355.448291776 9.67777432830259 0 0
 357.609980136993 5.14943379078313 0 0
 359.771315828264 9.66884837693795 0 0
 361.932304807051 11.2926694995681 0 0
 364.092953030592 12.4226757248138 0 0
 366.253266456125 16.8052066137585 0 0
 368.413251040888 8.83161732570146 0 0
 370.572912742119 2.03584661198274 0 0
 372.732257517056 6.17654518333221 0 0
 374.891291322937 2.68210539311422 0 0
 377.050020117 -0.381584108525093 0 0
 379.208449856483 5.43912977243163 0 0
 381.366586498624 1.4914099026571 0 0
 383.524436000661 -0.787616687479946 0 0
 385.682004319832 5.12391439306208 0 0
 387.839297413375 0.31730287362985 0 0
 389.996321238528 -0.773727774331804 0 0
 392.153081752529 5.14121037534257 0 0
 394.309584912616 -0.229272665491369 0 0
 396.465836676027 -0.523380378801345 0 0
 398.621843 5.47123671758916 0 0
 400.777609841773 3.70054436702572 0 0
 402.933143158584 10.1308499916468 0 0
 405.088448907671 16.9598066032264 0 0
 407.243533046272 8.37211391905853 0 0
 409.398401531625 5.08139518920247 0 0
 411.553060320968 7.63697514035654 0 0
 413.707515371539 4.02351854868306 0 0
 415.861772640576 7.67331445142042 0 0
 418.015838085317 14.0191050463883 0 0
 420.169717663 14.6196847246772 0 0
 422.323417330863 23.1328964648976 0 0
 424.476943046144 34.5024218295904 0 0
 426.630300766081 43.4918320153397 0 0
 428.783496447912 63.1751010848169 0 0
 430.936536048875 91.3011629327083 0 0
 433.089425526208 134.286272266693 0 0
 435.242170837149 188.649645255234 0 0
 437.394777938936 234.183622729046 0 0
 439.547252788807 276.409822562699 0 0
 441.699601344 352.976657065735 0 0
 443.851829561753 446.159739268317 0 0
 446.003943399304 530.363079190392 0 0
 448.155948813891 586.012044384042 0 0
 450.307851762752 583.258895090675 0 0
 452.459658203125 523.11365007564 0 0
 454.611374092248 443.815450958064 0 0
 456.763005387359 363.24953058466 0 0
 458.914558045696 299.306330810975 0 0
 461.066038024497 261.822986533475 0 0
 463.217451281 229.764044937834 0 0
 465.368803772443 196.990976969036 0 0
 467.520101456064 171.829849141241 0 0
 469.671350289101 142.308875287831 0 0
 471.822556228792 116.13102025528 0 0
 473.973725232375 104.244982127922 0 0
 476.124863257088 92.1074729459971 0 0
 478.275976260169 83.551071526829 0 0
 480.427070198856 85.1621827130234 0 0
 482.578151030387 80.7726848540477 0 0
 484.729224712 78.0421561900799 0 0
 486.880297200933 83.3977534961772 0 0
 489.031374454424 82.3128655859806 0 0
 491.182462429711 84.2193111941651 0 0
 493.333567084032 93.276248358156 0 0
 495.484694374625 94.6139005637801 0 0
 497.635850258728 98.7701569420364 0 0
 499.787040693579 108.389399545147 0 0
 501.938271636416 109.276025045985 0 0
 504.089549044477 -NAN 0 0
 506.240878875 -NAN 0 0
 508.392267085223 -NAN 0 0
 510.543719632384 -NAN 0 0
 512.695242473721 -NAN 0 0
 514.846841566472 -NAN 0 0
 516.998522867875 -NAN 0 0
 519.150292335168 -NAN 0 0
 521.302155925589 -NAN 0 0
 523.454119596376 -NAN 0 0
 525.606189304767 -NAN 0 0
 527.758371008 -NAN 0 0
 529.910670663313 -NAN 0 0
 532.063094227944 -NAN 0 0
 534.215647659131 -NAN 0 0
 536.368336914112 -NAN 0 0
 538.521167950125 -NAN 0 0
 540.674146724408 -NAN 0 0
 542.827279194199 -NAN 0 0
 544.980571316736 -NAN 0 0
 547.134029049257 -NAN 0 0
 549.287658349 -NAN 0 0
 551.441465173203 -NAN 0 0
 553.595455479104 -NAN 0 0
 555.749635223941 -NAN 0 0
 557.904010364952 -NAN 0 0
 560.058586859375 -NAN 0 0
 562.213370664448 -NAN 0 0
 564.368367737409 -NAN 0 0
 566.523584035496 -NAN 0 0
 568.679025515947 -NAN 0 0
 570.834698136 -NAN 0 0
 572.990607852893 -NAN 0 0
 575.146760623864 -NAN 0 0
 577.303162406151 -NAN 0 0
 579.459819156992 -NAN 0 0
 581.616736833625 -NAN 0 0
 583.773921393288 -NAN 0 0
 585.931378793219 -NAN 0 0
 588.089114990656 -NAN 0 0
 590.247135942837 -NAN 0 0
 592.405447607 -NAN 0 0
 594.564055940383 -NAN 0 0
 596.722966900224 -NAN 0 0
 598.882186443761 -NAN 0 0
 601.041720528232 -NAN 0 0
 603.201575110875 -NAN 0 0
 605.361756148928 -NAN 0 0
 607.522269599629 -NAN 0 0
 609.683121420216 -NAN 0 0
 611.844317567927 -NAN 0 0
 614.005864 -NAN 0 0
 616.167766673673 -NAN 0 0
 618.330031546184 -NAN 0 0
 620.492664574771 -NAN 0 0
 622.655671716672 -NAN 0 0
 624.819058929125 -NAN 0 0
 626.982832169368 -NAN 0 0
 629.146997394639 -NAN 0 0
 631.311560562176 -NAN 0 0
 633.476527629217 -NAN 0 0
 635.641904553 -NAN 0 0
 637.807697290763 -NAN 0 0
 639.973911799744 -NAN 0 0
 642.140554037181 -NAN 0 0
 644.307629960312 -NAN 0 0
 646.475145526375 -NAN 0 0
 648.643106692608 -NAN 0 0
 650.811519416249 -NAN 0 0
 652.980389654536 -NAN 0 0
 655.149723364707 -NAN 0 0
 657.319526504 -NAN 0 0
 659.489805029653 -NAN 0 0
 661.660564898904 -NAN 0 0
 663.831812068991 -NAN 0 0
 666.003552497152 -NAN 0 0
 668.175792140625 -NAN 0 0
 670.348536956648 -NAN 0 0
 672.521792902459 -NAN 0 0
 674.695565935296 -NAN 0 0
 676.869862012397 -NAN 0 0
 679.044687091 -NAN 0 0
 681.220047128343 -NAN 0 0
 683.395948081664 -NAN 0 0
 685.572395908201 -NAN 0 0
 687.749396565192 -NAN 0 0
 689.926956009875 -NAN 0 0
 692.105080199488 -NAN 0 0
 694.283775091269 -NAN 0 0
 696.463046642456 -NAN 0 0
 698.642900810287 -NAN 0 0
 700.823343552 -NAN 0 0
 703.004380824833 -NAN 0 0
 705.186018586024 -NAN 0 0
 707.368262792811 -NAN 0 0
 709.551119402432 -NAN 0 0
 711.734594372125 -NAN 0 0
 713.918693659128 -NAN 0 0
 716.103423220679 -NAN 0 0
 718.288789014016 -NAN 0 0
 720.474796996377 -NAN 0 0
 722.661453125 -NAN 0 0
 724.848763357123 -NAN 0 0
 727.036733649984 -NAN 0 0
 729.225369960821 -NAN 0 0
 731.414678246872 -NAN 0 0
 733.604664465375 -NAN 0 0
 735.795334573568 -NAN 0 0
[END] of [DATA]
[END] of Spectrum


[Spectrum]
Version            = 1
IDData             = 12ad_2026-06-08_15-50-35_000_929
IDDevice           = SAM_82E6
IDDataType         = SPECTRUM
IDDataTypeSub1     = CALIBRATED
IDDataTypeSub2     = 
IDDataTypeSub3     = 
DateTime           = 2026-06-08 15:50:35
PositionLatitude   = 0
PositionLongitude  = 0
Comment            = 20260608_FrameD
CommentSub1        = UV
CommentSub2        = centre
CommentSub3        = 17cm
IDMethodType       = SAM Control
MethodName         = SAM_82E6
Mission            = No Mission
MissionSub         = 1
RecordType         = 0
[Attributes]
CalFactor = 1
IDBasisSpec = 
IDDataBack = DLAB_2024-11-11_10-40-48_641_639
IDDataCal = DLAB_2024-11-12_11-45-27_171_455
IntegrationTime = 128
P31 = -1
P31e = 0
PathLength = +INF
PathLengthCustomOn = 0
RAWDynamic = 65535
Salinity = 0
Temperature = -NAN
Unit1 = $01 $01 Wavelength nm
Unit2 = $03 $06 Intensity mW/(m^2 nm)
Unit3 = $f0 $06 Error mW/(m^2 nm)
Unit4 = $f1 $00 Status 
p999 = 7413
[END] of [Attributes]
[DATA]
 0 6 0 0
 185.260577530984 -NAN 0 0
 187.468128380571 -NAN 0 0
 189.674861895872 -NAN 0 0
 191.880784034125 -NAN 0 0
 194.085900752568 -NAN 0 0
 196.290218008439 -NAN 0 0
 198.493741758976 -NAN 0 0
 200.696477961417 -NAN 0 0
 202.898432573 -NAN 0 0
 205.099611550963 -NAN 0 0
 207.300020852544 -NAN 0 0
 209.499666434981 -NAN 0 0
 211.698554255512 -NAN 0 0
 213.896690271375 -NAN 0 0
 216.094080439808 -NAN 0 0
 218.290730718049 -NAN 0 0
 220.486647063336 -NAN 0 0
 222.681835432907 -NAN 0 0
 224.876301784 -NAN 0 0
 227.070052073853 -NAN 0 0
 229.263092259704 -NAN 0 0
 231.455428298791 -NAN 0 0
 233.647066148352 -NAN 0 0
 235.838011765625 -NAN 0 0
 238.028271107848 -NAN 0 0
 240.217850132259 -NAN 0 0
 242.406754796096 -NAN 0 0
 244.594991056597 -NAN 0 0
 246.782564871 -NAN 0 0
 248.969482196543 -NAN 0 0
 251.155748990464 -NAN 0 0
 253.341371210001 -NAN 0 0
 255.526354812392 -NAN 0 0
 257.710705754875 -NAN 0 0
 259.894429994688 -NAN 0 0
 262.077533489069 -NAN 0 0
 264.260022195256 -NAN 0 0
 266.441902070487 -NAN 0 0
 268.623179072 -NAN 0 0
 270.803859157033 -NAN 0 0
 272.983948282824 -NAN 0 0
 275.163452406611 -NAN 0 0
 277.342377485632 -NAN 0 0
 279.520729477125 4.41133803445704 0 0
 281.698514338328 2.23612518941432 0 0
 283.875738026479 10.8529245789142 0 0
 286.052406498816 12.2476512047935 0 0
 288.228525712577 12.9554801589667 0 0
 290.404101625 25.9314296444878 0 0
 292.579140193323 29.9453017645035 0 0
 294.753647374784 36.0639174175739 0 0
 296.927629126621 49.1286018801304 0 0
 299.101091406072 53.2039576114697 0 0
 301.274040170375 59.7992244018435 0 0
 303.446481376768 68.7186085726285 0 0
 305.618420982489 69.7587421259139 0 0
 307.789864944776 71.4463101944316 0 0
 309.960819220867 79.3926131646123 0 0
 312.131289768 79.1228496034838 0 0
 314.301282543413 75.1380052990403 0 0
 316.470803504344 72.8522446930263 0 0
 318.639858608031 62.5178446022787 0 0
 320.808453811712 56.9930134459337 0 0
 322.976595072625 58.6855989357074 0 0
 325.144288348008 48.495983880266 0 0
 327.311539595099 44.3830652952444 0 0
 329.478354771136 45.1046863288898 0 0
 331.644739833357 34.9620304902006 0 0
 333.810700739 32.6128247952601 0 0
 335.976243445303 33.1449805174046 0 0
 338.141373909504 23.4900078984748 0 0
 340.306098088841 22.0163902936553 0 0
 342.470421940552 22.7622528549349 0 0
 344.634351421875 14.6802097466227 0 0
 346.797892490048 14.7726843035502 0 0
 348.961051102309 15.3867416242596 0 0
 351.123833215896 8.8454773862519 0 0
 353.286244788047 9.96140914621158 0 0
 355.448291776 10.5458397837515 0 0
 357.609980136993 5.04984716203122 0 0
 359.771315828264 8.03931205645143 0 0
 361.932304807051 12.3171490007102 0 0
 364.092953030592 11.9315529725179 0 0
 366.253266456125 15.1200409840544 0 0
 368.413251040888 10.0063363875485 0 0
 370.572912742119 1.28601873451557 0 0
 372.732257517056 4.62287529606389 0 0
 374.891291322937 4.15429718413624 0 0
 377.050020117 -1.15544714946532 0 0
 379.208449856483 4.1502423757421 0 0
 381.366586498624 3.16612970228722 0 0
 383.524436000661 -1.71283870682682 0 0
 385.682004319832 3.96753886851384 0 0
 387.839297413375 2.45535727369601 0 0
 389.996321238528 -1.68815431139621 0 0
 392.153081752529 4.13795727299871 0 0
 394.309584912616 2.04936437536713 0 0
 396.465836676027 -1.20403883346131 0 0
 398.621843 4.89405729304276 0 0
 400.777609841773 5.68641167264087 0 0
 402.933143158584 8.91802811955108 0 0
 405.088448907671 16.2264222641047 0 0
 407.243533046272 10.1220438916352 0 0
 409.398401531625 4.21170926243643 0 0
 411.553060320968 7.8321988272103 0 0
 413.707515371539 5.81495536725344 0 0
 415.861772640576 6.95378563270264 0 0
 418.015838085317 14.4231113345068 0 0
 420.169717663 16.1323758706922 0 0
 422.323417330863 22.372057579265 0 0
 424.476943046144 35.3146134696854 0 0
 426.630300766081 44.8254595993204 0 0
 428.783496447912 62.2469927683369 0 0
 430.936536048875 91.8771521180556 0 0
 433.089425526208 134.823042748251 0 0
 435.242170837149 186.489366852143 0 0
 437.394777938936 233.922250603164 0 0
 439.547252788807 276.785918462926 0 0
 441.699601344 351.746198405088 0 0
 443.851829561753 447.151631222944 0 0
 446.003943399304 531.084317874389 0 0
 448.155948813891 584.524821954417 0 0
 450.307851762752 583.873029989358 0 0
 452.459658203125 523.811161351326 0 0
 454.611374092248 442.32340328935 0 0
 456.763005387359 364.546970865344 0 0
 458.914558045696 299.734486126622 0 0
 461.066038024497 260.444431650575 0 0
 463.217451281 230.82657825475 0 0
 465.368803772443 197.329806378734 0 0
 467.520101456064 170.245808866337 0 0
 469.671350289101 143.474726702656 0 0
 471.822556228792 116.049039509323 0 0
 473.973725232375 102.913760521041 0 0
 476.124863257088 93.379563375543 0 0
 478.275976260169 83.2677038090382 0 0
 480.427070198856 83.7353342940604 0 0
 482.578151030387 82.2359540818502 0 0
 484.729224712 77.5157668955783 0 0
 486.880297200933 82.1661702668171 0 0
 489.031374454424 83.9811905049438 0 0
 491.182462429711 83.4118204941912 0 0
 493.333567084032 92.2308300530455 0 0
 495.484694374625 96.3040318706322 0 0
 497.635850258728 98.0954212063992 0 0
 499.787040693579 107.446822758543 0 0
 501.938271636416 111.093772768428 0 0
 504.089549044477 -NAN 0 0
 506.240878875 -NAN 0 0
 508.392267085223 -NAN 0 0
 510.543719632384 -NAN 0 0
 512.695242473721 -NAN 0 0
 514.846841566472 -NAN 0 0
 516.998522867875 -NAN 0 0
 519.150292335168 -NAN 0 0
 521.302155925589 -NAN 0 0
 523.454119596376 -NAN 0 0
 525.606189304767 -NAN 0 0
 527.758371008 -NAN 0 0
 529.910670663313 -NAN 0 0
 532.063094227944 -NAN 0 0
 534.215647659131 -NAN 0 0
 536.368336914112 -NAN 0 0
 538.521167950125 -NAN 0 0
 540.674146724408 -NAN 0 0
 542.827279194199 -NAN 0 0
 544.980571316736 -NAN 0 0
 547.134029049257 -NAN 0 0
 549.287658349 -NAN 0 0
 551.441465173203 -NAN 0 0
 553.595455479104 -NAN 0 0
 555.749635223941 -NAN 0 0
 557.904010364952 -NAN 0 0
 560.058586859375 -NAN 0 0
 562.213370664448 -NAN 0 0
 564.368367737409 -NAN 0 0
 566.523584035496 -NAN 0 0
 568.679025515947 -NAN 0 0
 570.834698136 -NAN 0 0
 572.990607852893 -NAN 0 0
 575.146760623864 -NAN 0 0
 577.303162406151 -NAN 0 0
 579.459819156992 -NAN 0 0
 581.616736833625 -NAN 0 0
 583.773921393288 -NAN 0 0
 585.931378793219 -NAN 0 0
 588.089114990656 -NAN 0 0
 590.247135942837 -NAN 0 0
 592.405447607 -NAN 0 0
 594.564055940383 -NAN 0 0
 596.722966900224 -NAN 0 0
 598.882186443761 -NAN 0 0
 601.041720528232 -NAN 0 0
 603.201575110875 -NAN 0 0
 605.361756148928 -NAN 0 0
 607.522269599629 -NAN 0 0
 609.683121420216 -NAN 0 0
 611.844317567927 -NAN 0 0
 614.005864 -NAN 0 0
 616.167766673673 -NAN 0 0
 618.330031546184 -NAN 0 0
 620.492664574771 -NAN 0 0
 622.655671716672 -NAN 0 0
 624.819058929125 -NAN 0 0
 626.982832169368 -NAN 0 0
 629.146997394639 -NAN 0 0
 631.311560562176 -NAN 0 0
 633.476527629217 -NAN 0 0
 635.641904553 -NAN 0 0
 637.807697290763 -NAN 0 0
 639.973911799744 -NAN 0 0
 642.140554037181 -NAN 0 0
 644.307629960312 -NAN 0 0
 646.475145526375 -NAN 0 0
 648.643106692608 -NAN 0 0
 650.811519416249 -NAN 0 0
 652.980389654536 -NAN 0 0
 655.149723364707 -NAN 0 0
 657.319526504 -NAN 0 0
 659.489805029653 -NAN 0 0
 661.660564898904 -NAN 0 0
 663.831812068991 -NAN 0 0
 666.003552497152 -NAN 0 0
 668.175792140625 -NAN 0 0
 670.348536956648 -NAN 0 0
 672.521792902459 -NAN 0 0
 674.695565935296 -NAN 0 0
 676.869862012397 -NAN 0 0
 679.044687091 -NAN 0 0
 681.220047128343 -NAN 0 0
 683.395948081664 -NAN 0 0
 685.572395908201 -NAN 0 0
 687.749396565192 -NAN 0 0
 689.926956009875 -NAN 0 0
 692.105080199488 -NAN 0 0
 694.283775091269 -NAN 0 0
 696.463046642456 -NAN 0 0
 698.642900810287 -NAN 0 0
 700.823343552 -NAN 0 0
 703.004380824833 -NAN 0 0
 705.186018586024 -NAN 0 0
 707.368262792811 -NAN 0 0
 709.551119402432 -NAN 0 0
 711.734594372125 -NAN 0 0
 713.918693659128 -NAN 0 0
 716.103423220679 -NAN 0 0
 718.288789014016 -NAN 0 0
 720.474796996377 -NAN 0 0
 722.661453125 -NAN 0 0
 724.848763357123 -NAN 0 0
 727.036733649984 -NAN 0 0
 729.225369960821 -NAN 0 0
 731.414678246872 -NAN 0 0
 733.604664465375 -NAN 0 0
 735.795334573568 -NAN 0 0
[END] of [DATA]
[END] of Spectrum


[Spectrum]
Version            = 1
IDData             = 12ad_2026-06-08_15-50-30_000_926
IDDevice           = SAM_82E6
IDDataType         = SPECTRUM
IDDataTypeSub1     = CALIBRATED
IDDataTypeSub2     = 
IDDataTypeSub3     = 
DateTime           = 2026-06-08 15:50:30
PositionLatitude   = 0
PositionLongitude  = 0
Comment            = 20260608_FrameD
CommentSub1        = UV
CommentSub2        = centre
CommentSub3        = 17cm
IDMethodType       = SAM Control
MethodName         = SAM_82E6
Mission            = No Mission
MissionSub         = 1
RecordType         = 0
[Attributes]
CalFactor = 1
IDBasisSpec = 
IDDataBack = DLAB_2024-11-11_10-40-48_641_639
IDDataCal = DLAB_2024-11-12_11-45-27_171_455
IntegrationTime = 128
P31 = -1
P31e = 0
PathLength = +INF
PathLengthCustomOn = 0
RAWDynamic = 65535
Salinity = 0
Temperature = -NAN
Unit1 = $01 $01 Wavelength nm
Unit2 = $03 $06 Intensity mW/(m^2 nm)
Unit3 = $f0 $06 Error mW/(m^2 nm)
Unit4 = $f1 $00 Status 
p999 = 7412
[END] of [Attributes]
[DATA]
 0 6 0 0
 185.260577530984 -NAN 0 0
 187.468128380571 -NAN 0 0
 189.674861895872 -NAN 0 0
 191.880784034125 -NAN 0 0
 194.085900752568 -NAN 0 0
 196.290218008439 -NAN 0 0
 198.493741758976 -NAN 0 0
 200.696477961417 -NAN 0 0
 202.898432573 -NAN 0 0
 205.099611550963 -NAN 0 0
 207.300020852544 -NAN 0 0
 209.499666434981 -NAN 0 0
 211.698554255512 -NAN 0 0
 213.896690271375 -NAN 0 0
 216.094080439808 -NAN 0 0
 218.290730718049 -NAN 0 0
 220.486647063336 -NAN 0 0
 222.681835432907 -NAN 0 0
 224.876301784 -NAN 0 0
 227.070052073853 -NAN 0 0
 229.263092259704 -NAN 0 0
 231.455428298791 -NAN 0 0
 233.647066148352 -NAN 0 0
 235.838011765625 -NAN 0 0
 238.028271107848 -NAN 0 0
 240.217850132259 -NAN 0 0
 242.406754796096 -NAN 0 0
 244.594991056597 -NAN 0 0
 246.782564871 -NAN 0 0
 248.969482196543 -NAN 0 0
 251.155748990464 -NAN 0 0
 253.341371210001 -NAN 0 0
 255.526354812392 -NAN 0 0
 257.710705754875 -NAN 0 0
 259.894429994688 -NAN 0 0
 262.077533489069 -NAN 0 0
 264.260022195256 -NAN 0 0
 266.441902070487 -NAN 0 0
 268.623179072 -NAN 0 0
 270.803859157033 -NAN 0 0
 272.983948282824 -NAN 0 0
 275.163452406611 -NAN 0 0
 277.342377485632 -NAN 0 0
 279.520729477125 0.200911838286992 0 0
 281.698514338328 6.31141830931784 0 0
 283.875738026479 9.43372167631034 0 0
 286.052406498816 7.52180475236901 0 0
 288.228525712577 17.5501507822776 0 0
 290.404101625 23.3445657014789 0 0
 292.579140193323 25.4586598584661 0 0
 294.753647374784 39.4926211228798 0 0
 296.927629126621 45.5900955718654 0 0
 299.101091406072 49.1103859357329 0 0
 301.274040170375 62.0793150102388 0 0
 303.446481376768 64.5540958525023 0 0
 305.618420982489 65.8904334711444 0 0
 307.789864944776 73.0464565701133 0 0
 309.960819220867 74.5326964005337 0 0
 312.131289768 75.3386291070321 0 0
 314.301282543413 77.0461645183031 0 0
 316.470803504344 67.4679521451686 0 0
 318.639858608031 59.6735285270874 0 0
 320.808453811712 59.8961498856174 0 0
 322.976595072625 52.9946183567276 0 0
 325.144288348008 46.6812573360186 0 0
 327.311539595099 47.8706622940157 0 0
 329.478354771136 39.1117974351019 0 0
 331.644739833357 33.8472417721604 0 0
 333.810700739 36.2674780751443 0 0
 335.976243445303 27.445170644522 0 0
 338.141373909504 23.0391937380474 0 0
 340.306098088841 25.1965111722732 0 0
 342.470421940552 17.5807632732206 0 0
 344.634351421875 15.4309658381727 0 0
 346.797892490048 17.5377466945935 0 0
 348.961051102309 10.935223170412 0 0
 351.123833215896 10.037653208788 0 0
 353.286244788047 12.0452017678105 0 0
 355.448291776 6.50239734628869 0 0
 357.609980136993 6.76851962597546 0 0
 359.771315828264 9.63012672179768 0 0
 361.932304807051 8.1302890458819 0 0
 364.092953030592 14.0484613875864 0 0
 366.253266456125 16.2586664095301 0 0
 368.413251040888 5.68933475778869 0 0
 370.572912742119 4.36445780934312 0 0
 372.732257517056 5.37818584579383 0 0
 374.891291322937 -0.391347058279685 0 0
 377.050020117 2.77180432568054 0 0
 379.208449856483 4.30558059619003 0 0
 381.366586498624 -1.66299903639303 0 0
 383.524436000661 2.53806614703877 0 0
 385.682004319832 3.38295050370532 0 0
 387.839297413375 -2.00352754870837 0 0
 389.996321238528 2.71542048690932 0 0
 392.153081752529 2.86828011028137 0 0
 394.309584912616 -1.94745499432543 0 0
 396.465836676027 2.95643562608746 0 0
 398.621843 3.44115736228803 0 0
 400.777609841773 2.10872931655227 0 0
 402.933143158584 12.8454418934534 0 0
 405.088448907671 14.0410106404908 0 0
 407.243533046272 7.15322175893385 0 0
 409.398401531625 7.94826500312687 0 0
 411.553060320968 5.87003533052758 0 0
 413.707515371539 3.88987672562808 0 0
 415.861772640576 10.3922148387455 0 0
 418.015838085317 12.3382029717346 0 0
 420.169717663 14.9261962514494 0 0
 422.323417330863 25.6708572241919 0 0
 424.476943046144 32.9845554858063 0 0
 426.630300766081 44.0511787301743 0 0
 428.783496447912 65.2993817001934 0 0
 430.936536048875 89.5064498487503 0 0
 433.089425526208 133.572197508422 0 0
 435.242170837149 187.987895156174 0 0
 437.394777938936 230.414109133764 0 0
 439.547252788807 276.482615317581 0 0
 441.699601344 354.456166477335 0 0
 443.851829561753 444.396933819842 0 0
 446.003943399304 531.425687073576 0 0
 448.155948813891 587.465047536525 0 0
 450.307851762752 580.970092781048 0 0
 452.459658203125 524.714313401517 0 0
 454.611374092248 444.859599039802 0 0
 456.763005387359 361.193541697437 0 0
 458.914558045696 301.174644915615 0 0
 461.066038024497 262.868365180818 0 0
 463.217451281 227.389703625547 0 0
 465.368803772443 198.89095496734 0 0
 467.520101456064 172.215416753794 0 0
 469.671350289101 139.619947790687 0 0
 471.822556228792 118.236285811454 0 0
 473.973725232375 104.244982127922 0 0
 476.124863257088 89.516792697836 0 0
 478.275976260169 85.7713409391668 0 0
 480.427070198856 84.6408985131212 0 0
 482.578151030387 78.2814438803978 0 0
 484.729224712 80.4762875773928 0 0
 486.880297200933 82.5118189660653 0 0
 489.031374454424 80.1578060327123 0 0
 491.182462429711 86.7925595658661 0 0
 493.333567084032 92.2341700476305 0 0
 495.484694374625 92.8407569137624 0 0
 497.635850258728 101.594172850216 0 0
 499.787040693579 106.941288495831 0 0
 501.938271636416 107.590653267806 0 0
 504.089549044477 -NAN 0 0
 506.240878875 -NAN 0 0
 508.392267085223 -NAN 0 0
 510.543719632384 -NAN 0 0
 512.695242473721 -NAN 0 0
 514.846841566472 -NAN 0 0
 516.998522867875 -NAN 0 0
 519.150292335168 -NAN 0 0
 521.302155925589 -NAN 0 0
 523.454119596376 -NAN 0 0
 525.606189304767 -NAN 0 0
 527.758371008 -NAN 0 0
 529.910670663313 -NAN 0 0
 532.063094227944 -NAN 0 0
 534.215647659131 -NAN 0 0
 536.368336914112 -NAN 0 0
 538.521167950125 -NAN 0 0
 540.674146724408 -NAN 0 0
 542.827279194199 -NAN 0 0
 544.980571316736 -NAN 0 0
 547.134029049257 -NAN 0 0
 549.287658349 -NAN 0 0
 551.441465173203 -NAN 0 0
 553.595455479104 -NAN 0 0
 555.749635223941 -NAN 0 0
 557.904010364952 -NAN 0 0
 560.058586859375 -NAN 0 0
 562.213370664448 -NAN 0 0
 564.368367737409 -NAN 0 0
 566.523584035496 -NAN 0 0
 568.679025515947 -NAN 0 0
 570.834698136 -NAN 0 0
 572.990607852893 -NAN 0 0
 575.146760623864 -NAN 0 0
 577.303162406151 -NAN 0 0
 579.459819156992 -NAN 0 0
 581.616736833625 -NAN 0 0
 583.773921393288 -NAN 0 0
 585.931378793219 -NAN 0 0
 588.089114990656 -NAN 0 0
 590.247135942837 -NAN 0 0
 592.405447607 -NAN 0 0
 594.564055940383 -NAN 0 0
 596.722966900224 -NAN 0 0
 598.882186443761 -NAN 0 0
 601.041720528232 -NAN 0 0
 603.201575110875 -NAN 0 0
 605.361756148928 -NAN 0 0
 607.522269599629 -NAN 0 0
 609.683121420216 -NAN 0 0
 611.844317567927 -NAN 0 0
 614.005864 -NAN 0 0
 616.167766673673 -NAN 0 0
 618.330031546184 -NAN 0 0
 620.492664574771 -NAN 0 0
 622.655671716672 -NAN 0 0
 624.819058929125 -NAN 0 0
 626.982832169368 -NAN 0 0
 629.146997394639 -NAN 0 0
 631.311560562176 -NAN 0 0
 633.476527629217 -NAN 0 0
 635.641904553 -NAN 0 0
 637.807697290763 -NAN 0 0
 639.973911799744 -NAN 0 0
 642.140554037181 -NAN 0 0
 644.307629960312 -NAN 0 0
 646.475145526375 -NAN 0 0
 648.643106692608 -NAN 0 0
 650.811519416249 -NAN 0 0
 652.980389654536 -NAN 0 0
 655.149723364707 -NAN 0 0
 657.319526504 -NAN 0 0
 659.489805029653 -NAN 0 0
 661.660564898904 -NAN 0 0
 663.831812068991 -NAN 0 0
 666.003552497152 -NAN 0 0
 668.175792140625 -NAN 0 0
 670.348536956648 -NAN 0 0
 672.521792902459 -NAN 0 0
 674.695565935296 -NAN 0 0
 676.869862012397 -NAN 0 0
 679.044687091 -NAN 0 0
 681.220047128343 -NAN 0 0
 683.395948081664 -NAN 0 0
 685.572395908201 -NAN 0 0
 687.749396565192 -NAN 0 0
 689.926956009875 -NAN 0 0
 692.105080199488 -NAN 0 0
 694.283775091269 -NAN 0 0
 696.463046642456 -NAN 0 0
 698.642900810287 -NAN 0 0
 700.823343552 -NAN 0 0
 703.004380824833 -NAN 0 0
 705.186018586024 -NAN 0 0
 707.368262792811 -NAN 0 0
 709.551119402432 -NAN 0 0
 711.734594372125 -NAN 0 0
 713.918693659128 -NAN 0 0
 716.103423220679 -NAN 0 0
 718.288789014016 -NAN 0 0
 720.474796996377 -NAN 0 0
 722.661453125 -NAN 0 0
 724.848763357123 -NAN 0 0
 727.036733649984 -NAN 0 0
 729.225369960821 -NAN 0 0
 731.414678246872 -NAN 0 0
 733.604664465375 -NAN 0 0
 735.795334573568 -NAN 0 0
[END] of [DATA]
[END] of Spectrum


