[Spectrum]
Version            = 1
IDData             = 12ad_2026-06-09_17-47-20_000_943
IDDevice           = SAM_82E6
IDDataType         = SPECTRUM
IDDataTypeSub1     = CALIBRATED
IDDataTypeSub2     = 
IDDataTypeSub3     = 
DateTime           = 2026-06-09 17:47:20
PositionLatitude   = 0
PositionLongitude  = 0
Comment            = 20260609_FrameA
CommentSub1        = UV
CommentSub2        = left
CommentSub3        = 50cm
IDMethodType       = SAM Control
MethodName         = SAM_82E6
Mission            = No Mission
MissionSub         = 1
RecordType         = 0
[Attributes]
CalFactor = 1
IDBasisSpec = 
IDDataBack = DLAB_2024-11-11_10-40-48_641_639
IDDataCal = DLAB_2024-11-12_11-45-27_171_455
IntegrationTime = 128
P31 = -1
P31e = 0
PathLength = +INF
PathLengthCustomOn = 0
RAWDynamic = 65535
Salinity = 0
Temperature = -NAN
Unit1 = $01 $01 Wavelength nm
Unit2 = $03 $06 Intensity mW/(m^2 nm)
Unit3 = $f0 $06 Error mW/(m^2 nm)
Unit4 = $f1 $00 Status 
p999 = 8143
[END] of [Attributes]
[DATA]
 0 6 0 0
 185.260577530984 -NAN 0 0
 187.468128380571 -NAN 0 0
 189.674861895872 -NAN 0 0
 191.880784034125 -NAN 0 0
 194.085900752568 -NAN 0 0
 196.290218008439 -NAN 0 0
 198.493741758976 -NAN 0 0
 200.696477961417 -NAN 0 0
 202.898432573 -NAN 0 0
 205.099611550963 -NAN 0 0
 207.300020852544 -NAN 0 0
 209.499666434981 -NAN 0 0
 211.698554255512 -NAN 0 0
 213.896690271375 -NAN 0 0
 216.094080439808 -NAN 0 0
 218.290730718049 -NAN 0 0
 220.486647063336 -NAN 0 0
 222.681835432907 -NAN 0 0
 224.876301784 -NAN 0 0
 227.070052073853 -NAN 0 0
 229.263092259704 -NAN 0 0
 231.455428298791 -NAN 0 0
 233.647066148352 -NAN 0 0
 235.838011765625 -NAN 0 0
 238.028271107848 -NAN 0 0
 240.217850132259 -NAN 0 0
 242.406754796096 -NAN 0 0
 244.594991056597 -NAN 0 0
 246.782564871 -NAN 0 0
 248.969482196543 -NAN 0 0
 251.155748990464 -NAN 0 0
 253.341371210001 -NAN 0 0
 255.526354812392 -NAN 0 0
 257.710705754875 -NAN 0 0
 259.894429994688 -NAN 0 0
 262.077533489069 -NAN 0 0
 264.260022195256 -NAN 0 0
 266.441902070487 -NAN 0 0
 268.623179072 -NAN 0 0
 270.803859157033 -NAN 0 0
 272.983948282824 -NAN 0 0
 275.163452406611 -NAN 0 0
 277.342377485632 -NAN 0 0
 279.520729477125 9.58066046577967 0 0
 281.698514338328 21.4306642633006 0 0
 283.875738026479 33.6180688504341 0 0
 286.052406498816 42.2651244471518 0 0
 288.228525712577 66.4826049352435 0 0
 290.404101625 93.8951361269443 0 0
 292.579140193323 117.41860894734 0 0
 294.753647374784 160.078967006092 0 0
 296.927629126621 190.995153500728 0 0
 299.101091406072 216.995685321789 0 0
 301.274040170375 257.480179271076 0 0
 303.446481376768 275.114829733357 0 0
 305.618420982489 289.51889466308 0 0
 307.789864944776 306.689205460735 0 0
 309.960819220867 321.414738892572 0 0
 312.131289768 331.263559607181 0 0
 314.301282543413 323.385915036778 0 0
 316.470803504344 293.837929874272 0 0
 318.639858608031 264.891383605706 0 0
 320.808453811712 248.542781020351 0 0
 322.976595072625 231.759188438819 0 0
 325.144288348008 206.198174859471 0 0
 327.311539595099 192.962907002881 0 0
 329.478354771136 173.367978014228 0 0
 331.644739833357 150.738686687942 0 0
 333.810700739 143.041378314579 0 0
 335.976243445303 124.637031930146 0 0
 338.141373909504 103.691391884547 0 0
 340.306098088841 96.912783892892 0 0
 342.470421940552 82.8096543582637 0 0
 344.634351421875 68.4089434341873 0 0
 346.797892490048 64.9702236918443 0 0
 348.961051102309 53.891393191926 0 0
 351.123833215896 43.4946963862152 0 0
 353.286244788047 42.8103116714161 0 0
 355.448291776 35.0313093777835 0 0
 357.609980136993 27.8637517379391 0 0
 359.771315828264 31.8649615845682 0 0
 361.932304807051 39.505934561031 0 0
 364.092953030592 51.1660512829429 0 0
 366.253266456125 54.5678648272788 0 0
 368.413251040888 30.8154722973566 0 0
 370.572912742119 13.9828529276741 0 0
 372.732257517056 15.0628585939718 0 0
 374.891291322937 9.13017099105175 0 0
 377.050020117 5.315482485206 0 0
 379.208449856483 10.8661713841167 0 0
 381.366586498624 5.29309451110014 0 0
 383.524436000661 2.42152512463256 0 0
 385.682004319832 8.84764271196404 0 0
 387.839297413375 3.4400808045416 0 0
 389.996321238528 1.15906933012383 0 0
 392.153081752529 7.60008243253942 0 0
 394.309584912616 2.13800076534667 0 0
 396.465836676027 0.888952351577908 0 0
 398.621843 9.4225937895413 0 0
 400.777609841773 15.6729703103742 0 0
 402.933143158584 36.6709917319056 0 0
 405.088448907671 49.0542776985248 0 0
 407.243533046272 30.6852060744794 0 0
 409.398401531625 12.4949234450342 0 0
 411.553060320968 10.8620263288334 0 0
 413.707515371539 5.17750508426895 0 0
 415.861772640576 6.68944809504604 0 0
 418.015838085317 14.0446626217924 0 0
 420.169717663 13.9631446025168 0 0
 422.323417330863 19.9265694161788 0 0
 424.476943046144 32.1927795918557 0 0
 426.630300766081 39.614385343986 0 0
 428.783496447912 57.7649292635919 0 0
 430.936536048875 95.78712162374 0 0
 433.089425526208 174.353800369691 0 0
 435.242170837149 256.269636053875 0 0
 437.394777938936 290.41619704102 0 0
 439.547252788807 282.676469949705 0 0
 441.699601344 328.053499077671 0 0
 443.851829561753 411.166460740798 0 0
 446.003943399304 497.629280792126 0 0
 448.155948813891 576.653510794438 0 0
 450.307851762752 627.142936852324 0 0
 452.459658203125 629.565171724846 0 0
 454.611374092248 599.28130250169 0 0
 456.763005387359 542.181091461173 0 0
 458.914558045696 464.067282882885 0 0
 461.066038024497 395.841344232919 0 0
 463.217451281 342.22639341193 0 0
 465.368803772443 293.081308689897 0 0
 467.520101456064 259.882781636824 0 0
 469.671350289101 231.480812286535 0 0
 471.822556228792 196.86784502686 0 0
 473.973725232375 172.314560074477 0 0
 476.124863257088 152.519036373845 0 0
 478.275976260169 130.065604590709 0 0
 480.427070198856 121.801333293325 0 0
 482.578151030387 117.969412760794 0 0
 484.729224712 109.051067793563 0 0
 486.880297200933 110.890807638967 0 0
 489.031374454424 113.25799902585 0 0
 491.182462429711 109.21690019391 0 0
 493.333567084032 114.808080116236 0 0
 495.484694374625 119.845225561161 0 0
 497.635850258728 118.705032253466 0 0
 499.787040693579 127.399662164026 0 0
 501.938271636416 133.770955870612 0 0
 504.089549044477 -NAN 0 0
 506.240878875 -NAN 0 0
 508.392267085223 -NAN 0 0
 510.543719632384 -NAN 0 0
 512.695242473721 -NAN 0 0
 514.846841566472 -NAN 0 0
 516.998522867875 -NAN 0 0
 519.150292335168 -NAN 0 0
 521.302155925589 -NAN 0 0
 523.454119596376 -NAN 0 0
 525.606189304767 -NAN 0 0
 527.758371008 -NAN 0 0
 529.910670663313 -NAN 0 0
 532.063094227944 -NAN 0 0
 534.215647659131 -NAN 0 0
 536.368336914112 -NAN 0 0
 538.521167950125 -NAN 0 0
 540.674146724408 -NAN 0 0
 542.827279194199 -NAN 0 0
 544.980571316736 -NAN 0 0
 547.134029049257 -NAN 0 0
 549.287658349 -NAN 0 0
 551.441465173203 -NAN 0 0
 553.595455479104 -NAN 0 0
 555.749635223941 -NAN 0 0
 557.904010364952 -NAN 0 0
 560.058586859375 -NAN 0 0
 562.213370664448 -NAN 0 0
 564.368367737409 -NAN 0 0
 566.523584035496 -NAN 0 0
 568.679025515947 -NAN 0 0
 570.834698136 -NAN 0 0
 572.990607852893 -NAN 0 0
 575.146760623864 -NAN 0 0
 577.303162406151 -NAN 0 0
 579.459819156992 -NAN 0 0
 581.616736833625 -NAN 0 0
 583.773921393288 -NAN 0 0
 585.931378793219 -NAN 0 0
 588.089114990656 -NAN 0 0
 590.247135942837 -NAN 0 0
 592.405447607 -NAN 0 0
 594.564055940383 -NAN 0 0
 596.722966900224 -NAN 0 0
 598.882186443761 -NAN 0 0
 601.041720528232 -NAN 0 0
 603.201575110875 -NAN 0 0
 605.361756148928 -NAN 0 0
 607.522269599629 -NAN 0 0
 609.683121420216 -NAN 0 0
 611.844317567927 -NAN 0 0
 614.005864 -NAN 0 0
 616.167766673673 -NAN 0 0
 618.330031546184 -NAN 0 0
 620.492664574771 -NAN 0 0
 622.655671716672 -NAN 0 0
 624.819058929125 -NAN 0 0
 626.982832169368 -NAN 0 0
 629.146997394639 -NAN 0 0
 631.311560562176 -NAN 0 0
 633.476527629217 -NAN 0 0
 635.641904553 -NAN 0 0
 637.807697290763 -NAN 0 0
 639.973911799744 -NAN 0 0
 642.140554037181 -NAN 0 0
 644.307629960312 -NAN 0 0
 646.475145526375 -NAN 0 0
 648.643106692608 -NAN 0 0
 650.811519416249 -NAN 0 0
 652.980389654536 -NAN 0 0
 655.149723364707 -NAN 0 0
 657.319526504 -NAN 0 0
 659.489805029653 -NAN 0 0
 661.660564898904 -NAN 0 0
 663.831812068991 -NAN 0 0
 666.003552497152 -NAN 0 0
 668.175792140625 -NAN 0 0
 670.348536956648 -NAN 0 0
 672.521792902459 -NAN 0 0
 674.695565935296 -NAN 0 0
 676.869862012397 -NAN 0 0
 679.044687091 -NAN 0 0
 681.220047128343 -NAN 0 0
 683.395948081664 -NAN 0 0
 685.572395908201 -NAN 0 0
 687.749396565192 -NAN 0 0
 689.926956009875 -NAN 0 0
 692.105080199488 -NAN 0 0
 694.283775091269 -NAN 0 0
 696.463046642456 -NAN 0 0
 698.642900810287 -NAN 0 0
 700.823343552 -NAN 0 0
 703.004380824833 -NAN 0 0
 705.186018586024 -NAN 0 0
 707.368262792811 -NAN 0 0
 709.551119402432 -NAN 0 0
 711.734594372125 -NAN 0 0
 713.918693659128 -NAN 0 0
 716.103423220679 -NAN 0 0
 718.288789014016 -NAN 0 0
 720.474796996377 -NAN 0 0
 722.661453125 -NAN 0 0
 724.848763357123 -NAN 0 0
 727.036733649984 -NAN 0 0
 729.225369960821 -NAN 0 0
 731.414678246872 -NAN 0 0
 733.604664465375 -NAN 0 0
 735.795334573568 -NAN 0 0
[END] of [DATA]
[END] of Spectrum


[Spectrum]
Version            = 1
IDData             = 12ad_2026-06-09_17-47-15_000_940
IDDevice           = SAM_82E6
IDDataType         = SPECTRUM
IDDataTypeSub1     = CALIBRATED
IDDataTypeSub2     = 
IDDataTypeSub3     = 
DateTime           = 2026-06-09 17:47:15
PositionLatitude   = 0
PositionLongitude  = 0
Comment            = 20260609_FrameA
CommentSub1        = UV
CommentSub2        = left
CommentSub3        = 50cm
IDMethodType       = SAM Control
MethodName         = SAM_82E6
Mission            = No Mission
MissionSub         = 1
RecordType         = 0
[Attributes]
CalFactor = 1
IDBasisSpec = 
IDDataBack = DLAB_2024-11-11_10-40-48_641_639
IDDataCal = DLAB_2024-11-12_11-45-27_171_455
IntegrationTime = 128
P31 = -1
P31e = 0
PathLength = +INF
PathLengthCustomOn = 0
RAWDynamic = 65535
Salinity = 0
Temperature = -NAN
Unit1 = $01 $01 Wavelength nm
Unit2 = $03 $06 Intensity mW/(m^2 nm)
Unit3 = $f0 $06 Error mW/(m^2 nm)
Unit4 = $f1 $00 Status 
p999 = 8142
[END] of [Attributes]
[DATA]
 0 6 0 0
 185.260577530984 -NAN 0 0
 187.468128380571 -NAN 0 0
 189.674861895872 -NAN 0 0
 191.880784034125 -NAN 0 0
 194.085900752568 -NAN 0 0
 196.290218008439 -NAN 0 0
 198.493741758976 -NAN 0 0
 200.696477961417 -NAN 0 0
 202.898432573 -NAN 0 0
 205.099611550963 -NAN 0 0
 207.300020852544 -NAN 0 0
 209.499666434981 -NAN 0 0
 211.698554255512 -NAN 0 0
 213.896690271375 -NAN 0 0
 216.094080439808 -NAN 0 0
 218.290730718049 -NAN 0 0
 220.486647063336 -NAN 0 0
 222.681835432907 -NAN 0 0
 224.876301784 -NAN 0 0
 227.070052073853 -NAN 0 0
 229.263092259704 -NAN 0 0
 231.455428298791 -NAN 0 0
 233.647066148352 -NAN 0 0
 235.838011765625 -NAN 0 0
 238.028271107848 -NAN 0 0
 240.217850132259 -NAN 0 0
 242.406754796096 -NAN 0 0
 244.594991056597 -NAN 0 0
 246.782564871 -NAN 0 0
 248.969482196543 -NAN 0 0
 251.155748990464 -NAN 0 0
 253.341371210001 -NAN 0 0
 255.526354812392 -NAN 0 0
 257.710705754875 -NAN 0 0
 259.894429994688 -NAN 0 0
 262.077533489069 -NAN 0 0
 264.260022195256 -NAN 0 0
 266.441902070487 -NAN 0 0
 268.623179072 -NAN 0 0
 270.803859157033 -NAN 0 0
 272.983948282824 -NAN 0 0
 275.163452406611 -NAN 0 0
 277.342377485632 -NAN 0 0
 279.520729477125 9.29548223480572 0 0
 281.698514338328 21.2959978560661 0 0
 283.875738026479 33.0659212535006 0 0
 286.052406498816 41.6451746974789 0 0
 288.228525712577 66.0255734638259 0 0
 290.404101625 92.5151845350863 0 0
 292.579140193323 115.674978398245 0 0
 294.753647374784 158.065544590721 0 0
 296.927629126621 188.37333235736 0 0
 299.101091406072 213.891244502198 0 0
 301.274040170375 254.165055165129 0 0
 303.446481376768 271.483304741377 0 0
 305.618420982489 285.730167559729 0 0
 307.789864944776 302.731061152686 0 0
 309.960819220867 317.335088951635 0 0
 312.131289768 326.975226478433 0 0
 314.301282543413 319.561456979402 0 0
 316.470803504344 289.907530707842 0 0
 318.639858608031 261.354963483272 0 0
 320.808453811712 245.219015917238 0 0
 322.976595072625 228.703467954974 0 0
 325.144288348008 203.476806891368 0 0
 327.311539595099 190.700880029739 0 0
 329.478354771136 171.019312945156 0 0
 331.644739833357 148.667518804093 0 0
 333.810700739 141.26363891031 0 0
 335.976243445303 122.81268574538 0 0
 338.141373909504 102.282773183897 0 0
 340.306098088841 95.8445998845812 0 0
 342.470421940552 81.5905573654469 0 0
 344.634351421875 67.5097966913762 0 0
 346.797892490048 64.3674425065535 0 0
 348.961051102309 53.1685563424443 0 0
 351.123833215896 43.0368560938046 0 0
 353.286244788047 42.3250747710438 0 0
 355.448291776 34.3009296451319 0 0
 357.609980136993 27.5221588930804 0 0
 359.771315828264 31.4444013856835 0 0
 361.932304807051 38.9382433476436 0 0
 364.092953030592 50.7246053147873 0 0
 366.253266456125 54.342475384082 0 0
 368.413251040888 30.4723912916778 0 0
 370.572912742119 13.8987013903369 0 0
 372.732257517056 15.2337492364841 0 0
 374.891291322937 8.74968671994743 0 0
 377.050020117 5.27271999987775 0 0
 379.208449856483 10.873168601254 0 0
 381.366586498624 5.19840571230249 0 0
 383.524436000661 2.37746693323509 0 0
 385.682004319832 8.75234485200742 0 0
 387.839297413375 3.11561794329895 0 0
 389.996321238528 1.26722730762607 0 0
 392.153081752529 7.7069295817517 0 0
 394.309584912616 1.97300071630784 0 0
 396.465836676027 0.919830348534869 0 0
 398.621843 9.57252775499818 0 0
 400.777609841773 15.3049281050768 0 0
 402.933143158584 36.1526592912712 0 0
 405.088448907671 48.5960660427586 0 0
 407.243533046272 30.0496239052136 0 0
 409.398401531625 12.3769028251963 0 0
 411.553060320968 10.8079813533767 0 0
 413.707515371539 5.01098313014489 0 0
 415.861772640576 6.82314777625459 0 0
 418.015838085317 14.0495775401393 0 0
 420.169717663 13.8146189552846 0 0
 422.323417330863 20.0794696495129 0 0
 424.476943046144 32.1972177975393 0 0
 426.630300766081 39.5254768383873 0 0
 428.783496447912 57.7236238071818 0 0
 430.936536048875 95.58358896454 0 0
 433.089425526208 173.337741615008 0 0
 435.242170837149 254.64802862514 0 0
 437.394777938936 288.895123170828 0 0
 439.547252788807 281.98170354477 0 0
 441.699601344 327.806092226065 0 0
 443.851829561753 411.215846078624 0 0
 446.003943399304 497.387156773655 0 0
 448.155948813891 576.626310856197 0 0
 450.307851762752 627.228609121597 0 0
 452.459658203125 629.469761815954 0 0
 454.611374092248 599.474346272722 0 0
 456.763005387359 541.992674625829 0 0
 458.914558045696 463.820769216301 0 0
 461.066038024497 396.048178409733 0 0
 463.217451281 342.082021827324 0 0
 465.368803772443 292.934588166695 0 0
 467.520101456064 259.926693503809 0 0
 469.671350289101 231.447254817771 0 0
 471.822556228792 196.656881240597 0 0
 473.973725232375 172.30024586365 0 0
 476.124863257088 152.285432300186 0 0
 478.275976260169 129.891138976226 0 0
 480.427070198856 121.826951961269 0 0
 482.578151030387 117.854449579662 0 0
 484.729224712 109.05665579032 0 0
 486.880297200933 111.057479665466 0 0
 489.031374454424 113.283734420308 0 0
 491.182462429711 108.941035459618 0 0
 493.333567084032 114.994006481469 0 0
 495.484694374625 119.790990830293 0 0
 497.635850258728 118.611776094882 0 0
 499.787040693579 127.365959879846 0 0
 501.938271636416 133.815081185366 0 0
 504.089549044477 -NAN 0 0
 506.240878875 -NAN 0 0
 508.392267085223 -NAN 0 0
 510.543719632384 -NAN 0 0
 512.695242473721 -NAN 0 0
 514.846841566472 -NAN 0 0
 516.998522867875 -NAN 0 0
 519.150292335168 -NAN 0 0
 521.302155925589 -NAN 0 0
 523.454119596376 -NAN 0 0
 525.606189304767 -NAN 0 0
 527.758371008 -NAN 0 0
 529.910670663313 -NAN 0 0
 532.063094227944 -NAN 0 0
 534.215647659131 -NAN 0 0
 536.368336914112 -NAN 0 0
 538.521167950125 -NAN 0 0
 540.674146724408 -NAN 0 0
 542.827279194199 -NAN 0 0
 544.980571316736 -NAN 0 0
 547.134029049257 -NAN 0 0
 549.287658349 -NAN 0 0
 551.441465173203 -NAN 0 0
 553.595455479104 -NAN 0 0
 555.749635223941 -NAN 0 0
 557.904010364952 -NAN 0 0
 560.058586859375 -NAN 0 0
 562.213370664448 -NAN 0 0
 564.368367737409 -NAN 0 0
 566.523584035496 -NAN 0 0
 568.679025515947 -NAN 0 0
 570.834698136 -NAN 0 0
 572.990607852893 -NAN 0 0
 575.146760623864 -NAN 0 0
 577.303162406151 -NAN 0 0
 579.459819156992 -NAN 0 0
 581.616736833625 -NAN 0 0
 583.773921393288 -NAN 0 0
 585.931378793219 -NAN 0 0
 588.089114990656 -NAN 0 0
 590.247135942837 -NAN 0 0
 592.405447607 -NAN 0 0
 594.564055940383 -NAN 0 0
 596.722966900224 -NAN 0 0
 598.882186443761 -NAN 0 0
 601.041720528232 -NAN 0 0
 603.201575110875 -NAN 0 0
 605.361756148928 -NAN 0 0
 607.522269599629 -NAN 0 0
 609.683121420216 -NAN 0 0
 611.844317567927 -NAN 0 0
 614.005864 -NAN 0 0
 616.167766673673 -NAN 0 0
 618.330031546184 -NAN 0 0
 620.492664574771 -NAN 0 0
 622.655671716672 -NAN 0 0
 624.819058929125 -NAN 0 0
 626.982832169368 -NAN 0 0
 629.146997394639 -NAN 0 0
 631.311560562176 -NAN 0 0
 633.476527629217 -NAN 0 0
 635.641904553 -NAN 0 0
 637.807697290763 -NAN 0 0
 639.973911799744 -NAN 0 0
 642.140554037181 -NAN 0 0
 644.307629960312 -NAN 0 0
 646.475145526375 -NAN 0 0
 648.643106692608 -NAN 0 0
 650.811519416249 -NAN 0 0
 652.980389654536 -NAN 0 0
 655.149723364707 -NAN 0 0
 657.319526504 -NAN 0 0
 659.489805029653 -NAN 0 0
 661.660564898904 -NAN 0 0
 663.831812068991 -NAN 0 0
 666.003552497152 -NAN 0 0
 668.175792140625 -NAN 0 0
 670.348536956648 -NAN 0 0
 672.521792902459 -NAN 0 0
 674.695565935296 -NAN 0 0
 676.869862012397 -NAN 0 0
 679.044687091 -NAN 0 0
 681.220047128343 -NAN 0 0
 683.395948081664 -NAN 0 0
 685.572395908201 -NAN 0 0
 687.749396565192 -NAN 0 0
 689.926956009875 -NAN 0 0
 692.105080199488 -NAN 0 0
 694.283775091269 -NAN 0 0
 696.463046642456 -NAN 0 0
 698.642900810287 -NAN 0 0
 700.823343552 -NAN 0 0
 703.004380824833 -NAN 0 0
 705.186018586024 -NAN 0 0
 707.368262792811 -NAN 0 0
 709.551119402432 -NAN 0 0
 711.734594372125 -NAN 0 0
 713.918693659128 -NAN 0 0
 716.103423220679 -NAN 0 0
 718.288789014016 -NAN 0 0
 720.474796996377 -NAN 0 0
 722.661453125 -NAN 0 0
 724.848763357123 -NAN 0 0
 727.036733649984 -NAN 0 0
 729.225369960821 -NAN 0 0
 731.414678246872 -NAN 0 0
 733.604664465375 -NAN 0 0
 735.795334573568 -NAN 0 0
[END] of [DATA]
[END] of Spectrum


[Spectrum]
Version            = 1
IDData             = 12ad_2026-06-09_17-47-10_000_937
IDDevice           = SAM_82E6
IDDataType         = SPECTRUM
IDDataTypeSub1     = CALIBRATED
IDDataTypeSub2     = 
IDDataTypeSub3     = 
DateTime           = 2026-06-09 17:47:10
PositionLatitude   = 0
PositionLongitude  = 0
Comment            = 20260609_FrameA
CommentSub1        = UV
CommentSub2        = left
CommentSub3        = 50cm
IDMethodType       = SAM Control
MethodName         = SAM_82E6
Mission            = No Mission
MissionSub         = 1
RecordType         = 0
[Attributes]
CalFactor = 1
IDBasisSpec = 
IDDataBack = DLAB_2024-11-11_10-40-48_641_639
IDDataCal = DLAB_2024-11-12_11-45-27_171_455
IntegrationTime = 128
P31 = -1
P31e = 0
PathLength = +INF
PathLengthCustomOn = 0
RAWDynamic = 65535
Salinity = 0
Temperature = -NAN
Unit1 = $01 $01 Wavelength nm
Unit2 = $03 $06 Intensity mW/(m^2 nm)
Unit3 = $f0 $06 Error mW/(m^2 nm)
Unit4 = $f1 $00 Status 
p999 = 8141
[END] of [Attributes]
[DATA]
 0 6 0 0
 185.260577530984 -NAN 0 0
 187.468128380571 -NAN 0 0
 189.674861895872 -NAN 0 0
 191.880784034125 -NAN 0 0
 194.085900752568 -NAN 0 0
 196.290218008439 -NAN 0 0
 198.493741758976 -NAN 0 0
 200.696477961417 -NAN 0 0
 202.898432573 -NAN 0 0
 205.099611550963 -NAN 0 0
 207.300020852544 -NAN 0 0
 209.499666434981 -NAN 0 0
 211.698554255512 -NAN 0 0
 213.896690271375 -NAN 0 0
 216.094080439808 -NAN 0 0
 218.290730718049 -NAN 0 0
 220.486647063336 -NAN 0 0
 222.681835432907 -NAN 0 0
 224.876301784 -NAN 0 0
 227.070052073853 -NAN 0 0
 229.263092259704 -NAN 0 0
 231.455428298791 -NAN 0 0
 233.647066148352 -NAN 0 0
 235.838011765625 -NAN 0 0
 238.028271107848 -NAN 0 0
 240.217850132259 -NAN 0 0
 242.406754796096 -NAN 0 0
 244.594991056597 -NAN 0 0
 246.782564871 -NAN 0 0
 248.969482196543 -NAN 0 0
 251.155748990464 -NAN 0 0
 253.341371210001 -NAN 0 0
 255.526354812392 -NAN 0 0
 257.710705754875 -NAN 0 0
 259.894429994688 -NAN 0 0
 262.077533489069 -NAN 0 0
 264.260022195256 -NAN 0 0
 266.441902070487 -NAN 0 0
 268.623179072 -NAN 0 0
 270.803859157033 -NAN 0 0
 272.983948282824 -NAN 0 0
 275.163452406611 -NAN 0 0
 277.342377485632 -NAN 0 0
 279.520729477125 13.0202337144699 0 0
 281.698514338328 16.3107259066942 0 0
 283.875738026479 34.4173413309056 0 0
 286.052406498816 45.2298490111612 0 0
 288.228525712577 59.9437596827362 0 0
 290.404101625 93.2785929499709 0 0
 292.579140193323 118.59700437098 0 0
 294.753647374784 151.047994132796 0 0
 296.927629126621 188.377141298489 0 0
 299.101091406072 214.388193378117 0 0
 301.274040170375 246.920981033724 0 0
 303.446481376768 270.464293367688 0 0
 305.618420982489 285.017159876072 0 0
 307.789864944776 295.38449733167 0 0
 309.960819220867 315.93774130299 0 0
 312.131289768 326.04689406405 0 0
 314.301282543413 311.506722724781 0 0
 316.470803504344 289.163479389111 0 0
 318.639858608031 260.988328439658 0 0
 320.808453811712 237.460014400999 0 0
 322.976595072625 229.441734523781 0 0
 325.144288348008 203.870936045369 0 0
 327.311539595099 182.973631698287 0 0
 329.478354771136 172.710530287483 0 0
 331.644739833357 149.258223582975 0 0
 333.810700739 133.967654294453 0 0
 335.976243445303 125.355141105663 0 0
 338.141373909504 102.767293075945 0 0
 340.306098088841 89.545435993132 0 0
 342.470421940552 84.2579049211588 0 0
 344.634351421875 68.0115583003016 0 0
 346.797892490048 58.9134203590827 0 0
 348.961051102309 55.6076970073351 0 0
 351.123833215896 43.3223066428625 0 0
 353.286244788047 37.6373591874469 0 0
 355.448291776 37.1697407599798 0 0
 357.609980136993 27.6410203532037 0 0
 359.771315828264 27.1108028145679 0 0
 361.932304807051 41.8272096579382 0 0
 364.092953030592 50.6467030851127 0 0
 366.253266456125 49.4271170088746 0 0
 368.413251040888 33.7274177943189 0 0
 370.572912742119 13.6989984882979 0 0
 372.732257517056 9.93092128371694 0 0
 374.891291322937 13.0371932236636 0 0
 377.050020117 4.78026170109761 0 0
 379.208449856483 5.71342068421354 0 0
 381.366586498624 9.65443231840692 0 0
 383.524436000661 1.69101188662289 0 0
 385.682004319832 3.6617323029814 0 0
 387.839297413375 7.81253665517391 0 0
 389.996321238528 0.184242883545189 0 0
 392.153081752529 2.76559583701243 0 0
 394.309584912616 6.37072929606168 0 0
 396.465836676027 -0.356907699555121 0 0
 398.621843 4.82373428269573 0 0
 400.777609841773 19.5224576873361 0 0
 402.933143158584 34.1034085418681 0 0
 405.088448907671 43.8456519064378 0 0
 407.243533046272 33.453255521936 0 0
 409.398401531625 10.6272184903192 0 0
 411.553060320968 7.33697037863776 0 0
 413.707515371539 8.73704443484455 0 0
 415.861772640576 5.19119517890745 0 0
 418.015838085317 11.0976775809668 0 0
 420.169717663 17.0698848923938 0 0
 422.323417330863 18.4506701578879 0 0
 424.476943046144 29.6914068685905 0 0
 426.630300766081 42.4957114768842 0 0
 428.783496447912 56.1177688181769 0 0
 430.936536048875 93.272216053382 0 0
 433.089425526208 175.263800401774 0 0
 435.242170837149 251.399219262001 0 0
 437.394777938936 285.904930134368 0 0
 439.547252788807 284.197029718364 0 0
 441.699601344 325.959171310585 0 0
 443.851829561753 409.500751888725 0 0
 446.003943399304 500.423545966427 0 0
 448.155948813891 574.496818917141 0 0
 450.307851762752 625.543119950323 0 0
 452.459658203125 632.857276736517 0 0
 454.611374092248 596.824035977818 0 0
 456.763005387359 540.888532445653 0 0
 458.914558045696 467.183135786029 0 0
 461.066038024497 393.080158916838 0 0
 463.217451281 340.98209730864 0 0
 465.368803772443 296.68071145335 0 0
 467.520101456064 256.903200808709 0 0
 469.671350289101 230.53470816717 0 0
 471.822556228792 200.378807107041 0 0
 473.973725232375 169.053122192275 0 0
 476.124863257088 151.770617635487 0 0
 478.275976260169 133.834950860304 0 0
 480.427070198856 118.301600481162 0 0
 482.578151030387 117.455984961565 0 0
 484.729224712 112.86208158178 0 0
 486.880297200933 107.537232233317 0 0
 489.031374454424 113.186387493447 0 0
 491.182462429711 112.804258600986 0 0
 493.333567084032 111.330032421704 0 0
 495.484694374625 120.192770571214 0 0
 497.635850258728 122.406753183612 0 0
 499.787040693579 123.768512836161 0 0
 501.938271636416 134.283240012638 0 0
 504.089549044477 -NAN 0 0
 506.240878875 -NAN 0 0
 508.392267085223 -NAN 0 0
 510.543719632384 -NAN 0 0
 512.695242473721 -NAN 0 0
 514.846841566472 -NAN 0 0
 516.998522867875 -NAN 0 0
 519.150292335168 -NAN 0 0
 521.302155925589 -NAN 0 0
 523.454119596376 -NAN 0 0
 525.606189304767 -NAN 0 0
 527.758371008 -NAN 0 0
 529.910670663313 -NAN 0 0
 532.063094227944 -NAN 0 0
 534.215647659131 -NAN 0 0
 536.368336914112 -NAN 0 0
 538.521167950125 -NAN 0 0
 540.674146724408 -NAN 0 0
 542.827279194199 -NAN 0 0
 544.980571316736 -NAN 0 0
 547.134029049257 -NAN 0 0
 549.287658349 -NAN 0 0
 551.441465173203 -NAN 0 0
 553.595455479104 -NAN 0 0
 555.749635223941 -NAN 0 0
 557.904010364952 -NAN 0 0
 560.058586859375 -NAN 0 0
 562.213370664448 -NAN 0 0
 564.368367737409 -NAN 0 0
 566.523584035496 -NAN 0 0
 568.679025515947 -NAN 0 0
 570.834698136 -NAN 0 0
 572.990607852893 -NAN 0 0
 575.146760623864 -NAN 0 0
 577.303162406151 -NAN 0 0
 579.459819156992 -NAN 0 0
 581.616736833625 -NAN 0 0
 583.773921393288 -NAN 0 0
 585.931378793219 -NAN 0 0
 588.089114990656 -NAN 0 0
 590.247135942837 -NAN 0 0
 592.405447607 -NAN 0 0
 594.564055940383 -NAN 0 0
 596.722966900224 -NAN 0 0
 598.882186443761 -NAN 0 0
 601.041720528232 -NAN 0 0
 603.201575110875 -NAN 0 0
 605.361756148928 -NAN 0 0
 607.522269599629 -NAN 0 0
 609.683121420216 -NAN 0 0
 611.844317567927 -NAN 0 0
 614.005864 -NAN 0 0
 616.167766673673 -NAN 0 0
 618.330031546184 -NAN 0 0
 620.492664574771 -NAN 0 0
 622.655671716672 -NAN 0 0
 624.819058929125 -NAN 0 0
 626.982832169368 -NAN 0 0
 629.146997394639 -NAN 0 0
 631.311560562176 -NAN 0 0
 633.476527629217 -NAN 0 0
 635.641904553 -NAN 0 0
 637.807697290763 -NAN 0 0
 639.973911799744 -NAN 0 0
 642.140554037181 -NAN 0 0
 644.307629960312 -NAN 0 0
 646.475145526375 -NAN 0 0
 648.643106692608 -NAN 0 0
 650.811519416249 -NAN 0 0
 652.980389654536 -NAN 0 0
 655.149723364707 -NAN 0 0
 657.319526504 -NAN 0 0
 659.489805029653 -NAN 0 0
 661.660564898904 -NAN 0 0
 663.831812068991 -NAN 0 0
 666.003552497152 -NAN 0 0
 668.175792140625 -NAN 0 0
 670.348536956648 -NAN 0 0
 672.521792902459 -NAN 0 0
 674.695565935296 -NAN 0 0
 676.869862012397 -NAN 0 0
 679.044687091 -NAN 0 0
 681.220047128343 -NAN 0 0
 683.395948081664 -NAN 0 0
 685.572395908201 -NAN 0 0
 687.749396565192 -NAN 0 0
 689.926956009875 -NAN 0 0
 692.105080199488 -NAN 0 0
 694.283775091269 -NAN 0 0
 696.463046642456 -NAN 0 0
 698.642900810287 -NAN 0 0
 700.823343552 -NAN 0 0
 703.004380824833 -NAN 0 0
 705.186018586024 -NAN 0 0
 707.368262792811 -NAN 0 0
 709.551119402432 -NAN 0 0
 711.734594372125 -NAN 0 0
 713.918693659128 -NAN 0 0
 716.103423220679 -NAN 0 0
 718.288789014016 -NAN 0 0
 720.474796996377 -NAN 0 0
 722.661453125 -NAN 0 0
 724.848763357123 -NAN 0 0
 727.036733649984 -NAN 0 0
 729.225369960821 -NAN 0 0
 731.414678246872 -NAN 0 0
 733.604664465375 -NAN 0 0
 735.795334573568 -NAN 0 0
[END] of [DATA]
[END] of Spectrum


[Spectrum]
Version            = 1
IDData             = 12ad_2026-06-09_17-47-05_000_934
IDDevice           = SAM_82E6
IDDataType         = SPECTRUM
IDDataTypeSub1     = CALIBRATED
IDDataTypeSub2     = 
IDDataTypeSub3     = 
DateTime           = 2026-06-09 17:47:05
PositionLatitude   = 0
PositionLongitude  = 0
Comment            = 20260609_FrameA
CommentSub1        = UV
CommentSub2        = left
CommentSub3        = 50cm
IDMethodType       = SAM Control
MethodName         = SAM_82E6
Mission            = No Mission
MissionSub         = 1
RecordType         = 0
[Attributes]
CalFactor = 1
IDBasisSpec = 
IDDataBack = DLAB_2024-11-11_10-40-48_641_639
IDDataCal = DLAB_2024-11-12_11-45-27_171_455
IntegrationTime = 128
P31 = -1
P31e = 0
PathLength = +INF
PathLengthCustomOn = 0
RAWDynamic = 65535
Salinity = 0
Temperature = -NAN
Unit1 = $01 $01 Wavelength nm
Unit2 = $03 $06 Intensity mW/(m^2 nm)
Unit3 = $f0 $06 Error mW/(m^2 nm)
Unit4 = $f1 $00 Status 
p999 = 8140
[END] of [Attributes]
[DATA]
 0 6 0 0
 185.260577530984 -NAN 0 0
 187.468128380571 -NAN 0 0
 189.674861895872 -NAN 0 0
 191.880784034125 -NAN 0 0
 194.085900752568 -NAN 0 0
 196.290218008439 -NAN 0 0
 198.493741758976 -NAN 0 0
 200.696477961417 -NAN 0 0
 202.898432573 -NAN 0 0
 205.099611550963 -NAN 0 0
 207.300020852544 -NAN 0 0
 209.499666434981 -NAN 0 0
 211.698554255512 -NAN 0 0
 213.896690271375 -NAN 0 0
 216.094080439808 -NAN 0 0
 218.290730718049 -NAN 0 0
 220.486647063336 -NAN 0 0
 222.681835432907 -NAN 0 0
 224.876301784 -NAN 0 0
 227.070052073853 -NAN 0 0
 229.263092259704 -NAN 0 0
 231.455428298791 -NAN 0 0
 233.647066148352 -NAN 0 0
 235.838011765625 -NAN 0 0
 238.028271107848 -NAN 0 0
 240.217850132259 -NAN 0 0
 242.406754796096 -NAN 0 0
 244.594991056597 -NAN 0 0
 246.782564871 -NAN 0 0
 248.969482196543 -NAN 0 0
 251.155748990464 -NAN 0 0
 253.341371210001 -NAN 0 0
 255.526354812392 -NAN 0 0
 257.710705754875 -NAN 0 0
 259.894429994688 -NAN 0 0
 262.077533489069 -NAN 0 0
 264.260022195256 -NAN 0 0
 266.441902070487 -NAN 0 0
 268.623179072 -NAN 0 0
 270.803859157033 -NAN 0 0
 272.983948282824 -NAN 0 0
 275.163452406611 -NAN 0 0
 277.342377485632 -NAN 0 0
 279.520729477125 16.1459863771102 0 0
 281.698514338328 17.4978821957133 0 0
 283.875738026479 27.8960686898858 0 0
 286.052406498816 48.7956489764929 0 0
 288.228525712577 60.2131073837597 0 0
 290.404101625 85.9353310544146 0 0
 292.579140193323 120.714169354602 0 0
 294.753647374784 149.580700571084 0 0
 296.927629126621 180.13713199076 0 0
 299.101091406072 215.019807057343 0 0
 301.274040170375 243.463133698854 0 0
 303.446481376768 261.842561552142 0 0
 305.618420982489 284.174025601583 0 0
 307.789864944776 290.929313568249 0 0
 309.960819220867 306.881458785094 0 0
 312.131289768 324.901388127271 0 0
 314.301282543413 306.639230651756 0 0
 316.470803504344 280.068704320753 0 0
 318.639858608031 261.484893796973 0 0
 320.808453811712 233.229767906128 0 0
 322.976595072625 220.163481531415 0 0
 325.144288348008 205.701543251499 0 0
 327.311539595099 178.974403193601 0 0
 329.478354771136 164.422524103272 0 0
 331.644739833357 152.041494220313 0 0
 333.810700739 130.329283390462 0 0
 335.976243445303 117.987980576265 0 0
 338.141373909504 106.115395750272 0 0
 340.306098088841 86.331382966855 0 0
 342.470421940552 78.1872994875406 0 0
 344.634351421875 71.1680035093311 0 0
 346.797892490048 56.1833893395292 0 0
 348.961051102309 50.8705134305724 0 0
 351.123833215896 46.7365190923792 0 0
 353.286244788047 35.1926375455711 0 0
 355.448291776 32.8606079043065 0 0
 357.609980136993 31.176881085879 0 0
 359.771315828264 24.525056732423 0 0
 361.932304807051 38.120197015006 0 0
 364.092953030592 54.1308520818602 0 0
 366.253266456125 46.4304884532124 0 0
 368.413251040888 30.0492984613532 0 0
 370.572912742119 18.2532294492627 0 0
 372.732257517056 6.91228810224013 0 0
 374.891291322937 9.44208742531395 0 0
 377.050020117 9.65794389853904 0 0
 379.208449856483 2.2735887395199 0 0
 381.366586498624 6.28238046868755 0 0
 383.524436000661 6.89556339944663 0 0
 385.682004319832 -0.295262419396474 0 0
 387.839297413375 4.99296855965923 0 0
 389.996321238528 5.40391878482217 0 0
 392.153081752529 -1.31957308871417 0 0
 394.309584912616 4.27072867193117 0 0
 396.465836676027 4.5110756467901 0 0
 398.621843 0.726423793042202 0 0
 400.777609841773 17.5196838493221 0 0
 402.933143158584 38.1055939881358 0 0
 405.088448907671 39.0129316550061 0 0
 407.243533046272 31.88033815351 0 0
 409.398401531625 14.5551280515234 0 0
 411.553060320968 3.69279489070089 0 0
 413.707515371539 8.07732051468423 0 0
 415.861772640576 8.76332406615885 0 0
 418.015838085317 7.69065618286759 0 0
 420.169717663 16.7879699696217 0 0
 422.323417330863 21.6551660660877 0 0
 424.476943046144 26.5669100673507 0 0
 426.630300766081 42.4249299481551 0 0
 428.783496447912 58.9164242320857 0 0
 430.936536048875 89.9266994689608 0 0
 433.089425526208 174.162732747297 0 0
 435.242170837149 252.283151157605 0 0
 437.394777938936 281.120301554775 0 0
 439.547252788807 283.883212063981 0 0
 441.699601344 328.525298190037 0 0
 443.851829561753 406.207838007291 0 0
 446.003943399304 501.06179514586 0 0
 448.155948813891 577.315083485846 0 0
 450.307851762752 621.962920908078 0 0
 452.459658203125 633.765060335684 0 0
 454.611374092248 599.929853495994 0 0
 456.763005387359 536.766792140877 0 0
 458.914558045696 468.430674584534 0 0
 461.066038024497 396.316145840777 0 0
 463.217451281 336.727809463003 0 0
 465.368803772443 298.07613973877 0 0
 467.520101456064 259.977031497671 0 0
 469.671350289101 226.081307312398 0 0
 471.822556228792 202.040283558434 0 0
 473.973725232375 171.995243063728 0 0
 476.124863257088 147.156106834489 0 0
 478.275976260169 135.844083541738 0 0
 480.427070198856 121.157525029344 0 0
 482.578151030387 112.743610682555 0 0
 484.729224712 115.00340193903 0 0
 486.880297200933 109.942231273393 0 0
 489.031374454424 108.482404958691 0 0
 491.182462429711 115.225613839636 0 0
 493.333567084032 113.423095694982 0 0
 495.484694374625 115.459960179532 0 0
 497.635850258728 124.943320697098 0 0
 499.787040693579 125.557995409115 0 0
 501.938271636416 129.6231762837 0 0
 504.089549044477 -NAN 0 0
 506.240878875 -NAN 0 0
 508.392267085223 -NAN 0 0
 510.543719632384 -NAN 0 0
 512.695242473721 -NAN 0 0
 514.846841566472 -NAN 0 0
 516.998522867875 -NAN 0 0
 519.150292335168 -NAN 0 0
 521.302155925589 -NAN 0 0
 523.454119596376 -NAN 0 0
 525.606189304767 -NAN 0 0
 527.758371008 -NAN 0 0
 529.910670663313 -NAN 0 0
 532.063094227944 -NAN 0 0
 534.215647659131 -NAN 0 0
 536.368336914112 -NAN 0 0
 538.521167950125 -NAN 0 0
 540.674146724408 -NAN 0 0
 542.827279194199 -NAN 0 0
 544.980571316736 -NAN 0 0
 547.134029049257 -NAN 0 0
 549.287658349 -NAN 0 0
 551.441465173203 -NAN 0 0
 553.595455479104 -NAN 0 0
 555.749635223941 -NAN 0 0
 557.904010364952 -NAN 0 0
 560.058586859375 -NAN 0 0
 562.213370664448 -NAN 0 0
 564.368367737409 -NAN 0 0
 566.523584035496 -NAN 0 0
 568.679025515947 -NAN 0 0
 570.834698136 -NAN 0 0
 572.990607852893 -NAN 0 0
 575.146760623864 -NAN 0 0
 577.303162406151 -NAN 0 0
 579.459819156992 -NAN 0 0
 581.616736833625 -NAN 0 0
 583.773921393288 -NAN 0 0
 585.931378793219 -NAN 0 0
 588.089114990656 -NAN 0 0
 590.247135942837 -NAN 0 0
 592.405447607 -NAN 0 0
 594.564055940383 -NAN 0 0
 596.722966900224 -NAN 0 0
 598.882186443761 -NAN 0 0
 601.041720528232 -NAN 0 0
 603.201575110875 -NAN 0 0
 605.361756148928 -NAN 0 0
 607.522269599629 -NAN 0 0
 609.683121420216 -NAN 0 0
 611.844317567927 -NAN 0 0
 614.005864 -NAN 0 0
 616.167766673673 -NAN 0 0
 618.330031546184 -NAN 0 0
 620.492664574771 -NAN 0 0
 622.655671716672 -NAN 0 0
 624.819058929125 -NAN 0 0
 626.982832169368 -NAN 0 0
 629.146997394639 -NAN 0 0
 631.311560562176 -NAN 0 0
 633.476527629217 -NAN 0 0
 635.641904553 -NAN 0 0
 637.807697290763 -NAN 0 0
 639.973911799744 -NAN 0 0
 642.140554037181 -NAN 0 0
 644.307629960312 -NAN 0 0
 646.475145526375 -NAN 0 0
 648.643106692608 -NAN 0 0
 650.811519416249 -NAN 0 0
 652.980389654536 -NAN 0 0
 655.149723364707 -NAN 0 0
 657.319526504 -NAN 0 0
 659.489805029653 -NAN 0 0
 661.660564898904 -NAN 0 0
 663.831812068991 -NAN 0 0
 666.003552497152 -NAN 0 0
 668.175792140625 -NAN 0 0
 670.348536956648 -NAN 0 0
 672.521792902459 -NAN 0 0
 674.695565935296 -NAN 0 0
 676.869862012397 -NAN 0 0
 679.044687091 -NAN 0 0
 681.220047128343 -NAN 0 0
 683.395948081664 -NAN 0 0
 685.572395908201 -NAN 0 0
 687.749396565192 -NAN 0 0
 689.926956009875 -NAN 0 0
 692.105080199488 -NAN 0 0
 694.283775091269 -NAN 0 0
 696.463046642456 -NAN 0 0
 698.642900810287 -NAN 0 0
 700.823343552 -NAN 0 0
 703.004380824833 -NAN 0 0
 705.186018586024 -NAN 0 0
 707.368262792811 -NAN 0 0
 709.551119402432 -NAN 0 0
 711.734594372125 -NAN 0 0
 713.918693659128 -NAN 0 0
 716.103423220679 -NAN 0 0
 718.288789014016 -NAN 0 0
 720.474796996377 -NAN 0 0
 722.661453125 -NAN 0 0
 724.848763357123 -NAN 0 0
 727.036733649984 -NAN 0 0
 729.225369960821 -NAN 0 0
 731.414678246872 -NAN 0 0
 733.604664465375 -NAN 0 0
 735.795334573568 -NAN 0 0
[END] of [DATA]
[END] of Spectrum


[Spectrum]
Version            = 1
IDData             = 12ad_2026-06-09_17-47-00_000_931
IDDevice           = SAM_82E6
IDDataType         = SPECTRUM
IDDataTypeSub1     = CALIBRATED
IDDataTypeSub2     = 
IDDataTypeSub3     = 
DateTime           = 2026-06-09 17:47:00
PositionLatitude   = 0
PositionLongitude  = 0
Comment            = 20260609_FrameA
CommentSub1        = UV
CommentSub2        = left
CommentSub3        = 50cm
IDMethodType       = SAM Control
MethodName         = SAM_82E6
Mission            = No Mission
MissionSub         = 1
RecordType         = 0
[Attributes]
CalFactor = 1
IDBasisSpec = 
IDDataBack = DLAB_2024-11-11_10-40-48_641_639
IDDataCal = DLAB_2024-11-12_11-45-27_171_455
IntegrationTime = 128
P31 = -1
P31e = 0
PathLength = +INF
PathLengthCustomOn = 0
RAWDynamic = 65535
Salinity = 0
Temperature = -NAN
Unit1 = $01 $01 Wavelength nm
Unit2 = $03 $06 Intensity mW/(m^2 nm)
Unit3 = $f0 $06 Error mW/(m^2 nm)
Unit4 = $f1 $00 Status 
p999 = 8139
[END] of [Attributes]
[DATA]
 0 6 0 0
 185.260577530984 -NAN 0 0
 187.468128380571 -NAN 0 0
 189.674861895872 -NAN 0 0
 191.880784034125 -NAN 0 0
 194.085900752568 -NAN 0 0
 196.290218008439 -NAN 0 0
 198.493741758976 -NAN 0 0
 200.696477961417 -NAN 0 0
 202.898432573 -NAN 0 0
 205.099611550963 -NAN 0 0
 207.300020852544 -NAN 0 0
 209.499666434981 -NAN 0 0
 211.698554255512 -NAN 0 0
 213.896690271375 -NAN 0 0
 216.094080439808 -NAN 0 0
 218.290730718049 -NAN 0 0
 220.486647063336 -NAN 0 0
 222.681835432907 -NAN 0 0
 224.876301784 -NAN 0 0
 227.070052073853 -NAN 0 0
 229.263092259704 -NAN 0 0
 231.455428298791 -NAN 0 0
 233.647066148352 -NAN 0 0
 235.838011765625 -NAN 0 0
 238.028271107848 -NAN 0 0
 240.217850132259 -NAN 0 0
 242.406754796096 -NAN 0 0
 244.594991056597 -NAN 0 0
 246.782564871 -NAN 0 0
 248.969482196543 -NAN 0 0
 251.155748990464 -NAN 0 0
 253.341371210001 -NAN 0 0
 255.526354812392 -NAN 0 0
 257.710705754875 -NAN 0 0
 259.894429994688 -NAN 0 0
 262.077533489069 -NAN 0 0
 264.260022195256 -NAN 0 0
 266.441902070487 -NAN 0 0
 268.623179072 -NAN 0 0
 270.803859157033 -NAN 0 0
 272.983948282824 -NAN 0 0
 275.163452406611 -NAN 0 0
 277.342377485632 -NAN 0 0
 279.520729477125 12.7699244375015 0 0
 281.698514338328 21.7902104962084 0 0
 283.875738026479 25.7707946914591 0 0
 286.052406498816 44.519883138585 0 0
 288.228525712577 64.2977366157708 0 0
 290.404101625 82.5167154669982 0 0
 292.579140193323 115.979444201482 0 0
 294.753647374784 152.4235818469 0 0
 296.927629126621 175.689558399855 0 0
 299.101091406072 209.858450746537 0 0
 301.274040170375 244.452913489674 0 0
 303.446481376768 256.306260744819 0 0
 305.618420982489 278.761404678743 0 0
 307.789864944776 290.859834934702 0 0
 309.960819220867 300.644727709822 0 0
 312.131289768 319.055707045181 0 0
 314.301282543413 306.563648476709 0 0
 316.470803504344 273.743657231972 0 0
 318.639858608031 256.515380907573 0 0
 320.808453811712 234.844396288217 0 0
 322.976595072625 214.275629867419 0 0
 325.144288348008 201.683735795142 0 0
 327.311539595099 182.045658221943 0 0
 329.478354771136 158.649776077263 0 0
 331.644739833357 149.173837185992 0 0
 333.810700739 133.88328198301 0 0
 335.976243445303 112.686474173204 0 0
 338.141373909504 104.406234276004 0 0
 340.306098088841 89.9811247690758 0 0
 342.470421940552 73.7652903095145 0 0
 344.634351421875 70.1355566899633 0 0
 346.797892490048 59.69256638015 0 0
 348.961051102309 47.1106052743088 0 0
 351.123833215896 46.2809176278043 0 0
 353.286244788047 38.478073008092 0 0
 355.448291776 29.6153123911846 0 0
 357.609980136993 31.2036516850059 0 0
 359.771315828264 28.0562565609096 0 0
 361.932304807051 34.5702053459895 0 0
 364.092953030592 54.423267697595 0 0
 366.253266456125 49.8650498648268 0 0
 368.413251040888 26.3045026078491 0 0
 370.572912742119 19.1437285533234 0 0
 372.732257517056 11.2419525487922 0 0
 374.891291322937 5.53103179053491 0 0
 377.050020117 11.3063687361925 0 0
 379.208449856483 6.61606169492445 0 0
 381.366586498624 2.34926215445076 0 0
 383.524436000661 8.92650389967195 0 0
 385.682004319832 4.24632066778992 0 0
 387.839297413375 0.641765734872495 0 0
 389.996321238528 7.63871543684899 0 0
 392.153081752529 2.93627375068918 0 0
 394.309584912616 0.0584546927498899 0 0
 396.465836676027 6.91284680139893 0 0
 398.621843 4.58092086961069 0 0
 400.777609841773 13.1278869331058 0 0
 402.933143158584 40.0762711157312 0 0
 405.088448907671 42.0066630359769 0 0
 407.243533046272 27.6759918039181 0 0
 409.398401531625 16.9762695050895 0 0
 411.553060320968 6.46011822582002 0 0
 413.707515371539 4.4955075269328 0 0
 415.861772640576 11.1586916371243 0 0
 418.015838085317 10.0507999730685 0 0
 420.169717663 13.5762211011284 0 0
 422.323417330863 23.9523318471373 0 0
 424.476943046144 28.5223834915357 0 0
 426.630300766081 39.5410142471327 0 0
 428.783496447912 61.1983399566192 0 0
 430.936536048875 91.341539857003 0 0
 433.089425526208 170.466869627673 0 0
 435.242170837149 252.763479429991 0 0
 437.394777938936 281.025184481442 0 0
 439.547252788807 280.569524100047 0 0
 441.699601344 330.498799355175 0 0
 443.851829561753 407.313567350802 0 0
 446.003943399304 498.249563171602 0 0
 448.155948813891 579.848187411703 0 0
 450.307851762752 622.975657312219 0 0
 452.459658203125 630.770300768229 0 0
 454.611374092248 602.829313879619 0 0
 456.763005387359 537.880696851382 0 0
 458.914558045696 465.222004794781 0 0
 461.066038024497 399.4594139958 0 0
 463.217451281 337.314643601867 0 0
 465.368803772443 294.606568805202 0 0
 467.520101456064 263.493193919922 0 0
 469.671350289101 226.614979315656 0 0
 471.822556228792 198.703120659682 0 0
 473.973725232375 175.570492490976 0 0
 476.124863257088 147.223641661471 0 0
 478.275976260169 132.251425378531 0 0
 480.427070198856 124.834360806859 0 0
 482.578151030387 112.771514367296 0 0
 484.729224712 111.631604695907 0 0
 486.880297200933 113.675013504433 0 0
 489.031374454424 108.18812631772 0 0
 491.182462429711 111.936457392301 0 0
 493.333567084032 117.11824303754 0 0
 495.484694374625 114.730558390916 0 0
 497.635850258728 121.692520721987 0 0
 499.787040693579 129.303297635012 0 0
 501.938271636416 128.933314655467 0 0
 504.089549044477 -NAN 0 0
 506.240878875 -NAN 0 0
 508.392267085223 -NAN 0 0
 510.543719632384 -NAN 0 0
 512.695242473721 -NAN 0 0
 514.846841566472 -NAN 0 0
 516.998522867875 -NAN 0 0
 519.150292335168 -NAN 0 0
 521.302155925589 -NAN 0 0
 523.454119596376 -NAN 0 0
 525.606189304767 -NAN 0 0
 527.758371008 -NAN 0 0
 529.910670663313 -NAN 0 0
 532.063094227944 -NAN 0 0
 534.215647659131 -NAN 0 0
 536.368336914112 -NAN 0 0
 538.521167950125 -NAN 0 0
 540.674146724408 -NAN 0 0
 542.827279194199 -NAN 0 0
 544.980571316736 -NAN 0 0
 547.134029049257 -NAN 0 0
 549.287658349 -NAN 0 0
 551.441465173203 -NAN 0 0
 553.595455479104 -NAN 0 0
 555.749635223941 -NAN 0 0
 557.904010364952 -NAN 0 0
 560.058586859375 -NAN 0 0
 562.213370664448 -NAN 0 0
 564.368367737409 -NAN 0 0
 566.523584035496 -NAN 0 0
 568.679025515947 -NAN 0 0
 570.834698136 -NAN 0 0
 572.990607852893 -NAN 0 0
 575.146760623864 -NAN 0 0
 577.303162406151 -NAN 0 0
 579.459819156992 -NAN 0 0
 581.616736833625 -NAN 0 0
 583.773921393288 -NAN 0 0
 585.931378793219 -NAN 0 0
 588.089114990656 -NAN 0 0
 590.247135942837 -NAN 0 0
 592.405447607 -NAN 0 0
 594.564055940383 -NAN 0 0
 596.722966900224 -NAN 0 0
 598.882186443761 -NAN 0 0
 601.041720528232 -NAN 0 0
 603.201575110875 -NAN 0 0
 605.361756148928 -NAN 0 0
 607.522269599629 -NAN 0 0
 609.683121420216 -NAN 0 0
 611.844317567927 -NAN 0 0
 614.005864 -NAN 0 0
 616.167766673673 -NAN 0 0
 618.330031546184 -NAN 0 0
 620.492664574771 -NAN 0 0
 622.655671716672 -NAN 0 0
 624.819058929125 -NAN 0 0
 626.982832169368 -NAN 0 0
 629.146997394639 -NAN 0 0
 631.311560562176 -NAN 0 0
 633.476527629217 -NAN 0 0
 635.641904553 -NAN 0 0
 637.807697290763 -NAN 0 0
 639.973911799744 -NAN 0 0
 642.140554037181 -NAN 0 0
 644.307629960312 -NAN 0 0
 646.475145526375 -NAN 0 0
 648.643106692608 -NAN 0 0
 650.811519416249 -NAN 0 0
 652.980389654536 -NAN 0 0
 655.149723364707 -NAN 0 0
 657.319526504 -NAN 0 0
 659.489805029653 -NAN 0 0
 661.660564898904 -NAN 0 0
 663.831812068991 -NAN 0 0
 666.003552497152 -NAN 0 0
 668.175792140625 -NAN 0 0
 670.348536956648 -NAN 0 0
 672.521792902459 -NAN 0 0
 674.695565935296 -NAN 0 0
 676.869862012397 -NAN 0 0
 679.044687091 -NAN 0 0
 681.220047128343 -NAN 0 0
 683.395948081664 -NAN 0 0
 685.572395908201 -NAN 0 0
 687.749396565192 -NAN 0 0
 689.926956009875 -NAN 0 0
 692.105080199488 -NAN 0 0
 694.283775091269 -NAN 0 0
 696.463046642456 -NAN 0 0
 698.642900810287 -NAN 0 0
 700.823343552 -NAN 0 0
 703.004380824833 -NAN 0 0
 705.186018586024 -NAN 0 0
 707.368262792811 -NAN 0 0
 709.551119402432 -NAN 0 0
 711.734594372125 -NAN 0 0
 713.918693659128 -NAN 0 0
 716.103423220679 -NAN 0 0
 718.288789014016 -NAN 0 0
 720.474796996377 -NAN 0 0
 722.661453125 -NAN 0 0
 724.848763357123 -NAN 0 0
 727.036733649984 -NAN 0 0
 729.225369960821 -NAN 0 0
 731.414678246872 -NAN 0 0
 733.604664465375 -NAN 0 0
 735.795334573568 -NAN 0 0
[END] of [DATA]
[END] of Spectrum


[Spectrum]
Version            = 1
IDData             = 12ad_2026-06-09_17-46-55_000_928
IDDevice           = SAM_82E6
IDDataType         = SPECTRUM
IDDataTypeSub1     = CALIBRATED
IDDataTypeSub2     = 
IDDataTypeSub3     = 
DateTime           = 2026-06-09 17:46:55
PositionLatitude   = 0
PositionLongitude  = 0
Comment            = 20260609_FrameA
CommentSub1        = UV
CommentSub2        = left
CommentSub3        = 50cm
IDMethodType       = SAM Control
MethodName         = SAM_82E6
Mission            = No Mission
MissionSub         = 1
RecordType         = 0
[Attributes]
CalFactor = 1
IDBasisSpec = 
IDDataBack = DLAB_2024-11-11_10-40-48_641_639
IDDataCal = DLAB_2024-11-12_11-45-27_171_455
IntegrationTime = 128
P31 = -1
P31e = 0
PathLength = +INF
PathLengthCustomOn = 0
RAWDynamic = 65535
Salinity = 0
Temperature = -NAN
Unit1 = $01 $01 Wavelength nm
Unit2 = $03 $06 Intensity mW/(m^2 nm)
Unit3 = $f0 $06 Error mW/(m^2 nm)
Unit4 = $f1 $00 Status 
p999 = 8138
[END] of [Attributes]
[DATA]
 0 6 0 0
 185.260577530984 -NAN 0 0
 187.468128380571 -NAN 0 0
 189.674861895872 -NAN 0 0
 191.880784034125 -NAN 0 0
 194.085900752568 -NAN 0 0
 196.290218008439 -NAN 0 0
 198.493741758976 -NAN 0 0
 200.696477961417 -NAN 0 0
 202.898432573 -NAN 0 0
 205.099611550963 -NAN 0 0
 207.300020852544 -NAN 0 0
 209.499666434981 -NAN 0 0
 211.698554255512 -NAN 0 0
 213.896690271375 -NAN 0 0
 216.094080439808 -NAN 0 0
 218.290730718049 -NAN 0 0
 220.486647063336 -NAN 0 0
 222.681835432907 -NAN 0 0
 224.876301784 -NAN 0 0
 227.070052073853 -NAN 0 0
 229.263092259704 -NAN 0 0
 231.455428298791 -NAN 0 0
 233.647066148352 -NAN 0 0
 235.838011765625 -NAN 0 0
 238.028271107848 -NAN 0 0
 240.217850132259 -NAN 0 0
 242.406754796096 -NAN 0 0
 244.594991056597 -NAN 0 0
 246.782564871 -NAN 0 0
 248.969482196543 -NAN 0 0
 251.155748990464 -NAN 0 0
 253.341371210001 -NAN 0 0
 255.526354812392 -NAN 0 0
 257.710705754875 -NAN 0 0
 259.894429994688 -NAN 0 0
 262.077533489069 -NAN 0 0
 264.260022195256 -NAN 0 0
 266.441902070487 -NAN 0 0
 268.623179072 -NAN 0 0
 270.803859157033 -NAN 0 0
 272.983948282824 -NAN 0 0
 275.163452406611 -NAN 0 0
 277.342377485632 -NAN 0 0
 279.520729477125 14.7238311815982 0 0
 281.698514338328 15.1340291444506 0 0
 283.875738026479 29.003188168136 0 0
 286.052406498816 45.9093255517863 0 0
 288.228525712577 56.2817771092461 0 0
 290.404101625 85.6096101307305 0 0
 292.579140193323 115.780695691036 0 0
 294.753647374784 143.435040037422 0 0
 296.927629126621 176.904610619808 0 0
 299.101091406072 207.309353275096 0 0
 301.274040170375 235.078434087524 0 0
 303.446481376768 255.877030873587 0 0
 305.618420982489 274.776949975957 0 0
 307.789864944776 281.146721964883 0 0
 309.960819220867 299.792053854617 0 0
 312.131289768 314.03596049904 0 0
 314.301282543413 296.436799823107 0 0
 316.470803504344 273.901264161555 0 0
 318.639858608031 252.235399187916 0 0
 320.808453811712 225.120686204819 0 0
 322.976595072625 216.203560278534 0 0
 325.144288348008 197.790086240779 0 0
 327.311539595099 172.39209528083 0 0
 329.478354771136 162.02774844703 0 0
 331.644739833357 145.527456558458 0 0
 333.810700739 125.601473517659 0 0
 335.976243445303 117.112875872497 0 0
 338.141373909504 101.098859360718 0 0
 340.306098088841 82.9978887808177 0 0
 342.470421940552 78.1768238957656 0 0
 344.634351421875 67.6946562315066 0 0
 346.797892490048 53.9993645238864 0 0
 348.961051102309 51.4857921568511 0 0
 351.123833215896 43.8461923564277 0 0
 353.286244788047 33.7903574244952 0 0
 355.448291776 34.1105361065762 0 0
 357.609980136993 28.7975102354839 0 0
 359.771315828264 23.8388229552148 0 0
 361.932304807051 39.1589511501405 0 0
 364.092953030592 51.7847530490536 0 0
 366.253266456125 45.4541901396763 0 0
 368.413251040888 31.5234557154357 0 0
 370.572912742119 16.185864815576 0 0
 372.732257517056 6.99577666041407 0 0
 374.891291322937 11.5609680304744 0 0
 377.050020117 7.73501149377848 0 0
 379.208449856483 2.66543289920835 0 0
 381.366586498624 8.81495252011132 0 0
 383.524436000661 5.14460559939233 0 0
 385.682004319832 0.435828625643867 0 0
 387.839297413375 7.20044951082098 0 0
 389.996321238528 3.57225641257643 0 0
 392.153081752529 -0.381538376149232 0 0
 394.309584912616 6.24800198685925 0 0
 396.465836676027 2.83292363825962 0 0
 398.621843 1.81444017954346 0 0
 400.777609841773 18.9138225209786 0 0
 402.933143158584 35.3124284645215 0 0
 405.088448907671 38.8040952435309 0 0
 407.243533046272 32.3412837267345 0 0
 409.398401531625 12.7928395727801 0 0
 411.553060320968 4.63692752316879 0 0
 413.707515371539 9.19524497103306 0 0
 415.861772640576 7.50593469784636 0 0
 418.015838085317 8.90365803089253 0 0
 420.169717663 17.8191352911704 0 0
 422.323417330863 20.6095848297551 0 0
 424.476943046144 27.6462816895971 0 0
 426.630300766081 43.3191941403907 0 0
 428.783496447912 57.6806324137754 0 0
 430.936536048875 90.4985685599924 0 0
 433.089425526208 172.713533407948 0 0
 435.242170837149 247.414332795922 0 0
 437.394777938936 278.78313918145 0 0
 439.547252788807 283.308958108796 0 0
 441.699601344 326.980032804588 0 0
 443.851829561753 407.165411337327 0 0
 446.003943399304 501.578554535106 0 0
 448.155948813891 576.012996119732 0 0
 450.307851762752 623.156921797734 0 0
 452.459658203125 634.274530722971 0 0
 454.611374092248 598.621340052941 0 0
 456.763005387359 538.09449626558 0 0
 458.914558045696 468.81791062759 0 0
 461.066038024497 394.767436733602 0 0
 463.217451281 338.252539579555 0 0
 465.368803772443 298.333692311874 0 0
 467.520101456064 258.464749639547 0 0
 469.671350289101 227.475566014621 0 0
 471.822556228792 202.306994251947 0 0
 473.973725232375 170.361220843206 0 0
 476.124863257088 148.641873028092 0 0
 478.275976260169 135.85519600126 0 0
 480.427070198856 119.544662804005 0 0
 482.578151030387 114.261571132449 0 0
 484.729224712 115.054811509194 0 0
 486.880297200933 108.483571390482 0 0
 489.031374454424 109.9437277918 0 0
 491.182462429711 114.995540417513 0 0
 493.333567084032 111.911191479498 0 0
 495.484694374625 116.865635857136 0 0
 497.635850258728 124.519828023998 0 0
 499.787040693579 124.218601405543 0 0
 501.938271636416 131.125589439727 0 0
 504.089549044477 -NAN 0 0
 506.240878875 -NAN 0 0
 508.392267085223 -NAN 0 0
 510.543719632384 -NAN 0 0
 512.695242473721 -NAN 0 0
 514.846841566472 -NAN 0 0
 516.998522867875 -NAN 0 0
 519.150292335168 -NAN 0 0
 521.302155925589 -NAN 0 0
 523.454119596376 -NAN 0 0
 525.606189304767 -NAN 0 0
 527.758371008 -NAN 0 0
 529.910670663313 -NAN 0 0
 532.063094227944 -NAN 0 0
 534.215647659131 -NAN 0 0
 536.368336914112 -NAN 0 0
 538.521167950125 -NAN 0 0
 540.674146724408 -NAN 0 0
 542.827279194199 -NAN 0 0
 544.980571316736 -NAN 0 0
 547.134029049257 -NAN 0 0
 549.287658349 -NAN 0 0
 551.441465173203 -NAN 0 0
 553.595455479104 -NAN 0 0
 555.749635223941 -NAN 0 0
 557.904010364952 -NAN 0 0
 560.058586859375 -NAN 0 0
 562.213370664448 -NAN 0 0
 564.368367737409 -NAN 0 0
 566.523584035496 -NAN 0 0
 568.679025515947 -NAN 0 0
 570.834698136 -NAN 0 0
 572.990607852893 -NAN 0 0
 575.146760623864 -NAN 0 0
 577.303162406151 -NAN 0 0
 579.459819156992 -NAN 0 0
 581.616736833625 -NAN 0 0
 583.773921393288 -NAN 0 0
 585.931378793219 -NAN 0 0
 588.089114990656 -NAN 0 0
 590.247135942837 -NAN 0 0
 592.405447607 -NAN 0 0
 594.564055940383 -NAN 0 0
 596.722966900224 -NAN 0 0
 598.882186443761 -NAN 0 0
 601.041720528232 -NAN 0 0
 603.201575110875 -NAN 0 0
 605.361756148928 -NAN 0 0
 607.522269599629 -NAN 0 0
 609.683121420216 -NAN 0 0
 611.844317567927 -NAN 0 0
 614.005864 -NAN 0 0
 616.167766673673 -NAN 0 0
 618.330031546184 -NAN 0 0
 620.492664574771 -NAN 0 0
 622.655671716672 -NAN 0 0
 624.819058929125 -NAN 0 0
 626.982832169368 -NAN 0 0
 629.146997394639 -NAN 0 0
 631.311560562176 -NAN 0 0
 633.476527629217 -NAN 0 0
 635.641904553 -NAN 0 0
 637.807697290763 -NAN 0 0
 639.973911799744 -NAN 0 0
 642.140554037181 -NAN 0 0
 644.307629960312 -NAN 0 0
 646.475145526375 -NAN 0 0
 648.643106692608 -NAN 0 0
 650.811519416249 -NAN 0 0
 652.980389654536 -NAN 0 0
 655.149723364707 -NAN 0 0
 657.319526504 -NAN 0 0
 659.489805029653 -NAN 0 0
 661.660564898904 -NAN 0 0
 663.831812068991 -NAN 0 0
 666.003552497152 -NAN 0 0
 668.175792140625 -NAN 0 0
 670.348536956648 -NAN 0 0
 672.521792902459 -NAN 0 0
 674.695565935296 -NAN 0 0
 676.869862012397 -NAN 0 0
 679.044687091 -NAN 0 0
 681.220047128343 -NAN 0 0
 683.395948081664 -NAN 0 0
 685.572395908201 -NAN 0 0
 687.749396565192 -NAN 0 0
 689.926956009875 -NAN 0 0
 692.105080199488 -NAN 0 0
 694.283775091269 -NAN 0 0
 696.463046642456 -NAN 0 0
 698.642900810287 -NAN 0 0
 700.823343552 -NAN 0 0
 703.004380824833 -NAN 0 0
 705.186018586024 -NAN 0 0
 707.368262792811 -NAN 0 0
 709.551119402432 -NAN 0 0
 711.734594372125 -NAN 0 0
 713.918693659128 -NAN 0 0
 716.103423220679 -NAN 0 0
 718.288789014016 -NAN 0 0
 720.474796996377 -NAN 0 0
 722.661453125 -NAN 0 0
 724.848763357123 -NAN 0 0
 727.036733649984 -NAN 0 0
 729.225369960821 -NAN 0 0
 731.414678246872 -NAN 0 0
 733.604664465375 -NAN 0 0
 735.795334573568 -NAN 0 0
[END] of [DATA]
[END] of Spectrum


[Spectrum]
Version            = 1
IDData             = 12ad_2026-06-09_17-46-50_000_925
IDDevice           = SAM_82E6
IDDataType         = SPECTRUM
IDDataTypeSub1     = CALIBRATED
IDDataTypeSub2     = 
IDDataTypeSub3     = 
DateTime           = 2026-06-09 17:46:50
PositionLatitude   = 0
PositionLongitude  = 0
Comment            = 20260609_FrameA
CommentSub1        = UV
CommentSub2        = left
CommentSub3        = 50cm
IDMethodType       = SAM Control
MethodName         = SAM_82E6
Mission            = No Mission
MissionSub         = 1
RecordType         = 0
[Attributes]
CalFactor = 1
IDBasisSpec = 
IDDataBack = DLAB_2024-11-11_10-40-48_641_639
IDDataCal = DLAB_2024-11-12_11-45-27_171_455
IntegrationTime = 128
P31 = -1
P31e = 0
PathLength = +INF
PathLengthCustomOn = 0
RAWDynamic = 65535
Salinity = 0
Temperature = -NAN
Unit1 = $01 $01 Wavelength nm
Unit2 = $03 $06 Intensity mW/(m^2 nm)
Unit3 = $f0 $06 Error mW/(m^2 nm)
Unit4 = $f1 $00 Status 
p999 = 8137
[END] of [Attributes]
[DATA]
 0 6 0 0
 185.260577530984 -NAN 0 0
 187.468128380571 -NAN 0 0
 189.674861895872 -NAN 0 0
 191.880784034125 -NAN 0 0
 194.085900752568 -NAN 0 0
 196.290218008439 -NAN 0 0
 198.493741758976 -NAN 0 0
 200.696477961417 -NAN 0 0
 202.898432573 -NAN 0 0
 205.099611550963 -NAN 0 0
 207.300020852544 -NAN 0 0
 209.499666434981 -NAN 0 0
 211.698554255512 -NAN 0 0
 213.896690271375 -NAN 0 0
 216.094080439808 -NAN 0 0
 218.290730718049 -NAN 0 0
 220.486647063336 -NAN 0 0
 222.681835432907 -NAN 0 0
 224.876301784 -NAN 0 0
 227.070052073853 -NAN 0 0
 229.263092259704 -NAN 0 0
 231.455428298791 -NAN 0 0
 233.647066148352 -NAN 0 0
 235.838011765625 -NAN 0 0
 238.028271107848 -NAN 0 0
 240.217850132259 -NAN 0 0
 242.406754796096 -NAN 0 0
 244.594991056597 -NAN 0 0
 246.782564871 -NAN 0 0
 248.969482196543 -NAN 0 0
 251.155748990464 -NAN 0 0
 253.341371210001 -NAN 0 0
 255.526354812392 -NAN 0 0
 257.710705754875 -NAN 0 0
 259.894429994688 -NAN 0 0
 262.077533489069 -NAN 0 0
 264.260022195256 -NAN 0 0
 266.441902070487 -NAN 0 0
 268.623179072 -NAN 0 0
 270.803859157033 -NAN 0 0
 272.983948282824 -NAN 0 0
 275.163452406611 -NAN 0 0
 277.342377485632 -NAN 0 0
 279.520729477125 11.5632095649523 0 0
 281.698514338328 21.276386243362 0 0
 283.875738026479 24.8091258589484 0 0
 286.052406498816 41.8847337342377 0 0
 288.228525712577 62.1873687242407 0 0
 290.404101625 79.5634154848447 0 0
 292.579140193323 110.807754238161 0 0
 294.753647374784 147.426297524317 0 0
 296.927629126621 169.454321772697 0 0
 299.101091406072 201.474672947758 0 0
 301.274040170375 236.080977744345 0 0
 303.446481376768 247.384177238208 0 0
 305.618420982489 268.001763841665 0 0
 307.789864944776 281.03128054299 0 0
 309.960819220867 290.162999292033 0 0
 312.131289768 307.169676386834 0 0
 314.301282543413 296.332147580735 0 0
 316.470803504344 263.763106784173 0 0
 318.639858608031 246.376957122597 0 0
 320.808453811712 226.893715887377 0 0
 322.976595072625 206.483753566919 0 0
 325.144288348008 193.190469080896 0 0
 327.311539595099 175.901682172406 0 0
 329.478354771136 152.6836610728 0 0
 331.644739833357 142.649436282402 0 0
 333.810700739 129.438193364342 0 0
 335.976243445303 108.216462604953 0 0
 338.141373909504 99.3293084506295 0 0
 340.306098088841 87.0778902153568 0 0
 342.470421940552 70.7993883882148 0 0
 344.634351421875 66.5854989907241 0 0
 346.797892490048 57.7610090348995 0 0
 348.961051102309 44.9282162583539 0 0
 351.123833215896 43.5439505986017 0 0
 353.286244788047 37.3822009072512 0 0
 355.448291776 28.1276611831476 0 0
 357.609980136993 29.202281694282 0 0
 359.771315828264 27.3818544005498 0 0
 361.932304807051 33.0318390211234 0 0
 364.092953030592 52.1505548231774 0 0
 366.253266456125 49.1538469067604 0 0
 368.413251040888 24.9552122922291 0 0
 370.572912742119 17.5649452334302 0 0
 372.732257517056 11.1989037609838 0 0
 374.891291322937 4.51864784657183 0 0
 377.050020117 9.92003655055088 0 0
 379.208449856483 7.04848971400921 0 0
 381.366586498624 1.23419555368438 0 0
 383.524436000661 7.67724098875658 0 0
 385.682004319832 4.83944316931098 0 0
 387.839297413375 -0.399632531561321 0 0
 389.996321238528 6.60629837887306 0 0
 392.153081752529 3.39002722851276 0 0
 394.309584912616 -0.968363794243797 0 0
 396.465836676027 5.90192803146016 0 0
 398.621843 5.08645043455823 0 0
 400.777609841773 11.6336095695486 0 0
 402.933143158584 37.6848449165206 0 0
 405.088448907671 40.7720713093147 0 0
 407.243533046272 25.5839166635872 0 0
 409.398401531625 15.8247090882253 0 0
 411.553060320968 6.92005199654329 0 0
 413.707515371539 3.69683853677088 0 0
 415.861772640576 10.6657378506836 0 0
 418.015838085317 10.6553349297422 0 0
 420.169717663 12.9319792809682 0 0
 422.323417330863 23.5101114118057 0 0
 424.476943046144 28.9564400073897 0 0
 426.630300766081 38.859957830459 0 0
 428.783496447912 60.6697987082696 0 0
 430.936536048875 91.1363591600767 0 0
 433.089425526208 167.292394426787 0 0
 435.242170837149 248.148012253575 0 0
 437.394777938936 277.545817924983 0 0
 439.547252788807 278.490077735567 0 0
 441.699601344 330.087002568947 0 0
 443.851829561753 407.677679587311 0 0
 446.003943399304 497.589924944601 0 0
 448.155948813891 579.756058588628 0 0
 450.307851762752 623.595203091066 0 0
 452.459658203125 630.039442339921 0 0
 454.611374092248 602.951987014905 0 0
 456.763005387359 538.551382684963 0 0
 458.914558045696 464.524381098657 0 0
 461.066038024497 399.444130682242 0 0
 463.217451281 337.91601876364 0 0
 465.368803772443 293.830744455895 0 0
 467.520101456064 263.477128602733 0 0
 469.671350289101 227.144321322944 0 0
 471.822556228792 197.742306317067 0 0
 473.973725232375 175.672894153044 0 0
 476.124863257088 147.844740644043 0 0
 478.275976260169 131.534671739413 0 0
 480.427070198856 124.998097510674 0 0
 482.578151030387 113.156585216718 0 0
 484.729224712 110.709585231016 0 0
 486.880297200933 113.839448322521 0 0
 489.031374454424 108.61443872156 0 0
 491.182462429711 110.934632830922 0 0
 493.333567084032 117.422182544777 0 0
 495.484694374625 115.271798868356 0 0
 497.635850258728 120.787387418083 0 0
 499.787040693579 129.600095169895 0 0
 501.938271636416 129.265868856908 0 0
 504.089549044477 -NAN 0 0
 506.240878875 -NAN 0 0
 508.392267085223 -NAN 0 0
 510.543719632384 -NAN 0 0
 512.695242473721 -NAN 0 0
 514.846841566472 -NAN 0 0
 516.998522867875 -NAN 0 0
 519.150292335168 -NAN 0 0
 521.302155925589 -NAN 0 0
 523.454119596376 -NAN 0 0
 525.606189304767 -NAN 0 0
 527.758371008 -NAN 0 0
 529.910670663313 -NAN 0 0
 532.063094227944 -NAN 0 0
 534.215647659131 -NAN 0 0
 536.368336914112 -NAN 0 0
 538.521167950125 -NAN 0 0
 540.674146724408 -NAN 0 0
 542.827279194199 -NAN 0 0
 544.980571316736 -NAN 0 0
 547.134029049257 -NAN 0 0
 549.287658349 -NAN 0 0
 551.441465173203 -NAN 0 0
 553.595455479104 -NAN 0 0
 555.749635223941 -NAN 0 0
 557.904010364952 -NAN 0 0
 560.058586859375 -NAN 0 0
 562.213370664448 -NAN 0 0
 564.368367737409 -NAN 0 0
 566.523584035496 -NAN 0 0
 568.679025515947 -NAN 0 0
 570.834698136 -NAN 0 0
 572.990607852893 -NAN 0 0
 575.146760623864 -NAN 0 0
 577.303162406151 -NAN 0 0
 579.459819156992 -NAN 0 0
 581.616736833625 -NAN 0 0
 583.773921393288 -NAN 0 0
 585.931378793219 -NAN 0 0
 588.089114990656 -NAN 0 0
 590.247135942837 -NAN 0 0
 592.405447607 -NAN 0 0
 594.564055940383 -NAN 0 0
 596.722966900224 -NAN 0 0
 598.882186443761 -NAN 0 0
 601.041720528232 -NAN 0 0
 603.201575110875 -NAN 0 0
 605.361756148928 -NAN 0 0
 607.522269599629 -NAN 0 0
 609.683121420216 -NAN 0 0
 611.844317567927 -NAN 0 0
 614.005864 -NAN 0 0
 616.167766673673 -NAN 0 0
 618.330031546184 -NAN 0 0
 620.492664574771 -NAN 0 0
 622.655671716672 -NAN 0 0
 624.819058929125 -NAN 0 0
 626.982832169368 -NAN 0 0
 629.146997394639 -NAN 0 0
 631.311560562176 -NAN 0 0
 633.476527629217 -NAN 0 0
 635.641904553 -NAN 0 0
 637.807697290763 -NAN 0 0
 639.973911799744 -NAN 0 0
 642.140554037181 -NAN 0 0
 644.307629960312 -NAN 0 0
 646.475145526375 -NAN 0 0
 648.643106692608 -NAN 0 0
 650.811519416249 -NAN 0 0
 652.980389654536 -NAN 0 0
 655.149723364707 -NAN 0 0
 657.319526504 -NAN 0 0
 659.489805029653 -NAN 0 0
 661.660564898904 -NAN 0 0
 663.831812068991 -NAN 0 0
 666.003552497152 -NAN 0 0
 668.175792140625 -NAN 0 0
 670.348536956648 -NAN 0 0
 672.521792902459 -NAN 0 0
 674.695565935296 -NAN 0 0
 676.869862012397 -NAN 0 0
 679.044687091 -NAN 0 0
 681.220047128343 -NAN 0 0
 683.395948081664 -NAN 0 0
 685.572395908201 -NAN 0 0
 687.749396565192 -NAN 0 0
 689.926956009875 -NAN 0 0
 692.105080199488 -NAN 0 0
 694.283775091269 -NAN 0 0
 696.463046642456 -NAN 0 0
 698.642900810287 -NAN 0 0
 700.823343552 -NAN 0 0
 703.004380824833 -NAN 0 0
 705.186018586024 -NAN 0 0
 707.368262792811 -NAN 0 0
 709.551119402432 -NAN 0 0
 711.734594372125 -NAN 0 0
 713.918693659128 -NAN 0 0
 716.103423220679 -NAN 0 0
 718.288789014016 -NAN 0 0
 720.474796996377 -NAN 0 0
 722.661453125 -NAN 0 0
 724.848763357123 -NAN 0 0
 727.036733649984 -NAN 0 0
 729.225369960821 -NAN 0 0
 731.414678246872 -NAN 0 0
 733.604664465375 -NAN 0 0
 735.795334573568 -NAN 0 0
[END] of [DATA]
[END] of Spectrum


[Spectrum]
Version            = 1
IDData             = 12ad_2026-06-09_17-46-45_000_922
IDDevice           = SAM_82E6
IDDataType         = SPECTRUM
IDDataTypeSub1     = CALIBRATED
IDDataTypeSub2     = 
IDDataTypeSub3     = 
DateTime           = 2026-06-09 17:46:45
PositionLatitude   = 0
PositionLongitude  = 0
Comment            = 20260609_FrameA
CommentSub1        = UV
CommentSub2        = left
CommentSub3        = 50cm
IDMethodType       = SAM Control
MethodName         = SAM_82E6
Mission            = No Mission
MissionSub         = 1
RecordType         = 0
[Attributes]
CalFactor = 1
IDBasisSpec = 
IDDataBack = DLAB_2024-11-11_10-40-48_641_639
IDDataCal = DLAB_2024-11-12_11-45-27_171_455
IntegrationTime = 128
P31 = -1
P31e = 0
PathLength = +INF
PathLengthCustomOn = 0
RAWDynamic = 65535
Salinity = 0
Temperature = -NAN
Unit1 = $01 $01 Wavelength nm
Unit2 = $03 $06 Intensity mW/(m^2 nm)
Unit3 = $f0 $06 Error mW/(m^2 nm)
Unit4 = $f1 $00 Status 
p999 = 8136
[END] of [Attributes]
[DATA]
 0 6 0 0
 185.260577530984 -NAN 0 0
 187.468128380571 -NAN 0 0
 189.674861895872 -NAN 0 0
 191.880784034125 -NAN 0 0
 194.085900752568 -NAN 0 0
 196.290218008439 -NAN 0 0
 198.493741758976 -NAN 0 0
 200.696477961417 -NAN 0 0
 202.898432573 -NAN 0 0
 205.099611550963 -NAN 0 0
 207.300020852544 -NAN 0 0
 209.499666434981 -NAN 0 0
 211.698554255512 -NAN 0 0
 213.896690271375 -NAN 0 0
 216.094080439808 -NAN 0 0
 218.290730718049 -NAN 0 0
 220.486647063336 -NAN 0 0
 222.681835432907 -NAN 0 0
 224.876301784 -NAN 0 0
 227.070052073853 -NAN 0 0
 229.263092259704 -NAN 0 0
 231.455428298791 -NAN 0 0
 233.647066148352 -NAN 0 0
 235.838011765625 -NAN 0 0
 238.028271107848 -NAN 0 0
 240.217850132259 -NAN 0 0
 242.406754796096 -NAN 0 0
 244.594991056597 -NAN 0 0
 246.782564871 -NAN 0 0
 248.969482196543 -NAN 0 0
 251.155748990464 -NAN 0 0
 253.341371210001 -NAN 0 0
 255.526354812392 -NAN 0 0
 257.710705754875 -NAN 0 0
 259.894429994688 -NAN 0 0
 262.077533489069 -NAN 0 0
 264.260022195256 -NAN 0 0
 266.441902070487 -NAN 0 0
 268.623179072 -NAN 0 0
 270.803859157033 -NAN 0 0
 272.983948282824 -NAN 0 0
 275.163452406611 -NAN 0 0
 277.342377485632 -NAN 0 0
 279.520729477125 10.5096690260704 0 0
 281.698514338328 15.6753096550827 0 0
 283.875738026479 32.4601122532846 0 0
 286.052406498816 39.6633681206557 0 0
 288.228525712577 55.7660049157967 0 0
 290.404101625 86.6565702425722 0 0
 292.579140193323 106.976559547426 0 0
 294.753647374784 139.813343428943 0 0
 296.927629126621 173.865075599361 0 0
 299.101091406072 196.069013232724 0 0
 301.274040170375 227.997969511225 0 0
 303.446481376768 249.507390647052 0 0
 305.618420982489 260.974927936671 0 0
 307.789864944776 272.584816507829 0 0
 309.960819220867 291.193988972471 0 0
 312.131289768 298.98684812332 0 0
 314.301282543413 287.687872360747 0 0
 316.470803504344 266.446089864522 0 0
 318.639858608031 238.573419668001 0 0
 320.808453811712 219.394279527369 0 0
 322.976595072625 210.83741698983 0 0
 325.144288348008 185.550427018719 0 0
 327.311539595099 168.96167200335 0 0
 329.478354771136 158.547142834853 0 0
 331.644739833357 135.161253897478 0 0
 333.810700739 123.789689145615 0 0
 335.976243445303 114.548615577734 0 0
 338.141373909504 92.6050149922914 0 0
 340.306098088841 82.8024396103008 0 0
 342.470421940552 76.8333292506205 0 0
 344.634351421875 60.7454465800734 0 0
 346.797892490048 54.8038780898257 0 0
 348.961051102309 50.4865424961278 0 0
 351.123833215896 38.4461396166021 0 0
 353.286244788047 35.1250315055193 0 0
 355.448291776 33.432864189683 0 0
 357.609980136993 24.0366268867636 0 0
 359.771315828264 25.7749057122285 0 0
 361.932304807051 38.40788579239 0 0
 364.092953030592 46.4196603619039 0 0
 366.253266456125 47.4091224086469 0 0
 368.413251040888 30.7378850734575 0 0
 370.572912742119 11.347779415235 0 0
 372.732257517056 10.1657328535812 0 0
 374.891291322937 11.0527593574093 0 0
 377.050020117 3.09183324813711 0 0
 379.208449856483 6.46912013504128 0 0
 381.366586498624 7.84827881298305 0 0
 383.524436000661 0.181663523264401 0 0
 385.682004319832 4.58341906793498 0 0
 387.839297413375 6.20580790124745 0 0
 389.996321238528 -1.02937390297347 0 0
 392.153081752529 3.76468606341296 0 0
 394.309584912616 5.02072889483492 0 0
 396.465836676027 -1.34768864539152 0 0
 398.621843 5.65964931134913 0 0
 400.777609841773 16.8304175284472 0 0
 402.933143158584 29.9060563575621 0 0
 405.088448907671 40.9268559437022 0 0
 407.243533046272 29.6041223847002 0 0
 409.398401531625 8.99784643780103 0 0
 411.553060320968 8.05168760508543 0 0
 413.707515371539 7.59154309437326 0 0
 415.861772640576 4.5665829277652 0 0
 418.015838085317 12.106218825759 0 0
 420.169717663 16.184407148385 0 0
 422.323417330863 18.1375451291438 0 0
 424.476943046144 30.5701715939392 0 0
 426.630300766081 41.7033036308685 0 0
 428.783496447912 55.5866986643327 0 0
 430.936536048875 92.5899284346872 0 0
 433.089425526208 168.39993894982 0 0
 435.242170837149 241.185250341726 0 0
 437.394777938936 277.531430468512 0 0
 439.547252788807 279.887698629313 0 0
 441.699601344 324.893924534233 0 0
 443.851829561753 410.043153565179 0 0
 446.003943399304 499.88454196771 0 0
 448.155948813891 574.338883791871 0 0
 450.307851762752 626.452147817976 0 0
 452.459658203125 632.457110905048 0 0
 454.611374092248 597.115028066171 0 0
 456.763005387359 541.732015066053 0 0
 458.914558045696 466.626234466377 0 0
 461.066038024497 393.336918584606 0 0
 463.217451281 341.954268554616 0 0
 465.368803772443 295.901720474046 0 0
 467.520101456064 257.308046801889 0 0
 469.671350289101 231.275137477978 0 0
 471.822556228792 199.532765808766 0 0
 473.973725232375 169.350417340214 0 0
 476.124863257088 152.607606638739 0 0
 478.275976260169 132.914839211948 0 0
 480.427070198856 118.722637719544 0 0
 482.578151030387 118.139067164017 0 0
 484.729224712 111.87635895386 0 0
 486.880297200933 107.899659995635 0 0
 489.031374454424 113.710046824147 0 0
 491.182462429711 111.859393964502 0 0
 493.333567084032 111.750871739417 0 0
 495.484694374625 120.650998705489 0 0
 497.635850258728 121.340341581922 0 0
 499.787040693579 124.257739542011 0 0
 501.938271636416 134.806286426556 0 0
 504.089549044477 -NAN 0 0
 506.240878875 -NAN 0 0
 508.392267085223 -NAN 0 0
 510.543719632384 -NAN 0 0
 512.695242473721 -NAN 0 0
 514.846841566472 -NAN 0 0
 516.998522867875 -NAN 0 0
 519.150292335168 -NAN 0 0
 521.302155925589 -NAN 0 0
 523.454119596376 -NAN 0 0
 525.606189304767 -NAN 0 0
 527.758371008 -NAN 0 0
 529.910670663313 -NAN 0 0
 532.063094227944 -NAN 0 0
 534.215647659131 -NAN 0 0
 536.368336914112 -NAN 0 0
 538.521167950125 -NAN 0 0
 540.674146724408 -NAN 0 0
 542.827279194199 -NAN 0 0
 544.980571316736 -NAN 0 0
 547.134029049257 -NAN 0 0
 549.287658349 -NAN 0 0
 551.441465173203 -NAN 0 0
 553.595455479104 -NAN 0 0
 555.749635223941 -NAN 0 0
 557.904010364952 -NAN 0 0
 560.058586859375 -NAN 0 0
 562.213370664448 -NAN 0 0
 564.368367737409 -NAN 0 0
 566.523584035496 -NAN 0 0
 568.679025515947 -NAN 0 0
 570.834698136 -NAN 0 0
 572.990607852893 -NAN 0 0
 575.146760623864 -NAN 0 0
 577.303162406151 -NAN 0 0
 579.459819156992 -NAN 0 0
 581.616736833625 -NAN 0 0
 583.773921393288 -NAN 0 0
 585.931378793219 -NAN 0 0
 588.089114990656 -NAN 0 0
 590.247135942837 -NAN 0 0
 592.405447607 -NAN 0 0
 594.564055940383 -NAN 0 0
 596.722966900224 -NAN 0 0
 598.882186443761 -NAN 0 0
 601.041720528232 -NAN 0 0
 603.201575110875 -NAN 0 0
 605.361756148928 -NAN 0 0
 607.522269599629 -NAN 0 0
 609.683121420216 -NAN 0 0
 611.844317567927 -NAN 0 0
 614.005864 -NAN 0 0
 616.167766673673 -NAN 0 0
 618.330031546184 -NAN 0 0
 620.492664574771 -NAN 0 0
 622.655671716672 -NAN 0 0
 624.819058929125 -NAN 0 0
 626.982832169368 -NAN 0 0
 629.146997394639 -NAN 0 0
 631.311560562176 -NAN 0 0
 633.476527629217 -NAN 0 0
 635.641904553 -NAN 0 0
 637.807697290763 -NAN 0 0
 639.973911799744 -NAN 0 0
 642.140554037181 -NAN 0 0
 644.307629960312 -NAN 0 0
 646.475145526375 -NAN 0 0
 648.643106692608 -NAN 0 0
 650.811519416249 -NAN 0 0
 652.980389654536 -NAN 0 0
 655.149723364707 -NAN 0 0
 657.319526504 -NAN 0 0
 659.489805029653 -NAN 0 0
 661.660564898904 -NAN 0 0
 663.831812068991 -NAN 0 0
 666.003552497152 -NAN 0 0
 668.175792140625 -NAN 0 0
 670.348536956648 -NAN 0 0
 672.521792902459 -NAN 0 0
 674.695565935296 -NAN 0 0
 676.869862012397 -NAN 0 0
 679.044687091 -NAN 0 0
 681.220047128343 -NAN 0 0
 683.395948081664 -NAN 0 0
 685.572395908201 -NAN 0 0
 687.749396565192 -NAN 0 0
 689.926956009875 -NAN 0 0
 692.105080199488 -NAN 0 0
 694.283775091269 -NAN 0 0
 696.463046642456 -NAN 0 0
 698.642900810287 -NAN 0 0
 700.823343552 -NAN 0 0
 703.004380824833 -NAN 0 0
 705.186018586024 -NAN 0 0
 707.368262792811 -NAN 0 0
 709.551119402432 -NAN 0 0
 711.734594372125 -NAN 0 0
 713.918693659128 -NAN 0 0
 716.103423220679 -NAN 0 0
 718.288789014016 -NAN 0 0
 720.474796996377 -NAN 0 0
 722.661453125 -NAN 0 0
 724.848763357123 -NAN 0 0
 727.036733649984 -NAN 0 0
 729.225369960821 -NAN 0 0
 731.414678246872 -NAN 0 0
 733.604664465375 -NAN 0 0
 735.795334573568 -NAN 0 0
[END] of [DATA]
[END] of Spectrum


[Spectrum]
Version            = 1
IDData             = 12ad_2026-06-09_17-46-40_000_919
IDDevice           = SAM_82E6
IDDataType         = SPECTRUM
IDDataTypeSub1     = CALIBRATED
IDDataTypeSub2     = 
IDDataTypeSub3     = 
DateTime           = 2026-06-09 17:46:40
PositionLatitude   = 0
PositionLongitude  = 0
Comment            = 20260609_FrameA
CommentSub1        = UV
CommentSub2        = left
CommentSub3        = 50cm
IDMethodType       = SAM Control
MethodName         = SAM_82E6
Mission            = No Mission
MissionSub         = 1
RecordType         = 0
[Attributes]
CalFactor = 1
IDBasisSpec = 
IDDataBack = DLAB_2024-11-11_10-40-48_641_639
IDDataCal = DLAB_2024-11-12_11-45-27_171_455
IntegrationTime = 128
P31 = -1
P31e = 0
PathLength = +INF
PathLengthCustomOn = 0
RAWDynamic = 65535
Salinity = 0
Temperature = -NAN
Unit1 = $01 $01 Wavelength nm
Unit2 = $03 $06 Intensity mW/(m^2 nm)
Unit3 = $f0 $06 Error mW/(m^2 nm)
Unit4 = $f1 $00 Status 
p999 = 8135
[END] of [Attributes]
[DATA]
 0 6 0 0
 185.260577530984 -NAN 0 0
 187.468128380571 -NAN 0 0
 189.674861895872 -NAN 0 0
 191.880784034125 -NAN 0 0
 194.085900752568 -NAN 0 0
 196.290218008439 -NAN 0 0
 198.493741758976 -NAN 0 0
 200.696477961417 -NAN 0 0
 202.898432573 -NAN 0 0
 205.099611550963 -NAN 0 0
 207.300020852544 -NAN 0 0
 209.499666434981 -NAN 0 0
 211.698554255512 -NAN 0 0
 213.896690271375 -NAN 0 0
 216.094080439808 -NAN 0 0
 218.290730718049 -NAN 0 0
 220.486647063336 -NAN 0 0
 222.681835432907 -NAN 0 0
 224.876301784 -NAN 0 0
 227.070052073853 -NAN 0 0
 229.263092259704 -NAN 0 0
 231.455428298791 -NAN 0 0
 233.647066148352 -NAN 0 0
 235.838011765625 -NAN 0 0
 238.028271107848 -NAN 0 0
 240.217850132259 -NAN 0 0
 242.406754796096 -NAN 0 0
 244.594991056597 -NAN 0 0
 246.782564871 -NAN 0 0
 248.969482196543 -NAN 0 0
 251.155748990464 -NAN 0 0
 253.341371210001 -NAN 0 0
 255.526354812392 -NAN 0 0
 257.710705754875 -NAN 0 0
 259.894429994688 -NAN 0 0
 262.077533489069 -NAN 0 0
 264.260022195256 -NAN 0 0
 266.441902070487 -NAN 0 0
 268.623179072 -NAN 0 0
 270.803859157033 -NAN 0 0
 272.983948282824 -NAN 0 0
 275.163452406611 -NAN 0 0
 277.342377485632 -NAN 0 0
 279.520729477125 14.0488678576336 0 0
 281.698514338328 13.9076496300235 0 0
 283.875738026479 27.2464832817288 0 0
 286.052406498816 43.3975853481936 0 0
 288.228525712577 52.5911405250088 0 0
 290.404101625 80.3195533433971 0 0
 292.579140193323 109.130373192548 0 0
 294.753647374784 134.907764953967 0 0
 296.927629126621 166.389393811394 0 0
 299.101091406072 195.916472570571 0 0
 301.274040170375 221.395569734243 0 0
 303.446481376768 241.307243386966 0 0
 305.618420982489 259.056367291659 0 0
 307.789864944776 264.925064384826 0 0
 309.960819220867 282.496499508984 0 0
 312.131289768 296.574309097334 0 0
 314.301282543413 279.606393644187 0 0
 316.470803504344 258.0428304717 0 0
 318.639858608031 237.945637558235 0 0
 320.808453811712 211.74842179718 0 0
 322.976595072625 203.620685501981 0 0
 325.144288348008 186.561014593081 0 0
 327.311539595099 162.071505591318 0 0
 329.478354771136 152.439721192288 0 0
 331.644739833357 137.290159842421 0 0
 333.810700739 117.658634514071 0 0
 335.976243445303 109.888174248364 0 0
 338.141373909504 95.4840462348965 0 0
 340.306098088841 77.5958908734771 0 0
 342.470421940552 73.4130485360798 0 0
 344.634351421875 63.6403218275579 0 0
 346.797892490048 50.3440221056702 0 0
 348.961051102309 48.2359176815818 0 0
 351.123833215896 41.2648238618096 0 0
 353.286244788047 31.5506347427767 0 0
 355.448291776 31.8623864140257 0 0
 357.609980136993 27.2341072464754 0 0
 359.771315828264 22.0361147881287 0 0
 361.932304807051 37.0616780020361 0 0
 364.092953030592 49.5470397270985 0 0
 366.253266456125 43.0554859100075 0 0
 368.413251040888 29.7971399836811 0 0
 370.572912742119 15.4146850555009 0 0
 372.732257517056 6.12436483447349 0 0
 374.891291322937 10.6870642275846 0 0
 377.050020117 7.60810347280432 0 0
 379.208449856483 1.7306046896659 0 0
 381.366586498624 7.82001349990913 0 0
 383.524436000661 4.98827008153034 0 0
 385.682004319832 0.0489477613423647 0 0
 387.839297413375 6.53452136765922 0 0
 389.996321238528 3.62001448056443 0 0
 392.153081752529 -0.858881484318375 0 0
 394.309584912616 5.53345631994731 0 0
 396.465836676027 2.97523092858301 0 0
 398.621843 1.0236380254523 0 0
 400.777609841773 17.5534969141198 0 0
 402.933143158584 33.0515358628301 0 0
 405.088448907671 35.6838335661958 0 0
 407.243533046272 30.1149641282222 0 0
 409.398401531625 12.3574236937668 0 0
 411.553060320968 3.90015112306534 0 0
 413.707515371539 8.83038158110517 0 0
 415.861772640576 7.74271581265845 0 0
 418.015838085317 8.53012423652504 0 0
 420.169717663 17.4937032997826 0 0
 422.323417330863 20.7890366006143 0 0
 424.476943046144 27.1492026530363 0 0
 426.630300766081 43.0999440392056 0 0
 428.783496447912 57.8306808064488 0 0
 430.936536048875 89.1323452848766 0 0
 433.089425526208 168.223444281676 0 0
 435.242170837149 240.694532273099 0 0
 437.394777938936 272.192085511667 0 0
 439.547252788807 280.686801316247 0 0
 441.699601344 326.593716458226 0 0
 443.851829561753 406.802136140442 0 0
 446.003943399304 501.684644211044 0 0
 448.155948813891 576.532427198397 0 0
 450.307851762752 622.944093844592 0 0
 452.459658203125 634.356045984937 0 0
 454.611374092248 599.167187957238 0 0
 456.763005387359 537.899245659006 0 0
 458.914558045696 469.031489269894 0 0
 461.066038024497 395.132198483845 0 0
 463.217451281 337.726985465812 0 0
 465.368803772443 298.502579245056 0 0
 467.520101456064 258.906010351691 0 0
 469.671350289101 227.005761451916 0 0
 471.822556228792 202.521237268048 0 0
 473.973725232375 170.616674451805 0 0
 476.124863257088 148.061737793034 0 0
 478.275976260169 135.892978363632 0 0
 480.427070198856 119.923373547524 0 0
 482.578151030387 113.716891206311 0 0
 484.729224712 115.21351061709 0 0
 486.880297200933 108.763222441653 0 0
 489.031374454424 109.498393574666 0 0
 491.182462429711 115.194341724007 0 0
 493.333567084032 112.189524361582 0 0
 495.484694374625 116.305579248579 0 0
 497.635850258728 124.517633761444 0 0
 499.787040693579 124.392548678734 0 0
 501.938271636416 130.677878929048 0 0
 504.089549044477 -NAN 0 0
 506.240878875 -NAN 0 0
 508.392267085223 -NAN 0 0
 510.543719632384 -NAN 0 0
 512.695242473721 -NAN 0 0
 514.846841566472 -NAN 0 0
 516.998522867875 -NAN 0 0
 519.150292335168 -NAN 0 0
 521.302155925589 -NAN 0 0
 523.454119596376 -NAN 0 0
 525.606189304767 -NAN 0 0
 527.758371008 -NAN 0 0
 529.910670663313 -NAN 0 0
 532.063094227944 -NAN 0 0
 534.215647659131 -NAN 0 0
 536.368336914112 -NAN 0 0
 538.521167950125 -NAN 0 0
 540.674146724408 -NAN 0 0
 542.827279194199 -NAN 0 0
 544.980571316736 -NAN 0 0
 547.134029049257 -NAN 0 0
 549.287658349 -NAN 0 0
 551.441465173203 -NAN 0 0
 553.595455479104 -NAN 0 0
 555.749635223941 -NAN 0 0
 557.904010364952 -NAN 0 0
 560.058586859375 -NAN 0 0
 562.213370664448 -NAN 0 0
 564.368367737409 -NAN 0 0
 566.523584035496 -NAN 0 0
 568.679025515947 -NAN 0 0
 570.834698136 -NAN 0 0
 572.990607852893 -NAN 0 0
 575.146760623864 -NAN 0 0
 577.303162406151 -NAN 0 0
 579.459819156992 -NAN 0 0
 581.616736833625 -NAN 0 0
 583.773921393288 -NAN 0 0
 585.931378793219 -NAN 0 0
 588.089114990656 -NAN 0 0
 590.247135942837 -NAN 0 0
 592.405447607 -NAN 0 0
 594.564055940383 -NAN 0 0
 596.722966900224 -NAN 0 0
 598.882186443761 -NAN 0 0
 601.041720528232 -NAN 0 0
 603.201575110875 -NAN 0 0
 605.361756148928 -NAN 0 0
 607.522269599629 -NAN 0 0
 609.683121420216 -NAN 0 0
 611.844317567927 -NAN 0 0
 614.005864 -NAN 0 0
 616.167766673673 -NAN 0 0
 618.330031546184 -NAN 0 0
 620.492664574771 -NAN 0 0
 622.655671716672 -NAN 0 0
 624.819058929125 -NAN 0 0
 626.982832169368 -NAN 0 0
 629.146997394639 -NAN 0 0
 631.311560562176 -NAN 0 0
 633.476527629217 -NAN 0 0
 635.641904553 -NAN 0 0
 637.807697290763 -NAN 0 0
 639.973911799744 -NAN 0 0
 642.140554037181 -NAN 0 0
 644.307629960312 -NAN 0 0
 646.475145526375 -NAN 0 0
 648.643106692608 -NAN 0 0
 650.811519416249 -NAN 0 0
 652.980389654536 -NAN 0 0
 655.149723364707 -NAN 0 0
 657.319526504 -NAN 0 0
 659.489805029653 -NAN 0 0
 661.660564898904 -NAN 0 0
 663.831812068991 -NAN 0 0
 666.003552497152 -NAN 0 0
 668.175792140625 -NAN 0 0
 670.348536956648 -NAN 0 0
 672.521792902459 -NAN 0 0
 674.695565935296 -NAN 0 0
 676.869862012397 -NAN 0 0
 679.044687091 -NAN 0 0
 681.220047128343 -NAN 0 0
 683.395948081664 -NAN 0 0
 685.572395908201 -NAN 0 0
 687.749396565192 -NAN 0 0
 689.926956009875 -NAN 0 0
 692.105080199488 -NAN 0 0
 694.283775091269 -NAN 0 0
 696.463046642456 -NAN 0 0
 698.642900810287 -NAN 0 0
 700.823343552 -NAN 0 0
 703.004380824833 -NAN 0 0
 705.186018586024 -NAN 0 0
 707.368262792811 -NAN 0 0
 709.551119402432 -NAN 0 0
 711.734594372125 -NAN 0 0
 713.918693659128 -NAN 0 0
 716.103423220679 -NAN 0 0
 718.288789014016 -NAN 0 0
 720.474796996377 -NAN 0 0
 722.661453125 -NAN 0 0
 724.848763357123 -NAN 0 0
 727.036733649984 -NAN 0 0
 729.225369960821 -NAN 0 0
 731.414678246872 -NAN 0 0
 733.604664465375 -NAN 0 0
 735.795334573568 -NAN 0 0
[END] of [DATA]
[END] of Spectrum


[Spectrum]
Version            = 1
IDData             = 12ad_2026-06-09_17-46-35_000_916
IDDevice           = SAM_82E6
IDDataType         = SPECTRUM
IDDataTypeSub1     = CALIBRATED
IDDataTypeSub2     = 
IDDataTypeSub3     = 
DateTime           = 2026-06-09 17:46:35
PositionLatitude   = 0
PositionLongitude  = 0
Comment            = 20260609_FrameA
CommentSub1        = UV
CommentSub2        = left
CommentSub3        = 50cm
IDMethodType       = SAM Control
MethodName         = SAM_82E6
Mission            = No Mission
MissionSub         = 1
RecordType         = 0
[Attributes]
CalFactor = 1
IDBasisSpec = 
IDDataBack = DLAB_2024-11-11_10-40-48_641_639
IDDataCal = DLAB_2024-11-12_11-45-27_171_455
IntegrationTime = 128
P31 = -1
P31e = 0
PathLength = +INF
PathLengthCustomOn = 0
RAWDynamic = 65535
Salinity = 0
Temperature = -NAN
Unit1 = $01 $01 Wavelength nm
Unit2 = $03 $06 Intensity mW/(m^2 nm)
Unit3 = $f0 $06 Error mW/(m^2 nm)
Unit4 = $f1 $00 Status 
p999 = 8134
[END] of [Attributes]
[DATA]
 0 6 0 0
 185.260577530984 -NAN 0 0
 187.468128380571 -NAN 0 0
 189.674861895872 -NAN 0 0
 191.880784034125 -NAN 0 0
 194.085900752568 -NAN 0 0
 196.290218008439 -NAN 0 0
 198.493741758976 -NAN 0 0
 200.696477961417 -NAN 0 0
 202.898432573 -NAN 0 0
 205.099611550963 -NAN 0 0
 207.300020852544 -NAN 0 0
 209.499666434981 -NAN 0 0
 211.698554255512 -NAN 0 0
 213.896690271375 -NAN 0 0
 216.094080439808 -NAN 0 0
 218.290730718049 -NAN 0 0
 220.486647063336 -NAN 0 0
 222.681835432907 -NAN 0 0
 224.876301784 -NAN 0 0
 227.070052073853 -NAN 0 0
 229.263092259704 -NAN 0 0
 231.455428298791 -NAN 0 0
 233.647066148352 -NAN 0 0
 235.838011765625 -NAN 0 0
 238.028271107848 -NAN 0 0
 240.217850132259 -NAN 0 0
 242.406754796096 -NAN 0 0
 244.594991056597 -NAN 0 0
 246.782564871 -NAN 0 0
 248.969482196543 -NAN 0 0
 251.155748990464 -NAN 0 0
 253.341371210001 -NAN 0 0
 255.526354812392 -NAN 0 0
 257.710705754875 -NAN 0 0
 259.894429994688 -NAN 0 0
 262.077533489069 -NAN 0 0
 264.260022195256 -NAN 0 0
 266.441902070487 -NAN 0 0
 268.623179072 -NAN 0 0
 270.803859157033 -NAN 0 0
 272.983948282824 -NAN 0 0
 275.163452406611 -NAN 0 0
 277.342377485632 -NAN 0 0
 279.520729477125 7.77619209599252 0 0
 281.698514338328 20.1715987277 0 0
 283.875738026479 27.9370208134436 0 0
 286.052406498816 35.6140944629562 0 0
 288.228525712577 59.0425910447372 0 0
 290.404101625 79.4863475877231 0 0
 292.579140193323 100.482698642269 0 0
 294.753647374784 139.321964335049 0 0
 296.927629126621 163.353667732075 0 0
 299.101091406072 186.309986026724 0 0
 301.274040170375 222.96552525239 0 0
 303.446481376768 235.963167661926 0 0
 305.618420982489 249.129106465365 0 0
 307.789864944776 265.351556304597 0 0
 309.960819220867 276.294350896787 0 0
 312.131289768 285.721259234629 0 0
 314.301282543413 280.342447748875 0 0
 316.470803504344 251.844846333901 0 0
 318.639858608031 227.946149158207 0 0
 320.808453811712 215.05887586664 0 0
 322.976595072625 197.980328916291 0 0
 325.144288348008 177.392097900547 0 0
 327.311539595099 167.617356556577 0 0
 329.478354771136 147.41069231418 0 0
 331.644739833357 129.726473839144 0 0
 333.810700739 124.403978781561 0 0
 335.976243445303 105.391996758737 0 0
 338.141373909504 89.1937140711754 0 0
 340.306098088841 84.5139771382296 0 0
 342.470421940552 69.5043433550292 0 0
 344.634351421875 58.8226558531386 0 0
 346.797892490048 56.8489853978363 0 0
 348.961051102309 44.8044665897227 0 0
 351.123833215896 37.5405337570418 0 0
 353.286244788047 37.5991944874177 0 0
 355.448291776 28.7095984959082 0 0
 357.609980136993 24.2689956871847 0 0
 359.771315828264 28.5252188287196 0 0
 361.932304807051 33.5665887714516 0 0
 364.092953030592 46.4411117005099 0 0
 366.253266456125 49.8907419257093 0 0
 368.413251040888 25.7201738278591 0 0
 370.572912742119 12.7733315775889 0 0
 372.732257517056 14.1588340499945 0 0
 374.891291322937 6.11721957216559 0 0
 377.050020117 5.3278974003013 0 0
 379.208449856483 10.5261066312442 0 0
 381.366586498624 2.88912963416274 0 0
 383.524436000661 2.7668844959095 0 0
 385.682004319832 8.60441981565685 0 0
 387.839297413375 1.25952035278425 0 0
 389.996321238528 1.98078902932916 0 0
 392.153081752529 7.38777575942931 0 0
 394.309584912616 0.235727472708959 0 0
 396.465836676027 1.60183132480166 0 0
 398.621843 8.83745326948391 0 0
 400.777609841773 11.7051372066205 0 0
 402.933143158584 31.4128956531961 0 0
 405.088448907671 41.6135592026118 0 0
 407.243533046272 24.3662125075172 0 0
 409.398401531625 11.5358626799443 0 0
 411.553060320968 9.89914339875803 0 0
 413.707515371539 3.79335763119948 0 0
 415.861772640576 7.47021340897384 0 0
 418.015838085317 13.5934731175433 0 0
 420.169717663 12.966982140507 0 0
 422.323417330863 20.7917833113928 0 0
 424.476943046144 31.7374196887205 0 0
 426.630300766081 38.6588347061435 0 0
 428.783496447912 57.9697706086461 0 0
 430.936536048875 92.724243509382 0 0
 433.089425526208 162.571566858216 0 0
 435.242170837149 238.654136134331 0 0
 437.394777938936 273.877815828132 0 0
 439.547252788807 275.53550069572 0 0
 441.699601344 327.173190977769 0 0
 443.851829561753 410.601458994492 0 0
 446.003943399304 497.051776507787 0 0
 448.155948813891 577.640605327374 0 0
 450.307851762752 626.793935081707 0 0
 452.459658203125 629.506814207757 0 0
 454.611374092248 600.522298172609 0 0
 456.763005387359 541.785708982861 0 0
 458.914558045696 463.53732840128 0 0
 461.066038024497 397.152652536166 0 0
 463.217451281 341.618786383195 0 0
 465.368803772443 292.539814960381 0 0
 467.520101456064 261.203350709817 0 0
 469.671350289101 230.944975285293 0 0
 471.822556228792 196.228395208396 0 0
 473.973725232375 173.474011151438 0 0
 476.124863257088 151.811581383001 0 0
 478.275976260169 129.635552407238 0 0
 480.427070198856 123.094519096929 0 0
 482.578151030387 116.974925436635 0 0
 484.729224712 108.739257574527 0 0
 486.880297200933 112.169372244924 0 0
 489.031374454424 112.603424862474 0 0
 491.182462429711 108.80477838438 0 0
 493.333567084032 116.040538118108 0 0
 495.484694374625 119.15788335975 0 0
 497.635850258728 118.596416256997 0 0
 499.787040693579 128.583590792184 0 0
 501.938271636416 133.063874607352 0 0
 504.089549044477 -NAN 0 0
 506.240878875 -NAN 0 0
 508.392267085223 -NAN 0 0
 510.543719632384 -NAN 0 0
 512.695242473721 -NAN 0 0
 514.846841566472 -NAN 0 0
 516.998522867875 -NAN 0 0
 519.150292335168 -NAN 0 0
 521.302155925589 -NAN 0 0
 523.454119596376 -NAN 0 0
 525.606189304767 -NAN 0 0
 527.758371008 -NAN 0 0
 529.910670663313 -NAN 0 0
 532.063094227944 -NAN 0 0
 534.215647659131 -NAN 0 0
 536.368336914112 -NAN 0 0
 538.521167950125 -NAN 0 0
 540.674146724408 -NAN 0 0
 542.827279194199 -NAN 0 0
 544.980571316736 -NAN 0 0
 547.134029049257 -NAN 0 0
 549.287658349 -NAN 0 0
 551.441465173203 -NAN 0 0
 553.595455479104 -NAN 0 0
 555.749635223941 -NAN 0 0
 557.904010364952 -NAN 0 0
 560.058586859375 -NAN 0 0
 562.213370664448 -NAN 0 0
 564.368367737409 -NAN 0 0
 566.523584035496 -NAN 0 0
 568.679025515947 -NAN 0 0
 570.834698136 -NAN 0 0
 572.990607852893 -NAN 0 0
 575.146760623864 -NAN 0 0
 577.303162406151 -NAN 0 0
 579.459819156992 -NAN 0 0
 581.616736833625 -NAN 0 0
 583.773921393288 -NAN 0 0
 585.931378793219 -NAN 0 0
 588.089114990656 -NAN 0 0
 590.247135942837 -NAN 0 0
 592.405447607 -NAN 0 0
 594.564055940383 -NAN 0 0
 596.722966900224 -NAN 0 0
 598.882186443761 -NAN 0 0
 601.041720528232 -NAN 0 0
 603.201575110875 -NAN 0 0
 605.361756148928 -NAN 0 0
 607.522269599629 -NAN 0 0
 609.683121420216 -NAN 0 0
 611.844317567927 -NAN 0 0
 614.005864 -NAN 0 0
 616.167766673673 -NAN 0 0
 618.330031546184 -NAN 0 0
 620.492664574771 -NAN 0 0
 622.655671716672 -NAN 0 0
 624.819058929125 -NAN 0 0
 626.982832169368 -NAN 0 0
 629.146997394639 -NAN 0 0
 631.311560562176 -NAN 0 0
 633.476527629217 -NAN 0 0
 635.641904553 -NAN 0 0
 637.807697290763 -NAN 0 0
 639.973911799744 -NAN 0 0
 642.140554037181 -NAN 0 0
 644.307629960312 -NAN 0 0
 646.475145526375 -NAN 0 0
 648.643106692608 -NAN 0 0
 650.811519416249 -NAN 0 0
 652.980389654536 -NAN 0 0
 655.149723364707 -NAN 0 0
 657.319526504 -NAN 0 0
 659.489805029653 -NAN 0 0
 661.660564898904 -NAN 0 0
 663.831812068991 -NAN 0 0
 666.003552497152 -NAN 0 0
 668.175792140625 -NAN 0 0
 670.348536956648 -NAN 0 0
 672.521792902459 -NAN 0 0
 674.695565935296 -NAN 0 0
 676.869862012397 -NAN 0 0
 679.044687091 -NAN 0 0
 681.220047128343 -NAN 0 0
 683.395948081664 -NAN 0 0
 685.572395908201 -NAN 0 0
 687.749396565192 -NAN 0 0
 689.926956009875 -NAN 0 0
 692.105080199488 -NAN 0 0
 694.283775091269 -NAN 0 0
 696.463046642456 -NAN 0 0
 698.642900810287 -NAN 0 0
 700.823343552 -NAN 0 0
 703.004380824833 -NAN 0 0
 705.186018586024 -NAN 0 0
 707.368262792811 -NAN 0 0
 709.551119402432 -NAN 0 0
 711.734594372125 -NAN 0 0
 713.918693659128 -NAN 0 0
 716.103423220679 -NAN 0 0
 718.288789014016 -NAN 0 0
 720.474796996377 -NAN 0 0
 722.661453125 -NAN 0 0
 724.848763357123 -NAN 0 0
 727.036733649984 -NAN 0 0
 729.225369960821 -NAN 0 0
 731.414678246872 -NAN 0 0
 733.604664465375 -NAN 0 0
 735.795334573568 -NAN 0 0
[END] of [DATA]
[END] of Spectrum


