[Spectrum]
Version            = 1
IDData             = 12ad_2026-06-05_14-51-45_000_519
IDDevice           = SAM_82E6
IDDataType         = SPECTRUM
IDDataTypeSub1     = CALIBRATED
IDDataTypeSub2     = 
IDDataTypeSub3     = 
DateTime           = 2026-06-05 14:51:45
PositionLatitude   = 0
PositionLongitude  = 0
Comment            = 20260605_FrameB
CommentSub1        = con
CommentSub2        = left
CommentSub3        = 17cm
IDMethodType       = SAM Control
MethodName         = SAM_82E6
Mission            = No Mission
MissionSub         = 1
RecordType         = 0
[Attributes]
CalFactor = 1
IDBasisSpec = 
IDDataBack = DLAB_2024-11-11_10-40-48_641_639
IDDataCal = DLAB_2024-11-12_11-45-27_171_455
IntegrationTime = 128
P31 = -1
P31e = 0
PathLength = +INF
PathLengthCustomOn = 0
RAWDynamic = 65535
Salinity = 0
Temperature = -NAN
Unit1 = $01 $01 Wavelength nm
Unit2 = $03 $06 Intensity mW/(m^2 nm)
Unit3 = $f0 $06 Error mW/(m^2 nm)
Unit4 = $f1 $00 Status 
p999 = 6860
[END] of [Attributes]
[DATA]
 0 6 0 0
 185.260577530984 -NAN 0 0
 187.468128380571 -NAN 0 0
 189.674861895872 -NAN 0 0
 191.880784034125 -NAN 0 0
 194.085900752568 -NAN 0 0
 196.290218008439 -NAN 0 0
 198.493741758976 -NAN 0 0
 200.696477961417 -NAN 0 0
 202.898432573 -NAN 0 0
 205.099611550963 -NAN 0 0
 207.300020852544 -NAN 0 0
 209.499666434981 -NAN 0 0
 211.698554255512 -NAN 0 0
 213.896690271375 -NAN 0 0
 216.094080439808 -NAN 0 0
 218.290730718049 -NAN 0 0
 220.486647063336 -NAN 0 0
 222.681835432907 -NAN 0 0
 224.876301784 -NAN 0 0
 227.070052073853 -NAN 0 0
 229.263092259704 -NAN 0 0
 231.455428298791 -NAN 0 0
 233.647066148352 -NAN 0 0
 235.838011765625 -NAN 0 0
 238.028271107848 -NAN 0 0
 240.217850132259 -NAN 0 0
 242.406754796096 -NAN 0 0
 244.594991056597 -NAN 0 0
 246.782564871 -NAN 0 0
 248.969482196543 -NAN 0 0
 251.155748990464 -NAN 0 0
 253.341371210001 -NAN 0 0
 255.526354812392 -NAN 0 0
 257.710705754875 -NAN 0 0
 259.894429994688 -NAN 0 0
 262.077533489069 -NAN 0 0
 264.260022195256 -NAN 0 0
 266.441902070487 -NAN 0 0
 268.623179072 -NAN 0 0
 270.803859157033 -NAN 0 0
 272.983948282824 -NAN 0 0
 275.163452406611 -NAN 0 0
 277.342377485632 -NAN 0 0
 279.520729477125 3.088808421818 0 0
 281.698514338328 -1.7411098669689 0 0
 283.875738026479 -0.280404460020235 0 0
 286.052406498816 3.46672360286929 0 0
 288.228525712577 -1.84718179302854 0 0
 290.404101625 0.0715148819980661 0 0
 292.579140193323 3.35528828178576 0 0
 294.753647374784 -1.80375392413953 0 0
 296.927629126621 0.427480612664012 0 0
 299.101091406072 3.13725215555827 0 0
 301.274040170375 -1.23062070714218 0 0
 303.446481376768 0.677482572516998 0 0
 305.618420982489 2.97476451646531 0 0
 307.789864944776 -0.954701569379533 0 0
 309.960819220867 1.01794481582255 0 0
 312.131289768 3.26965196274206 0 0
 314.301282543413 -0.504635487968693 0 0
 316.470803504344 3.46854290204945 0 0
 318.639858608031 7.86992652261861 0 0
 320.808453811712 4.85635683450251 0 0
 322.976595072625 9.93469339776055 0 0
 325.144288348008 12.6345619557596 0 0
 327.311539595099 7.41365751255687 0 0
 329.478354771136 10.9947513295488 0 0
 331.644739833357 12.0178132894207 0 0
 333.810700739 5.99558085889836 0 0
 335.976243445303 9.43865575153635 0 0
 338.141373909504 9.58639360491859 0 0
 340.306098088841 4.03506660610549 0 0
 342.470421940552 7.41812980248911 0 0
 344.634351421875 7.45936975050806 0 0
 346.797892490048 2.61800637490103 0 0
 348.961051102309 5.89386984738744 0 0
 351.123833215896 5.9439565111217 0 0
 353.286244788047 1.65895125984123 0 0
 355.448291776 4.79530951754341 0 0
 357.609980136993 4.68362536597581 0 0
 359.771315828264 1.2436615793334 0 0
 361.932304807051 6.58533442840396 0 0
 364.092953030592 8.98481645874245 0 0
 366.253266456125 4.86190176623028 0 0
 368.413251040888 5.96937614404944 0 0
 370.572912742119 3.93114019171133 0 0
 372.732257517056 -0.989121223691201 0 0
 374.891291322937 3.35568355503389 0 0
 377.050020117 2.6435168696958 0 0
 379.208449856483 -1.64345341393718 0 0
 381.366586498624 3.52227264701868 0 0
 383.524436000661 2.35472722154607 0 0
 385.682004319832 -1.81860582258364 0 0
 387.839297413375 3.52650977631365 0 0
 389.996321238528 2.0032634142647 0 0
 392.153081752529 -1.70672055144438 0 0
 394.309584912616 3.42391023843438 0 0
 396.465836676027 2.05828867112195 0 0
 398.621843 -0.957347907531092 0 0
 400.777609841773 5.8736840315201 0 0
 402.933143158584 7.84587837682072 0 0
 405.088448907671 6.14330893829097 0 0
 407.243533046272 8.9459198774798 0 0
 409.398401531625 5.05733273273067 0 0
 411.553060320968 2.35270009111151 0 0
 413.707515371539 7.78139933506248 0 0
 415.861772640576 8.25812298067615 0 0
 418.015838085317 9.30963028634982 0 0
 420.169717663 17.6649335045535 0 0
 422.323417330863 22.1413338738746 0 0
 424.476943046144 29.3549908777752 0 0
 426.630300766081 44.7011603293572 0 0
 428.783496447912 59.2729999068096 0 0
 430.936536048875 81.7466642143921 0 0
 433.089425526208 122.814928445893 0 0
 435.242170837149 165.557923501438 0 0
 437.394777938936 209.190212930303 0 0
 439.547252788807 264.236447521162 0 0
 441.699601344 337.764834465475 0 0
 443.851829561753 427.218369613262 0 0
 446.003943399304 513.127784659993 0 0
 448.155948813891 557.454741483157 0 0
 450.307851762752 548.924155006189 0 0
 452.459658203125 494.382299162018 0 0
 454.611374092248 410.827789020523 0 0
 456.763005387359 334.656055504936 0 0
 458.914558045696 282.488509776098 0 0
 461.066038024497 241.352516354362 0 0
 463.217451281 211.719674151151 0 0
 465.368803772443 187.639918587386 0 0
 467.520101456064 155.999085582514 0 0
 469.671350289101 129.348114851715 0 0
 471.822556228792 111.740131501829 0 0
 473.973725232375 93.1426599921227 0 0
 476.124863257088 83.7940464573466 0 0
 478.275976260169 82.347592160682 0 0
 480.427070198856 75.5952810186653 0 0
 482.578151030387 74.1796022235145 0 0
 484.729224712 77.0731975524305 0 0
 486.880297200933 73.7699271064386 0 0
 489.031374454424 76.287426492341 0 0
 491.182462429711 83.1303714535364 0 0
 493.333567084032 83.2529246085182 0 0
 495.484694374625 88.7133832115675 0 0
 497.635850258728 96.6142939818296 0 0
 499.787040693579 97.6231505050717 0 0
 501.938271636416 102.841262682169 0 0
 504.089549044477 -NAN 0 0
 506.240878875 -NAN 0 0
 508.392267085223 -NAN 0 0
 510.543719632384 -NAN 0 0
 512.695242473721 -NAN 0 0
 514.846841566472 -NAN 0 0
 516.998522867875 -NAN 0 0
 519.150292335168 -NAN 0 0
 521.302155925589 -NAN 0 0
 523.454119596376 -NAN 0 0
 525.606189304767 -NAN 0 0
 527.758371008 -NAN 0 0
 529.910670663313 -NAN 0 0
 532.063094227944 -NAN 0 0
 534.215647659131 -NAN 0 0
 536.368336914112 -NAN 0 0
 538.521167950125 -NAN 0 0
 540.674146724408 -NAN 0 0
 542.827279194199 -NAN 0 0
 544.980571316736 -NAN 0 0
 547.134029049257 -NAN 0 0
 549.287658349 -NAN 0 0
 551.441465173203 -NAN 0 0
 553.595455479104 -NAN 0 0
 555.749635223941 -NAN 0 0
 557.904010364952 -NAN 0 0
 560.058586859375 -NAN 0 0
 562.213370664448 -NAN 0 0
 564.368367737409 -NAN 0 0
 566.523584035496 -NAN 0 0
 568.679025515947 -NAN 0 0
 570.834698136 -NAN 0 0
 572.990607852893 -NAN 0 0
 575.146760623864 -NAN 0 0
 577.303162406151 -NAN 0 0
 579.459819156992 -NAN 0 0
 581.616736833625 -NAN 0 0
 583.773921393288 -NAN 0 0
 585.931378793219 -NAN 0 0
 588.089114990656 -NAN 0 0
 590.247135942837 -NAN 0 0
 592.405447607 -NAN 0 0
 594.564055940383 -NAN 0 0
 596.722966900224 -NAN 0 0
 598.882186443761 -NAN 0 0
 601.041720528232 -NAN 0 0
 603.201575110875 -NAN 0 0
 605.361756148928 -NAN 0 0
 607.522269599629 -NAN 0 0
 609.683121420216 -NAN 0 0
 611.844317567927 -NAN 0 0
 614.005864 -NAN 0 0
 616.167766673673 -NAN 0 0
 618.330031546184 -NAN 0 0
 620.492664574771 -NAN 0 0
 622.655671716672 -NAN 0 0
 624.819058929125 -NAN 0 0
 626.982832169368 -NAN 0 0
 629.146997394639 -NAN 0 0
 631.311560562176 -NAN 0 0
 633.476527629217 -NAN 0 0
 635.641904553 -NAN 0 0
 637.807697290763 -NAN 0 0
 639.973911799744 -NAN 0 0
 642.140554037181 -NAN 0 0
 644.307629960312 -NAN 0 0
 646.475145526375 -NAN 0 0
 648.643106692608 -NAN 0 0
 650.811519416249 -NAN 0 0
 652.980389654536 -NAN 0 0
 655.149723364707 -NAN 0 0
 657.319526504 -NAN 0 0
 659.489805029653 -NAN 0 0
 661.660564898904 -NAN 0 0
 663.831812068991 -NAN 0 0
 666.003552497152 -NAN 0 0
 668.175792140625 -NAN 0 0
 670.348536956648 -NAN 0 0
 672.521792902459 -NAN 0 0
 674.695565935296 -NAN 0 0
 676.869862012397 -NAN 0 0
 679.044687091 -NAN 0 0
 681.220047128343 -NAN 0 0
 683.395948081664 -NAN 0 0
 685.572395908201 -NAN 0 0
 687.749396565192 -NAN 0 0
 689.926956009875 -NAN 0 0
 692.105080199488 -NAN 0 0
 694.283775091269 -NAN 0 0
 696.463046642456 -NAN 0 0
 698.642900810287 -NAN 0 0
 700.823343552 -NAN 0 0
 703.004380824833 -NAN 0 0
 705.186018586024 -NAN 0 0
 707.368262792811 -NAN 0 0
 709.551119402432 -NAN 0 0
 711.734594372125 -NAN 0 0
 713.918693659128 -NAN 0 0
 716.103423220679 -NAN 0 0
 718.288789014016 -NAN 0 0
 720.474796996377 -NAN 0 0
 722.661453125 -NAN 0 0
 724.848763357123 -NAN 0 0
 727.036733649984 -NAN 0 0
 729.225369960821 -NAN 0 0
 731.414678246872 -NAN 0 0
 733.604664465375 -NAN 0 0
 735.795334573568 -NAN 0 0
[END] of [DATA]
[END] of Spectrum


[Spectrum]
Version            = 1
IDData             = 12ad_2026-06-05_14-51-50_000_522
IDDevice           = SAM_82E6
IDDataType         = SPECTRUM
IDDataTypeSub1     = CALIBRATED
IDDataTypeSub2     = 
IDDataTypeSub3     = 
DateTime           = 2026-06-05 14:51:50
PositionLatitude   = 0
PositionLongitude  = 0
Comment            = 20260605_FrameB
CommentSub1        = con
CommentSub2        = left
CommentSub3        = 17cm
IDMethodType       = SAM Control
MethodName         = SAM_82E6
Mission            = No Mission
MissionSub         = 1
RecordType         = 0
[Attributes]
CalFactor = 1
IDBasisSpec = 
IDDataBack = DLAB_2024-11-11_10-40-48_641_639
IDDataCal = DLAB_2024-11-12_11-45-27_171_455
IntegrationTime = 128
P31 = -1
P31e = 0
PathLength = +INF
PathLengthCustomOn = 0
RAWDynamic = 65535
Salinity = 0
Temperature = -NAN
Unit1 = $01 $01 Wavelength nm
Unit2 = $03 $06 Intensity mW/(m^2 nm)
Unit3 = $f0 $06 Error mW/(m^2 nm)
Unit4 = $f1 $00 Status 
p999 = 6861
[END] of [Attributes]
[DATA]
 0 6 0 0
 185.260577530984 -NAN 0 0
 187.468128380571 -NAN 0 0
 189.674861895872 -NAN 0 0
 191.880784034125 -NAN 0 0
 194.085900752568 -NAN 0 0
 196.290218008439 -NAN 0 0
 198.493741758976 -NAN 0 0
 200.696477961417 -NAN 0 0
 202.898432573 -NAN 0 0
 205.099611550963 -NAN 0 0
 207.300020852544 -NAN 0 0
 209.499666434981 -NAN 0 0
 211.698554255512 -NAN 0 0
 213.896690271375 -NAN 0 0
 216.094080439808 -NAN 0 0
 218.290730718049 -NAN 0 0
 220.486647063336 -NAN 0 0
 222.681835432907 -NAN 0 0
 224.876301784 -NAN 0 0
 227.070052073853 -NAN 0 0
 229.263092259704 -NAN 0 0
 231.455428298791 -NAN 0 0
 233.647066148352 -NAN 0 0
 235.838011765625 -NAN 0 0
 238.028271107848 -NAN 0 0
 240.217850132259 -NAN 0 0
 242.406754796096 -NAN 0 0
 244.594991056597 -NAN 0 0
 246.782564871 -NAN 0 0
 248.969482196543 -NAN 0 0
 251.155748990464 -NAN 0 0
 253.341371210001 -NAN 0 0
 255.526354812392 -NAN 0 0
 257.710705754875 -NAN 0 0
 259.894429994688 -NAN 0 0
 262.077533489069 -NAN 0 0
 264.260022195256 -NAN 0 0
 266.441902070487 -NAN 0 0
 268.623179072 -NAN 0 0
 270.803859157033 -NAN 0 0
 272.983948282824 -NAN 0 0
 275.163452406611 -NAN 0 0
 277.342377485632 -NAN 0 0
 279.520729477125 -1.42173984275695 0 0
 281.698514338328 3.24285464155603 0 0
 283.875738026479 -0.362308707135683 0 0
 286.052406498816 -1.3999545257104 0 0
 288.228525712577 3.76900431341951 0 0
 290.404101625 -0.379259610600437 0 0
 292.579140193323 -1.24270917265792 0 0
 294.753647374784 3.78345905991579 0 0
 296.927629126621 -0.468890199548076 0 0
 299.101091406072 -0.685798189642246 0 0
 301.274040170375 3.44327495220443 0 0
 303.446481376768 -0.231217816453639 0 0
 305.618420982489 -0.26226885880748 0 0
 307.789864944776 3.42779685433124 0 0
 309.960819220867 -0.114630849900009 0 0
 312.131289768 0.186463095576474 0 0
 314.301282543413 4.45122958972657 0 0
 316.470803504344 1.7483060272177 0 0
 318.639858608031 4.46086383638746 0 0
 320.808453811712 11.080596170569 0 0
 322.976595072625 7.87879678138584 0 0
 325.144288348008 9.6143488049517 0 0
 327.311539595099 13.9255977683542 0 0
 329.478354771136 8.60592542649011 0 0
 331.644739833357 9.18716783272361 0 0
 333.810700739 12.5440563996872 0 0
 335.976243445303 6.50225790832726 0 0
 338.141373909504 7.002287513995 0 0
 340.306098088841 9.91754372430001 0 0
 342.470421940552 4.58448222734893 0 0
 344.634351421875 5.28129680148847 0 0
 346.797892490048 7.74466639569083 0 0
 348.961051102309 2.99558321570595 0 0
 351.123833215896 4.02528105588515 0 0
 353.286244788047 6.14930082328661 0 0
 355.448291776 1.88669862344938 0 0
 357.609980136993 3.1759052231512 0 0
 359.771315828264 5.53746289377708 0 0
 361.932304807051 3.35926714613658 0 0
 364.092953030592 7.76096114037749 0 0
 366.253266456125 9.73405076631708 0 0
 368.413251040888 2.01485232594317 0 0
 370.572912742119 2.3887806715611 0 0
 372.732257517056 3.86626023761248 0 0
 374.891291322937 -1.19937195910547 0 0
 377.050020117 1.69446558241081 0 0
 379.208449856483 3.46451509628731 0 0
 381.366586498624 -1.92727971363424 0 0
 383.524436000661 1.50483049716907 0 0
 385.682004319832 3.14257231963563 0 0
 387.839297413375 -1.88592747236278 0 0
 389.996321238528 1.59310588919126 0 0
 392.153081752529 3.00843026704034 0 0
 394.309584912616 -1.93245498986735 0 0
 396.465836676027 1.90792625115762 0 0
 398.621843 3.26468641179453 0 0
 400.777609841773 0.554628838353116 0 0
 402.933143158584 8.11454947074369 0 0
 405.088448907671 9.96378681880762 0 0
 407.243533046272 4.1297514397162 0 0
 409.398401531625 5.52712354956082 0 0
 411.553060320968 5.66378205684592 0 0
 413.707515371539 3.02332617454933 0 0
 415.861772640576 8.73168521030034 0 0
 418.015838085317 12.0305290832161 0 0
 420.169717663 13.3359312005106 0 0
 422.323417330863 22.9616848263738 0 0
 424.476943046144 31.5084082754478 0 0
 426.630300766081 40.7356683417795 0 0
 428.783496447912 60.3165949075383 0 0
 430.936536048875 83.9088897113185 0 0
 433.089425526208 119.882526207278 0 0
 435.242170837149 167.813308500892 0 0
 437.394777938936 212.136444294215 0 0
 439.547252788807 260.986655419847 0 0
 441.699601344 339.448187396005 0 0
 443.851829561753 429.083293895885 0 0
 446.003943399304 509.505335563855 0 0
 448.155948813891 559.220105216729 0 0
 450.307851762752 550.657440285584 0 0
 452.459658203125 490.3102413029 0 0
 454.611374092248 413.014984455858 0 0
 456.763005387359 336.444551061154 0 0
 458.914558045696 277.921519742533 0 0
 461.066038024497 243.879357529226 0 0
 463.217451281 213.435514854519 0 0
 465.368803772443 183.01874987818 0 0
 467.520101456064 158.867280211448 0 0
 469.671350289101 130.785673513635 0 0
 471.822556228792 107.03334360729 0 0
 473.973725232375 96.3490432172985 0 0
 476.124863257088 85.04510144898 0 0
 478.275976260169 77.7625913622308 0 0
 480.427070198856 79.1596174282527 0 0
 482.578151030387 75.1796702846213 0 0
 484.729224712 72.7033840885216 0 0
 486.880297200933 77.6716185723859 0 0
 489.031374454424 76.947595306686 0 0
 491.182462429711 78.7031333695855 0 0
 493.333567084032 87.0560651093249 0 0
 495.484694374625 89.0277232843547 0 0
 497.635850258728 92.6602328578675 0 0
 499.787040693579 101.434770128873 0 0
 501.938271636416 103.146911203883 0 0
 504.089549044477 -NAN 0 0
 506.240878875 -NAN 0 0
 508.392267085223 -NAN 0 0
 510.543719632384 -NAN 0 0
 512.695242473721 -NAN 0 0
 514.846841566472 -NAN 0 0
 516.998522867875 -NAN 0 0
 519.150292335168 -NAN 0 0
 521.302155925589 -NAN 0 0
 523.454119596376 -NAN 0 0
 525.606189304767 -NAN 0 0
 527.758371008 -NAN 0 0
 529.910670663313 -NAN 0 0
 532.063094227944 -NAN 0 0
 534.215647659131 -NAN 0 0
 536.368336914112 -NAN 0 0
 538.521167950125 -NAN 0 0
 540.674146724408 -NAN 0 0
 542.827279194199 -NAN 0 0
 544.980571316736 -NAN 0 0
 547.134029049257 -NAN 0 0
 549.287658349 -NAN 0 0
 551.441465173203 -NAN 0 0
 553.595455479104 -NAN 0 0
 555.749635223941 -NAN 0 0
 557.904010364952 -NAN 0 0
 560.058586859375 -NAN 0 0
 562.213370664448 -NAN 0 0
 564.368367737409 -NAN 0 0
 566.523584035496 -NAN 0 0
 568.679025515947 -NAN 0 0
 570.834698136 -NAN 0 0
 572.990607852893 -NAN 0 0
 575.146760623864 -NAN 0 0
 577.303162406151 -NAN 0 0
 579.459819156992 -NAN 0 0
 581.616736833625 -NAN 0 0
 583.773921393288 -NAN 0 0
 585.931378793219 -NAN 0 0
 588.089114990656 -NAN 0 0
 590.247135942837 -NAN 0 0
 592.405447607 -NAN 0 0
 594.564055940383 -NAN 0 0
 596.722966900224 -NAN 0 0
 598.882186443761 -NAN 0 0
 601.041720528232 -NAN 0 0
 603.201575110875 -NAN 0 0
 605.361756148928 -NAN 0 0
 607.522269599629 -NAN 0 0
 609.683121420216 -NAN 0 0
 611.844317567927 -NAN 0 0
 614.005864 -NAN 0 0
 616.167766673673 -NAN 0 0
 618.330031546184 -NAN 0 0
 620.492664574771 -NAN 0 0
 622.655671716672 -NAN 0 0
 624.819058929125 -NAN 0 0
 626.982832169368 -NAN 0 0
 629.146997394639 -NAN 0 0
 631.311560562176 -NAN 0 0
 633.476527629217 -NAN 0 0
 635.641904553 -NAN 0 0
 637.807697290763 -NAN 0 0
 639.973911799744 -NAN 0 0
 642.140554037181 -NAN 0 0
 644.307629960312 -NAN 0 0
 646.475145526375 -NAN 0 0
 648.643106692608 -NAN 0 0
 650.811519416249 -NAN 0 0
 652.980389654536 -NAN 0 0
 655.149723364707 -NAN 0 0
 657.319526504 -NAN 0 0
 659.489805029653 -NAN 0 0
 661.660564898904 -NAN 0 0
 663.831812068991 -NAN 0 0
 666.003552497152 -NAN 0 0
 668.175792140625 -NAN 0 0
 670.348536956648 -NAN 0 0
 672.521792902459 -NAN 0 0
 674.695565935296 -NAN 0 0
 676.869862012397 -NAN 0 0
 679.044687091 -NAN 0 0
 681.220047128343 -NAN 0 0
 683.395948081664 -NAN 0 0
 685.572395908201 -NAN 0 0
 687.749396565192 -NAN 0 0
 689.926956009875 -NAN 0 0
 692.105080199488 -NAN 0 0
 694.283775091269 -NAN 0 0
 696.463046642456 -NAN 0 0
 698.642900810287 -NAN 0 0
 700.823343552 -NAN 0 0
 703.004380824833 -NAN 0 0
 705.186018586024 -NAN 0 0
 707.368262792811 -NAN 0 0
 709.551119402432 -NAN 0 0
 711.734594372125 -NAN 0 0
 713.918693659128 -NAN 0 0
 716.103423220679 -NAN 0 0
 718.288789014016 -NAN 0 0
 720.474796996377 -NAN 0 0
 722.661453125 -NAN 0 0
 724.848763357123 -NAN 0 0
 727.036733649984 -NAN 0 0
 729.225369960821 -NAN 0 0
 731.414678246872 -NAN 0 0
 733.604664465375 -NAN 0 0
 735.795334573568 -NAN 0 0
[END] of [DATA]
[END] of Spectrum


[Spectrum]
Version            = 1
IDData             = 12ad_2026-06-05_14-51-55_000_525
IDDevice           = SAM_82E6
IDDataType         = SPECTRUM
IDDataTypeSub1     = CALIBRATED
IDDataTypeSub2     = 
IDDataTypeSub3     = 
DateTime           = 2026-06-05 14:51:55
PositionLatitude   = 0
PositionLongitude  = 0
Comment            = 20260605_FrameB
CommentSub1        = con
CommentSub2        = left
CommentSub3        = 17cm
IDMethodType       = SAM Control
MethodName         = SAM_82E6
Mission            = No Mission
MissionSub         = 1
RecordType         = 0
[Attributes]
CalFactor = 1
IDBasisSpec = 
IDDataBack = DLAB_2024-11-11_10-40-48_641_639
IDDataCal = DLAB_2024-11-12_11-45-27_171_455
IntegrationTime = 128
P31 = -1
P31e = 0
PathLength = +INF
PathLengthCustomOn = 0
RAWDynamic = 65535
Salinity = 0
Temperature = -NAN
Unit1 = $01 $01 Wavelength nm
Unit2 = $03 $06 Intensity mW/(m^2 nm)
Unit3 = $f0 $06 Error mW/(m^2 nm)
Unit4 = $f1 $00 Status 
p999 = 6862
[END] of [Attributes]
[DATA]
 0 6 0 0
 185.260577530984 -NAN 0 0
 187.468128380571 -NAN 0 0
 189.674861895872 -NAN 0 0
 191.880784034125 -NAN 0 0
 194.085900752568 -NAN 0 0
 196.290218008439 -NAN 0 0
 198.493741758976 -NAN 0 0
 200.696477961417 -NAN 0 0
 202.898432573 -NAN 0 0
 205.099611550963 -NAN 0 0
 207.300020852544 -NAN 0 0
 209.499666434981 -NAN 0 0
 211.698554255512 -NAN 0 0
 213.896690271375 -NAN 0 0
 216.094080439808 -NAN 0 0
 218.290730718049 -NAN 0 0
 220.486647063336 -NAN 0 0
 222.681835432907 -NAN 0 0
 224.876301784 -NAN 0 0
 227.070052073853 -NAN 0 0
 229.263092259704 -NAN 0 0
 231.455428298791 -NAN 0 0
 233.647066148352 -NAN 0 0
 235.838011765625 -NAN 0 0
 238.028271107848 -NAN 0 0
 240.217850132259 -NAN 0 0
 242.406754796096 -NAN 0 0
 244.594991056597 -NAN 0 0
 246.782564871 -NAN 0 0
 248.969482196543 -NAN 0 0
 251.155748990464 -NAN 0 0
 253.341371210001 -NAN 0 0
 255.526354812392 -NAN 0 0
 257.710705754875 -NAN 0 0
 259.894429994688 -NAN 0 0
 262.077533489069 -NAN 0 0
 264.260022195256 -NAN 0 0
 266.441902070487 -NAN 0 0
 268.623179072 -NAN 0 0
 270.803859157033 -NAN 0 0
 272.983948282824 -NAN 0 0
 275.163452406611 -NAN 0 0
 277.342377485632 -NAN 0 0
 279.520729477125 -2.26731197739151 0 0
 281.698514338328 1.86088966634332 0 0
 283.875738026479 1.93242235428853 0 0
 286.052406498816 -2.72551452910934 0 0
 288.228525712577 2.30621706477577 0 0
 290.404101625 2.03601920296768 0 0
 292.579140193323 -2.25054736392929 0 0
 294.753647374784 2.55843318516578 0 0
 296.927629126621 2.07421282716696 0 0
 299.101091406072 -1.47352770278986 0 0
 301.274040170375 2.592737335943 0 0
 303.446481376768 1.93677529905924 0 0
 305.618420982489 -1.24413313509454 0 0
 307.789864944776 2.91365496608615 0 0
 309.960819220867 2.06946783371192 0 0
 312.131289768 -0.88140049381774 0 0
 314.301282543413 3.97564328827717 0 0
 316.470803504344 4.50337289706543 0 0
 318.639858608031 3.61052782295395 0 0
 320.808453811712 10.9195326633697 0 0
 322.976595072625 11.2523234453277 0 0
 325.144288348008 8.76401154595274 0 0
 327.311539595099 14.2759700603704 0 0
 329.478354771136 11.986872672849 0 0
 331.644739833357 8.07534004089333 0 0
 333.810700739 13.0310474604737 0 0
 335.976243445303 9.83259823446192 0 0
 338.141373909504 6.02341689150927 0 0
 340.306098088841 10.4618153727532 0 0
 342.470421940552 7.44300933295476 0 0
 344.634351421875 4.40478592073405 0 0
 346.797892490048 8.25080931480274 0 0
 348.961051102309 5.43703695851506 0 0
 351.123833215896 3.1040034014746 0 0
 353.286244788047 7.01836556395343 0 0
 355.448291776 4.02190299651767 0 0
 357.609980136993 2.12114361755301 0 0
 359.771315828264 6.25919152153052 0 0
 361.932304807051 5.53889395188905 0 0
 364.092953030592 6.79113483182076 0 0
 366.253266456125 10.8119495024341 0 0
 368.413251040888 4.33398294030163 0 0
 370.572912742119 1.01598021917982 0 0
 372.732257517056 5.09380294451382 0 0
 374.891291322937 1.13059002613759 0 0
 377.050020117 -0.0118955256873362 0 0
 379.208449856483 4.75620137983175 0 0
 381.366586498624 0.572787227754512 0 0
 383.524436000661 -0.304397814088335 0 0
 385.682004319832 4.50661183752218 0 0
 387.839297413375 0.288965505835732 0 0
 389.996321238528 -0.346714460556722 0 0
 392.153081752529 4.43907196623331 0 0
 394.309584912616 -0.109272629826767 0 0
 396.465836676027 -0.163584588172409 0 0
 398.621843 4.84761756922868 0 0
 400.777609841773 2.36362780502678 0 0
 402.933143158584 6.52406728737893 0 0
 405.088448907671 11.9821293132413 0 0
 407.243533046272 5.84641729876119 0 0
 409.398401531625 3.90348065334543 0 0
 411.553060320968 6.82078571509223 0 0
 413.707515371539 4.23140582899081 0 0
 415.861772640576 7.1017738294602 0 0
 418.015838085317 13.2032286007962 0 0
 420.169717663 14.3623664059054 0 0
 422.323417330863 21.4171177986215 0 0
 424.476943046144 32.6951844752369 0 0
 426.630300766081 41.6411539958868 0 0
 428.783496447912 58.8945070511334 0 0
 430.936536048875 85.1292616476554 0 0
 433.089425526208 121.256431949666 0 0
 435.242170837149 167.673445859182 0 0
 437.394777938936 214.154684715777 0 0
 439.547252788807 261.8496539694 0 0
 441.699601344 338.076353391583 0 0
 443.851829561753 430.081882167504 0 0
 446.003943399304 509.740615087104 0 0
 448.155948813891 557.787282663586 0 0
 450.307851762752 551.65214042251 0 0
 452.459658203125 490.581650072854 0 0
 454.611374092248 411.581895968445 0 0
 456.763005387359 337.503785601817 0 0
 458.914558045696 278.052261808616 0 0
 461.066038024497 242.28887403166 0 0
 463.217451281 214.749400138877 0 0
 465.368803772443 183.024027594842 0 0
 467.520101456064 157.195416202573 0 0
 469.671350289101 132.213489684623 0 0
 471.822556228792 106.822379821028 0 0
 473.973725232375 94.7293352076029 0 0
 476.124863257088 86.5253320010276 0 0
 478.275976260169 77.4481087577806 0 0
 480.427070198856 77.380790788843 0 0
 482.578151030387 76.671959344554 0 0
 484.729224712 72.0853516472066 0 0
 486.880297200933 76.0865564143448 0 0
 489.031374454424 78.645012410688 0 0
 491.182462429711 78.2061301033498 0 0
 493.333567084032 85.7790738463198 0 0
 495.484694374625 90.7466322035042 0 0
 497.635850258728 92.0337708984384 0 0
 499.787040693579 100.285630955354 0 0
 501.938271636416 104.876408296817 0 0
 504.089549044477 -NAN 0 0
 506.240878875 -NAN 0 0
 508.392267085223 -NAN 0 0
 510.543719632384 -NAN 0 0
 512.695242473721 -NAN 0 0
 514.846841566472 -NAN 0 0
 516.998522867875 -NAN 0 0
 519.150292335168 -NAN 0 0
 521.302155925589 -NAN 0 0
 523.454119596376 -NAN 0 0
 525.606189304767 -NAN 0 0
 527.758371008 -NAN 0 0
 529.910670663313 -NAN 0 0
 532.063094227944 -NAN 0 0
 534.215647659131 -NAN 0 0
 536.368336914112 -NAN 0 0
 538.521167950125 -NAN 0 0
 540.674146724408 -NAN 0 0
 542.827279194199 -NAN 0 0
 544.980571316736 -NAN 0 0
 547.134029049257 -NAN 0 0
 549.287658349 -NAN 0 0
 551.441465173203 -NAN 0 0
 553.595455479104 -NAN 0 0
 555.749635223941 -NAN 0 0
 557.904010364952 -NAN 0 0
 560.058586859375 -NAN 0 0
 562.213370664448 -NAN 0 0
 564.368367737409 -NAN 0 0
 566.523584035496 -NAN 0 0
 568.679025515947 -NAN 0 0
 570.834698136 -NAN 0 0
 572.990607852893 -NAN 0 0
 575.146760623864 -NAN 0 0
 577.303162406151 -NAN 0 0
 579.459819156992 -NAN 0 0
 581.616736833625 -NAN 0 0
 583.773921393288 -NAN 0 0
 585.931378793219 -NAN 0 0
 588.089114990656 -NAN 0 0
 590.247135942837 -NAN 0 0
 592.405447607 -NAN 0 0
 594.564055940383 -NAN 0 0
 596.722966900224 -NAN 0 0
 598.882186443761 -NAN 0 0
 601.041720528232 -NAN 0 0
 603.201575110875 -NAN 0 0
 605.361756148928 -NAN 0 0
 607.522269599629 -NAN 0 0
 609.683121420216 -NAN 0 0
 611.844317567927 -NAN 0 0
 614.005864 -NAN 0 0
 616.167766673673 -NAN 0 0
 618.330031546184 -NAN 0 0
 620.492664574771 -NAN 0 0
 622.655671716672 -NAN 0 0
 624.819058929125 -NAN 0 0
 626.982832169368 -NAN 0 0
 629.146997394639 -NAN 0 0
 631.311560562176 -NAN 0 0
 633.476527629217 -NAN 0 0
 635.641904553 -NAN 0 0
 637.807697290763 -NAN 0 0
 639.973911799744 -NAN 0 0
 642.140554037181 -NAN 0 0
 644.307629960312 -NAN 0 0
 646.475145526375 -NAN 0 0
 648.643106692608 -NAN 0 0
 650.811519416249 -NAN 0 0
 652.980389654536 -NAN 0 0
 655.149723364707 -NAN 0 0
 657.319526504 -NAN 0 0
 659.489805029653 -NAN 0 0
 661.660564898904 -NAN 0 0
 663.831812068991 -NAN 0 0
 666.003552497152 -NAN 0 0
 668.175792140625 -NAN 0 0
 670.348536956648 -NAN 0 0
 672.521792902459 -NAN 0 0
 674.695565935296 -NAN 0 0
 676.869862012397 -NAN 0 0
 679.044687091 -NAN 0 0
 681.220047128343 -NAN 0 0
 683.395948081664 -NAN 0 0
 685.572395908201 -NAN 0 0
 687.749396565192 -NAN 0 0
 689.926956009875 -NAN 0 0
 692.105080199488 -NAN 0 0
 694.283775091269 -NAN 0 0
 696.463046642456 -NAN 0 0
 698.642900810287 -NAN 0 0
 700.823343552 -NAN 0 0
 703.004380824833 -NAN 0 0
 705.186018586024 -NAN 0 0
 707.368262792811 -NAN 0 0
 709.551119402432 -NAN 0 0
 711.734594372125 -NAN 0 0
 713.918693659128 -NAN 0 0
 716.103423220679 -NAN 0 0
 718.288789014016 -NAN 0 0
 720.474796996377 -NAN 0 0
 722.661453125 -NAN 0 0
 724.848763357123 -NAN 0 0
 727.036733649984 -NAN 0 0
 729.225369960821 -NAN 0 0
 731.414678246872 -NAN 0 0
 733.604664465375 -NAN 0 0
 735.795334573568 -NAN 0 0
[END] of [DATA]
[END] of Spectrum


[Spectrum]
Version            = 1
IDData             = 12ad_2026-06-05_14-52-00_000_528
IDDevice           = SAM_82E6
IDDataType         = SPECTRUM
IDDataTypeSub1     = CALIBRATED
IDDataTypeSub2     = 
IDDataTypeSub3     = 
DateTime           = 2026-06-05 14:52:00
PositionLatitude   = 0
PositionLongitude  = 0
Comment            = 20260605_FrameB
CommentSub1        = con
CommentSub2        = left
CommentSub3        = 17cm
IDMethodType       = SAM Control
MethodName         = SAM_82E6
Mission            = No Mission
MissionSub         = 1
RecordType         = 0
[Attributes]
CalFactor = 1
IDBasisSpec = 
IDDataBack = DLAB_2024-11-11_10-40-48_641_639
IDDataCal = DLAB_2024-11-12_11-45-27_171_455
IntegrationTime = 128
P31 = -1
P31e = 0
PathLength = +INF
PathLengthCustomOn = 0
RAWDynamic = 65535
Salinity = 0
Temperature = -NAN
Unit1 = $01 $01 Wavelength nm
Unit2 = $03 $06 Intensity mW/(m^2 nm)
Unit3 = $f0 $06 Error mW/(m^2 nm)
Unit4 = $f1 $00 Status 
p999 = 6863
[END] of [Attributes]
[DATA]
 0 6 0 0
 185.260577530984 -NAN 0 0
 187.468128380571 -NAN 0 0
 189.674861895872 -NAN 0 0
 191.880784034125 -NAN 0 0
 194.085900752568 -NAN 0 0
 196.290218008439 -NAN 0 0
 198.493741758976 -NAN 0 0
 200.696477961417 -NAN 0 0
 202.898432573 -NAN 0 0
 205.099611550963 -NAN 0 0
 207.300020852544 -NAN 0 0
 209.499666434981 -NAN 0 0
 211.698554255512 -NAN 0 0
 213.896690271375 -NAN 0 0
 216.094080439808 -NAN 0 0
 218.290730718049 -NAN 0 0
 220.486647063336 -NAN 0 0
 222.681835432907 -NAN 0 0
 224.876301784 -NAN 0 0
 227.070052073853 -NAN 0 0
 229.263092259704 -NAN 0 0
 231.455428298791 -NAN 0 0
 233.647066148352 -NAN 0 0
 235.838011765625 -NAN 0 0
 238.028271107848 -NAN 0 0
 240.217850132259 -NAN 0 0
 242.406754796096 -NAN 0 0
 244.594991056597 -NAN 0 0
 246.782564871 -NAN 0 0
 248.969482196543 -NAN 0 0
 251.155748990464 -NAN 0 0
 253.341371210001 -NAN 0 0
 255.526354812392 -NAN 0 0
 257.710705754875 -NAN 0 0
 259.894429994688 -NAN 0 0
 262.077533489069 -NAN 0 0
 264.260022195256 -NAN 0 0
 266.441902070487 -NAN 0 0
 268.623179072 -NAN 0 0
 270.803859157033 -NAN 0 0
 272.983948282824 -NAN 0 0
 275.163452406611 -NAN 0 0
 277.342377485632 -NAN 0 0
 279.520729477125 2.78744103362718 0 0
 281.698514338328 0.107611490600423 0 0
 283.875738026479 -1.76597804563148 0 0
 286.052406498816 3.40284119306693 0 0
 288.228525712577 -0.156595158944687 0 0
 290.404101625 -1.69377619546834 0 0
 292.579140193323 3.59773327325244 0 0
 294.753647374784 0.00846312409399328 0 0
 296.927629126621 -1.06816360374653 0 0
 299.101091406072 3.21352248663458 0 0
 301.274040170375 0.201252987900952 0 0
 303.446481376768 -0.550136702967371 0 0
 305.618420982489 3.33395692421983 0 0
 307.789864944776 0.268122381041229 0 0
 309.960819220867 -0.25512210614422 0 0
 312.131289768 3.88854023899793 0 0
 314.301282543413 1.16049796845074 0 0
 316.470803504344 2.09528562412978 0 0
 318.639858608031 8.85533860475184 0 0
 320.808453811712 7.3375335073913 0 0
 322.976595072625 9.11345972883933 0 0
 325.144288348008 14.8578546193562 0 0
 327.311539595099 10.1726560630771 0 0
 329.478354771136 9.93867013952908 0 0
 331.644739833357 14.0845397839547 0 0
 333.810700739 8.62148402557091 0 0
 335.976243445303 8.27572591264166 0 0
 338.141373909504 11.5975022582896 0 0
 340.306098088841 6.02756231665223 0 0
 342.470421940552 5.96987923959399 0 0
 344.634351421875 8.98854798723314 0 0
 346.797892490048 4.26085689994206 0 0
 348.961051102309 4.55228465474956 0 0
 351.123833215896 7.02307152795253 0 0
 353.286244788047 2.82788150073813 0 0
 355.448291776 3.43136032608216 0 0
 357.609980136993 5.71589966830743 0 0
 359.771315828264 2.18373731801671 0 0
 361.932304807051 5.29183297894481 0 0
 364.092953030592 10.5406030165902 0 0
 366.253266456125 6.07176426960754 0 0
 368.413251040888 4.45400067727052 0 0
 370.572912742119 4.96105452927093 0 0
 372.732257517056 -0.482971839761639 0 0
 374.891291322937 1.11848981963605 0 0
 377.050020117 3.74982374818789 0 0
 379.208449856483 -1.40274914441427 0 0
 381.366586498624 1.01796590866885 0 0
 383.524436000661 3.21315133780646 0 0
 385.682004319832 -2.00920154249688 0 0
 387.839297413375 0.888300834681319 0 0
 389.996321238528 3.05394091000075 0 0
 392.153081752529 -1.84270783226 0 0
 394.309584912616 1.15481865495829 0 0
 396.465836676027 2.91750249948956 0 0
 398.621843 -1.25456213994119 0 0
 400.777609841773 4.17782878166931 0 0
 402.933143158584 9.68348727393539 0 0
 405.088448907671 6.70839569875324 0 0
 407.243533046272 7.88859626879465 0 0
 409.398401531625 6.16191406791178 0 0
 411.553060320968 2.046077577296 0 0
 413.707515371539 6.15012057428022 0 0
 415.861772640576 9.00316700573145 0 0
 418.015838085317 8.77095523552513 0 0
 420.169717663 16.261035030078 0 0
 422.323417330863 22.8921014866529 0 0
 424.476943046144 28.6768330493242 0 0
 426.630300766081 43.5289491584537 0 0
 428.783496447912 60.2070090027768 0 0
 430.936536048875 81.6659103658026 0 0
 433.089425526208 123.857704283369 0 0
 435.242170837149 169.867291296284 0 0
 437.394777938936 211.859885408726 0 0
 439.547252788807 264.419238216756 0 0
 441.699601344 339.030636962065 0 0
 443.851829561753 426.669271619815 0 0
 446.003943399304 512.273933881073 0 0
 448.155948813891 558.521680996091 0 0
 450.307851762752 548.202704317576 0 0
 452.459658203125 493.441168410229 0 0
 454.611374092248 411.949915374304 0 0
 456.763005387359 333.804762860274 0 0
 458.914558045696 281.582297592864 0 0
 461.066038024497 242.591483640102 0 0
 463.217451281 210.851367354532 0 0
 465.368803772443 186.795483921474 0 0
 467.520101456064 157.378560818536 0 0
 469.671350289101 128.482115657788 0 0
 471.822556228792 110.96404710677 0 0
 473.973725232375 94.4419498979288 0 0
 476.124863257088 82.7090607123902 0 0
 478.275976260169 81.6186148160906 0 0
 480.427070198856 76.8895806773967 0 0
 482.578151030387 73.0857777816789 0 0
 484.729224712 76.6216874144716 0 0
 486.880297200933 75.3113637004969 0 0
 489.031374454424 75.3117193633431 0 0
 491.182462429711 82.7394700081825 0 0
 493.333567084032 84.6267757144888 0 0
 495.484694374625 87.5888426694839 0 0
 497.635850258728 96.6055169316099 0 0
 499.787040693579 98.8473044401545 0 0
 501.938271636416 101.941536752056 0 0
 504.089549044477 -NAN 0 0
 506.240878875 -NAN 0 0
 508.392267085223 -NAN 0 0
 510.543719632384 -NAN 0 0
 512.695242473721 -NAN 0 0
 514.846841566472 -NAN 0 0
 516.998522867875 -NAN 0 0
 519.150292335168 -NAN 0 0
 521.302155925589 -NAN 0 0
 523.454119596376 -NAN 0 0
 525.606189304767 -NAN 0 0
 527.758371008 -NAN 0 0
 529.910670663313 -NAN 0 0
 532.063094227944 -NAN 0 0
 534.215647659131 -NAN 0 0
 536.368336914112 -NAN 0 0
 538.521167950125 -NAN 0 0
 540.674146724408 -NAN 0 0
 542.827279194199 -NAN 0 0
 544.980571316736 -NAN 0 0
 547.134029049257 -NAN 0 0
 549.287658349 -NAN 0 0
 551.441465173203 -NAN 0 0
 553.595455479104 -NAN 0 0
 555.749635223941 -NAN 0 0
 557.904010364952 -NAN 0 0
 560.058586859375 -NAN 0 0
 562.213370664448 -NAN 0 0
 564.368367737409 -NAN 0 0
 566.523584035496 -NAN 0 0
 568.679025515947 -NAN 0 0
 570.834698136 -NAN 0 0
 572.990607852893 -NAN 0 0
 575.146760623864 -NAN 0 0
 577.303162406151 -NAN 0 0
 579.459819156992 -NAN 0 0
 581.616736833625 -NAN 0 0
 583.773921393288 -NAN 0 0
 585.931378793219 -NAN 0 0
 588.089114990656 -NAN 0 0
 590.247135942837 -NAN 0 0
 592.405447607 -NAN 0 0
 594.564055940383 -NAN 0 0
 596.722966900224 -NAN 0 0
 598.882186443761 -NAN 0 0
 601.041720528232 -NAN 0 0
 603.201575110875 -NAN 0 0
 605.361756148928 -NAN 0 0
 607.522269599629 -NAN 0 0
 609.683121420216 -NAN 0 0
 611.844317567927 -NAN 0 0
 614.005864 -NAN 0 0
 616.167766673673 -NAN 0 0
 618.330031546184 -NAN 0 0
 620.492664574771 -NAN 0 0
 622.655671716672 -NAN 0 0
 624.819058929125 -NAN 0 0
 626.982832169368 -NAN 0 0
 629.146997394639 -NAN 0 0
 631.311560562176 -NAN 0 0
 633.476527629217 -NAN 0 0
 635.641904553 -NAN 0 0
 637.807697290763 -NAN 0 0
 639.973911799744 -NAN 0 0
 642.140554037181 -NAN 0 0
 644.307629960312 -NAN 0 0
 646.475145526375 -NAN 0 0
 648.643106692608 -NAN 0 0
 650.811519416249 -NAN 0 0
 652.980389654536 -NAN 0 0
 655.149723364707 -NAN 0 0
 657.319526504 -NAN 0 0
 659.489805029653 -NAN 0 0
 661.660564898904 -NAN 0 0
 663.831812068991 -NAN 0 0
 666.003552497152 -NAN 0 0
 668.175792140625 -NAN 0 0
 670.348536956648 -NAN 0 0
 672.521792902459 -NAN 0 0
 674.695565935296 -NAN 0 0
 676.869862012397 -NAN 0 0
 679.044687091 -NAN 0 0
 681.220047128343 -NAN 0 0
 683.395948081664 -NAN 0 0
 685.572395908201 -NAN 0 0
 687.749396565192 -NAN 0 0
 689.926956009875 -NAN 0 0
 692.105080199488 -NAN 0 0
 694.283775091269 -NAN 0 0
 696.463046642456 -NAN 0 0
 698.642900810287 -NAN 0 0
 700.823343552 -NAN 0 0
 703.004380824833 -NAN 0 0
 705.186018586024 -NAN 0 0
 707.368262792811 -NAN 0 0
 709.551119402432 -NAN 0 0
 711.734594372125 -NAN 0 0
 713.918693659128 -NAN 0 0
 716.103423220679 -NAN 0 0
 718.288789014016 -NAN 0 0
 720.474796996377 -NAN 0 0
 722.661453125 -NAN 0 0
 724.848763357123 -NAN 0 0
 727.036733649984 -NAN 0 0
 729.225369960821 -NAN 0 0
 731.414678246872 -NAN 0 0
 733.604664465375 -NAN 0 0
 735.795334573568 -NAN 0 0
[END] of [DATA]
[END] of Spectrum


[Spectrum]
Version            = 1
IDData             = 12ad_2026-06-05_14-52-05_000_531
IDDevice           = SAM_82E6
IDDataType         = SPECTRUM
IDDataTypeSub1     = CALIBRATED
IDDataTypeSub2     = 
IDDataTypeSub3     = 
DateTime           = 2026-06-05 14:52:05
PositionLatitude   = 0
PositionLongitude  = 0
Comment            = 20260605_FrameB
CommentSub1        = con
CommentSub2        = left
CommentSub3        = 17cm
IDMethodType       = SAM Control
MethodName         = SAM_82E6
Mission            = No Mission
MissionSub         = 1
RecordType         = 0
[Attributes]
CalFactor = 1
IDBasisSpec = 
IDDataBack = DLAB_2024-11-11_10-40-48_641_639
IDDataCal = DLAB_2024-11-12_11-45-27_171_455
IntegrationTime = 128
P31 = -1
P31e = 0
PathLength = +INF
PathLengthCustomOn = 0
RAWDynamic = 65535
Salinity = 0
Temperature = -NAN
Unit1 = $01 $01 Wavelength nm
Unit2 = $03 $06 Intensity mW/(m^2 nm)
Unit3 = $f0 $06 Error mW/(m^2 nm)
Unit4 = $f1 $00 Status 
p999 = 6864
[END] of [Attributes]
[DATA]
 0 6 0 0
 185.260577530984 -NAN 0 0
 187.468128380571 -NAN 0 0
 189.674861895872 -NAN 0 0
 191.880784034125 -NAN 0 0
 194.085900752568 -NAN 0 0
 196.290218008439 -NAN 0 0
 198.493741758976 -NAN 0 0
 200.696477961417 -NAN 0 0
 202.898432573 -NAN 0 0
 205.099611550963 -NAN 0 0
 207.300020852544 -NAN 0 0
 209.499666434981 -NAN 0 0
 211.698554255512 -NAN 0 0
 213.896690271375 -NAN 0 0
 216.094080439808 -NAN 0 0
 218.290730718049 -NAN 0 0
 220.486647063336 -NAN 0 0
 222.681835432907 -NAN 0 0
 224.876301784 -NAN 0 0
 227.070052073853 -NAN 0 0
 229.263092259704 -NAN 0 0
 231.455428298791 -NAN 0 0
 233.647066148352 -NAN 0 0
 235.838011765625 -NAN 0 0
 238.028271107848 -NAN 0 0
 240.217850132259 -NAN 0 0
 242.406754796096 -NAN 0 0
 244.594991056597 -NAN 0 0
 246.782564871 -NAN 0 0
 248.969482196543 -NAN 0 0
 251.155748990464 -NAN 0 0
 253.341371210001 -NAN 0 0
 255.526354812392 -NAN 0 0
 257.710705754875 -NAN 0 0
 259.894429994688 -NAN 0 0
 262.077533489069 -NAN 0 0
 264.260022195256 -NAN 0 0
 266.441902070487 -NAN 0 0
 268.623179072 -NAN 0 0
 270.803859157033 -NAN 0 0
 272.983948282824 -NAN 0 0
 275.163452406611 -NAN 0 0
 277.342377485632 -NAN 0 0
 279.520729477125 2.6790982122528 0 0
 281.698514338328 -1.86531674742794 0 0
 283.875738026479 0.398835934161331 0 0
 286.052406498816 3.14585968090744 0 0
 288.228525712577 -2.11223139243999 0 0
 290.404101625 0.797116403955015 0 0
 292.579140193323 3.2467518611873 0 0
 294.753647374784 -1.98305938737109 0 0
 296.927629126621 1.17530272086928 0 0
 299.101091406072 2.80952807671471 0 0
 301.274040170375 -1.34085409533431 0 0
 303.446481376768 1.51737511953433 0 0
 305.618420982489 2.77581063791864 0 0
 307.789864944776 -1.11396797550951 0 0
 309.960819220867 1.84900463160562 0 0
 312.131289768 3.16275307866151 0 0
 314.301282543413 -0.322075465162931 0 0
 316.470803504344 4.69396732353827 0 0
 318.639858608031 8.16452099625896 0 0
 320.808453811712 6.23937323103226 0 0
 322.976595072625 12.5854219352888 0 0
 325.144288348008 14.082589580167 0 0
 327.311539595099 9.30625428658533 0 0
 329.478354771136 13.8521202957852 0 0
 331.644739833357 13.3428277683662 0 0
 333.810700739 7.90653970228858 0 0
 335.976243445303 11.7339885210547 0 0
 338.141373909504 10.8433365132754 0 0
 340.306098088841 5.51858010176461 0 0
 342.470421940552 9.34432924011906 0 0
 344.634351421875 8.1547937348082 0 0
 346.797892490048 3.91658307667979 0 0
 348.961051102309 7.30369083861639 0 0
 351.123833215896 6.42194625405403 0 0
 353.286244788047 2.53673936051475 0 0
 355.448291776 6.02910267417279 0 0
 357.609980136993 5.02521821083451 0 0
 359.771315828264 2.07079915719091 0 0
 361.932304807051 7.90409099954185 0 0
 364.092953030592 9.71077491788329 0 0
 366.253266456125 6.34853783456933 0 0
 368.413251040888 7.38170607908739 0 0
 370.572912742119 3.69878146921313 0 0
 372.732257517056 -0.267727900719428 0 0
 374.891291322937 4.36537856421885 0 0
 377.050020117 2.3883213927369 0 0
 379.208449856483 -0.869561198552482 0 0
 381.366586498624 4.0494207358474 0 0
 383.524436000661 1.88714189994066 0 0
 385.682004319832 -1.00644047877424 0 0
 387.839297413375 4.15701620973276 0 0
 389.996321238528 1.54113387402785 0 0
 392.153081752529 -0.814477474256129 0 0
 394.309584912616 4.12891044796391 0 0
 396.465836676027 1.51993750678537 0 0
 398.621843 -0.0803005520709299 0 0
 400.777609841773 6.89717949289477 0 0
 402.933143158584 8.36421081745513 0 0
 405.088448907671 8.14936693793202 0 0
 407.243533046272 10.3727127471774 0 0
 409.398401531625 4.82472898683673 0 0
 411.553060320968 3.08175578043544 0 0
 413.707515371539 8.08156311224153 0 0
 415.861772640576 7.51818199688836 0 0
 418.015838085317 9.85322025552145 0 0
 420.169717663 17.8815728244018 0 0
 422.323417330863 21.6423480824549 0 0
 424.476943046144 29.7340136431528 0 0
 426.630300766081 44.8366810611921 0 0
 428.783496447912 58.9804898379463 0 0
 430.936536048875 82.8549695853395 0 0
 433.089425526208 125.885773749887 0 0
 435.242170837149 169.768987839539 0 0
 437.394777938936 213.862139767543 0 0
 439.547252788807 266.00854669836 0 0
 441.699601344 337.953060940617 0 0
 443.851829561753 427.862053084239 0 0
 446.003943399304 513.262107878721 0 0
 448.155948813891 557.071310095696 0 0
 450.307851762752 549.276764030249 0 0
 452.459658203125 494.210931849931 0 0
 454.611374092248 410.429339069477 0 0
 456.763005387359 335.16077832293 0 0
 458.914558045696 282.267944916522 0 0
 461.066038024497 240.925602462318 0 0
 463.217451281 212.33143575786 0 0
 465.368803772443 187.48264263086 0 0
 467.520101456064 155.588884483604 0 0
 469.671350289101 129.790856939611 0 0
 471.822556228792 111.360833917202 0 0
 473.973725232375 92.6020232601305 0 0
 476.124863257088 84.4660733422328 0 0
 478.275976260169 81.9019825338815 0 0
 480.427070198856 75.0483781508192 0 0
 482.578151030387 74.7566504239522 0 0
 484.729224712 76.8865584607495 0 0
 486.880297200933 73.4421760744654 0 0
 489.031374454424 77.0270393504461 0 0
 491.182462429711 82.5618890658646 0 0
 493.333567084032 82.8265186331643 0 0
 495.484694374625 89.3254608885087 0 0
 497.635850258728 96.4508214214882 0 0
 499.787040693579 97.2850404928064 0 0
 501.938271636416 103.70762556942 0 0
 504.089549044477 -NAN 0 0
 506.240878875 -NAN 0 0
 508.392267085223 -NAN 0 0
 510.543719632384 -NAN 0 0
 512.695242473721 -NAN 0 0
 514.846841566472 -NAN 0 0
 516.998522867875 -NAN 0 0
 519.150292335168 -NAN 0 0
 521.302155925589 -NAN 0 0
 523.454119596376 -NAN 0 0
 525.606189304767 -NAN 0 0
 527.758371008 -NAN 0 0
 529.910670663313 -NAN 0 0
 532.063094227944 -NAN 0 0
 534.215647659131 -NAN 0 0
 536.368336914112 -NAN 0 0
 538.521167950125 -NAN 0 0
 540.674146724408 -NAN 0 0
 542.827279194199 -NAN 0 0
 544.980571316736 -NAN 0 0
 547.134029049257 -NAN 0 0
 549.287658349 -NAN 0 0
 551.441465173203 -NAN 0 0
 553.595455479104 -NAN 0 0
 555.749635223941 -NAN 0 0
 557.904010364952 -NAN 0 0
 560.058586859375 -NAN 0 0
 562.213370664448 -NAN 0 0
 564.368367737409 -NAN 0 0
 566.523584035496 -NAN 0 0
 568.679025515947 -NAN 0 0
 570.834698136 -NAN 0 0
 572.990607852893 -NAN 0 0
 575.146760623864 -NAN 0 0
 577.303162406151 -NAN 0 0
 579.459819156992 -NAN 0 0
 581.616736833625 -NAN 0 0
 583.773921393288 -NAN 0 0
 585.931378793219 -NAN 0 0
 588.089114990656 -NAN 0 0
 590.247135942837 -NAN 0 0
 592.405447607 -NAN 0 0
 594.564055940383 -NAN 0 0
 596.722966900224 -NAN 0 0
 598.882186443761 -NAN 0 0
 601.041720528232 -NAN 0 0
 603.201575110875 -NAN 0 0
 605.361756148928 -NAN 0 0
 607.522269599629 -NAN 0 0
 609.683121420216 -NAN 0 0
 611.844317567927 -NAN 0 0
 614.005864 -NAN 0 0
 616.167766673673 -NAN 0 0
 618.330031546184 -NAN 0 0
 620.492664574771 -NAN 0 0
 622.655671716672 -NAN 0 0
 624.819058929125 -NAN 0 0
 626.982832169368 -NAN 0 0
 629.146997394639 -NAN 0 0
 631.311560562176 -NAN 0 0
 633.476527629217 -NAN 0 0
 635.641904553 -NAN 0 0
 637.807697290763 -NAN 0 0
 639.973911799744 -NAN 0 0
 642.140554037181 -NAN 0 0
 644.307629960312 -NAN 0 0
 646.475145526375 -NAN 0 0
 648.643106692608 -NAN 0 0
 650.811519416249 -NAN 0 0
 652.980389654536 -NAN 0 0
 655.149723364707 -NAN 0 0
 657.319526504 -NAN 0 0
 659.489805029653 -NAN 0 0
 661.660564898904 -NAN 0 0
 663.831812068991 -NAN 0 0
 666.003552497152 -NAN 0 0
 668.175792140625 -NAN 0 0
 670.348536956648 -NAN 0 0
 672.521792902459 -NAN 0 0
 674.695565935296 -NAN 0 0
 676.869862012397 -NAN 0 0
 679.044687091 -NAN 0 0
 681.220047128343 -NAN 0 0
 683.395948081664 -NAN 0 0
 685.572395908201 -NAN 0 0
 687.749396565192 -NAN 0 0
 689.926956009875 -NAN 0 0
 692.105080199488 -NAN 0 0
 694.283775091269 -NAN 0 0
 696.463046642456 -NAN 0 0
 698.642900810287 -NAN 0 0
 700.823343552 -NAN 0 0
 703.004380824833 -NAN 0 0
 705.186018586024 -NAN 0 0
 707.368262792811 -NAN 0 0
 709.551119402432 -NAN 0 0
 711.734594372125 -NAN 0 0
 713.918693659128 -NAN 0 0
 716.103423220679 -NAN 0 0
 718.288789014016 -NAN 0 0
 720.474796996377 -NAN 0 0
 722.661453125 -NAN 0 0
 724.848763357123 -NAN 0 0
 727.036733649984 -NAN 0 0
 729.225369960821 -NAN 0 0
 731.414678246872 -NAN 0 0
 733.604664465375 -NAN 0 0
 735.795334573568 -NAN 0 0
[END] of [DATA]
[END] of Spectrum


[Spectrum]
Version            = 1
IDData             = 12ad_2026-06-05_14-52-10_000_534
IDDevice           = SAM_82E6
IDDataType         = SPECTRUM
IDDataTypeSub1     = CALIBRATED
IDDataTypeSub2     = 
IDDataTypeSub3     = 
DateTime           = 2026-06-05 14:52:10
PositionLatitude   = 0
PositionLongitude  = 0
Comment            = 20260605_FrameB
CommentSub1        = con
CommentSub2        = left
CommentSub3        = 17cm
IDMethodType       = SAM Control
MethodName         = SAM_82E6
Mission            = No Mission
MissionSub         = 1
RecordType         = 0
[Attributes]
CalFactor = 1
IDBasisSpec = 
IDDataBack = DLAB_2024-11-11_10-40-48_641_639
IDDataCal = DLAB_2024-11-12_11-45-27_171_455
IntegrationTime = 128
P31 = -1
P31e = 0
PathLength = +INF
PathLengthCustomOn = 0
RAWDynamic = 65535
Salinity = 0
Temperature = -NAN
Unit1 = $01 $01 Wavelength nm
Unit2 = $03 $06 Intensity mW/(m^2 nm)
Unit3 = $f0 $06 Error mW/(m^2 nm)
Unit4 = $f1 $00 Status 
p999 = 6865
[END] of [Attributes]
[DATA]
 0 6 0 0
 185.260577530984 -NAN 0 0
 187.468128380571 -NAN 0 0
 189.674861895872 -NAN 0 0
 191.880784034125 -NAN 0 0
 194.085900752568 -NAN 0 0
 196.290218008439 -NAN 0 0
 198.493741758976 -NAN 0 0
 200.696477961417 -NAN 0 0
 202.898432573 -NAN 0 0
 205.099611550963 -NAN 0 0
 207.300020852544 -NAN 0 0
 209.499666434981 -NAN 0 0
 211.698554255512 -NAN 0 0
 213.896690271375 -NAN 0 0
 216.094080439808 -NAN 0 0
 218.290730718049 -NAN 0 0
 220.486647063336 -NAN 0 0
 222.681835432907 -NAN 0 0
 224.876301784 -NAN 0 0
 227.070052073853 -NAN 0 0
 229.263092259704 -NAN 0 0
 231.455428298791 -NAN 0 0
 233.647066148352 -NAN 0 0
 235.838011765625 -NAN 0 0
 238.028271107848 -NAN 0 0
 240.217850132259 -NAN 0 0
 242.406754796096 -NAN 0 0
 244.594991056597 -NAN 0 0
 246.782564871 -NAN 0 0
 248.969482196543 -NAN 0 0
 251.155748990464 -NAN 0 0
 253.341371210001 -NAN 0 0
 255.526354812392 -NAN 0 0
 257.710705754875 -NAN 0 0
 259.894429994688 -NAN 0 0
 262.077533489069 -NAN 0 0
 264.260022195256 -NAN 0 0
 266.441902070487 -NAN 0 0
 268.623179072 -NAN 0 0
 270.803859157033 -NAN 0 0
 272.983948282824 -NAN 0 0
 275.163452406611 -NAN 0 0
 277.342377485632 -NAN 0 0
 279.520729477125 3.13986653304041 0 0
 281.698514338328 -0.487274094756043 0 0
 283.875738026479 -1.69678307824084 0 0
 286.052406498816 3.86598866413403 0 0
 288.228525712577 -0.705319464753259 0 0
 290.404101625 -1.38695871824806 0 0
 292.579140193323 3.94589555750982 0 0
 294.753647374784 -0.565040609448184 0 0
 296.927629126621 -0.823121724487415 0 0
 299.101091406072 3.59368241809311 0 0
 301.274040170375 -0.264047945415333 0 0
 303.446481376768 -0.241047508161254 0 0
 305.618420982489 3.42536816571425 0 0
 307.789864944776 -0.179747579820921 0 0
 309.960819220867 0.0118112807197803 0 0
 312.131289768 3.96393208356001 0 0
 314.301282543413 0.715144537020124 0 0
 316.470803504344 2.68295177242103 0 0
 318.639858608031 9.40464795079739 0 0
 320.808453811712 7.57047659631594 0 0
 322.976595072625 10.346716454257 0 0
 325.144288348008 15.7861514912345 0 0
 327.311539595099 10.5083684265569 0 0
 329.478354771136 11.1628318569745 0 0
 331.644739833357 14.9565325527804 0 0
 333.810700739 8.82723404821323 0 0
 335.976243445303 9.47208998440457 0 0
 338.141373909504 12.1719041013264 0 0
 340.306098088841 6.26508735026645 0 0
 342.470421940552 6.88256517299173 0 0
 344.634351421875 9.61606438536291 0 0
 346.797892490048 4.18958617863514 0 0
 348.961051102309 5.25430380296611 0 0
 351.123833215896 7.44061291931965 0 0
 353.286244788047 2.78317428070383 0 0
 355.448291776 4.12301594919697 0 0
 357.609980136993 5.98039318768078 0 0
 359.771315828264 2.06219434493752 0 0
 361.932304807051 6.0967027263587 0 0
 364.092953030592 11.0023713055304 0 0
 366.253266456125 6.23409138154715 0 0
 368.413251040888 5.10258137705189 0 0
 370.572912742119 4.84173518528537 0 0
 372.732257517056 -0.818230581178902 0 0
 374.891291322937 1.83777987278379 0 0
 377.050020117 3.74292657313495 0 0
 379.208449856483 -1.43493634324582 0 0
 381.366586498624 1.62143034279716 0 0
 383.524436000661 3.43628475875494 0 0
 385.682004319832 -2.14432537377866 0 0
 387.839297413375 1.59531816114455 0 0
 389.996321238528 3.12276871386582 0 0
 392.153081752529 -2.32421381637248 0 0
 394.309584912616 1.7125460934449 0 0
 396.465836676027 2.81412833576407 0 0
 398.621843 -1.47614596499694 0 0
 400.777609841773 4.99064283930485 0 0
 402.933143158584 10.0877612313006 0 0
 405.088448907671 7.25505571702652 0 0
 407.243533046272 8.75940324089152 0 0
 409.398401531625 6.15618491160898 0 0
 411.553060320968 1.98100301501141 0 0
 413.707515371539 6.48846772947498 0 0
 415.861772640576 8.81435447883387 0 0
 418.015838085317 8.71295919903123 0 0
 420.169717663 16.6139016951585 0 0
 422.323417330863 22.8710433706847 0 0
 424.476943046144 28.7043499245624 0 0
 426.630300766081 43.8819936127244 0 0
 428.783496447912 60.187620727319 0 0
 430.936536048875 81.9584370622237 0 0
 433.089425526208 125.631556659074 0 0
 435.242170837149 172.280121669547 0 0
 437.394777938936 213.942070081268 0 0
 439.547252788807 265.652671007823 0 0
 441.699601344 339.248453625439 0 0
 443.851829561753 426.680153134929 0 0
 446.003943399304 512.485257671046 0 0
 448.155948813891 558.45411985917 0 0
 450.307851762752 548.052101486328 0 0
 452.459658203125 493.553251895432 0 0
 454.611374092248 411.791105966608 0 0
 456.763005387359 334.045897359393 0 0
 458.914558045696 281.738988465956 0 0
 461.066038024497 242.494689320903 0 0
 463.217451281 210.846174132064 0 0
 465.368803772443 187.113202464523 0 0
 467.520101456064 157.373205712806 0 0
 469.671350289101 128.262368362329 0 0
 471.822556228792 111.273387788181 0 0
 473.973725232375 94.33734604958 0 0
 476.124863257088 82.843023238043 0 0
 478.275976260169 82.1331216919227 0 0
 480.427070198856 76.7637150479332 0 0
 482.578151030387 73.1806503097973 0 0
 484.729224712 76.8977344542633 0 0
 486.880297200933 75.0440172955768 0 0
 489.031374454424 75.3665469428396 0 0
 491.182462429711 82.9751277366673 0 0
 493.333567084032 84.5009692517864 0 0
 495.484694374625 87.7028462874313 0 0
 497.635850258728 96.777766542171 0 0
 499.787040693579 98.7635923149313 0 0
 501.938271636416 101.839295169088 0 0
 504.089549044477 -NAN 0 0
 506.240878875 -NAN 0 0
 508.392267085223 -NAN 0 0
 510.543719632384 -NAN 0 0
 512.695242473721 -NAN 0 0
 514.846841566472 -NAN 0 0
 516.998522867875 -NAN 0 0
 519.150292335168 -NAN 0 0
 521.302155925589 -NAN 0 0
 523.454119596376 -NAN 0 0
 525.606189304767 -NAN 0 0
 527.758371008 -NAN 0 0
 529.910670663313 -NAN 0 0
 532.063094227944 -NAN 0 0
 534.215647659131 -NAN 0 0
 536.368336914112 -NAN 0 0
 538.521167950125 -NAN 0 0
 540.674146724408 -NAN 0 0
 542.827279194199 -NAN 0 0
 544.980571316736 -NAN 0 0
 547.134029049257 -NAN 0 0
 549.287658349 -NAN 0 0
 551.441465173203 -NAN 0 0
 553.595455479104 -NAN 0 0
 555.749635223941 -NAN 0 0
 557.904010364952 -NAN 0 0
 560.058586859375 -NAN 0 0
 562.213370664448 -NAN 0 0
 564.368367737409 -NAN 0 0
 566.523584035496 -NAN 0 0
 568.679025515947 -NAN 0 0
 570.834698136 -NAN 0 0
 572.990607852893 -NAN 0 0
 575.146760623864 -NAN 0 0
 577.303162406151 -NAN 0 0
 579.459819156992 -NAN 0 0
 581.616736833625 -NAN 0 0
 583.773921393288 -NAN 0 0
 585.931378793219 -NAN 0 0
 588.089114990656 -NAN 0 0
 590.247135942837 -NAN 0 0
 592.405447607 -NAN 0 0
 594.564055940383 -NAN 0 0
 596.722966900224 -NAN 0 0
 598.882186443761 -NAN 0 0
 601.041720528232 -NAN 0 0
 603.201575110875 -NAN 0 0
 605.361756148928 -NAN 0 0
 607.522269599629 -NAN 0 0
 609.683121420216 -NAN 0 0
 611.844317567927 -NAN 0 0
 614.005864 -NAN 0 0
 616.167766673673 -NAN 0 0
 618.330031546184 -NAN 0 0
 620.492664574771 -NAN 0 0
 622.655671716672 -NAN 0 0
 624.819058929125 -NAN 0 0
 626.982832169368 -NAN 0 0
 629.146997394639 -NAN 0 0
 631.311560562176 -NAN 0 0
 633.476527629217 -NAN 0 0
 635.641904553 -NAN 0 0
 637.807697290763 -NAN 0 0
 639.973911799744 -NAN 0 0
 642.140554037181 -NAN 0 0
 644.307629960312 -NAN 0 0
 646.475145526375 -NAN 0 0
 648.643106692608 -NAN 0 0
 650.811519416249 -NAN 0 0
 652.980389654536 -NAN 0 0
 655.149723364707 -NAN 0 0
 657.319526504 -NAN 0 0
 659.489805029653 -NAN 0 0
 661.660564898904 -NAN 0 0
 663.831812068991 -NAN 0 0
 666.003552497152 -NAN 0 0
 668.175792140625 -NAN 0 0
 670.348536956648 -NAN 0 0
 672.521792902459 -NAN 0 0
 674.695565935296 -NAN 0 0
 676.869862012397 -NAN 0 0
 679.044687091 -NAN 0 0
 681.220047128343 -NAN 0 0
 683.395948081664 -NAN 0 0
 685.572395908201 -NAN 0 0
 687.749396565192 -NAN 0 0
 689.926956009875 -NAN 0 0
 692.105080199488 -NAN 0 0
 694.283775091269 -NAN 0 0
 696.463046642456 -NAN 0 0
 698.642900810287 -NAN 0 0
 700.823343552 -NAN 0 0
 703.004380824833 -NAN 0 0
 705.186018586024 -NAN 0 0
 707.368262792811 -NAN 0 0
 709.551119402432 -NAN 0 0
 711.734594372125 -NAN 0 0
 713.918693659128 -NAN 0 0
 716.103423220679 -NAN 0 0
 718.288789014016 -NAN 0 0
 720.474796996377 -NAN 0 0
 722.661453125 -NAN 0 0
 724.848763357123 -NAN 0 0
 727.036733649984 -NAN 0 0
 729.225369960821 -NAN 0 0
 731.414678246872 -NAN 0 0
 733.604664465375 -NAN 0 0
 735.795334573568 -NAN 0 0
[END] of [DATA]
[END] of Spectrum


[Spectrum]
Version            = 1
IDData             = 12ad_2026-06-05_14-52-15_000_537
IDDevice           = SAM_82E6
IDDataType         = SPECTRUM
IDDataTypeSub1     = CALIBRATED
IDDataTypeSub2     = 
IDDataTypeSub3     = 
DateTime           = 2026-06-05 14:52:15
PositionLatitude   = 0
PositionLongitude  = 0
Comment            = 20260605_FrameB
CommentSub1        = con
CommentSub2        = left
CommentSub3        = 17cm
IDMethodType       = SAM Control
MethodName         = SAM_82E6
Mission            = No Mission
MissionSub         = 1
RecordType         = 0
[Attributes]
CalFactor = 1
IDBasisSpec = 
IDDataBack = DLAB_2024-11-11_10-40-48_641_639
IDDataCal = DLAB_2024-11-12_11-45-27_171_455
IntegrationTime = 128
P31 = -1
P31e = 0
PathLength = +INF
PathLengthCustomOn = 0
RAWDynamic = 65535
Salinity = 0
Temperature = -NAN
Unit1 = $01 $01 Wavelength nm
Unit2 = $03 $06 Intensity mW/(m^2 nm)
Unit3 = $f0 $06 Error mW/(m^2 nm)
Unit4 = $f1 $00 Status 
p999 = 6866
[END] of [Attributes]
[DATA]
 0 6 0 0
 185.260577530984 -NAN 0 0
 187.468128380571 -NAN 0 0
 189.674861895872 -NAN 0 0
 191.880784034125 -NAN 0 0
 194.085900752568 -NAN 0 0
 196.290218008439 -NAN 0 0
 198.493741758976 -NAN 0 0
 200.696477961417 -NAN 0 0
 202.898432573 -NAN 0 0
 205.099611550963 -NAN 0 0
 207.300020852544 -NAN 0 0
 209.499666434981 -NAN 0 0
 211.698554255512 -NAN 0 0
 213.896690271375 -NAN 0 0
 216.094080439808 -NAN 0 0
 218.290730718049 -NAN 0 0
 220.486647063336 -NAN 0 0
 222.681835432907 -NAN 0 0
 224.876301784 -NAN 0 0
 227.070052073853 -NAN 0 0
 229.263092259704 -NAN 0 0
 231.455428298791 -NAN 0 0
 233.647066148352 -NAN 0 0
 235.838011765625 -NAN 0 0
 238.028271107848 -NAN 0 0
 240.217850132259 -NAN 0 0
 242.406754796096 -NAN 0 0
 244.594991056597 -NAN 0 0
 246.782564871 -NAN 0 0
 248.969482196543 -NAN 0 0
 251.155748990464 -NAN 0 0
 253.341371210001 -NAN 0 0
 255.526354812392 -NAN 0 0
 257.710705754875 -NAN 0 0
 259.894429994688 -NAN 0 0
 262.077533489069 -NAN 0 0
 264.260022195256 -NAN 0 0
 266.441902070487 -NAN 0 0
 268.623179072 -NAN 0 0
 270.803859157033 -NAN 0 0
 272.983948282824 -NAN 0 0
 275.163452406611 -NAN 0 0
 277.342377485632 -NAN 0 0
 279.520729477125 -2.06806081164552 0 0
 281.698514338328 2.51722497150584 0 0
 283.875738026479 1.37038976201356 0 0
 286.052406498816 -2.23187772609111 0 0
 288.228525712577 2.94806690551269 0 0
 290.404101625 1.53580492730998 0 0
 292.579140193323 -1.77129563661144 0 0
 294.753647374784 3.27018006211551 0 0
 296.927629126621 1.47747871705409 0 0
 299.101091406072 -1.17559672202298 0 0
 301.274040170375 3.27966539709821 0 0
 303.446481376768 1.44310633774346 0 0
 305.618420982489 -0.60748072374521 0 0
 307.789864944776 3.52720474540566 0 0
 309.960819220867 1.48372736537067 0 0
 312.131289768 -0.23550618368889 0 0
 314.301282543413 4.74774427644931 0 0
 316.470803504344 3.97312942854485 0 0
 318.639858608031 4.78890571751536 0 0
 320.808453811712 12.5221811151712 0 0
 322.976595072625 11.5785669576388 0 0
 325.144288348008 10.8920202382523 0 0
 327.311539595099 16.3840677838815 0 0
 329.478354771136 12.5461494720707 0 0
 331.644739833357 10.2841909935042 0 0
 333.810700739 15.0263786153072 0 0
 335.976243445303 10.091350123616 0 0
 338.141373909504 7.79015899062986 0 0
 340.306098088841 11.8028138482438 0 0
 342.470421940552 7.34611010903592 0 0
 344.634351421875 5.78305841041389 0 0
 346.797892490048 9.44429190211195 0 0
 348.961051102309 5.3098176730063 0 0
 351.123833215896 4.27043270389962 0 0
 353.286244788047 7.66389420444874 0 0
 355.448291776 3.67123467126817 0 0
 357.609980136993 3.08274353818973 0 0
 359.771315828264 6.81850431800114 0 0
 361.932304807051 5.37857883166745 0 0
 364.092953030592 8.21143925110408 0 0
 366.253266456125 11.5032995043639 0 0
 368.413251040888 4.06970145889539 0 0
 370.572912742119 1.84995963398418 0 0
 372.732257517056 4.97378814213877 0 0
 374.891291322937 0.305087049254018 0 0
 377.050020117 0.481942208103398 0 0
 379.208449856483 4.45112271264574 0 0
 381.366586498624 -0.473029355980748 0 0
 383.524436000661 0.127656708002983 0 0
 385.682004319832 4.17093579349588 0 0
 387.839297413375 -0.912538888634848 0 0
 389.996321238528 0.181433585428247 0 0
 392.153081752529 3.86181983542412 0 0
 394.309584912616 -1.06927291514357 0 0
 396.465836676027 0.486195869530593 0 0
 398.621843 4.36729814006593 0 0
 400.777609841773 2.00989112714379 0 0
 402.933143158584 8.36928008337821 0 0
 405.088448907671 12.6872593143399 0 0
 407.243533046272 5.97234572855965 0 0
 409.398401531625 4.80868734918887 0 0
 411.553060320968 6.30239513418111 0 0
 413.707515371539 3.67562554898438 0 0
 415.861772640576 7.6141191727174 0 0
 418.015838085317 12.6881451580368 0 0
 420.169717663 13.7304228877453 0 0
 422.323417330863 21.9756156569077 0 0
 424.476943046144 32.1821278982152 0 0
 426.630300766081 41.1422305372843 0 0
 428.783496447912 59.560452164684 0 0
 430.936536048875 85.3352663634449 0 0
 433.089425526208 123.586485412597 0 0
 435.242170837149 172.951462349753 0 0
 437.394777938936 217.821887509491 0 0
 439.547252788807 263.231098695395 0 0
 441.699601344 339.287907209749 0 0
 443.851829561753 429.869274102968 0 0
 446.003943399304 509.400101449819 0 0
 448.155948813891 558.559409942683 0 0
 450.307851762752 551.260753423937 0 0
 452.459658203125 490.196305198106 0 0
 454.611374092248 412.110626691074 0 0
 456.763005387359 337.115236894735 0 0
 458.914558045696 277.870620159554 0 0
 461.066038024497 243.038775283555 0 0
 463.217451281 214.223846025133 0 0
 465.368803772443 182.945917388245 0 0
 467.520101456064 158.195749952918 0 0
 469.671350289101 131.607290248873 0 0
 471.822556228792 106.859544425861 0 0
 473.973725232375 95.5199200824917 0 0
 476.124863257088 85.9451967659693 0 0
 478.275976260169 77.4058814116 0 0
 480.427070198856 78.2406869476559 0 0
 482.578151030387 76.1674607244421 0 0
 484.729224712 72.3647514850524 0 0
 486.880297200933 76.8293096062568 0 0
 489.031374454424 78.1593967065767 0 0
 491.182462429711 78.3446209011323 0 0
 493.333567084032 86.5784458836674 0 0
 495.484694374625 90.4256511432638 0 0
 497.635850258728 92.1895635398376 0 0
 499.787040693579 100.929235866161 0 0
 501.938271636416 104.099372266264 0 0
 504.089549044477 -NAN 0 0
 506.240878875 -NAN 0 0
 508.392267085223 -NAN 0 0
 510.543719632384 -NAN 0 0
 512.695242473721 -NAN 0 0
 514.846841566472 -NAN 0 0
 516.998522867875 -NAN 0 0
 519.150292335168 -NAN 0 0
 521.302155925589 -NAN 0 0
 523.454119596376 -NAN 0 0
 525.606189304767 -NAN 0 0
 527.758371008 -NAN 0 0
 529.910670663313 -NAN 0 0
 532.063094227944 -NAN 0 0
 534.215647659131 -NAN 0 0
 536.368336914112 -NAN 0 0
 538.521167950125 -NAN 0 0
 540.674146724408 -NAN 0 0
 542.827279194199 -NAN 0 0
 544.980571316736 -NAN 0 0
 547.134029049257 -NAN 0 0
 549.287658349 -NAN 0 0
 551.441465173203 -NAN 0 0
 553.595455479104 -NAN 0 0
 555.749635223941 -NAN 0 0
 557.904010364952 -NAN 0 0
 560.058586859375 -NAN 0 0
 562.213370664448 -NAN 0 0
 564.368367737409 -NAN 0 0
 566.523584035496 -NAN 0 0
 568.679025515947 -NAN 0 0
 570.834698136 -NAN 0 0
 572.990607852893 -NAN 0 0
 575.146760623864 -NAN 0 0
 577.303162406151 -NAN 0 0
 579.459819156992 -NAN 0 0
 581.616736833625 -NAN 0 0
 583.773921393288 -NAN 0 0
 585.931378793219 -NAN 0 0
 588.089114990656 -NAN 0 0
 590.247135942837 -NAN 0 0
 592.405447607 -NAN 0 0
 594.564055940383 -NAN 0 0
 596.722966900224 -NAN 0 0
 598.882186443761 -NAN 0 0
 601.041720528232 -NAN 0 0
 603.201575110875 -NAN 0 0
 605.361756148928 -NAN 0 0
 607.522269599629 -NAN 0 0
 609.683121420216 -NAN 0 0
 611.844317567927 -NAN 0 0
 614.005864 -NAN 0 0
 616.167766673673 -NAN 0 0
 618.330031546184 -NAN 0 0
 620.492664574771 -NAN 0 0
 622.655671716672 -NAN 0 0
 624.819058929125 -NAN 0 0
 626.982832169368 -NAN 0 0
 629.146997394639 -NAN 0 0
 631.311560562176 -NAN 0 0
 633.476527629217 -NAN 0 0
 635.641904553 -NAN 0 0
 637.807697290763 -NAN 0 0
 639.973911799744 -NAN 0 0
 642.140554037181 -NAN 0 0
 644.307629960312 -NAN 0 0
 646.475145526375 -NAN 0 0
 648.643106692608 -NAN 0 0
 650.811519416249 -NAN 0 0
 652.980389654536 -NAN 0 0
 655.149723364707 -NAN 0 0
 657.319526504 -NAN 0 0
 659.489805029653 -NAN 0 0
 661.660564898904 -NAN 0 0
 663.831812068991 -NAN 0 0
 666.003552497152 -NAN 0 0
 668.175792140625 -NAN 0 0
 670.348536956648 -NAN 0 0
 672.521792902459 -NAN 0 0
 674.695565935296 -NAN 0 0
 676.869862012397 -NAN 0 0
 679.044687091 -NAN 0 0
 681.220047128343 -NAN 0 0
 683.395948081664 -NAN 0 0
 685.572395908201 -NAN 0 0
 687.749396565192 -NAN 0 0
 689.926956009875 -NAN 0 0
 692.105080199488 -NAN 0 0
 694.283775091269 -NAN 0 0
 696.463046642456 -NAN 0 0
 698.642900810287 -NAN 0 0
 700.823343552 -NAN 0 0
 703.004380824833 -NAN 0 0
 705.186018586024 -NAN 0 0
 707.368262792811 -NAN 0 0
 709.551119402432 -NAN 0 0
 711.734594372125 -NAN 0 0
 713.918693659128 -NAN 0 0
 716.103423220679 -NAN 0 0
 718.288789014016 -NAN 0 0
 720.474796996377 -NAN 0 0
 722.661453125 -NAN 0 0
 724.848763357123 -NAN 0 0
 727.036733649984 -NAN 0 0
 729.225369960821 -NAN 0 0
 731.414678246872 -NAN 0 0
 733.604664465375 -NAN 0 0
 735.795334573568 -NAN 0 0
[END] of [DATA]
[END] of Spectrum


[Spectrum]
Version            = 1
IDData             = 12ad_2026-06-05_14-52-20_000_540
IDDevice           = SAM_82E6
IDDataType         = SPECTRUM
IDDataTypeSub1     = CALIBRATED
IDDataTypeSub2     = 
IDDataTypeSub3     = 
DateTime           = 2026-06-05 14:52:20
PositionLatitude   = 0
PositionLongitude  = 0
Comment            = 20260605_FrameB
CommentSub1        = con
CommentSub2        = left
CommentSub3        = 17cm
IDMethodType       = SAM Control
MethodName         = SAM_82E6
Mission            = No Mission
MissionSub         = 1
RecordType         = 0
[Attributes]
CalFactor = 1
IDBasisSpec = 
IDDataBack = DLAB_2024-11-11_10-40-48_641_639
IDDataCal = DLAB_2024-11-12_11-45-27_171_455
IntegrationTime = 128
P31 = -1
P31e = 0
PathLength = +INF
PathLengthCustomOn = 0
RAWDynamic = 65535
Salinity = 0
Temperature = -NAN
Unit1 = $01 $01 Wavelength nm
Unit2 = $03 $06 Intensity mW/(m^2 nm)
Unit3 = $f0 $06 Error mW/(m^2 nm)
Unit4 = $f1 $00 Status 
p999 = 6867
[END] of [Attributes]
[DATA]
 0 6 0 0
 185.260577530984 -NAN 0 0
 187.468128380571 -NAN 0 0
 189.674861895872 -NAN 0 0
 191.880784034125 -NAN 0 0
 194.085900752568 -NAN 0 0
 196.290218008439 -NAN 0 0
 198.493741758976 -NAN 0 0
 200.696477961417 -NAN 0 0
 202.898432573 -NAN 0 0
 205.099611550963 -NAN 0 0
 207.300020852544 -NAN 0 0
 209.499666434981 -NAN 0 0
 211.698554255512 -NAN 0 0
 213.896690271375 -NAN 0 0
 216.094080439808 -NAN 0 0
 218.290730718049 -NAN 0 0
 220.486647063336 -NAN 0 0
 222.681835432907 -NAN 0 0
 224.876301784 -NAN 0 0
 227.070052073853 -NAN 0 0
 229.263092259704 -NAN 0 0
 231.455428298791 -NAN 0 0
 233.647066148352 -NAN 0 0
 235.838011765625 -NAN 0 0
 238.028271107848 -NAN 0 0
 240.217850132259 -NAN 0 0
 242.406754796096 -NAN 0 0
 244.594991056597 -NAN 0 0
 246.782564871 -NAN 0 0
 248.969482196543 -NAN 0 0
 251.155748990464 -NAN 0 0
 253.341371210001 -NAN 0 0
 255.526354812392 -NAN 0 0
 257.710705754875 -NAN 0 0
 259.894429994688 -NAN 0 0
 262.077533489069 -NAN 0 0
 264.260022195256 -NAN 0 0
 266.441902070487 -NAN 0 0
 268.623179072 -NAN 0 0
 270.803859157033 -NAN 0 0
 272.983948282824 -NAN 0 0
 275.163452406611 -NAN 0 0
 277.342377485632 -NAN 0 0
 279.520729477125 -1.53008266413133 0 0
 281.698514338328 -0.212711516899212 0 0
 283.875738026479 3.22594460183596 0 0
 286.052406498816 -1.73533717717278 0 0
 288.228525712577 0.111319841541483 0 0
 290.404101625 3.42033312862503 0 0
 292.579140193323 -1.36534123229513 0 0
 294.753647374784 0.535429561835617 0 0
 296.927629126621 3.3971850457576 0 0
 299.101091406072 -1.17559672202298 0 0
 301.274040170375 1.06571482161824 0 0
 303.446481376768 3.15347269486848 0 0
 305.618420982489 -0.878488169116886 0 0
 307.789864944776 1.314577492459 0 0
 309.960819220867 3.13720138116792 0 0
 312.131289768 -0.640596691783639 0 0
 314.301282543413 2.55004718662198 0 0
 316.470803504344 5.93038757732359 0 0
 318.639858608031 4.44156725514464 0 0
 320.808453811712 10.3178739422615 0 0
 322.976595072625 14.41351058186 0 0
 325.144288348008 10.7880740877465 0 0
 327.311539595099 14.6160804024111 0 0
 329.478354771136 15.5715989657328 0 0
 331.644739833357 9.83116928338429 0 0
 333.810700739 13.1879503554383 0 0
 335.976243445303 13.2050947672565 0 0
 338.141373909504 7.15817652274093 0 0
 340.306098088841 10.3369450693674 0 0
 342.470421940552 10.1273797253011 0 0
 344.634351421875 4.99080323842639 0 0
 346.797892490048 8.18316252847752 0 0
 348.961051102309 7.82875952607983 0 0
 351.123833215896 3.38385688094318 0 0
 353.286244788047 6.52549572357526 0 0
 355.448291776 5.93659507916832 0 0
 357.609980136993 2.38884960882159 0 0
 359.771315828264 5.90854542220471 0 0
 361.932304807051 7.86895343894534 0 0
 364.092953030592 7.23596785344049 0 0
 366.253266456125 10.8516554147071 0 0
 368.413251040888 6.7537344856542 0 0
 370.572912742119 0.719565848857793 0 0
 372.732257517056 4.22239111857323 0 0
 374.891291322937 3.25753743563242 0 0
 377.050020117 -0.809208961807571 0 0
 379.208449856483 3.74580322520652 0 0
 381.366586498624 2.50330811070365 0 0
 383.524436000661 -1.25378077710479 0 0
 385.682004319832 3.81250205156948 0 0
 387.839297413375 2.22440772617396 0 0
 389.996321238528 -1.23445266551018 0 0
 392.153081752529 3.76191081278407 0 0
 394.309584912616 1.82709158203384 0 0
 396.465836676027 -1.03622363260826 0 0
 398.621843 4.36729814006593 0 0
 400.777609841773 5.12329409351097 0 0
 402.933143158584 7.137448464071 0 0
 405.088448907671 13.394846214397 0 0
 407.243533046272 8.7950433625326 0 0
 409.398401531625 3.42681484895193 0 0
 411.553060320968 7.03696561691899 0 0
 413.707515371539 5.89026147389553 0 0
 415.861772640576 6.36489467043291 0 0
 418.015838085317 13.2720374576533 0 0
 420.169717663 15.705719393611 0 0
 422.323417330863 20.7560760712728 0 0
 424.476943046144 32.8531845975723 0 0
 426.630300766081 42.7115088205704 0 0
 428.783496447912 58.4072712591939 0 0
 430.936536048875 86.2252067356554 0 0
 433.089425526208 125.801574458663 0 0
 435.242170837149 172.807603632566 0 0
 437.394777938936 219.591544655368 0 0
 439.547252788807 265.09459322039 0 0
 441.699601344 338.059914398121 0 0
 443.851829561753 430.697943330884 0 0
 446.003943399304 510.909312646227 0 0
 448.155948813891 557.216961377889 0 0
 450.307851762752 552.315875056034 0 0
 452.459658203125 491.61355918456 0 0
 454.611374092248 410.450260069294 0 0
 456.763005387359 338.362888270743 0 0
 458.914558045696 279.325749414129 0 0
 461.066038024497 241.351497466791 0 0
 463.217451281 215.457755683487 0 0
 465.368803772443 184.29490176704 0 0
 467.520101456064 156.229355128899 0 0
 469.671350289101 133.107633852353 0 0
 471.822556228792 108.158119441819 0 0
 473.973725232375 93.3992146938624 0 0
 476.124863257088 87.5593898436697 0 0
 478.275976260169 78.6260294670288 0 0
 480.427070198856 76.1555501480473 0 0
 482.578151030387 77.6541690474268 0 0
 484.729224712 73.2700069596729 0 0
 486.880297200933 74.4735291511866 0 0
 489.031374454424 79.7505154421673 0 0
 491.182462429711 79.0884505085772 0 0
 493.333567084032 84.3339695225356 0 0
 495.484694374625 91.840181470806 0 0
 497.635850258728 92.8412595186482 0 0
 499.787040693579 98.7962074286546 0 0
 501.938271636416 105.804116133848 0 0
 504.089549044477 -NAN 0 0
 506.240878875 -NAN 0 0
 508.392267085223 -NAN 0 0
 510.543719632384 -NAN 0 0
 512.695242473721 -NAN 0 0
 514.846841566472 -NAN 0 0
 516.998522867875 -NAN 0 0
 519.150292335168 -NAN 0 0
 521.302155925589 -NAN 0 0
 523.454119596376 -NAN 0 0
 525.606189304767 -NAN 0 0
 527.758371008 -NAN 0 0
 529.910670663313 -NAN 0 0
 532.063094227944 -NAN 0 0
 534.215647659131 -NAN 0 0
 536.368336914112 -NAN 0 0
 538.521167950125 -NAN 0 0
 540.674146724408 -NAN 0 0
 542.827279194199 -NAN 0 0
 544.980571316736 -NAN 0 0
 547.134029049257 -NAN 0 0
 549.287658349 -NAN 0 0
 551.441465173203 -NAN 0 0
 553.595455479104 -NAN 0 0
 555.749635223941 -NAN 0 0
 557.904010364952 -NAN 0 0
 560.058586859375 -NAN 0 0
 562.213370664448 -NAN 0 0
 564.368367737409 -NAN 0 0
 566.523584035496 -NAN 0 0
 568.679025515947 -NAN 0 0
 570.834698136 -NAN 0 0
 572.990607852893 -NAN 0 0
 575.146760623864 -NAN 0 0
 577.303162406151 -NAN 0 0
 579.459819156992 -NAN 0 0
 581.616736833625 -NAN 0 0
 583.773921393288 -NAN 0 0
 585.931378793219 -NAN 0 0
 588.089114990656 -NAN 0 0
 590.247135942837 -NAN 0 0
 592.405447607 -NAN 0 0
 594.564055940383 -NAN 0 0
 596.722966900224 -NAN 0 0
 598.882186443761 -NAN 0 0
 601.041720528232 -NAN 0 0
 603.201575110875 -NAN 0 0
 605.361756148928 -NAN 0 0
 607.522269599629 -NAN 0 0
 609.683121420216 -NAN 0 0
 611.844317567927 -NAN 0 0
 614.005864 -NAN 0 0
 616.167766673673 -NAN 0 0
 618.330031546184 -NAN 0 0
 620.492664574771 -NAN 0 0
 622.655671716672 -NAN 0 0
 624.819058929125 -NAN 0 0
 626.982832169368 -NAN 0 0
 629.146997394639 -NAN 0 0
 631.311560562176 -NAN 0 0
 633.476527629217 -NAN 0 0
 635.641904553 -NAN 0 0
 637.807697290763 -NAN 0 0
 639.973911799744 -NAN 0 0
 642.140554037181 -NAN 0 0
 644.307629960312 -NAN 0 0
 646.475145526375 -NAN 0 0
 648.643106692608 -NAN 0 0
 650.811519416249 -NAN 0 0
 652.980389654536 -NAN 0 0
 655.149723364707 -NAN 0 0
 657.319526504 -NAN 0 0
 659.489805029653 -NAN 0 0
 661.660564898904 -NAN 0 0
 663.831812068991 -NAN 0 0
 666.003552497152 -NAN 0 0
 668.175792140625 -NAN 0 0
 670.348536956648 -NAN 0 0
 672.521792902459 -NAN 0 0
 674.695565935296 -NAN 0 0
 676.869862012397 -NAN 0 0
 679.044687091 -NAN 0 0
 681.220047128343 -NAN 0 0
 683.395948081664 -NAN 0 0
 685.572395908201 -NAN 0 0
 687.749396565192 -NAN 0 0
 689.926956009875 -NAN 0 0
 692.105080199488 -NAN 0 0
 694.283775091269 -NAN 0 0
 696.463046642456 -NAN 0 0
 698.642900810287 -NAN 0 0
 700.823343552 -NAN 0 0
 703.004380824833 -NAN 0 0
 705.186018586024 -NAN 0 0
 707.368262792811 -NAN 0 0
 709.551119402432 -NAN 0 0
 711.734594372125 -NAN 0 0
 713.918693659128 -NAN 0 0
 716.103423220679 -NAN 0 0
 718.288789014016 -NAN 0 0
 720.474796996377 -NAN 0 0
 722.661453125 -NAN 0 0
 724.848763357123 -NAN 0 0
 727.036733649984 -NAN 0 0
 729.225369960821 -NAN 0 0
 731.414678246872 -NAN 0 0
 733.604664465375 -NAN 0 0
 735.795334573568 -NAN 0 0
[END] of [DATA]
[END] of Spectrum


[Spectrum]
Version            = 1
IDData             = 12ad_2026-06-05_14-52-25_000_543
IDDevice           = SAM_82E6
IDDataType         = SPECTRUM
IDDataTypeSub1     = CALIBRATED
IDDataTypeSub2     = 
IDDataTypeSub3     = 
DateTime           = 2026-06-05 14:52:25
PositionLatitude   = 0
PositionLongitude  = 0
Comment            = 20260605_FrameB
CommentSub1        = con
CommentSub2        = left
CommentSub3        = 17cm
IDMethodType       = SAM Control
MethodName         = SAM_82E6
Mission            = No Mission
MissionSub         = 1
RecordType         = 0
[Attributes]
CalFactor = 1
IDBasisSpec = 
IDDataBack = DLAB_2024-11-11_10-40-48_641_639
IDDataCal = DLAB_2024-11-12_11-45-27_171_455
IntegrationTime = 128
P31 = -1
P31e = 0
PathLength = +INF
PathLengthCustomOn = 0
RAWDynamic = 65535
Salinity = 0
Temperature = -NAN
Unit1 = $01 $01 Wavelength nm
Unit2 = $03 $06 Intensity mW/(m^2 nm)
Unit3 = $f0 $06 Error mW/(m^2 nm)
Unit4 = $f1 $00 Status 
p999 = 6868
[END] of [Attributes]
[DATA]
 0 6 0 0
 185.260577530984 -NAN 0 0
 187.468128380571 -NAN 0 0
 189.674861895872 -NAN 0 0
 191.880784034125 -NAN 0 0
 194.085900752568 -NAN 0 0
 196.290218008439 -NAN 0 0
 198.493741758976 -NAN 0 0
 200.696477961417 -NAN 0 0
 202.898432573 -NAN 0 0
 205.099611550963 -NAN 0 0
 207.300020852544 -NAN 0 0
 209.499666434981 -NAN 0 0
 211.698554255512 -NAN 0 0
 213.896690271375 -NAN 0 0
 216.094080439808 -NAN 0 0
 218.290730718049 -NAN 0 0
 220.486647063336 -NAN 0 0
 222.681835432907 -NAN 0 0
 224.876301784 -NAN 0 0
 227.070052073853 -NAN 0 0
 229.263092259704 -NAN 0 0
 231.455428298791 -NAN 0 0
 233.647066148352 -NAN 0 0
 235.838011765625 -NAN 0 0
 238.028271107848 -NAN 0 0
 240.217850132259 -NAN 0 0
 242.406754796096 -NAN 0 0
 244.594991056597 -NAN 0 0
 246.782564871 -NAN 0 0
 248.969482196543 -NAN 0 0
 251.155748990464 -NAN 0 0
 253.341371210001 -NAN 0 0
 255.526354812392 -NAN 0 0
 257.710705754875 -NAN 0 0
 259.894429994688 -NAN 0 0
 262.077533489069 -NAN 0 0
 264.260022195256 -NAN 0 0
 266.441902070487 -NAN 0 0
 268.623179072 -NAN 0 0
 270.803859157033 -NAN 0 0
 272.983948282824 -NAN 0 0
 275.163452406611 -NAN 0 0
 277.342377485632 -NAN 0 0
 279.520729477125 1.41260798997982 0 0
 281.698514338328 2.19428708231233 0 0
 283.875738026479 -2.56242624171964 0 0
 286.052406498816 1.93064202171257 0 0
 288.228525712577 2.25893794704292 0 0
 290.404101625 -2.4353729413562 0 0
 292.579140193323 2.44752912768958 0 0
 294.753647374784 2.46398984957053 0 0
 296.927629126621 -1.64712265526028 0 0
 299.101091406072 2.54139019402452 0 0
 301.274040170375 2.28292349755036 0 0
 303.446481376768 -1.18579010005981 0 0
 305.618420982489 2.72741645124513 0 0
 307.789864944776 2.3011740888212 0 0
 309.960819220867 -0.747922204970067 0 0
 312.131289768 3.2944074937923 0 0
 314.301282543413 3.43494003601807 0 0
 316.470803504344 1.89003008792827 0 0
 318.639858608031 9.31073792208234 0 0
 320.808453811712 11.4266830455428 0 0
 322.976595072625 10.1934382523522 0 0
 325.144288348008 16.4343712353611 0 0
 327.311539595099 15.2039435367143 0 0
 329.478354771136 11.1881183080031 0 0
 331.644739833357 16.1542272046987 0 0
 333.810700739 13.5150780892797 0 0
 335.976243445303 8.97348381597848 0 0
 338.141373909504 13.2322302418956 0 0
 340.306098088841 10.172713474697 0 0
 342.470421940552 6.6691249905759 0 0
 344.634351421875 10.5881489059127 0 0
 346.797892490048 7.64561217285748 0 0
 348.961051102309 4.69106932985003 0 0
 351.123833215896 8.46711548201039 0 0
 353.286244788047 5.90286590309753 0 0
 355.448291776 3.44426836259441 0 0
 357.609980136993 7.09726258325327 0 0
 359.771315828264 4.771634603225 0 0
 361.932304807051 5.38406907551066 0 0
 364.092953030592 12.4644493842044 0 0
 366.253266456125 9.36501934636803 0 0
 368.413251040888 4.14122718092735 0 0
 370.572912742119 6.24216748574751 0 0
 372.732257517056 2.02168490545681 0 0
 374.891291322937 0.360210212205525 0 0
 377.050020117 5.08235796841652 0 0
 379.208449856483 1.05747240105824 0 0
 381.366586498624 -0.211575210046933 0 0
 383.524436000661 4.76513666058186 0 0
 385.682004319832 0.644914975100929 0 0
 387.839297413375 -0.140345616245146 0 0
 389.996321238528 4.61310136490319 0 0
 392.153081752529 0.371942169594497 0 0
 394.309584912616 -0.154272643200992 0 0
 396.465836676027 4.67352076121585 0 0
 398.621843 0.839205979447818 0 0
 400.777609841773 3.30389110689957 0 0
 402.933143158584 12.5957805467419 0 0
 405.088448907671 10.0620627771489 0 0
 407.243533046272 7.56070714969678 0 0
 409.398401531625 8.09378557321816 0 0
 411.553060320968 3.40933450922396 0 0
 413.707515371539 4.90279689243371 0 0
 415.861772640576 10.2278969099319 0 0
 418.015838085317 9.95053563879088 0 0
 420.169717663 15.1314832925284 0 0
 422.323417330863 24.2050292387553 0 0
 424.476943046144 29.8538451966095 0 0
 426.630300766081 42.4516888187722 0 0
 428.783496447912 61.5675601588156 0 0
 430.936536048875 83.4556793365817 0 0
 433.089425526208 126.46140544278 0 0
 435.242170837149 176.738942687248 0 0
 437.394777938936 217.538134895766 0 0
 439.547252788807 265.462601036741 0 0
 441.699601344 340.78632146383 0 0
 443.851829561753 427.357318190872 0 0
 446.003943399304 510.928990569989 0 0
 448.155948813891 559.764103981548 0 0
 450.307851762752 548.4894809663 0 0
 452.459658203125 492.168418751806 0 0
 454.611374092248 413.245115453837 0 0
 456.763005387359 334.115211324726 0 0
 458.914558045696 280.121180152056 0 0
 461.066038024497 243.997548487405 0 0
 463.217451281 211.106873899949 0 0
 465.368803772443 185.497165622633 0 0
 467.520101456064 158.875848380616 0 0
 469.671350289101 128.475620663833 0 0
 471.822556228792 109.540861356958 0 0
 473.973725232375 96.0209174614254 0 0
 476.124863257088 82.8817727289343 0 0
 478.275976260169 80.2117774407054 0 0
 480.427070198856 78.486848930943 0 0
 482.578151030387 73.0188089383012 0 0
 484.729224712 75.3677409422195 0 0
 486.880297200933 77.0765211354925 0 0
 489.031374454424 74.9021909124105 0 0
 491.182462429711 81.3858341459856 0 0
 493.333567084032 86.3234929636777 0 0
 495.484694374625 87.3232031713539 0 0
 497.635850258728 95.4140323642895 0 0
 499.787040693579 100.680273831406 0 0
 501.938271636416 101.392660885599 0 0
 504.089549044477 -NAN 0 0
 506.240878875 -NAN 0 0
 508.392267085223 -NAN 0 0
 510.543719632384 -NAN 0 0
 512.695242473721 -NAN 0 0
 514.846841566472 -NAN 0 0
 516.998522867875 -NAN 0 0
 519.150292335168 -NAN 0 0
 521.302155925589 -NAN 0 0
 523.454119596376 -NAN 0 0
 525.606189304767 -NAN 0 0
 527.758371008 -NAN 0 0
 529.910670663313 -NAN 0 0
 532.063094227944 -NAN 0 0
 534.215647659131 -NAN 0 0
 536.368336914112 -NAN 0 0
 538.521167950125 -NAN 0 0
 540.674146724408 -NAN 0 0
 542.827279194199 -NAN 0 0
 544.980571316736 -NAN 0 0
 547.134029049257 -NAN 0 0
 549.287658349 -NAN 0 0
 551.441465173203 -NAN 0 0
 553.595455479104 -NAN 0 0
 555.749635223941 -NAN 0 0
 557.904010364952 -NAN 0 0
 560.058586859375 -NAN 0 0
 562.213370664448 -NAN 0 0
 564.368367737409 -NAN 0 0
 566.523584035496 -NAN 0 0
 568.679025515947 -NAN 0 0
 570.834698136 -NAN 0 0
 572.990607852893 -NAN 0 0
 575.146760623864 -NAN 0 0
 577.303162406151 -NAN 0 0
 579.459819156992 -NAN 0 0
 581.616736833625 -NAN 0 0
 583.773921393288 -NAN 0 0
 585.931378793219 -NAN 0 0
 588.089114990656 -NAN 0 0
 590.247135942837 -NAN 0 0
 592.405447607 -NAN 0 0
 594.564055940383 -NAN 0 0
 596.722966900224 -NAN 0 0
 598.882186443761 -NAN 0 0
 601.041720528232 -NAN 0 0
 603.201575110875 -NAN 0 0
 605.361756148928 -NAN 0 0
 607.522269599629 -NAN 0 0
 609.683121420216 -NAN 0 0
 611.844317567927 -NAN 0 0
 614.005864 -NAN 0 0
 616.167766673673 -NAN 0 0
 618.330031546184 -NAN 0 0
 620.492664574771 -NAN 0 0
 622.655671716672 -NAN 0 0
 624.819058929125 -NAN 0 0
 626.982832169368 -NAN 0 0
 629.146997394639 -NAN 0 0
 631.311560562176 -NAN 0 0
 633.476527629217 -NAN 0 0
 635.641904553 -NAN 0 0
 637.807697290763 -NAN 0 0
 639.973911799744 -NAN 0 0
 642.140554037181 -NAN 0 0
 644.307629960312 -NAN 0 0
 646.475145526375 -NAN 0 0
 648.643106692608 -NAN 0 0
 650.811519416249 -NAN 0 0
 652.980389654536 -NAN 0 0
 655.149723364707 -NAN 0 0
 657.319526504 -NAN 0 0
 659.489805029653 -NAN 0 0
 661.660564898904 -NAN 0 0
 663.831812068991 -NAN 0 0
 666.003552497152 -NAN 0 0
 668.175792140625 -NAN 0 0
 670.348536956648 -NAN 0 0
 672.521792902459 -NAN 0 0
 674.695565935296 -NAN 0 0
 676.869862012397 -NAN 0 0
 679.044687091 -NAN 0 0
 681.220047128343 -NAN 0 0
 683.395948081664 -NAN 0 0
 685.572395908201 -NAN 0 0
 687.749396565192 -NAN 0 0
 689.926956009875 -NAN 0 0
 692.105080199488 -NAN 0 0
 694.283775091269 -NAN 0 0
 696.463046642456 -NAN 0 0
 698.642900810287 -NAN 0 0
 700.823343552 -NAN 0 0
 703.004380824833 -NAN 0 0
 705.186018586024 -NAN 0 0
 707.368262792811 -NAN 0 0
 709.551119402432 -NAN 0 0
 711.734594372125 -NAN 0 0
 713.918693659128 -NAN 0 0
 716.103423220679 -NAN 0 0
 718.288789014016 -NAN 0 0
 720.474796996377 -NAN 0 0
 722.661453125 -NAN 0 0
 724.848763357123 -NAN 0 0
 727.036733649984 -NAN 0 0
 729.225369960821 -NAN 0 0
 731.414678246872 -NAN 0 0
 733.604664465375 -NAN 0 0
 735.795334573568 -NAN 0 0
[END] of [DATA]
[END] of Spectrum


[Spectrum]
Version            = 1
IDData             = 12ad_2026-06-05_14-52-30_000_546
IDDevice           = SAM_82E6
IDDataType         = SPECTRUM
IDDataTypeSub1     = CALIBRATED
IDDataTypeSub2     = 
IDDataTypeSub3     = 
DateTime           = 2026-06-05 14:52:30
PositionLatitude   = 0
PositionLongitude  = 0
Comment            = 20260605_FrameB
CommentSub1        = con
CommentSub2        = left
CommentSub3        = 17cm
IDMethodType       = SAM Control
MethodName         = SAM_82E6
Mission            = No Mission
MissionSub         = 1
RecordType         = 0
[Attributes]
CalFactor = 1
IDBasisSpec = 
IDDataBack = DLAB_2024-11-11_10-40-48_641_639
IDDataCal = DLAB_2024-11-12_11-45-27_171_455
IntegrationTime = 128
P31 = -1
P31e = 0
PathLength = +INF
PathLengthCustomOn = 0
RAWDynamic = 65535
Salinity = 0
Temperature = -NAN
Unit1 = $01 $01 Wavelength nm
Unit2 = $03 $06 Intensity mW/(m^2 nm)
Unit3 = $f0 $06 Error mW/(m^2 nm)
Unit4 = $f1 $00 Status 
p999 = 6869
[END] of [Attributes]
[DATA]
 0 6 0 0
 185.260577530984 -NAN 0 0
 187.468128380571 -NAN 0 0
 189.674861895872 -NAN 0 0
 191.880784034125 -NAN 0 0
 194.085900752568 -NAN 0 0
 196.290218008439 -NAN 0 0
 198.493741758976 -NAN 0 0
 200.696477961417 -NAN 0 0
 202.898432573 -NAN 0 0
 205.099611550963 -NAN 0 0
 207.300020852544 -NAN 0 0
 209.499666434981 -NAN 0 0
 211.698554255512 -NAN 0 0
 213.896690271375 -NAN 0 0
 216.094080439808 -NAN 0 0
 218.290730718049 -NAN 0 0
 220.486647063336 -NAN 0 0
 222.681835432907 -NAN 0 0
 224.876301784 -NAN 0 0
 227.070052073853 -NAN 0 0
 229.263092259704 -NAN 0 0
 231.455428298791 -NAN 0 0
 233.647066148352 -NAN 0 0
 235.838011765625 -NAN 0 0
 238.028271107848 -NAN 0 0
 240.217850132259 -NAN 0 0
 242.406754796096 -NAN 0 0
 244.594991056597 -NAN 0 0
 246.782564871 -NAN 0 0
 248.969482196543 -NAN 0 0
 251.155748990464 -NAN 0 0
 253.341371210001 -NAN 0 0
 255.526354812392 -NAN 0 0
 257.710705754875 -NAN 0 0
 259.894429994688 -NAN 0 0
 262.077533489069 -NAN 0 0
 264.260022195256 -NAN 0 0
 266.441902070487 -NAN 0 0
 268.623179072 -NAN 0 0
 270.803859157033 -NAN 0 0
 272.983948282824 -NAN 0 0
 275.163452406611 -NAN 0 0
 277.342377485632 -NAN 0 0
 279.520729477125 -1.94228351326836 0 0
 281.698514338328 0.884231353681169 0 0
 283.875738026479 2.70768841750201 0 0
 286.052406498816 -2.18977341053956 0 0
 288.228525712577 1.26177837304092 0 0
 290.404101625 2.88667429383905 0 0
 292.579140193323 -1.95876763582695 0 0
 294.753647374784 1.75771794859735 0 0
 296.927629126621 2.81695634720105 0 0
 299.101091406072 -1.3984490956366 0 0
 301.274040170375 1.93481806115414 0 0
 303.446481376768 2.71332094396083 0 0
 305.618420982489 -1.098950575074 0 0
 307.789864944776 2.28834726416644 0 0
 309.960819220867 2.79894166421071 0 0
 312.131289768 -0.790255129496421 0 0
 314.301282543413 3.6930822338708 0 0
 316.470803504344 5.701918617385 0 0
 318.639858608031 4.77990064626871 0 0
 320.808453811712 12.3451443675885 0 0
 322.976595072625 14.5808510041231 0 0
 325.144288348008 11.4796047279172 0 0
 327.311539595099 16.5585209334628 0 0
 329.478354771136 15.9895691268533 0 0
 331.644739833357 10.8067944695576 0 0
 333.810700739 15.1225926546723 0 0
 335.976243445303 13.2210850525413 0 0
 338.141373909504 8.00784184068048 0 0
 340.306098088841 12.0131931637306 0 0
 342.470421940552 10.1653537454855 0 0
 344.634351421875 5.77425557516958 0 0
 346.797892490048 9.5228104933823 0 0
 348.961051102309 7.61248674071493 0 0
 351.123833215896 4.12155065282234 0 0
 353.286244788047 7.695516384473 0 0
 355.448291776 5.90970333643447 0 0
 357.609980136993 2.84394979397817 0 0
 359.771315828264 6.9077792451301 0 0
 361.932304807051 7.72291295271608 0 0
 364.092953030592 8.04095756007722 0 0
 366.253266456125 12.1677896244621 0 0
 368.413251040888 6.39610587549438 0 0
 370.572912742119 1.25336291405637 0 0
 372.732257517056 5.31687393588483 0 0
 374.891291322937 2.54631418681904 0 0
 377.050020117 -0.148459591735611 0 0
 379.208449856483 4.94512624253869 0 0
 381.366586498624 1.75569057989831 0 0
 383.524436000661 -0.52184630711456 0 0
 385.682004319832 4.74983473382937 0 0
 387.839297413375 1.19434440685778 0 0
 389.996321238528 -0.511058400397792 0 0
 392.153081752529 4.65137863934342 0 0
 394.309584912616 0.884818574712938 0 0
 396.465836676027 -0.320659616170865 0 0
 398.621843 5.09839207782471 0 0
 400.777609841773 4.29487400596882 0 0
 402.933143158584 8.42884395797434 0 0
 405.088448907671 14.7793087775296 0 0
 407.243533046272 8.44458216639539 0 0
 409.398401531625 4.26441750042225 0 0
 411.553060320968 7.50572305710457 0 0
 413.707515371539 4.92825247777751 0 0
 415.861772640576 6.8537660238596 0 0
 418.015838085317 13.6013369868984 0 0
 420.169717663 14.8987615777569 0 0
 422.323417330863 21.2605552842494 0 0
 424.476943046144 33.038701595146 0 0
 426.630300766081 42.0373579188947 0 0
 428.783496447912 58.9779609324518 0 0
 430.936536048875 86.7385704874028 0 0
 433.089425526208 126.509981956948 0 0
 435.242170837149 175.391466036263 0 0
 437.394777938936 221.571418526341 0 0
 439.547252788807 265.205399969489 0 0
 441.699601344 338.749530173861 0 0
 443.851829561753 430.616750487341 0 0
 446.003943399304 510.241118800198 0 0
 448.155948813891 557.779385907323 0 0
 450.307851762752 552.212166519546 0 0
 452.459658203125 490.840090505678 0 0
 454.611374092248 411.059821927576 0 0
 456.763005387359 338.11003873523 0 0
 458.914558045696 278.618145407618 0 0
 461.066038024497 241.94958447068 0 0
 463.217451281 215.244833562307 0 0
 465.368803772443 183.679520004256 0 0
 467.520101456064 156.838766160962 0 0
 469.671350289101 132.651901776548 0 0
 471.822556228792 107.304426607254 0 0
 473.973725232375 94.3032121622241 0 0
 476.124863257088 87.1530737534667 0 0
 478.275976260169 77.7381439512841 0 0
 480.427070198856 77.1101239927399 0 0
 482.578151030387 77.3249055674865 0 0
 484.729224712 72.4776290195421 0 0
 486.880297200933 75.7140612141841 0 0
 489.031374454424 79.21902360011 0 0
 491.182462429711 78.3569063751292 0 0
 493.333567084032 85.5486142199536 0 0
 495.484694374625 91.4140514425558 0 0
 497.635850258728 92.1423868949068 0 0
 499.787040693579 99.8648959883228 0 0
 501.938271636416 105.389768666032 0 0
 504.089549044477 -NAN 0 0
 506.240878875 -NAN 0 0
 508.392267085223 -NAN 0 0
 510.543719632384 -NAN 0 0
 512.695242473721 -NAN 0 0
 514.846841566472 -NAN 0 0
 516.998522867875 -NAN 0 0
 519.150292335168 -NAN 0 0
 521.302155925589 -NAN 0 0
 523.454119596376 -NAN 0 0
 525.606189304767 -NAN 0 0
 527.758371008 -NAN 0 0
 529.910670663313 -NAN 0 0
 532.063094227944 -NAN 0 0
 534.215647659131 -NAN 0 0
 536.368336914112 -NAN 0 0
 538.521167950125 -NAN 0 0
 540.674146724408 -NAN 0 0
 542.827279194199 -NAN 0 0
 544.980571316736 -NAN 0 0
 547.134029049257 -NAN 0 0
 549.287658349 -NAN 0 0
 551.441465173203 -NAN 0 0
 553.595455479104 -NAN 0 0
 555.749635223941 -NAN 0 0
 557.904010364952 -NAN 0 0
 560.058586859375 -NAN 0 0
 562.213370664448 -NAN 0 0
 564.368367737409 -NAN 0 0
 566.523584035496 -NAN 0 0
 568.679025515947 -NAN 0 0
 570.834698136 -NAN 0 0
 572.990607852893 -NAN 0 0
 575.146760623864 -NAN 0 0
 577.303162406151 -NAN 0 0
 579.459819156992 -NAN 0 0
 581.616736833625 -NAN 0 0
 583.773921393288 -NAN 0 0
 585.931378793219 -NAN 0 0
 588.089114990656 -NAN 0 0
 590.247135942837 -NAN 0 0
 592.405447607 -NAN 0 0
 594.564055940383 -NAN 0 0
 596.722966900224 -NAN 0 0
 598.882186443761 -NAN 0 0
 601.041720528232 -NAN 0 0
 603.201575110875 -NAN 0 0
 605.361756148928 -NAN 0 0
 607.522269599629 -NAN 0 0
 609.683121420216 -NAN 0 0
 611.844317567927 -NAN 0 0
 614.005864 -NAN 0 0
 616.167766673673 -NAN 0 0
 618.330031546184 -NAN 0 0
 620.492664574771 -NAN 0 0
 622.655671716672 -NAN 0 0
 624.819058929125 -NAN 0 0
 626.982832169368 -NAN 0 0
 629.146997394639 -NAN 0 0
 631.311560562176 -NAN 0 0
 633.476527629217 -NAN 0 0
 635.641904553 -NAN 0 0
 637.807697290763 -NAN 0 0
 639.973911799744 -NAN 0 0
 642.140554037181 -NAN 0 0
 644.307629960312 -NAN 0 0
 646.475145526375 -NAN 0 0
 648.643106692608 -NAN 0 0
 650.811519416249 -NAN 0 0
 652.980389654536 -NAN 0 0
 655.149723364707 -NAN 0 0
 657.319526504 -NAN 0 0
 659.489805029653 -NAN 0 0
 661.660564898904 -NAN 0 0
 663.831812068991 -NAN 0 0
 666.003552497152 -NAN 0 0
 668.175792140625 -NAN 0 0
 670.348536956648 -NAN 0 0
 672.521792902459 -NAN 0 0
 674.695565935296 -NAN 0 0
 676.869862012397 -NAN 0 0
 679.044687091 -NAN 0 0
 681.220047128343 -NAN 0 0
 683.395948081664 -NAN 0 0
 685.572395908201 -NAN 0 0
 687.749396565192 -NAN 0 0
 689.926956009875 -NAN 0 0
 692.105080199488 -NAN 0 0
 694.283775091269 -NAN 0 0
 696.463046642456 -NAN 0 0
 698.642900810287 -NAN 0 0
 700.823343552 -NAN 0 0
 703.004380824833 -NAN 0 0
 705.186018586024 -NAN 0 0
 707.368262792811 -NAN 0 0
 709.551119402432 -NAN 0 0
 711.734594372125 -NAN 0 0
 713.918693659128 -NAN 0 0
 716.103423220679 -NAN 0 0
 718.288789014016 -NAN 0 0
 720.474796996377 -NAN 0 0
 722.661453125 -NAN 0 0
 724.848763357123 -NAN 0 0
 727.036733649984 -NAN 0 0
 729.225369960821 -NAN 0 0
 731.414678246872 -NAN 0 0
 733.604664465375 -NAN 0 0
 735.795334573568 -NAN 0 0
[END] of [DATA]
[END] of Spectrum


