[Spectrum]
Version            = 1
IDData             = 12ad_2026-06-09_17-33-05_000_703
IDDevice           = SAM_82E6
IDDataType         = SPECTRUM
IDDataTypeSub1     = CALIBRATED
IDDataTypeSub2     = 
IDDataTypeSub3     = 
DateTime           = 2026-06-09 17:33:05
PositionLatitude   = 0
PositionLongitude  = 0
Comment            = 20260609_FrameA
CommentSub1        = UV
CommentSub2        = left
CommentSub3        = 33.5cm
IDMethodType       = SAM Control
MethodName         = SAM_82E6
Mission            = No Mission
MissionSub         = 1
RecordType         = 0
[Attributes]
CalFactor = 1
IDBasisSpec = 
IDDataBack = DLAB_2024-11-11_10-40-48_641_639
IDDataCal = DLAB_2024-11-12_11-45-27_171_455
IntegrationTime = 128
P31 = -1
P31e = 0
PathLength = +INF
PathLengthCustomOn = 0
RAWDynamic = 65535
Salinity = 0
Temperature = -NAN
Unit1 = $01 $01 Wavelength nm
Unit2 = $03 $06 Intensity mW/(m^2 nm)
Unit3 = $f0 $06 Error mW/(m^2 nm)
Unit4 = $f1 $00 Status 
p999 = 8103
[END] of [Attributes]
[DATA]
 0 6 0 0
 185.260577530984 -NAN 0 0
 187.468128380571 -NAN 0 0
 189.674861895872 -NAN 0 0
 191.880784034125 -NAN 0 0
 194.085900752568 -NAN 0 0
 196.290218008439 -NAN 0 0
 198.493741758976 -NAN 0 0
 200.696477961417 -NAN 0 0
 202.898432573 -NAN 0 0
 205.099611550963 -NAN 0 0
 207.300020852544 -NAN 0 0
 209.499666434981 -NAN 0 0
 211.698554255512 -NAN 0 0
 213.896690271375 -NAN 0 0
 216.094080439808 -NAN 0 0
 218.290730718049 -NAN 0 0
 220.486647063336 -NAN 0 0
 222.681835432907 -NAN 0 0
 224.876301784 -NAN 0 0
 227.070052073853 -NAN 0 0
 229.263092259704 -NAN 0 0
 231.455428298791 -NAN 0 0
 233.647066148352 -NAN 0 0
 235.838011765625 -NAN 0 0
 238.028271107848 -NAN 0 0
 240.217850132259 -NAN 0 0
 242.406754796096 -NAN 0 0
 244.594991056597 -NAN 0 0
 246.782564871 -NAN 0 0
 248.969482196543 -NAN 0 0
 251.155748990464 -NAN 0 0
 253.341371210001 -NAN 0 0
 255.526354812392 -NAN 0 0
 257.710705754875 -NAN 0 0
 259.894429994688 -NAN 0 0
 262.077533489069 -NAN 0 0
 264.260022195256 -NAN 0 0
 266.441902070487 -NAN 0 0
 268.623179072 -NAN 0 0
 270.803859157033 -NAN 0 0
 272.983948282824 -NAN 0 0
 275.163452406611 -NAN 0 0
 277.342377485632 -NAN 0 0
 279.520729477125 3.12367737582355 0 0
 281.698514338328 5.04973789202336 0 0
 283.875738026479 20.5006800322375 0 0
 286.052406498816 16.8094360138619 0 0
 288.228525712577 24.1104865428454 0 0
 290.404101625 46.4402149464533 0 0
 292.579140193323 48.5825557015527 0 0
 294.753647374784 64.1149568333578 0 0
 296.927629126621 87.2383275166149 0 0
 299.101091406072 90.819531519172 0 0
 301.274040170375 106.533539589491 0 0
 303.446481376768 121.986800124162 0 0
 305.618420982489 121.628706828956 0 0
 307.789864944776 127.63849120284 0 0
 309.960819220867 141.5740431783 0 0
 312.131289768 138.824188485359 0 0
 314.301282543413 134.926994169274 0 0
 316.470803504344 130.086773555504 0 0
 318.639858608031 109.815051667175 0 0
 320.808453811712 102.673818735739 0 0
 322.976595072625 104.666247063081 0 0
 325.144288348008 84.5017754582527 0 0
 327.311539595099 79.4144305254412 0 0
 329.478354771136 80.0327123909222 0 0
 331.644739833357 60.5325892391922 0 0
 333.810700739 58.4189103689744 0 0
 335.976243445303 59.0376133803948 0 0
 338.141373909504 40.1883891055843 0 0
 340.306098088841 39.3760770360891 0 0
 342.470421940552 40.3350580575141 0 0
 344.634351421875 25.150553495778 0 0
 346.797892490048 26.3088773286545 0 0
 348.961051102309 27.3476675400018 0 0
 351.123833215896 14.9418055829954 0 0
 353.286244788047 17.0774900716717 0 0
 355.448291776 18.7080215383319 0 0
 357.609980136993 8.16380325246728 0 0
 359.771315828264 12.832192481592 0 0
 361.932304807051 21.0839703695403 0 0
 364.092953030592 18.5475974057454 0 0
 366.253266456125 23.5400300278286 0 0
 368.413251040888 17.6559517438485 0 0
 370.572912742119 1.07249990843614 0 0
 372.732257517056 6.04478980246395 0 0
 374.891291322937 8.11240917753242 0 0
 377.050020117 -3.5501463278472 0 0
 379.208449856483 4.46651659034779 0 0
 381.366586498624 6.56362033377312 0 0
 383.524436000661 -5.12663792414047 0 0
 385.682004319832 3.82814796887579 0 0
 387.839297413375 5.52996167935775 0 0
 389.996321238528 -5.61836237699712 0 0
 392.153081752529 3.70224292426292 0 0
 394.309584912616 4.76300154550981 0 0
 396.465836676027 -5.44372206781272 0 0
 398.621843 5.28945837008834 0 0
 400.777609841773 11.29417841908 0 0
 402.933143158584 12.0787154225883 0 0
 405.088448907671 24.7739737408362 0 0
 407.243533046272 18.3881761042546 0 0
 409.398401531625 2.18129626872178 0 0
 411.553060320968 8.43882610274459 0 0
 413.707515371539 8.42203156621495 0 0
 415.861772640576 3.41839864257725 0 0
 418.015838085317 14.7691215861314 0 0
 420.169717663 18.9174682621044 0 0
 422.323417330863 19.7608511992119 0 0
 424.476943046144 36.9691765485238 0 0
 426.630300766081 49.2156407592726 0 0
 428.783496447912 62.9837472357333 0 0
 430.936536048875 100.740299010182 0 0
 433.089425526208 157.47750973912 0 0
 435.242170837149 215.84453730924 0 0
 437.394777938936 268.589626272071 0 0
 439.547252788807 305.663613133248 0 0
 441.699601344 375.012305852162 0 0
 443.851829561753 481.617574787244 0 0
 446.003943399304 583.114459426718 0 0
 448.155948813891 660.942609733618 0 0
 450.307851762752 708.987008408743 0 0
 452.459658203125 696.341918541498 0 0
 454.611374092248 640.68681400166 0 0
 456.763005387359 573.564697708839 0 0
 458.914558045696 488.44419100566 0 0
 461.066038024497 411.154205530112 0 0
 463.217451281 361.53791048076 0 0
 465.368803772443 310.674049410854 0 0
 467.520101456064 267.303887157318 0 0
 469.671350289101 241.007885918729 0 0
 471.822556228792 203.772809989656 0 0
 473.973725232375 171.540491596696 0 0
 476.124863257088 158.317067339494 0 0
 478.275976260169 136.18523604904 0 0
 480.427070198856 121.880417007413 0 0
 482.578151030387 125.120569086141 0 0
 484.729224712 115.668373553104 0 0
 486.880297200933 111.272251672765 0 0
 489.031374454424 120.950644108259 0 0
 491.182462429711 116.191698840296 0 0
 493.333567084032 116.330004315476 0 0
 495.484694374625 129.765753985074 0 0
 497.635850258728 127.570950106612 0 0
 499.787040693579 130.82316193452 0 0
 501.938271636416 145.354389107231 0 0
 504.089549044477 -NAN 0 0
 506.240878875 -NAN 0 0
 508.392267085223 -NAN 0 0
 510.543719632384 -NAN 0 0
 512.695242473721 -NAN 0 0
 514.846841566472 -NAN 0 0
 516.998522867875 -NAN 0 0
 519.150292335168 -NAN 0 0
 521.302155925589 -NAN 0 0
 523.454119596376 -NAN 0 0
 525.606189304767 -NAN 0 0
 527.758371008 -NAN 0 0
 529.910670663313 -NAN 0 0
 532.063094227944 -NAN 0 0
 534.215647659131 -NAN 0 0
 536.368336914112 -NAN 0 0
 538.521167950125 -NAN 0 0
 540.674146724408 -NAN 0 0
 542.827279194199 -NAN 0 0
 544.980571316736 -NAN 0 0
 547.134029049257 -NAN 0 0
 549.287658349 -NAN 0 0
 551.441465173203 -NAN 0 0
 553.595455479104 -NAN 0 0
 555.749635223941 -NAN 0 0
 557.904010364952 -NAN 0 0
 560.058586859375 -NAN 0 0
 562.213370664448 -NAN 0 0
 564.368367737409 -NAN 0 0
 566.523584035496 -NAN 0 0
 568.679025515947 -NAN 0 0
 570.834698136 -NAN 0 0
 572.990607852893 -NAN 0 0
 575.146760623864 -NAN 0 0
 577.303162406151 -NAN 0 0
 579.459819156992 -NAN 0 0
 581.616736833625 -NAN 0 0
 583.773921393288 -NAN 0 0
 585.931378793219 -NAN 0 0
 588.089114990656 -NAN 0 0
 590.247135942837 -NAN 0 0
 592.405447607 -NAN 0 0
 594.564055940383 -NAN 0 0
 596.722966900224 -NAN 0 0
 598.882186443761 -NAN 0 0
 601.041720528232 -NAN 0 0
 603.201575110875 -NAN 0 0
 605.361756148928 -NAN 0 0
 607.522269599629 -NAN 0 0
 609.683121420216 -NAN 0 0
 611.844317567927 -NAN 0 0
 614.005864 -NAN 0 0
 616.167766673673 -NAN 0 0
 618.330031546184 -NAN 0 0
 620.492664574771 -NAN 0 0
 622.655671716672 -NAN 0 0
 624.819058929125 -NAN 0 0
 626.982832169368 -NAN 0 0
 629.146997394639 -NAN 0 0
 631.311560562176 -NAN 0 0
 633.476527629217 -NAN 0 0
 635.641904553 -NAN 0 0
 637.807697290763 -NAN 0 0
 639.973911799744 -NAN 0 0
 642.140554037181 -NAN 0 0
 644.307629960312 -NAN 0 0
 646.475145526375 -NAN 0 0
 648.643106692608 -NAN 0 0
 650.811519416249 -NAN 0 0
 652.980389654536 -NAN 0 0
 655.149723364707 -NAN 0 0
 657.319526504 -NAN 0 0
 659.489805029653 -NAN 0 0
 661.660564898904 -NAN 0 0
 663.831812068991 -NAN 0 0
 666.003552497152 -NAN 0 0
 668.175792140625 -NAN 0 0
 670.348536956648 -NAN 0 0
 672.521792902459 -NAN 0 0
 674.695565935296 -NAN 0 0
 676.869862012397 -NAN 0 0
 679.044687091 -NAN 0 0
 681.220047128343 -NAN 0 0
 683.395948081664 -NAN 0 0
 685.572395908201 -NAN 0 0
 687.749396565192 -NAN 0 0
 689.926956009875 -NAN 0 0
 692.105080199488 -NAN 0 0
 694.283775091269 -NAN 0 0
 696.463046642456 -NAN 0 0
 698.642900810287 -NAN 0 0
 700.823343552 -NAN 0 0
 703.004380824833 -NAN 0 0
 705.186018586024 -NAN 0 0
 707.368262792811 -NAN 0 0
 709.551119402432 -NAN 0 0
 711.734594372125 -NAN 0 0
 713.918693659128 -NAN 0 0
 716.103423220679 -NAN 0 0
 718.288789014016 -NAN 0 0
 720.474796996377 -NAN 0 0
 722.661453125 -NAN 0 0
 724.848763357123 -NAN 0 0
 727.036733649984 -NAN 0 0
 729.225369960821 -NAN 0 0
 731.414678246872 -NAN 0 0
 733.604664465375 -NAN 0 0
 735.795334573568 -NAN 0 0
[END] of [DATA]
[END] of Spectrum


[Spectrum]
Version            = 1
IDData             = 12ad_2026-06-09_17-33-00_000_700
IDDevice           = SAM_82E6
IDDataType         = SPECTRUM
IDDataTypeSub1     = CALIBRATED
IDDataTypeSub2     = 
IDDataTypeSub3     = 
DateTime           = 2026-06-09 17:33:00
PositionLatitude   = 0
PositionLongitude  = 0
Comment            = 20260609_FrameA
CommentSub1        = UV
CommentSub2        = left
CommentSub3        = 33.5cm
IDMethodType       = SAM Control
MethodName         = SAM_82E6
Mission            = No Mission
MissionSub         = 1
RecordType         = 0
[Attributes]
CalFactor = 1
IDBasisSpec = 
IDDataBack = DLAB_2024-11-11_10-40-48_641_639
IDDataCal = DLAB_2024-11-12_11-45-27_171_455
IntegrationTime = 128
P31 = -1
P31e = 0
PathLength = +INF
PathLengthCustomOn = 0
RAWDynamic = 65535
Salinity = 0
Temperature = -NAN
Unit1 = $01 $01 Wavelength nm
Unit2 = $03 $06 Intensity mW/(m^2 nm)
Unit3 = $f0 $06 Error mW/(m^2 nm)
Unit4 = $f1 $00 Status 
p999 = 8102
[END] of [Attributes]
[DATA]
 0 6 0 0
 185.260577530984 -NAN 0 0
 187.468128380571 -NAN 0 0
 189.674861895872 -NAN 0 0
 191.880784034125 -NAN 0 0
 194.085900752568 -NAN 0 0
 196.290218008439 -NAN 0 0
 198.493741758976 -NAN 0 0
 200.696477961417 -NAN 0 0
 202.898432573 -NAN 0 0
 205.099611550963 -NAN 0 0
 207.300020852544 -NAN 0 0
 209.499666434981 -NAN 0 0
 211.698554255512 -NAN 0 0
 213.896690271375 -NAN 0 0
 216.094080439808 -NAN 0 0
 218.290730718049 -NAN 0 0
 220.486647063336 -NAN 0 0
 222.681835432907 -NAN 0 0
 224.876301784 -NAN 0 0
 227.070052073853 -NAN 0 0
 229.263092259704 -NAN 0 0
 231.455428298791 -NAN 0 0
 233.647066148352 -NAN 0 0
 235.838011765625 -NAN 0 0
 238.028271107848 -NAN 0 0
 240.217850132259 -NAN 0 0
 242.406754796096 -NAN 0 0
 244.594991056597 -NAN 0 0
 246.782564871 -NAN 0 0
 248.969482196543 -NAN 0 0
 251.155748990464 -NAN 0 0
 253.341371210001 -NAN 0 0
 255.526354812392 -NAN 0 0
 257.710705754875 -NAN 0 0
 259.894429994688 -NAN 0 0
 262.077533489069 -NAN 0 0
 264.260022195256 -NAN 0 0
 266.441902070487 -NAN 0 0
 268.623179072 -NAN 0 0
 270.803859157033 -NAN 0 0
 272.983948282824 -NAN 0 0
 275.163452406611 -NAN 0 0
 277.342377485632 -NAN 0 0
 279.520729477125 0.035284306760635 0 0
 281.698514338328 12.7034966099942 0 0
 283.875738026479 16.8714745997081 0 0
 286.052406498816 13.5485293680415 0 0
 288.228525712577 32.3169952208388 0 0
 290.404101625 42.4675829665207 0 0
 292.579140193323 45.5181637745261 0 0
 294.753647374784 72.0783093912298 0 0
 296.927629126621 82.9012132184329 0 0
 299.101091406072 88.4217829859602 0 0
 301.274040170375 112.57432926242 0 0
 303.446481376768 117.843038975419 0 0
 305.618420982489 119.271372224771 0 0
 307.789864944776 133.068513640023 0 0
 309.960819220867 136.909733470992 0 0
 312.131289768 136.864000526745 0 0
 314.301282543413 140.645657813597 0 0
 316.470803504344 125.099552729465 0 0
 318.639858608031 108.59293485513 0 0
 320.808453811712 110.058780206333 0 0
 322.976595072625 99.1032326893612 0 0
 325.144288348008 84.2736714057539 0 0
 327.311539595099 87.7852497196337 0 0
 329.478354771136 74.4429192752967 0 0
 331.644739833357 61.0181811376214 0 0
 333.810700739 66.9242314488506 0 0
 335.976243445303 53.6009163835622 0 0
 338.141373909504 41.3062958710056 0 0
 340.306098088841 47.10174841513 0 0
 342.470421940552 35.5084291471782 0 0
 344.634351421875 26.9211809277755 0 0
 346.797892490048 33.0107410881601 0 0
 348.961051102309 22.9805764301737 0 0
 351.123833215896 16.7395843351015 0 0
 353.286244788047 23.2449055964038 0 0
 355.448291776 14.7237409348836 0 0
 357.609980136993 10.36541732466 0 0
 359.771315828264 18.4898565381986 0 0
 361.932304807051 16.7400894407963 0 0
 364.092953030592 21.0111142919745 0 0
 366.253266456125 29.4515396727086 0 0
 368.413251040888 12.663698806092 0 0
 370.572912742119 4.22001860346585 0 0
 372.732257517056 12.1551086538198 0 0
 374.891291322937 2.45489040436288 0 0
 377.050020117 0.477803903071633 0 0
 379.208449856483 10.8199897510106 0 0
 381.366586498624 0.48940455418643 0 0
 383.524436000661 -0.592907906142738 0 0
 385.682004319832 9.85040377568669 0 0
 387.839297413375 -0.610745921627497 0 0
 389.996321238528 -0.884695049950987 0 0
 392.153081752529 9.05292613676353 0 0
 394.309584912616 -1.26972752017421 0 0
 396.465836676027 -0.798597308200345 0 0
 398.621843 9.56987405649452 0 0
 400.777609841773 5.09598354117442 0 0
 402.933143158584 16.4180070527404 0 0
 405.088448907671 27.7419076827423 0 0
 407.243533046272 12.4909239767118 0 0
 409.398401531625 6.33149709447486 0 0
 411.553060320968 11.0241612552034 0 0
 413.707515371539 3.34788488768287 0 0
 415.861772640576 7.37223501663781 0 0
 418.015838085317 16.8786045406384 0 0
 420.169717663 14.1873521082114 0 0
 422.323417330863 23.5714546191913 0 0
 424.476943046144 38.458638375933 0 0
 426.630300766081 44.8996938855485 0 0
 428.783496447912 66.5225289910313 0 0
 430.936536048875 101.529709081088 0 0
 433.089425526208 152.948559401513 0 0
 435.242170837149 218.566663924456 0 0
 437.394777938936 268.420174006973 0 0
 439.547252788807 301.080904809194 0 0
 441.699601344 378.596006426924 0 0
 443.851829561753 481.741456651619 0 0
 446.003943399304 578.821249798843 0 0
 448.155948813891 664.97346509745 0 0
 450.307851762752 708.92568510021 0 0
 452.459658203125 691.727043142469 0 0
 454.611374092248 645.295139688457 0 0
 456.763005387359 572.988708419446 0 0
 458.914558045696 483.579787722532 0 0
 461.066038024497 416.275134459495 0 0
 463.217451281 360.644676216296 0 0
 465.368803772443 305.472331868833 0 0
 467.520101456064 272.783231340151 0 0
 469.671350289101 239.784662057307 0 0
 471.822556228792 198.818986780634 0 0
 473.973725232375 177.490798928032 0 0
 476.124863257088 156.707302775039 0 0
 478.275976260169 131.549117936791 0 0
 480.427070198856 128.260579180574 0 0
 482.578151030387 123.176240333409 0 0
 484.729224712 111.267267307356 0 0
 486.880297200933 117.760156059948 0 0
 489.031374454424 118.779919532278 0 0
 491.182462429711 111.894016663948 0 0
 493.333567084032 122.827407114863 0 0
 495.484694374625 127.200119165635 0 0
 497.635850258728 123.842898025806 0 0
 499.787040693579 137.578839157082 0 0
 501.938271636416 142.491624784142 0 0
 504.089549044477 -NAN 0 0
 506.240878875 -NAN 0 0
 508.392267085223 -NAN 0 0
 510.543719632384 -NAN 0 0
 512.695242473721 -NAN 0 0
 514.846841566472 -NAN 0 0
 516.998522867875 -NAN 0 0
 519.150292335168 -NAN 0 0
 521.302155925589 -NAN 0 0
 523.454119596376 -NAN 0 0
 525.606189304767 -NAN 0 0
 527.758371008 -NAN 0 0
 529.910670663313 -NAN 0 0
 532.063094227944 -NAN 0 0
 534.215647659131 -NAN 0 0
 536.368336914112 -NAN 0 0
 538.521167950125 -NAN 0 0
 540.674146724408 -NAN 0 0
 542.827279194199 -NAN 0 0
 544.980571316736 -NAN 0 0
 547.134029049257 -NAN 0 0
 549.287658349 -NAN 0 0
 551.441465173203 -NAN 0 0
 553.595455479104 -NAN 0 0
 555.749635223941 -NAN 0 0
 557.904010364952 -NAN 0 0
 560.058586859375 -NAN 0 0
 562.213370664448 -NAN 0 0
 564.368367737409 -NAN 0 0
 566.523584035496 -NAN 0 0
 568.679025515947 -NAN 0 0
 570.834698136 -NAN 0 0
 572.990607852893 -NAN 0 0
 575.146760623864 -NAN 0 0
 577.303162406151 -NAN 0 0
 579.459819156992 -NAN 0 0
 581.616736833625 -NAN 0 0
 583.773921393288 -NAN 0 0
 585.931378793219 -NAN 0 0
 588.089114990656 -NAN 0 0
 590.247135942837 -NAN 0 0
 592.405447607 -NAN 0 0
 594.564055940383 -NAN 0 0
 596.722966900224 -NAN 0 0
 598.882186443761 -NAN 0 0
 601.041720528232 -NAN 0 0
 603.201575110875 -NAN 0 0
 605.361756148928 -NAN 0 0
 607.522269599629 -NAN 0 0
 609.683121420216 -NAN 0 0
 611.844317567927 -NAN 0 0
 614.005864 -NAN 0 0
 616.167766673673 -NAN 0 0
 618.330031546184 -NAN 0 0
 620.492664574771 -NAN 0 0
 622.655671716672 -NAN 0 0
 624.819058929125 -NAN 0 0
 626.982832169368 -NAN 0 0
 629.146997394639 -NAN 0 0
 631.311560562176 -NAN 0 0
 633.476527629217 -NAN 0 0
 635.641904553 -NAN 0 0
 637.807697290763 -NAN 0 0
 639.973911799744 -NAN 0 0
 642.140554037181 -NAN 0 0
 644.307629960312 -NAN 0 0
 646.475145526375 -NAN 0 0
 648.643106692608 -NAN 0 0
 650.811519416249 -NAN 0 0
 652.980389654536 -NAN 0 0
 655.149723364707 -NAN 0 0
 657.319526504 -NAN 0 0
 659.489805029653 -NAN 0 0
 661.660564898904 -NAN 0 0
 663.831812068991 -NAN 0 0
 666.003552497152 -NAN 0 0
 668.175792140625 -NAN 0 0
 670.348536956648 -NAN 0 0
 672.521792902459 -NAN 0 0
 674.695565935296 -NAN 0 0
 676.869862012397 -NAN 0 0
 679.044687091 -NAN 0 0
 681.220047128343 -NAN 0 0
 683.395948081664 -NAN 0 0
 685.572395908201 -NAN 0 0
 687.749396565192 -NAN 0 0
 689.926956009875 -NAN 0 0
 692.105080199488 -NAN 0 0
 694.283775091269 -NAN 0 0
 696.463046642456 -NAN 0 0
 698.642900810287 -NAN 0 0
 700.823343552 -NAN 0 0
 703.004380824833 -NAN 0 0
 705.186018586024 -NAN 0 0
 707.368262792811 -NAN 0 0
 709.551119402432 -NAN 0 0
 711.734594372125 -NAN 0 0
 713.918693659128 -NAN 0 0
 716.103423220679 -NAN 0 0
 718.288789014016 -NAN 0 0
 720.474796996377 -NAN 0 0
 722.661453125 -NAN 0 0
 724.848763357123 -NAN 0 0
 727.036733649984 -NAN 0 0
 729.225369960821 -NAN 0 0
 731.414678246872 -NAN 0 0
 733.604664465375 -NAN 0 0
 735.795334573568 -NAN 0 0
[END] of [DATA]
[END] of Spectrum


[Spectrum]
Version            = 1
IDData             = 12ad_2026-06-09_17-32-55_000_697
IDDevice           = SAM_82E6
IDDataType         = SPECTRUM
IDDataTypeSub1     = CALIBRATED
IDDataTypeSub2     = 
IDDataTypeSub3     = 
DateTime           = 2026-06-09 17:32:55
PositionLatitude   = 0
PositionLongitude  = 0
Comment            = 20260609_FrameA
CommentSub1        = UV
CommentSub2        = left
CommentSub3        = 33.5cm
IDMethodType       = SAM Control
MethodName         = SAM_82E6
Mission            = No Mission
MissionSub         = 1
RecordType         = 0
[Attributes]
CalFactor = 1
IDBasisSpec = 
IDDataBack = DLAB_2024-11-11_10-40-48_641_639
IDDataCal = DLAB_2024-11-12_11-45-27_171_455
IntegrationTime = 128
P31 = -1
P31e = 0
PathLength = +INF
PathLengthCustomOn = 0
RAWDynamic = 65535
Salinity = 0
Temperature = -NAN
Unit1 = $01 $01 Wavelength nm
Unit2 = $03 $06 Intensity mW/(m^2 nm)
Unit3 = $f0 $06 Error mW/(m^2 nm)
Unit4 = $f1 $00 Status 
p999 = 8101
[END] of [Attributes]
[DATA]
 0 6 0 0
 185.260577530984 -NAN 0 0
 187.468128380571 -NAN 0 0
 189.674861895872 -NAN 0 0
 191.880784034125 -NAN 0 0
 194.085900752568 -NAN 0 0
 196.290218008439 -NAN 0 0
 198.493741758976 -NAN 0 0
 200.696477961417 -NAN 0 0
 202.898432573 -NAN 0 0
 205.099611550963 -NAN 0 0
 207.300020852544 -NAN 0 0
 209.499666434981 -NAN 0 0
 211.698554255512 -NAN 0 0
 213.896690271375 -NAN 0 0
 216.094080439808 -NAN 0 0
 218.290730718049 -NAN 0 0
 220.486647063336 -NAN 0 0
 222.681835432907 -NAN 0 0
 224.876301784 -NAN 0 0
 227.070052073853 -NAN 0 0
 229.263092259704 -NAN 0 0
 231.455428298791 -NAN 0 0
 233.647066148352 -NAN 0 0
 235.838011765625 -NAN 0 0
 238.028271107848 -NAN 0 0
 240.217850132259 -NAN 0 0
 242.406754796096 -NAN 0 0
 244.594991056597 -NAN 0 0
 246.782564871 -NAN 0 0
 248.969482196543 -NAN 0 0
 251.155748990464 -NAN 0 0
 253.341371210001 -NAN 0 0
 255.526354812392 -NAN 0 0
 257.710705754875 -NAN 0 0
 259.894429994688 -NAN 0 0
 262.077533489069 -NAN 0 0
 264.260022195256 -NAN 0 0
 266.441902070487 -NAN 0 0
 268.623179072 -NAN 0 0
 270.803859157033 -NAN 0 0
 272.983948282824 -NAN 0 0
 275.163452406611 -NAN 0 0
 277.342377485632 -NAN 0 0
 279.520729477125 6.48230483842946 0 0
 281.698514338328 3.35137223185183 0 0
 283.875738026479 19.6322125843754 0 0
 286.052406498816 20.2024630981372 0 0
 288.228525712577 21.9399452287462 0 0
 290.404101625 45.4412405064044 0 0
 292.579140193323 51.0901698865482 0 0
 294.753647374784 61.0558140064681 0 0
 296.927629126621 85.1776903661613 0 0
 299.101091406072 91.7168996332418 0 0
 301.274040170375 102.352793298372 0 0
 303.446481376768 119.486781866525 0 0
 305.618420982489 121.354473104473 0 0
 307.789864944776 123.344711649658 0 0
 309.960819220867 138.652905750392 0 0
 312.131289768 138.192922443578 0 0
 314.301282543413 129.962989472727 0 0
 316.470803504344 127.817966824991 0 0
 318.639858608031 110.251154403262 0 0
 320.808453811712 98.5247695461498 0 0
 322.976595072625 103.573612541246 0 0
 325.144288348008 85.796771249971 0 0
 327.311539595099 75.2671367425392 0 0
 329.478354771136 79.9747022973859 0 0
 331.644739833357 62.5001247056934 0 0
 333.810700739 54.6043937621451 0 0
 335.976243445303 59.2687456858752 0 0
 338.141373909504 42.2570783838074 0 0
 340.306098088841 36.0493692795836 0 0
 342.470421940552 41.2975030518431 0 0
 344.634351421875 27.3650953336669 0 0
 346.797892490048 23.4350968881599 0 0
 348.961051102309 28.4475360901731 0 0
 351.123833215896 16.8123462397633 0 0
 353.286244788047 14.6207738097866 0 0
 355.448291776 20.0988624725271 0 0
 357.609980136993 10.0687990863344 0 0
 359.771315828264 10.3895014031597 0 0
 361.932304807051 22.4839825495576 0 0
 364.092953030592 20.1903183358386 0 0
 366.253266456125 20.4254515562966 0 0
 368.413251040888 19.2452775334062 0 0
 370.572912742119 3.10344074237989 0 0
 372.732257517056 2.8239577691596 0 0
 374.891291322937 10.0928096416196 0 0
 377.050020117 -1.54306838744073 0 0
 379.208449856483 0.960910804563582 0 0
 381.366586498624 8.69623820520083 0 0
 383.524436000661 -3.18665627067122 0 0
 385.682004319832 0.444362762356399 0 0
 387.839297413375 7.82103786551216 0 0
 389.996321238528 -4.05498797491927 0 0
 392.153081752529 0.201264255917742 0 0
 394.309584912616 6.94345673900637 0 0
 396.465836676027 -4.19114940864557 0 0
 398.621843 1.89405113465331 0 0
 400.777609841773 12.9289100517966 0 0
 402.933143158584 12.2574070463767 0 0
 405.088448907671 21.1660176202325 0 0
 407.243533046272 19.9242653469849 0 0
 409.398401531625 2.54910810336196 0 0
 411.553060320968 5.75532762751746 0 0
 413.707515371539 9.96527642768321 0 0
 415.861772640576 3.69090104626186 0 0
 418.015838085317 12.554459379 0 0
 420.169717663 20.3450173173493 0 0
 422.323417330863 19.8899466057994 0 0
 424.476943046144 35.0172536888856 0 0
 426.630300766081 50.4871187082717 0 0
 428.783496447912 62.8143105676021 0 0
 430.936536048875 98.5871377207506 0 0
 433.089425526208 157.722821135669 0 0
 435.242170837149 213.871275238492 0 0
 437.394777938936 265.493925221493 0 0
 439.547252788807 306.258087298123 0 0
 441.699601344 374.284880391459 0 0
 443.851829561753 479.95772521254 0 0
 446.003943399304 584.482502909175 0 0
 448.155948813891 660.245062930342 0 0
 450.307851762752 707.247410435823 0 0
 452.459658203125 698.189906582658 0 0
 454.611374092248 639.982156689667 0 0
 456.763005387359 571.488207507925 0 0
 458.914558045696 490.309511017184 0 0
 461.066038024497 410.179130125134 0 0
 463.217451281 359.702625660633 0 0
 465.368803772443 312.494861659228 0 0
 467.520101456064 266.009022591829 0 0
 469.671350289101 239.289960017776 0 0
 471.822556228792 206.110900864347 0 0
 473.973725232375 170.407466755107 0 0
 476.124863257088 156.819122734468 0 0
 478.275976260169 138.74221298487 0 0
 480.427070198856 120.794408257617 0 0
 482.578151030387 123.610421667974 0 0
 484.729224712 118.199736083987 0 0
 486.880297200933 110.262152075933 0 0
 489.031374454424 119.779124195345 0 0
 491.182462429711 118.842010639795 0 0
 493.333567084032 115.464945717956 0 0
 495.484694374625 128.586978712122 0 0
 497.635850258728 130.273184442993 0 0
 499.787040693579 129.782739806745 0 0
 501.938271636416 144.440672223658 0 0
 504.089549044477 -NAN 0 0
 506.240878875 -NAN 0 0
 508.392267085223 -NAN 0 0
 510.543719632384 -NAN 0 0
 512.695242473721 -NAN 0 0
 514.846841566472 -NAN 0 0
 516.998522867875 -NAN 0 0
 519.150292335168 -NAN 0 0
 521.302155925589 -NAN 0 0
 523.454119596376 -NAN 0 0
 525.606189304767 -NAN 0 0
 527.758371008 -NAN 0 0
 529.910670663313 -NAN 0 0
 532.063094227944 -NAN 0 0
 534.215647659131 -NAN 0 0
 536.368336914112 -NAN 0 0
 538.521167950125 -NAN 0 0
 540.674146724408 -NAN 0 0
 542.827279194199 -NAN 0 0
 544.980571316736 -NAN 0 0
 547.134029049257 -NAN 0 0
 549.287658349 -NAN 0 0
 551.441465173203 -NAN 0 0
 553.595455479104 -NAN 0 0
 555.749635223941 -NAN 0 0
 557.904010364952 -NAN 0 0
 560.058586859375 -NAN 0 0
 562.213370664448 -NAN 0 0
 564.368367737409 -NAN 0 0
 566.523584035496 -NAN 0 0
 568.679025515947 -NAN 0 0
 570.834698136 -NAN 0 0
 572.990607852893 -NAN 0 0
 575.146760623864 -NAN 0 0
 577.303162406151 -NAN 0 0
 579.459819156992 -NAN 0 0
 581.616736833625 -NAN 0 0
 583.773921393288 -NAN 0 0
 585.931378793219 -NAN 0 0
 588.089114990656 -NAN 0 0
 590.247135942837 -NAN 0 0
 592.405447607 -NAN 0 0
 594.564055940383 -NAN 0 0
 596.722966900224 -NAN 0 0
 598.882186443761 -NAN 0 0
 601.041720528232 -NAN 0 0
 603.201575110875 -NAN 0 0
 605.361756148928 -NAN 0 0
 607.522269599629 -NAN 0 0
 609.683121420216 -NAN 0 0
 611.844317567927 -NAN 0 0
 614.005864 -NAN 0 0
 616.167766673673 -NAN 0 0
 618.330031546184 -NAN 0 0
 620.492664574771 -NAN 0 0
 622.655671716672 -NAN 0 0
 624.819058929125 -NAN 0 0
 626.982832169368 -NAN 0 0
 629.146997394639 -NAN 0 0
 631.311560562176 -NAN 0 0
 633.476527629217 -NAN 0 0
 635.641904553 -NAN 0 0
 637.807697290763 -NAN 0 0
 639.973911799744 -NAN 0 0
 642.140554037181 -NAN 0 0
 644.307629960312 -NAN 0 0
 646.475145526375 -NAN 0 0
 648.643106692608 -NAN 0 0
 650.811519416249 -NAN 0 0
 652.980389654536 -NAN 0 0
 655.149723364707 -NAN 0 0
 657.319526504 -NAN 0 0
 659.489805029653 -NAN 0 0
 661.660564898904 -NAN 0 0
 663.831812068991 -NAN 0 0
 666.003552497152 -NAN 0 0
 668.175792140625 -NAN 0 0
 670.348536956648 -NAN 0 0
 672.521792902459 -NAN 0 0
 674.695565935296 -NAN 0 0
 676.869862012397 -NAN 0 0
 679.044687091 -NAN 0 0
 681.220047128343 -NAN 0 0
 683.395948081664 -NAN 0 0
 685.572395908201 -NAN 0 0
 687.749396565192 -NAN 0 0
 689.926956009875 -NAN 0 0
 692.105080199488 -NAN 0 0
 694.283775091269 -NAN 0 0
 696.463046642456 -NAN 0 0
 698.642900810287 -NAN 0 0
 700.823343552 -NAN 0 0
 703.004380824833 -NAN 0 0
 705.186018586024 -NAN 0 0
 707.368262792811 -NAN 0 0
 709.551119402432 -NAN 0 0
 711.734594372125 -NAN 0 0
 713.918693659128 -NAN 0 0
 716.103423220679 -NAN 0 0
 718.288789014016 -NAN 0 0
 720.474796996377 -NAN 0 0
 722.661453125 -NAN 0 0
 724.848763357123 -NAN 0 0
 727.036733649984 -NAN 0 0
 729.225369960821 -NAN 0 0
 731.414678246872 -NAN 0 0
 733.604664465375 -NAN 0 0
 735.795334573568 -NAN 0 0
[END] of [DATA]
[END] of Spectrum


[Spectrum]
Version            = 1
IDData             = 12ad_2026-06-09_17-32-50_000_694
IDDevice           = SAM_82E6
IDDataType         = SPECTRUM
IDDataTypeSub1     = CALIBRATED
IDDataTypeSub2     = 
IDDataTypeSub3     = 
DateTime           = 2026-06-09 17:32:50
PositionLatitude   = 0
PositionLongitude  = 0
Comment            = 20260609_FrameA
CommentSub1        = UV
CommentSub2        = left
CommentSub3        = 33.5cm
IDMethodType       = SAM Control
MethodName         = SAM_82E6
Mission            = No Mission
MissionSub         = 1
RecordType         = 0
[Attributes]
CalFactor = 1
IDBasisSpec = 
IDDataBack = DLAB_2024-11-11_10-40-48_641_639
IDDataCal = DLAB_2024-11-12_11-45-27_171_455
IntegrationTime = 128
P31 = -1
P31e = 0
PathLength = +INF
PathLengthCustomOn = 0
RAWDynamic = 65535
Salinity = 0
Temperature = -NAN
Unit1 = $01 $01 Wavelength nm
Unit2 = $03 $06 Intensity mW/(m^2 nm)
Unit3 = $f0 $06 Error mW/(m^2 nm)
Unit4 = $f1 $00 Status 
p999 = 8100
[END] of [Attributes]
[DATA]
 0 6 0 0
 185.260577530984 -NAN 0 0
 187.468128380571 -NAN 0 0
 189.674861895872 -NAN 0 0
 191.880784034125 -NAN 0 0
 194.085900752568 -NAN 0 0
 196.290218008439 -NAN 0 0
 198.493741758976 -NAN 0 0
 200.696477961417 -NAN 0 0
 202.898432573 -NAN 0 0
 205.099611550963 -NAN 0 0
 207.300020852544 -NAN 0 0
 209.499666434981 -NAN 0 0
 211.698554255512 -NAN 0 0
 213.896690271375 -NAN 0 0
 216.094080439808 -NAN 0 0
 218.290730718049 -NAN 0 0
 220.486647063336 -NAN 0 0
 222.681835432907 -NAN 0 0
 224.876301784 -NAN 0 0
 227.070052073853 -NAN 0 0
 229.263092259704 -NAN 0 0
 231.455428298791 -NAN 0 0
 233.647066148352 -NAN 0 0
 235.838011765625 -NAN 0 0
 238.028271107848 -NAN 0 0
 240.217850132259 -NAN 0 0
 242.406754796096 -NAN 0 0
 244.594991056597 -NAN 0 0
 246.782564871 -NAN 0 0
 248.969482196543 -NAN 0 0
 251.155748990464 -NAN 0 0
 253.341371210001 -NAN 0 0
 255.526354812392 -NAN 0 0
 257.710705754875 -NAN 0 0
 259.894429994688 -NAN 0 0
 262.077533489069 -NAN 0 0
 264.260022195256 -NAN 0 0
 266.441902070487 -NAN 0 0
 268.623179072 -NAN 0 0
 270.803859157033 -NAN 0 0
 272.983948282824 -NAN 0 0
 275.163452406611 -NAN 0 0
 277.342377485632 -NAN 0 0
 279.520729477125 4.84346400016866 0 0
 281.698514338328 14.0802318218192 0 0
 283.875738026479 7.47931688307273 0 0
 286.052406498816 18.9190074102898 0 0
 288.228525712577 32.8972389384693 0 0
 290.404101625 31.8801988355216 0 0
 292.579140193323 50.2246976495683 0 0
 294.753647374784 70.4645602221457 0 0
 296.927629126621 72.3999625274893 0 0
 299.101091406072 91.0709852669392 0 0
 301.274040170375 109.389164519395 0 0
 303.446481376768 107.374417306809 0 0
 305.618420982489 120.868380384997 0 0
 307.789864944776 128.72984020055 0 0
 309.960819220867 126.18160500379 0 0
 312.131289768 138.312199093184 0 0
 314.301282543413 135.674676300892 0 0
 316.470803504344 113.872807954728 0 0
 318.639858608031 111.823182555177 0 0
 320.808453811712 105.135028858149 0 0
 322.976595072625 88.0545461538919 0 0
 325.144288348008 89.0162145225817 0 0
 327.311539595099 82.8111359672878 0 0
 329.478354771136 63.7735243795059 0 0
 331.644739833357 67.1606225601298 0 0
 333.810700739 62.1416535844092 0 0
 335.976243445303 44.2204335705779 0 0
 338.141373909504 47.8157152902615 0 0
 340.306098088841 42.8629445295459 0 0
 342.470421940552 27.977788109918 0 0
 344.634351421875 33.2931760967606 0 0
 346.797892490048 29.1512503326409 0 0
 348.961051102309 16.9746696152008 0 0
 351.123833215896 22.8549425684488 0 0
 353.286244788047 19.7021310136855 0 0
 355.448291776 9.66056361295291 0 0
 357.609980136993 16.4273517909456 0 0
 359.771315828264 15.0339488169292 0 0
 361.932304807051 12.2040499775402 0 0
 364.092953030592 27.5040957826727 0 0
 366.253266456125 25.1107492045105 0 0
 368.413251040888 8.33214957185112 0 0
 370.572912742119 12.1440790372019 0 0
 372.732257517056 7.63498593393337 0 0
 374.891291322937 -1.45347629563804 0 0
 377.050020117 9.25514887544716 0 0
 379.208449856483 5.54268858606358 0 0
 381.366586498624 -3.00842793871191 0 0
 383.524436000661 8.55271988878373 0 0
 385.682004319832 4.5635060822724 0 0
 387.839297413375 -3.5309116728113 0 0
 389.996321238528 8.33120742267503 0 0
 392.153081752529 3.44553224109057 0 0
 394.309584912616 -3.36836450753581 0 0
 396.465836676027 8.05801773202013 0 0
 398.621843 4.11254308371441 0 0
 400.777609841773 3.18814638509227 0 0
 402.933143158584 24.2766365499874 0 0
 405.088448907671 22.0701564369721 0 0
 407.243533046272 11.1758034881562 0 0
 409.398401531625 13.9111708830879 0 0
 411.553060320968 6.07077381079529 0 0
 413.707515371539 3.01378033004541 0 0
 415.861772640576 14.344009996299 0 0
 418.015838085317 12.3932500572204 0 0
 420.169717663 14.3831789169825 0 0
 422.323417330863 29.5290702976645 0 0
 424.476943046144 34.1047586003417 0 0
 426.630300766081 45.3735848522834 0 0
 428.783496447912 71.8408172459562 0 0
 430.936536048875 97.295076143319 0 0
 433.089425526208 152.576949068126 0 0
 435.242170837149 221.566118177804 0 0
 437.394777938936 262.686772603463 0 0
 439.547252788807 301.626850470813 0 0
 441.699601344 383.204678244056 0 0
 443.851829561753 477.530310302484 0 0
 446.003943399304 580.307360823876 0 0
 448.155948813891 669.814176686973 0 0
 450.307851762752 704.112707193796 0 0
 452.459658203125 693.586146901171 0 0
 454.611374092248 649.925337329608 0 0
 456.763005387359 567.708155764653 0 0
 458.914558045696 485.780446163093 0 0
 461.066038024497 421.144398158961 0 0
 463.217451281 354.914474545304 0 0
 465.368803772443 308.0848016165 0 0
 467.520101456064 277.40040350047 0 0
 469.671350289101 233.578695333825 0 0
 471.822556228792 201.957209735864 0 0
 473.973725232375 181.702480190496 0 0
 476.124863257088 150.439849405449 0 0
 478.275976260169 134.95953176385 0 0
 480.427070198856 131.819346314522 0 0
 482.578151030387 116.717095389631 0 0
 484.729224712 114.777646870051 0 0
 486.880297200933 120.911264104551 0 0
 489.031374454424 112.083122322355 0 0
 491.182462429711 115.864458487471 0 0
 493.333567084032 125.643022550033 0 0
 495.484694374625 120.376504557421 0 0
 497.635850258728 127.703702991184 0 0
 499.787040693579 139.604237719301 0 0
 501.938271636416 135.95354461017 0 0
 504.089549044477 -NAN 0 0
 506.240878875 -NAN 0 0
 508.392267085223 -NAN 0 0
 510.543719632384 -NAN 0 0
 512.695242473721 -NAN 0 0
 514.846841566472 -NAN 0 0
 516.998522867875 -NAN 0 0
 519.150292335168 -NAN 0 0
 521.302155925589 -NAN 0 0
 523.454119596376 -NAN 0 0
 525.606189304767 -NAN 0 0
 527.758371008 -NAN 0 0
 529.910670663313 -NAN 0 0
 532.063094227944 -NAN 0 0
 534.215647659131 -NAN 0 0
 536.368336914112 -NAN 0 0
 538.521167950125 -NAN 0 0
 540.674146724408 -NAN 0 0
 542.827279194199 -NAN 0 0
 544.980571316736 -NAN 0 0
 547.134029049257 -NAN 0 0
 549.287658349 -NAN 0 0
 551.441465173203 -NAN 0 0
 553.595455479104 -NAN 0 0
 555.749635223941 -NAN 0 0
 557.904010364952 -NAN 0 0
 560.058586859375 -NAN 0 0
 562.213370664448 -NAN 0 0
 564.368367737409 -NAN 0 0
 566.523584035496 -NAN 0 0
 568.679025515947 -NAN 0 0
 570.834698136 -NAN 0 0
 572.990607852893 -NAN 0 0
 575.146760623864 -NAN 0 0
 577.303162406151 -NAN 0 0
 579.459819156992 -NAN 0 0
 581.616736833625 -NAN 0 0
 583.773921393288 -NAN 0 0
 585.931378793219 -NAN 0 0
 588.089114990656 -NAN 0 0
 590.247135942837 -NAN 0 0
 592.405447607 -NAN 0 0
 594.564055940383 -NAN 0 0
 596.722966900224 -NAN 0 0
 598.882186443761 -NAN 0 0
 601.041720528232 -NAN 0 0
 603.201575110875 -NAN 0 0
 605.361756148928 -NAN 0 0
 607.522269599629 -NAN 0 0
 609.683121420216 -NAN 0 0
 611.844317567927 -NAN 0 0
 614.005864 -NAN 0 0
 616.167766673673 -NAN 0 0
 618.330031546184 -NAN 0 0
 620.492664574771 -NAN 0 0
 622.655671716672 -NAN 0 0
 624.819058929125 -NAN 0 0
 626.982832169368 -NAN 0 0
 629.146997394639 -NAN 0 0
 631.311560562176 -NAN 0 0
 633.476527629217 -NAN 0 0
 635.641904553 -NAN 0 0
 637.807697290763 -NAN 0 0
 639.973911799744 -NAN 0 0
 642.140554037181 -NAN 0 0
 644.307629960312 -NAN 0 0
 646.475145526375 -NAN 0 0
 648.643106692608 -NAN 0 0
 650.811519416249 -NAN 0 0
 652.980389654536 -NAN 0 0
 655.149723364707 -NAN 0 0
 657.319526504 -NAN 0 0
 659.489805029653 -NAN 0 0
 661.660564898904 -NAN 0 0
 663.831812068991 -NAN 0 0
 666.003552497152 -NAN 0 0
 668.175792140625 -NAN 0 0
 670.348536956648 -NAN 0 0
 672.521792902459 -NAN 0 0
 674.695565935296 -NAN 0 0
 676.869862012397 -NAN 0 0
 679.044687091 -NAN 0 0
 681.220047128343 -NAN 0 0
 683.395948081664 -NAN 0 0
 685.572395908201 -NAN 0 0
 687.749396565192 -NAN 0 0
 689.926956009875 -NAN 0 0
 692.105080199488 -NAN 0 0
 694.283775091269 -NAN 0 0
 696.463046642456 -NAN 0 0
 698.642900810287 -NAN 0 0
 700.823343552 -NAN 0 0
 703.004380824833 -NAN 0 0
 705.186018586024 -NAN 0 0
 707.368262792811 -NAN 0 0
 709.551119402432 -NAN 0 0
 711.734594372125 -NAN 0 0
 713.918693659128 -NAN 0 0
 716.103423220679 -NAN 0 0
 718.288789014016 -NAN 0 0
 720.474796996377 -NAN 0 0
 722.661453125 -NAN 0 0
 724.848763357123 -NAN 0 0
 727.036733649984 -NAN 0 0
 729.225369960821 -NAN 0 0
 731.414678246872 -NAN 0 0
 733.604664465375 -NAN 0 0
 735.795334573568 -NAN 0 0
[END] of [DATA]
[END] of Spectrum


[Spectrum]
Version            = 1
IDData             = 12ad_2026-06-09_17-32-45_000_691
IDDevice           = SAM_82E6
IDDataType         = SPECTRUM
IDDataTypeSub1     = CALIBRATED
IDDataTypeSub2     = 
IDDataTypeSub3     = 
DateTime           = 2026-06-09 17:32:45
PositionLatitude   = 0
PositionLongitude  = 0
Comment            = 20260609_FrameA
CommentSub1        = UV
CommentSub2        = left
CommentSub3        = 33.5cm
IDMethodType       = SAM Control
MethodName         = SAM_82E6
Mission            = No Mission
MissionSub         = 1
RecordType         = 0
[Attributes]
CalFactor = 1
IDBasisSpec = 
IDDataBack = DLAB_2024-11-11_10-40-48_641_639
IDDataCal = DLAB_2024-11-12_11-45-27_171_455
IntegrationTime = 128
P31 = -1
P31e = 0
PathLength = +INF
PathLengthCustomOn = 0
RAWDynamic = 65535
Salinity = 0
Temperature = -NAN
Unit1 = $01 $01 Wavelength nm
Unit2 = $03 $06 Intensity mW/(m^2 nm)
Unit3 = $f0 $06 Error mW/(m^2 nm)
Unit4 = $f1 $00 Status 
p999 = 8099
[END] of [Attributes]
[DATA]
 0 6 0 0
 185.260577530984 -NAN 0 0
 187.468128380571 -NAN 0 0
 189.674861895872 -NAN 0 0
 191.880784034125 -NAN 0 0
 194.085900752568 -NAN 0 0
 196.290218008439 -NAN 0 0
 198.493741758976 -NAN 0 0
 200.696477961417 -NAN 0 0
 202.898432573 -NAN 0 0
 205.099611550963 -NAN 0 0
 207.300020852544 -NAN 0 0
 209.499666434981 -NAN 0 0
 211.698554255512 -NAN 0 0
 213.896690271375 -NAN 0 0
 216.094080439808 -NAN 0 0
 218.290730718049 -NAN 0 0
 220.486647063336 -NAN 0 0
 222.681835432907 -NAN 0 0
 224.876301784 -NAN 0 0
 227.070052073853 -NAN 0 0
 229.263092259704 -NAN 0 0
 231.455428298791 -NAN 0 0
 233.647066148352 -NAN 0 0
 235.838011765625 -NAN 0 0
 238.028271107848 -NAN 0 0
 240.217850132259 -NAN 0 0
 242.406754796096 -NAN 0 0
 244.594991056597 -NAN 0 0
 246.782564871 -NAN 0 0
 248.969482196543 -NAN 0 0
 251.155748990464 -NAN 0 0
 253.341371210001 -NAN 0 0
 255.526354812392 -NAN 0 0
 257.710705754875 -NAN 0 0
 259.894429994688 -NAN 0 0
 262.077533489069 -NAN 0 0
 264.260022195256 -NAN 0 0
 266.441902070487 -NAN 0 0
 268.623179072 -NAN 0 0
 270.803859157033 -NAN 0 0
 272.983948282824 -NAN 0 0
 275.163452406611 -NAN 0 0
 277.342377485632 -NAN 0 0
 279.520729477125 0.646736321643656 0 0
 281.698514338328 7.60316986609188 0 0
 283.875738026479 18.8866015071865 0 0
 286.052406498816 13.1376493231764 0 0
 288.228525712577 26.1348924021339 0 0
 290.404101625 43.3124216123263 0 0
 292.579140193323 43.4446952719245 0 0
 294.753647374784 64.3243746644603 0 0
 296.927629126621 81.6734645280518 0 0
 299.101091406072 83.9659272376108 0 0
 301.274040170375 103.87053300106 0 0
 303.446481376768 114.78163610248 0 0
 305.618420982489 113.2177971851 0 0
 307.789864944776 123.877024872831 0 0
 309.960819220867 133.082967791294 0 0
 312.131289768 129.881815519167 0 0
 314.301282543413 130.814161044026 0 0
 316.470803504344 121.982845152976 0 0
 318.639858608031 102.138871648782 0 0
 320.808453811712 101.15236758922 0 0
 322.976595072625 98.0218479438125 0 0
 325.144288348008 78.2000400838377 0 0
 327.311539595099 79.4012365897586 0 0
 329.478354771136 74.7984170279935 0 0
 331.644739833357 55.7225646111541 0 0
 333.810700739 59.8443583675683 0 0
 335.976243445303 54.6286556286854 0 0
 338.141373909504 36.8641613244886 0 0
 340.306098088841 41.4893711923025 0 0
 342.470421940552 37.2120222595892 0 0
 344.634351421875 23.2151872899229 0 0
 346.797892490048 28.7767770511977 0 0
 348.961051102309 25.1097646540067 0 0
 351.123833215896 13.8436605295607 0 0
 353.286244788047 19.7959071337575 0 0
 355.448291776 17.1300140747092 0 0
 357.609980136993 7.80721887209753 0 0
 359.771315828264 15.7266362033274 0 0
 361.932304807051 19.3743084367662 0 0
 364.092953030592 18.1309898296599 0 0
 366.253266456125 26.4934492083702 0 0
 368.413251040888 15.8338642825935 0 0
 370.572912742119 1.51335348463544 0 0
 372.732257517056 9.93092128371695 0 0
 374.891291322937 6.69668501685098 0 0
 377.050020117 -2.19692058245975 0 0
 379.208449856483 8.63545856074745 0 0
 381.366586498624 5.22808429103012 0 0
 383.524436000661 -3.37425889210561 0 0
 385.682004319832 8.2445637176117 0 0
 387.839297413375 4.06350289601218 0 0
 389.996321238528 -3.63359325737807 0 0
 392.153081752529 7.86095599165512 0 0
 394.309584912616 3.27800110416038 0 0
 396.465836676027 -3.40174670383283 0 0
 398.621843 9.02719271249572 0 0
 400.777609841773 9.12884176953892 0 0
 402.933143158584 13.0025891370687 0 0
 405.088448907671 26.7087816706798 0 0
 407.243533046272 15.8969316015437 0 0
 409.398401531625 3.90348065334543 0 0
 411.553060320968 11.4267411744216 0 0
 413.707515371539 6.7706004670355 0 0
 415.861772640576 5.33816276741151 0 0
 418.015838085317 17.290474698112 0 0
 420.169717663 17.30828274655 0 0
 422.323417330863 21.5819204453289 0 0
 424.476943046144 39.1181557405128 0 0
 426.630300766081 47.6541311803592 0 0
 428.783496447912 64.5845444137492 0 0
 430.936536048875 102.023296380119 0 0
 433.089425526208 153.754119928134 0 0
 435.242170837149 213.708235359014 0 0
 437.394777938936 266.927875049723 0 0
 439.547252788807 302.584479601713 0 0
 441.699601344 376.306876587311 0 0
 443.851829561753 483.207113033518 0 0
 446.003943399304 581.335746230952 0 0
 448.155948813891 662.719379892904 0 0
 450.307851762752 710.423597092445 0 0
 452.459658203125 694.366099748618 0 0
 454.611374092248 642.595379757624 0 0
 456.763005387359 574.680554925409 0 0
 458.914558045696 486.315390799892 0 0
 461.066038024497 413.162432931587 0 0
 463.217451281 362.631603132483 0 0
 465.368803772443 308.175578343085 0 0
 467.520101456064 269.318477932906 0 0
 469.671350289101 241.777542702332 0 0
 471.822556228792 201.323225300464 0 0
 473.973725232375 173.849483912353 0 0
 476.124863257088 158.88502416313 0 0
 478.275976260169 133.574919307507 0 0
 480.427070198856 124.156023033909 0 0
 482.578151030387 125.351611595794 0 0
 484.729224712 113.264417348278 0 0
 486.880297200933 113.678369317047 0 0
 489.031374454424 121.00099596698 0 0
 491.182462429711 113.608398717143 0 0
 493.333567084032 118.824980270484 0 0
 495.484694374625 129.197949557821 0 0
 497.635850258728 125.230769091792 0 0
 499.787040693579 133.376925339058 0 0
 501.938271636416 144.68605202278 0 0
 504.089549044477 -NAN 0 0
 506.240878875 -NAN 0 0
 508.392267085223 -NAN 0 0
 510.543719632384 -NAN 0 0
 512.695242473721 -NAN 0 0
 514.846841566472 -NAN 0 0
 516.998522867875 -NAN 0 0
 519.150292335168 -NAN 0 0
 521.302155925589 -NAN 0 0
 523.454119596376 -NAN 0 0
 525.606189304767 -NAN 0 0
 527.758371008 -NAN 0 0
 529.910670663313 -NAN 0 0
 532.063094227944 -NAN 0 0
 534.215647659131 -NAN 0 0
 536.368336914112 -NAN 0 0
 538.521167950125 -NAN 0 0
 540.674146724408 -NAN 0 0
 542.827279194199 -NAN 0 0
 544.980571316736 -NAN 0 0
 547.134029049257 -NAN 0 0
 549.287658349 -NAN 0 0
 551.441465173203 -NAN 0 0
 553.595455479104 -NAN 0 0
 555.749635223941 -NAN 0 0
 557.904010364952 -NAN 0 0
 560.058586859375 -NAN 0 0
 562.213370664448 -NAN 0 0
 564.368367737409 -NAN 0 0
 566.523584035496 -NAN 0 0
 568.679025515947 -NAN 0 0
 570.834698136 -NAN 0 0
 572.990607852893 -NAN 0 0
 575.146760623864 -NAN 0 0
 577.303162406151 -NAN 0 0
 579.459819156992 -NAN 0 0
 581.616736833625 -NAN 0 0
 583.773921393288 -NAN 0 0
 585.931378793219 -NAN 0 0
 588.089114990656 -NAN 0 0
 590.247135942837 -NAN 0 0
 592.405447607 -NAN 0 0
 594.564055940383 -NAN 0 0
 596.722966900224 -NAN 0 0
 598.882186443761 -NAN 0 0
 601.041720528232 -NAN 0 0
 603.201575110875 -NAN 0 0
 605.361756148928 -NAN 0 0
 607.522269599629 -NAN 0 0
 609.683121420216 -NAN 0 0
 611.844317567927 -NAN 0 0
 614.005864 -NAN 0 0
 616.167766673673 -NAN 0 0
 618.330031546184 -NAN 0 0
 620.492664574771 -NAN 0 0
 622.655671716672 -NAN 0 0
 624.819058929125 -NAN 0 0
 626.982832169368 -NAN 0 0
 629.146997394639 -NAN 0 0
 631.311560562176 -NAN 0 0
 633.476527629217 -NAN 0 0
 635.641904553 -NAN 0 0
 637.807697290763 -NAN 0 0
 639.973911799744 -NAN 0 0
 642.140554037181 -NAN 0 0
 644.307629960312 -NAN 0 0
 646.475145526375 -NAN 0 0
 648.643106692608 -NAN 0 0
 650.811519416249 -NAN 0 0
 652.980389654536 -NAN 0 0
 655.149723364707 -NAN 0 0
 657.319526504 -NAN 0 0
 659.489805029653 -NAN 0 0
 661.660564898904 -NAN 0 0
 663.831812068991 -NAN 0 0
 666.003552497152 -NAN 0 0
 668.175792140625 -NAN 0 0
 670.348536956648 -NAN 0 0
 672.521792902459 -NAN 0 0
 674.695565935296 -NAN 0 0
 676.869862012397 -NAN 0 0
 679.044687091 -NAN 0 0
 681.220047128343 -NAN 0 0
 683.395948081664 -NAN 0 0
 685.572395908201 -NAN 0 0
 687.749396565192 -NAN 0 0
 689.926956009875 -NAN 0 0
 692.105080199488 -NAN 0 0
 694.283775091269 -NAN 0 0
 696.463046642456 -NAN 0 0
 698.642900810287 -NAN 0 0
 700.823343552 -NAN 0 0
 703.004380824833 -NAN 0 0
 705.186018586024 -NAN 0 0
 707.368262792811 -NAN 0 0
 709.551119402432 -NAN 0 0
 711.734594372125 -NAN 0 0
 713.918693659128 -NAN 0 0
 716.103423220679 -NAN 0 0
 718.288789014016 -NAN 0 0
 720.474796996377 -NAN 0 0
 722.661453125 -NAN 0 0
 724.848763357123 -NAN 0 0
 727.036733649984 -NAN 0 0
 729.225369960821 -NAN 0 0
 731.414678246872 -NAN 0 0
 733.604664465375 -NAN 0 0
 735.795334573568 -NAN 0 0
[END] of [DATA]
[END] of Spectrum


[Spectrum]
Version            = 1
IDData             = 12ad_2026-06-09_17-32-40_000_688
IDDevice           = SAM_82E6
IDDataType         = SPECTRUM
IDDataTypeSub1     = CALIBRATED
IDDataTypeSub2     = 
IDDataTypeSub3     = 
DateTime           = 2026-06-09 17:32:40
PositionLatitude   = 0
PositionLongitude  = 0
Comment            = 20260609_FrameA
CommentSub1        = UV
CommentSub2        = left
CommentSub3        = 33.5cm
IDMethodType       = SAM Control
MethodName         = SAM_82E6
Mission            = No Mission
MissionSub         = 1
RecordType         = 0
[Attributes]
CalFactor = 1
IDBasisSpec = 
IDDataBack = DLAB_2024-11-11_10-40-48_641_639
IDDataCal = DLAB_2024-11-12_11-45-27_171_455
IntegrationTime = 128
P31 = -1
P31e = 0
PathLength = +INF
PathLengthCustomOn = 0
RAWDynamic = 65535
Salinity = 0
Temperature = -NAN
Unit1 = $01 $01 Wavelength nm
Unit2 = $03 $06 Intensity mW/(m^2 nm)
Unit3 = $f0 $06 Error mW/(m^2 nm)
Unit4 = $f1 $00 Status 
p999 = 8098
[END] of [Attributes]
[DATA]
 0 6 0 0
 185.260577530984 -NAN 0 0
 187.468128380571 -NAN 0 0
 189.674861895872 -NAN 0 0
 191.880784034125 -NAN 0 0
 194.085900752568 -NAN 0 0
 196.290218008439 -NAN 0 0
 198.493741758976 -NAN 0 0
 200.696477961417 -NAN 0 0
 202.898432573 -NAN 0 0
 205.099611550963 -NAN 0 0
 207.300020852544 -NAN 0 0
 209.499666434981 -NAN 0 0
 211.698554255512 -NAN 0 0
 213.896690271375 -NAN 0 0
 216.094080439808 -NAN 0 0
 218.290730718049 -NAN 0 0
 220.486647063336 -NAN 0 0
 222.681835432907 -NAN 0 0
 224.876301784 -NAN 0 0
 227.070052073853 -NAN 0 0
 229.263092259704 -NAN 0 0
 231.455428298791 -NAN 0 0
 233.647066148352 -NAN 0 0
 235.838011765625 -NAN 0 0
 238.028271107848 -NAN 0 0
 240.217850132259 -NAN 0 0
 242.406754796096 -NAN 0 0
 244.594991056597 -NAN 0 0
 246.782564871 -NAN 0 0
 248.969482196543 -NAN 0 0
 251.155748990464 -NAN 0 0
 253.341371210001 -NAN 0 0
 255.526354812392 -NAN 0 0
 257.710705754875 -NAN 0 0
 259.894429994688 -NAN 0 0
 262.077533489069 -NAN 0 0
 264.260022195256 -NAN 0 0
 266.441902070487 -NAN 0 0
 268.623179072 -NAN 0 0
 270.803859157033 -NAN 0 0
 272.983948282824 -NAN 0 0
 275.163452406611 -NAN 0 0
 277.342377485632 -NAN 0 0
 279.520729477125 -0.262347122072444 0 0
 281.698514338328 11.1907875500878 0 0
 283.875738026479 16.991506685998 0 0
 286.052406498816 12.0777820696372 0 0
 288.228525712577 29.7567593605779 0 0
 290.404101625 40.9945682536101 0 0
 292.579140193323 42.1112478188577 0 0
 294.753647374784 66.9222507653267 0 0
 296.927629126621 79.0325986790416 0 0
 299.101091406072 82.3666337328543 0 0
 301.274040170375 105.258313340826 0 0
 303.446481376768 111.605553492953 0 0
 305.618420982489 111.426136851809 0 0
 307.789864944776 124.635945331571 0 0
 309.960819220867 129.687402198069 0 0
 312.131289768 127.905874040794 0 0
 314.301282543413 131.702542301501 0 0
 316.470803504344 118.693869537176 0 0
 318.639858608031 101.269239054106 0 0
 320.808453811712 102.912086238125 0 0
 322.976595072625 94.7425381562709 0 0
 325.144288348008 78.1336300432367 0 0
 327.311539595099 81.9725880550149 0 0
 329.478354771136 71.4903542581289 0 0
 331.644739833357 56.0541883466667 0 0
 333.810700739 62.4406572144362 0 0
 335.976243445303 51.9451950254359 0 0
 338.141373909504 37.8612892182689 0 0
 340.306098088841 44.18765557416 0 0
 342.470421940552 34.9833401094559 0 0
 344.634351421875 24.2891331897281 0 0
 346.797892490048 31.0477763064015 0 0
 348.961051102309 22.8915229303175 0 0
 351.123833215896 15.0817323227296 0 0
 353.286244788047 21.9244069753906 0 0
 355.448291776 15.1830519007779 0 0
 357.609980136993 9.0879243343264 0 0
 359.771315828264 17.8068495655855 0 0
 361.932304807051 17.3077806541837 0 0
 364.092953030592 19.6032290687263 0 0
 366.253266456125 28.3736409365916 0 0
 368.413251040888 13.5304935730895 0 0
 370.572912742119 3.67114962113226 0 0
 372.732257517056 12.1016237962396 0 0
 374.891291322937 3.97279408661298 0 0
 377.050020117 -0.348477668270965 0 0
 379.208449856483 10.8885624789561 0 0
 381.366586498624 2.28849173134181 0 0
 383.524436000661 -1.13723975469858 0 0
 385.682004319832 10.3297377877073 0 0
 387.839297413375 1.11641664542396 0 0
 389.996321238528 -1.59966142071255 0 0
 392.153081752529 9.54553312339156 0 0
 394.309584912616 0.269818391931858 0 0
 396.465836676027 -1.3852792503826 0 0
 398.621843 10.4469214119547 0 0
 400.777609841773 6.2131151819887 0 0
 402.933143158584 14.5182996480681 0 0
 405.088448907671 27.3377478040639 0 0
 407.243533046272 12.9768176350851 0 0
 409.398401531625 5.4595195051877 0 0
 411.553060320968 11.8921897385589 0 0
 413.707515371539 4.56444973723895 0 0
 415.861772640576 6.8527454156061 0 0
 418.015838085317 17.6522126884468 0 0
 420.169717663 15.2894691720684 0 0
 422.323417330863 22.8087845930397 0 0
 424.476943046144 39.1891670314501 0 0
 426.630300766081 45.8431598721446 0 0
 428.783496447912 65.7444690672247 0 0
 430.936536048875 101.703577061214 0 0
 433.089425526208 151.312340482617 0 0
 435.242170837149 214.002346514152 0 0
 437.394777938936 265.653785848943 0 0
 439.547252788807 300.698338441866 0 0
 441.699601344 377.630215561019 0 0
 443.851829561753 482.701541100527 0 0
 446.003943399304 579.571577587533 0 0
 448.155948813891 664.242576434396 0 0
 450.307851762752 709.781505979578 0 0
 452.459658203125 692.589437561678 0 0
 454.611374092248 644.366057105708 0 0
 456.763005387359 574.003035320598 0 0
 458.914558045696 484.59877741315 0 0
 461.066038024497 415.279681303107 0 0
 463.217451281 361.649045441572 0 0
 465.368803772443 306.303044471424 0 0
 467.520101456064 271.756122061156 0 0
 469.671350289101 240.79246861924 0 0
 471.822556228792 199.600536558757 0 0
 473.973725232375 176.236653840987 0 0
 476.124863257088 157.738039232747 0 0
 478.275976260169 132.063624812623 0 0
 480.427070198856 126.811453659052 0 0
 482.578151030387 124.1350109411 0 0
 484.729224712 111.603664712122 0 0
 486.880297200933 116.445796119442 0 0
 489.031374454424 119.861925029687 0 0
 491.182462429711 112.230191906952 0 0
 493.333567084032 121.679562309146 0 0
 495.484694374625 128.29034793921 0 0
 497.635850258728 123.995399273373 0 0
 499.787040693579 136.340552006052 0 0
 501.938271636416 143.706685280671 0 0
 504.089549044477 -NAN 0 0
 506.240878875 -NAN 0 0
 508.392267085223 -NAN 0 0
 510.543719632384 -NAN 0 0
 512.695242473721 -NAN 0 0
 514.846841566472 -NAN 0 0
 516.998522867875 -NAN 0 0
 519.150292335168 -NAN 0 0
 521.302155925589 -NAN 0 0
 523.454119596376 -NAN 0 0
 525.606189304767 -NAN 0 0
 527.758371008 -NAN 0 0
 529.910670663313 -NAN 0 0
 532.063094227944 -NAN 0 0
 534.215647659131 -NAN 0 0
 536.368336914112 -NAN 0 0
 538.521167950125 -NAN 0 0
 540.674146724408 -NAN 0 0
 542.827279194199 -NAN 0 0
 544.980571316736 -NAN 0 0
 547.134029049257 -NAN 0 0
 549.287658349 -NAN 0 0
 551.441465173203 -NAN 0 0
 553.595455479104 -NAN 0 0
 555.749635223941 -NAN 0 0
 557.904010364952 -NAN 0 0
 560.058586859375 -NAN 0 0
 562.213370664448 -NAN 0 0
 564.368367737409 -NAN 0 0
 566.523584035496 -NAN 0 0
 568.679025515947 -NAN 0 0
 570.834698136 -NAN 0 0
 572.990607852893 -NAN 0 0
 575.146760623864 -NAN 0 0
 577.303162406151 -NAN 0 0
 579.459819156992 -NAN 0 0
 581.616736833625 -NAN 0 0
 583.773921393288 -NAN 0 0
 585.931378793219 -NAN 0 0
 588.089114990656 -NAN 0 0
 590.247135942837 -NAN 0 0
 592.405447607 -NAN 0 0
 594.564055940383 -NAN 0 0
 596.722966900224 -NAN 0 0
 598.882186443761 -NAN 0 0
 601.041720528232 -NAN 0 0
 603.201575110875 -NAN 0 0
 605.361756148928 -NAN 0 0
 607.522269599629 -NAN 0 0
 609.683121420216 -NAN 0 0
 611.844317567927 -NAN 0 0
 614.005864 -NAN 0 0
 616.167766673673 -NAN 0 0
 618.330031546184 -NAN 0 0
 620.492664574771 -NAN 0 0
 622.655671716672 -NAN 0 0
 624.819058929125 -NAN 0 0
 626.982832169368 -NAN 0 0
 629.146997394639 -NAN 0 0
 631.311560562176 -NAN 0 0
 633.476527629217 -NAN 0 0
 635.641904553 -NAN 0 0
 637.807697290763 -NAN 0 0
 639.973911799744 -NAN 0 0
 642.140554037181 -NAN 0 0
 644.307629960312 -NAN 0 0
 646.475145526375 -NAN 0 0
 648.643106692608 -NAN 0 0
 650.811519416249 -NAN 0 0
 652.980389654536 -NAN 0 0
 655.149723364707 -NAN 0 0
 657.319526504 -NAN 0 0
 659.489805029653 -NAN 0 0
 661.660564898904 -NAN 0 0
 663.831812068991 -NAN 0 0
 666.003552497152 -NAN 0 0
 668.175792140625 -NAN 0 0
 670.348536956648 -NAN 0 0
 672.521792902459 -NAN 0 0
 674.695565935296 -NAN 0 0
 676.869862012397 -NAN 0 0
 679.044687091 -NAN 0 0
 681.220047128343 -NAN 0 0
 683.395948081664 -NAN 0 0
 685.572395908201 -NAN 0 0
 687.749396565192 -NAN 0 0
 689.926956009875 -NAN 0 0
 692.105080199488 -NAN 0 0
 694.283775091269 -NAN 0 0
 696.463046642456 -NAN 0 0
 698.642900810287 -NAN 0 0
 700.823343552 -NAN 0 0
 703.004380824833 -NAN 0 0
 705.186018586024 -NAN 0 0
 707.368262792811 -NAN 0 0
 709.551119402432 -NAN 0 0
 711.734594372125 -NAN 0 0
 713.918693659128 -NAN 0 0
 716.103423220679 -NAN 0 0
 718.288789014016 -NAN 0 0
 720.474796996377 -NAN 0 0
 722.661453125 -NAN 0 0
 724.848763357123 -NAN 0 0
 727.036733649984 -NAN 0 0
 729.225369960821 -NAN 0 0
 731.414678246872 -NAN 0 0
 733.604664465375 -NAN 0 0
 735.795334573568 -NAN 0 0
[END] of [DATA]
[END] of Spectrum


[Spectrum]
Version            = 1
IDData             = 12ad_2026-06-09_17-32-35_000_685
IDDevice           = SAM_82E6
IDDataType         = SPECTRUM
IDDataTypeSub1     = CALIBRATED
IDDataTypeSub2     = 
IDDataTypeSub3     = 
DateTime           = 2026-06-09 17:32:35
PositionLatitude   = 0
PositionLongitude  = 0
Comment            = 20260609_FrameA
CommentSub1        = UV
CommentSub2        = left
CommentSub3        = 33.5cm
IDMethodType       = SAM Control
MethodName         = SAM_82E6
Mission            = No Mission
MissionSub         = 1
RecordType         = 0
[Attributes]
CalFactor = 1
IDBasisSpec = 
IDDataBack = DLAB_2024-11-11_10-40-48_641_639
IDDataCal = DLAB_2024-11-12_11-45-27_171_455
IntegrationTime = 128
P31 = -1
P31e = 0
PathLength = +INF
PathLengthCustomOn = 0
RAWDynamic = 65535
Salinity = 0
Temperature = -NAN
Unit1 = $01 $01 Wavelength nm
Unit2 = $03 $06 Intensity mW/(m^2 nm)
Unit3 = $f0 $06 Error mW/(m^2 nm)
Unit4 = $f1 $00 Status 
p999 = 8097
[END] of [Attributes]
[DATA]
 0 6 0 0
 185.260577530984 -NAN 0 0
 187.468128380571 -NAN 0 0
 189.674861895872 -NAN 0 0
 191.880784034125 -NAN 0 0
 194.085900752568 -NAN 0 0
 196.290218008439 -NAN 0 0
 198.493741758976 -NAN 0 0
 200.696477961417 -NAN 0 0
 202.898432573 -NAN 0 0
 205.099611550963 -NAN 0 0
 207.300020852544 -NAN 0 0
 209.499666434981 -NAN 0 0
 211.698554255512 -NAN 0 0
 213.896690271375 -NAN 0 0
 216.094080439808 -NAN 0 0
 218.290730718049 -NAN 0 0
 220.486647063336 -NAN 0 0
 222.681835432907 -NAN 0 0
 224.876301784 -NAN 0 0
 227.070052073853 -NAN 0 0
 229.263092259704 -NAN 0 0
 231.455428298791 -NAN 0 0
 233.647066148352 -NAN 0 0
 235.838011765625 -NAN 0 0
 238.028271107848 -NAN 0 0
 240.217850132259 -NAN 0 0
 242.406754796096 -NAN 0 0
 244.594991056597 -NAN 0 0
 246.782564871 -NAN 0 0
 248.969482196543 -NAN 0 0
 251.155748990464 -NAN 0 0
 253.341371210001 -NAN 0 0
 255.526354812392 -NAN 0 0
 257.710705754875 -NAN 0 0
 259.894429994688 -NAN 0 0
 262.077533489069 -NAN 0 0
 264.260022195256 -NAN 0 0
 266.441902070487 -NAN 0 0
 268.623179072 -NAN 0 0
 270.803859157033 -NAN 0 0
 272.983948282824 -NAN 0 0
 275.163452406611 -NAN 0 0
 277.342377485632 -NAN 0 0
 279.520729477125 10.5632177768646 0 0
 281.698514338328 2.59959374486289 0 0
 283.875738026479 11.5759413810368 0 0
 286.052406498816 24.097838223131 0 0
 288.228525712577 19.3367283523645 0 0
 290.404101625 35.6012695663589 0 0
 292.579140193323 53.0198628709545 0 0
 294.753647374784 55.6369565336913 0 0
 296.927629126621 73.980673095767 0 0
 299.101091406072 90.4095784896367 0 0
 301.274040170375 94.3753770476256 0 0
 303.446481376768 107.141781269728 0 0
 305.618420982489 117.851809415681 0 0
 307.789864944776 113.744902297623 0 0
 309.960819220867 125.445646961465 0 0
 312.131289768 134.345687868089 0 0
 314.301282543413 119.352414898826 0 0
 316.470803504344 115.020039790997 0 0
 318.639858608031 108.747307505072 0 0
 320.808453811712 89.1577951646485 0 0
 322.976595072625 91.8302523200794 0 0
 325.144288348008 86.7077437634317 0 0
 327.311539595099 66.8772596412496 0 0
 329.478354771136 70.0163029069887 0 0
 331.644739833357 64.8733070629557 0 0
 333.810700739 47.2788048264842 0 0
 335.976243445303 51.3680910928844 0 0
 338.141373909504 46.0756568953407 0 0
 340.306098088841 30.0162334257823 0 0
 342.470421940552 35.4298622088657 0 0
 344.634351421875 31.5087156379507 0 0
 346.797892490048 18.5005054214006 0 0
 348.961051102309 24.1810638697928 0 0
 351.123833215896 21.044850263246 0 0
 353.286244788047 10.5000766266249 0 0
 355.448291776 16.9826473245276 0 0
 357.609980136993 14.6187301139351 0 0
 359.771315828264 6.53777231823415 0 0
 361.932304807051 19.836586968364 0 0
 364.092953030592 25.0891266627625 0 0
 366.253266456125 16.3275678455333 0 0
 368.413251040888 16.9552421280099 0 0
 370.572912742119 9.36707830507468 0 0
 372.732257517056 -1.40134597967507 0 0
 374.891291322937 8.81153221984424 0 0
 377.050020117 5.88243027455793 0 0
 379.208449856483 -3.11846678647872 0 0
 381.366586498624 7.98536558139159 0 0
 383.524436000661 4.64291071025339 0 0
 385.682004319832 -4.13704629615515 0 0
 387.839297413375 7.82245473390185 0 0
 389.996321238528 3.60737263903819 0 0
 392.153081752529 -4.1184133479501 0 0
 394.309584912616 7.53391145994696 0 0
 396.465836676027 3.1564713455043 0 0
 398.621843 -2.76186289002099 0 0
 400.777609841773 13.5622547655062 0 0
 402.933143158584 17.8931634363553 0 0
 405.088448907671 15.086421147346 0 0
 407.243533046272 20.2248303728246 0 0
 409.398401531625 8.30461852516144 0 0
 411.553060320968 1.44827397122403 0 0
 413.707515371539 11.6273140207559 0 0
 415.861772640576 8.83578725215738 0 0
 418.015838085317 8.69821444399041 0 0
 420.169717663 22.0998904104436 0 0
 422.323417330863 24.3899744311714 0 0
 424.476943046144 31.2634193217142 0 0
 426.630300766081 52.4146205820768 0 0
 428.783496447912 66.72989924158 0 0
 430.936536048875 94.5832300646663 0 0
 433.089425526208 157.169858482722 0 0
 435.242170837149 213.51242766062 0 0
 437.394777938936 258.157121724654 0 0
 439.547252788807 307.01594075729 0 0
 441.699601344 377.407467199606 0 0
 443.851829561753 475.920683105229 0 0
 446.003943399304 586.978176979425 0 0
 448.155948813891 663.846861203858 0 0
 450.307851762752 702.914197237337 0 0
 452.459658203125 700.891952254871 0 0
 454.611374092248 643.406543977772 0 0
 456.763005387359 566.867601903352 0 0
 458.914558045696 493.148909322579 0 0
 461.066038024497 413.591384598772 0 0
 463.217451281 354.543678461102 0 0
 465.368803772443 316.067875839371 0 0
 467.520101456064 269.248861558418 0 0
 469.671350289101 233.679367740119 0 0
 471.822556228792 209.653562166298 0 0
 473.973725232375 173.302240621518 0 0
 476.124863257088 150.742095434401 0 0
 478.275976260169 142.38376596997 0 0
 480.427070198856 123.101202227697 0 0
 482.578151030387 117.503979299319 0 0
 484.729224712 122.163860983344 0 0
 486.880297200933 111.974735113309 0 0
 489.031374454424 113.536612644108 0 0
 491.182462429711 122.723103561523 0 0
 493.333567084032 116.728577002621 0 0
 495.484694374625 122.372121287123 0 0
 497.635850258728 134.144960721146 0 0
 499.787040693579 130.684004115967 0 0
 501.938271636416 138.300796109665 0 0
 504.089549044477 -NAN 0 0
 506.240878875 -NAN 0 0
 508.392267085223 -NAN 0 0
 510.543719632384 -NAN 0 0
 512.695242473721 -NAN 0 0
 514.846841566472 -NAN 0 0
 516.998522867875 -NAN 0 0
 519.150292335168 -NAN 0 0
 521.302155925589 -NAN 0 0
 523.454119596376 -NAN 0 0
 525.606189304767 -NAN 0 0
 527.758371008 -NAN 0 0
 529.910670663313 -NAN 0 0
 532.063094227944 -NAN 0 0
 534.215647659131 -NAN 0 0
 536.368336914112 -NAN 0 0
 538.521167950125 -NAN 0 0
 540.674146724408 -NAN 0 0
 542.827279194199 -NAN 0 0
 544.980571316736 -NAN 0 0
 547.134029049257 -NAN 0 0
 549.287658349 -NAN 0 0
 551.441465173203 -NAN 0 0
 553.595455479104 -NAN 0 0
 555.749635223941 -NAN 0 0
 557.904010364952 -NAN 0 0
 560.058586859375 -NAN 0 0
 562.213370664448 -NAN 0 0
 564.368367737409 -NAN 0 0
 566.523584035496 -NAN 0 0
 568.679025515947 -NAN 0 0
 570.834698136 -NAN 0 0
 572.990607852893 -NAN 0 0
 575.146760623864 -NAN 0 0
 577.303162406151 -NAN 0 0
 579.459819156992 -NAN 0 0
 581.616736833625 -NAN 0 0
 583.773921393288 -NAN 0 0
 585.931378793219 -NAN 0 0
 588.089114990656 -NAN 0 0
 590.247135942837 -NAN 0 0
 592.405447607 -NAN 0 0
 594.564055940383 -NAN 0 0
 596.722966900224 -NAN 0 0
 598.882186443761 -NAN 0 0
 601.041720528232 -NAN 0 0
 603.201575110875 -NAN 0 0
 605.361756148928 -NAN 0 0
 607.522269599629 -NAN 0 0
 609.683121420216 -NAN 0 0
 611.844317567927 -NAN 0 0
 614.005864 -NAN 0 0
 616.167766673673 -NAN 0 0
 618.330031546184 -NAN 0 0
 620.492664574771 -NAN 0 0
 622.655671716672 -NAN 0 0
 624.819058929125 -NAN 0 0
 626.982832169368 -NAN 0 0
 629.146997394639 -NAN 0 0
 631.311560562176 -NAN 0 0
 633.476527629217 -NAN 0 0
 635.641904553 -NAN 0 0
 637.807697290763 -NAN 0 0
 639.973911799744 -NAN 0 0
 642.140554037181 -NAN 0 0
 644.307629960312 -NAN 0 0
 646.475145526375 -NAN 0 0
 648.643106692608 -NAN 0 0
 650.811519416249 -NAN 0 0
 652.980389654536 -NAN 0 0
 655.149723364707 -NAN 0 0
 657.319526504 -NAN 0 0
 659.489805029653 -NAN 0 0
 661.660564898904 -NAN 0 0
 663.831812068991 -NAN 0 0
 666.003552497152 -NAN 0 0
 668.175792140625 -NAN 0 0
 670.348536956648 -NAN 0 0
 672.521792902459 -NAN 0 0
 674.695565935296 -NAN 0 0
 676.869862012397 -NAN 0 0
 679.044687091 -NAN 0 0
 681.220047128343 -NAN 0 0
 683.395948081664 -NAN 0 0
 685.572395908201 -NAN 0 0
 687.749396565192 -NAN 0 0
 689.926956009875 -NAN 0 0
 692.105080199488 -NAN 0 0
 694.283775091269 -NAN 0 0
 696.463046642456 -NAN 0 0
 698.642900810287 -NAN 0 0
 700.823343552 -NAN 0 0
 703.004380824833 -NAN 0 0
 705.186018586024 -NAN 0 0
 707.368262792811 -NAN 0 0
 709.551119402432 -NAN 0 0
 711.734594372125 -NAN 0 0
 713.918693659128 -NAN 0 0
 716.103423220679 -NAN 0 0
 718.288789014016 -NAN 0 0
 720.474796996377 -NAN 0 0
 722.661453125 -NAN 0 0
 724.848763357123 -NAN 0 0
 727.036733649984 -NAN 0 0
 729.225369960821 -NAN 0 0
 731.414678246872 -NAN 0 0
 733.604664465375 -NAN 0 0
 735.795334573568 -NAN 0 0
[END] of [DATA]
[END] of Spectrum


[Spectrum]
Version            = 1
IDData             = 12ad_2026-06-09_17-32-30_000_682
IDDevice           = SAM_82E6
IDDataType         = SPECTRUM
IDDataTypeSub1     = CALIBRATED
IDDataTypeSub2     = 
IDDataTypeSub3     = 
DateTime           = 2026-06-09 17:32:30
PositionLatitude   = 0
PositionLongitude  = 0
Comment            = 20260609_FrameA
CommentSub1        = UV
CommentSub2        = left
CommentSub3        = 33.5cm
IDMethodType       = SAM Control
MethodName         = SAM_82E6
Mission            = No Mission
MissionSub         = 1
RecordType         = 0
[Attributes]
CalFactor = 1
IDBasisSpec = 
IDDataBack = DLAB_2024-11-11_10-40-48_641_639
IDDataCal = DLAB_2024-11-12_11-45-27_171_455
IntegrationTime = 128
P31 = -1
P31e = 0
PathLength = +INF
PathLengthCustomOn = 0
RAWDynamic = 65535
Salinity = 0
Temperature = -NAN
Unit1 = $01 $01 Wavelength nm
Unit2 = $03 $06 Intensity mW/(m^2 nm)
Unit3 = $f0 $06 Error mW/(m^2 nm)
Unit4 = $f1 $00 Status 
p999 = 8096
[END] of [Attributes]
[DATA]
 0 6 0 0
 185.260577530984 -NAN 0 0
 187.468128380571 -NAN 0 0
 189.674861895872 -NAN 0 0
 191.880784034125 -NAN 0 0
 194.085900752568 -NAN 0 0
 196.290218008439 -NAN 0 0
 198.493741758976 -NAN 0 0
 200.696477961417 -NAN 0 0
 202.898432573 -NAN 0 0
 205.099611550963 -NAN 0 0
 207.300020852544 -NAN 0 0
 209.499666434981 -NAN 0 0
 211.698554255512 -NAN 0 0
 213.896690271375 -NAN 0 0
 216.094080439808 -NAN 0 0
 218.290730718049 -NAN 0 0
 220.486647063336 -NAN 0 0
 222.681835432907 -NAN 0 0
 224.876301784 -NAN 0 0
 227.070052073853 -NAN 0 0
 229.263092259704 -NAN 0 0
 231.455428298791 -NAN 0 0
 233.647066148352 -NAN 0 0
 235.838011765625 -NAN 0 0
 238.028271107848 -NAN 0 0
 240.217850132259 -NAN 0 0
 242.406754796096 -NAN 0 0
 244.594991056597 -NAN 0 0
 246.782564871 -NAN 0 0
 248.969482196543 -NAN 0 0
 251.155748990464 -NAN 0 0
 253.341371210001 -NAN 0 0
 255.526354812392 -NAN 0 0
 257.710705754875 -NAN 0 0
 259.894429994688 -NAN 0 0
 262.077533489069 -NAN 0 0
 264.260022195256 -NAN 0 0
 266.441902070487 -NAN 0 0
 268.623179072 -NAN 0 0
 270.803859157033 -NAN 0 0
 272.983948282824 -NAN 0 0
 275.163452406611 -NAN 0 0
 277.342377485632 -NAN 0 0
 279.520729477125 11.311654968198 0 0
 281.698514338328 5.29161444870676 0 0
 283.875738026479 8.07806517233049 0 0
 286.052406498816 24.9704138661132 0 0
 288.228525712577 21.7450979556653 0 0
 290.404101625 31.1095198643048 0 0
 292.579140193323 53.3595677717886 0 0
 294.753647374784 57.1494186472094 0 0
 296.927629126621 69.0988802162267 0 0
 299.101091406072 89.7100365467961 0 0
 301.274040170375 94.3417268554407 0 0
 303.446481376768 102.057646280956 0 0
 305.618420982489 116.523657848086 0 0
 307.789864944776 112.848093473844 0 0
 309.960819220867 119.753589679632 0 0
 312.131289768 132.69269354478 0 0
 314.301282543413 118.669849718017 0 0
 316.470803504344 109.244784317042 0 0
 318.639858608031 107.922700266629 0 0
 320.808453811712 88.9514741430296 0 0
 322.976595072625 85.6639686929911 0 0
 325.144288348008 86.5359438757902 0 0
 327.311539595099 67.2041760476077 0 0
 329.478354771136 63.788398762464 0 0
 331.644739833357 65.1768019994739 0 0
 333.810700739 47.5556052166577 0 0
 335.976243445303 45.8572573188222 0 0
 338.141373909504 46.6416323054723 0 0
 340.306098088841 30.1967524513292 0 0
 342.470421940552 30.5128813194704 0 0
 344.634351421875 32.151322610785 0 0
 346.797892490048 18.661166538923 0 0
 348.961051102309 20.1088901945531 0 0
 351.123833215896 21.7982158299755 0 0
 353.286244788047 10.5077095666308 0 0
 355.448291776 13.292024551733 0 0
 357.609980136993 15.4743184620295 0 0
 359.771315828264 6.33233242568437 0 0
 361.932304807051 16.0889465209922 0 0
 364.092953030592 25.8896002981138 0 0
 366.253266456125 15.4949115087495 0 0
 368.413251040888 13.1668034610626 0 0
 370.572912742119 10.5288719175657 0 0
 372.732257517056 -1.97924334328537 0 0
 374.891291322937 4.63427204203109 0 0
 377.050020117 7.08391816878063 0 0
 379.208449856483 -4.41854973058791 0 0
 381.366586498624 3.89961457655559 0 0
 383.524436000661 6.03429681922512 0 0
 385.682004319832 -5.43281272034143 0 0
 387.839297413375 3.72628821926218 0 0
 389.996321238528 5.31121194696311 0 0
 392.153081752529 -5.53240354336973 0 0
 394.309584912616 3.88618310309687 0 0
 396.465836676027 4.83328083242795 0 0
 398.621843 -4.32887185643317 0 0
 400.777609841773 9.98977441938649 0 0
 402.933143158584 19.2707364509509 0 0
 405.088448907671 13.1049321372903 0 0
 407.243533046272 16.8972310156031 0 0
 409.398401531625 9.94201139650355 0 0
 411.553060320968 0.0662667416886491 0 0
 413.707515371539 9.01917717240507 0 0
 415.861772640576 10.5330587777285 0 0
 418.015838085317 7.23651772761027 0 0
 420.169717663 19.9949887219612 0 0
 422.323417330863 26.0279296253913 0 0
 424.476943046144 30.0713172751049 0 0
 426.630300766081 50.509561632015 0 0
 428.783496447912 68.3138370496326 0 0
 430.936536048875 93.2244229593188 0 0
 433.089425526208 154.90214487964 0 0
 435.242170837149 213.94959831785 0 0
 437.394777938936 256.018985832504 0 0
 439.547252788807 304.98340527929 0 0
 441.699601344 379.247812517701 0 0
 443.851829561753 474.751338750282 0 0
 446.003943399304 585.844557458314 0 0
 448.155948813891 665.732431116109 0 0
 450.307851762752 701.605666050864 0 0
 452.459658203125 699.697938929029 0 0
 454.611374092248 645.398793733002 0 0
 456.763005387359 565.398341088883 0 0
 458.914558045696 492.563065102802 0 0
 461.066038024497 415.762634011528 0 0
 463.217451281 352.924431695636 0 0
 465.368803772443 315.049276523614 0 0
 467.520101456064 271.550486001128 0 0
 469.671350289101 232.050206756543 0 0
 471.822556228792 209.129978468787 0 0
 473.973725232375 175.569391397835 0 0
 476.124863257088 149.016082397271 0 0
 478.275976260169 142.051503430286 0 0
 480.427070198856 125.434728720848 0 0
 482.578151030387 115.783996171902 0 0
 484.729224712 121.970516295554 0 0
 486.880297200933 114.277941170759 0 0
 489.031374454424 111.832481958943 0 0
 491.182462429711 122.690714584623 0 0
 493.333567084032 118.70028713931 0 0
 495.484694374625 120.566879531081 0 0
 497.635850258728 134.389620996019 0 0
 499.787040693579 132.863780883144 0 0
 501.938271636416 136.545469564192 0 0
 504.089549044477 -NAN 0 0
 506.240878875 -NAN 0 0
 508.392267085223 -NAN 0 0
 510.543719632384 -NAN 0 0
 512.695242473721 -NAN 0 0
 514.846841566472 -NAN 0 0
 516.998522867875 -NAN 0 0
 519.150292335168 -NAN 0 0
 521.302155925589 -NAN 0 0
 523.454119596376 -NAN 0 0
 525.606189304767 -NAN 0 0
 527.758371008 -NAN 0 0
 529.910670663313 -NAN 0 0
 532.063094227944 -NAN 0 0
 534.215647659131 -NAN 0 0
 536.368336914112 -NAN 0 0
 538.521167950125 -NAN 0 0
 540.674146724408 -NAN 0 0
 542.827279194199 -NAN 0 0
 544.980571316736 -NAN 0 0
 547.134029049257 -NAN 0 0
 549.287658349 -NAN 0 0
 551.441465173203 -NAN 0 0
 553.595455479104 -NAN 0 0
 555.749635223941 -NAN 0 0
 557.904010364952 -NAN 0 0
 560.058586859375 -NAN 0 0
 562.213370664448 -NAN 0 0
 564.368367737409 -NAN 0 0
 566.523584035496 -NAN 0 0
 568.679025515947 -NAN 0 0
 570.834698136 -NAN 0 0
 572.990607852893 -NAN 0 0
 575.146760623864 -NAN 0 0
 577.303162406151 -NAN 0 0
 579.459819156992 -NAN 0 0
 581.616736833625 -NAN 0 0
 583.773921393288 -NAN 0 0
 585.931378793219 -NAN 0 0
 588.089114990656 -NAN 0 0
 590.247135942837 -NAN 0 0
 592.405447607 -NAN 0 0
 594.564055940383 -NAN 0 0
 596.722966900224 -NAN 0 0
 598.882186443761 -NAN 0 0
 601.041720528232 -NAN 0 0
 603.201575110875 -NAN 0 0
 605.361756148928 -NAN 0 0
 607.522269599629 -NAN 0 0
 609.683121420216 -NAN 0 0
 611.844317567927 -NAN 0 0
 614.005864 -NAN 0 0
 616.167766673673 -NAN 0 0
 618.330031546184 -NAN 0 0
 620.492664574771 -NAN 0 0
 622.655671716672 -NAN 0 0
 624.819058929125 -NAN 0 0
 626.982832169368 -NAN 0 0
 629.146997394639 -NAN 0 0
 631.311560562176 -NAN 0 0
 633.476527629217 -NAN 0 0
 635.641904553 -NAN 0 0
 637.807697290763 -NAN 0 0
 639.973911799744 -NAN 0 0
 642.140554037181 -NAN 0 0
 644.307629960312 -NAN 0 0
 646.475145526375 -NAN 0 0
 648.643106692608 -NAN 0 0
 650.811519416249 -NAN 0 0
 652.980389654536 -NAN 0 0
 655.149723364707 -NAN 0 0
 657.319526504 -NAN 0 0
 659.489805029653 -NAN 0 0
 661.660564898904 -NAN 0 0
 663.831812068991 -NAN 0 0
 666.003552497152 -NAN 0 0
 668.175792140625 -NAN 0 0
 670.348536956648 -NAN 0 0
 672.521792902459 -NAN 0 0
 674.695565935296 -NAN 0 0
 676.869862012397 -NAN 0 0
 679.044687091 -NAN 0 0
 681.220047128343 -NAN 0 0
 683.395948081664 -NAN 0 0
 685.572395908201 -NAN 0 0
 687.749396565192 -NAN 0 0
 689.926956009875 -NAN 0 0
 692.105080199488 -NAN 0 0
 694.283775091269 -NAN 0 0
 696.463046642456 -NAN 0 0
 698.642900810287 -NAN 0 0
 700.823343552 -NAN 0 0
 703.004380824833 -NAN 0 0
 705.186018586024 -NAN 0 0
 707.368262792811 -NAN 0 0
 709.551119402432 -NAN 0 0
 711.734594372125 -NAN 0 0
 713.918693659128 -NAN 0 0
 716.103423220679 -NAN 0 0
 718.288789014016 -NAN 0 0
 720.474796996377 -NAN 0 0
 722.661453125 -NAN 0 0
 724.848763357123 -NAN 0 0
 727.036733649984 -NAN 0 0
 729.225369960821 -NAN 0 0
 731.414678246872 -NAN 0 0
 733.604664465375 -NAN 0 0
 735.795334573568 -NAN 0 0
[END] of [DATA]
[END] of Spectrum


[Spectrum]
Version            = 1
IDData             = 12ad_2026-06-09_17-32-25_000_679
IDDevice           = SAM_82E6
IDDataType         = SPECTRUM
IDDataTypeSub1     = CALIBRATED
IDDataTypeSub2     = 
IDDataTypeSub3     = 
DateTime           = 2026-06-09 17:32:25
PositionLatitude   = 0
PositionLongitude  = 0
Comment            = 20260609_FrameA
CommentSub1        = UV
CommentSub2        = left
CommentSub3        = 33.5cm
IDMethodType       = SAM Control
MethodName         = SAM_82E6
Mission            = No Mission
MissionSub         = 1
RecordType         = 0
[Attributes]
CalFactor = 1
IDBasisSpec = 
IDDataBack = DLAB_2024-11-11_10-40-48_641_639
IDDataCal = DLAB_2024-11-12_11-45-27_171_455
IntegrationTime = 128
P31 = -1
P31e = 0
PathLength = +INF
PathLengthCustomOn = 0
RAWDynamic = 65535
Salinity = 0
Temperature = -NAN
Unit1 = $01 $01 Wavelength nm
Unit2 = $03 $06 Intensity mW/(m^2 nm)
Unit3 = $f0 $06 Error mW/(m^2 nm)
Unit4 = $f1 $00 Status 
p999 = 8095
[END] of [Attributes]
[DATA]
 0 6 0 0
 185.260577530984 -NAN 0 0
 187.468128380571 -NAN 0 0
 189.674861895872 -NAN 0 0
 191.880784034125 -NAN 0 0
 194.085900752568 -NAN 0 0
 196.290218008439 -NAN 0 0
 198.493741758976 -NAN 0 0
 200.696477961417 -NAN 0 0
 202.898432573 -NAN 0 0
 205.099611550963 -NAN 0 0
 207.300020852544 -NAN 0 0
 209.499666434981 -NAN 0 0
 211.698554255512 -NAN 0 0
 213.896690271375 -NAN 0 0
 216.094080439808 -NAN 0 0
 218.290730718049 -NAN 0 0
 220.486647063336 -NAN 0 0
 222.681835432907 -NAN 0 0
 224.876301784 -NAN 0 0
 227.070052073853 -NAN 0 0
 229.263092259704 -NAN 0 0
 231.455428298791 -NAN 0 0
 233.647066148352 -NAN 0 0
 235.838011765625 -NAN 0 0
 238.028271107848 -NAN 0 0
 240.217850132259 -NAN 0 0
 242.406754796096 -NAN 0 0
 244.594991056597 -NAN 0 0
 246.782564871 -NAN 0 0
 248.969482196543 -NAN 0 0
 251.155748990464 -NAN 0 0
 253.341371210001 -NAN 0 0
 255.526354812392 -NAN 0 0
 257.710705754875 -NAN 0 0
 259.894429994688 -NAN 0 0
 262.077533489069 -NAN 0 0
 264.260022195256 -NAN 0 0
 266.441902070487 -NAN 0 0
 268.623179072 -NAN 0 0
 270.803859157033 -NAN 0 0
 272.983948282824 -NAN 0 0
 275.163452406611 -NAN 0 0
 277.342377485632 -NAN 0 0
 279.520729477125 9.36023886367317 0 0
 281.698514338328 1.66608098014967 0 0
 283.875738026479 13.7704103468542 0 0
 286.052406498816 22.5385266747734 0 0
 288.228525712577 17.5401218785161 0 0
 290.404101625 36.6569543457993 0 0
 292.579140193323 50.1105229733543 0 0
 294.753647374784 52.6886819703265 0 0
 296.927629126621 73.3712425152262 0 0
 299.101091406072 86.2552288938235 0 0
 301.274040170375 90.1215286148638 0 0
 303.446481376768 104.651592703799 0 0
 305.618420982489 112.45747074114 0 0
 307.789864944776 108.556451724771 0 0
 309.960819220867 122.261898954577 0 0
 312.131289768 128.276081755136 0 0
 314.301282543413 114.545388565838 0 0
 316.470803504344 112.410362259292 0 0
 318.639858608031 103.707040484448 0 0
 320.808453811712 85.6197224197245 0 0
 322.976595072625 90.4718418334734 0 0
 325.144288348008 82.4026406966492 0 0
 327.311539595099 64.5903107895963 0 0
 329.478354771136 69.7039408648702 0 0
 331.644739833357 61.6577411989672 0 0
 333.810700739 45.9554917312163 0 0
 335.976243445303 51.9262974155538 0 0
 338.141373909504 43.455036261828 0 0
 340.306098088841 29.4868919222992 0 0
 342.470421940552 36.1212512660163 0 0
 344.634351421875 29.5695767884194 0 0
 346.797892490048 18.4860096814738 0 0
 348.961051102309 25.2497058680664 0 0
 351.123833215896 19.7015535617969 0 0
 353.286244788047 10.8991703469311 0 0
 355.448291776 18.1701866836548 0 0
 357.609980136993 13.3144665244746 0 0
 359.771315828264 7.10568992695817 0 0
 361.932304807051 20.9302435419305 0 0
 364.092953030592 23.3685035029948 0 0
 366.253266456125 16.7760110900283 0 0
 368.413251040888 18.4245501805987 0 0
 370.572912742119 7.81467084016778 0 0
 372.732257517056 -0.0316118221337305 0 0
 374.891291322937 10.5378283473988 0 0
 377.050020117 4.07812928070799 0 0
 379.208449856483 -1.82538105950682 0 0
 381.366586498624 9.97807015310337 0 0
 383.524436000661 2.55369969882497 0 0
 385.682004319832 -2.51556032077385 0 0
 387.839297413375 9.51419559121067 0 0
 389.996321238528 1.77009167055857 0 0
 392.153081752529 -2.68638402344267 0 0
 394.309584912616 8.94118460546819 0 0
 396.465836676027 1.25546075024096 0 0
 398.621843 -1.29702131599978 0 0
 400.777609841773 14.5064195748557 0 0
 402.933143158584 15.2317988267409 0 0
 405.088448907671 15.4918094755037 0 0
 407.243533046272 20.5527194919224 0 0
 409.398401531625 6.5996216094462 0 0
 411.553060320968 2.62623384444334 0 0
 413.707515371539 12.3591620993903 0 0
 415.861772640576 7.33549311951179 0 0
 418.015838085317 9.81881582709287 0 0
 420.169717663 22.7015611852188 0 0
 422.323417330863 23.0605664143983 0 0
 424.476943046144 32.2593526771094 0 0
 426.630300766081 52.7460853019789 0 0
 428.783496447912 65.5362558481779 0 0
 430.936536048875 95.1073060616347 0 0
 433.089425526208 155.979733885603 0 0
 435.242170837149 209.9063691498 0 0
 437.394777938936 256.823884091717 0 0
 439.547252788807 306.176397650977 0 0
 441.699601344 376.14002080367 0 0
 443.851829561753 476.935175129708 0 0
 446.003943399304 586.906309779596 0 0
 448.155948813891 662.525470655767 0 0
 450.307851762752 704.023427671081 0 0
 452.459658203125 700.730774350529 0 0
 454.611374092248 642.162695443242 0 0
 456.763005387359 568.36712656184 0 0
 458.914558045696 493.136932950114 0 0
 461.066038024497 412.277019632814 0 0
 463.217451281 355.783819986417 0 0
 465.368803772443 315.656213939739 0 0
 467.520101456064 267.886522660731 0 0
 469.671350289101 235.205691319416 0 0
 471.822556228792 209.187911529263 0 0
 473.973725232375 171.881830470255 0 0
 476.124863257088 152.38285959157 0 0
 478.275976260169 141.750355777261 0 0
 480.427070198856 121.644279720278 0 0
 482.578151030387 119.459469525947 0 0
 484.729224712 121.607296506355 0 0
 486.880297200933 110.712949570422 0 0
 489.031374454424 115.436556113188 0 0
 491.182462429711 122.006078624617 0 0
 493.333567084032 115.352499233594 0 0
 495.484694374625 124.41090443527 0 0
 497.635850258728 133.420854078023 0 0
 499.787040693579 129.712073727011 0 0
 501.938271636416 140.283206592045 0 0
 504.089549044477 -NAN 0 0
 506.240878875 -NAN 0 0
 508.392267085223 -NAN 0 0
 510.543719632384 -NAN 0 0
 512.695242473721 -NAN 0 0
 514.846841566472 -NAN 0 0
 516.998522867875 -NAN 0 0
 519.150292335168 -NAN 0 0
 521.302155925589 -NAN 0 0
 523.454119596376 -NAN 0 0
 525.606189304767 -NAN 0 0
 527.758371008 -NAN 0 0
 529.910670663313 -NAN 0 0
 532.063094227944 -NAN 0 0
 534.215647659131 -NAN 0 0
 536.368336914112 -NAN 0 0
 538.521167950125 -NAN 0 0
 540.674146724408 -NAN 0 0
 542.827279194199 -NAN 0 0
 544.980571316736 -NAN 0 0
 547.134029049257 -NAN 0 0
 549.287658349 -NAN 0 0
 551.441465173203 -NAN 0 0
 553.595455479104 -NAN 0 0
 555.749635223941 -NAN 0 0
 557.904010364952 -NAN 0 0
 560.058586859375 -NAN 0 0
 562.213370664448 -NAN 0 0
 564.368367737409 -NAN 0 0
 566.523584035496 -NAN 0 0
 568.679025515947 -NAN 0 0
 570.834698136 -NAN 0 0
 572.990607852893 -NAN 0 0
 575.146760623864 -NAN 0 0
 577.303162406151 -NAN 0 0
 579.459819156992 -NAN 0 0
 581.616736833625 -NAN 0 0
 583.773921393288 -NAN 0 0
 585.931378793219 -NAN 0 0
 588.089114990656 -NAN 0 0
 590.247135942837 -NAN 0 0
 592.405447607 -NAN 0 0
 594.564055940383 -NAN 0 0
 596.722966900224 -NAN 0 0
 598.882186443761 -NAN 0 0
 601.041720528232 -NAN 0 0
 603.201575110875 -NAN 0 0
 605.361756148928 -NAN 0 0
 607.522269599629 -NAN 0 0
 609.683121420216 -NAN 0 0
 611.844317567927 -NAN 0 0
 614.005864 -NAN 0 0
 616.167766673673 -NAN 0 0
 618.330031546184 -NAN 0 0
 620.492664574771 -NAN 0 0
 622.655671716672 -NAN 0 0
 624.819058929125 -NAN 0 0
 626.982832169368 -NAN 0 0
 629.146997394639 -NAN 0 0
 631.311560562176 -NAN 0 0
 633.476527629217 -NAN 0 0
 635.641904553 -NAN 0 0
 637.807697290763 -NAN 0 0
 639.973911799744 -NAN 0 0
 642.140554037181 -NAN 0 0
 644.307629960312 -NAN 0 0
 646.475145526375 -NAN 0 0
 648.643106692608 -NAN 0 0
 650.811519416249 -NAN 0 0
 652.980389654536 -NAN 0 0
 655.149723364707 -NAN 0 0
 657.319526504 -NAN 0 0
 659.489805029653 -NAN 0 0
 661.660564898904 -NAN 0 0
 663.831812068991 -NAN 0 0
 666.003552497152 -NAN 0 0
 668.175792140625 -NAN 0 0
 670.348536956648 -NAN 0 0
 672.521792902459 -NAN 0 0
 674.695565935296 -NAN 0 0
 676.869862012397 -NAN 0 0
 679.044687091 -NAN 0 0
 681.220047128343 -NAN 0 0
 683.395948081664 -NAN 0 0
 685.572395908201 -NAN 0 0
 687.749396565192 -NAN 0 0
 689.926956009875 -NAN 0 0
 692.105080199488 -NAN 0 0
 694.283775091269 -NAN 0 0
 696.463046642456 -NAN 0 0
 698.642900810287 -NAN 0 0
 700.823343552 -NAN 0 0
 703.004380824833 -NAN 0 0
 705.186018586024 -NAN 0 0
 707.368262792811 -NAN 0 0
 709.551119402432 -NAN 0 0
 711.734594372125 -NAN 0 0
 713.918693659128 -NAN 0 0
 716.103423220679 -NAN 0 0
 718.288789014016 -NAN 0 0
 720.474796996377 -NAN 0 0
 722.661453125 -NAN 0 0
 724.848763357123 -NAN 0 0
 727.036733649984 -NAN 0 0
 729.225369960821 -NAN 0 0
 731.414678246872 -NAN 0 0
 733.604664465375 -NAN 0 0
 735.795334573568 -NAN 0 0
[END] of [DATA]
[END] of Spectrum


[Spectrum]
Version            = 1
IDData             = 12ad_2026-06-09_17-32-20_000_676
IDDevice           = SAM_82E6
IDDataType         = SPECTRUM
IDDataTypeSub1     = CALIBRATED
IDDataTypeSub2     = 
IDDataTypeSub3     = 
DateTime           = 2026-06-09 17:32:20
PositionLatitude   = 0
PositionLongitude  = 0
Comment            = 20260609_FrameA
CommentSub1        = UV
CommentSub2        = left
CommentSub3        = 33.5cm
IDMethodType       = SAM Control
MethodName         = SAM_82E6
Mission            = No Mission
MissionSub         = 1
RecordType         = 0
[Attributes]
CalFactor = 1
IDBasisSpec = 
IDDataBack = DLAB_2024-11-11_10-40-48_641_639
IDDataCal = DLAB_2024-11-12_11-45-27_171_455
IntegrationTime = 128
P31 = -1
P31e = 0
PathLength = +INF
PathLengthCustomOn = 0
RAWDynamic = 65535
Salinity = 0
Temperature = -NAN
Unit1 = $01 $01 Wavelength nm
Unit2 = $03 $06 Intensity mW/(m^2 nm)
Unit3 = $f0 $06 Error mW/(m^2 nm)
Unit4 = $f1 $00 Status 
p999 = 8094
[END] of [Attributes]
[DATA]
 0 6 0 0
 185.260577530984 -NAN 0 0
 187.468128380571 -NAN 0 0
 189.674861895872 -NAN 0 0
 191.880784034125 -NAN 0 0
 194.085900752568 -NAN 0 0
 196.290218008439 -NAN 0 0
 198.493741758976 -NAN 0 0
 200.696477961417 -NAN 0 0
 202.898432573 -NAN 0 0
 205.099611550963 -NAN 0 0
 207.300020852544 -NAN 0 0
 209.499666434981 -NAN 0 0
 211.698554255512 -NAN 0 0
 213.896690271375 -NAN 0 0
 216.094080439808 -NAN 0 0
 218.290730718049 -NAN 0 0
 220.486647063336 -NAN 0 0
 222.681835432907 -NAN 0 0
 224.876301784 -NAN 0 0
 227.070052073853 -NAN 0 0
 229.263092259704 -NAN 0 0
 231.455428298791 -NAN 0 0
 233.647066148352 -NAN 0 0
 235.838011765625 -NAN 0 0
 238.028271107848 -NAN 0 0
 240.217850132259 -NAN 0 0
 242.406754796096 -NAN 0 0
 244.594991056597 -NAN 0 0
 246.782564871 -NAN 0 0
 248.969482196543 -NAN 0 0
 251.155748990464 -NAN 0 0
 253.341371210001 -NAN 0 0
 255.526354812392 -NAN 0 0
 257.710705754875 -NAN 0 0
 259.894429994688 -NAN 0 0
 262.077533489069 -NAN 0 0
 264.260022195256 -NAN 0 0
 266.441902070487 -NAN 0 0
 268.623179072 -NAN 0 0
 270.803859157033 -NAN 0 0
 272.983948282824 -NAN 0 0
 275.163452406611 -NAN 0 0
 277.342377485632 -NAN 0 0
 279.520729477125 -0.314650553080767 0 0
 281.698514338328 12.6185129549433 0 0
 283.875738026479 14.7970377201806 0 0
 286.052406498816 11.258925725807 0 0
 288.228525712577 30.2123581314582 0 0
 290.404101625 36.6933071274605 0 0
 292.579140193323 39.2103653046808 0 0
 294.753647374784 64.2039251929765 0 0
 296.927629126621 71.7575211238359 0 0
 299.101091406072 76.3746458476709 0 0
 301.274040170375 99.194316638804 0 0
 303.446481376768 102.024880641931 0 0
 305.618420982489 103.289460932436 0 0
 307.789864944776 116.741034756564 0 0
 309.960819220867 118.69017894006 0 0
 312.131289768 118.703567998575 0 0
 314.301282543413 123.448968786371 0 0
 316.470803504344 108.174523306848 0 0
 318.639858608031 93.9442568143319 0 0
 320.808453811712 96.7464154501308 0 0
 322.976595072625 85.4445980554026 0 0
 325.144288348008 72.8237141882313 0 0
 327.311539595099 77.6625690653606 0 0
 329.478354771136 63.931192838861 0 0
 331.644739833357 52.4211318870775 0 0
 333.810700739 59.5009482578344 0 0
 335.976243445303 45.8136474498636 0 0
 338.141373909504 35.6535637971103 0 0
 340.306098088841 42.1517267146096 0 0
 342.470421940552 30.2143269538826 0 0
 344.634351421875 23.0366154892527 0 0
 346.797892490048 29.8446298924744 0 0
 348.961051102309 19.4080275852957 0 0
 351.123833215896 14.3697850709616 0 0
 353.286244788047 21.073879374738 0 0
 355.448291776 12.3110137768019 0 0
 357.609980136993 8.8502014140799 0 0
 359.771315828264 17.2389319568615 0 0
 361.932304807051 14.4748148310898 0 0
 364.092953030592 18.946140696689 0 0
 366.253266456125 27.3576367107825 0 0
 368.413251040888 10.8173653373686 0 0
 370.572912742119 3.82186879248244 0 0
 372.732257517056 11.9294286450058 0 0
 374.891291322937 1.68988845998706 0 0
 377.050020117 0.338480967002179 0 0
 379.208449856483 10.5275060746717 0 0
 381.366586498624 -0.136672130401031 0 0
 383.524436000661 -0.352719701427497 0 0
 385.682004319832 9.75795062796758 0 0
 387.839297413375 -0.957878677105436 0 0
 389.996321238528 -0.748444091279332 0 0
 392.153081752529 9.08761676962466 0 0
 394.309584912616 -1.6283639903991 0 0
 396.465836676027 -0.523380378801345 0 0
 398.621843 9.45974556859256 0 0
 400.777609841773 3.72395341188562 0 0
 402.933143158584 13.9175916361837 0 0
 405.088448907671 24.8538229569884 0 0
 407.243533046272 10.2539123417072 0 0
 409.398401531625 5.90639369680661 0 0
 411.553060320968 10.9326156845319 0 0
 413.707515371539 3.1643925433296 0 0
 415.861772640576 7.65494350285742 0 0
 418.015838085317 16.938566544471 0 0
 420.169717663 14.2961447797509 0 0
 422.323417330863 23.7426662577151 0 0
 424.476943046144 38.5127844852726 0 0
 426.630300766081 44.8435865761901 0 0
 428.783496447912 66.5132563375515 0 0
 430.936536048875 100.319225371109 0 0
 433.089425526208 147.780827902595 0 0
 435.242170837149 210.098979987812 0 0
 437.394777938936 261.016229046605 0 0
 439.547252788807 298.34955888432 0 0
 441.699601344 377.965571027649 0 0
 443.851829561753 481.958249914276 0 0
 446.003943399304 579.196841474139 0 0
 448.155948813891 665.232303219421 0 0
 450.307851762752 709.500140211019 0 0
 452.459658203125 692.100345989882 0 0
 454.611374092248 645.558554095235 0 0
 456.763005387359 573.417283500876 0 0
 458.914558045696 484.08978158336 0 0
 461.066038024497 416.630726221603 0 0
 463.217451281 360.988467543665 0 0
 465.368803772443 305.878716051803 0 0
 467.520101456064 272.675058204407 0 0
 469.671350289101 240.142969223794 0 0
 471.822556228792 199.259496655576 0 0
 473.973725232375 177.399408197369 0 0
 476.124863257088 157.133547174843 0 0
 478.275976260169 131.716916075561 0 0
 480.427070198856 127.987684674215 0 0
 482.578151030387 123.485413160336 0 0
 484.729224712 111.355557656115 0 0
 486.880297200933 117.506232905485 0 0
 489.031374454424 119.250989143869 0 0
 491.182462429711 112.203387236414 0 0
 493.333567084032 122.735000598011 0 0
 495.484694374625 127.586403269166 0 0
 497.635850258728 124.067809937685 0 0
 499.787040693579 137.312482395008 0 0
 501.938271636416 143.080321056597 0 0
 504.089549044477 -NAN 0 0
 506.240878875 -NAN 0 0
 508.392267085223 -NAN 0 0
 510.543719632384 -NAN 0 0
 512.695242473721 -NAN 0 0
 514.846841566472 -NAN 0 0
 516.998522867875 -NAN 0 0
 519.150292335168 -NAN 0 0
 521.302155925589 -NAN 0 0
 523.454119596376 -NAN 0 0
 525.606189304767 -NAN 0 0
 527.758371008 -NAN 0 0
 529.910670663313 -NAN 0 0
 532.063094227944 -NAN 0 0
 534.215647659131 -NAN 0 0
 536.368336914112 -NAN 0 0
 538.521167950125 -NAN 0 0
 540.674146724408 -NAN 0 0
 542.827279194199 -NAN 0 0
 544.980571316736 -NAN 0 0
 547.134029049257 -NAN 0 0
 549.287658349 -NAN 0 0
 551.441465173203 -NAN 0 0
 553.595455479104 -NAN 0 0
 555.749635223941 -NAN 0 0
 557.904010364952 -NAN 0 0
 560.058586859375 -NAN 0 0
 562.213370664448 -NAN 0 0
 564.368367737409 -NAN 0 0
 566.523584035496 -NAN 0 0
 568.679025515947 -NAN 0 0
 570.834698136 -NAN 0 0
 572.990607852893 -NAN 0 0
 575.146760623864 -NAN 0 0
 577.303162406151 -NAN 0 0
 579.459819156992 -NAN 0 0
 581.616736833625 -NAN 0 0
 583.773921393288 -NAN 0 0
 585.931378793219 -NAN 0 0
 588.089114990656 -NAN 0 0
 590.247135942837 -NAN 0 0
 592.405447607 -NAN 0 0
 594.564055940383 -NAN 0 0
 596.722966900224 -NAN 0 0
 598.882186443761 -NAN 0 0
 601.041720528232 -NAN 0 0
 603.201575110875 -NAN 0 0
 605.361756148928 -NAN 0 0
 607.522269599629 -NAN 0 0
 609.683121420216 -NAN 0 0
 611.844317567927 -NAN 0 0
 614.005864 -NAN 0 0
 616.167766673673 -NAN 0 0
 618.330031546184 -NAN 0 0
 620.492664574771 -NAN 0 0
 622.655671716672 -NAN 0 0
 624.819058929125 -NAN 0 0
 626.982832169368 -NAN 0 0
 629.146997394639 -NAN 0 0
 631.311560562176 -NAN 0 0
 633.476527629217 -NAN 0 0
 635.641904553 -NAN 0 0
 637.807697290763 -NAN 0 0
 639.973911799744 -NAN 0 0
 642.140554037181 -NAN 0 0
 644.307629960312 -NAN 0 0
 646.475145526375 -NAN 0 0
 648.643106692608 -NAN 0 0
 650.811519416249 -NAN 0 0
 652.980389654536 -NAN 0 0
 655.149723364707 -NAN 0 0
 657.319526504 -NAN 0 0
 659.489805029653 -NAN 0 0
 661.660564898904 -NAN 0 0
 663.831812068991 -NAN 0 0
 666.003552497152 -NAN 0 0
 668.175792140625 -NAN 0 0
 670.348536956648 -NAN 0 0
 672.521792902459 -NAN 0 0
 674.695565935296 -NAN 0 0
 676.869862012397 -NAN 0 0
 679.044687091 -NAN 0 0
 681.220047128343 -NAN 0 0
 683.395948081664 -NAN 0 0
 685.572395908201 -NAN 0 0
 687.749396565192 -NAN 0 0
 689.926956009875 -NAN 0 0
 692.105080199488 -NAN 0 0
 694.283775091269 -NAN 0 0
 696.463046642456 -NAN 0 0
 698.642900810287 -NAN 0 0
 700.823343552 -NAN 0 0
 703.004380824833 -NAN 0 0
 705.186018586024 -NAN 0 0
 707.368262792811 -NAN 0 0
 709.551119402432 -NAN 0 0
 711.734594372125 -NAN 0 0
 713.918693659128 -NAN 0 0
 716.103423220679 -NAN 0 0
 718.288789014016 -NAN 0 0
 720.474796996377 -NAN 0 0
 722.661453125 -NAN 0 0
 724.848763357123 -NAN 0 0
 727.036733649984 -NAN 0 0
 729.225369960821 -NAN 0 0
 731.414678246872 -NAN 0 0
 733.604664465375 -NAN 0 0
 735.795334573568 -NAN 0 0
[END] of [DATA]
[END] of Spectrum


