[Spectrum]
Version            = 1
IDData             = 12ad_2026-06-09_09-41-50_000_127
IDDevice           = SAM_82E6
IDDataType         = SPECTRUM
IDDataTypeSub1     = CALIBRATED
IDDataTypeSub2     = 
IDDataTypeSub3     = 
DateTime           = 2026-06-09 09:41:50
PositionLatitude   = 0
PositionLongitude  = 0
Comment            = 20260609_FrameF
CommentSub1        = UV
CommentSub2        = right
CommentSub3        = 22.5cm
IDMethodType       = SAM Control
MethodName         = SAM_82E6
Mission            = No Mission
MissionSub         = 1
RecordType         = 0
[Attributes]
CalFactor = 1
IDBasisSpec = 
IDDataBack = DLAB_2024-11-11_10-40-48_641_639
IDDataCal = DLAB_2024-11-12_11-45-27_171_455
IntegrationTime = 128
P31 = -1
P31e = 0
PathLength = +INF
PathLengthCustomOn = 0
RAWDynamic = 65535
Salinity = 0
Temperature = -NAN
Unit1 = $01 $01 Wavelength nm
Unit2 = $03 $06 Intensity mW/(m^2 nm)
Unit3 = $f0 $06 Error mW/(m^2 nm)
Unit4 = $f1 $00 Status 
p999 = 7511
[END] of [Attributes]
[DATA]
 0 6 0 0
 185.260577530984 -NAN 0 0
 187.468128380571 -NAN 0 0
 189.674861895872 -NAN 0 0
 191.880784034125 -NAN 0 0
 194.085900752568 -NAN 0 0
 196.290218008439 -NAN 0 0
 198.493741758976 -NAN 0 0
 200.696477961417 -NAN 0 0
 202.898432573 -NAN 0 0
 205.099611550963 -NAN 0 0
 207.300020852544 -NAN 0 0
 209.499666434981 -NAN 0 0
 211.698554255512 -NAN 0 0
 213.896690271375 -NAN 0 0
 216.094080439808 -NAN 0 0
 218.290730718049 -NAN 0 0
 220.486647063336 -NAN 0 0
 222.681835432907 -NAN 0 0
 224.876301784 -NAN 0 0
 227.070052073853 -NAN 0 0
 229.263092259704 -NAN 0 0
 231.455428298791 -NAN 0 0
 233.647066148352 -NAN 0 0
 235.838011765625 -NAN 0 0
 238.028271107848 -NAN 0 0
 240.217850132259 -NAN 0 0
 242.406754796096 -NAN 0 0
 244.594991056597 -NAN 0 0
 246.782564871 -NAN 0 0
 248.969482196543 -NAN 0 0
 251.155748990464 -NAN 0 0
 253.341371210001 -NAN 0 0
 255.526354812392 -NAN 0 0
 257.710705754875 -NAN 0 0
 259.894429994688 -NAN 0 0
 262.077533489069 -NAN 0 0
 264.260022195256 -NAN 0 0
 266.441902070487 -NAN 0 0
 268.623179072 -NAN 0 0
 270.803859157033 -NAN 0 0
 272.983948282824 -NAN 0 0
 275.163452406611 -NAN 0 0
 277.342377485632 -NAN 0 0
 279.520729477125 4.40884739488521 0 0
 281.698514338328 6.32841504032803 0 0
 283.875738026479 7.29150197158385 0 0
 286.052406498816 13.3684971222349 0 0
 288.228525712577 18.0329708633676 0 0
 290.404101625 23.0232071115942 0 0
 292.579140193323 32.7841634669099 0 0
 294.753647374784 42.0234287680337 0 0
 296.927629126621 48.2576240087742 0 0
 299.101091406072 57.5775844091274 0 0
 301.274040170375 66.6893913395794 0 0
 303.446481376768 69.4831401498874 0 0
 305.618420982489 75.3122439032922 0 0
 307.789864944776 78.3514174669125 0 0
 309.960819220867 80.635420431388 0 0
 312.131289768 85.5412836539629 0 0
 314.301282543413 82.3985453143217 0 0
 316.470803504344 72.8498011747381 0 0
 318.639858608031 68.3505578926078 0 0
 320.808453811712 63.1240755464303 0 0
 322.976595072625 57.2400026828803 0 0
 325.144288348008 53.9242828511253 0 0
 327.311539595099 49.0771744125482 0 0
 329.478354771136 42.5314180771516 0 0
 331.644739833357 39.7291216881946 0 0
 333.810700739 36.6064475369075 0 0
 335.976243445303 30.4469832911689 0 0
 338.141373909504 27.8099591678667 0 0
 340.306098088841 24.8232575480223 0 0
 342.470421940552 19.8840840147509 0 0
 344.634351421875 18.5710629246057 0 0
 346.797892490048 17.0098601655913 0 0
 348.961051102309 12.948757498328 0 0
 351.123833215896 12.2081967955463 0 0
 353.286244788047 11.3135299472491 0 0
 355.448291776 8.25896598166426 0 0
 357.609980136993 8.30515201585708 0 0
 359.771315828264 8.61798568049219 0 0
 361.932304807051 10.1408163412637 0 0
 364.092953030592 15.6076349988982 0 0
 366.253266456125 15.8113909859843 0 0
 368.413251040888 7.82177111463998 0 0
 370.572912742119 4.87815898502833 0 0
 372.732257517056 4.22108660985176 0 0
 374.891291322937 1.68316612304175 0 0
 377.050020117 2.46694918834045 0 0
 379.208449856483 3.26579412958817 0 0
 381.366586498624 0.975567939057954 0 0
 383.524436000661 1.66116601503106 0 0
 385.682004319832 2.78698328994675 0 0
 387.839297413375 0.412233055740144 0 0
 389.996321238528 1.4189294059409 0 0
 392.153081752529 2.76143296106909 0 0
 394.309584912616 0.328454772995244 0 0
 396.465836676027 1.42730351591449 0 0
 398.621843 3.29122339683115 0 0
 400.777609841773 4.53676746952116 0 0
 402.933143158584 11.6985204783577 0 0
 405.088448907671 14.9414641087927 0 0
 407.243533046272 9.7775227157715 0 0
 409.398401531625 6.06566424202463 0 0
 411.553060320968 6.24173240662768 0 0
 413.707515371539 5.69828393442766 0 0
 415.861772640576 8.49490409548825 0 0
 418.015838085317 13.2887481800329 0 0
 420.169717663 16.8456773866992 0 0
 422.323417330863 24.7269042866622 0 0
 424.476943046144 35.4726135920208 0 0
 426.630300766081 47.4495552985447 0 0
 428.783496447912 66.6607758247304 0 0
 430.936536048875 95.5242596063926 0 0
 433.089425526208 141.772722708569 0 0
 435.242170837149 196.241389447229 0 0
 437.394777938936 245.89101578038 0 0
 439.547252788807 296.685840031059 0 0
 441.699601344 378.035436749863 0 0
 443.851829561753 478.518854098613 0 0
 446.003943399304 569.290290202484 0 0
 448.155948813891 621.590441020536 0 0
 450.307851762752 614.761941222353 0 0
 452.459658203125 549.203165453728 0 0
 454.611374092248 459.387331503113 0 0
 456.763005387359 376.494355481605 0 0
 458.914558045696 312.343610270865 0 0
 461.066038024497 269.850801701523 0 0
 463.217451281 238.826218144178 0 0
 465.368803772443 206.257591884095 0 0
 467.520101456064 174.909034935933 0 0
 469.671350289101 146.862948548897 0 0
 471.822556228792 121.339530315075 0 0
 473.973725232375 104.655689869334 0 0
 476.124863257088 95.6890330326644 0 0
 478.275976260169 88.3460978102311 0 0
 480.427070198856 85.0162676912559 0 0
 482.578151030387 84.7651440667474 0 0
 484.729224712 82.6634295080501 0 0
 486.880297200933 83.2713512210476 0 0
 489.031374454424 87.0806271417835 0 0
 491.182462429711 89.2194991108775 0 0
 493.333567084032 93.7917208557771 0 0
 495.484694374625 100.704792889652 0 0
 497.635850258728 104.471948190991 0 0
 499.787040693579 109.773367537474 0 0
 501.938271636416 116.302712363823 0 0
 504.089549044477 -NAN 0 0
 506.240878875 -NAN 0 0
 508.392267085223 -NAN 0 0
 510.543719632384 -NAN 0 0
 512.695242473721 -NAN 0 0
 514.846841566472 -NAN 0 0
 516.998522867875 -NAN 0 0
 519.150292335168 -NAN 0 0
 521.302155925589 -NAN 0 0
 523.454119596376 -NAN 0 0
 525.606189304767 -NAN 0 0
 527.758371008 -NAN 0 0
 529.910670663313 -NAN 0 0
 532.063094227944 -NAN 0 0
 534.215647659131 -NAN 0 0
 536.368336914112 -NAN 0 0
 538.521167950125 -NAN 0 0
 540.674146724408 -NAN 0 0
 542.827279194199 -NAN 0 0
 544.980571316736 -NAN 0 0
 547.134029049257 -NAN 0 0
 549.287658349 -NAN 0 0
 551.441465173203 -NAN 0 0
 553.595455479104 -NAN 0 0
 555.749635223941 -NAN 0 0
 557.904010364952 -NAN 0 0
 560.058586859375 -NAN 0 0
 562.213370664448 -NAN 0 0
 564.368367737409 -NAN 0 0
 566.523584035496 -NAN 0 0
 568.679025515947 -NAN 0 0
 570.834698136 -NAN 0 0
 572.990607852893 -NAN 0 0
 575.146760623864 -NAN 0 0
 577.303162406151 -NAN 0 0
 579.459819156992 -NAN 0 0
 581.616736833625 -NAN 0 0
 583.773921393288 -NAN 0 0
 585.931378793219 -NAN 0 0
 588.089114990656 -NAN 0 0
 590.247135942837 -NAN 0 0
 592.405447607 -NAN 0 0
 594.564055940383 -NAN 0 0
 596.722966900224 -NAN 0 0
 598.882186443761 -NAN 0 0
 601.041720528232 -NAN 0 0
 603.201575110875 -NAN 0 0
 605.361756148928 -NAN 0 0
 607.522269599629 -NAN 0 0
 609.683121420216 -NAN 0 0
 611.844317567927 -NAN 0 0
 614.005864 -NAN 0 0
 616.167766673673 -NAN 0 0
 618.330031546184 -NAN 0 0
 620.492664574771 -NAN 0 0
 622.655671716672 -NAN 0 0
 624.819058929125 -NAN 0 0
 626.982832169368 -NAN 0 0
 629.146997394639 -NAN 0 0
 631.311560562176 -NAN 0 0
 633.476527629217 -NAN 0 0
 635.641904553 -NAN 0 0
 637.807697290763 -NAN 0 0
 639.973911799744 -NAN 0 0
 642.140554037181 -NAN 0 0
 644.307629960312 -NAN 0 0
 646.475145526375 -NAN 0 0
 648.643106692608 -NAN 0 0
 650.811519416249 -NAN 0 0
 652.980389654536 -NAN 0 0
 655.149723364707 -NAN 0 0
 657.319526504 -NAN 0 0
 659.489805029653 -NAN 0 0
 661.660564898904 -NAN 0 0
 663.831812068991 -NAN 0 0
 666.003552497152 -NAN 0 0
 668.175792140625 -NAN 0 0
 670.348536956648 -NAN 0 0
 672.521792902459 -NAN 0 0
 674.695565935296 -NAN 0 0
 676.869862012397 -NAN 0 0
 679.044687091 -NAN 0 0
 681.220047128343 -NAN 0 0
 683.395948081664 -NAN 0 0
 685.572395908201 -NAN 0 0
 687.749396565192 -NAN 0 0
 689.926956009875 -NAN 0 0
 692.105080199488 -NAN 0 0
 694.283775091269 -NAN 0 0
 696.463046642456 -NAN 0 0
 698.642900810287 -NAN 0 0
 700.823343552 -NAN 0 0
 703.004380824833 -NAN 0 0
 705.186018586024 -NAN 0 0
 707.368262792811 -NAN 0 0
 709.551119402432 -NAN 0 0
 711.734594372125 -NAN 0 0
 713.918693659128 -NAN 0 0
 716.103423220679 -NAN 0 0
 718.288789014016 -NAN 0 0
 720.474796996377 -NAN 0 0
 722.661453125 -NAN 0 0
 724.848763357123 -NAN 0 0
 727.036733649984 -NAN 0 0
 729.225369960821 -NAN 0 0
 731.414678246872 -NAN 0 0
 733.604664465375 -NAN 0 0
 735.795334573568 -NAN 0 0
[END] of [DATA]
[END] of Spectrum


[Spectrum]
Version            = 1
IDData             = 12ad_2026-06-09_09-41-45_000_124
IDDevice           = SAM_82E6
IDDataType         = SPECTRUM
IDDataTypeSub1     = CALIBRATED
IDDataTypeSub2     = 
IDDataTypeSub3     = 
DateTime           = 2026-06-09 09:41:45
PositionLatitude   = 0
PositionLongitude  = 0
Comment            = 20260609_FrameF
CommentSub1        = UV
CommentSub2        = right
CommentSub3        = 22.5cm
IDMethodType       = SAM Control
MethodName         = SAM_82E6
Mission            = No Mission
MissionSub         = 1
RecordType         = 0
[Attributes]
CalFactor = 1
IDBasisSpec = 
IDDataBack = DLAB_2024-11-11_10-40-48_641_639
IDDataCal = DLAB_2024-11-12_11-45-27_171_455
IntegrationTime = 128
P31 = -1
P31e = 0
PathLength = +INF
PathLengthCustomOn = 0
RAWDynamic = 65535
Salinity = 0
Temperature = -NAN
Unit1 = $01 $01 Wavelength nm
Unit2 = $03 $06 Intensity mW/(m^2 nm)
Unit3 = $f0 $06 Error mW/(m^2 nm)
Unit4 = $f1 $00 Status 
p999 = 7510
[END] of [Attributes]
[DATA]
 0 6 0 0
 185.260577530984 -NAN 0 0
 187.468128380571 -NAN 0 0
 189.674861895872 -NAN 0 0
 191.880784034125 -NAN 0 0
 194.085900752568 -NAN 0 0
 196.290218008439 -NAN 0 0
 198.493741758976 -NAN 0 0
 200.696477961417 -NAN 0 0
 202.898432573 -NAN 0 0
 205.099611550963 -NAN 0 0
 207.300020852544 -NAN 0 0
 209.499666434981 -NAN 0 0
 211.698554255512 -NAN 0 0
 213.896690271375 -NAN 0 0
 216.094080439808 -NAN 0 0
 218.290730718049 -NAN 0 0
 220.486647063336 -NAN 0 0
 222.681835432907 -NAN 0 0
 224.876301784 -NAN 0 0
 227.070052073853 -NAN 0 0
 229.263092259704 -NAN 0 0
 231.455428298791 -NAN 0 0
 233.647066148352 -NAN 0 0
 235.838011765625 -NAN 0 0
 238.028271107848 -NAN 0 0
 240.217850132259 -NAN 0 0
 242.406754796096 -NAN 0 0
 244.594991056597 -NAN 0 0
 246.782564871 -NAN 0 0
 248.969482196543 -NAN 0 0
 251.155748990464 -NAN 0 0
 253.341371210001 -NAN 0 0
 255.526354812392 -NAN 0 0
 257.710705754875 -NAN 0 0
 259.894429994688 -NAN 0 0
 262.077533489069 -NAN 0 0
 264.260022195256 -NAN 0 0
 266.441902070487 -NAN 0 0
 268.623179072 -NAN 0 0
 270.803859157033 -NAN 0 0
 272.983948282824 -NAN 0 0
 275.163452406611 -NAN 0 0
 277.342377485632 -NAN 0 0
 279.520729477125 3.0589207469561 0 0
 281.698514338328 6.69972824085821 0 0
 283.875738026479 7.99757306740669 0 0
 286.052406498816 11.5594634264681 0 0
 288.228525712577 18.5430122546675 0 0
 290.404101625 23.5146967196532 0 0
 292.579140193323 30.5457759875547 0 0
 294.753647374784 42.067228575846 0 0
 296.927629126621 48.1611308335219 0 0
 299.101091406072 55.4920675437593 0 0
 301.274040170375 65.932842191145 0 0
 303.446481376768 68.8300117453148 0 0
 305.618420982489 72.9075905388038 0 0
 307.789864944776 77.4043702465691 0 0
 309.960819220867 79.8724448397848 0 0
 312.131289768 82.8834398202968 0 0
 314.301282543413 81.1589976435514 0 0
 316.470803504344 72.5370308338597 0 0
 318.639858608031 65.8214193110492 0 0
 320.808453811712 62.3280757339907 0 0
 322.976595072625 57.3609377779612 0 0
 325.144288348008 51.4497869904729 0 0
 327.311539595099 48.7282681133857 0 0
 329.478354771136 42.8735288851862 0 0
 331.644739833357 37.6979263081798 0 0
 333.810700739 36.6005266729466 0 0
 335.976243445303 30.8598233839765 0 0
 338.141373909504 25.9589527396942 0 0
 340.306098088841 24.6956726728238 0 0
 342.470421940552 20.6802289896517 0 0
 344.634351421875 17.1852451475736 0 0
 346.797892490048 16.7223613237092 0 0
 348.961051102309 13.6102977829736 0 0
 351.123833215896 10.9746026580488 0 0
 353.286244788047 11.1914029071553 0 0
 355.448291776 9.08723165786707 0 0
 357.609980136993 6.97090535537451 0 0
 359.771315828264 8.53623996408495 0 0
 361.932304807051 10.9072543817751 0 0
 364.092953030592 14.221201114256 0 0
 366.253266456125 15.554470377159 0 0
 368.413251040888 8.60249255512448 0 0
 370.572912742119 3.5844860976059 0 0
 372.732257517056 4.23934973195232 0 0
 374.891291322937 2.69420559961577 0 0
 377.050020117 1.24476976895892 0 0
 379.208449856483 3.26019635587833 0 0
 381.366586498624 2.0637824924041 0 0
 383.524436000661 0.478701007202183 0 0
 385.682004319832 2.60207699450853 0 0
 387.839297413375 1.73275439494602 0 0
 389.996321238528 0.149126657083422 0 0
 392.153081752529 2.28131460227106 0 0
 394.309584912616 1.64845516530585 0 0
 396.465836676027 0.0928370387310464 0 0
 398.621843 2.97543327489542 0 0
 400.777609841773 5.44451820908853 0 0
 402.933143158584 10.2791260198967 0 0
 405.088448907671 14.3616359545792 0 0
 407.243533046272 10.5212132540152 0 0
 409.398401531625 5.0298327824772 0 0
 411.553060320968 5.93952172754332 0 0
 413.707515371539 6.49589227520026 0 0
 415.861772640576 7.79272561707997 0 0
 418.015838085317 13.0017169485716 0 0
 420.169717663 17.6933142014768 0 0
 422.323417330863 23.9486695660994 0 0
 424.476943046144 35.181467299178 0 0
 426.630300766081 48.2851226132977 0 0
 428.783496447912 65.9594260342569 0 0
 430.936536048875 95.0611610052979 0 0
 433.089425526208 142.119235176301 0 0
 435.242170837149 194.799605414977 0 0
 437.394777938936 245.038958636069 0 0
 439.547252788807 297.002892918992 0 0
 441.699601344 377.410754998299 0 0
 443.851829561753 478.229238388655 0 0
 446.003943399304 569.856672182088 0 0
 448.155948813891 620.939397337479 0 0
 450.307851762752 614.109028349157 0 0
 452.459658203125 549.966444724864 0 0
 454.611374092248 458.801543508258 0 0
 456.763005387359 375.805120840399 0 0
 458.914558045696 313.255810640331 0 0
 461.066038024497 269.241506934358 0 0
 463.217451281 238.279891140563 0 0
 465.368803772443 207.203358709917 0 0
 467.520101456064 174.037223723106 0 0
 469.671350289101 146.137674223983 0 0
 471.822556228792 122.240225443988 0 0
 473.973725232375 103.838678759072 0 0
 476.124863257088 94.9671853737751 0 0
 478.275976260169 89.2217596205024 0 0
 480.427070198856 84.4504292862339 0 0
 482.578151030387 83.9369627036434 0 0
 484.729224712 83.6044481619149 0 0
 486.880297200933 82.6829654093824 0 0
 489.031374454424 86.1496772205378 0 0
 491.182462429711 90.1196892964639 0 0
 493.333567084032 93.1660285368504 0 0
 495.484694374625 99.7440633714156 0 0
 497.635850258728 105.474726178588 0 0
 499.787040693579 109.084101467454 0 0
 501.938271636416 115.407291342466 0 0
 504.089549044477 -NAN 0 0
 506.240878875 -NAN 0 0
 508.392267085223 -NAN 0 0
 510.543719632384 -NAN 0 0
 512.695242473721 -NAN 0 0
 514.846841566472 -NAN 0 0
 516.998522867875 -NAN 0 0
 519.150292335168 -NAN 0 0
 521.302155925589 -NAN 0 0
 523.454119596376 -NAN 0 0
 525.606189304767 -NAN 0 0
 527.758371008 -NAN 0 0
 529.910670663313 -NAN 0 0
 532.063094227944 -NAN 0 0
 534.215647659131 -NAN 0 0
 536.368336914112 -NAN 0 0
 538.521167950125 -NAN 0 0
 540.674146724408 -NAN 0 0
 542.827279194199 -NAN 0 0
 544.980571316736 -NAN 0 0
 547.134029049257 -NAN 0 0
 549.287658349 -NAN 0 0
 551.441465173203 -NAN 0 0
 553.595455479104 -NAN 0 0
 555.749635223941 -NAN 0 0
 557.904010364952 -NAN 0 0
 560.058586859375 -NAN 0 0
 562.213370664448 -NAN 0 0
 564.368367737409 -NAN 0 0
 566.523584035496 -NAN 0 0
 568.679025515947 -NAN 0 0
 570.834698136 -NAN 0 0
 572.990607852893 -NAN 0 0
 575.146760623864 -NAN 0 0
 577.303162406151 -NAN 0 0
 579.459819156992 -NAN 0 0
 581.616736833625 -NAN 0 0
 583.773921393288 -NAN 0 0
 585.931378793219 -NAN 0 0
 588.089114990656 -NAN 0 0
 590.247135942837 -NAN 0 0
 592.405447607 -NAN 0 0
 594.564055940383 -NAN 0 0
 596.722966900224 -NAN 0 0
 598.882186443761 -NAN 0 0
 601.041720528232 -NAN 0 0
 603.201575110875 -NAN 0 0
 605.361756148928 -NAN 0 0
 607.522269599629 -NAN 0 0
 609.683121420216 -NAN 0 0
 611.844317567927 -NAN 0 0
 614.005864 -NAN 0 0
 616.167766673673 -NAN 0 0
 618.330031546184 -NAN 0 0
 620.492664574771 -NAN 0 0
 622.655671716672 -NAN 0 0
 624.819058929125 -NAN 0 0
 626.982832169368 -NAN 0 0
 629.146997394639 -NAN 0 0
 631.311560562176 -NAN 0 0
 633.476527629217 -NAN 0 0
 635.641904553 -NAN 0 0
 637.807697290763 -NAN 0 0
 639.973911799744 -NAN 0 0
 642.140554037181 -NAN 0 0
 644.307629960312 -NAN 0 0
 646.475145526375 -NAN 0 0
 648.643106692608 -NAN 0 0
 650.811519416249 -NAN 0 0
 652.980389654536 -NAN 0 0
 655.149723364707 -NAN 0 0
 657.319526504 -NAN 0 0
 659.489805029653 -NAN 0 0
 661.660564898904 -NAN 0 0
 663.831812068991 -NAN 0 0
 666.003552497152 -NAN 0 0
 668.175792140625 -NAN 0 0
 670.348536956648 -NAN 0 0
 672.521792902459 -NAN 0 0
 674.695565935296 -NAN 0 0
 676.869862012397 -NAN 0 0
 679.044687091 -NAN 0 0
 681.220047128343 -NAN 0 0
 683.395948081664 -NAN 0 0
 685.572395908201 -NAN 0 0
 687.749396565192 -NAN 0 0
 689.926956009875 -NAN 0 0
 692.105080199488 -NAN 0 0
 694.283775091269 -NAN 0 0
 696.463046642456 -NAN 0 0
 698.642900810287 -NAN 0 0
 700.823343552 -NAN 0 0
 703.004380824833 -NAN 0 0
 705.186018586024 -NAN 0 0
 707.368262792811 -NAN 0 0
 709.551119402432 -NAN 0 0
 711.734594372125 -NAN 0 0
 713.918693659128 -NAN 0 0
 716.103423220679 -NAN 0 0
 718.288789014016 -NAN 0 0
 720.474796996377 -NAN 0 0
 722.661453125 -NAN 0 0
 724.848763357123 -NAN 0 0
 727.036733649984 -NAN 0 0
 729.225369960821 -NAN 0 0
 731.414678246872 -NAN 0 0
 733.604664465375 -NAN 0 0
 735.795334573568 -NAN 0 0
[END] of [DATA]
[END] of Spectrum


[Spectrum]
Version            = 1
IDData             = 12ad_2026-06-09_09-41-40_000_121
IDDevice           = SAM_82E6
IDDataType         = SPECTRUM
IDDataTypeSub1     = CALIBRATED
IDDataTypeSub2     = 
IDDataTypeSub3     = 
DateTime           = 2026-06-09 09:41:40
PositionLatitude   = 0
PositionLongitude  = 0
Comment            = 20260609_FrameF
CommentSub1        = UV
CommentSub2        = right
CommentSub3        = 22.5cm
IDMethodType       = SAM Control
MethodName         = SAM_82E6
Mission            = No Mission
MissionSub         = 1
RecordType         = 0
[Attributes]
CalFactor = 1
IDBasisSpec = 
IDDataBack = DLAB_2024-11-11_10-40-48_641_639
IDDataCal = DLAB_2024-11-12_11-45-27_171_455
IntegrationTime = 128
P31 = -1
P31e = 0
PathLength = +INF
PathLengthCustomOn = 0
RAWDynamic = 65535
Salinity = 0
Temperature = -NAN
Unit1 = $01 $01 Wavelength nm
Unit2 = $03 $06 Intensity mW/(m^2 nm)
Unit3 = $f0 $06 Error mW/(m^2 nm)
Unit4 = $f1 $00 Status 
p999 = 7509
[END] of [Attributes]
[DATA]
 0 6 0 0
 185.260577530984 -NAN 0 0
 187.468128380571 -NAN 0 0
 189.674861895872 -NAN 0 0
 191.880784034125 -NAN 0 0
 194.085900752568 -NAN 0 0
 196.290218008439 -NAN 0 0
 198.493741758976 -NAN 0 0
 200.696477961417 -NAN 0 0
 202.898432573 -NAN 0 0
 205.099611550963 -NAN 0 0
 207.300020852544 -NAN 0 0
 209.499666434981 -NAN 0 0
 211.698554255512 -NAN 0 0
 213.896690271375 -NAN 0 0
 216.094080439808 -NAN 0 0
 218.290730718049 -NAN 0 0
 220.486647063336 -NAN 0 0
 222.681835432907 -NAN 0 0
 224.876301784 -NAN 0 0
 227.070052073853 -NAN 0 0
 229.263092259704 -NAN 0 0
 231.455428298791 -NAN 0 0
 233.647066148352 -NAN 0 0
 235.838011765625 -NAN 0 0
 238.028271107848 -NAN 0 0
 240.217850132259 -NAN 0 0
 242.406754796096 -NAN 0 0
 244.594991056597 -NAN 0 0
 246.782564871 -NAN 0 0
 248.969482196543 -NAN 0 0
 251.155748990464 -NAN 0 0
 253.341371210001 -NAN 0 0
 255.526354812392 -NAN 0 0
 257.710705754875 -NAN 0 0
 259.894429994688 -NAN 0 0
 262.077533489069 -NAN 0 0
 264.260022195256 -NAN 0 0
 266.441902070487 -NAN 0 0
 268.623179072 -NAN 0 0
 270.803859157033 -NAN 0 0
 272.983948282824 -NAN 0 0
 275.163452406611 -NAN 0 0
 277.342377485632 -NAN 0 0
 279.520729477125 2.62056818231491 0 0
 281.698514338328 6.66311989714397 0 0
 283.875738026479 8.69517131007965 0 0
 286.052406498816 11.0222704349482 0 0
 288.228525712577 17.8839700074823 0 0
 290.404101625 23.9189396517254 0 0
 292.579140193323 29.8212601409624 0 0
 294.753647374784 41.0434080682337 0 0
 296.927629126621 47.8741906018506 0 0
 299.101091406072 54.021480222694 0 0
 301.274040170375 64.5218548222856 0 0
 303.446481376768 68.2882865134285 0 0
 305.618420982489 71.3288646268768 0 0
 307.789864944776 75.7005403715947 0 0
 309.960819220867 79.122437671835 0 0
 312.131289768 81.0897890705661 0 0
 314.301282543413 79.3682814962847 0 0
 316.470803504344 71.8210799754424 0 0
 318.639858608031 64.3034215866141 0 0
 320.808453811712 60.8532132052564 0 0
 322.976595072625 56.8406356247063 0 0
 325.144288348008 50.2659558319345 0 0
 327.311539595099 47.6053175875098 0 0
 329.478354771136 42.9657500595259 0 0
 331.644739833357 36.697133249222 0 0
 333.810700739 35.1469545705382 0 0
 335.976243445303 31.1592778174919 0 0
 338.141373909504 25.2623676195322 0 0
 340.306098088841 23.8025785464343 0 0
 342.470421940552 20.8321250703893 0 0
 344.634351421875 16.448322082836 0 0
 346.797892490048 16.0144860239488 0 0
 348.961051102309 13.931815613623 0 0
 351.123833215896 10.5201206073919 0 0
 353.286244788047 10.6112994667102 0 0
 355.448291776 9.36690578229919 0 0
 357.609980136993 6.90237262160975 0 0
 359.771315828264 8.08018491465505 0 0
 361.932304807051 11.2915714507995 0 0
 364.092953030592 14.0879770113343 0 0
 366.253266456125 14.9121688550958 0 0
 368.413251040888 9.1795475328739 0 0
 370.572912742119 3.57192616666005 0 0
 372.732257517056 3.61579456309064 0 0
 374.891291322937 3.43097372882131 0 0
 377.050020117 1.18131575847184 0 0
 379.208449856483 2.51569245247027 0 0
 381.366586498624 2.81281328886314 0 0
 383.524436000661 0.464488687396548 0 0
 385.682004319832 1.97339559001859 0 0
 387.839297413375 2.27966559337248 0 0
 389.996321238528 0.236214898708603 0 0
 392.153081752529 1.81784774724637 0 0
 394.309584912616 2.10118257258594 0 0
 396.465836676027 0.151907989431319 0 0
 398.621843 2.3889659055862 0 0
 400.777609841773 6.08696644024367 0 0
 402.933143158584 10.2892645517428 0 0
 405.088448907671 13.376419472208 0 0
 407.243533046272 10.9156306001764 0 0
 409.398401531625 5.22462409677263 0 0
 411.553060320968 5.39245422087968 0 0
 413.707515371539 7.09621982955836 0 0
 415.861772640576 7.83763238023399 0 0
 418.015838085317 12.4964633425061 0 0
 420.169717663 18.1776780956355 0 0
 422.323417330863 23.9889546575167 0 0
 424.476943046144 34.6932646739843 0 0
 426.630300766081 48.6960007556762 0 0
 428.783496447912 66.0572103800441 0 0
 430.936536048875 94.4892919142663 0 0
 433.089425526208 142.081993182106 0 0
 435.242170837149 194.388808855899 0 0
 437.394777938936 243.908743999994 0 0
 439.547252788807 297.169507446834 0 0
 441.699601344 377.550486442728 0 0
 443.851829561753 477.768866595368 0 0
 446.003943399304 570.35632033328 0 0
 448.155948813891 621.325460977027 0 0
 450.307851762752 613.54810043876 0 0
 452.459658203125 550.357347458383 0 0
 454.611374092248 458.997440142901 0 0
 456.763005387359 375.391189554462 0 0
 458.914558045696 313.784767090897 0 0
 461.066038024497 269.50641770269 0 0
 463.217451281 237.521680660262 0 0
 465.368803772443 207.534799316288 0 0
 467.520101456064 174.508473027337 0 0
 469.671350289101 145.639724687474 0 0
 471.822556228792 122.819556048751 0 0
 473.973725232375 104.362799093957 0 0
 476.124863257088 94.517691279436 0 0
 478.275976260169 89.7107078394357 0 0
 480.427070198856 84.9004267579443 0 0
 482.578151030387 83.4235349044145 0 0
 484.729224712 84.0157247232239 0 0
 486.880297200933 83.0140722539696 0 0
 489.031374454424 85.6752508183645 0 0
 491.182462429711 90.5910047534335 0 0
 493.333567084032 93.4755347017287 0 0
 495.484694374625 99.1950750752803 0 0
 497.635850258728 105.759980310728 0 0
 499.787040693579 109.699439946368 0 0
 501.938271636416 114.989715193083 0 0
 504.089549044477 -NAN 0 0
 506.240878875 -NAN 0 0
 508.392267085223 -NAN 0 0
 510.543719632384 -NAN 0 0
 512.695242473721 -NAN 0 0
 514.846841566472 -NAN 0 0
 516.998522867875 -NAN 0 0
 519.150292335168 -NAN 0 0
 521.302155925589 -NAN 0 0
 523.454119596376 -NAN 0 0
 525.606189304767 -NAN 0 0
 527.758371008 -NAN 0 0
 529.910670663313 -NAN 0 0
 532.063094227944 -NAN 0 0
 534.215647659131 -NAN 0 0
 536.368336914112 -NAN 0 0
 538.521167950125 -NAN 0 0
 540.674146724408 -NAN 0 0
 542.827279194199 -NAN 0 0
 544.980571316736 -NAN 0 0
 547.134029049257 -NAN 0 0
 549.287658349 -NAN 0 0
 551.441465173203 -NAN 0 0
 553.595455479104 -NAN 0 0
 555.749635223941 -NAN 0 0
 557.904010364952 -NAN 0 0
 560.058586859375 -NAN 0 0
 562.213370664448 -NAN 0 0
 564.368367737409 -NAN 0 0
 566.523584035496 -NAN 0 0
 568.679025515947 -NAN 0 0
 570.834698136 -NAN 0 0
 572.990607852893 -NAN 0 0
 575.146760623864 -NAN 0 0
 577.303162406151 -NAN 0 0
 579.459819156992 -NAN 0 0
 581.616736833625 -NAN 0 0
 583.773921393288 -NAN 0 0
 585.931378793219 -NAN 0 0
 588.089114990656 -NAN 0 0
 590.247135942837 -NAN 0 0
 592.405447607 -NAN 0 0
 594.564055940383 -NAN 0 0
 596.722966900224 -NAN 0 0
 598.882186443761 -NAN 0 0
 601.041720528232 -NAN 0 0
 603.201575110875 -NAN 0 0
 605.361756148928 -NAN 0 0
 607.522269599629 -NAN 0 0
 609.683121420216 -NAN 0 0
 611.844317567927 -NAN 0 0
 614.005864 -NAN 0 0
 616.167766673673 -NAN 0 0
 618.330031546184 -NAN 0 0
 620.492664574771 -NAN 0 0
 622.655671716672 -NAN 0 0
 624.819058929125 -NAN 0 0
 626.982832169368 -NAN 0 0
 629.146997394639 -NAN 0 0
 631.311560562176 -NAN 0 0
 633.476527629217 -NAN 0 0
 635.641904553 -NAN 0 0
 637.807697290763 -NAN 0 0
 639.973911799744 -NAN 0 0
 642.140554037181 -NAN 0 0
 644.307629960312 -NAN 0 0
 646.475145526375 -NAN 0 0
 648.643106692608 -NAN 0 0
 650.811519416249 -NAN 0 0
 652.980389654536 -NAN 0 0
 655.149723364707 -NAN 0 0
 657.319526504 -NAN 0 0
 659.489805029653 -NAN 0 0
 661.660564898904 -NAN 0 0
 663.831812068991 -NAN 0 0
 666.003552497152 -NAN 0 0
 668.175792140625 -NAN 0 0
 670.348536956648 -NAN 0 0
 672.521792902459 -NAN 0 0
 674.695565935296 -NAN 0 0
 676.869862012397 -NAN 0 0
 679.044687091 -NAN 0 0
 681.220047128343 -NAN 0 0
 683.395948081664 -NAN 0 0
 685.572395908201 -NAN 0 0
 687.749396565192 -NAN 0 0
 689.926956009875 -NAN 0 0
 692.105080199488 -NAN 0 0
 694.283775091269 -NAN 0 0
 696.463046642456 -NAN 0 0
 698.642900810287 -NAN 0 0
 700.823343552 -NAN 0 0
 703.004380824833 -NAN 0 0
 705.186018586024 -NAN 0 0
 707.368262792811 -NAN 0 0
 709.551119402432 -NAN 0 0
 711.734594372125 -NAN 0 0
 713.918693659128 -NAN 0 0
 716.103423220679 -NAN 0 0
 718.288789014016 -NAN 0 0
 720.474796996377 -NAN 0 0
 722.661453125 -NAN 0 0
 724.848763357123 -NAN 0 0
 727.036733649984 -NAN 0 0
 729.225369960821 -NAN 0 0
 731.414678246872 -NAN 0 0
 733.604664465375 -NAN 0 0
 735.795334573568 -NAN 0 0
[END] of [DATA]
[END] of Spectrum


[Spectrum]
Version            = 1
IDData             = 12ad_2026-06-09_09-41-35_000_118
IDDevice           = SAM_82E6
IDDataType         = SPECTRUM
IDDataTypeSub1     = CALIBRATED
IDDataTypeSub2     = 
IDDataTypeSub3     = 
DateTime           = 2026-06-09 09:41:35
PositionLatitude   = 0
PositionLongitude  = 0
Comment            = 20260609_FrameF
CommentSub1        = UV
CommentSub2        = right
CommentSub3        = 22.5cm
IDMethodType       = SAM Control
MethodName         = SAM_82E6
Mission            = No Mission
MissionSub         = 1
RecordType         = 0
[Attributes]
CalFactor = 1
IDBasisSpec = 
IDDataBack = DLAB_2024-11-11_10-40-48_641_639
IDDataCal = DLAB_2024-11-12_11-45-27_171_455
IntegrationTime = 128
P31 = -1
P31e = 0
PathLength = +INF
PathLengthCustomOn = 0
RAWDynamic = 65535
Salinity = 0
Temperature = -NAN
Unit1 = $01 $01 Wavelength nm
Unit2 = $03 $06 Intensity mW/(m^2 nm)
Unit3 = $f0 $06 Error mW/(m^2 nm)
Unit4 = $f1 $00 Status 
p999 = 7508
[END] of [Attributes]
[DATA]
 0 6 0 0
 185.260577530984 -NAN 0 0
 187.468128380571 -NAN 0 0
 189.674861895872 -NAN 0 0
 191.880784034125 -NAN 0 0
 194.085900752568 -NAN 0 0
 196.290218008439 -NAN 0 0
 198.493741758976 -NAN 0 0
 200.696477961417 -NAN 0 0
 202.898432573 -NAN 0 0
 205.099611550963 -NAN 0 0
 207.300020852544 -NAN 0 0
 209.499666434981 -NAN 0 0
 211.698554255512 -NAN 0 0
 213.896690271375 -NAN 0 0
 216.094080439808 -NAN 0 0
 218.290730718049 -NAN 0 0
 220.486647063336 -NAN 0 0
 222.681835432907 -NAN 0 0
 224.876301784 -NAN 0 0
 227.070052073853 -NAN 0 0
 229.263092259704 -NAN 0 0
 231.455428298791 -NAN 0 0
 233.647066148352 -NAN 0 0
 235.838011765625 -NAN 0 0
 238.028271107848 -NAN 0 0
 240.217850132259 -NAN 0 0
 242.406754796096 -NAN 0 0
 244.594991056597 -NAN 0 0
 246.782564871 -NAN 0 0
 248.969482196543 -NAN 0 0
 251.155748990464 -NAN 0 0
 253.341371210001 -NAN 0 0
 255.526354812392 -NAN 0 0
 257.710705754875 -NAN 0 0
 259.894429994688 -NAN 0 0
 262.077533489069 -NAN 0 0
 264.260022195256 -NAN 0 0
 266.441902070487 -NAN 0 0
 268.623179072 -NAN 0 0
 270.803859157033 -NAN 0 0
 272.983948282824 -NAN 0 0
 275.163452406611 -NAN 0 0
 277.342377485632 -NAN 0 0
 279.520729477125 2.73015632347521 0 0
 281.698514338328 4.96606167781937 0 0
 283.875738026479 9.63283372533238 0 0
 286.052406498816 10.9932329759472 0 0
 288.228525712577 16.075901929335 0 0
 290.404101625 24.4133374823173 0 0
 292.579140193323 29.4632309093779 0 0
 294.753647374784 38.749393134065 0 0
 296.927629126621 47.8945049545353 0 0
 299.101091406072 53.3970168870066 0 0
 301.274040170375 62.0758339558748 0 0
 303.446481376768 67.7946175521127 0 0
 305.618420982489 70.2233263179796 0 0
 307.789864944776 73.1971717598068 0 0
 309.960819220867 78.342170848694 0 0
 312.131289768 80.0748122975065 0 0
 314.301282543413 76.7915107285294 0 0
 316.470803504344 71.2468531777358 0 0
 318.639858608031 63.6061717843737 0 0
 320.808453811712 58.4545649410152 0 0
 322.976595072625 56.635327207476 0 0
 325.144288348008 49.8732703744681 0 0
 327.311539595099 45.0691499507404 0 0
 329.478354771136 42.8021318469877 0 0
 331.644739833357 36.4543373000074 0 0
 333.810700739 33.0124831126229 0 0
 335.976243445303 31.2872000997703 0 0
 338.141373909504 25.3101174059949 0 0
 340.306098088841 22.0652525862845 0 0
 342.470421940552 21.0652069873833 0 0
 344.634351421875 16.9437959523012 0 0
 346.797892490048 14.5335045947574 0 0
 348.961051102309 14.2001326521506 0 0
 351.123833215896 11.0216180425995 0 0
 353.286244788047 9.23518942565437 0 0
 355.448291776 9.67454731917452 0 0
 357.609980136993 7.30500243247769 0 0
 359.771315828264 6.78085826439254 0 0
 361.932304807051 11.7439675434796 0 0
 364.092953030592 14.4921653913848 0 0
 366.253266456125 13.5224619255408 0 0
 368.413251040888 9.61355106655938 0 0
 370.572912742119 4.27025832724925 0 0
 372.732257517056 2.39216538235371 0 0
 374.891291322937 3.74289016308351 0 0
 377.050020117 1.99794128474032 0 0
 379.208449856483 1.25339448090246 0 0
 381.366586498624 3.16612970228722 0 0
 383.524436000661 1.53609760074147 0 0
 385.682004319832 0.536815910075509 0 0
 387.839297413375 2.73589721485777 0 0
 389.996321238528 1.42173870405784 0 0
 392.153081752529 0.466300690976771 0 0
 394.309584912616 2.56481907401735 0 0
 396.465836676027 1.16416928097691 0 0
 398.621843 1.096614734303 0 0
 400.777609841773 6.22481970441866 0 0
 402.933143158584 11.0395159083579 0 0
 405.088448907671 12.2904701325371 0 0
 407.243533046272 10.913254592067 0 0
 409.398401531625 6.06795590454575 0 0
 411.553060320968 4.33802572013281 0 0
 413.707515371539 7.26592373185041 0 0
 415.861772640576 8.90110618038141 0 0
 418.015838085317 11.592118366669 0 0
 420.169717663 18.3971554851761 0 0
 422.323417330863 24.7452156918519 0 0
 424.476943046144 33.8606572877448 0 0
 426.630300766081 48.7874988293991 0 0
 428.783496447912 66.8445429573305 0 0
 430.936536048875 93.6866975415504 0 0
 433.089425526208 141.570320566202 0 0
 435.242170837149 194.372824553989 0 0
 437.394777938936 242.698599050194 0 0
 439.547252788807 296.891277361505 0 0
 441.699601344 378.199826684485 0 0
 443.851829561753 476.968656714674 0 0
 446.003943399304 570.354609209474 0 0
 448.155948813891 622.113381768652 0 0
 450.307851762752 612.880758551792 0 0
 452.459658203125 550.272126957237 0 0
 454.611374092248 459.714459863876 0 0
 456.763005387359 374.510609318814 0 0
 458.914558045696 313.603125441835 0 0
 461.066038024497 270.513078622354 0 0
 463.217451281 236.790474936793 0 0
 465.368803772443 207.190692189928 0 0
 467.520101456064 175.431693255171 0 0
 469.671350289101 144.702280560048 0 0
 471.822556228792 122.502563831051 0 0
 473.973725232375 105.193023321904 0 0
 476.124863257088 93.4393483043467 0 0
 478.275976260169 89.4084489404588 0 0
 480.427070198856 85.7603229167572 0 0
 482.578151030387 82.617676489103 0 0
 484.729224712 83.5508033930485 0 0
 486.880297200933 83.9783090784096 0 0
 489.031374454424 84.7666795009949 0 0
 491.182462429711 90.0861834582908 0 0
 493.333567084032 94.5755062517279 0 0
 495.484694374625 98.3162510689669 0 0
 497.635850258728 105.362818788287 0 0
 499.787040693579 110.617011812452 0 0
 501.938271636416 114.115818715508 0 0
 504.089549044477 -NAN 0 0
 506.240878875 -NAN 0 0
 508.392267085223 -NAN 0 0
 510.543719632384 -NAN 0 0
 512.695242473721 -NAN 0 0
 514.846841566472 -NAN 0 0
 516.998522867875 -NAN 0 0
 519.150292335168 -NAN 0 0
 521.302155925589 -NAN 0 0
 523.454119596376 -NAN 0 0
 525.606189304767 -NAN 0 0
 527.758371008 -NAN 0 0
 529.910670663313 -NAN 0 0
 532.063094227944 -NAN 0 0
 534.215647659131 -NAN 0 0
 536.368336914112 -NAN 0 0
 538.521167950125 -NAN 0 0
 540.674146724408 -NAN 0 0
 542.827279194199 -NAN 0 0
 544.980571316736 -NAN 0 0
 547.134029049257 -NAN 0 0
 549.287658349 -NAN 0 0
 551.441465173203 -NAN 0 0
 553.595455479104 -NAN 0 0
 555.749635223941 -NAN 0 0
 557.904010364952 -NAN 0 0
 560.058586859375 -NAN 0 0
 562.213370664448 -NAN 0 0
 564.368367737409 -NAN 0 0
 566.523584035496 -NAN 0 0
 568.679025515947 -NAN 0 0
 570.834698136 -NAN 0 0
 572.990607852893 -NAN 0 0
 575.146760623864 -NAN 0 0
 577.303162406151 -NAN 0 0
 579.459819156992 -NAN 0 0
 581.616736833625 -NAN 0 0
 583.773921393288 -NAN 0 0
 585.931378793219 -NAN 0 0
 588.089114990656 -NAN 0 0
 590.247135942837 -NAN 0 0
 592.405447607 -NAN 0 0
 594.564055940383 -NAN 0 0
 596.722966900224 -NAN 0 0
 598.882186443761 -NAN 0 0
 601.041720528232 -NAN 0 0
 603.201575110875 -NAN 0 0
 605.361756148928 -NAN 0 0
 607.522269599629 -NAN 0 0
 609.683121420216 -NAN 0 0
 611.844317567927 -NAN 0 0
 614.005864 -NAN 0 0
 616.167766673673 -NAN 0 0
 618.330031546184 -NAN 0 0
 620.492664574771 -NAN 0 0
 622.655671716672 -NAN 0 0
 624.819058929125 -NAN 0 0
 626.982832169368 -NAN 0 0
 629.146997394639 -NAN 0 0
 631.311560562176 -NAN 0 0
 633.476527629217 -NAN 0 0
 635.641904553 -NAN 0 0
 637.807697290763 -NAN 0 0
 639.973911799744 -NAN 0 0
 642.140554037181 -NAN 0 0
 644.307629960312 -NAN 0 0
 646.475145526375 -NAN 0 0
 648.643106692608 -NAN 0 0
 650.811519416249 -NAN 0 0
 652.980389654536 -NAN 0 0
 655.149723364707 -NAN 0 0
 657.319526504 -NAN 0 0
 659.489805029653 -NAN 0 0
 661.660564898904 -NAN 0 0
 663.831812068991 -NAN 0 0
 666.003552497152 -NAN 0 0
 668.175792140625 -NAN 0 0
 670.348536956648 -NAN 0 0
 672.521792902459 -NAN 0 0
 674.695565935296 -NAN 0 0
 676.869862012397 -NAN 0 0
 679.044687091 -NAN 0 0
 681.220047128343 -NAN 0 0
 683.395948081664 -NAN 0 0
 685.572395908201 -NAN 0 0
 687.749396565192 -NAN 0 0
 689.926956009875 -NAN 0 0
 692.105080199488 -NAN 0 0
 694.283775091269 -NAN 0 0
 696.463046642456 -NAN 0 0
 698.642900810287 -NAN 0 0
 700.823343552 -NAN 0 0
 703.004380824833 -NAN 0 0
 705.186018586024 -NAN 0 0
 707.368262792811 -NAN 0 0
 709.551119402432 -NAN 0 0
 711.734594372125 -NAN 0 0
 713.918693659128 -NAN 0 0
 716.103423220679 -NAN 0 0
 718.288789014016 -NAN 0 0
 720.474796996377 -NAN 0 0
 722.661453125 -NAN 0 0
 724.848763357123 -NAN 0 0
 727.036733649984 -NAN 0 0
 729.225369960821 -NAN 0 0
 731.414678246872 -NAN 0 0
 733.604664465375 -NAN 0 0
 735.795334573568 -NAN 0 0
[END] of [DATA]
[END] of Spectrum


[Spectrum]
Version            = 1
IDData             = 12ad_2026-06-09_09-41-30_000_115
IDDevice           = SAM_82E6
IDDataType         = SPECTRUM
IDDataTypeSub1     = CALIBRATED
IDDataTypeSub2     = 
IDDataTypeSub3     = 
DateTime           = 2026-06-09 09:41:30
PositionLatitude   = 0
PositionLongitude  = 0
Comment            = 20260609_FrameF
CommentSub1        = UV
CommentSub2        = right
CommentSub3        = 22.5cm
IDMethodType       = SAM Control
MethodName         = SAM_82E6
Mission            = No Mission
MissionSub         = 1
RecordType         = 0
[Attributes]
CalFactor = 1
IDBasisSpec = 
IDDataBack = DLAB_2024-11-11_10-40-48_641_639
IDDataCal = DLAB_2024-11-12_11-45-27_171_455
IntegrationTime = 128
P31 = -1
P31e = 0
PathLength = +INF
PathLengthCustomOn = 0
RAWDynamic = 65535
Salinity = 0
Temperature = -NAN
Unit1 = $01 $01 Wavelength nm
Unit2 = $03 $06 Intensity mW/(m^2 nm)
Unit3 = $f0 $06 Error mW/(m^2 nm)
Unit4 = $f1 $00 Status 
p999 = 7507
[END] of [Attributes]
[DATA]
 0 6 0 0
 185.260577530984 -NAN 0 0
 187.468128380571 -NAN 0 0
 189.674861895872 -NAN 0 0
 191.880784034125 -NAN 0 0
 194.085900752568 -NAN 0 0
 196.290218008439 -NAN 0 0
 198.493741758976 -NAN 0 0
 200.696477961417 -NAN 0 0
 202.898432573 -NAN 0 0
 205.099611550963 -NAN 0 0
 207.300020852544 -NAN 0 0
 209.499666434981 -NAN 0 0
 211.698554255512 -NAN 0 0
 213.896690271375 -NAN 0 0
 216.094080439808 -NAN 0 0
 218.290730718049 -NAN 0 0
 220.486647063336 -NAN 0 0
 222.681835432907 -NAN 0 0
 224.876301784 -NAN 0 0
 227.070052073853 -NAN 0 0
 229.263092259704 -NAN 0 0
 231.455428298791 -NAN 0 0
 233.647066148352 -NAN 0 0
 235.838011765625 -NAN 0 0
 238.028271107848 -NAN 0 0
 240.217850132259 -NAN 0 0
 242.406754796096 -NAN 0 0
 244.594991056597 -NAN 0 0
 246.782564871 -NAN 0 0
 248.969482196543 -NAN 0 0
 251.155748990464 -NAN 0 0
 253.341371210001 -NAN 0 0
 255.526354812392 -NAN 0 0
 257.710705754875 -NAN 0 0
 259.894429994688 -NAN 0 0
 262.077533489069 -NAN 0 0
 264.260022195256 -NAN 0 0
 266.441902070487 -NAN 0 0
 268.623179072 -NAN 0 0
 270.803859157033 -NAN 0 0
 272.983948282824 -NAN 0 0
 275.163452406611 -NAN 0 0
 277.342377485632 -NAN 0 0
 279.520729477125 3.38021325172152 0 0
 281.698514338328 4.49538297292195 0 0
 283.875738026479 9.4294852497354 0 0
 286.052406498816 11.5420409510674 0 0
 288.228525712577 15.0185689327639 0 0
 290.404101625 23.9160314291925 0 0
 292.579140193323 29.4378587591082 0 0
 294.753647374784 37.4436113636611 0 0
 296.927629126621 46.8432372031024 0 0
 299.101091406072 53.0752514277784 0 0
 301.274040170375 60.3213825564379 0 0
 303.446481376768 66.2022074954791 0 0
 305.618420982489 69.5070923552116 0 0
 307.789864944776 71.234667587628 0 0
 309.960819220867 76.3580020297373 0 0
 312.131289768 79.0215769764602 0 0
 314.301282543413 74.7612572264985 0 0
 316.470803504344 69.5095116748873 0 0
 318.639858608031 63.143053834546 0 0
 320.808453811712 56.4658965132814 0 0
 322.976595072625 55.1672314020757 0 0
 325.144288348008 49.63939153583 0 0
 327.311539595099 43.5386534115571 0 0
 329.478354771136 41.8114979419833 0 0
 331.644739833357 36.5875789794545 0 0
 333.810700739 31.6536448335894 0 0
 335.976243445303 30.2928950875154 0 0
 338.141373909504 25.5629103931505 0 0
 340.306098088841 21.0635755873857 0 0
 342.470421940552 20.3816746240639 0 0
 344.634351421875 17.3059697452098 0 0
 346.797892490048 13.707247418928 0 0
 348.961051102309 13.5547839129334 0 0
 351.123833215896 11.3641587014691 0 0
 353.286244788047 8.60710750517245 0 0
 355.448291776 9.19049594996509 0 0
 357.609980136993 7.5170255775624 0 0
 359.771315828264 6.29683757513912 0 0
 361.932304807051 11.1905509640845 0 0
 364.092953030592 14.8173225239393 0 0
 366.253266456125 12.9969424983982 0 0
 368.413251040888 9.00255167835412 0 0
 370.572912742119 4.81284734410991 0 0
 372.732257517056 1.89906108563882 0 0
 374.891291322937 3.30728272902768 0 0
 377.050020117 2.6435168696958 0 0
 379.208449856483 0.72440486532305 0 0
 381.366586498624 2.55559893989041 0 0
 383.524436000661 2.27798069459564 0 0
 385.682004319832 0.127177347873916 0 0
 387.839297413375 2.32783911862248 0 0
 389.996321238528 2.02854709731717 0 0
 392.153081752529 0.0167100890965318 0 0
 394.309584912616 2.12300076088859 0 0
 396.465836676027 1.8408001708164 0 0
 398.621843 0.666715576709813 0 0
 400.777609841773 5.59277549320126 0 0
 402.933143158584 11.3360679648578 0 0
 405.088448907671 11.6934436856139 0 0
 407.243533046272 10.2289642565584 0 0
 409.398401531625 6.37733034489731 0 0
 411.553060320968 4.00052036319919 0 0
 413.707515371539 6.76953981764618 0 0
 415.861772640576 9.21341230595253 0 0
 418.015838085317 11.4151813061792 0 0
 420.169717663 17.7841324316316 0 0
 422.323417330863 25.1077815146082 0 0
 424.476943046144 33.8127246663622 0 0
 426.630300766081 48.3835262020186 0 0
 428.783496447912 67.132838183703 0 0
 430.936536048875 93.4938771275715 0 0
 433.089425526208 140.666797402675 0 0
 435.242170837149 193.883704915553 0 0
 437.394777938936 241.763414379609 0 0
 439.547252788807 296.177908363655 0 0
 441.699601344 378.480933472689 0 0
 443.851829561753 476.998790141144 0 0
 446.003943399304 569.861805553505 0 0
 448.155948813891 622.413458506664 0 0
 450.307851762752 612.734664787348 0 0
 452.459658203125 549.855287549456 0 0
 454.611374092248 460.227975313912 0 0
 456.763005387359 374.475464209631 0 0
 458.914558045696 312.974365887389 0 0
 461.066038024497 270.82485821893 0 0
 463.217451281 236.678301331488 0 0
 465.368803772443 206.715697690352 0 0
 467.520101456064 175.759425725841 0 0
 469.671350289101 144.741250523775 0 0
 471.822556228792 121.97132859725 0 0
 473.973725232375 105.688515235135 0 0
 476.124863257088 93.7183446387641 0 0
 478.275976260169 88.8083761263134 0 0
 480.427070198856 86.1613107628358 0 0
 482.578151030387 82.7784017132094 0 0
 484.729224712 82.8869493783267 0 0
 486.880297200933 84.4212763434655 0 0
 489.031374454424 84.8673832184373 0 0
 491.182462429711 89.5031818740772 0 0
 493.333567084032 94.9963455694401 0 0
 495.484694374625 98.4756347678449 0 0
 497.635850258728 104.809864624448 0 0
 499.787040693579 111.008393177132 0 0
 501.938271636416 114.387027967169 0 0
 504.089549044477 -NAN 0 0
 506.240878875 -NAN 0 0
 508.392267085223 -NAN 0 0
 510.543719632384 -NAN 0 0
 512.695242473721 -NAN 0 0
 514.846841566472 -NAN 0 0
 516.998522867875 -NAN 0 0
 519.150292335168 -NAN 0 0
 521.302155925589 -NAN 0 0
 523.454119596376 -NAN 0 0
 525.606189304767 -NAN 0 0
 527.758371008 -NAN 0 0
 529.910670663313 -NAN 0 0
 532.063094227944 -NAN 0 0
 534.215647659131 -NAN 0 0
 536.368336914112 -NAN 0 0
 538.521167950125 -NAN 0 0
 540.674146724408 -NAN 0 0
 542.827279194199 -NAN 0 0
 544.980571316736 -NAN 0 0
 547.134029049257 -NAN 0 0
 549.287658349 -NAN 0 0
 551.441465173203 -NAN 0 0
 553.595455479104 -NAN 0 0
 555.749635223941 -NAN 0 0
 557.904010364952 -NAN 0 0
 560.058586859375 -NAN 0 0
 562.213370664448 -NAN 0 0
 564.368367737409 -NAN 0 0
 566.523584035496 -NAN 0 0
 568.679025515947 -NAN 0 0
 570.834698136 -NAN 0 0
 572.990607852893 -NAN 0 0
 575.146760623864 -NAN 0 0
 577.303162406151 -NAN 0 0
 579.459819156992 -NAN 0 0
 581.616736833625 -NAN 0 0
 583.773921393288 -NAN 0 0
 585.931378793219 -NAN 0 0
 588.089114990656 -NAN 0 0
 590.247135942837 -NAN 0 0
 592.405447607 -NAN 0 0
 594.564055940383 -NAN 0 0
 596.722966900224 -NAN 0 0
 598.882186443761 -NAN 0 0
 601.041720528232 -NAN 0 0
 603.201575110875 -NAN 0 0
 605.361756148928 -NAN 0 0
 607.522269599629 -NAN 0 0
 609.683121420216 -NAN 0 0
 611.844317567927 -NAN 0 0
 614.005864 -NAN 0 0
 616.167766673673 -NAN 0 0
 618.330031546184 -NAN 0 0
 620.492664574771 -NAN 0 0
 622.655671716672 -NAN 0 0
 624.819058929125 -NAN 0 0
 626.982832169368 -NAN 0 0
 629.146997394639 -NAN 0 0
 631.311560562176 -NAN 0 0
 633.476527629217 -NAN 0 0
 635.641904553 -NAN 0 0
 637.807697290763 -NAN 0 0
 639.973911799744 -NAN 0 0
 642.140554037181 -NAN 0 0
 644.307629960312 -NAN 0 0
 646.475145526375 -NAN 0 0
 648.643106692608 -NAN 0 0
 650.811519416249 -NAN 0 0
 652.980389654536 -NAN 0 0
 655.149723364707 -NAN 0 0
 657.319526504 -NAN 0 0
 659.489805029653 -NAN 0 0
 661.660564898904 -NAN 0 0
 663.831812068991 -NAN 0 0
 666.003552497152 -NAN 0 0
 668.175792140625 -NAN 0 0
 670.348536956648 -NAN 0 0
 672.521792902459 -NAN 0 0
 674.695565935296 -NAN 0 0
 676.869862012397 -NAN 0 0
 679.044687091 -NAN 0 0
 681.220047128343 -NAN 0 0
 683.395948081664 -NAN 0 0
 685.572395908201 -NAN 0 0
 687.749396565192 -NAN 0 0
 689.926956009875 -NAN 0 0
 692.105080199488 -NAN 0 0
 694.283775091269 -NAN 0 0
 696.463046642456 -NAN 0 0
 698.642900810287 -NAN 0 0
 700.823343552 -NAN 0 0
 703.004380824833 -NAN 0 0
 705.186018586024 -NAN 0 0
 707.368262792811 -NAN 0 0
 709.551119402432 -NAN 0 0
 711.734594372125 -NAN 0 0
 713.918693659128 -NAN 0 0
 716.103423220679 -NAN 0 0
 718.288789014016 -NAN 0 0
 720.474796996377 -NAN 0 0
 722.661453125 -NAN 0 0
 724.848763357123 -NAN 0 0
 727.036733649984 -NAN 0 0
 729.225369960821 -NAN 0 0
 731.414678246872 -NAN 0 0
 733.604664465375 -NAN 0 0
 735.795334573568 -NAN 0 0
[END] of [DATA]
[END] of Spectrum


[Spectrum]
Version            = 1
IDData             = 12ad_2026-06-09_09-41-25_000_112
IDDevice           = SAM_82E6
IDDataType         = SPECTRUM
IDDataTypeSub1     = CALIBRATED
IDDataTypeSub2     = 
IDDataTypeSub3     = 
DateTime           = 2026-06-09 09:41:25
PositionLatitude   = 0
PositionLongitude  = 0
Comment            = 20260609_FrameF
CommentSub1        = UV
CommentSub2        = right
CommentSub3        = 22.5cm
IDMethodType       = SAM Control
MethodName         = SAM_82E6
Mission            = No Mission
MissionSub         = 1
RecordType         = 0
[Attributes]
CalFactor = 1
IDBasisSpec = 
IDDataBack = DLAB_2024-11-11_10-40-48_641_639
IDDataCal = DLAB_2024-11-12_11-45-27_171_455
IntegrationTime = 128
P31 = -1
P31e = 0
PathLength = +INF
PathLengthCustomOn = 0
RAWDynamic = 65535
Salinity = 0
Temperature = -NAN
Unit1 = $01 $01 Wavelength nm
Unit2 = $03 $06 Intensity mW/(m^2 nm)
Unit3 = $f0 $06 Error mW/(m^2 nm)
Unit4 = $f1 $00 Status 
p999 = 7506
[END] of [Attributes]
[DATA]
 0 6 0 0
 185.260577530984 -NAN 0 0
 187.468128380571 -NAN 0 0
 189.674861895872 -NAN 0 0
 191.880784034125 -NAN 0 0
 194.085900752568 -NAN 0 0
 196.290218008439 -NAN 0 0
 198.493741758976 -NAN 0 0
 200.696477961417 -NAN 0 0
 202.898432573 -NAN 0 0
 205.099611550963 -NAN 0 0
 207.300020852544 -NAN 0 0
 209.499666434981 -NAN 0 0
 211.698554255512 -NAN 0 0
 213.896690271375 -NAN 0 0
 216.094080439808 -NAN 0 0
 218.290730718049 -NAN 0 0
 220.486647063336 -NAN 0 0
 222.681835432907 -NAN 0 0
 224.876301784 -NAN 0 0
 227.070052073853 -NAN 0 0
 229.263092259704 -NAN 0 0
 231.455428298791 -NAN 0 0
 233.647066148352 -NAN 0 0
 235.838011765625 -NAN 0 0
 238.028271107848 -NAN 0 0
 240.217850132259 -NAN 0 0
 242.406754796096 -NAN 0 0
 244.594991056597 -NAN 0 0
 246.782564871 -NAN 0 0
 248.969482196543 -NAN 0 0
 251.155748990464 -NAN 0 0
 253.341371210001 -NAN 0 0
 255.526354812392 -NAN 0 0
 257.710705754875 -NAN 0 0
 259.894429994688 -NAN 0 0
 262.077533489069 -NAN 0 0
 264.260022195256 -NAN 0 0
 266.441902070487 -NAN 0 0
 268.623179072 -NAN 0 0
 270.803859157033 -NAN 0 0
 272.983948282824 -NAN 0 0
 275.163452406611 -NAN 0 0
 277.342377485632 -NAN 0 0
 279.520729477125 2.48856428500819 0 0
 281.698514338328 6.14798820345068 0 0
 283.875738026479 8.34213576216824 0 0
 286.052406498816 10.0059593699107 0 0
 288.228525712577 16.777925192641 0 0
 290.404101625 22.508451723272 0 0
 292.579140193323 27.870423697998 0 0
 294.753647374784 38.607043758675 0 0
 296.927629126621 45.2257068705837 0 0
 299.101091406072 50.8276601088731 0 0
 301.274040170375 60.6810915073806 0 0
 303.446481376768 64.2602972892413 0 0
 305.618420982489 67.0529693776792 0 0
 307.789864944776 71.1427420109355 0 0
 309.960819220867 74.3781560186651 0 0
 312.131289768 76.2917170524661 0 0
 314.301282543413 74.6821866433724 0 0
 316.470803504344 67.4471822397197 0 0
 318.639858608031 60.3926477880697 0 0
 320.808453811712 56.9024984170944 0 0
 322.976595072625 53.2997685385014 0 0
 325.144288348008 47.0205260216973 0 0
 327.311539595099 44.5472564948503 0 0
 329.478354771136 40.2913360036732 0 0
 331.644739833357 34.1951506018277 0 0
 333.810700739 33.045047864408 0 0
 335.976243445303 29.3829024885803 0 0
 338.141373909504 23.4450669229805 0 0
 340.306098088841 22.4615800709437 0 0
 342.470421940552 19.6326698121507 0 0
 344.634351421875 15.5227668342919 0 0
 346.797892490048 14.9514650959811 0 0
 348.961051102309 13.1014206409385 0 0
 351.123833215896 10.0387726227059 0 0
 353.286244788047 9.94614326619987 0 0
 355.448291776 8.90436780727684 0 0
 357.609980136993 6.26844483428577 0 0
 359.771315828264 7.61767625603512 0 0
 361.932304807051 10.8589402359549 0 0
 364.092953030592 13.2570198948061 0 0
 366.253266456125 14.1787772989945 0 0
 368.413251040888 8.7237225924668 0 0
 370.572912742119 3.30314364441889 0 0
 372.732257517056 3.52447895258788 0 0
 374.891291322937 3.24005935957462 0 0
 377.050020117 1.01026581715885 0 0
 379.208449856483 2.44292139424241 0 0
 381.366586498624 2.58669078427173 0 0
 383.524436000661 0.441748975707531 0 0
 385.682004319832 1.7714210211553 0 0
 387.839297413375 2.35901022319601 0 0
 389.996321238528 0.264307879878016 0 0
 392.153081752529 1.67075946391518 0 0
 394.309584912616 2.30027354084766 0 0
 396.465836676027 0.202923810490646 0 0
 398.621843 2.17667002529327 0 0
 400.777609841773 5.76184081718945 0 0
 402.933143158584 9.56182489178159 0 0
 405.088448907671 12.8039620148702 0 0
 407.243533046272 10.4475570026237 0 0
 409.398401531625 4.85566643087188 0 0
 411.553060320968 5.17627431905292 0 0
 413.707515371539 7.09834112833701 0 0
 415.861772640576 8.02338308237106 0 0
 418.015838085317 12.4630418977469 0 0
 420.169717663 18.179570142097 0 0
 422.323417330863 23.8754239453405 0 0
 424.476943046144 34.5831971730315 0 0
 426.630300766081 48.7132645431711 0 0
 428.783496447912 66.0588963170404 0 0
 430.936536048875 94.0904667844978 0 0
 433.089425526208 140.640889928452 0 0
 435.242170837149 192.117439554536 0 0
 437.394777938936 241.896098700393 0 0
 439.547252788807 296.355846208924 0 0
 441.699601344 377.330203930334 0 0
 443.851829561753 477.619873542268 0 0
 446.003943399304 570.358031457085 0 0
 448.155948813891 621.311422299226 0 0
 450.307851762752 613.744695751407 0 0
 452.459658203125 550.475915112151 0 0
 454.611374092248 459.033576415311 0 0
 456.763005387359 375.463432278895 0 0
 458.914558045696 313.643046683387 0 0
 461.066038024497 269.5267954541 0 0
 463.217451281 237.505062348365 0 0
 465.368803772443 207.593909742902 0 0
 467.520101456064 174.33710964398 0 0
 469.671350289101 145.486009830552 0 0
 471.822556228792 122.723365306828 0 0
 473.973725232375 104.265902897592 0 0
 476.124863257088 94.4202639880522 0 0
 478.275976260169 89.5929157685108 0 0
 480.427070198856 84.8625556835924 0 0
 482.578151030387 83.4257671991937 0 0
 484.729224712 83.9374927686271 0 0
 486.880297200933 83.0565792137477 0 0
 489.031374454424 85.6170664482866 0 0
 491.182462429711 90.6535489846901 0 0
 493.333567084032 93.6581210723764 0 0
 495.484694374625 99.1375198506855 0 0
 497.635850258728 105.821419662265 0 0
 499.787040693579 109.584199877879 0 0
 501.938271636416 114.798146753417 0 0
 504.089549044477 -NAN 0 0
 506.240878875 -NAN 0 0
 508.392267085223 -NAN 0 0
 510.543719632384 -NAN 0 0
 512.695242473721 -NAN 0 0
 514.846841566472 -NAN 0 0
 516.998522867875 -NAN 0 0
 519.150292335168 -NAN 0 0
 521.302155925589 -NAN 0 0
 523.454119596376 -NAN 0 0
 525.606189304767 -NAN 0 0
 527.758371008 -NAN 0 0
 529.910670663313 -NAN 0 0
 532.063094227944 -NAN 0 0
 534.215647659131 -NAN 0 0
 536.368336914112 -NAN 0 0
 538.521167950125 -NAN 0 0
 540.674146724408 -NAN 0 0
 542.827279194199 -NAN 0 0
 544.980571316736 -NAN 0 0
 547.134029049257 -NAN 0 0
 549.287658349 -NAN 0 0
 551.441465173203 -NAN 0 0
 553.595455479104 -NAN 0 0
 555.749635223941 -NAN 0 0
 557.904010364952 -NAN 0 0
 560.058586859375 -NAN 0 0
 562.213370664448 -NAN 0 0
 564.368367737409 -NAN 0 0
 566.523584035496 -NAN 0 0
 568.679025515947 -NAN 0 0
 570.834698136 -NAN 0 0
 572.990607852893 -NAN 0 0
 575.146760623864 -NAN 0 0
 577.303162406151 -NAN 0 0
 579.459819156992 -NAN 0 0
 581.616736833625 -NAN 0 0
 583.773921393288 -NAN 0 0
 585.931378793219 -NAN 0 0
 588.089114990656 -NAN 0 0
 590.247135942837 -NAN 0 0
 592.405447607 -NAN 0 0
 594.564055940383 -NAN 0 0
 596.722966900224 -NAN 0 0
 598.882186443761 -NAN 0 0
 601.041720528232 -NAN 0 0
 603.201575110875 -NAN 0 0
 605.361756148928 -NAN 0 0
 607.522269599629 -NAN 0 0
 609.683121420216 -NAN 0 0
 611.844317567927 -NAN 0 0
 614.005864 -NAN 0 0
 616.167766673673 -NAN 0 0
 618.330031546184 -NAN 0 0
 620.492664574771 -NAN 0 0
 622.655671716672 -NAN 0 0
 624.819058929125 -NAN 0 0
 626.982832169368 -NAN 0 0
 629.146997394639 -NAN 0 0
 631.311560562176 -NAN 0 0
 633.476527629217 -NAN 0 0
 635.641904553 -NAN 0 0
 637.807697290763 -NAN 0 0
 639.973911799744 -NAN 0 0
 642.140554037181 -NAN 0 0
 644.307629960312 -NAN 0 0
 646.475145526375 -NAN 0 0
 648.643106692608 -NAN 0 0
 650.811519416249 -NAN 0 0
 652.980389654536 -NAN 0 0
 655.149723364707 -NAN 0 0
 657.319526504 -NAN 0 0
 659.489805029653 -NAN 0 0
 661.660564898904 -NAN 0 0
 663.831812068991 -NAN 0 0
 666.003552497152 -NAN 0 0
 668.175792140625 -NAN 0 0
 670.348536956648 -NAN 0 0
 672.521792902459 -NAN 0 0
 674.695565935296 -NAN 0 0
 676.869862012397 -NAN 0 0
 679.044687091 -NAN 0 0
 681.220047128343 -NAN 0 0
 683.395948081664 -NAN 0 0
 685.572395908201 -NAN 0 0
 687.749396565192 -NAN 0 0
 689.926956009875 -NAN 0 0
 692.105080199488 -NAN 0 0
 694.283775091269 -NAN 0 0
 696.463046642456 -NAN 0 0
 698.642900810287 -NAN 0 0
 700.823343552 -NAN 0 0
 703.004380824833 -NAN 0 0
 705.186018586024 -NAN 0 0
 707.368262792811 -NAN 0 0
 709.551119402432 -NAN 0 0
 711.734594372125 -NAN 0 0
 713.918693659128 -NAN 0 0
 716.103423220679 -NAN 0 0
 718.288789014016 -NAN 0 0
 720.474796996377 -NAN 0 0
 722.661453125 -NAN 0 0
 724.848763357123 -NAN 0 0
 727.036733649984 -NAN 0 0
 729.225369960821 -NAN 0 0
 731.414678246872 -NAN 0 0
 733.604664465375 -NAN 0 0
 735.795334573568 -NAN 0 0
[END] of [DATA]
[END] of Spectrum


[Spectrum]
Version            = 1
IDData             = 12ad_2026-06-09_09-41-20_000_109
IDDevice           = SAM_82E6
IDDataType         = SPECTRUM
IDDataTypeSub1     = CALIBRATED
IDDataTypeSub2     = 
IDDataTypeSub3     = 
DateTime           = 2026-06-09 09:41:20
PositionLatitude   = 0
PositionLongitude  = 0
Comment            = 20260609_FrameF
CommentSub1        = UV
CommentSub2        = right
CommentSub3        = 22.5cm
IDMethodType       = SAM Control
MethodName         = SAM_82E6
Mission            = No Mission
MissionSub         = 1
RecordType         = 0
[Attributes]
CalFactor = 1
IDBasisSpec = 
IDDataBack = DLAB_2024-11-11_10-40-48_641_639
IDDataCal = DLAB_2024-11-12_11-45-27_171_455
IntegrationTime = 128
P31 = -1
P31e = 0
PathLength = +INF
PathLengthCustomOn = 0
RAWDynamic = 65535
Salinity = 0
Temperature = -NAN
Unit1 = $01 $01 Wavelength nm
Unit2 = $03 $06 Intensity mW/(m^2 nm)
Unit3 = $f0 $06 Error mW/(m^2 nm)
Unit4 = $f1 $00 Status 
p999 = 7505
[END] of [Attributes]
[DATA]
 0 6 0 0
 185.260577530984 -NAN 0 0
 187.468128380571 -NAN 0 0
 189.674861895872 -NAN 0 0
 191.880784034125 -NAN 0 0
 194.085900752568 -NAN 0 0
 196.290218008439 -NAN 0 0
 198.493741758976 -NAN 0 0
 200.696477961417 -NAN 0 0
 202.898432573 -NAN 0 0
 205.099611550963 -NAN 0 0
 207.300020852544 -NAN 0 0
 209.499666434981 -NAN 0 0
 211.698554255512 -NAN 0 0
 213.896690271375 -NAN 0 0
 216.094080439808 -NAN 0 0
 218.290730718049 -NAN 0 0
 220.486647063336 -NAN 0 0
 222.681835432907 -NAN 0 0
 224.876301784 -NAN 0 0
 227.070052073853 -NAN 0 0
 229.263092259704 -NAN 0 0
 231.455428298791 -NAN 0 0
 233.647066148352 -NAN 0 0
 235.838011765625 -NAN 0 0
 238.028271107848 -NAN 0 0
 240.217850132259 -NAN 0 0
 242.406754796096 -NAN 0 0
 244.594991056597 -NAN 0 0
 246.782564871 -NAN 0 0
 248.969482196543 -NAN 0 0
 251.155748990464 -NAN 0 0
 253.341371210001 -NAN 0 0
 255.526354812392 -NAN 0 0
 257.710705754875 -NAN 0 0
 259.894429994688 -NAN 0 0
 262.077533489069 -NAN 0 0
 264.260022195256 -NAN 0 0
 266.441902070487 -NAN 0 0
 268.623179072 -NAN 0 0
 270.803859157033 -NAN 0 0
 272.983948282824 -NAN 0 0
 275.163452406611 -NAN 0 0
 277.342377485632 -NAN 0 0
 279.520729477125 2.36527762620286 0 0
 281.698514338328 5.33606743750263 0 0
 283.875738026479 8.78696055253662 0 0
 286.052406498816 10.0190262264612 0 0
 288.228525712577 15.6303320622163 0 0
 290.404101625 22.5477127274661 0 0
 292.579140193323 27.2234338661189 0 0
 294.753647374784 36.7469206706468 0 0
 296.927629126621 44.6429388779416 0 0
 299.101091406072 49.7014810015743 0 0
 301.274040170375 58.5402430735439 0 0
 303.446481376768 63.247839043357 0 0
 305.618420982489 65.5527495908003 0 0
 307.789864944776 69.0166958244085 0 0
 309.960819220867 73.3957979269267 0 0
 312.131289768 74.6207187065753 0 0
 314.301282543413 72.3693720869351 0 0
 316.470803504344 66.6664781466675 0 0
 318.639858608031 59.223274964755 0 0
 320.808453811712 55.2612479676996 0 0
 322.976595072625 52.9580565837962 0 0
 325.144288348008 46.201950086464 0 0
 327.311539595099 42.7660751776973 0 0
 329.478354771136 40.1708535017132 0 0
 331.644739833357 33.8087497314313 0 0
 333.810700739 31.326517099748 0 0
 335.976243445303 29.1604921568917 0 0
 338.141373909504 23.2554721826138 0 0
 340.306098088841 21.0567891578539 0 0
 342.470421940552 19.8801556678353 0 0
 344.634351421875 15.4435413170932 0 0
 346.797892490048 14.0056180657553 0 0
 348.961051102309 13.4449127118122 0 0
 351.123833215896 9.86750229327114 0 0
 353.286244788047 9.05308928551465 0 0
 355.448291776 9.20447965618669 0 0
 357.609980136993 6.52865505779882 0 0
 359.771315828264 6.73675860159389 0 0
 361.932304807051 11.1257660867347 0 0
 364.092953030592 13.4907265838297 0 0
 366.253266456125 13.2853942728521 0 0
 368.413251040888 9.1274186168167 0 0
 370.572912742119 3.6761735935106 0 0
 372.732257517056 2.62045440861059 0 0
 374.891291322937 3.88137030415682 0 0
 377.050020117 1.54410716625665 0 0
 379.208449856483 1.42272713562497 0 0
 381.366586498624 3.31169606461794 0 0
 383.524436000661 0.940601400885337 0 0
 385.682004319832 1.11855956264652 0 0
 387.839297413375 2.95834555204159 0 0
 389.996321238528 0.782623382453689 0 0
 392.153081752529 0.834021399304742 0 0
 394.309584912616 2.75436458489666 0 0
 396.465836676027 0.794975839100201 0 0
 398.621843 1.59152950523588 0 0
 400.777609841773 6.21831719195757 0 0
 402.933143158584 9.82415940330072 0 0
 405.088448907671 11.6873014382175 0 0
 407.243533046272 10.6293216229931 0 0
 409.398401531625 5.40222794215963 0 0
 411.553060320968 4.67001628365248 0 0
 413.707515371539 7.3369872409352 0 0
 415.861772640576 8.36324563078669 0 0
 418.015838085317 11.9764649813998 0 0
 420.169717663 18.5797379687164 0 0
 422.323417330863 24.3121509591152 0 0
 424.476943046144 34.1597923508181 0 0
 426.630300766081 48.9540943787249 0 0
 428.783496447912 66.5368594555001 0 0
 430.936536048875 93.741906805382 0 0
 433.089425526208 140.312998457817 0 0
 435.242170837149 191.649898723678 0 0
 437.394777938936 240.737908454514 0 0
 439.547252788807 296.275774178553 0 0
 441.699601344 377.75186411264 0 0
 443.851829561753 477.250739068015 0 0
 446.003943399304 570.735334256187 0 0
 448.155948813891 621.808917943826 0 0
 450.307851762752 613.168437013877 0 0
 452.459658203125 550.834397002843 0 0
 454.611374092248 459.504298911177 0 0
 456.763005387359 374.980187027624 0 0
 458.914558045696 313.921497343213 0 0
 461.066038024497 270.067824754041 0 0
 463.217451281 237.308758539081 0 0
 465.368803772443 207.565410072927 0 0
 467.520101456064 175.060048917516 0 0
 469.671350289101 144.969657811173 0 0
 471.822556228792 122.87093064955 0 0
 473.973725232375 104.989321090909 0 0
 476.124863257088 93.8921637836193 0 0
 478.275976260169 89.842946107738 0 0
 480.427070198856 85.3337164027348 0 0
 482.578151030387 82.9737275063943 0 0
 484.729224712 84.1286022577137 0 0
 486.880297200933 83.5700185436989 0 0
 489.031374454424 85.1034774893302 0 0
 491.182462429711 90.6032902274303 0 0
 493.333567084032 94.1290603088638 0 0
 495.484694374625 98.8486368964691 0 0
 497.635850258728 105.949784021728 0 0
 499.787040693579 110.181056459016 0 0
 501.938271636416 114.342902652415 0 0
 504.089549044477 -NAN 0 0
 506.240878875 -NAN 0 0
 508.392267085223 -NAN 0 0
 510.543719632384 -NAN 0 0
 512.695242473721 -NAN 0 0
 514.846841566472 -NAN 0 0
 516.998522867875 -NAN 0 0
 519.150292335168 -NAN 0 0
 521.302155925589 -NAN 0 0
 523.454119596376 -NAN 0 0
 525.606189304767 -NAN 0 0
 527.758371008 -NAN 0 0
 529.910670663313 -NAN 0 0
 532.063094227944 -NAN 0 0
 534.215647659131 -NAN 0 0
 536.368336914112 -NAN 0 0
 538.521167950125 -NAN 0 0
 540.674146724408 -NAN 0 0
 542.827279194199 -NAN 0 0
 544.980571316736 -NAN 0 0
 547.134029049257 -NAN 0 0
 549.287658349 -NAN 0 0
 551.441465173203 -NAN 0 0
 553.595455479104 -NAN 0 0
 555.749635223941 -NAN 0 0
 557.904010364952 -NAN 0 0
 560.058586859375 -NAN 0 0
 562.213370664448 -NAN 0 0
 564.368367737409 -NAN 0 0
 566.523584035496 -NAN 0 0
 568.679025515947 -NAN 0 0
 570.834698136 -NAN 0 0
 572.990607852893 -NAN 0 0
 575.146760623864 -NAN 0 0
 577.303162406151 -NAN 0 0
 579.459819156992 -NAN 0 0
 581.616736833625 -NAN 0 0
 583.773921393288 -NAN 0 0
 585.931378793219 -NAN 0 0
 588.089114990656 -NAN 0 0
 590.247135942837 -NAN 0 0
 592.405447607 -NAN 0 0
 594.564055940383 -NAN 0 0
 596.722966900224 -NAN 0 0
 598.882186443761 -NAN 0 0
 601.041720528232 -NAN 0 0
 603.201575110875 -NAN 0 0
 605.361756148928 -NAN 0 0
 607.522269599629 -NAN 0 0
 609.683121420216 -NAN 0 0
 611.844317567927 -NAN 0 0
 614.005864 -NAN 0 0
 616.167766673673 -NAN 0 0
 618.330031546184 -NAN 0 0
 620.492664574771 -NAN 0 0
 622.655671716672 -NAN 0 0
 624.819058929125 -NAN 0 0
 626.982832169368 -NAN 0 0
 629.146997394639 -NAN 0 0
 631.311560562176 -NAN 0 0
 633.476527629217 -NAN 0 0
 635.641904553 -NAN 0 0
 637.807697290763 -NAN 0 0
 639.973911799744 -NAN 0 0
 642.140554037181 -NAN 0 0
 644.307629960312 -NAN 0 0
 646.475145526375 -NAN 0 0
 648.643106692608 -NAN 0 0
 650.811519416249 -NAN 0 0
 652.980389654536 -NAN 0 0
 655.149723364707 -NAN 0 0
 657.319526504 -NAN 0 0
 659.489805029653 -NAN 0 0
 661.660564898904 -NAN 0 0
 663.831812068991 -NAN 0 0
 666.003552497152 -NAN 0 0
 668.175792140625 -NAN 0 0
 670.348536956648 -NAN 0 0
 672.521792902459 -NAN 0 0
 674.695565935296 -NAN 0 0
 676.869862012397 -NAN 0 0
 679.044687091 -NAN 0 0
 681.220047128343 -NAN 0 0
 683.395948081664 -NAN 0 0
 685.572395908201 -NAN 0 0
 687.749396565192 -NAN 0 0
 689.926956009875 -NAN 0 0
 692.105080199488 -NAN 0 0
 694.283775091269 -NAN 0 0
 696.463046642456 -NAN 0 0
 698.642900810287 -NAN 0 0
 700.823343552 -NAN 0 0
 703.004380824833 -NAN 0 0
 705.186018586024 -NAN 0 0
 707.368262792811 -NAN 0 0
 709.551119402432 -NAN 0 0
 711.734594372125 -NAN 0 0
 713.918693659128 -NAN 0 0
 716.103423220679 -NAN 0 0
 718.288789014016 -NAN 0 0
 720.474796996377 -NAN 0 0
 722.661453125 -NAN 0 0
 724.848763357123 -NAN 0 0
 727.036733649984 -NAN 0 0
 729.225369960821 -NAN 0 0
 731.414678246872 -NAN 0 0
 733.604664465375 -NAN 0 0
 735.795334573568 -NAN 0 0
[END] of [DATA]
[END] of Spectrum


[Spectrum]
Version            = 1
IDData             = 12ad_2026-06-09_09-41-15_000_106
IDDevice           = SAM_82E6
IDDataType         = SPECTRUM
IDDataTypeSub1     = CALIBRATED
IDDataTypeSub2     = 
IDDataTypeSub3     = 
DateTime           = 2026-06-09 09:41:15
PositionLatitude   = 0
PositionLongitude  = 0
Comment            = 20260609_FrameF
CommentSub1        = UV
CommentSub2        = right
CommentSub3        = 22.5cm
IDMethodType       = SAM Control
MethodName         = SAM_82E6
Mission            = No Mission
MissionSub         = 1
RecordType         = 0
[Attributes]
CalFactor = 1
IDBasisSpec = 
IDDataBack = DLAB_2024-11-11_10-40-48_641_639
IDDataCal = DLAB_2024-11-12_11-45-27_171_455
IntegrationTime = 128
P31 = -1
P31e = 0
PathLength = +INF
PathLengthCustomOn = 0
RAWDynamic = 65535
Salinity = 0
Temperature = -NAN
Unit1 = $01 $01 Wavelength nm
Unit2 = $03 $06 Intensity mW/(m^2 nm)
Unit3 = $f0 $06 Error mW/(m^2 nm)
Unit4 = $f1 $00 Status 
p999 = 7504
[END] of [Attributes]
[DATA]
 0 6 0 0
 185.260577530984 -NAN 0 0
 187.468128380571 -NAN 0 0
 189.674861895872 -NAN 0 0
 191.880784034125 -NAN 0 0
 194.085900752568 -NAN 0 0
 196.290218008439 -NAN 0 0
 198.493741758976 -NAN 0 0
 200.696477961417 -NAN 0 0
 202.898432573 -NAN 0 0
 205.099611550963 -NAN 0 0
 207.300020852544 -NAN 0 0
 209.499666434981 -NAN 0 0
 211.698554255512 -NAN 0 0
 213.896690271375 -NAN 0 0
 216.094080439808 -NAN 0 0
 218.290730718049 -NAN 0 0
 220.486647063336 -NAN 0 0
 222.681835432907 -NAN 0 0
 224.876301784 -NAN 0 0
 227.070052073853 -NAN 0 0
 229.263092259704 -NAN 0 0
 231.455428298791 -NAN 0 0
 233.647066148352 -NAN 0 0
 235.838011765625 -NAN 0 0
 238.028271107848 -NAN 0 0
 240.217850132259 -NAN 0 0
 242.406754796096 -NAN 0 0
 244.594991056597 -NAN 0 0
 246.782564871 -NAN 0 0
 248.969482196543 -NAN 0 0
 251.155748990464 -NAN 0 0
 253.341371210001 -NAN 0 0
 255.526354812392 -NAN 0 0
 257.710705754875 -NAN 0 0
 259.894429994688 -NAN 0 0
 262.077533489069 -NAN 0 0
 264.260022195256 -NAN 0 0
 266.441902070487 -NAN 0 0
 268.623179072 -NAN 0 0
 270.803859157033 -NAN 0 0
 272.983948282824 -NAN 0 0
 275.163452406611 -NAN 0 0
 277.342377485632 -NAN 0 0
 279.520729477125 4.37522376066558 0 0
 281.698514338328 3.9397206129736 0 0
 283.875738026479 7.25337413240942 0 0
 286.052406498816 12.1010120368381 0 0
 288.228525712577 13.9712648399543 0 0
 290.404101625 20.5759378501643 0 0
 292.579140193323 28.9656548513097 0 0
 294.753647374784 34.9894533821787 0 0
 296.927629126621 42.4185172589677 0 0
 299.101091406072 50.595273943875 0 0
 301.274040170375 56.5490799773575 0 0
 303.446481376768 60.5282910042501 0 0
 305.618420982489 65.7592314539406 0 0
 307.789864944776 66.6437332632773 0 0
 309.960819220867 70.2768920383052 0 0
 312.131289768 74.7760034013449 0 0
 314.301282543413 69.9972545931532 0 0
 316.470803504344 63.5803145487804 0 0
 318.639858608031 59.8870773595079 0 0
 320.808453811712 53.0968738957484 0 0
 322.976595072625 50.0640516340704 0 0
 325.144288348008 47.440641713325 0 0
 327.311539595099 41.0156797104703 0 0
 329.478354771136 37.2703488248985 0 0
 331.644739833357 35.4787121138341 0 0
 333.810700739 30.1985925151908 0 0
 335.976243445303 26.5090121242118 0 0
 338.141373909504 25.0165966597976 0 0
 340.306098088841 20.1935553214045 0 0
 342.470421940552 17.6802813950832 0 0
 344.634351421875 17.2468649942837 0 0
 346.797892490048 13.3025746793039 0 0
 348.961051102309 11.3978387540803 0 0
 351.123833215896 11.4525924009812 0 0
 353.286244788047 8.63436800519337 0 0
 355.448291776 7.41671659923985 0 0
 357.609980136993 7.929292804116 0 0
 359.771315828264 6.38181009614139 0 0
 361.932304807051 9.2217495219111 0 0
 364.092953030592 15.0081265357508 0 0
 366.253266456125 13.0261380221284 0 0
 368.413251040888 7.11257539618745 0 0
 370.572912742119 5.36422831263267 0 0
 372.732257517056 2.44825925737683 0 0
 374.891291322937 1.7436671555495 0 0
 377.050020117 3.64636612239374 0 0
 379.208449856483 1.51509040183725 0 0
 381.366586498624 0.861093421108554 0 0
 383.524436000661 3.0553945879639 0 0
 385.682004319832 1.21243506648438 0 0
 387.839297413375 0.654517550379848 0 0
 389.996321238528 2.67047171703826 0 0
 392.153081752529 0.950581925718136 0 0
 394.309584912616 0.561636660479865 0 0
 396.465836676027 2.57515948974934 0 0
 398.621843 1.63133498279081 0 0
 400.777609841773 3.96324587045352 0 0
 402.933143158584 11.0711988203772 0 0
 405.088448907671 11.7683791038491 0 0
 407.243533046272 8.54793851915449 0 0
 409.398401531625 6.57097582793217 0 0
 411.553060320968 4.96119737590894 0 0
 413.707515371539 5.51691288885304 0 0
 415.861772640576 9.6430883806762 0 0
 418.015838085317 12.3244412003632 0 0
 420.169717663 16.8882484320843 0 0
 422.323417330863 25.5097168585224 0 0
 424.476943046144 34.5698825559808 0 0
 426.630300766081 47.4262491854266 0 0
 428.783496447912 67.3966873236287 0 0
 430.936536048875 93.9594477852557 0 0
 433.089425526208 138.457375616595 0 0
 435.242170837149 191.659489304824 0 0
 437.394777938936 240.344651310986 0 0
 439.547252788807 294.480219558115 0 0
 441.699601344 378.486687120401 0 0
 443.851829561753 477.74291836702 0 0
 446.003943399304 569.128589002869 0 0
 448.155948813891 622.672296628635 0 0
 450.307851762752 613.731168550996 0 0
 452.459658203125 548.844683563037 0 0
 454.611374092248 460.491389720689 0 0
 456.763005387359 375.413643374218 0 0
 458.914558045696 311.831620347959 0 0
 461.066038024497 270.960370265808 0 0
 463.217451281 237.84469909776 0 0
 465.368803772443 205.79209727451 0 0
 467.520101456064 175.940428299512 0 0
 469.671350289101 145.878956964797 0 0
 471.822556228792 120.7591066337 0 0
 473.973725232375 105.696222887119 0 0
 476.124863257088 94.862008184213 0 0
 478.275976260169 87.6960189282403 0 0
 480.427070198856 86.2092065333396 0 0
 482.578151030387 83.9112913136819 0 0
 484.729224712 81.9291667341912 0 0
 486.880297200933 84.4895111999514 0 0
 489.031374454424 86.0836603391033 0 0
 491.182462429711 88.4857212548847 0 0
 493.333567084032 94.8638591175677 0 0
 495.484694374625 99.6986832904851 0 0
 497.635850258728 103.869623119666 0 0
 499.787040693579 110.663760142122 0 0
 501.938271636416 115.324421848902 0 0
 504.089549044477 -NAN 0 0
 506.240878875 -NAN 0 0
 508.392267085223 -NAN 0 0
 510.543719632384 -NAN 0 0
 512.695242473721 -NAN 0 0
 514.846841566472 -NAN 0 0
 516.998522867875 -NAN 0 0
 519.150292335168 -NAN 0 0
 521.302155925589 -NAN 0 0
 523.454119596376 -NAN 0 0
 525.606189304767 -NAN 0 0
 527.758371008 -NAN 0 0
 529.910670663313 -NAN 0 0
 532.063094227944 -NAN 0 0
 534.215647659131 -NAN 0 0
 536.368336914112 -NAN 0 0
 538.521167950125 -NAN 0 0
 540.674146724408 -NAN 0 0
 542.827279194199 -NAN 0 0
 544.980571316736 -NAN 0 0
 547.134029049257 -NAN 0 0
 549.287658349 -NAN 0 0
 551.441465173203 -NAN 0 0
 553.595455479104 -NAN 0 0
 555.749635223941 -NAN 0 0
 557.904010364952 -NAN 0 0
 560.058586859375 -NAN 0 0
 562.213370664448 -NAN 0 0
 564.368367737409 -NAN 0 0
 566.523584035496 -NAN 0 0
 568.679025515947 -NAN 0 0
 570.834698136 -NAN 0 0
 572.990607852893 -NAN 0 0
 575.146760623864 -NAN 0 0
 577.303162406151 -NAN 0 0
 579.459819156992 -NAN 0 0
 581.616736833625 -NAN 0 0
 583.773921393288 -NAN 0 0
 585.931378793219 -NAN 0 0
 588.089114990656 -NAN 0 0
 590.247135942837 -NAN 0 0
 592.405447607 -NAN 0 0
 594.564055940383 -NAN 0 0
 596.722966900224 -NAN 0 0
 598.882186443761 -NAN 0 0
 601.041720528232 -NAN 0 0
 603.201575110875 -NAN 0 0
 605.361756148928 -NAN 0 0
 607.522269599629 -NAN 0 0
 609.683121420216 -NAN 0 0
 611.844317567927 -NAN 0 0
 614.005864 -NAN 0 0
 616.167766673673 -NAN 0 0
 618.330031546184 -NAN 0 0
 620.492664574771 -NAN 0 0
 622.655671716672 -NAN 0 0
 624.819058929125 -NAN 0 0
 626.982832169368 -NAN 0 0
 629.146997394639 -NAN 0 0
 631.311560562176 -NAN 0 0
 633.476527629217 -NAN 0 0
 635.641904553 -NAN 0 0
 637.807697290763 -NAN 0 0
 639.973911799744 -NAN 0 0
 642.140554037181 -NAN 0 0
 644.307629960312 -NAN 0 0
 646.475145526375 -NAN 0 0
 648.643106692608 -NAN 0 0
 650.811519416249 -NAN 0 0
 652.980389654536 -NAN 0 0
 655.149723364707 -NAN 0 0
 657.319526504 -NAN 0 0
 659.489805029653 -NAN 0 0
 661.660564898904 -NAN 0 0
 663.831812068991 -NAN 0 0
 666.003552497152 -NAN 0 0
 668.175792140625 -NAN 0 0
 670.348536956648 -NAN 0 0
 672.521792902459 -NAN 0 0
 674.695565935296 -NAN 0 0
 676.869862012397 -NAN 0 0
 679.044687091 -NAN 0 0
 681.220047128343 -NAN 0 0
 683.395948081664 -NAN 0 0
 685.572395908201 -NAN 0 0
 687.749396565192 -NAN 0 0
 689.926956009875 -NAN 0 0
 692.105080199488 -NAN 0 0
 694.283775091269 -NAN 0 0
 696.463046642456 -NAN 0 0
 698.642900810287 -NAN 0 0
 700.823343552 -NAN 0 0
 703.004380824833 -NAN 0 0
 705.186018586024 -NAN 0 0
 707.368262792811 -NAN 0 0
 709.551119402432 -NAN 0 0
 711.734594372125 -NAN 0 0
 713.918693659128 -NAN 0 0
 716.103423220679 -NAN 0 0
 718.288789014016 -NAN 0 0
 720.474796996377 -NAN 0 0
 722.661453125 -NAN 0 0
 724.848763357123 -NAN 0 0
 727.036733649984 -NAN 0 0
 729.225369960821 -NAN 0 0
 731.414678246872 -NAN 0 0
 733.604664465375 -NAN 0 0
 735.795334573568 -NAN 0 0
[END] of [DATA]
[END] of Spectrum


[Spectrum]
Version            = 1
IDData             = 12ad_2026-06-09_09-41-10_000_103
IDDevice           = SAM_82E6
IDDataType         = SPECTRUM
IDDataTypeSub1     = CALIBRATED
IDDataTypeSub2     = 
IDDataTypeSub3     = 
DateTime           = 2026-06-09 09:41:10
PositionLatitude   = 0
PositionLongitude  = 0
Comment            = 20260609_FrameF
CommentSub1        = UV
CommentSub2        = right
CommentSub3        = 22.5cm
IDMethodType       = SAM Control
MethodName         = SAM_82E6
Mission            = No Mission
MissionSub         = 1
RecordType         = 0
[Attributes]
CalFactor = 1
IDBasisSpec = 
IDDataBack = DLAB_2024-11-11_10-40-48_641_639
IDDataCal = DLAB_2024-11-12_11-45-27_171_455
IntegrationTime = 128
P31 = -1
P31e = 0
PathLength = +INF
PathLengthCustomOn = 0
RAWDynamic = 65535
Salinity = 0
Temperature = -NAN
Unit1 = $01 $01 Wavelength nm
Unit2 = $03 $06 Intensity mW/(m^2 nm)
Unit3 = $f0 $06 Error mW/(m^2 nm)
Unit4 = $f1 $00 Status 
p999 = 7503
[END] of [Attributes]
[DATA]
 0 6 0 0
 185.260577530984 -NAN 0 0
 187.468128380571 -NAN 0 0
 189.674861895872 -NAN 0 0
 191.880784034125 -NAN 0 0
 194.085900752568 -NAN 0 0
 196.290218008439 -NAN 0 0
 198.493741758976 -NAN 0 0
 200.696477961417 -NAN 0 0
 202.898432573 -NAN 0 0
 205.099611550963 -NAN 0 0
 207.300020852544 -NAN 0 0
 209.499666434981 -NAN 0 0
 211.698554255512 -NAN 0 0
 213.896690271375 -NAN 0 0
 216.094080439808 -NAN 0 0
 218.290730718049 -NAN 0 0
 220.486647063336 -NAN 0 0
 222.681835432907 -NAN 0 0
 224.876301784 -NAN 0 0
 227.070052073853 -NAN 0 0
 229.263092259704 -NAN 0 0
 231.455428298791 -NAN 0 0
 233.647066148352 -NAN 0 0
 235.838011765625 -NAN 0 0
 238.028271107848 -NAN 0 0
 240.217850132259 -NAN 0 0
 242.406754796096 -NAN 0 0
 244.594991056597 -NAN 0 0
 246.782564871 -NAN 0 0
 248.969482196543 -NAN 0 0
 251.155748990464 -NAN 0 0
 253.341371210001 -NAN 0 0
 255.526354812392 -NAN 0 0
 257.710705754875 -NAN 0 0
 259.894429994688 -NAN 0 0
 262.077533489069 -NAN 0 0
 264.260022195256 -NAN 0 0
 266.441902070487 -NAN 0 0
 268.623179072 -NAN 0 0
 270.803859157033 -NAN 0 0
 272.983948282824 -NAN 0 0
 275.163452406611 -NAN 0 0
 277.342377485632 -NAN 0 0
 279.520729477125 4.28307009650805 0 0
 281.698514338328 4.97259888205406 0 0
 283.875738026479 6.20838891059162 0 0
 286.052406498816 11.7061025944235 0 0
 288.228525712577 14.9741552161058 0 0
 290.404101625 19.3951995018095 0 0
 292.579140193323 27.9225775624414 0 0
 294.753647374784 35.3316393807122 0 0
 296.927629126621 40.61053987003 0 0
 299.101091406072 49.0269652611181 0 0
 301.274040170375 56.0037147936701 0 0
 303.446481376768 58.4422119863007 0 0
 305.618420982489 63.8793861582673 0 0
 307.789864944776 65.7373043210074 0 0
 309.960819220867 67.882056470327 0 0
 312.131289768 72.5457551040011 0 0
 314.301282543413 68.990267460989 0 0
 316.470803504344 61.1587879252601 0 0
 318.639858608031 57.9162531952415 0 0
 320.808453811712 52.7827335015414 0 0
 322.976595072625 48.061591455057 0 0
 325.144288348008 45.8265889874153 0 0
 327.311539595099 40.9863598533979 0 0
 329.478354771136 35.4467494742447 0 0
 331.644739833357 34.0100927137068 0 0
 333.810700739 30.435427073628 0 0
 335.976243445303 25.197808730858 0 0
 338.141373909504 23.7245436143358 0 0
 340.306098088841 20.7283259685131 0 0
 342.470421940552 16.5462985854384 0 0
 344.634351421875 16.0672850715468 0 0
 346.797892490048 13.8872361896862 0 0
 348.961051102309 10.3962760154385 0 0
 351.123833215896 10.6645250027976 0 0
 353.286244788047 9.22101396564349 0 0
 355.448291776 6.67880717862279 0 0
 357.609980136993 7.32963138367439 0 0
 359.771315828264 7.11537034074323 0 0
 361.932304807051 8.58707733363658 0 0
 364.092953030592 13.9084631777365 0 0
 366.253266456125 13.591363361544 0 0
 368.413251040888 6.63007984756504 0 0
 370.572912742119 4.48000917404492 0 0
 372.732257517056 3.43185883336366 0 0
 374.891291322937 1.13596789569384 0 0
 377.050020117 2.67524387493934 0 0
 379.208449856483 2.79698058138948 0 0
 381.366586498624 0.29861369093743 0 0
 383.524436000661 2.05484727364717 0 0
 385.682004319832 2.36169881043885 0 0
 387.839297413375 0.243625717365144 0 0
 389.996321238528 1.7827335120848 0 0
 392.153081752529 2.04680592412983 0 0
 394.309584912616 0.0680001501323013 0 0
 396.465836676027 1.65418966746781 0 0
 398.621843 2.79896232440192 0 0
 400.777609841773 3.58610014771063 0 0
 402.933143158584 10.0193261413391 0 0
 405.088448907671 12.2966123799334 0 0
 407.243533046272 7.86127217553649 0 0
 409.398401531625 5.78493558318711 0 0
 411.553060320968 5.79282822273231 0 0
 413.707515371539 5.34296638900369 0 0
 415.861772640576 8.8878382730859 0 0
 418.015838085317 13.0125297689349 0 0
 420.169717663 16.7841858766986 0 0
 422.323417330863 24.832194866503 0 0
 424.476943046144 35.1432987302993 0 0
 426.630300766081 47.3157609454592 0 0
 428.783496447912 66.7273703360855 0 0
 430.936536048875 94.3434405754873 0 0
 433.089425526208 137.785400503936 0 0
 435.242170837149 190.118602600732 0 0
 437.394777938936 240.084078488242 0 0
 439.547252788807 294.14375526888 0 0
 441.699601344 377.745288515255 0 0
 443.851829561753 478.389112956869 0 0
 446.003943399304 569.034477193569 0 0
 448.155948813891 622.023007780303 0 0
 450.307851762752 614.411135825014 0 0
 452.459658203125 549.059587435493 0 0
 454.611374092248 459.599394364887 0 0
 456.763005387359 376.237600933961 0 0
 458.914558045696 312.081128107659 0 0
 461.066038024497 270.133033558554 0 0
 463.217451281 238.571750243255 0 0
 465.368803772443 205.770986407863 0 0
 467.520101456064 175.167151032114 0 0
 469.671350289101 146.461341422713 0 0
 471.822556228792 121.012700407861 0 0
 473.973725232375 104.802135257022 0 0
 476.124863257088 95.4775715252291 0 0
 478.275976260169 88.133849833376 0 0
 480.427070198856 85.3248055617108 0 0
 482.578151030387 84.7126851394349 0 0
 484.729224712 82.3091505136616 0 0
 486.880297200933 83.6416092127989 0 0
 489.031374454424 86.9474744487207 0 0
 491.182462429711 88.6041085497633 0 0
 493.333567084032 93.9197539815361 0 0
 495.484694374625 100.453542197671 0 0
 497.635850258728 104.183402665019 0 0
 499.787040693579 109.976668413017 0 0
 501.938271636416 116.116525060103 0 0
 504.089549044477 -NAN 0 0
 506.240878875 -NAN 0 0
 508.392267085223 -NAN 0 0
 510.543719632384 -NAN 0 0
 512.695242473721 -NAN 0 0
 514.846841566472 -NAN 0 0
 516.998522867875 -NAN 0 0
 519.150292335168 -NAN 0 0
 521.302155925589 -NAN 0 0
 523.454119596376 -NAN 0 0
 525.606189304767 -NAN 0 0
 527.758371008 -NAN 0 0
 529.910670663313 -NAN 0 0
 532.063094227944 -NAN 0 0
 534.215647659131 -NAN 0 0
 536.368336914112 -NAN 0 0
 538.521167950125 -NAN 0 0
 540.674146724408 -NAN 0 0
 542.827279194199 -NAN 0 0
 544.980571316736 -NAN 0 0
 547.134029049257 -NAN 0 0
 549.287658349 -NAN 0 0
 551.441465173203 -NAN 0 0
 553.595455479104 -NAN 0 0
 555.749635223941 -NAN 0 0
 557.904010364952 -NAN 0 0
 560.058586859375 -NAN 0 0
 562.213370664448 -NAN 0 0
 564.368367737409 -NAN 0 0
 566.523584035496 -NAN 0 0
 568.679025515947 -NAN 0 0
 570.834698136 -NAN 0 0
 572.990607852893 -NAN 0 0
 575.146760623864 -NAN 0 0
 577.303162406151 -NAN 0 0
 579.459819156992 -NAN 0 0
 581.616736833625 -NAN 0 0
 583.773921393288 -NAN 0 0
 585.931378793219 -NAN 0 0
 588.089114990656 -NAN 0 0
 590.247135942837 -NAN 0 0
 592.405447607 -NAN 0 0
 594.564055940383 -NAN 0 0
 596.722966900224 -NAN 0 0
 598.882186443761 -NAN 0 0
 601.041720528232 -NAN 0 0
 603.201575110875 -NAN 0 0
 605.361756148928 -NAN 0 0
 607.522269599629 -NAN 0 0
 609.683121420216 -NAN 0 0
 611.844317567927 -NAN 0 0
 614.005864 -NAN 0 0
 616.167766673673 -NAN 0 0
 618.330031546184 -NAN 0 0
 620.492664574771 -NAN 0 0
 622.655671716672 -NAN 0 0
 624.819058929125 -NAN 0 0
 626.982832169368 -NAN 0 0
 629.146997394639 -NAN 0 0
 631.311560562176 -NAN 0 0
 633.476527629217 -NAN 0 0
 635.641904553 -NAN 0 0
 637.807697290763 -NAN 0 0
 639.973911799744 -NAN 0 0
 642.140554037181 -NAN 0 0
 644.307629960312 -NAN 0 0
 646.475145526375 -NAN 0 0
 648.643106692608 -NAN 0 0
 650.811519416249 -NAN 0 0
 652.980389654536 -NAN 0 0
 655.149723364707 -NAN 0 0
 657.319526504 -NAN 0 0
 659.489805029653 -NAN 0 0
 661.660564898904 -NAN 0 0
 663.831812068991 -NAN 0 0
 666.003552497152 -NAN 0 0
 668.175792140625 -NAN 0 0
 670.348536956648 -NAN 0 0
 672.521792902459 -NAN 0 0
 674.695565935296 -NAN 0 0
 676.869862012397 -NAN 0 0
 679.044687091 -NAN 0 0
 681.220047128343 -NAN 0 0
 683.395948081664 -NAN 0 0
 685.572395908201 -NAN 0 0
 687.749396565192 -NAN 0 0
 689.926956009875 -NAN 0 0
 692.105080199488 -NAN 0 0
 694.283775091269 -NAN 0 0
 696.463046642456 -NAN 0 0
 698.642900810287 -NAN 0 0
 700.823343552 -NAN 0 0
 703.004380824833 -NAN 0 0
 705.186018586024 -NAN 0 0
 707.368262792811 -NAN 0 0
 709.551119402432 -NAN 0 0
 711.734594372125 -NAN 0 0
 713.918693659128 -NAN 0 0
 716.103423220679 -NAN 0 0
 718.288789014016 -NAN 0 0
 720.474796996377 -NAN 0 0
 722.661453125 -NAN 0 0
 724.848763357123 -NAN 0 0
 727.036733649984 -NAN 0 0
 729.225369960821 -NAN 0 0
 731.414678246872 -NAN 0 0
 733.604664465375 -NAN 0 0
 735.795334573568 -NAN 0 0
[END] of [DATA]
[END] of Spectrum


[Spectrum]
Version            = 1
IDData             = 12ad_2026-06-09_09-41-05_000_100
IDDevice           = SAM_82E6
IDDataType         = SPECTRUM
IDDataTypeSub1     = CALIBRATED
IDDataTypeSub2     = 
IDDataTypeSub3     = 
DateTime           = 2026-06-09 09:41:05
PositionLatitude   = 0
PositionLongitude  = 0
Comment            = 20260609_FrameF
CommentSub1        = UV
CommentSub2        = right
CommentSub3        = 22.5cm
IDMethodType       = SAM Control
MethodName         = SAM_82E6
Mission            = No Mission
MissionSub         = 1
RecordType         = 0
[Attributes]
CalFactor = 1
IDBasisSpec = 
IDDataBack = DLAB_2024-11-11_10-40-48_641_639
IDDataCal = DLAB_2024-11-12_11-45-27_171_455
IntegrationTime = 128
P31 = -1
P31e = 0
PathLength = +INF
PathLengthCustomOn = 0
RAWDynamic = 65535
Salinity = 0
Temperature = -NAN
Unit1 = $01 $01 Wavelength nm
Unit2 = $03 $06 Intensity mW/(m^2 nm)
Unit3 = $f0 $06 Error mW/(m^2 nm)
Unit4 = $f1 $00 Status 
p999 = 7502
[END] of [Attributes]
[DATA]
 0 6 0 0
 185.260577530984 -NAN 0 0
 187.468128380571 -NAN 0 0
 189.674861895872 -NAN 0 0
 191.880784034125 -NAN 0 0
 194.085900752568 -NAN 0 0
 196.290218008439 -NAN 0 0
 198.493741758976 -NAN 0 0
 200.696477961417 -NAN 0 0
 202.898432573 -NAN 0 0
 205.099611550963 -NAN 0 0
 207.300020852544 -NAN 0 0
 209.499666434981 -NAN 0 0
 211.698554255512 -NAN 0 0
 213.896690271375 -NAN 0 0
 216.094080439808 -NAN 0 0
 218.290730718049 -NAN 0 0
 220.486647063336 -NAN 0 0
 222.681835432907 -NAN 0 0
 224.876301784 -NAN 0 0
 227.070052073853 -NAN 0 0
 229.263092259704 -NAN 0 0
 231.455428298791 -NAN 0 0
 233.647066148352 -NAN 0 0
 235.838011765625 -NAN 0 0
 238.028271107848 -NAN 0 0
 240.217850132259 -NAN 0 0
 242.406754796096 -NAN 0 0
 244.594991056597 -NAN 0 0
 246.782564871 -NAN 0 0
 248.969482196543 -NAN 0 0
 251.155748990464 -NAN 0 0
 253.341371210001 -NAN 0 0
 255.526354812392 -NAN 0 0
 257.710705754875 -NAN 0 0
 259.894429994688 -NAN 0 0
 262.077533489069 -NAN 0 0
 264.260022195256 -NAN 0 0
 266.441902070487 -NAN 0 0
 268.623179072 -NAN 0 0
 270.803859157033 -NAN 0 0
 272.983948282824 -NAN 0 0
 275.163452406611 -NAN 0 0
 277.342377485632 -NAN 0 0
 279.520729477125 2.05394767972474 0 0
 281.698514338328 5.12687690199266 0 0
 283.875738026479 8.07806517233049 0 0
 286.052406498816 9.02884887452465 0 0
 288.228525712577 14.7821733440996 0 0
 290.404101625 20.8493107682562 0 0
 292.579140193323 24.9427594696474 0 0
 294.753647374784 34.2612815772993 0 0
 296.927629126621 41.2174311564852 0 0
 299.101091406072 45.8212279080666 0 0
 301.274040170375 54.323525887331 0 0
 303.446481376768 58.3941557157302 0 0
 305.618420982489 60.4251166561489 0 0
 307.789864944776 64.01637201316 0 0
 309.960819220867 67.6205265933185 0 0
 312.131289768 68.8706839944526 0 0
 314.301282543413 67.0553637797865 0 0
 316.470803504344 61.500880485596 0 0
 318.639858608031 54.5020447540122 0 0
 320.808453811712 51.166774016087 0 0
 322.976595072625 48.8097015781154 0 0
 325.144288348008 42.5667222118301 0 0
 327.311539595099 39.6024625995769 0 0
 329.478354771136 37.0412833273449 0 0
 331.644739833357 31.0402837251428 0 0
 333.810700739 29.2778981692662 0 0
 335.976243445303 26.9654620859779 0 0
 338.141373909504 21.3117749924844 0 0
 340.306098088841 19.6424972434195 0 0
 342.470421940552 18.3507192686839 0 0
 344.634351421875 14.2689915859244 0 0
 346.797892490048 12.9425971377876 0 0
 348.961051102309 12.2606168176215 0 0
 351.123833215896 9.00331474867218 0 0
 353.286244788047 8.50569844509464 0 0
 355.448291776 8.49023496917544 0 0
 357.609980136993 5.74052861950414 0 0
 359.771315828264 6.33233242568437 0 0
 361.932304807051 10.3373670708504 0 0
 364.092953030592 12.4159016178855 0 0
 366.253266456125 12.7411897105221 0 0
 368.413251040888 8.54066523607991 0 0
 370.572912742119 3.27174381705427 0 0
 372.732257517056 2.48217648413499 0 0
 374.891291322937 3.54525345689152 0 0
 377.050020117 1.27373790418128 0 0
 379.208449856483 1.65223585772821 0 0
 381.366586498624 3.06013477825999 0 0
 383.524436000661 0.841115162245889 0 0
 385.682004319832 1.30062114584723 0 0
 387.839297413375 2.85916476476218 0 0
 389.996321238528 0.456744800888497 0 0
 392.153081752529 0.986660183893711 0 0
 394.309584912616 2.5607281637106 0 0
 396.465836676027 0.507676215239784 0 0
 398.621843 1.68971634987136 0 0
 400.777609841773 5.70591921002412 0 0
 402.933143158584 8.84579108014726 0 0
 405.088448907671 10.9600593464922 0 0
 407.243533046272 9.99017544156323 0 0
 409.398401531625 4.93014546280837 0 0
 411.553060320968 4.75163522617891 0 0
 413.707515371539 7.26274178368243 0 0
 415.861772640576 8.3652868472937 0 0
 418.015838085317 12.1199805971305 0 0
 420.169717663 18.5305447607159 0 0
 422.323417330863 24.3139820996341 0 0
 424.476943046144 34.3532981186221 0 0
 426.630300766081 49.0024329837106 0 0
 428.783496447912 66.2654235990909 0 0
 430.936536048875 93.3727463546873 0 0
 433.089425526208 138.740738615909 0 0
 435.242170837149 188.774322810129 0 0
 437.394777938936 238.509451307855 0 0
 439.547252788807 295.403878736737 0 0
 441.699601344 377.339245376738 0 0
 443.851829561753 477.598947551665 0 0
 446.003943399304 570.613844466 0 0
 448.155948813891 621.810672778551 0 0
 450.307851762752 613.348799686031 0 0
 452.459658203125 550.752881740877 0 0
 454.611374092248 459.489083638583 0 0
 456.763005387359 375.034857197465 0 0
 458.914558045696 313.959422522688 0 0
 461.066038024497 270.088202505451 0 0
 463.217451281 237.2734446263 0 0
 465.368803772443 207.757518959422 0 0
 467.520101456064 174.869407153532 0 0
 469.671350289101 145.342037464562 0 0
 471.822556228792 122.932142939865 0 0
 473.973725232375 104.813146188427 0 0
 476.124863257088 94.173374374659 0 0
 478.275976260169 89.8651710267805 0 0
 480.427070198856 85.3960922899025 0 0
 482.578151030387 83.0764130662401 0 0
 484.729224712 84.211304609716 0 0
 486.880297200933 83.5923906277927 0 0
 489.031374454424 85.1661375801832 0 0
 491.182462429711 90.5653169441674 0 0
 493.333567084032 94.0110471668599 0 0
 495.484694374625 98.811004634234 0 0
 497.635850258728 105.951978284283 0 0
 499.787040693579 110.007109185825 0 0
 501.938271636416 114.538776000837 0 0
 504.089549044477 -NAN 0 0
 506.240878875 -NAN 0 0
 508.392267085223 -NAN 0 0
 510.543719632384 -NAN 0 0
 512.695242473721 -NAN 0 0
 514.846841566472 -NAN 0 0
 516.998522867875 -NAN 0 0
 519.150292335168 -NAN 0 0
 521.302155925589 -NAN 0 0
 523.454119596376 -NAN 0 0
 525.606189304767 -NAN 0 0
 527.758371008 -NAN 0 0
 529.910670663313 -NAN 0 0
 532.063094227944 -NAN 0 0
 534.215647659131 -NAN 0 0
 536.368336914112 -NAN 0 0
 538.521167950125 -NAN 0 0
 540.674146724408 -NAN 0 0
 542.827279194199 -NAN 0 0
 544.980571316736 -NAN 0 0
 547.134029049257 -NAN 0 0
 549.287658349 -NAN 0 0
 551.441465173203 -NAN 0 0
 553.595455479104 -NAN 0 0
 555.749635223941 -NAN 0 0
 557.904010364952 -NAN 0 0
 560.058586859375 -NAN 0 0
 562.213370664448 -NAN 0 0
 564.368367737409 -NAN 0 0
 566.523584035496 -NAN 0 0
 568.679025515947 -NAN 0 0
 570.834698136 -NAN 0 0
 572.990607852893 -NAN 0 0
 575.146760623864 -NAN 0 0
 577.303162406151 -NAN 0 0
 579.459819156992 -NAN 0 0
 581.616736833625 -NAN 0 0
 583.773921393288 -NAN 0 0
 585.931378793219 -NAN 0 0
 588.089114990656 -NAN 0 0
 590.247135942837 -NAN 0 0
 592.405447607 -NAN 0 0
 594.564055940383 -NAN 0 0
 596.722966900224 -NAN 0 0
 598.882186443761 -NAN 0 0
 601.041720528232 -NAN 0 0
 603.201575110875 -NAN 0 0
 605.361756148928 -NAN 0 0
 607.522269599629 -NAN 0 0
 609.683121420216 -NAN 0 0
 611.844317567927 -NAN 0 0
 614.005864 -NAN 0 0
 616.167766673673 -NAN 0 0
 618.330031546184 -NAN 0 0
 620.492664574771 -NAN 0 0
 622.655671716672 -NAN 0 0
 624.819058929125 -NAN 0 0
 626.982832169368 -NAN 0 0
 629.146997394639 -NAN 0 0
 631.311560562176 -NAN 0 0
 633.476527629217 -NAN 0 0
 635.641904553 -NAN 0 0
 637.807697290763 -NAN 0 0
 639.973911799744 -NAN 0 0
 642.140554037181 -NAN 0 0
 644.307629960312 -NAN 0 0
 646.475145526375 -NAN 0 0
 648.643106692608 -NAN 0 0
 650.811519416249 -NAN 0 0
 652.980389654536 -NAN 0 0
 655.149723364707 -NAN 0 0
 657.319526504 -NAN 0 0
 659.489805029653 -NAN 0 0
 661.660564898904 -NAN 0 0
 663.831812068991 -NAN 0 0
 666.003552497152 -NAN 0 0
 668.175792140625 -NAN 0 0
 670.348536956648 -NAN 0 0
 672.521792902459 -NAN 0 0
 674.695565935296 -NAN 0 0
 676.869862012397 -NAN 0 0
 679.044687091 -NAN 0 0
 681.220047128343 -NAN 0 0
 683.395948081664 -NAN 0 0
 685.572395908201 -NAN 0 0
 687.749396565192 -NAN 0 0
 689.926956009875 -NAN 0 0
 692.105080199488 -NAN 0 0
 694.283775091269 -NAN 0 0
 696.463046642456 -NAN 0 0
 698.642900810287 -NAN 0 0
 700.823343552 -NAN 0 0
 703.004380824833 -NAN 0 0
 705.186018586024 -NAN 0 0
 707.368262792811 -NAN 0 0
 709.551119402432 -NAN 0 0
 711.734594372125 -NAN 0 0
 713.918693659128 -NAN 0 0
 716.103423220679 -NAN 0 0
 718.288789014016 -NAN 0 0
 720.474796996377 -NAN 0 0
 722.661453125 -NAN 0 0
 724.848763357123 -NAN 0 0
 727.036733649984 -NAN 0 0
 729.225369960821 -NAN 0 0
 731.414678246872 -NAN 0 0
 733.604664465375 -NAN 0 0
 735.795334573568 -NAN 0 0
[END] of [DATA]
[END] of Spectrum


