[Spectrum]
Version            = 1
IDData             = 12ad_2026-06-05_13-13-30_000_403
IDDevice           = SAM_82E6
IDDataType         = SPECTRUM
IDDataTypeSub1     = CALIBRATED
IDDataTypeSub2     = 
IDDataTypeSub3     = 
DateTime           = 2026-06-05 13:13:30
PositionLatitude   = 0
PositionLongitude  = 0
Comment            = 20260605_FrameB
CommentSub1        = UV
CommentSub2        = left
CommentSub3        = 39cm
IDMethodType       = SAM Control
MethodName         = SAM_82E6
Mission            = No Mission
MissionSub         = 1
RecordType         = 0
[Attributes]
CalFactor = 1
IDBasisSpec = 
IDDataBack = DLAB_2024-11-11_10-40-48_641_639
IDDataCal = DLAB_2024-11-12_11-45-27_171_455
IntegrationTime = 128
P31 = -1
P31e = 0
PathLength = +INF
PathLengthCustomOn = 0
RAWDynamic = 65535
Salinity = 0
Temperature = -NAN
Unit1 = $01 $01 Wavelength nm
Unit2 = $03 $06 Intensity mW/(m^2 nm)
Unit3 = $f0 $06 Error mW/(m^2 nm)
Unit4 = $f1 $00 Status 
p999 = 6678
[END] of [Attributes]
[DATA]
 0 6 0 0
 185.260577530984 -NAN 0 0
 187.468128380571 -NAN 0 0
 189.674861895872 -NAN 0 0
 191.880784034125 -NAN 0 0
 194.085900752568 -NAN 0 0
 196.290218008439 -NAN 0 0
 198.493741758976 -NAN 0 0
 200.696477961417 -NAN 0 0
 202.898432573 -NAN 0 0
 205.099611550963 -NAN 0 0
 207.300020852544 -NAN 0 0
 209.499666434981 -NAN 0 0
 211.698554255512 -NAN 0 0
 213.896690271375 -NAN 0 0
 216.094080439808 -NAN 0 0
 218.290730718049 -NAN 0 0
 220.486647063336 -NAN 0 0
 222.681835432907 -NAN 0 0
 224.876301784 -NAN 0 0
 227.070052073853 -NAN 0 0
 229.263092259704 -NAN 0 0
 231.455428298791 -NAN 0 0
 233.647066148352 -NAN 0 0
 235.838011765625 -NAN 0 0
 238.028271107848 -NAN 0 0
 240.217850132259 -NAN 0 0
 242.406754796096 -NAN 0 0
 244.594991056597 -NAN 0 0
 246.782564871 -NAN 0 0
 248.969482196543 -NAN 0 0
 251.155748990464 -NAN 0 0
 253.341371210001 -NAN 0 0
 255.526354812392 -NAN 0 0
 257.710705754875 -NAN 0 0
 259.894429994688 -NAN 0 0
 262.077533489069 -NAN 0 0
 264.260022195256 -NAN 0 0
 266.441902070487 -NAN 0 0
 268.623179072 -NAN 0 0
 270.803859157033 -NAN 0 0
 272.983948282824 -NAN 0 0
 275.163452406611 -NAN 0 0
 277.342377485632 -NAN 0 0
 279.520729477125 12.8757766193041 0 0
 281.698514338328 4.95690959189081 0 0
 283.875738026479 10.6651096674254 0 0
 286.052406498816 28.6233262084481 0 0
 288.228525712577 24.0345534143653 0 0
 290.404101625 37.8827701434139 0 0
 292.579140193323 62.0819492089736 0 0
 294.753647374784 65.9641299694329 0 0
 296.927629126621 82.3260631080475 0 0
 299.101091406072 105.064207571598 0 0
 301.274040170375 110.106261718371 0 0
 303.446481376768 120.769010540385 0 0
 305.618420982489 136.399688028083 0 0
 307.789864944776 131.81469153002 0 0
 309.960819220867 141.672387057671 0 0
 312.131289768 155.332751941631 0 0
 314.301282543413 138.423541867216 0 0
 316.470803504344 128.856462097439 0 0
 318.639858608031 125.516036605081 0 0
 320.808453811712 102.962668166006 0 0
 322.976595072625 100.820229795102 0 0
 325.144288348008 99.8872494296483 0 0
 327.311539595099 77.1201517095198 0 0
 329.478354771136 75.2148997508181 0 0
 331.644739833357 74.9508194184666 0 0
 333.810700739 54.31723186004 0 0
 335.976243445303 54.2245375096695 0 0
 338.141373909504 53.2086323495803 0 0
 340.306098088841 34.4667739127597 0 0
 342.470421940552 36.2116032450758 0 0
 344.634351421875 36.6055572444036 0 0
 346.797892490048 21.1568497629927 0 0
 348.961051102309 23.9763564740196 0 0
 351.123833215896 24.7960063020428 0 0
 353.286244788047 11.7987668476214 0 0
 355.448291776 16.075857759542 0 0
 357.609980136993 17.455342797417 0 0
 359.771315828264 7.16054560507356 0 0
 361.932304807051 19.582937702808 0 0
 364.092953030592 30.0105153461139 0 0
 366.253266456125 18.5802944565514 0 0
 368.413251040888 16.1951297938736 0 0
 370.572912742119 11.880320487339 0 0
 372.732257517056 -1.96098022118482 0 0
 374.891291322937 6.39552432170127 0 0
 377.050020117 8.19574278731508 0 0
 379.208449856483 -4.52490743107477 0 0
 381.366586498624 5.39484963816628 0 0
 383.524436000661 6.82165933645732 0 0
 385.682004319832 -5.77133347660525 0 0
 387.839297413375 5.22533497557099 0 0
 389.996321238528 5.8618343778836 0 0
 392.153081752529 -5.8876356238677 0 0
 394.309584912616 5.181638033567 0 0
 396.465836676027 5.40788008014879 0 0
 398.621843 -4.59689540530299 0 0
 400.777609841773 11.8572959982099 0 0
 402.933143158584 21.0677912206809 0 0
 405.088448907671 14.3604075050999 0 0
 407.243533046272 19.3944155385876 0 0
 409.398401531625 11.3193005716983 0 0
 411.553060320968 0.85598515856601 0 0
 413.707515371539 11.8405045480103 0 0
 415.861772640576 13.5234409604847 0 0
 418.015838085317 10.8244081208769 0 0
 420.169717663 26.2406340915615 0 0
 422.323417330863 34.099597033017 0 0
 424.476943046144 40.4531680101335 0 0
 426.630300766081 66.3387283860854 0 0
 428.783496447912 89.0525480414955 0 0
 430.936536048875 120.883440120078 0 0
 433.089425526208 194.857947000052 0 0
 435.242170837149 266.872023510555 0 0
 437.394777938936 324.384981767968 0 0
 439.547252788807 395.286861753116 0 0
 441.699601344 496.924703317622 0 0
 443.851829561753 621.708711484326 0 0
 446.003943399304 749.821551734621 0 0
 448.155948813891 814.961821314181 0 0
 450.307851762752 798.559620466935 0 0
 452.459658203125 722.920525491382 0 0
 454.611374092248 601.18130966682 0 0
 456.763005387359 485.861053994913 0 0
 458.914558045696 414.035986907667 0 0
 461.066038024497 354.429677817117 0 0
 463.217451281 307.24692415769 0 0
 465.368803772443 276.589499664624 0 0
 467.520101456064 230.194075470264 0 0
 469.671350289101 186.743293928246 0 0
 471.822556228792 165.879123055152 0 0
 473.973725232375 138.145437738057 0 0
 476.124863257088 120.474314535051 0 0
 478.275976260169 123.504808489387 0 0
 480.427070198856 112.999650071901 0 0
 482.578151030387 106.939644256489 0 0
 484.729224712 116.896615240274 0 0
 486.880297200933 111.011616893073 0 0
 489.031374454424 110.800828320254 0 0
 491.182462429711 126.465705685469 0 0
 493.333567084032 125.449302864102 0 0
 495.484694374625 129.886398590475 0 0
 497.635850258728 147.517893862093 0 0
 499.787040693579 147.086144807436 0 0
 501.938271636416 151.399557228581 0 0
 504.089549044477 -NAN 0 0
 506.240878875 -NAN 0 0
 508.392267085223 -NAN 0 0
 510.543719632384 -NAN 0 0
 512.695242473721 -NAN 0 0
 514.846841566472 -NAN 0 0
 516.998522867875 -NAN 0 0
 519.150292335168 -NAN 0 0
 521.302155925589 -NAN 0 0
 523.454119596376 -NAN 0 0
 525.606189304767 -NAN 0 0
 527.758371008 -NAN 0 0
 529.910670663313 -NAN 0 0
 532.063094227944 -NAN 0 0
 534.215647659131 -NAN 0 0
 536.368336914112 -NAN 0 0
 538.521167950125 -NAN 0 0
 540.674146724408 -NAN 0 0
 542.827279194199 -NAN 0 0
 544.980571316736 -NAN 0 0
 547.134029049257 -NAN 0 0
 549.287658349 -NAN 0 0
 551.441465173203 -NAN 0 0
 553.595455479104 -NAN 0 0
 555.749635223941 -NAN 0 0
 557.904010364952 -NAN 0 0
 560.058586859375 -NAN 0 0
 562.213370664448 -NAN 0 0
 564.368367737409 -NAN 0 0
 566.523584035496 -NAN 0 0
 568.679025515947 -NAN 0 0
 570.834698136 -NAN 0 0
 572.990607852893 -NAN 0 0
 575.146760623864 -NAN 0 0
 577.303162406151 -NAN 0 0
 579.459819156992 -NAN 0 0
 581.616736833625 -NAN 0 0
 583.773921393288 -NAN 0 0
 585.931378793219 -NAN 0 0
 588.089114990656 -NAN 0 0
 590.247135942837 -NAN 0 0
 592.405447607 -NAN 0 0
 594.564055940383 -NAN 0 0
 596.722966900224 -NAN 0 0
 598.882186443761 -NAN 0 0
 601.041720528232 -NAN 0 0
 603.201575110875 -NAN 0 0
 605.361756148928 -NAN 0 0
 607.522269599629 -NAN 0 0
 609.683121420216 -NAN 0 0
 611.844317567927 -NAN 0 0
 614.005864 -NAN 0 0
 616.167766673673 -NAN 0 0
 618.330031546184 -NAN 0 0
 620.492664574771 -NAN 0 0
 622.655671716672 -NAN 0 0
 624.819058929125 -NAN 0 0
 626.982832169368 -NAN 0 0
 629.146997394639 -NAN 0 0
 631.311560562176 -NAN 0 0
 633.476527629217 -NAN 0 0
 635.641904553 -NAN 0 0
 637.807697290763 -NAN 0 0
 639.973911799744 -NAN 0 0
 642.140554037181 -NAN 0 0
 644.307629960312 -NAN 0 0
 646.475145526375 -NAN 0 0
 648.643106692608 -NAN 0 0
 650.811519416249 -NAN 0 0
 652.980389654536 -NAN 0 0
 655.149723364707 -NAN 0 0
 657.319526504 -NAN 0 0
 659.489805029653 -NAN 0 0
 661.660564898904 -NAN 0 0
 663.831812068991 -NAN 0 0
 666.003552497152 -NAN 0 0
 668.175792140625 -NAN 0 0
 670.348536956648 -NAN 0 0
 672.521792902459 -NAN 0 0
 674.695565935296 -NAN 0 0
 676.869862012397 -NAN 0 0
 679.044687091 -NAN 0 0
 681.220047128343 -NAN 0 0
 683.395948081664 -NAN 0 0
 685.572395908201 -NAN 0 0
 687.749396565192 -NAN 0 0
 689.926956009875 -NAN 0 0
 692.105080199488 -NAN 0 0
 694.283775091269 -NAN 0 0
 696.463046642456 -NAN 0 0
 698.642900810287 -NAN 0 0
 700.823343552 -NAN 0 0
 703.004380824833 -NAN 0 0
 705.186018586024 -NAN 0 0
 707.368262792811 -NAN 0 0
 709.551119402432 -NAN 0 0
 711.734594372125 -NAN 0 0
 713.918693659128 -NAN 0 0
 716.103423220679 -NAN 0 0
 718.288789014016 -NAN 0 0
 720.474796996377 -NAN 0 0
 722.661453125 -NAN 0 0
 724.848763357123 -NAN 0 0
 727.036733649984 -NAN 0 0
 729.225369960821 -NAN 0 0
 731.414678246872 -NAN 0 0
 733.604664465375 -NAN 0 0
 735.795334573568 -NAN 0 0
[END] of [DATA]
[END] of Spectrum


[Spectrum]
Version            = 1
IDData             = 12ad_2026-06-05_13-13-25_000_400
IDDevice           = SAM_82E6
IDDataType         = SPECTRUM
IDDataTypeSub1     = CALIBRATED
IDDataTypeSub2     = 
IDDataTypeSub3     = 
DateTime           = 2026-06-05 13:13:25
PositionLatitude   = 0
PositionLongitude  = 0
Comment            = 20260605_FrameB
CommentSub1        = UV
CommentSub2        = left
CommentSub3        = 39cm
IDMethodType       = SAM Control
MethodName         = SAM_82E6
Mission            = No Mission
MissionSub         = 1
RecordType         = 0
[Attributes]
CalFactor = 1
IDBasisSpec = 
IDDataBack = DLAB_2024-11-11_10-40-48_641_639
IDDataCal = DLAB_2024-11-12_11-45-27_171_455
IntegrationTime = 128
P31 = -1
P31e = 0
PathLength = +INF
PathLengthCustomOn = 0
RAWDynamic = 65535
Salinity = 0
Temperature = -NAN
Unit1 = $01 $01 Wavelength nm
Unit2 = $03 $06 Intensity mW/(m^2 nm)
Unit3 = $f0 $06 Error mW/(m^2 nm)
Unit4 = $f1 $00 Status 
p999 = 6677
[END] of [Attributes]
[DATA]
 0 6 0 0
 185.260577530984 -NAN 0 0
 187.468128380571 -NAN 0 0
 189.674861895872 -NAN 0 0
 191.880784034125 -NAN 0 0
 194.085900752568 -NAN 0 0
 196.290218008439 -NAN 0 0
 198.493741758976 -NAN 0 0
 200.696477961417 -NAN 0 0
 202.898432573 -NAN 0 0
 205.099611550963 -NAN 0 0
 207.300020852544 -NAN 0 0
 209.499666434981 -NAN 0 0
 211.698554255512 -NAN 0 0
 213.896690271375 -NAN 0 0
 216.094080439808 -NAN 0 0
 218.290730718049 -NAN 0 0
 220.486647063336 -NAN 0 0
 222.681835432907 -NAN 0 0
 224.876301784 -NAN 0 0
 227.070052073853 -NAN 0 0
 229.263092259704 -NAN 0 0
 231.455428298791 -NAN 0 0
 233.647066148352 -NAN 0 0
 235.838011765625 -NAN 0 0
 238.028271107848 -NAN 0 0
 240.217850132259 -NAN 0 0
 242.406754796096 -NAN 0 0
 244.594991056597 -NAN 0 0
 246.782564871 -NAN 0 0
 248.969482196543 -NAN 0 0
 251.155748990464 -NAN 0 0
 253.341371210001 -NAN 0 0
 255.526354812392 -NAN 0 0
 257.710705754875 -NAN 0 0
 259.894429994688 -NAN 0 0
 262.077533489069 -NAN 0 0
 264.260022195256 -NAN 0 0
 266.441902070487 -NAN 0 0
 268.623179072 -NAN 0 0
 270.803859157033 -NAN 0 0
 272.983948282824 -NAN 0 0
 275.163452406611 -NAN 0 0
 277.342377485632 -NAN 0 0
 279.520729477125 0.182232041498306 0 0
 281.698514338328 7.23316410640863 0 0
 283.875738026479 20.3933572256724 0 0
 286.052406498816 13.1187749748257 0 0
 288.228525712577 26.6320394885975 0 0
 290.404101625 46.3820504957954 0 0
 292.579140193323 45.7859809162626 0 0
 294.753647374784 67.5587167225991 0 0
 296.927629126621 87.8960046847819 0 0
 299.101091406072 89.6135069090276 0 0
 301.274040170375 110.643504441876 0 0
 303.446481376768 123.633819579171 0 0
 305.618420982489 121.159820931408 0 0
 307.789864944776 131.944028678622 0 0
 309.960819220867 143.281552292653 0 0
 312.131289768 138.860196530523 0 0
 314.301282543413 139.338667586631 0 0
 316.470803504344 130.895578108869 0 0
 318.639858608031 108.443707960185 0 0
 320.808453811712 106.262473408544 0 0
 322.976595072625 104.30625422191 0 0
 325.144288348008 82.0792526728533 0 0
 327.311539595099 82.65427473195 0 0
 329.478354771136 79.1164504007079 0 0
 331.644739833357 57.8085371260527 0 0
 333.810700739 61.503680492619 0 0
 335.976243445303 57.749668583819 0 0
 338.141373909504 37.4273279236518 0 0
 340.306098088841 42.0825051333849 0 0
 342.470421940552 39.1984563499255 0 0
 344.634351421875 23.2214750293831 0 0
 346.797892490048 28.6523552834924 0 0
 348.961051102309 26.3021563209116 0 0
 351.123833215896 13.1440268308892 0 0
 353.286244788047 19.3695529134303 0 0
 355.448291776 17.7743402306124 0 0
 357.609980136993 6.59825861552865 0 0
 359.771315828264 15.2673543493025 0 0
 361.932304807051 20.9016942739459 0 0
 364.092953030592 18.5837259760292 0 0
 366.253266456125 27.4031817278015 0 0
 368.413251040888 17.1055673743144 0 0
 370.572912742119 -0.0855257247711139 0 0
 372.732257517056 8.97471639088095 0 0
 374.891291322937 7.13901478785211 0 0
 377.050020117 -4.25089931322623 0 0
 379.208449856483 7.78599640027998 0 0
 381.366586498624 5.71848747286273 0 0
 383.524436000661 -5.72071289201604 0 0
 385.682004319832 7.2531815028391 0 0
 387.839297413375 4.63166712028423 0 0
 389.996321238528 -6.10437095122797 0 0
 392.153081752529 7.04364468144691 0 0
 394.309584912616 3.87391037217663 0 0
 396.465836676027 -5.73907682131409 0 0
 398.621843 8.24567850316737 0 0
 400.777609841773 9.62693422405798 0 0
 402.933143158584 10.5224507842043 0 0
 405.088448907671 25.808328202378 0 0
 407.243533046272 16.6085460303104 0 0
 409.398401531625 2.5479622721014 0 0
 411.553060320968 11.8094678373496 0 0
 413.707515371539 9.21963990698755 0 0
 415.861772640576 6.05973280263629 0 0
 418.015838085317 20.8872119444031 0 0
 420.169717663 23.5113570707652 0 0
 422.323417330863 27.7336370188131 0 0
 424.476943046144 49.5239727862328 0 0
 426.630300766081 63.3512299600936 0 0
 428.783496447912 83.5403770319925 0 0
 430.936536048875 129.200262505931 0 0
 433.089425526208 190.496585636325 0 0
 435.242170837149 260.020352496978 0 0
 437.394777938936 330.884115576966 0 0
 439.547252788807 391.017162275057 0 0
 441.699601344 491.875466475703 0 0
 443.851829561753 630.20215255065 0 0
 446.003943399304 745.690043306361 0 0
 448.155948813891 810.314141544433 0 0
 450.307851762752 808.051206089009 0 0
 452.459658203125 717.813779591172 0 0
 454.611374092248 596.503564298814 0 0
 456.763005387359 496.083399502093 0 0
 458.914558045696 408.138621499377 0 0
 461.066038024497 349.931289193316 0 0
 463.217451281 317.767354232997 0 0
 465.368803772443 269.877299613951 0 0
 467.520101456064 225.870363103944 0 0
 469.671350289101 197.805351131676 0 0
 471.822556228792 158.35766288276 0 0
 473.973725232375 134.473292114444 0 0
 476.124863257088 131.588775650987 0 0
 478.275976260169 115.478278977217 0 0
 480.427070198856 109.746079243024 0 0
 482.578151030387 117.943741370832 0 0
 484.729224712 108.281041840459 0 0
 486.880297200933 108.348220281714 0 0
 489.031374454424 121.651094409581 0 0
 491.182462429711 117.272820552018 0 0
 493.333567084032 123.319499650389 0 0
 495.484694374625 140.320496710773 0 0
 497.635850258728 138.092439057443 0 0
 499.787040693579 145.358630950556 0 0
 501.938271636416 161.58389511933 0 0
 504.089549044477 -NAN 0 0
 506.240878875 -NAN 0 0
 508.392267085223 -NAN 0 0
 510.543719632384 -NAN 0 0
 512.695242473721 -NAN 0 0
 514.846841566472 -NAN 0 0
 516.998522867875 -NAN 0 0
 519.150292335168 -NAN 0 0
 521.302155925589 -NAN 0 0
 523.454119596376 -NAN 0 0
 525.606189304767 -NAN 0 0
 527.758371008 -NAN 0 0
 529.910670663313 -NAN 0 0
 532.063094227944 -NAN 0 0
 534.215647659131 -NAN 0 0
 536.368336914112 -NAN 0 0
 538.521167950125 -NAN 0 0
 540.674146724408 -NAN 0 0
 542.827279194199 -NAN 0 0
 544.980571316736 -NAN 0 0
 547.134029049257 -NAN 0 0
 549.287658349 -NAN 0 0
 551.441465173203 -NAN 0 0
 553.595455479104 -NAN 0 0
 555.749635223941 -NAN 0 0
 557.904010364952 -NAN 0 0
 560.058586859375 -NAN 0 0
 562.213370664448 -NAN 0 0
 564.368367737409 -NAN 0 0
 566.523584035496 -NAN 0 0
 568.679025515947 -NAN 0 0
 570.834698136 -NAN 0 0
 572.990607852893 -NAN 0 0
 575.146760623864 -NAN 0 0
 577.303162406151 -NAN 0 0
 579.459819156992 -NAN 0 0
 581.616736833625 -NAN 0 0
 583.773921393288 -NAN 0 0
 585.931378793219 -NAN 0 0
 588.089114990656 -NAN 0 0
 590.247135942837 -NAN 0 0
 592.405447607 -NAN 0 0
 594.564055940383 -NAN 0 0
 596.722966900224 -NAN 0 0
 598.882186443761 -NAN 0 0
 601.041720528232 -NAN 0 0
 603.201575110875 -NAN 0 0
 605.361756148928 -NAN 0 0
 607.522269599629 -NAN 0 0
 609.683121420216 -NAN 0 0
 611.844317567927 -NAN 0 0
 614.005864 -NAN 0 0
 616.167766673673 -NAN 0 0
 618.330031546184 -NAN 0 0
 620.492664574771 -NAN 0 0
 622.655671716672 -NAN 0 0
 624.819058929125 -NAN 0 0
 626.982832169368 -NAN 0 0
 629.146997394639 -NAN 0 0
 631.311560562176 -NAN 0 0
 633.476527629217 -NAN 0 0
 635.641904553 -NAN 0 0
 637.807697290763 -NAN 0 0
 639.973911799744 -NAN 0 0
 642.140554037181 -NAN 0 0
 644.307629960312 -NAN 0 0
 646.475145526375 -NAN 0 0
 648.643106692608 -NAN 0 0
 650.811519416249 -NAN 0 0
 652.980389654536 -NAN 0 0
 655.149723364707 -NAN 0 0
 657.319526504 -NAN 0 0
 659.489805029653 -NAN 0 0
 661.660564898904 -NAN 0 0
 663.831812068991 -NAN 0 0
 666.003552497152 -NAN 0 0
 668.175792140625 -NAN 0 0
 670.348536956648 -NAN 0 0
 672.521792902459 -NAN 0 0
 674.695565935296 -NAN 0 0
 676.869862012397 -NAN 0 0
 679.044687091 -NAN 0 0
 681.220047128343 -NAN 0 0
 683.395948081664 -NAN 0 0
 685.572395908201 -NAN 0 0
 687.749396565192 -NAN 0 0
 689.926956009875 -NAN 0 0
 692.105080199488 -NAN 0 0
 694.283775091269 -NAN 0 0
 696.463046642456 -NAN 0 0
 698.642900810287 -NAN 0 0
 700.823343552 -NAN 0 0
 703.004380824833 -NAN 0 0
 705.186018586024 -NAN 0 0
 707.368262792811 -NAN 0 0
 709.551119402432 -NAN 0 0
 711.734594372125 -NAN 0 0
 713.918693659128 -NAN 0 0
 716.103423220679 -NAN 0 0
 718.288789014016 -NAN 0 0
 720.474796996377 -NAN 0 0
 722.661453125 -NAN 0 0
 724.848763357123 -NAN 0 0
 727.036733649984 -NAN 0 0
 729.225369960821 -NAN 0 0
 731.414678246872 -NAN 0 0
 733.604664465375 -NAN 0 0
 735.795334573568 -NAN 0 0
[END] of [DATA]
[END] of Spectrum


[Spectrum]
Version            = 1
IDData             = 12ad_2026-06-05_13-13-20_000_397
IDDevice           = SAM_82E6
IDDataType         = SPECTRUM
IDDataTypeSub1     = CALIBRATED
IDDataTypeSub2     = 
IDDataTypeSub3     = 
DateTime           = 2026-06-05 13:13:20
PositionLatitude   = 0
PositionLongitude  = 0
Comment            = 20260605_FrameB
CommentSub1        = UV
CommentSub2        = left
CommentSub3        = 39cm
IDMethodType       = SAM Control
MethodName         = SAM_82E6
Mission            = No Mission
MissionSub         = 1
RecordType         = 0
[Attributes]
CalFactor = 1
IDBasisSpec = 
IDDataBack = DLAB_2024-11-11_10-40-48_641_639
IDDataCal = DLAB_2024-11-12_11-45-27_171_455
IntegrationTime = 128
P31 = -1
P31e = 0
PathLength = +INF
PathLengthCustomOn = 0
RAWDynamic = 65535
Salinity = 0
Temperature = -NAN
Unit1 = $01 $01 Wavelength nm
Unit2 = $03 $06 Intensity mW/(m^2 nm)
Unit3 = $f0 $06 Error mW/(m^2 nm)
Unit4 = $f1 $00 Status 
p999 = 6676
[END] of [Attributes]
[DATA]
 0 6 0 0
 185.260577530984 -NAN 0 0
 187.468128380571 -NAN 0 0
 189.674861895872 -NAN 0 0
 191.880784034125 -NAN 0 0
 194.085900752568 -NAN 0 0
 196.290218008439 -NAN 0 0
 198.493741758976 -NAN 0 0
 200.696477961417 -NAN 0 0
 202.898432573 -NAN 0 0
 205.099611550963 -NAN 0 0
 207.300020852544 -NAN 0 0
 209.499666434981 -NAN 0 0
 211.698554255512 -NAN 0 0
 213.896690271375 -NAN 0 0
 216.094080439808 -NAN 0 0
 218.290730718049 -NAN 0 0
 220.486647063336 -NAN 0 0
 222.681835432907 -NAN 0 0
 224.876301784 -NAN 0 0
 227.070052073853 -NAN 0 0
 229.263092259704 -NAN 0 0
 231.455428298791 -NAN 0 0
 233.647066148352 -NAN 0 0
 235.838011765625 -NAN 0 0
 238.028271107848 -NAN 0 0
 240.217850132259 -NAN 0 0
 242.406754796096 -NAN 0 0
 244.594991056597 -NAN 0 0
 246.782564871 -NAN 0 0
 248.969482196543 -NAN 0 0
 251.155748990464 -NAN 0 0
 253.341371210001 -NAN 0 0
 255.526354812392 -NAN 0 0
 257.710705754875 -NAN 0 0
 259.894429994688 -NAN 0 0
 262.077533489069 -NAN 0 0
 264.260022195256 -NAN 0 0
 266.441902070487 -NAN 0 0
 268.623179072 -NAN 0 0
 270.803859157033 -NAN 0 0
 272.983948282824 -NAN 0 0
 275.163452406611 -NAN 0 0
 277.342377485632 -NAN 0 0
 279.520729477125 6.93435592071569 0 0
 281.698514338328 13.4748867096872 0 0
 283.875738026479 5.42747427861157 0 0
 286.052406498816 21.5135043720356 0 0
 288.228525712577 32.3370530283619 0 0
 290.404101625 30.2908552212953 0 0
 292.579140193323 53.4032642528087 0 0
 294.753647374784 71.1366135232656 0 0
 296.927629126621 72.3377498223924 0 0
 299.101091406072 94.9381293972932 0 0
 301.274040170375 111.212076654656 0 0
 303.446481376768 108.873991386204 0 0
 305.618420982489 125.055015245441 0 0
 307.789864944776 130.870851015841 0 0
 309.960819220867 127.996103613283 0 0
 312.131289768 142.956111667925 0 0
 314.301282543413 137.731674264863 0 0
 316.470803504344 115.000491644692 0 0
 318.639858608031 115.256687577649 0 0
 320.808453811712 105.764640749928 0 0
 322.976595072625 87.6312733211089 0 0
 325.144288348008 91.7520194560334 0 0
 327.311539595099 82.4490357324427 0 0
 329.478354771136 62.8974232232783 0 0
 331.644739833357 68.7935733649085 0 0
 333.810700739 61.1632308148655 0 0
 335.976243445303 42.9194058133145 0 0
 338.141373909504 49.2889366431848 0 0
 340.306098088841 41.2572753023137 0 0
 342.470421940552 26.6172706281386 0 0
 344.634351421875 34.2954417667194 0 0
 346.797892490048 27.7439555814109 0 0
 348.961051102309 15.6897548315623 0 0
 351.123833215896 23.6463682083859 0 0
 353.286244788047 18.2158885525451 0 0
 355.448291776 8.79464949692271 0 0
 357.609980136993 17.1844243342532 0 0
 359.771315828264 13.7421513773884 0 0
 361.932304807051 11.9328319316858 0 0
 364.092953030592 29.745196158092 0 0
 366.253266456125 24.8853597613137 0 0
 368.413251040888 7.79267590567783 0 0
 370.572912742119 13.1677134092885 0 0
 372.732257517056 6.13871443040964 0 0
 374.891291322937 -2.31796882680439 0 0
 377.050020117 10.2304094279333 0 0
 379.208449856483 4.06347688323966 0 0
 381.366586498624 -3.89171897227209 0 0
 383.524436000661 9.60869525034246 0 0
 385.682004319832 2.70164192282142 0 0
 387.839297413375 -4.46746167840688 0 0
 389.996321238528 9.45071272227615 0 0
 392.153081752529 2.15365307334211 0 0
 394.309584912616 -4.19609202626778 0 0
 396.465836676027 9.00718050804497 0 0
 398.621843 2.61453027839743 0 0
 400.777609841773 2.28169614801711 0 0
 402.933143158584 23.7126807160453 0 0
 405.088448907671 19.2901752653936 0 0
 407.243533046272 9.98423542128972 0 0
 409.398401531625 14.8243983977553 0 0
 411.553060320968 6.21526139824073 0 0
 413.707515371539 4.12640153944761 0 0
 415.861772640576 17.3435776533367 0 0
 418.015838085317 15.2645453555031 0 0
 420.169717663 19.4794060611868 0 0
 422.323417330863 37.7243396903208 0 0
 424.476943046144 44.2868900796093 0 0
 426.630300766081 59.8743031586215 0 0
 428.783496447912 92.5415946554017 0 0
 430.936536048875 123.404113822478 0 0
 433.089425526208 186.37567801773 0 0
 435.242170837149 266.468419887336 0 0
 437.394777938936 323.506547620128 0 0
 439.547252788807 387.890309048655 0 0
 441.699601344 500.223187355816 0 0
 443.851829561753 623.922681290222 0 0
 446.003943399304 743.660650473097 0 0
 448.155948813891 819.604236579754 0 0
 450.307851762752 800.944916806164 0 0
 452.459658203125 716.100106470297 0 0
 454.611374092248 606.247044485964 0 0
 456.763005387359 487.951211738287 0 0
 458.914558045696 406.579697016766 0 0
 461.066038024497 359.91231183403 0 0
 463.217451281 309.040663198074 0 0
 465.368803772443 269.026531688044 0 0
 467.520101456064 236.362086249962 0 0
 469.671350289101 188.164615105279 0 0
 471.822556228792 157.889826092499 0 0
 473.973725232375 144.62537086998 0 0
 476.124863257088 121.60912105401 0 0
 478.275976260169 115.562733669578 0 0
 480.427070198856 119.815329600108 0 0
 482.578151030387 107.460885087445 0 0
 484.729224712 108.989599829237 0 0
 486.880297200933 118.037569902711 0 0
 489.031374454424 110.94069459448 0 0
 491.182462429711 118.584015685862 0 0
 493.333567084032 132.722697738742 0 0
 495.484694374625 129.387217700239 0 0
 497.635850258728 139.814935163054 0 0
 499.787040693579 154.169060337689 0 0
 501.938271636416 150.720457872239 0 0
 504.089549044477 -NAN 0 0
 506.240878875 -NAN 0 0
 508.392267085223 -NAN 0 0
 510.543719632384 -NAN 0 0
 512.695242473721 -NAN 0 0
 514.846841566472 -NAN 0 0
 516.998522867875 -NAN 0 0
 519.150292335168 -NAN 0 0
 521.302155925589 -NAN 0 0
 523.454119596376 -NAN 0 0
 525.606189304767 -NAN 0 0
 527.758371008 -NAN 0 0
 529.910670663313 -NAN 0 0
 532.063094227944 -NAN 0 0
 534.215647659131 -NAN 0 0
 536.368336914112 -NAN 0 0
 538.521167950125 -NAN 0 0
 540.674146724408 -NAN 0 0
 542.827279194199 -NAN 0 0
 544.980571316736 -NAN 0 0
 547.134029049257 -NAN 0 0
 549.287658349 -NAN 0 0
 551.441465173203 -NAN 0 0
 553.595455479104 -NAN 0 0
 555.749635223941 -NAN 0 0
 557.904010364952 -NAN 0 0
 560.058586859375 -NAN 0 0
 562.213370664448 -NAN 0 0
 564.368367737409 -NAN 0 0
 566.523584035496 -NAN 0 0
 568.679025515947 -NAN 0 0
 570.834698136 -NAN 0 0
 572.990607852893 -NAN 0 0
 575.146760623864 -NAN 0 0
 577.303162406151 -NAN 0 0
 579.459819156992 -NAN 0 0
 581.616736833625 -NAN 0 0
 583.773921393288 -NAN 0 0
 585.931378793219 -NAN 0 0
 588.089114990656 -NAN 0 0
 590.247135942837 -NAN 0 0
 592.405447607 -NAN 0 0
 594.564055940383 -NAN 0 0
 596.722966900224 -NAN 0 0
 598.882186443761 -NAN 0 0
 601.041720528232 -NAN 0 0
 603.201575110875 -NAN 0 0
 605.361756148928 -NAN 0 0
 607.522269599629 -NAN 0 0
 609.683121420216 -NAN 0 0
 611.844317567927 -NAN 0 0
 614.005864 -NAN 0 0
 616.167766673673 -NAN 0 0
 618.330031546184 -NAN 0 0
 620.492664574771 -NAN 0 0
 622.655671716672 -NAN 0 0
 624.819058929125 -NAN 0 0
 626.982832169368 -NAN 0 0
 629.146997394639 -NAN 0 0
 631.311560562176 -NAN 0 0
 633.476527629217 -NAN 0 0
 635.641904553 -NAN 0 0
 637.807697290763 -NAN 0 0
 639.973911799744 -NAN 0 0
 642.140554037181 -NAN 0 0
 644.307629960312 -NAN 0 0
 646.475145526375 -NAN 0 0
 648.643106692608 -NAN 0 0
 650.811519416249 -NAN 0 0
 652.980389654536 -NAN 0 0
 655.149723364707 -NAN 0 0
 657.319526504 -NAN 0 0
 659.489805029653 -NAN 0 0
 661.660564898904 -NAN 0 0
 663.831812068991 -NAN 0 0
 666.003552497152 -NAN 0 0
 668.175792140625 -NAN 0 0
 670.348536956648 -NAN 0 0
 672.521792902459 -NAN 0 0
 674.695565935296 -NAN 0 0
 676.869862012397 -NAN 0 0
 679.044687091 -NAN 0 0
 681.220047128343 -NAN 0 0
 683.395948081664 -NAN 0 0
 685.572395908201 -NAN 0 0
 687.749396565192 -NAN 0 0
 689.926956009875 -NAN 0 0
 692.105080199488 -NAN 0 0
 694.283775091269 -NAN 0 0
 696.463046642456 -NAN 0 0
 698.642900810287 -NAN 0 0
 700.823343552 -NAN 0 0
 703.004380824833 -NAN 0 0
 705.186018586024 -NAN 0 0
 707.368262792811 -NAN 0 0
 709.551119402432 -NAN 0 0
 711.734594372125 -NAN 0 0
 713.918693659128 -NAN 0 0
 716.103423220679 -NAN 0 0
 718.288789014016 -NAN 0 0
 720.474796996377 -NAN 0 0
 722.661453125 -NAN 0 0
 724.848763357123 -NAN 0 0
 727.036733649984 -NAN 0 0
 729.225369960821 -NAN 0 0
 731.414678246872 -NAN 0 0
 733.604664465375 -NAN 0 0
 735.795334573568 -NAN 0 0
[END] of [DATA]
[END] of Spectrum


[Spectrum]
Version            = 1
IDData             = 12ad_2026-06-05_13-13-15_000_394
IDDevice           = SAM_82E6
IDDataType         = SPECTRUM
IDDataTypeSub1     = CALIBRATED
IDDataTypeSub2     = 
IDDataTypeSub3     = 
DateTime           = 2026-06-05 13:13:15
PositionLatitude   = 0
PositionLongitude  = 0
Comment            = 20260605_FrameB
CommentSub1        = UV
CommentSub2        = left
CommentSub3        = 39cm
IDMethodType       = SAM Control
MethodName         = SAM_82E6
Mission            = No Mission
MissionSub         = 1
RecordType         = 0
[Attributes]
CalFactor = 1
IDBasisSpec = 
IDDataBack = DLAB_2024-11-11_10-40-48_641_639
IDDataCal = DLAB_2024-11-12_11-45-27_171_455
IntegrationTime = 128
P31 = -1
P31e = 0
PathLength = +INF
PathLengthCustomOn = 0
RAWDynamic = 65535
Salinity = 0
Temperature = -NAN
Unit1 = $01 $01 Wavelength nm
Unit2 = $03 $06 Intensity mW/(m^2 nm)
Unit3 = $f0 $06 Error mW/(m^2 nm)
Unit4 = $f1 $00 Status 
p999 = 6675
[END] of [Attributes]
[DATA]
 0 6 0 0
 185.260577530984 -NAN 0 0
 187.468128380571 -NAN 0 0
 189.674861895872 -NAN 0 0
 191.880784034125 -NAN 0 0
 194.085900752568 -NAN 0 0
 196.290218008439 -NAN 0 0
 198.493741758976 -NAN 0 0
 200.696477961417 -NAN 0 0
 202.898432573 -NAN 0 0
 205.099611550963 -NAN 0 0
 207.300020852544 -NAN 0 0
 209.499666434981 -NAN 0 0
 211.698554255512 -NAN 0 0
 213.896690271375 -NAN 0 0
 216.094080439808 -NAN 0 0
 218.290730718049 -NAN 0 0
 220.486647063336 -NAN 0 0
 222.681835432907 -NAN 0 0
 224.876301784 -NAN 0 0
 227.070052073853 -NAN 0 0
 229.263092259704 -NAN 0 0
 231.455428298791 -NAN 0 0
 233.647066148352 -NAN 0 0
 235.838011765625 -NAN 0 0
 238.028271107848 -NAN 0 0
 240.217850132259 -NAN 0 0
 242.406754796096 -NAN 0 0
 244.594991056597 -NAN 0 0
 246.782564871 -NAN 0 0
 248.969482196543 -NAN 0 0
 251.155748990464 -NAN 0 0
 253.341371210001 -NAN 0 0
 255.526354812392 -NAN 0 0
 257.710705754875 -NAN 0 0
 259.894429994688 -NAN 0 0
 262.077533489069 -NAN 0 0
 264.260022195256 -NAN 0 0
 266.441902070487 -NAN 0 0
 268.623179072 -NAN 0 0
 270.803859157033 -NAN 0 0
 272.983948282824 -NAN 0 0
 275.163452406611 -NAN 0 0
 277.342377485632 -NAN 0 0
 279.520729477125 12.8782672588759 0 0
 281.698514338328 6.11268730058338 0 0
 283.875738026479 7.92272953124947 0 0
 286.052406498816 27.3718117255019 0 0
 288.228525712577 23.5990124510081 0 0
 290.404101625 32.4938337899621 0 0
 292.579140193323 57.5431534384927 0 0
 294.753647374784 61.0393890785385 0 0
 296.927629126621 73.1414364004806 0 0
 299.101091406072 96.5290808345883 0 0
 301.274040170375 100.855939921869 0 0
 303.446481376768 108.031914463251 0 0
 305.618420982489 124.787234079181 0 0
 307.789864944776 120.388128566735 0 0
 309.960819220867 126.871092861358 0 0
 312.131289768 141.885997575708 0 0
 314.301282543413 126.244346460416 0 0
 316.470803504344 114.960173592938 0 0
 318.639858608031 115.330014586372 0 0
 320.808453811712 94.2439411233975 0 0
 322.976595072625 89.6351397221581 0 0
 325.144288348008 92.3540409110463 0 0
 327.311539595099 70.9483217957631 0 0
 329.478354771136 66.0612044784501 0 0
 331.644739833357 69.9438931974679 0 0
 333.810700739 50.1104580157991 0 0
 335.976243445303 47.0579823774809 0 0
 338.141373909504 50.1020874185352 0 0
 340.306098088841 31.8797869752242 0 0
 342.470421940552 30.8638136439332 0 0
 344.634351421875 35.0461978582695 0 0
 346.797892490048 19.6154694174395 0 0
 348.961051102309 20.0233063115745 0 0
 351.123833215896 24.1131638121395 0 0
 353.286244788047 11.0551004070508 0 0
 355.448291776 13.018804445557 0 0
 357.609980136993 17.3418354571191 0 0
 359.771315828264 6.91100604972512 0 0
 361.932304807051 16.4029884688235 0 0
 364.092953030592 29.3624591166476 0 0
 366.253266456125 17.4054665816503 0 0
 368.413251040888 13.1425574535941 0 0
 370.572912742119 12.8097553773318 0 0
 372.732257517056 -1.55919153497269 0 0
 374.891291322937 4.09917402118473 0 0
 377.050020117 9.43999316686604 0 0
 379.208449856483 -3.99311892864045 0 0
 381.366586498624 3.18450215578527 0 0
 383.524436000661 8.23152146117637 0 0
 385.682004319832 -5.35885020216614 0 0
 387.839297413375 3.11136733812983 0 0
 389.996321238528 7.43223202525381 0 0
 392.153081752529 -5.53517879399862 0 0
 394.309584912616 2.95072827962056 0 0
 396.465836676027 6.83632306980994 0 0
 398.621843 -4.42705870106865 0 0
 400.777609841773 9.35512920318465 0 0
 402.933143158584 20.7737737971426 0 0
 405.088448907671 12.4833367007818 0 0
 407.243533046272 16.5527098397394 0 0
 409.398401531625 12.1878406672037 0 0
 411.553060320968 0.818484563351164 0 0
 413.707515371539 10.4489325492155 0 0
 415.861772640576 14.8481904735282 0 0
 418.015838085317 10.7732929700687 0 0
 420.169717663 25.1697357943201 0 0
 422.323417330863 35.1726453771342 0 0
 424.476943046144 40.4229882114852 0 0
 426.630300766081 65.2217613351656 0 0
 428.783496447912 89.8280790598076 0 0
 430.936536048875 119.698500994857 0 0
 433.089425526208 190.196220857052 0 0
 435.242170837149 261.709093993734 0 0
 437.394777938936 318.617210329555 0 0
 439.547252788807 392.172949460915 0 0
 441.699601344 497.222249099288 0 0
 443.851829561753 621.062516894476 0 0
 446.003943399304 749.022456917475 0 0
 448.155948813891 815.958567438107 0 0
 450.307851762752 797.944583754892 0 0
 452.459658203125 722.155393600656 0 0
 454.611374092248 602.364297110976 0 0
 456.763005387359 485.212821981087 0 0
 458.914558045696 413.229577828314 0 0
 461.066038024497 355.770533859908 0 0
 463.217451281 306.557264213963 0 0
 465.368803772443 275.774620212018 0 0
 467.520101456064 231.79632310465 0 0
 469.671350289101 185.907604706106 0 0
 471.822556228792 165.251697079429 0 0
 473.973725232375 139.832312429324 0 0
 476.124863257088 119.699324717225 0 0
 478.275976260169 122.86695331287 0 0
 480.427070198856 114.645927951079 0 0
 482.578151030387 106.218613042789 0 0
 484.729224712 116.416047519179 0 0
 486.880297200933 112.866262664444 0 0
 489.031374454424 110.057858671568 0 0
 491.182462429711 125.905041326704 0 0
 493.333567084032 127.114846830498 0 0
 495.484694374625 129.03192487149 0 0
 497.635850258728 147.046127412786 0 0
 499.787040693579 148.634275538837 0 0
 501.938271636416 150.626826106785 0 0
 504.089549044477 -NAN 0 0
 506.240878875 -NAN 0 0
 508.392267085223 -NAN 0 0
 510.543719632384 -NAN 0 0
 512.695242473721 -NAN 0 0
 514.846841566472 -NAN 0 0
 516.998522867875 -NAN 0 0
 519.150292335168 -NAN 0 0
 521.302155925589 -NAN 0 0
 523.454119596376 -NAN 0 0
 525.606189304767 -NAN 0 0
 527.758371008 -NAN 0 0
 529.910670663313 -NAN 0 0
 532.063094227944 -NAN 0 0
 534.215647659131 -NAN 0 0
 536.368336914112 -NAN 0 0
 538.521167950125 -NAN 0 0
 540.674146724408 -NAN 0 0
 542.827279194199 -NAN 0 0
 544.980571316736 -NAN 0 0
 547.134029049257 -NAN 0 0
 549.287658349 -NAN 0 0
 551.441465173203 -NAN 0 0
 553.595455479104 -NAN 0 0
 555.749635223941 -NAN 0 0
 557.904010364952 -NAN 0 0
 560.058586859375 -NAN 0 0
 562.213370664448 -NAN 0 0
 564.368367737409 -NAN 0 0
 566.523584035496 -NAN 0 0
 568.679025515947 -NAN 0 0
 570.834698136 -NAN 0 0
 572.990607852893 -NAN 0 0
 575.146760623864 -NAN 0 0
 577.303162406151 -NAN 0 0
 579.459819156992 -NAN 0 0
 581.616736833625 -NAN 0 0
 583.773921393288 -NAN 0 0
 585.931378793219 -NAN 0 0
 588.089114990656 -NAN 0 0
 590.247135942837 -NAN 0 0
 592.405447607 -NAN 0 0
 594.564055940383 -NAN 0 0
 596.722966900224 -NAN 0 0
 598.882186443761 -NAN 0 0
 601.041720528232 -NAN 0 0
 603.201575110875 -NAN 0 0
 605.361756148928 -NAN 0 0
 607.522269599629 -NAN 0 0
 609.683121420216 -NAN 0 0
 611.844317567927 -NAN 0 0
 614.005864 -NAN 0 0
 616.167766673673 -NAN 0 0
 618.330031546184 -NAN 0 0
 620.492664574771 -NAN 0 0
 622.655671716672 -NAN 0 0
 624.819058929125 -NAN 0 0
 626.982832169368 -NAN 0 0
 629.146997394639 -NAN 0 0
 631.311560562176 -NAN 0 0
 633.476527629217 -NAN 0 0
 635.641904553 -NAN 0 0
 637.807697290763 -NAN 0 0
 639.973911799744 -NAN 0 0
 642.140554037181 -NAN 0 0
 644.307629960312 -NAN 0 0
 646.475145526375 -NAN 0 0
 648.643106692608 -NAN 0 0
 650.811519416249 -NAN 0 0
 652.980389654536 -NAN 0 0
 655.149723364707 -NAN 0 0
 657.319526504 -NAN 0 0
 659.489805029653 -NAN 0 0
 661.660564898904 -NAN 0 0
 663.831812068991 -NAN 0 0
 666.003552497152 -NAN 0 0
 668.175792140625 -NAN 0 0
 670.348536956648 -NAN 0 0
 672.521792902459 -NAN 0 0
 674.695565935296 -NAN 0 0
 676.869862012397 -NAN 0 0
 679.044687091 -NAN 0 0
 681.220047128343 -NAN 0 0
 683.395948081664 -NAN 0 0
 685.572395908201 -NAN 0 0
 687.749396565192 -NAN 0 0
 689.926956009875 -NAN 0 0
 692.105080199488 -NAN 0 0
 694.283775091269 -NAN 0 0
 696.463046642456 -NAN 0 0
 698.642900810287 -NAN 0 0
 700.823343552 -NAN 0 0
 703.004380824833 -NAN 0 0
 705.186018586024 -NAN 0 0
 707.368262792811 -NAN 0 0
 709.551119402432 -NAN 0 0
 711.734594372125 -NAN 0 0
 713.918693659128 -NAN 0 0
 716.103423220679 -NAN 0 0
 718.288789014016 -NAN 0 0
 720.474796996377 -NAN 0 0
 722.661453125 -NAN 0 0
 724.848763357123 -NAN 0 0
 727.036733649984 -NAN 0 0
 729.225369960821 -NAN 0 0
 731.414678246872 -NAN 0 0
 733.604664465375 -NAN 0 0
 735.795334573568 -NAN 0 0
[END] of [DATA]
[END] of Spectrum


[Spectrum]
Version            = 1
IDData             = 12ad_2026-06-05_13-13-10_000_391
IDDevice           = SAM_82E6
IDDataType         = SPECTRUM
IDDataTypeSub1     = CALIBRATED
IDDataTypeSub2     = 
IDDataTypeSub3     = 
DateTime           = 2026-06-05 13:13:10
PositionLatitude   = 0
PositionLongitude  = 0
Comment            = 20260605_FrameB
CommentSub1        = UV
CommentSub2        = left
CommentSub3        = 39cm
IDMethodType       = SAM Control
MethodName         = SAM_82E6
Mission            = No Mission
MissionSub         = 1
RecordType         = 0
[Attributes]
CalFactor = 1
IDBasisSpec = 
IDDataBack = DLAB_2024-11-11_10-40-48_641_639
IDDataCal = DLAB_2024-11-12_11-45-27_171_455
IntegrationTime = 128
P31 = -1
P31e = 0
PathLength = +INF
PathLengthCustomOn = 0
RAWDynamic = 65535
Salinity = 0
Temperature = -NAN
Unit1 = $01 $01 Wavelength nm
Unit2 = $03 $06 Intensity mW/(m^2 nm)
Unit3 = $f0 $06 Error mW/(m^2 nm)
Unit4 = $f1 $00 Status 
p999 = 6674
[END] of [Attributes]
[DATA]
 0 6 0 0
 185.260577530984 -NAN 0 0
 187.468128380571 -NAN 0 0
 189.674861895872 -NAN 0 0
 191.880784034125 -NAN 0 0
 194.085900752568 -NAN 0 0
 196.290218008439 -NAN 0 0
 198.493741758976 -NAN 0 0
 200.696477961417 -NAN 0 0
 202.898432573 -NAN 0 0
 205.099611550963 -NAN 0 0
 207.300020852544 -NAN 0 0
 209.499666434981 -NAN 0 0
 211.698554255512 -NAN 0 0
 213.896690271375 -NAN 0 0
 216.094080439808 -NAN 0 0
 218.290730718049 -NAN 0 0
 220.486647063336 -NAN 0 0
 222.681835432907 -NAN 0 0
 224.876301784 -NAN 0 0
 227.070052073853 -NAN 0 0
 229.263092259704 -NAN 0 0
 231.455428298791 -NAN 0 0
 233.647066148352 -NAN 0 0
 235.838011765625 -NAN 0 0
 238.028271107848 -NAN 0 0
 240.217850132259 -NAN 0 0
 242.406754796096 -NAN 0 0
 244.594991056597 -NAN 0 0
 246.782564871 -NAN 0 0
 248.969482196543 -NAN 0 0
 251.155748990464 -NAN 0 0
 253.341371210001 -NAN 0 0
 255.526354812392 -NAN 0 0
 257.710705754875 -NAN 0 0
 259.894429994688 -NAN 0 0
 262.077533489069 -NAN 0 0
 264.260022195256 -NAN 0 0
 266.441902070487 -NAN 0 0
 268.623179072 -NAN 0 0
 270.803859157033 -NAN 0 0
 272.983948282824 -NAN 0 0
 275.163452406611 -NAN 0 0
 277.342377485632 -NAN 0 0
 279.520729477125 2.88084001757062 0 0
 281.698514338328 14.9379130174101 0 0
 283.875738026479 6.39761596427215 0 0
 286.052406498816 15.7161756824716 0 0
 288.228525712577 32.7281802750609 0 0
 290.404101625 29.4314754628252 0 0
 292.579140193323 45.3645213090036 0 0
 294.753647374784 68.6030683901234 0 0
 296.927629126621 68.1364877577893 0 0
 299.101091406072 84.7953670880658 0 0
 301.274040170375 105.597135965585 0 0
 303.446481376768 101.681933620132 0 0
 305.618420982489 113.153271602868 0 0
 307.789864944776 123.735929801628 0 0
 309.960819220867 119.44018610801 0 0
 312.131289768 129.672518756652 0 0
 314.301282543413 130.22113167058 0 0
 316.470803504344 107.439024302126 0 0
 318.639858608031 103.636286353225 0 0
 320.808453811712 100.761023199826 0 0
 322.976595072625 81.7884207622601 0 0
 325.144288348008 81.0758835811652 0 0
 327.311539595099 79.2868891471759 0 0
 329.478354771136 58.3235504636859 0 0
 331.644739833357 60.0840089183871 0 0
 333.810700739 59.6223259690334 0 0
 335.976243445303 39.5745288641936 0 0
 338.141373909504 42.012711829557 0 0
 340.306098088841 41.188053721089 0 0
 342.470421940552 24.2170506626894 0 0
 344.634351421875 28.6402488961992 0 0
 346.797892490048 28.1389644944171 0 0
 348.961051102309 14.0486260484992 0 0
 351.123833215896 19.1966978848356 0 0
 353.286244788047 19.1220275732404 0 0
 355.448291776 7.26827417934895 0 0
 357.609980136993 13.3712201946236 0 0
 359.771315828264 14.9457494913319 0 0
 361.932304807051 10.4339953624908 0 0
 364.092953030592 25.4605735259932 0 0
 366.253266456125 26.0660267409609 0 0
 368.413251040888 6.13788589595525 0 0
 370.572912742119 9.59943702757289 0 0
 372.732257517056 8.53770596918918 0 0
 374.891291322937 -3.95956350884812 0 0
 377.050020117 6.73354167609112 0 0
 379.208449856483 6.56148340125356 0 0
 381.366586498624 -5.51556120836914 0 0
 383.524436000661 6.10820088221442 0 0
 385.682004319832 5.65018615700162 0 0
 387.839297413375 -6.09544345817893 0 0
 389.996321238528 6.06691314042033 0 0
 392.153081752529 4.93029132754691 0 0
 394.309584912616 -6.10654713951898 0 0
 396.465836676027 6.20802295781613 0 0
 398.621843 5.46062192357451 0 0
 400.777609841773 -0.0553068304965958 0 0
 402.933143158584 19.9981761109121 0 0
 405.088448907671 20.7532585951992 0 0
 407.243533046272 7.29340623738874 0 0
 409.398401531625 12.435340219485 0 0
 411.553060320968 8.54140126024402 0 0
 413.707515371539 2.64043174500291 0 0
 415.861772640576 15.6748831588636 0 0
 418.015838085317 17.6561446231244 0 0
 420.169717663 17.9496864970179 0 0
 422.323417330863 36.3262639040862 0 0
 424.476943046144 46.302723101091 0 0
 426.630300766081 58.6494374358586 0 0
 428.783496447912 91.2695551916703 0 0
 430.936536048875 124.874987493215 0 0
 433.089425526208 182.632857601077 0 0
 435.242170837149 261.248746098736 0 0
 437.394777938936 321.768063296604 0 0
 439.547252788807 384.981025278513 0 0
 441.699601344 499.116021146135 0 0
 443.851829561753 626.079732401675 0 0
 446.003943399304 742.154005962398 0 0
 448.155948813891 818.675051592749 0 0
 450.307851762752 803.22019191538 0 0
 452.459658203125 714.385507039626 0 0
 454.611374092248 605.308452357844 0 0
 456.763005387359 490.361580476443 0 0
 458.914558045696 405.019774503116 0 0
 461.066038024497 359.401849161205 0 0
 463.217451281 311.474207246494 0 0
 465.368803772443 266.939722519908 0 0
 467.520101456064 235.999010081475 0 0
 469.671350289101 190.837305117538 0 0
 471.822556228792 155.925567419372 0 0
 473.973725232375 144.549395443284 0 0
 476.124863257088 124.163266067903 0 0
 478.275976260169 113.42580770365 0 0
 480.427070198856 119.979066303924 0 0
 482.578151030387 109.995655809291 0 0
 484.729224712 106.840456276526 0 0
 486.880297200933 118.242274472168 0 0
 489.031374454424 113.602629525542 0 0
 491.182462429711 116.456394961864 0 0
 493.333567084032 133.066717180999 0 0
 495.484694374625 131.860985526574 0 0
 497.635850258728 137.7051517165 0 0
 499.787040693579 154.857239237251 0 0
 501.938271636416 153.125825639947 0 0
 504.089549044477 -NAN 0 0
 506.240878875 -NAN 0 0
 508.392267085223 -NAN 0 0
 510.543719632384 -NAN 0 0
 512.695242473721 -NAN 0 0
 514.846841566472 -NAN 0 0
 516.998522867875 -NAN 0 0
 519.150292335168 -NAN 0 0
 521.302155925589 -NAN 0 0
 523.454119596376 -NAN 0 0
 525.606189304767 -NAN 0 0
 527.758371008 -NAN 0 0
 529.910670663313 -NAN 0 0
 532.063094227944 -NAN 0 0
 534.215647659131 -NAN 0 0
 536.368336914112 -NAN 0 0
 538.521167950125 -NAN 0 0
 540.674146724408 -NAN 0 0
 542.827279194199 -NAN 0 0
 544.980571316736 -NAN 0 0
 547.134029049257 -NAN 0 0
 549.287658349 -NAN 0 0
 551.441465173203 -NAN 0 0
 553.595455479104 -NAN 0 0
 555.749635223941 -NAN 0 0
 557.904010364952 -NAN 0 0
 560.058586859375 -NAN 0 0
 562.213370664448 -NAN 0 0
 564.368367737409 -NAN 0 0
 566.523584035496 -NAN 0 0
 568.679025515947 -NAN 0 0
 570.834698136 -NAN 0 0
 572.990607852893 -NAN 0 0
 575.146760623864 -NAN 0 0
 577.303162406151 -NAN 0 0
 579.459819156992 -NAN 0 0
 581.616736833625 -NAN 0 0
 583.773921393288 -NAN 0 0
 585.931378793219 -NAN 0 0
 588.089114990656 -NAN 0 0
 590.247135942837 -NAN 0 0
 592.405447607 -NAN 0 0
 594.564055940383 -NAN 0 0
 596.722966900224 -NAN 0 0
 598.882186443761 -NAN 0 0
 601.041720528232 -NAN 0 0
 603.201575110875 -NAN 0 0
 605.361756148928 -NAN 0 0
 607.522269599629 -NAN 0 0
 609.683121420216 -NAN 0 0
 611.844317567927 -NAN 0 0
 614.005864 -NAN 0 0
 616.167766673673 -NAN 0 0
 618.330031546184 -NAN 0 0
 620.492664574771 -NAN 0 0
 622.655671716672 -NAN 0 0
 624.819058929125 -NAN 0 0
 626.982832169368 -NAN 0 0
 629.146997394639 -NAN 0 0
 631.311560562176 -NAN 0 0
 633.476527629217 -NAN 0 0
 635.641904553 -NAN 0 0
 637.807697290763 -NAN 0 0
 639.973911799744 -NAN 0 0
 642.140554037181 -NAN 0 0
 644.307629960312 -NAN 0 0
 646.475145526375 -NAN 0 0
 648.643106692608 -NAN 0 0
 650.811519416249 -NAN 0 0
 652.980389654536 -NAN 0 0
 655.149723364707 -NAN 0 0
 657.319526504 -NAN 0 0
 659.489805029653 -NAN 0 0
 661.660564898904 -NAN 0 0
 663.831812068991 -NAN 0 0
 666.003552497152 -NAN 0 0
 668.175792140625 -NAN 0 0
 670.348536956648 -NAN 0 0
 672.521792902459 -NAN 0 0
 674.695565935296 -NAN 0 0
 676.869862012397 -NAN 0 0
 679.044687091 -NAN 0 0
 681.220047128343 -NAN 0 0
 683.395948081664 -NAN 0 0
 685.572395908201 -NAN 0 0
 687.749396565192 -NAN 0 0
 689.926956009875 -NAN 0 0
 692.105080199488 -NAN 0 0
 694.283775091269 -NAN 0 0
 696.463046642456 -NAN 0 0
 698.642900810287 -NAN 0 0
 700.823343552 -NAN 0 0
 703.004380824833 -NAN 0 0
 705.186018586024 -NAN 0 0
 707.368262792811 -NAN 0 0
 709.551119402432 -NAN 0 0
 711.734594372125 -NAN 0 0
 713.918693659128 -NAN 0 0
 716.103423220679 -NAN 0 0
 718.288789014016 -NAN 0 0
 720.474796996377 -NAN 0 0
 722.661453125 -NAN 0 0
 724.848763357123 -NAN 0 0
 727.036733649984 -NAN 0 0
 729.225369960821 -NAN 0 0
 731.414678246872 -NAN 0 0
 733.604664465375 -NAN 0 0
 735.795334573568 -NAN 0 0
[END] of [DATA]
[END] of Spectrum


[Spectrum]
Version            = 1
IDData             = 12ad_2026-06-05_13-13-05_000_388
IDDevice           = SAM_82E6
IDDataType         = SPECTRUM
IDDataTypeSub1     = CALIBRATED
IDDataTypeSub2     = 
IDDataTypeSub3     = 
DateTime           = 2026-06-05 13:13:05
PositionLatitude   = 0
PositionLongitude  = 0
Comment            = 20260605_FrameB
CommentSub1        = UV
CommentSub2        = left
CommentSub3        = 39cm
IDMethodType       = SAM Control
MethodName         = SAM_82E6
Mission            = No Mission
MissionSub         = 1
RecordType         = 0
[Attributes]
CalFactor = 1
IDBasisSpec = 
IDDataBack = DLAB_2024-11-11_10-40-48_641_639
IDDataCal = DLAB_2024-11-12_11-45-27_171_455
IntegrationTime = 128
P31 = -1
P31e = 0
PathLength = +INF
PathLengthCustomOn = 0
RAWDynamic = 65535
Salinity = 0
Temperature = -NAN
Unit1 = $01 $01 Wavelength nm
Unit2 = $03 $06 Intensity mW/(m^2 nm)
Unit3 = $f0 $06 Error mW/(m^2 nm)
Unit4 = $f1 $00 Status 
p999 = 6673
[END] of [Attributes]
[DATA]
 0 6 0 0
 185.260577530984 -NAN 0 0
 187.468128380571 -NAN 0 0
 189.674861895872 -NAN 0 0
 191.880784034125 -NAN 0 0
 194.085900752568 -NAN 0 0
 196.290218008439 -NAN 0 0
 198.493741758976 -NAN 0 0
 200.696477961417 -NAN 0 0
 202.898432573 -NAN 0 0
 205.099611550963 -NAN 0 0
 207.300020852544 -NAN 0 0
 209.499666434981 -NAN 0 0
 211.698554255512 -NAN 0 0
 213.896690271375 -NAN 0 0
 216.094080439808 -NAN 0 0
 218.290730718049 -NAN 0 0
 220.486647063336 -NAN 0 0
 222.681835432907 -NAN 0 0
 224.876301784 -NAN 0 0
 227.070052073853 -NAN 0 0
 229.263092259704 -NAN 0 0
 231.455428298791 -NAN 0 0
 233.647066148352 -NAN 0 0
 235.838011765625 -NAN 0 0
 238.028271107848 -NAN 0 0
 240.217850132259 -NAN 0 0
 242.406754796096 -NAN 0 0
 244.594991056597 -NAN 0 0
 246.782564871 -NAN 0 0
 248.969482196543 -NAN 0 0
 251.155748990464 -NAN 0 0
 253.341371210001 -NAN 0 0
 255.526354812392 -NAN 0 0
 257.710705754875 -NAN 0 0
 259.894429994688 -NAN 0 0
 262.077533489069 -NAN 0 0
 264.260022195256 -NAN 0 0
 266.441902070487 -NAN 0 0
 268.623179072 -NAN 0 0
 270.803859157033 -NAN 0 0
 272.983948282824 -NAN 0 0
 275.163452406611 -NAN 0 0
 277.342377485632 -NAN 0 0
 279.520729477125 -1.44041963954564 0 0
 281.698514338328 12.707418932535 0 0
 283.875738026479 14.9184819486621 0 0
 286.052406498816 10.0771011444634 0 0
 288.228525712577 30.0776842809464 0 0
 290.404101625 36.9492307103551 0 0
 292.579140193323 38.3928182404327 0 0
 294.753647374784 65.3071328522485 0 0
 296.927629126621 73.2607832225032 0 0
 299.101091406072 76.906154717359 0 0
 301.274040170375 101.257421525179 0 0
 303.446481376768 104.08474714866 0 0
 305.618420982489 104.504692731126 0 0
 307.789864944776 119.084068060168 0 0
 309.960819220867 121.039625025252 0 0
 312.131289768 119.833320415595 0 0
 314.301282543413 125.830388701698 0 0
 316.470803504344 110.082911089864 0 0
 318.639858608031 94.1706700342476 0 0
 320.808453811712 98.1547228106009 0 0
 322.976595072625 86.1477090733146 0 0
 325.144288348008 71.5705855960223 0 0
 327.311539595099 77.9997474216941 0 0
 329.478354771136 64.2197558682467 0 0
 331.644739833357 50.9229032248508 0 0
 333.810700739 59.6016029451702 0 0
 335.976243445303 45.7031691151686 0 0
 338.141373909504 33.8783952650845 0 0
 340.306098088841 42.1462975709841 0 0
 342.470421940552 30.0205285060449 0 0
 344.634351421875 21.4470749537095 0 0
 346.797892490048 29.6441054901532 0 0
 348.961051102309 19.2160421180734 0 0
 351.123833215896 12.914546977725 0 0
 353.286244788047 21.0302625747046 0 0
 355.448291776 11.9581941121337 0 0
 357.609980136993 7.38103093399796 0 0
 359.771315828264 17.4282378264361 0 0
 361.932304807051 14.7471309257128 0 0
 364.092953030592 18.6774344552029 0 0
 366.253266456125 28.4670666125281 0 0
 368.413251040888 11.0089087963694 0 0
 370.572912742119 2.73166678638277 0 0
 372.732257517056 12.1590221799842 0 0
 374.891291322937 1.5877089384184 0 0
 377.050020117 -0.958187942951144 0 0
 379.208449856483 11.1012778799298 0 0
 381.366586498624 -0.116886411249282 0 0
 383.524436000661 -1.91891734400853 0 0
 385.682004319832 10.5971407380333 0 0
 387.839297413375 -0.912538888634847 0 0
 389.996321238528 -1.74012632655962 0 0
 392.153081752529 9.95627021646734 0 0
 394.309584912616 -1.51109122827233 0 0
 396.465836676027 -1.51953141106504 0 0
 398.621843 10.5053027790352 0 0
 400.777609841773 3.55488808789743 0 0
 402.933143158584 12.2016451212229 0 0
 405.088448907671 25.0258058840856 0 0
 407.243533046272 10.0353195956419 0 0
 409.398401531625 5.69556074486333 0 0
 411.553060320968 13.1517685543046 0 0
 413.707515371539 5.08841053556563 0 0
 415.861772640576 9.48795592614414 0 0
 418.015838085317 21.8534848914116 0 0
 420.169717663 19.9287670958067 0 0
 422.323417330863 30.8749585791085 0 0
 424.476943046144 50.3006587808592 0 0
 426.630300766081 59.9269577104809 0 0
 428.783496447912 86.3112144854619 0 0
 430.936536048875 128.230392303994 0 0
 433.089425526208 182.300918087595 0 0
 435.242170837149 254.404268021018 0 0
 437.394777938936 323.627242393853 0 0
 439.547252788807 384.926026308157 0 0
 441.699601344 494.177747510086 0 0
 443.851829561753 629.81962544241 0 0
 446.003943399304 742.342229580997 0 0
 448.155948813891 813.782572378833 0 0
 450.307851762752 807.330657213756 0 0
 452.459658203125 714.655989499786 0 0
 454.611374092248 600.091515767301 0 0
 456.763005387359 495.285800774238 0 0
 458.914558045696 404.898014716382 0 0
 461.066038024497 353.99563171208 0 0
 463.217451281 316.750521273798 0 0
 465.368803772443 266.449950413678 0 0
 467.520101456064 230.335450261534 0 0
 469.671350289101 196.609189745064 0 0
 471.822556228792 155.044547669488 0 0
 473.973725232375 138.984470711128 0 0
 476.124863257088 130.066474223114 0 0
 478.275976260169 112.470136184826 0 0
 480.427070198856 114.489988233159 0 0
 482.578151030387 116.328676098041 0 0
 484.729224712 105.316050761239 0 0
 486.880297200933 113.051950962422 0 0
 489.031374454424 119.790313497283 0 0
 491.182462429711 114.671650648506 0 0
 493.333567084032 128.081218597096 0 0
 495.484694374625 138.260683769023 0 0
 497.635850258728 135.596465401224 0 0
 499.787040693579 150.26285688409 0 0
 501.938271636416 159.309827068695 0 0
 504.089549044477 -NAN 0 0
 506.240878875 -NAN 0 0
 508.392267085223 -NAN 0 0
 510.543719632384 -NAN 0 0
 512.695242473721 -NAN 0 0
 514.846841566472 -NAN 0 0
 516.998522867875 -NAN 0 0
 519.150292335168 -NAN 0 0
 521.302155925589 -NAN 0 0
 523.454119596376 -NAN 0 0
 525.606189304767 -NAN 0 0
 527.758371008 -NAN 0 0
 529.910670663313 -NAN 0 0
 532.063094227944 -NAN 0 0
 534.215647659131 -NAN 0 0
 536.368336914112 -NAN 0 0
 538.521167950125 -NAN 0 0
 540.674146724408 -NAN 0 0
 542.827279194199 -NAN 0 0
 544.980571316736 -NAN 0 0
 547.134029049257 -NAN 0 0
 549.287658349 -NAN 0 0
 551.441465173203 -NAN 0 0
 553.595455479104 -NAN 0 0
 555.749635223941 -NAN 0 0
 557.904010364952 -NAN 0 0
 560.058586859375 -NAN 0 0
 562.213370664448 -NAN 0 0
 564.368367737409 -NAN 0 0
 566.523584035496 -NAN 0 0
 568.679025515947 -NAN 0 0
 570.834698136 -NAN 0 0
 572.990607852893 -NAN 0 0
 575.146760623864 -NAN 0 0
 577.303162406151 -NAN 0 0
 579.459819156992 -NAN 0 0
 581.616736833625 -NAN 0 0
 583.773921393288 -NAN 0 0
 585.931378793219 -NAN 0 0
 588.089114990656 -NAN 0 0
 590.247135942837 -NAN 0 0
 592.405447607 -NAN 0 0
 594.564055940383 -NAN 0 0
 596.722966900224 -NAN 0 0
 598.882186443761 -NAN 0 0
 601.041720528232 -NAN 0 0
 603.201575110875 -NAN 0 0
 605.361756148928 -NAN 0 0
 607.522269599629 -NAN 0 0
 609.683121420216 -NAN 0 0
 611.844317567927 -NAN 0 0
 614.005864 -NAN 0 0
 616.167766673673 -NAN 0 0
 618.330031546184 -NAN 0 0
 620.492664574771 -NAN 0 0
 622.655671716672 -NAN 0 0
 624.819058929125 -NAN 0 0
 626.982832169368 -NAN 0 0
 629.146997394639 -NAN 0 0
 631.311560562176 -NAN 0 0
 633.476527629217 -NAN 0 0
 635.641904553 -NAN 0 0
 637.807697290763 -NAN 0 0
 639.973911799744 -NAN 0 0
 642.140554037181 -NAN 0 0
 644.307629960312 -NAN 0 0
 646.475145526375 -NAN 0 0
 648.643106692608 -NAN 0 0
 650.811519416249 -NAN 0 0
 652.980389654536 -NAN 0 0
 655.149723364707 -NAN 0 0
 657.319526504 -NAN 0 0
 659.489805029653 -NAN 0 0
 661.660564898904 -NAN 0 0
 663.831812068991 -NAN 0 0
 666.003552497152 -NAN 0 0
 668.175792140625 -NAN 0 0
 670.348536956648 -NAN 0 0
 672.521792902459 -NAN 0 0
 674.695565935296 -NAN 0 0
 676.869862012397 -NAN 0 0
 679.044687091 -NAN 0 0
 681.220047128343 -NAN 0 0
 683.395948081664 -NAN 0 0
 685.572395908201 -NAN 0 0
 687.749396565192 -NAN 0 0
 689.926956009875 -NAN 0 0
 692.105080199488 -NAN 0 0
 694.283775091269 -NAN 0 0
 696.463046642456 -NAN 0 0
 698.642900810287 -NAN 0 0
 700.823343552 -NAN 0 0
 703.004380824833 -NAN 0 0
 705.186018586024 -NAN 0 0
 707.368262792811 -NAN 0 0
 709.551119402432 -NAN 0 0
 711.734594372125 -NAN 0 0
 713.918693659128 -NAN 0 0
 716.103423220679 -NAN 0 0
 718.288789014016 -NAN 0 0
 720.474796996377 -NAN 0 0
 722.661453125 -NAN 0 0
 724.848763357123 -NAN 0 0
 727.036733649984 -NAN 0 0
 729.225369960821 -NAN 0 0
 731.414678246872 -NAN 0 0
 733.604664465375 -NAN 0 0
 735.795334573568 -NAN 0 0
[END] of [DATA]
[END] of Spectrum


[Spectrum]
Version            = 1
IDData             = 12ad_2026-06-05_13-13-00_000_385
IDDevice           = SAM_82E6
IDDataType         = SPECTRUM
IDDataTypeSub1     = CALIBRATED
IDDataTypeSub2     = 
IDDataTypeSub3     = 
DateTime           = 2026-06-05 13:13:00
PositionLatitude   = 0
PositionLongitude  = 0
Comment            = 20260605_FrameB
CommentSub1        = UV
CommentSub2        = left
CommentSub3        = 39cm
IDMethodType       = SAM Control
MethodName         = SAM_82E6
Mission            = No Mission
MissionSub         = 1
RecordType         = 0
[Attributes]
CalFactor = 1
IDBasisSpec = 
IDDataBack = DLAB_2024-11-11_10-40-48_641_639
IDDataCal = DLAB_2024-11-12_11-45-27_171_455
IntegrationTime = 128
P31 = -1
P31e = 0
PathLength = +INF
PathLengthCustomOn = 0
RAWDynamic = 65535
Salinity = 0
Temperature = -NAN
Unit1 = $01 $01 Wavelength nm
Unit2 = $03 $06 Intensity mW/(m^2 nm)
Unit3 = $f0 $06 Error mW/(m^2 nm)
Unit4 = $f1 $00 Status 
p999 = 6672
[END] of [Attributes]
[DATA]
 0 6 0 0
 185.260577530984 -NAN 0 0
 187.468128380571 -NAN 0 0
 189.674861895872 -NAN 0 0
 191.880784034125 -NAN 0 0
 194.085900752568 -NAN 0 0
 196.290218008439 -NAN 0 0
 198.493741758976 -NAN 0 0
 200.696477961417 -NAN 0 0
 202.898432573 -NAN 0 0
 205.099611550963 -NAN 0 0
 207.300020852544 -NAN 0 0
 209.499666434981 -NAN 0 0
 211.698554255512 -NAN 0 0
 213.896690271375 -NAN 0 0
 216.094080439808 -NAN 0 0
 218.290730718049 -NAN 0 0
 220.486647063336 -NAN 0 0
 222.681835432907 -NAN 0 0
 224.876301784 -NAN 0 0
 227.070052073853 -NAN 0 0
 229.263092259704 -NAN 0 0
 231.455428298791 -NAN 0 0
 233.647066148352 -NAN 0 0
 235.838011765625 -NAN 0 0
 238.028271107848 -NAN 0 0
 240.217850132259 -NAN 0 0
 242.406754796096 -NAN 0 0
 244.594991056597 -NAN 0 0
 246.782564871 -NAN 0 0
 248.969482196543 -NAN 0 0
 251.155748990464 -NAN 0 0
 253.341371210001 -NAN 0 0
 255.526354812392 -NAN 0 0
 257.710705754875 -NAN 0 0
 259.894429994688 -NAN 0 0
 262.077533489069 -NAN 0 0
 264.260022195256 -NAN 0 0
 266.441902070487 -NAN 0 0
 268.623179072 -NAN 0 0
 270.803859157033 -NAN 0 0
 272.983948282824 -NAN 0 0
 275.163452406611 -NAN 0 0
 277.342377485632 -NAN 0 0
 279.520729477125 9.27182115887338 0 0
 281.698514338328 0.0906147595902368 0 0
 283.875738026479 12.4500573976655 0 0
 286.052406498816 21.8082345808965 0 0
 288.228525712577 15.4010999762388 0 0
 290.404101625 34.8524022641388 0 0
 292.579140193323 48.2090212670255 0 0
 294.753647374784 49.2408158491027 0 0
 296.927629126621 70.1272943208892 0 0
 299.101091406072 83.1674722091556 0 0
 301.274040170375 85.6739014891747 0 0
 303.446481376768 100.563533141399 0 0
 305.618420982489 108.354719137597 0 0
 307.789864944776 103.324176167682 0 0
 309.960819220867 117.458178692996 0 0
 312.131289768 123.132557553744 0 0
 314.301282543413 108.581373553286 0 0
 316.470803504344 107.353501162042 0 0
 318.639858608031 99.0076797324473 0 0
 320.808453811712 79.9665264273647 0 0
 322.976595072625 85.6639686929911 0 0
 325.144288348008 78.2202518353249 0 0
 327.311539595099 59.103099538482 0 0
 329.478354771136 65.2609626753083 0 0
 331.644739833357 57.9284546375551 0 0
 333.810700739 41.1077843632047 0 0
 335.976243445303 48.0551947143331 0 0
 338.141373909504 40.498762717592 0 0
 340.306098088841 25.310523188408 0 0
 342.470421940552 33.2234406912542 0 0
 344.634351421875 27.2393405444625 0 0
 346.797892490048 15.1169581268125 0 0
 348.961051102309 22.7943736577472 0 0
 351.123833215896 17.9899696813671 0 0
 353.286244788047 8.11314724479344 0 0
 355.448291776 16.3512292051367 0 0
 357.609980136993 12.2746964543875 0 0
 359.771315828264 4.76410539250328 0 0
 361.932304807051 19.7059191648958 0 0
 364.092953030592 23.1867316337543 0 0
 366.253266456125 14.6330596482356 0 0
 368.413251040888 17.2474065180049 0 0
 370.572912742119 7.49941657342697 0 0
 372.732257517056 -2.37842301205456 0 0
 374.891291322937 9.49855505565452 0 0
 377.050020117 4.22848769686215 0 0
 379.208449856483 -4.31778980381088 0 0
 381.366586498624 8.98737092986226 0 0
 383.524436000661 2.86210703860726 0 0
 385.682004319832 -4.86955969731424 0 0
 387.839297413375 8.7249998981445 0 0
 389.996321238528 2.12546788235164 0 0
 392.153081752529 -4.98290391884944 0 0
 394.309584912616 8.42709354358689 0 0
 396.465836676027 1.66761488353605 0 0
 398.621843 -3.39742368164794 0 0
 400.777609841773 13.3840859240725 0 0
 402.933143158584 13.9784228272606 0 0
 405.088448907671 11.5791978840422 0 0
 407.243533046272 19.18532682496 0 0
 409.398401531625 7.07514158257915 0 0
 411.553060320968 2.05159237070995 0 0
 413.707515371539 13.9448329364316 0 0
 415.861772640576 10.5514297262916 0 0
 418.015838085317 12.3323050697183 0 0
 420.169717663 28.2026862721963 0 0
 422.323417330863 31.285134055358 0 0
 424.476943046144 41.7828544329338 0 0
 426.630300766081 67.6939357044348 0 0
 428.783496447912 86.1577942187958 0 0
 430.936536048875 120.367604311741 0 0
 433.089425526208 188.332501930135 0 0
 435.242170837149 251.913913783492 0 0
 437.394777938936 314.475221472314 0 0
 439.547252788807 391.854278956207 0 0
 441.699601344 493.022086269692 0 0
 443.851829561753 622.676329289852 0 0
 446.003943399304 750.779781065673 0 0
 448.155948813891 812.359401416678 0 0
 450.307851762752 800.007932724327 0 0
 452.459658203125 724.008013190792 0 0
 454.611374092248 598.343661328107 0 0
 456.763005387359 487.376198701927 0 0
 458.914558045696 414.88431329065 0 0
 461.066038024497 351.315957401639 0 0
 463.217451281 308.914987214353 0 0
 465.368803772443 277.353713037275 0 0
 467.520101456064 226.998148370661 0 0
 469.671350289101 188.618182183099 0 0
 471.822556228792 166.316353700256 0 0
 473.973725232375 134.978693865939 0 0
 476.124863257088 122.411789079616 0 0
 478.275976260169 123.78928745313 0 0
 480.427070198856 109.77615333148 0 0
 482.578151030387 108.973264800391 0 0
 484.729224712 116.941319214329 0 0
 486.880297200933 107.935455330185 0 0
 489.031374454424 112.920082107321 0 0
 491.182462429711 126.289241604423 0 0
 493.333567084032 122.227321421089 0 0
 495.484694374625 131.883122151419 0 0
 497.635850258728 146.870586408392 0 0
 499.787040693579 143.959442571825 0 0
 501.938271636416 153.496047793008 0 0
 504.089549044477 -NAN 0 0
 506.240878875 -NAN 0 0
 508.392267085223 -NAN 0 0
 510.543719632384 -NAN 0 0
 512.695242473721 -NAN 0 0
 514.846841566472 -NAN 0 0
 516.998522867875 -NAN 0 0
 519.150292335168 -NAN 0 0
 521.302155925589 -NAN 0 0
 523.454119596376 -NAN 0 0
 525.606189304767 -NAN 0 0
 527.758371008 -NAN 0 0
 529.910670663313 -NAN 0 0
 532.063094227944 -NAN 0 0
 534.215647659131 -NAN 0 0
 536.368336914112 -NAN 0 0
 538.521167950125 -NAN 0 0
 540.674146724408 -NAN 0 0
 542.827279194199 -NAN 0 0
 544.980571316736 -NAN 0 0
 547.134029049257 -NAN 0 0
 549.287658349 -NAN 0 0
 551.441465173203 -NAN 0 0
 553.595455479104 -NAN 0 0
 555.749635223941 -NAN 0 0
 557.904010364952 -NAN 0 0
 560.058586859375 -NAN 0 0
 562.213370664448 -NAN 0 0
 564.368367737409 -NAN 0 0
 566.523584035496 -NAN 0 0
 568.679025515947 -NAN 0 0
 570.834698136 -NAN 0 0
 572.990607852893 -NAN 0 0
 575.146760623864 -NAN 0 0
 577.303162406151 -NAN 0 0
 579.459819156992 -NAN 0 0
 581.616736833625 -NAN 0 0
 583.773921393288 -NAN 0 0
 585.931378793219 -NAN 0 0
 588.089114990656 -NAN 0 0
 590.247135942837 -NAN 0 0
 592.405447607 -NAN 0 0
 594.564055940383 -NAN 0 0
 596.722966900224 -NAN 0 0
 598.882186443761 -NAN 0 0
 601.041720528232 -NAN 0 0
 603.201575110875 -NAN 0 0
 605.361756148928 -NAN 0 0
 607.522269599629 -NAN 0 0
 609.683121420216 -NAN 0 0
 611.844317567927 -NAN 0 0
 614.005864 -NAN 0 0
 616.167766673673 -NAN 0 0
 618.330031546184 -NAN 0 0
 620.492664574771 -NAN 0 0
 622.655671716672 -NAN 0 0
 624.819058929125 -NAN 0 0
 626.982832169368 -NAN 0 0
 629.146997394639 -NAN 0 0
 631.311560562176 -NAN 0 0
 633.476527629217 -NAN 0 0
 635.641904553 -NAN 0 0
 637.807697290763 -NAN 0 0
 639.973911799744 -NAN 0 0
 642.140554037181 -NAN 0 0
 644.307629960312 -NAN 0 0
 646.475145526375 -NAN 0 0
 648.643106692608 -NAN 0 0
 650.811519416249 -NAN 0 0
 652.980389654536 -NAN 0 0
 655.149723364707 -NAN 0 0
 657.319526504 -NAN 0 0
 659.489805029653 -NAN 0 0
 661.660564898904 -NAN 0 0
 663.831812068991 -NAN 0 0
 666.003552497152 -NAN 0 0
 668.175792140625 -NAN 0 0
 670.348536956648 -NAN 0 0
 672.521792902459 -NAN 0 0
 674.695565935296 -NAN 0 0
 676.869862012397 -NAN 0 0
 679.044687091 -NAN 0 0
 681.220047128343 -NAN 0 0
 683.395948081664 -NAN 0 0
 685.572395908201 -NAN 0 0
 687.749396565192 -NAN 0 0
 689.926956009875 -NAN 0 0
 692.105080199488 -NAN 0 0
 694.283775091269 -NAN 0 0
 696.463046642456 -NAN 0 0
 698.642900810287 -NAN 0 0
 700.823343552 -NAN 0 0
 703.004380824833 -NAN 0 0
 705.186018586024 -NAN 0 0
 707.368262792811 -NAN 0 0
 709.551119402432 -NAN 0 0
 711.734594372125 -NAN 0 0
 713.918693659128 -NAN 0 0
 716.103423220679 -NAN 0 0
 718.288789014016 -NAN 0 0
 720.474796996377 -NAN 0 0
 722.661453125 -NAN 0 0
 724.848763357123 -NAN 0 0
 727.036733649984 -NAN 0 0
 729.225369960821 -NAN 0 0
 731.414678246872 -NAN 0 0
 733.604664465375 -NAN 0 0
 735.795334573568 -NAN 0 0
[END] of [DATA]
[END] of Spectrum


[Spectrum]
Version            = 1
IDData             = 12ad_2026-06-05_13-12-55_000_382
IDDevice           = SAM_82E6
IDDataType         = SPECTRUM
IDDataTypeSub1     = CALIBRATED
IDDataTypeSub2     = 
IDDataTypeSub3     = 
DateTime           = 2026-06-05 13:12:55
PositionLatitude   = 0
PositionLongitude  = 0
Comment            = 20260605_FrameB
CommentSub1        = UV
CommentSub2        = left
CommentSub3        = 39cm
IDMethodType       = SAM Control
MethodName         = SAM_82E6
Mission            = No Mission
MissionSub         = 1
RecordType         = 0
[Attributes]
CalFactor = 1
IDBasisSpec = 
IDDataBack = DLAB_2024-11-11_10-40-48_641_639
IDDataCal = DLAB_2024-11-12_11-45-27_171_455
IntegrationTime = 128
P31 = -1
P31e = 0
PathLength = +INF
PathLengthCustomOn = 0
RAWDynamic = 65535
Salinity = 0
Temperature = -NAN
Unit1 = $01 $01 Wavelength nm
Unit2 = $03 $06 Intensity mW/(m^2 nm)
Unit3 = $f0 $06 Error mW/(m^2 nm)
Unit4 = $f1 $00 Status 
p999 = 6671
[END] of [Attributes]
[DATA]
 0 6 0 0
 185.260577530984 -NAN 0 0
 187.468128380571 -NAN 0 0
 189.674861895872 -NAN 0 0
 191.880784034125 -NAN 0 0
 194.085900752568 -NAN 0 0
 196.290218008439 -NAN 0 0
 198.493741758976 -NAN 0 0
 200.696477961417 -NAN 0 0
 202.898432573 -NAN 0 0
 205.099611550963 -NAN 0 0
 207.300020852544 -NAN 0 0
 209.499666434981 -NAN 0 0
 211.698554255512 -NAN 0 0
 213.896690271375 -NAN 0 0
 216.094080439808 -NAN 0 0
 218.290730718049 -NAN 0 0
 220.486647063336 -NAN 0 0
 222.681835432907 -NAN 0 0
 224.876301784 -NAN 0 0
 227.070052073853 -NAN 0 0
 229.263092259704 -NAN 0 0
 231.455428298791 -NAN 0 0
 233.647066148352 -NAN 0 0
 235.838011765625 -NAN 0 0
 238.028271107848 -NAN 0 0
 240.217850132259 -NAN 0 0
 242.406754796096 -NAN 0 0
 244.594991056597 -NAN 0 0
 246.782564871 -NAN 0 0
 248.969482196543 -NAN 0 0
 251.155748990464 -NAN 0 0
 253.341371210001 -NAN 0 0
 255.526354812392 -NAN 0 0
 257.710705754875 -NAN 0 0
 259.894429994688 -NAN 0 0
 262.077533489069 -NAN 0 0
 264.260022195256 -NAN 0 0
 266.441902070487 -NAN 0 0
 268.623179072 -NAN 0 0
 270.803859157033 -NAN 0 0
 272.983948282824 -NAN 0 0
 275.163452406611 -NAN 0 0
 277.342377485632 -NAN 0 0
 279.520729477125 11.3415426430599 0 0
 281.698514338328 8.00586164694857 0 0
 283.875738026479 4.62961394033176 0 0
 286.052406498816 23.881509153573 0 0
 288.228525712577 23.0689132521852 0 0
 290.404101625 25.5431819363465 0 0
 292.579140193323 49.6636912158256 0 0
 294.753647374784 54.817078881205 0 0
 296.927629126621 60.0336003306823 0 0
 299.101091406072 82.9601122465419 0 0
 301.274040170375 88.1245637614042 0 0
 303.446481376768 90.0916349088862 0 0
 305.618420982489 106.948061444953 0 0
 307.789864944776 104.523484272902 0 0
 309.960819220867 105.929250065202 0 0
 312.131289768 121.640474182262 0 0
 314.301282543413 109.488359653849 0 0
 316.470803504344 95.6832578180128 0 0
 318.639858608031 99.3395809298237 0 0
 320.808453811712 82.6100977108181 0 0
 322.976595072625 73.8010795987797 0 0
 325.144288348008 80.2298774117707 0 0
 327.311539595099 62.806197486736 0 0
 329.478354771136 53.6232454489503 0 0
 331.644739833357 61.4815660894761 0 0
 333.810700739 45.2464682718949 0 0
 335.976243445303 37.466718531197 0 0
 338.141373909504 44.7793906334263 0 0
 340.306098088841 29.3986683383854 0 0
 342.470421940552 23.8268348690703 0 0
 344.634351421875 31.9551451396262 0 0
 346.797892490048 18.5162091396547 0 0
 348.961051102309 14.8281333069802 0 0
 351.123833215896 22.4698641807 0 0
 353.286244788047 11.0638237670575 0 0
 355.448291776 8.980740356641 0 0
 357.609980136993 16.8685312645562 0 0
 359.771315828264 7.59723982693331 0 0
 361.932304807051 12.3797377805227 0 0
 364.092953030592 27.7863502380152 0 0
 366.253266456125 17.0784767158727 0 0
 368.413251040888 9.07165279963924 0 0
 370.572912742119 13.7015104744871 0 0
 372.732257517056 0.376699407685734 0 0
 374.891291322937 0.915475243887804 0 0
 377.050020117 11.2884360810548 0 0
 379.208449856483 -1.71482502873757 0 0
 381.366586498624 0.0159605601981705 0 0
 383.524436000661 10.2638831933823 0 0
 385.682004319832 -2.96644721041935 0 0
 387.839297413375 -0.167266115649557 0 0
 389.996321238528 9.74428437549652 0 0
 392.153081752529 -3.40101106038194 0 0
 394.309584912616 0.016181952913498 0 0
 396.465836676027 9.28776752387127 0 0
 398.621843 -2.50578098441764 0 0
 400.777609841773 5.26895037263926 0 0
 402.933143158584 20.601418755758 0 0
 405.088448907671 11.3875597652767 0 0
 407.243533046272 11.5369567207858 0 0
 409.398401531625 13.6201297429054 0 0
 411.553060320968 1.99865035393605 0 0
 413.707515371539 7.78458128323046 0 0
 415.861772640576 16.693450195857 0 0
 418.015838085317 12.0374099689019 0 0
 420.169717663 22.8103538567583 0 0
 422.323417330863 37.0092793176625 0 0
 424.476943046144 41.2928765254667 0 0
 426.630300766081 63.0534296258067 0 0
 428.783496447912 91.3521661044905 0 0
 430.936536048875 119.408446355025 0 0
 433.089425526208 182.828782874888 0 0
 435.242170837149 254.781497546086 0 0
 437.394777938936 311.6169134535 0 0
 439.547252788807 386.996575780374 0 0
 441.699601344 498.190505814213 0 0
 443.851829561753 621.325347336462 0 0
 446.003943399304 746.519082790102 0 0
 448.155948813891 818.192472043313 0 0
 450.307851762752 798.552405960049 0 0
 452.459658203125 719.611746903399 0 0
 454.611374092248 604.597138364092 0 0
 456.763005387359 485.607228206367 0 0
 458.914558045696 410.704559300141 0 0
 461.066038024497 358.254581756811 0 0
 463.217451281 306.677746975217 0 0
 465.368803772443 273.2940933809 0 0
 467.520101456064 234.465307800432 0 0
 469.671350289101 185.955234661772 0 0
 471.822556228792 162.44686249109 0 0
 473.973725232375 142.378039770191 0 0
 476.124863257088 119.548755266905 0 0
 478.275976260169 120.09550590828 0 0
 480.427070198856 117.622148853084 0 0
 482.578151030387 105.624822631507 0 0
 484.729224712 113.789689043428 0 0
 486.880297200933 115.77463359663 0 0
 489.031374454424 109.341743347533 0 0
 491.182462429711 123.581969880029 0 0
 493.333567084032 130.249988414301 0 0
 495.484694374625 128.223938064678 0 0
 497.635850258728 144.724597629683 0 0
 499.787040693579 151.617471274066 0 0
 501.938271636416 149.589343096462 0 0
 504.089549044477 -NAN 0 0
 506.240878875 -NAN 0 0
 508.392267085223 -NAN 0 0
 510.543719632384 -NAN 0 0
 512.695242473721 -NAN 0 0
 514.846841566472 -NAN 0 0
 516.998522867875 -NAN 0 0
 519.150292335168 -NAN 0 0
 521.302155925589 -NAN 0 0
 523.454119596376 -NAN 0 0
 525.606189304767 -NAN 0 0
 527.758371008 -NAN 0 0
 529.910670663313 -NAN 0 0
 532.063094227944 -NAN 0 0
 534.215647659131 -NAN 0 0
 536.368336914112 -NAN 0 0
 538.521167950125 -NAN 0 0
 540.674146724408 -NAN 0 0
 542.827279194199 -NAN 0 0
 544.980571316736 -NAN 0 0
 547.134029049257 -NAN 0 0
 549.287658349 -NAN 0 0
 551.441465173203 -NAN 0 0
 553.595455479104 -NAN 0 0
 555.749635223941 -NAN 0 0
 557.904010364952 -NAN 0 0
 560.058586859375 -NAN 0 0
 562.213370664448 -NAN 0 0
 564.368367737409 -NAN 0 0
 566.523584035496 -NAN 0 0
 568.679025515947 -NAN 0 0
 570.834698136 -NAN 0 0
 572.990607852893 -NAN 0 0
 575.146760623864 -NAN 0 0
 577.303162406151 -NAN 0 0
 579.459819156992 -NAN 0 0
 581.616736833625 -NAN 0 0
 583.773921393288 -NAN 0 0
 585.931378793219 -NAN 0 0
 588.089114990656 -NAN 0 0
 590.247135942837 -NAN 0 0
 592.405447607 -NAN 0 0
 594.564055940383 -NAN 0 0
 596.722966900224 -NAN 0 0
 598.882186443761 -NAN 0 0
 601.041720528232 -NAN 0 0
 603.201575110875 -NAN 0 0
 605.361756148928 -NAN 0 0
 607.522269599629 -NAN 0 0
 609.683121420216 -NAN 0 0
 611.844317567927 -NAN 0 0
 614.005864 -NAN 0 0
 616.167766673673 -NAN 0 0
 618.330031546184 -NAN 0 0
 620.492664574771 -NAN 0 0
 622.655671716672 -NAN 0 0
 624.819058929125 -NAN 0 0
 626.982832169368 -NAN 0 0
 629.146997394639 -NAN 0 0
 631.311560562176 -NAN 0 0
 633.476527629217 -NAN 0 0
 635.641904553 -NAN 0 0
 637.807697290763 -NAN 0 0
 639.973911799744 -NAN 0 0
 642.140554037181 -NAN 0 0
 644.307629960312 -NAN 0 0
 646.475145526375 -NAN 0 0
 648.643106692608 -NAN 0 0
 650.811519416249 -NAN 0 0
 652.980389654536 -NAN 0 0
 655.149723364707 -NAN 0 0
 657.319526504 -NAN 0 0
 659.489805029653 -NAN 0 0
 661.660564898904 -NAN 0 0
 663.831812068991 -NAN 0 0
 666.003552497152 -NAN 0 0
 668.175792140625 -NAN 0 0
 670.348536956648 -NAN 0 0
 672.521792902459 -NAN 0 0
 674.695565935296 -NAN 0 0
 676.869862012397 -NAN 0 0
 679.044687091 -NAN 0 0
 681.220047128343 -NAN 0 0
 683.395948081664 -NAN 0 0
 685.572395908201 -NAN 0 0
 687.749396565192 -NAN 0 0
 689.926956009875 -NAN 0 0
 692.105080199488 -NAN 0 0
 694.283775091269 -NAN 0 0
 696.463046642456 -NAN 0 0
 698.642900810287 -NAN 0 0
 700.823343552 -NAN 0 0
 703.004380824833 -NAN 0 0
 705.186018586024 -NAN 0 0
 707.368262792811 -NAN 0 0
 709.551119402432 -NAN 0 0
 711.734594372125 -NAN 0 0
 713.918693659128 -NAN 0 0
 716.103423220679 -NAN 0 0
 718.288789014016 -NAN 0 0
 720.474796996377 -NAN 0 0
 722.661453125 -NAN 0 0
 724.848763357123 -NAN 0 0
 727.036733649984 -NAN 0 0
 729.225369960821 -NAN 0 0
 731.414678246872 -NAN 0 0
 733.604664465375 -NAN 0 0
 735.795334573568 -NAN 0 0
[END] of [DATA]
[END] of Spectrum


[Spectrum]
Version            = 1
IDData             = 12ad_2026-06-05_13-12-50_000_379
IDDevice           = SAM_82E6
IDDataType         = SPECTRUM
IDDataTypeSub1     = CALIBRATED
IDDataTypeSub2     = 
IDDataTypeSub3     = 
DateTime           = 2026-06-05 13:12:50
PositionLatitude   = 0
PositionLongitude  = 0
Comment            = 20260605_FrameB
CommentSub1        = UV
CommentSub2        = left
CommentSub3        = 39cm
IDMethodType       = SAM Control
MethodName         = SAM_82E6
Mission            = No Mission
MissionSub         = 1
RecordType         = 0
[Attributes]
CalFactor = 1
IDBasisSpec = 
IDDataBack = DLAB_2024-11-11_10-40-48_641_639
IDDataCal = DLAB_2024-11-12_11-45-27_171_455
IntegrationTime = 128
P31 = -1
P31e = 0
PathLength = +INF
PathLengthCustomOn = 0
RAWDynamic = 65535
Salinity = 0
Temperature = -NAN
Unit1 = $01 $01 Wavelength nm
Unit2 = $03 $06 Intensity mW/(m^2 nm)
Unit3 = $f0 $06 Error mW/(m^2 nm)
Unit4 = $f1 $00 Status 
p999 = 6670
[END] of [Attributes]
[DATA]
 0 6 0 0
 185.260577530984 -NAN 0 0
 187.468128380571 -NAN 0 0
 189.674861895872 -NAN 0 0
 191.880784034125 -NAN 0 0
 194.085900752568 -NAN 0 0
 196.290218008439 -NAN 0 0
 198.493741758976 -NAN 0 0
 200.696477961417 -NAN 0 0
 202.898432573 -NAN 0 0
 205.099611550963 -NAN 0 0
 207.300020852544 -NAN 0 0
 209.499666434981 -NAN 0 0
 211.698554255512 -NAN 0 0
 213.896690271375 -NAN 0 0
 216.094080439808 -NAN 0 0
 218.290730718049 -NAN 0 0
 220.486647063336 -NAN 0 0
 222.681835432907 -NAN 0 0
 224.876301784 -NAN 0 0
 227.070052073853 -NAN 0 0
 229.263092259704 -NAN 0 0
 231.455428298791 -NAN 0 0
 233.647066148352 -NAN 0 0
 235.838011765625 -NAN 0 0
 238.028271107848 -NAN 0 0
 240.217850132259 -NAN 0 0
 242.406754796096 -NAN 0 0
 244.594991056597 -NAN 0 0
 246.782564871 -NAN 0 0
 248.969482196543 -NAN 0 0
 251.155748990464 -NAN 0 0
 253.341371210001 -NAN 0 0
 255.526354812392 -NAN 0 0
 257.710705754875 -NAN 0 0
 259.894429994688 -NAN 0 0
 262.077533489069 -NAN 0 0
 264.260022195256 -NAN 0 0
 266.441902070487 -NAN 0 0
 268.623179072 -NAN 0 0
 270.803859157033 -NAN 0 0
 272.983948282824 -NAN 0 0
 275.163452406611 -NAN 0 0
 277.342377485632 -NAN 0 0
 279.520729477125 7.54705325538462 0 0
 281.698514338328 10.5645233844048 0 0
 283.875738026479 2.25862720055868 0 0
 286.052406498816 19.1701814306491 0 0
 288.228525712577 25.0474726942783 0 0
 290.404101625 21.5574629550158 0 0
 292.579140193323 44.0747703369571 0 0
 294.753647374784 55.4015325667002 0 0
 296.927629126621 54.9308888656959 0 0
 299.101091406072 76.4544913505164 0 0
 301.274040170375 86.8655824331045 0 0
 303.446481376768 83.8148306595902 0 0
 305.618420982489 99.7803446854206 0 0
 307.789864944776 102.209311324772 0 0
 309.960819220867 98.9208977825576 0 0
 312.131289768 113.674819441143 0 0
 314.301282543413 107.473222586828 0 0
 316.470803504344 88.5518496941541 0 0
 318.639858608031 92.5947825660841 0 0
 320.808453811712 82.3159238670904 0 0
 322.976595072625 67.1116813743649 0 0
 325.144288348008 74.3497014255181 0 0
 327.311539595099 63.8807702484423 0 0
 329.478354771136 47.7791003847426 0 0
 331.644739833357 56.7840566574155 0 0
 333.810700739 47.2107148909335 0 0
 335.976243445303 32.3047637088032 0 0
 338.141373909504 41.0563116948184 0 0
 340.306098088841 31.3708047603366 0 0
 342.470421940552 19.6955233628008 0 0
 344.634351421875 29.096738781011 0 0
 346.797892490048 21.0106843853971 0 0
 348.961051102309 11.2417059945922 0 0
 351.123833215896 20.4694715094587 0 0
 353.286244788047 13.4333064288755 0 0
 355.448291776 6.07105379283762 0 0
 357.609980136993 15.3790151291379 0 0
 359.771315828264 10.1087694033927 0 0
 361.932304807051 9.01421830463794 0 0
 364.092953030592 26.378465014767 0 0
 366.253266456125 19.4479854218113 0 0
 368.413251040888 5.74873747608643 0 0
 370.572912742119 12.8587391080206 0 0
 372.732257517056 3.7514634701233 0 0
 374.891291322937 -2.62450739151034 0 0
 377.050020117 10.660793151237 0 0
 379.208449856483 1.98110506318102 0 0
 381.366586498624 -3.60341277891805 0 0
 383.524436000661 10.180030506529 0 0
 385.682004319832 0.918007349901987 0 0
 387.839297413375 -3.74485879965689 0 0
 389.996321238528 9.83839586241406 0 0
 392.153081752529 0.0638893497876672 0 0
 394.309584912616 -3.64791004516358 0 0
 396.465836676027 9.64353574967973 0 0
 398.621843 0.807361597403877 0 0
 400.777609841773 1.42336450315398 0 0
 402.933143158584 20.7775757465849 0 0
 405.088448907671 13.6810749430659 0 0
 407.243533046272 7.74603578223036 0 0
 409.398401531625 14.3156493180661 0 0
 411.553060320968 4.51449910937915 0 0
 413.707515371539 4.6673327280035 0 0
 415.861772640576 17.5885236341768 0 0
 418.015838085317 14.2265146006292 0 0
 420.169717663 20.064048417808 0 0
 422.323417330863 37.9275962879266 0 0
 424.476943046144 43.1578105537067 0 0
 426.630300766081 60.3922167834684 0 0
 428.783496447912 92.2280103740842 0 0
 430.936536048875 120.709572139951 0 0
 433.089425526208 179.137777406681 0 0
 435.242170837149 253.554702374519 0 0
 437.394777938936 311.152518330756 0 0
 439.547252788807 383.760533421647 0 0
 441.699601344 499.103691901039 0 0
 443.851829561753 622.737433182415 0 0
 446.003943399304 743.896785558249 0 0
 448.155948813891 819.262043808335 0 0
 450.307851762752 799.878973413738 0 0
 452.459658203125 716.672565923648 0 0
 454.611374092248 606.013109669837 0 0
 456.763005387359 487.096014081493 0 0
 458.914558045696 407.322232109636 0 0
 461.066038024497 359.900085183184 0 0
 463.217451281 307.925159011987 0 0
 465.368803772443 269.773856367377 0 0
 467.520101456064 236.156450189934 0 0
 469.671350289101 187.079951114885 0 0
 471.822556228792 158.78177660851 0 0
 473.973725232375 144.374321633943 0 0
 476.124863257088 120.439993557404 0 0
 478.275976260169 116.269486095127 0 0
 480.427070198856 119.561370630925 0 0
 482.578151030387 106.603683892211 0 0
 484.729224712 110.00214484159 0 0
 486.880297200933 117.641584014252 0 0
 489.031374454424 109.980652488195 0 0
 491.182462429711 119.615995501596 0 0
 493.333567084032 132.168258637629 0 0
 495.484694374625 128.716477967461 0 0
 497.635850258728 140.887929552409 0 0
 499.787040693579 153.705925722817 0 0
 501.938271636416 149.952031659199 0 0
 504.089549044477 -NAN 0 0
 506.240878875 -NAN 0 0
 508.392267085223 -NAN 0 0
 510.543719632384 -NAN 0 0
 512.695242473721 -NAN 0 0
 514.846841566472 -NAN 0 0
 516.998522867875 -NAN 0 0
 519.150292335168 -NAN 0 0
 521.302155925589 -NAN 0 0
 523.454119596376 -NAN 0 0
 525.606189304767 -NAN 0 0
 527.758371008 -NAN 0 0
 529.910670663313 -NAN 0 0
 532.063094227944 -NAN 0 0
 534.215647659131 -NAN 0 0
 536.368336914112 -NAN 0 0
 538.521167950125 -NAN 0 0
 540.674146724408 -NAN 0 0
 542.827279194199 -NAN 0 0
 544.980571316736 -NAN 0 0
 547.134029049257 -NAN 0 0
 549.287658349 -NAN 0 0
 551.441465173203 -NAN 0 0
 553.595455479104 -NAN 0 0
 555.749635223941 -NAN 0 0
 557.904010364952 -NAN 0 0
 560.058586859375 -NAN 0 0
 562.213370664448 -NAN 0 0
 564.368367737409 -NAN 0 0
 566.523584035496 -NAN 0 0
 568.679025515947 -NAN 0 0
 570.834698136 -NAN 0 0
 572.990607852893 -NAN 0 0
 575.146760623864 -NAN 0 0
 577.303162406151 -NAN 0 0
 579.459819156992 -NAN 0 0
 581.616736833625 -NAN 0 0
 583.773921393288 -NAN 0 0
 585.931378793219 -NAN 0 0
 588.089114990656 -NAN 0 0
 590.247135942837 -NAN 0 0
 592.405447607 -NAN 0 0
 594.564055940383 -NAN 0 0
 596.722966900224 -NAN 0 0
 598.882186443761 -NAN 0 0
 601.041720528232 -NAN 0 0
 603.201575110875 -NAN 0 0
 605.361756148928 -NAN 0 0
 607.522269599629 -NAN 0 0
 609.683121420216 -NAN 0 0
 611.844317567927 -NAN 0 0
 614.005864 -NAN 0 0
 616.167766673673 -NAN 0 0
 618.330031546184 -NAN 0 0
 620.492664574771 -NAN 0 0
 622.655671716672 -NAN 0 0
 624.819058929125 -NAN 0 0
 626.982832169368 -NAN 0 0
 629.146997394639 -NAN 0 0
 631.311560562176 -NAN 0 0
 633.476527629217 -NAN 0 0
 635.641904553 -NAN 0 0
 637.807697290763 -NAN 0 0
 639.973911799744 -NAN 0 0
 642.140554037181 -NAN 0 0
 644.307629960312 -NAN 0 0
 646.475145526375 -NAN 0 0
 648.643106692608 -NAN 0 0
 650.811519416249 -NAN 0 0
 652.980389654536 -NAN 0 0
 655.149723364707 -NAN 0 0
 657.319526504 -NAN 0 0
 659.489805029653 -NAN 0 0
 661.660564898904 -NAN 0 0
 663.831812068991 -NAN 0 0
 666.003552497152 -NAN 0 0
 668.175792140625 -NAN 0 0
 670.348536956648 -NAN 0 0
 672.521792902459 -NAN 0 0
 674.695565935296 -NAN 0 0
 676.869862012397 -NAN 0 0
 679.044687091 -NAN 0 0
 681.220047128343 -NAN 0 0
 683.395948081664 -NAN 0 0
 685.572395908201 -NAN 0 0
 687.749396565192 -NAN 0 0
 689.926956009875 -NAN 0 0
 692.105080199488 -NAN 0 0
 694.283775091269 -NAN 0 0
 696.463046642456 -NAN 0 0
 698.642900810287 -NAN 0 0
 700.823343552 -NAN 0 0
 703.004380824833 -NAN 0 0
 705.186018586024 -NAN 0 0
 707.368262792811 -NAN 0 0
 709.551119402432 -NAN 0 0
 711.734594372125 -NAN 0 0
 713.918693659128 -NAN 0 0
 716.103423220679 -NAN 0 0
 718.288789014016 -NAN 0 0
 720.474796996377 -NAN 0 0
 722.661453125 -NAN 0 0
 724.848763357123 -NAN 0 0
 727.036733649984 -NAN 0 0
 729.225369960821 -NAN 0 0
 731.414678246872 -NAN 0 0
 733.604664465375 -NAN 0 0
 735.795334573568 -NAN 0 0
[END] of [DATA]
[END] of Spectrum


[Spectrum]
Version            = 1
IDData             = 12ad_2026-06-05_13-12-45_000_376
IDDevice           = SAM_82E6
IDDataType         = SPECTRUM
IDDataTypeSub1     = CALIBRATED
IDDataTypeSub2     = 
IDDataTypeSub3     = 
DateTime           = 2026-06-05 13:12:45
PositionLatitude   = 0
PositionLongitude  = 0
Comment            = 20260605_FrameB
CommentSub1        = UV
CommentSub2        = left
CommentSub3        = 39cm
IDMethodType       = SAM Control
MethodName         = SAM_82E6
Mission            = No Mission
MissionSub         = 1
RecordType         = 0
[Attributes]
CalFactor = 1
IDBasisSpec = 
IDDataBack = DLAB_2024-11-11_10-40-48_641_639
IDDataCal = DLAB_2024-11-12_11-45-27_171_455
IntegrationTime = 128
P31 = -1
P31e = 0
PathLength = +INF
PathLengthCustomOn = 0
RAWDynamic = 65535
Salinity = 0
Temperature = -NAN
Unit1 = $01 $01 Wavelength nm
Unit2 = $03 $06 Intensity mW/(m^2 nm)
Unit3 = $f0 $06 Error mW/(m^2 nm)
Unit4 = $f1 $00 Status 
p999 = 6669
[END] of [Attributes]
[DATA]
 0 6 0 0
 185.260577530984 -NAN 0 0
 187.468128380571 -NAN 0 0
 189.674861895872 -NAN 0 0
 191.880784034125 -NAN 0 0
 194.085900752568 -NAN 0 0
 196.290218008439 -NAN 0 0
 198.493741758976 -NAN 0 0
 200.696477961417 -NAN 0 0
 202.898432573 -NAN 0 0
 205.099611550963 -NAN 0 0
 207.300020852544 -NAN 0 0
 209.499666434981 -NAN 0 0
 211.698554255512 -NAN 0 0
 213.896690271375 -NAN 0 0
 216.094080439808 -NAN 0 0
 218.290730718049 -NAN 0 0
 220.486647063336 -NAN 0 0
 222.681835432907 -NAN 0 0
 224.876301784 -NAN 0 0
 227.070052073853 -NAN 0 0
 229.263092259704 -NAN 0 0
 231.455428298791 -NAN 0 0
 233.647066148352 -NAN 0 0
 235.838011765625 -NAN 0 0
 238.028271107848 -NAN 0 0
 240.217850132259 -NAN 0 0
 242.406754796096 -NAN 0 0
 244.594991056597 -NAN 0 0
 246.782564871 -NAN 0 0
 248.969482196543 -NAN 0 0
 251.155748990464 -NAN 0 0
 253.341371210001 -NAN 0 0
 255.526354812392 -NAN 0 0
 257.710705754875 -NAN 0 0
 259.894429994688 -NAN 0 0
 262.077533489069 -NAN 0 0
 264.260022195256 -NAN 0 0
 266.441902070487 -NAN 0 0
 268.623179072 -NAN 0 0
 270.803859157033 -NAN 0 0
 272.983948282824 -NAN 0 0
 275.163452406611 -NAN 0 0
 277.342377485632 -NAN 0 0
 279.520729477125 9.41752357382514 0 0
 281.698514338328 8.95114137928422 0 0
 283.875738026479 3.00706256213089 0 0
 286.052406498816 20.8543540527113 0 0
 288.228525712577 22.8153252570726 0 0
 290.404101625 21.6476178535355 0 0
 292.579140193323 44.3651405011555 0 0
 294.753647374784 51.5936867750192 0 0
 296.927629126621 53.4327053551998 0 0
 299.101091406072 74.9839040294511 0 0
 301.274040170375 81.7994879820848 0 0
 303.446481376768 80.9926169515372 0 0
 305.618420982489 97.0788736426681 0 0
 307.789864944776 96.4842719205294 0 0
 309.960819220867 95.4864269183722 0 0
 312.131289768 110.240552133629 0 0
 314.301282543413 101.140599120585 0 0
 316.470803504344 85.7466906994001 0 0
 318.639858608031 90.2663284294508 0 0
 320.808453811712 77.0074836463391 0 0
 322.976595072625 65.6295233486064 0 0
 325.144288348008 73.0359375788473 0 0
 327.311539595099 59.1954570882603 0 0
 329.478354771136 47.2287482152957 0 0
 331.644739833357 56.0230986214624 0 0
 333.810700739 43.0661101182824 0 0
 335.976243445303 32.3425589285673 0 0
 338.141373909504 40.840033250252 0 0
 340.306098088841 28.4010631972056 0 0
 342.470421940552 20.3423911549076 0 0
 344.634351421875 29.1973426123745 0 0
 346.797892490048 18.3023969757339 0 0
 348.961051102309 12.2710256682541 0 0
 351.123833215896 20.7403696775842 0 0
 353.286244788047 11.4596462273612 0 0
 355.448291776 7.16393421754158 0 0
 357.609980136993 15.8887273365133 0 0
 359.771315828264 8.12320897592203 0 0
 361.932304807051 10.3077197540971 0 0
 364.092953030592 26.2249185910607 0 0
 366.253266456125 17.0189178474632 0 0
 368.413251040888 6.9367918420411 0 0
 370.572912742119 13.2079051883152 0 0
 372.732257517056 1.71903888207625 0 0
 374.891291322937 -0.50831572112801 0 0
 377.050020117 11.1932550653242 0 0
 379.208449856483 -0.224417778493993 0 0
 381.366586498624 -1.45524898529968 0 0
 383.524436000661 10.6007151727758 0 0
 385.682004319832 -1.27242107298152 0 0
 387.839297413375 -1.74424063339219 0 0
 389.996321238528 9.90020042098677 0 0
 392.153081752529 -1.89821284483781 0 0
 394.309584912616 -1.52609123273041 0 0
 396.465836676027 9.50928358899729 0 0
 398.621843 -1.35540268308033 0 0
 400.777609841773 3.18944688758449 0 0
 402.933143158584 19.8524347156237 0 0
 405.088448907671 11.3027967512073 0 0
 407.243533046272 9.40211343448553 0 0
 409.398401531625 13.6235672366871 0 0
 411.553060320968 2.99462204449507 0 0
 413.707515371539 6.52771175688002 0 0
 415.861772640576 17.2843823746337 0 0
 418.015838085317 13.0842875768002 0 0
 420.169717663 21.6722879101316 0 0
 422.323417330863 37.5064339685632 0 0
 424.476943046144 42.2062592551473 0 0
 426.630300766081 61.9684005817524 0 0
 428.783496447912 91.8098979989942 0 0
 430.936536048875 119.470247769762 0 0
 433.089425526208 179.202546092239 0 0
 435.242170837149 250.885323955605 0 0
 437.394777938936 308.454070939392 0 0
 439.547252788807 384.363904478786 0 0
 441.699601344 498.400102980856 0 0
 443.851829561753 621.809993278849 0 0
 446.003943399304 745.582242506617 0 0
 448.155948813891 818.479387520887 0 0
 450.307851762752 799.171951738896 0 0
 452.459658203125 718.380681185754 0 0
 454.611374092248 605.33603003942 0 0
 456.763005387359 486.154906157807 0 0
 458.914558045696 409.288353256079 0 0
 461.066038024497 358.936217541482 0 0
 463.217451281 307.073470527265 0 0
 465.368803772443 271.796277392238 0 0
 467.520101456064 235.104707424582 0 0
 469.671350289101 186.328696814153 0 0
 471.822556228792 161.092540567882 0 0
 473.973725232375 143.273228493429 0 0
 476.124863257088 119.811144676654 0 0
 478.275976260169 118.798681882155 0 0
 480.427070198856 118.407416718321 0 0
 482.578151030387 106.090256092982 0 0
 484.729224712 112.344633082089 0 0
 486.880297200933 116.522979809565 0 0
 489.031374454424 109.66735203393 0 0
 491.182462429711 121.916729722822 0 0
 493.333567084032 131.01484717427 0 0
 495.484694374625 128.227258558405 0 0
 497.635850258728 143.167768346969 0 0
 499.787040693579 152.540478992437 0 0
 501.938271636416 149.786292672073 0 0
 504.089549044477 -NAN 0 0
 506.240878875 -NAN 0 0
 508.392267085223 -NAN 0 0
 510.543719632384 -NAN 0 0
 512.695242473721 -NAN 0 0
 514.846841566472 -NAN 0 0
 516.998522867875 -NAN 0 0
 519.150292335168 -NAN 0 0
 521.302155925589 -NAN 0 0
 523.454119596376 -NAN 0 0
 525.606189304767 -NAN 0 0
 527.758371008 -NAN 0 0
 529.910670663313 -NAN 0 0
 532.063094227944 -NAN 0 0
 534.215647659131 -NAN 0 0
 536.368336914112 -NAN 0 0
 538.521167950125 -NAN 0 0
 540.674146724408 -NAN 0 0
 542.827279194199 -NAN 0 0
 544.980571316736 -NAN 0 0
 547.134029049257 -NAN 0 0
 549.287658349 -NAN 0 0
 551.441465173203 -NAN 0 0
 553.595455479104 -NAN 0 0
 555.749635223941 -NAN 0 0
 557.904010364952 -NAN 0 0
 560.058586859375 -NAN 0 0
 562.213370664448 -NAN 0 0
 564.368367737409 -NAN 0 0
 566.523584035496 -NAN 0 0
 568.679025515947 -NAN 0 0
 570.834698136 -NAN 0 0
 572.990607852893 -NAN 0 0
 575.146760623864 -NAN 0 0
 577.303162406151 -NAN 0 0
 579.459819156992 -NAN 0 0
 581.616736833625 -NAN 0 0
 583.773921393288 -NAN 0 0
 585.931378793219 -NAN 0 0
 588.089114990656 -NAN 0 0
 590.247135942837 -NAN 0 0
 592.405447607 -NAN 0 0
 594.564055940383 -NAN 0 0
 596.722966900224 -NAN 0 0
 598.882186443761 -NAN 0 0
 601.041720528232 -NAN 0 0
 603.201575110875 -NAN 0 0
 605.361756148928 -NAN 0 0
 607.522269599629 -NAN 0 0
 609.683121420216 -NAN 0 0
 611.844317567927 -NAN 0 0
 614.005864 -NAN 0 0
 616.167766673673 -NAN 0 0
 618.330031546184 -NAN 0 0
 620.492664574771 -NAN 0 0
 622.655671716672 -NAN 0 0
 624.819058929125 -NAN 0 0
 626.982832169368 -NAN 0 0
 629.146997394639 -NAN 0 0
 631.311560562176 -NAN 0 0
 633.476527629217 -NAN 0 0
 635.641904553 -NAN 0 0
 637.807697290763 -NAN 0 0
 639.973911799744 -NAN 0 0
 642.140554037181 -NAN 0 0
 644.307629960312 -NAN 0 0
 646.475145526375 -NAN 0 0
 648.643106692608 -NAN 0 0
 650.811519416249 -NAN 0 0
 652.980389654536 -NAN 0 0
 655.149723364707 -NAN 0 0
 657.319526504 -NAN 0 0
 659.489805029653 -NAN 0 0
 661.660564898904 -NAN 0 0
 663.831812068991 -NAN 0 0
 666.003552497152 -NAN 0 0
 668.175792140625 -NAN 0 0
 670.348536956648 -NAN 0 0
 672.521792902459 -NAN 0 0
 674.695565935296 -NAN 0 0
 676.869862012397 -NAN 0 0
 679.044687091 -NAN 0 0
 681.220047128343 -NAN 0 0
 683.395948081664 -NAN 0 0
 685.572395908201 -NAN 0 0
 687.749396565192 -NAN 0 0
 689.926956009875 -NAN 0 0
 692.105080199488 -NAN 0 0
 694.283775091269 -NAN 0 0
 696.463046642456 -NAN 0 0
 698.642900810287 -NAN 0 0
 700.823343552 -NAN 0 0
 703.004380824833 -NAN 0 0
 705.186018586024 -NAN 0 0
 707.368262792811 -NAN 0 0
 709.551119402432 -NAN 0 0
 711.734594372125 -NAN 0 0
 713.918693659128 -NAN 0 0
 716.103423220679 -NAN 0 0
 718.288789014016 -NAN 0 0
 720.474796996377 -NAN 0 0
 722.661453125 -NAN 0 0
 724.848763357123 -NAN 0 0
 727.036733649984 -NAN 0 0
 729.225369960821 -NAN 0 0
 731.414678246872 -NAN 0 0
 733.604664465375 -NAN 0 0
 735.795334573568 -NAN 0 0
[END] of [DATA]
[END] of Spectrum


