[Spectrum]
Version            = 1
IDData             = 12ad_2026-06-09_17-19-50_000_523
IDDevice           = SAM_82E6
IDDataType         = SPECTRUM
IDDataTypeSub1     = CALIBRATED
IDDataTypeSub2     = 
IDDataTypeSub3     = 
DateTime           = 2026-06-09 17:19:50
PositionLatitude   = 0
PositionLongitude  = 0
Comment            = 20260609_FrameA
CommentSub1        = UV
CommentSub2        = left
CommentSub3        = 17cm
IDMethodType       = SAM Control
MethodName         = SAM_82E6
Mission            = No Mission
MissionSub         = 1
RecordType         = 0
[Attributes]
CalFactor = 1
IDBasisSpec = 
IDDataBack = DLAB_2024-11-11_10-40-48_641_639
IDDataCal = DLAB_2024-11-12_11-45-27_171_455
IntegrationTime = 128
P31 = -1
P31e = 0
PathLength = +INF
PathLengthCustomOn = 0
RAWDynamic = 65535
Salinity = 0
Temperature = -NAN
Unit1 = $01 $01 Wavelength nm
Unit2 = $03 $06 Intensity mW/(m^2 nm)
Unit3 = $f0 $06 Error mW/(m^2 nm)
Unit4 = $f1 $00 Status 
p999 = 8073
[END] of [Attributes]
[DATA]
 0 6 0 0
 185.260577530984 -NAN 0 0
 187.468128380571 -NAN 0 0
 189.674861895872 -NAN 0 0
 191.880784034125 -NAN 0 0
 194.085900752568 -NAN 0 0
 196.290218008439 -NAN 0 0
 198.493741758976 -NAN 0 0
 200.696477961417 -NAN 0 0
 202.898432573 -NAN 0 0
 205.099611550963 -NAN 0 0
 207.300020852544 -NAN 0 0
 209.499666434981 -NAN 0 0
 211.698554255512 -NAN 0 0
 213.896690271375 -NAN 0 0
 216.094080439808 -NAN 0 0
 218.290730718049 -NAN 0 0
 220.486647063336 -NAN 0 0
 222.681835432907 -NAN 0 0
 224.876301784 -NAN 0 0
 227.070052073853 -NAN 0 0
 229.263092259704 -NAN 0 0
 231.455428298791 -NAN 0 0
 233.647066148352 -NAN 0 0
 235.838011765625 -NAN 0 0
 238.028271107848 -NAN 0 0
 240.217850132259 -NAN 0 0
 242.406754796096 -NAN 0 0
 244.594991056597 -NAN 0 0
 246.782564871 -NAN 0 0
 248.969482196543 -NAN 0 0
 251.155748990464 -NAN 0 0
 253.341371210001 -NAN 0 0
 255.526354812392 -NAN 0 0
 257.710705754875 -NAN 0 0
 259.894429994688 -NAN 0 0
 262.077533489069 -NAN 0 0
 264.260022195256 -NAN 0 0
 266.441902070487 -NAN 0 0
 268.623179072 -NAN 0 0
 270.803859157033 -NAN 0 0
 272.983948282824 -NAN 0 0
 275.163452406611 -NAN 0 0
 277.342377485632 -NAN 0 0
 279.520729477125 5.806096194679 0 0
 281.698514338328 3.46511958553537 0 0
 283.875738026479 6.48658092234582 0 0
 286.052406498816 13.9521500481564 0 0
 288.228525712577 13.6832920319451 0 0
 290.404101625 20.3883574967926 0 0
 292.579140193323 30.9658260309098 0 0
 294.753647374784 34.7636106231465 0 0
 296.927629126621 42.7803666661638 0 0
 299.101091406072 53.0800183234707 0 0
 301.274040170375 56.9842117728527 0 0
 303.446481376768 62.2157214140574 0 0
 305.618420982489 68.950021495281 0 0
 307.789864944776 68.0835443307745 0 0
 309.960819220867 72.8024925447877 0 0
 312.131289768 78.3374241183446 0 0
 314.301282543413 71.6054107176142 0 0
 316.470803504344 66.3256073454757 0 0
 318.639858608031 63.565005744389 0 0
 320.808453811712 54.2908736144078 0 0
 322.976595072625 52.616344629091 0 0
 325.144288348008 51.0484393537977 0 0
 327.311539595099 41.5654270305793 0 0
 329.478354771136 39.916501553131 0 0
 331.644739833357 38.5921260235799 0 0
 333.810700739 30.3007274185168 0 0
 335.976243445303 28.8857499824528 0 0
 338.141373909504 27.641430509763 0 0
 340.306098088841 19.651998244764 0 0
 342.470421940552 19.5619595676694 0 0
 344.634351421875 19.099233039264 0 0
 346.797892490048 12.5379243981635 0 0
 348.961051102309 13.1222383422036 0 0
 351.123833215896 12.7790978936622 0 0
 353.286244788047 7.70860142448304 0 0
 355.448291776 8.7688334238982 0 0
 357.609980136993 9.00547088901567 0 0
 359.771315828264 5.19757280976801 0 0
 361.932304807051 10.4636426792441 0 0
 364.092953030592 15.5737644642571 0 0
 366.253266456125 11.1728061757387 0 0
 368.413251040888 8.50550852525063 0 0
 370.572912742119 5.9934808530197 0 0
 372.732257517056 0.495409701339318 0 0
 374.891291322937 3.24005935957462 0 0
 377.050020117 3.98984544003031 0 0
 379.208449856483 -0.982916116176642 0 0
 381.366586498624 2.84107860193707 0 0
 383.524436000661 3.23020612157323 0 0
 385.682004319832 -1.37767542576943 0 0
 387.839297413375 2.56303927131366 0 0
 389.996321238528 2.76739250207273 0 0
 392.153081752529 -1.50135200490649 0 0
 394.309584912616 2.27572807900717 0 0
 396.465836676027 2.61946270277454 0 0
 398.621843 -0.689324358661271 0 0
 400.777609841773 6.20661266952762 0 0
 402.933143158584 12.3220401868959 0 0
 405.088448907671 10.7254254959524 0 0
 407.243533046272 10.9821588272398 0 0
 409.398401531625 6.52628840877028 0 0
 411.553060320968 1.99975331261884 0 0
 413.707515371539 6.16284836695213 0 0
 415.861772640576 7.60085126542189 0 0
 418.015838085317 7.66804755847166 0 0
 420.169717663 14.705772838678 0 0
 422.323417330863 19.8212788363379 0 0
 424.476943046144 25.0605830583439 0 0
 426.630300766081 38.3808877274757 0 0
 428.783496447912 52.8124893368707 0 0
 430.936536048875 73.4883471678234 0 0
 433.089425526208 116.799536774742 0 0
 435.242170837149 161.331674076523 0 0
 437.394777938936 196.043274928777 0 0
 439.547252788807 234.016130927449 0 0
 441.699601344 293.560381045578 0 0
 443.851829561753 368.808070560319 0 0
 446.003943399304 449.913737915241 0 0
 448.155948813891 506.776869453498 0 0
 450.307851762752 525.893645398919 0 0
 452.459658203125 509.692347454901 0 0
 454.611374092248 460.317365040399 0 0
 456.763005387359 397.306117636324 0 0
 458.914558045696 341.362360755114 0 0
 461.066038024497 290.361008495886 0 0
 463.217451281 248.554162470896 0 0
 465.368803772443 219.487772012281 0 0
 467.520101456064 189.25857624977 0 0
 469.671350289101 161.093480303109 0 0
 471.822556228792 141.552703038208 0 0
 473.973725232375 120.240562180164 0 0
 476.124863257088 103.38800330861 0 0
 478.275976260169 96.5737628397349 0 0
 480.427070198856 87.9501620983975 0 0
 482.578151030387 82.260509324422 0 0
 484.729224712 83.957609556952 0 0
 486.880297200933 81.3249799048927 0 0
 489.031374454424 80.1387842194176 0 0
 491.182462429711 85.5874662529037 0 0
 493.333567084032 85.8625737109453 0 0
 495.484694374625 87.5224327949514 0 0
 497.635850258728 95.1178069193755 0 0
 499.787040693579 96.7468911163713 0 0
 501.938271636416 99.5329403027801 0 0
 504.089549044477 -NAN 0 0
 506.240878875 -NAN 0 0
 508.392267085223 -NAN 0 0
 510.543719632384 -NAN 0 0
 512.695242473721 -NAN 0 0
 514.846841566472 -NAN 0 0
 516.998522867875 -NAN 0 0
 519.150292335168 -NAN 0 0
 521.302155925589 -NAN 0 0
 523.454119596376 -NAN 0 0
 525.606189304767 -NAN 0 0
 527.758371008 -NAN 0 0
 529.910670663313 -NAN 0 0
 532.063094227944 -NAN 0 0
 534.215647659131 -NAN 0 0
 536.368336914112 -NAN 0 0
 538.521167950125 -NAN 0 0
 540.674146724408 -NAN 0 0
 542.827279194199 -NAN 0 0
 544.980571316736 -NAN 0 0
 547.134029049257 -NAN 0 0
 549.287658349 -NAN 0 0
 551.441465173203 -NAN 0 0
 553.595455479104 -NAN 0 0
 555.749635223941 -NAN 0 0
 557.904010364952 -NAN 0 0
 560.058586859375 -NAN 0 0
 562.213370664448 -NAN 0 0
 564.368367737409 -NAN 0 0
 566.523584035496 -NAN 0 0
 568.679025515947 -NAN 0 0
 570.834698136 -NAN 0 0
 572.990607852893 -NAN 0 0
 575.146760623864 -NAN 0 0
 577.303162406151 -NAN 0 0
 579.459819156992 -NAN 0 0
 581.616736833625 -NAN 0 0
 583.773921393288 -NAN 0 0
 585.931378793219 -NAN 0 0
 588.089114990656 -NAN 0 0
 590.247135942837 -NAN 0 0
 592.405447607 -NAN 0 0
 594.564055940383 -NAN 0 0
 596.722966900224 -NAN 0 0
 598.882186443761 -NAN 0 0
 601.041720528232 -NAN 0 0
 603.201575110875 -NAN 0 0
 605.361756148928 -NAN 0 0
 607.522269599629 -NAN 0 0
 609.683121420216 -NAN 0 0
 611.844317567927 -NAN 0 0
 614.005864 -NAN 0 0
 616.167766673673 -NAN 0 0
 618.330031546184 -NAN 0 0
 620.492664574771 -NAN 0 0
 622.655671716672 -NAN 0 0
 624.819058929125 -NAN 0 0
 626.982832169368 -NAN 0 0
 629.146997394639 -NAN 0 0
 631.311560562176 -NAN 0 0
 633.476527629217 -NAN 0 0
 635.641904553 -NAN 0 0
 637.807697290763 -NAN 0 0
 639.973911799744 -NAN 0 0
 642.140554037181 -NAN 0 0
 644.307629960312 -NAN 0 0
 646.475145526375 -NAN 0 0
 648.643106692608 -NAN 0 0
 650.811519416249 -NAN 0 0
 652.980389654536 -NAN 0 0
 655.149723364707 -NAN 0 0
 657.319526504 -NAN 0 0
 659.489805029653 -NAN 0 0
 661.660564898904 -NAN 0 0
 663.831812068991 -NAN 0 0
 666.003552497152 -NAN 0 0
 668.175792140625 -NAN 0 0
 670.348536956648 -NAN 0 0
 672.521792902459 -NAN 0 0
 674.695565935296 -NAN 0 0
 676.869862012397 -NAN 0 0
 679.044687091 -NAN 0 0
 681.220047128343 -NAN 0 0
 683.395948081664 -NAN 0 0
 685.572395908201 -NAN 0 0
 687.749396565192 -NAN 0 0
 689.926956009875 -NAN 0 0
 692.105080199488 -NAN 0 0
 694.283775091269 -NAN 0 0
 696.463046642456 -NAN 0 0
 698.642900810287 -NAN 0 0
 700.823343552 -NAN 0 0
 703.004380824833 -NAN 0 0
 705.186018586024 -NAN 0 0
 707.368262792811 -NAN 0 0
 709.551119402432 -NAN 0 0
 711.734594372125 -NAN 0 0
 713.918693659128 -NAN 0 0
 716.103423220679 -NAN 0 0
 718.288789014016 -NAN 0 0
 720.474796996377 -NAN 0 0
 722.661453125 -NAN 0 0
 724.848763357123 -NAN 0 0
 727.036733649984 -NAN 0 0
 729.225369960821 -NAN 0 0
 731.414678246872 -NAN 0 0
 733.604664465375 -NAN 0 0
 735.795334573568 -NAN 0 0
[END] of [DATA]
[END] of Spectrum


[Spectrum]
Version            = 1
IDData             = 12ad_2026-06-09_17-19-45_000_520
IDDevice           = SAM_82E6
IDDataType         = SPECTRUM
IDDataTypeSub1     = CALIBRATED
IDDataTypeSub2     = 
IDDataTypeSub3     = 
DateTime           = 2026-06-09 17:19:45
PositionLatitude   = 0
PositionLongitude  = 0
Comment            = 20260609_FrameA
CommentSub1        = UV
CommentSub2        = left
CommentSub3        = 17cm
IDMethodType       = SAM Control
MethodName         = SAM_82E6
Mission            = No Mission
MissionSub         = 1
RecordType         = 0
[Attributes]
CalFactor = 1
IDBasisSpec = 
IDDataBack = DLAB_2024-11-11_10-40-48_641_639
IDDataCal = DLAB_2024-11-12_11-45-27_171_455
IntegrationTime = 128
P31 = -1
P31e = 0
PathLength = +INF
PathLengthCustomOn = 0
RAWDynamic = 65535
Salinity = 0
Temperature = -NAN
Unit1 = $01 $01 Wavelength nm
Unit2 = $03 $06 Intensity mW/(m^2 nm)
Unit3 = $f0 $06 Error mW/(m^2 nm)
Unit4 = $f1 $00 Status 
p999 = 8072
[END] of [Attributes]
[DATA]
 0 6 0 0
 185.260577530984 -NAN 0 0
 187.468128380571 -NAN 0 0
 189.674861895872 -NAN 0 0
 191.880784034125 -NAN 0 0
 194.085900752568 -NAN 0 0
 196.290218008439 -NAN 0 0
 198.493741758976 -NAN 0 0
 200.696477961417 -NAN 0 0
 202.898432573 -NAN 0 0
 205.099611550963 -NAN 0 0
 207.300020852544 -NAN 0 0
 209.499666434981 -NAN 0 0
 211.698554255512 -NAN 0 0
 213.896690271375 -NAN 0 0
 216.094080439808 -NAN 0 0
 218.290730718049 -NAN 0 0
 220.486647063336 -NAN 0 0
 222.681835432907 -NAN 0 0
 224.876301784 -NAN 0 0
 227.070052073853 -NAN 0 0
 229.263092259704 -NAN 0 0
 231.455428298791 -NAN 0 0
 233.647066148352 -NAN 0 0
 235.838011765625 -NAN 0 0
 238.028271107848 -NAN 0 0
 240.217850132259 -NAN 0 0
 242.406754796096 -NAN 0 0
 244.594991056597 -NAN 0 0
 246.782564871 -NAN 0 0
 248.969482196543 -NAN 0 0
 251.155748990464 -NAN 0 0
 253.341371210001 -NAN 0 0
 255.526354812392 -NAN 0 0
 257.710705754875 -NAN 0 0
 259.894429994688 -NAN 0 0
 262.077533489069 -NAN 0 0
 264.260022195256 -NAN 0 0
 266.441902070487 -NAN 0 0
 268.623179072 -NAN 0 0
 270.803859157033 -NAN 0 0
 272.983948282824 -NAN 0 0
 275.163452406611 -NAN 0 0
 277.342377485632 -NAN 0 0
 279.520729477125 3.46364967737765 0 0
 281.698514338328 3.10034358923987 0 0
 283.875738026479 10.3629112384132 0 0
 286.052406498816 10.7769039063892 0 0
 288.228525712577 13.1288369239871 0 0
 290.404101625 24.1181528952286 0 0
 292.579140193323 27.6040161201654 0 0
 294.753647374784 34.1599945217334 0 0
 296.927629126621 45.5342311019825 0 0
 299.101091406072 49.572774817883 0 0
 301.274040170375 56.2427471933288 0 0
 303.446481376768 63.9752362297205 0 0
 305.618420982489 65.5721072654697 0 0
 307.789864944776 67.1119123631762 0 0
 309.960819220867 74.3878823364051 0 0
 312.131289768 74.7625003844084 0 0
 314.301282543413 70.8833102452423 0 0
 316.470803504344 68.4917863078881 0 0
 318.639858608031 59.7790165045481 0 0
 320.808453811712 54.1590943812447 0 0
 322.976595072625 55.4892562482794 0 0
 325.144288348008 47.059505828137 0 0
 327.311539595099 42.0536026508361 0 0
 329.478354771136 42.6875990982109 0 0
 331.644739833357 34.5282548004453 0 0
 333.810700739 30.6337760163192 0 0
 335.976243445303 31.7247524516545 0 0
 338.141373909504 23.8621753517872 0 0
 340.306098088841 20.6414596705056 0 0
 342.470421940552 22.0721732467561 0 0
 344.634351421875 15.6246282135474 0 0
 346.797892490048 13.5924894778406 0 0
 348.961051102309 15.2352350206083 0 0
 351.123833215896 10.1697440510972 0 0
 353.286244788047 8.79793100531887 0 0
 355.448291776 10.811530201962 0 0
 357.609980136993 6.35518157545679 0 0
 359.771315828264 6.52378949832239 0 0
 361.932304807051 12.5290724130579 0 0
 364.092953030592 12.637189110874 0 0
 366.253266456125 12.6968125144523 0 0
 368.413251040888 10.5676314604434 0 0
 370.572912742119 2.86229006821959 0 0
 372.732257517056 2.43260515271921 0 0
 374.891291322937 5.33339508434292 0 0
 377.050020117 0.526084128442235 0 0
 379.208449856483 1.19601730037665 0 0
 381.366586498624 4.7362678435438 0 0
 383.524436000661 -0.236178679021284 0 0
 385.682004319832 0.785728230857725 0 0
 387.839297413375 4.08050531668865 0 0
 389.996321238528 -0.557411819327324 0 0
 392.153081752529 0.784066887984716 0 0
 394.309584912616 3.88345582955904 0 0
 396.465836676027 -0.727443663038652 0 0
 398.621843 1.66317936483475 0 0
 400.777609841773 7.41217847981265 0 0
 402.933143158584 9.04856171707026 0 0
 405.088448907671 12.7265696976764 0 0
 407.243533046272 11.71990934521 0 0
 409.398401531625 3.62848115081072 0 0
 411.553060320968 4.13397836381673 0 0
 413.707515371539 6.93606177177024 0 0
 415.861772640576 5.11158773513442 0 0
 418.015838085317 9.62320207688463 0 0
 420.169717663 15.1059406652974 0 0
 422.323417330863 17.5387621794402 0 0
 424.476943046144 27.0497868457241 0 0
 426.630300766081 38.7615542417381 0 0
 428.783496447912 50.6351017061097 0 0
 430.936536048875 74.9938296308129 0 0
 433.089425526208 116.369634624354 0 0
 435.242170837149 158.60555138583 0 0
 437.394777938936 197.057590609951 0 0
 439.547252788807 233.950617448055 0 0
 441.699601344 291.333719381121 0 0
 443.851829561753 370.940010483048 0 0
 446.003943399304 449.921437972365 0 0
 448.155948813891 504.557880943456 0 0
 450.307851762752 527.849678578423 0 0
 452.459658203125 509.400559869454 0 0
 454.611374092248 457.826815107728 0 0
 456.763005387359 399.669626228902 0 0
 458.914558045696 340.994087301796 0 0
 461.066038024497 287.820921782605 0 0
 463.217451281 251.068720789814 0 0
 465.368803772443 218.832279602866 0 0
 467.520101456064 186.93553138414 0 0
 469.671350289101 163.811635273049 0 0
 471.822556228792 140.775525566537 0 0
 473.973725232375 117.971209217565 0 0
 476.124863257088 106.247715736388 0 0
 478.275976260169 95.9236839577441 0 0
 480.427070198856 85.8550006026369 0 0
 482.578151030387 85.2037899908713 0 0
 484.729224712 83.1428796297935 0 0
 486.880297200933 79.1403458931395 0 0
 489.031374454424 83.0491216535043 0 0
 491.182462429711 84.6124463620638 0 0
 493.333567084032 83.728317171119 0 0
 495.484694374625 90.5407615924534 0 0
 497.635850258728 93.8440375062457 0 0
 499.787040693579 94.7997688270877 0 0
 501.938271636416 102.545300205158 0 0
 504.089549044477 -NAN 0 0
 506.240878875 -NAN 0 0
 508.392267085223 -NAN 0 0
 510.543719632384 -NAN 0 0
 512.695242473721 -NAN 0 0
 514.846841566472 -NAN 0 0
 516.998522867875 -NAN 0 0
 519.150292335168 -NAN 0 0
 521.302155925589 -NAN 0 0
 523.454119596376 -NAN 0 0
 525.606189304767 -NAN 0 0
 527.758371008 -NAN 0 0
 529.910670663313 -NAN 0 0
 532.063094227944 -NAN 0 0
 534.215647659131 -NAN 0 0
 536.368336914112 -NAN 0 0
 538.521167950125 -NAN 0 0
 540.674146724408 -NAN 0 0
 542.827279194199 -NAN 0 0
 544.980571316736 -NAN 0 0
 547.134029049257 -NAN 0 0
 549.287658349 -NAN 0 0
 551.441465173203 -NAN 0 0
 553.595455479104 -NAN 0 0
 555.749635223941 -NAN 0 0
 557.904010364952 -NAN 0 0
 560.058586859375 -NAN 0 0
 562.213370664448 -NAN 0 0
 564.368367737409 -NAN 0 0
 566.523584035496 -NAN 0 0
 568.679025515947 -NAN 0 0
 570.834698136 -NAN 0 0
 572.990607852893 -NAN 0 0
 575.146760623864 -NAN 0 0
 577.303162406151 -NAN 0 0
 579.459819156992 -NAN 0 0
 581.616736833625 -NAN 0 0
 583.773921393288 -NAN 0 0
 585.931378793219 -NAN 0 0
 588.089114990656 -NAN 0 0
 590.247135942837 -NAN 0 0
 592.405447607 -NAN 0 0
 594.564055940383 -NAN 0 0
 596.722966900224 -NAN 0 0
 598.882186443761 -NAN 0 0
 601.041720528232 -NAN 0 0
 603.201575110875 -NAN 0 0
 605.361756148928 -NAN 0 0
 607.522269599629 -NAN 0 0
 609.683121420216 -NAN 0 0
 611.844317567927 -NAN 0 0
 614.005864 -NAN 0 0
 616.167766673673 -NAN 0 0
 618.330031546184 -NAN 0 0
 620.492664574771 -NAN 0 0
 622.655671716672 -NAN 0 0
 624.819058929125 -NAN 0 0
 626.982832169368 -NAN 0 0
 629.146997394639 -NAN 0 0
 631.311560562176 -NAN 0 0
 633.476527629217 -NAN 0 0
 635.641904553 -NAN 0 0
 637.807697290763 -NAN 0 0
 639.973911799744 -NAN 0 0
 642.140554037181 -NAN 0 0
 644.307629960312 -NAN 0 0
 646.475145526375 -NAN 0 0
 648.643106692608 -NAN 0 0
 650.811519416249 -NAN 0 0
 652.980389654536 -NAN 0 0
 655.149723364707 -NAN 0 0
 657.319526504 -NAN 0 0
 659.489805029653 -NAN 0 0
 661.660564898904 -NAN 0 0
 663.831812068991 -NAN 0 0
 666.003552497152 -NAN 0 0
 668.175792140625 -NAN 0 0
 670.348536956648 -NAN 0 0
 672.521792902459 -NAN 0 0
 674.695565935296 -NAN 0 0
 676.869862012397 -NAN 0 0
 679.044687091 -NAN 0 0
 681.220047128343 -NAN 0 0
 683.395948081664 -NAN 0 0
 685.572395908201 -NAN 0 0
 687.749396565192 -NAN 0 0
 689.926956009875 -NAN 0 0
 692.105080199488 -NAN 0 0
 694.283775091269 -NAN 0 0
 696.463046642456 -NAN 0 0
 698.642900810287 -NAN 0 0
 700.823343552 -NAN 0 0
 703.004380824833 -NAN 0 0
 705.186018586024 -NAN 0 0
 707.368262792811 -NAN 0 0
 709.551119402432 -NAN 0 0
 711.734594372125 -NAN 0 0
 713.918693659128 -NAN 0 0
 716.103423220679 -NAN 0 0
 718.288789014016 -NAN 0 0
 720.474796996377 -NAN 0 0
 722.661453125 -NAN 0 0
 724.848763357123 -NAN 0 0
 727.036733649984 -NAN 0 0
 729.225369960821 -NAN 0 0
 731.414678246872 -NAN 0 0
 733.604664465375 -NAN 0 0
 735.795334573568 -NAN 0 0
[END] of [DATA]
[END] of Spectrum


[Spectrum]
Version            = 1
IDData             = 12ad_2026-06-09_17-19-40_000_517
IDDevice           = SAM_82E6
IDDataType         = SPECTRUM
IDDataTypeSub1     = CALIBRATED
IDDataTypeSub2     = 
IDDataTypeSub3     = 
DateTime           = 2026-06-09 17:19:40
PositionLatitude   = 0
PositionLongitude  = 0
Comment            = 20260609_FrameA
CommentSub1        = UV
CommentSub2        = left
CommentSub3        = 17cm
IDMethodType       = SAM Control
MethodName         = SAM_82E6
Mission            = No Mission
MissionSub         = 1
RecordType         = 0
[Attributes]
CalFactor = 1
IDBasisSpec = 
IDDataBack = DLAB_2024-11-11_10-40-48_641_639
IDDataCal = DLAB_2024-11-12_11-45-27_171_455
IntegrationTime = 128
P31 = -1
P31e = 0
PathLength = +INF
PathLengthCustomOn = 0
RAWDynamic = 65535
Salinity = 0
Temperature = -NAN
Unit1 = $01 $01 Wavelength nm
Unit2 = $03 $06 Intensity mW/(m^2 nm)
Unit3 = $f0 $06 Error mW/(m^2 nm)
Unit4 = $f1 $00 Status 
p999 = 8071
[END] of [Attributes]
[DATA]
 0 6 0 0
 185.260577530984 -NAN 0 0
 187.468128380571 -NAN 0 0
 189.674861895872 -NAN 0 0
 191.880784034125 -NAN 0 0
 194.085900752568 -NAN 0 0
 196.290218008439 -NAN 0 0
 198.493741758976 -NAN 0 0
 200.696477961417 -NAN 0 0
 202.898432573 -NAN 0 0
 205.099611550963 -NAN 0 0
 207.300020852544 -NAN 0 0
 209.499666434981 -NAN 0 0
 211.698554255512 -NAN 0 0
 213.896690271375 -NAN 0 0
 216.094080439808 -NAN 0 0
 218.290730718049 -NAN 0 0
 220.486647063336 -NAN 0 0
 222.681835432907 -NAN 0 0
 224.876301784 -NAN 0 0
 227.070052073853 -NAN 0 0
 229.263092259704 -NAN 0 0
 231.455428298791 -NAN 0 0
 233.647066148352 -NAN 0 0
 235.838011765625 -NAN 0 0
 238.028271107848 -NAN 0 0
 240.217850132259 -NAN 0 0
 242.406754796096 -NAN 0 0
 244.594991056597 -NAN 0 0
 246.782564871 -NAN 0 0
 248.969482196543 -NAN 0 0
 251.155748990464 -NAN 0 0
 253.341371210001 -NAN 0 0
 255.526354812392 -NAN 0 0
 257.710705754875 -NAN 0 0
 259.894429994688 -NAN 0 0
 262.077533489069 -NAN 0 0
 264.260022195256 -NAN 0 0
 266.441902070487 -NAN 0 0
 268.623179072 -NAN 0 0
 270.803859157033 -NAN 0 0
 272.983948282824 -NAN 0 0
 275.163452406611 -NAN 0 0
 277.342377485632 -NAN 0 0
 279.520729477125 2.03402256315014 0 0
 281.698514338328 7.57702104915314 0 0
 283.875738026479 5.81863766569742 0 0
 286.052406498816 9.42375831693923 0 0
 288.228525712577 17.8538832961977 0 0
 290.404101625 18.9676907894741 0 0
 292.579140193323 25.9604646082459 0 0
 294.753647374784 38.1320895927105 0 0
 296.927629126621 40.3972391668407 0 0
 299.101091406072 47.9687144174342 0 0
 301.274040170375 58.8372930459353 0 0
 303.446481376768 58.8681652936307 0 0
 305.618420982489 63.8342182507053 0 0
 307.789864944776 69.0979323805553 0 0
 309.960819220867 68.9649198453785 0 0
 312.131289768 73.0858757814607 0 0
 314.301282543413 72.8972845095709 0 0
 316.470803504344 62.514940575163 0 0
 318.639858608031 58.556899692503 0 0
 320.808453811712 56.8479231791178 0 0
 322.976595072625 48.9896979987008 0 0
 325.144288348008 46.2337114102297 0 0
 327.311539595099 45.3051748001739 0 0
 329.478354771136 36.2678154135277 0 0
 331.644739833357 34.3742866375287 0 0
 333.810700739 34.209977848721 0 0
 335.976243445303 25.3722482066922 0 0
 338.141373909504 24.1205859608796 0 0
 340.306098088841 23.5786263718837 0 0
 342.470421940552 16.3970214026445 0 0
 344.634351421875 16.331370128876 0 0
 346.797892490048 16.2717854076501 0 0
 348.961051102309 10.2644305740931 0 0
 351.123833215896 10.8794524750295 0 0
 353.286244788047 11.1379723271143 0 0
 355.448291776 6.28511206499912 0 0
 357.609980136993 7.41958059674064 0 0
 359.771315828264 8.73522624744469 0 0
 361.932304807051 7.75036417193211 0 0
 364.092953030592 13.9829783539469 0 0
 366.253266456125 15.0137692776767 0 0
 368.413251040888 5.46627148907883 0 0
 370.572912742119 4.81159135101533 0 0
 372.732257517056 4.80942004323381 0 0
 374.891291322937 0.0146820932167967 0 0
 377.050020117 3.13873403849712 0 0
 379.208449856483 3.94732307876058 0 0
 381.366586498624 -1.10899890014408 0 0
 383.524436000661 2.48121686781623 0 0
 385.682004319832 3.40286348936789 0 0
 387.839297413375 -1.52462603298779 0 0
 389.996321238528 2.33054664488836 0 0
 392.153081752529 2.91268412034362 0 0
 394.309584912616 -1.56018215195331 0 0
 396.465836676027 2.25026926089784 0 0
 398.621843 3.67468283061025 0 0
 400.777609841773 2.24398157574283 0 0
 402.933143158584 11.9279047613768 0 0
 405.088448907671 14.1687693863345 0 0
 407.243533046272 6.9773971588379 0 0
 409.398401531625 6.54118421515757 0 0
 411.553060320968 5.48841162628238 0 0
 413.707515371539 2.75922447660734 0 0
 415.861772640576 7.88968340116251 0 0
 418.015838085317 10.7064500805503 0 0
 420.169717663 11.6018706184934 0 0
 422.323417330863 20.2781483958213 0 0
 424.476943046144 27.6445064073237 0 0
 426.630300766081 35.5487633889379 0 0
 428.783496447912 53.2938243493231 0 0
 430.936536048875 75.4124312132972 0 0
 433.089425526208 113.006520626782 0 0
 435.242170837149 160.363824595893 0 0
 437.394777938936 196.787426149559 0 0
 439.547252788807 230.736412915793 0 0
 441.699601344 294.014919214808 0 0
 443.851829561753 371.229626193006 0 0
 446.003943399304 447.014238626905 0 0
 448.155948813891 507.767473655885 0 0
 450.307851762752 528.177938641742 0 0
 452.459658203125 506.603104288349 0 0
 454.611374092248 461.442344257791 0 0
 456.763005387359 399.585668468075 0 0
 458.914558045696 337.85428165372 0 0
 461.066038024497 291.456312634184 0 0
 463.217451281 250.829832556294 0 0
 465.368803772443 215.60653917908 0 0
 467.520101456064 190.834048355507 0 0
 469.671350289101 163.289870758707 0 0
 471.822556228792 137.651512607273 0 0
 473.973725232375 122.296303073503 0 0
 476.124863257088 105.514796794387 0 0
 478.275976260169 92.8077503079969 0 0
 480.427070198856 90.1700753684936 0 0
 482.578151030387 84.4247191129109 0 0
 484.729224712 80.2505325084134 0 0
 486.880297200933 83.3530093279897 0 0
 489.031374454424 82.0667009433436 0 0
 491.182462429711 81.6214918744704 0 0
 493.333567084032 88.221723219496 0 0
 495.484694374625 89.2701193263983 0 0
 497.635850258728 91.1034035751532 0 0
 499.787040693579 99.1875887933347 0 0
 501.938271636416 100.902977514544 0 0
 504.089549044477 -NAN 0 0
 506.240878875 -NAN 0 0
 508.392267085223 -NAN 0 0
 510.543719632384 -NAN 0 0
 512.695242473721 -NAN 0 0
 514.846841566472 -NAN 0 0
 516.998522867875 -NAN 0 0
 519.150292335168 -NAN 0 0
 521.302155925589 -NAN 0 0
 523.454119596376 -NAN 0 0
 525.606189304767 -NAN 0 0
 527.758371008 -NAN 0 0
 529.910670663313 -NAN 0 0
 532.063094227944 -NAN 0 0
 534.215647659131 -NAN 0 0
 536.368336914112 -NAN 0 0
 538.521167950125 -NAN 0 0
 540.674146724408 -NAN 0 0
 542.827279194199 -NAN 0 0
 544.980571316736 -NAN 0 0
 547.134029049257 -NAN 0 0
 549.287658349 -NAN 0 0
 551.441465173203 -NAN 0 0
 553.595455479104 -NAN 0 0
 555.749635223941 -NAN 0 0
 557.904010364952 -NAN 0 0
 560.058586859375 -NAN 0 0
 562.213370664448 -NAN 0 0
 564.368367737409 -NAN 0 0
 566.523584035496 -NAN 0 0
 568.679025515947 -NAN 0 0
 570.834698136 -NAN 0 0
 572.990607852893 -NAN 0 0
 575.146760623864 -NAN 0 0
 577.303162406151 -NAN 0 0
 579.459819156992 -NAN 0 0
 581.616736833625 -NAN 0 0
 583.773921393288 -NAN 0 0
 585.931378793219 -NAN 0 0
 588.089114990656 -NAN 0 0
 590.247135942837 -NAN 0 0
 592.405447607 -NAN 0 0
 594.564055940383 -NAN 0 0
 596.722966900224 -NAN 0 0
 598.882186443761 -NAN 0 0
 601.041720528232 -NAN 0 0
 603.201575110875 -NAN 0 0
 605.361756148928 -NAN 0 0
 607.522269599629 -NAN 0 0
 609.683121420216 -NAN 0 0
 611.844317567927 -NAN 0 0
 614.005864 -NAN 0 0
 616.167766673673 -NAN 0 0
 618.330031546184 -NAN 0 0
 620.492664574771 -NAN 0 0
 622.655671716672 -NAN 0 0
 624.819058929125 -NAN 0 0
 626.982832169368 -NAN 0 0
 629.146997394639 -NAN 0 0
 631.311560562176 -NAN 0 0
 633.476527629217 -NAN 0 0
 635.641904553 -NAN 0 0
 637.807697290763 -NAN 0 0
 639.973911799744 -NAN 0 0
 642.140554037181 -NAN 0 0
 644.307629960312 -NAN 0 0
 646.475145526375 -NAN 0 0
 648.643106692608 -NAN 0 0
 650.811519416249 -NAN 0 0
 652.980389654536 -NAN 0 0
 655.149723364707 -NAN 0 0
 657.319526504 -NAN 0 0
 659.489805029653 -NAN 0 0
 661.660564898904 -NAN 0 0
 663.831812068991 -NAN 0 0
 666.003552497152 -NAN 0 0
 668.175792140625 -NAN 0 0
 670.348536956648 -NAN 0 0
 672.521792902459 -NAN 0 0
 674.695565935296 -NAN 0 0
 676.869862012397 -NAN 0 0
 679.044687091 -NAN 0 0
 681.220047128343 -NAN 0 0
 683.395948081664 -NAN 0 0
 685.572395908201 -NAN 0 0
 687.749396565192 -NAN 0 0
 689.926956009875 -NAN 0 0
 692.105080199488 -NAN 0 0
 694.283775091269 -NAN 0 0
 696.463046642456 -NAN 0 0
 698.642900810287 -NAN 0 0
 700.823343552 -NAN 0 0
 703.004380824833 -NAN 0 0
 705.186018586024 -NAN 0 0
 707.368262792811 -NAN 0 0
 709.551119402432 -NAN 0 0
 711.734594372125 -NAN 0 0
 713.918693659128 -NAN 0 0
 716.103423220679 -NAN 0 0
 718.288789014016 -NAN 0 0
 720.474796996377 -NAN 0 0
 722.661453125 -NAN 0 0
 724.848763357123 -NAN 0 0
 727.036733649984 -NAN 0 0
 729.225369960821 -NAN 0 0
 731.414678246872 -NAN 0 0
 733.604664465375 -NAN 0 0
 735.795334573568 -NAN 0 0
[END] of [DATA]
[END] of Spectrum


[Spectrum]
Version            = 1
IDData             = 12ad_2026-06-09_17-19-35_000_514
IDDevice           = SAM_82E6
IDDataType         = SPECTRUM
IDDataTypeSub1     = CALIBRATED
IDDataTypeSub2     = 
IDDataTypeSub3     = 
DateTime           = 2026-06-09 17:19:35
PositionLatitude   = 0
PositionLongitude  = 0
Comment            = 20260609_FrameA
CommentSub1        = UV
CommentSub2        = left
CommentSub3        = 17cm
IDMethodType       = SAM Control
MethodName         = SAM_82E6
Mission            = No Mission
MissionSub         = 1
RecordType         = 0
[Attributes]
CalFactor = 1
IDBasisSpec = 
IDDataBack = DLAB_2024-11-11_10-40-48_641_639
IDDataCal = DLAB_2024-11-12_11-45-27_171_455
IntegrationTime = 128
P31 = -1
P31e = 0
PathLength = +INF
PathLengthCustomOn = 0
RAWDynamic = 65535
Salinity = 0
Temperature = -NAN
Unit1 = $01 $01 Wavelength nm
Unit2 = $03 $06 Intensity mW/(m^2 nm)
Unit3 = $f0 $06 Error mW/(m^2 nm)
Unit4 = $f1 $00 Status 
p999 = 8070
[END] of [Attributes]
[DATA]
 0 6 0 0
 185.260577530984 -NAN 0 0
 187.468128380571 -NAN 0 0
 189.674861895872 -NAN 0 0
 191.880784034125 -NAN 0 0
 194.085900752568 -NAN 0 0
 196.290218008439 -NAN 0 0
 198.493741758976 -NAN 0 0
 200.696477961417 -NAN 0 0
 202.898432573 -NAN 0 0
 205.099611550963 -NAN 0 0
 207.300020852544 -NAN 0 0
 209.499666434981 -NAN 0 0
 211.698554255512 -NAN 0 0
 213.896690271375 -NAN 0 0
 216.094080439808 -NAN 0 0
 218.290730718049 -NAN 0 0
 220.486647063336 -NAN 0 0
 222.681835432907 -NAN 0 0
 224.876301784 -NAN 0 0
 227.070052073853 -NAN 0 0
 229.263092259704 -NAN 0 0
 231.455428298791 -NAN 0 0
 233.647066148352 -NAN 0 0
 235.838011765625 -NAN 0 0
 238.028271107848 -NAN 0 0
 240.217850132259 -NAN 0 0
 242.406754796096 -NAN 0 0
 244.594991056597 -NAN 0 0
 246.782564871 -NAN 0 0
 248.969482196543 -NAN 0 0
 251.155748990464 -NAN 0 0
 253.341371210001 -NAN 0 0
 255.526354812392 -NAN 0 0
 257.710705754875 -NAN 0 0
 259.894429994688 -NAN 0 0
 262.077533489069 -NAN 0 0
 264.260022195256 -NAN 0 0
 266.441902070487 -NAN 0 0
 268.623179072 -NAN 0 0
 270.803859157033 -NAN 0 0
 272.983948282824 -NAN 0 0
 275.163452406611 -NAN 0 0
 277.342377485632 -NAN 0 0
 279.520729477125 3.96551355110037 0 0
 281.698514338328 2.12107039488384 0 0
 283.875738026479 9.48314665301793 0 0
 286.052406498816 11.205206426655 0 0
 288.228525712577 11.6173378570732 0 0
 290.404101625 22.6102395119233 0 0
 292.579140193323 27.1064400620972 0 0
 294.753647374784 32.1000348105616 0 0
 296.927629126621 43.2577539542541 0 0
 299.101091406072 48.1438978341251 0 0
 301.274040170375 53.3267839877831 0 0
 303.446481376768 61.0536334166238 0 0
 305.618420982489 63.4696487110982 0 0
 307.789864944776 63.9639958124864 0 0
 309.960819220867 70.8745202283287 0 0
 312.131289768 72.4208521973385 0 0
 314.301282543413 67.2704822779971 0 0
 316.470803504344 65.2455722621296 0 0
 318.639858608031 58.2134205463808 0 0
 320.808453811712 51.0536302300379 0 0
 322.976595072625 52.7907161615332 0 0
 325.144288348008 45.8482444354373 0 0
 327.311539595099 39.3195259788275 0 0
 329.478354771136 40.8773866922193 0 0
 331.644739833357 33.9523546526131 0 0
 333.810700739 28.6991337170852 0 0
 335.976243445303 30.4789638617385 0 0
 338.141373909504 23.6697718004521 0 0
 340.306098088841 19.1850918929738 0 0
 342.470421940552 21.1385361298084 0 0
 344.634351421875 15.7013386349621 0 0
 346.797892490048 12.4920212217285 0 0
 348.961051102309 14.6604351579005 0 0
 351.123833215896 10.3790744537397 0 0
 353.286244788047 7.86344106460185 0 0
 355.448291776 10.3737326302548 0 0
 357.609980136993 6.74817397063905 0 0
 359.771315828264 5.62135981324768 0 0
 361.932304807051 12.2205207090698 0 0
 364.092953030592 12.8279931226856 0 0
 366.253266456125 11.6539484068115 0 0
 368.413251040888 10.4451891227276 0 0
 370.572912742119 3.41367103674236 0 0
 372.732257517056 1.52597159129899 0 0
 374.891291322937 5.53640966009116 0 0
 377.050020117 1.13165609809065 0 0
 379.208449856483 0.626443825400938 0 0
 381.366586498624 4.87335461195235 0 0
 383.524436000661 0.464488687396548 0 0
 385.682004319832 0.258034110799425 0 0
 387.839297413375 4.37096333657835 0 0
 389.996321238528 0.00866175123635425 0 0
 392.153081752529 0.0194853397254232 0 0
 394.309584912616 4.13845590534632 0 0
 396.465836676027 0.00691565589428704 0 0
 398.621843 0.884318854010066 0 0
 400.777609841773 7.67878149071711 0 0
 402.933143158584 9.2171148090125 0 0
 405.088448907671 11.3863313157974 0 0
 407.243533046272 11.8779138844854 0 0
 409.398401531625 3.90462648460599 0 0
 411.553060320968 3.4468351044388 0 0
 413.707515371539 7.19167827459763 0 0
 415.861772640576 5.50452191273207 0 0
 418.015838085317 8.97541583875786 0 0
 420.169717663 15.4871880273012 0 0
 422.323417330863 17.9406975233544 0 0
 424.476943046144 26.4009211747848 0 0
 426.630300766081 39.0938821510149 0 0
 428.783496447912 50.9596445779034 0 0
 430.936536048875 74.1986514278655 0 0
 433.089425526208 115.748664851572 0 0
 435.242170837149 157.287645693378 0 0
 437.394777938936 195.17842893427 0 0
 439.547252788807 233.577756781378 0 0
 441.699601344 291.664965099385 0 0
 443.851829561753 370.448668223668 0 0
 446.003943399304 450.435630675903 0 0
 448.155948813891 505.274730928709 0 0
 450.307851762752 527.433942619109 0 0
 452.459658203125 510.09066066678 0 0
 454.611374092248 458.364104421191 0 0
 456.763005387359 399.008702925649 0 0
 458.914558045696 341.504081162625 0 0
 461.066038024497 288.23153347352 0 0
 463.217451281 250.290776064135 0 0
 465.368803772443 219.333662685752 0 0
 467.520101456064 187.097255577183 0 0
 469.671350289101 163.039813491461 0 0
 471.822556228792 141.275061578568 0 0
 473.973725232375 118.137474281783 0 0
 476.124863257088 105.418476631314 0 0
 478.275976260169 96.3115087950343 0 0
 480.427070198856 85.9229457654447 0 0
 482.578151030387 84.3477049430265 0 0
 484.729224712 83.5731553800761 0 0
 486.880297200933 79.128041246888 0 0
 489.031374454424 82.2311836818329 0 0
 491.182462429711 84.9620239403375 0 0
 493.333567084032 83.7361104918174 0 0
 495.484694374625 89.6320531426004 0 0
 497.635850258728 94.3256781370502 0 0
 499.787040693579 94.6899646108858 0 0
 501.938271636416 101.622973504073 0 0
 504.089549044477 -NAN 0 0
 506.240878875 -NAN 0 0
 508.392267085223 -NAN 0 0
 510.543719632384 -NAN 0 0
 512.695242473721 -NAN 0 0
 514.846841566472 -NAN 0 0
 516.998522867875 -NAN 0 0
 519.150292335168 -NAN 0 0
 521.302155925589 -NAN 0 0
 523.454119596376 -NAN 0 0
 525.606189304767 -NAN 0 0
 527.758371008 -NAN 0 0
 529.910670663313 -NAN 0 0
 532.063094227944 -NAN 0 0
 534.215647659131 -NAN 0 0
 536.368336914112 -NAN 0 0
 538.521167950125 -NAN 0 0
 540.674146724408 -NAN 0 0
 542.827279194199 -NAN 0 0
 544.980571316736 -NAN 0 0
 547.134029049257 -NAN 0 0
 549.287658349 -NAN 0 0
 551.441465173203 -NAN 0 0
 553.595455479104 -NAN 0 0
 555.749635223941 -NAN 0 0
 557.904010364952 -NAN 0 0
 560.058586859375 -NAN 0 0
 562.213370664448 -NAN 0 0
 564.368367737409 -NAN 0 0
 566.523584035496 -NAN 0 0
 568.679025515947 -NAN 0 0
 570.834698136 -NAN 0 0
 572.990607852893 -NAN 0 0
 575.146760623864 -NAN 0 0
 577.303162406151 -NAN 0 0
 579.459819156992 -NAN 0 0
 581.616736833625 -NAN 0 0
 583.773921393288 -NAN 0 0
 585.931378793219 -NAN 0 0
 588.089114990656 -NAN 0 0
 590.247135942837 -NAN 0 0
 592.405447607 -NAN 0 0
 594.564055940383 -NAN 0 0
 596.722966900224 -NAN 0 0
 598.882186443761 -NAN 0 0
 601.041720528232 -NAN 0 0
 603.201575110875 -NAN 0 0
 605.361756148928 -NAN 0 0
 607.522269599629 -NAN 0 0
 609.683121420216 -NAN 0 0
 611.844317567927 -NAN 0 0
 614.005864 -NAN 0 0
 616.167766673673 -NAN 0 0
 618.330031546184 -NAN 0 0
 620.492664574771 -NAN 0 0
 622.655671716672 -NAN 0 0
 624.819058929125 -NAN 0 0
 626.982832169368 -NAN 0 0
 629.146997394639 -NAN 0 0
 631.311560562176 -NAN 0 0
 633.476527629217 -NAN 0 0
 635.641904553 -NAN 0 0
 637.807697290763 -NAN 0 0
 639.973911799744 -NAN 0 0
 642.140554037181 -NAN 0 0
 644.307629960312 -NAN 0 0
 646.475145526375 -NAN 0 0
 648.643106692608 -NAN 0 0
 650.811519416249 -NAN 0 0
 652.980389654536 -NAN 0 0
 655.149723364707 -NAN 0 0
 657.319526504 -NAN 0 0
 659.489805029653 -NAN 0 0
 661.660564898904 -NAN 0 0
 663.831812068991 -NAN 0 0
 666.003552497152 -NAN 0 0
 668.175792140625 -NAN 0 0
 670.348536956648 -NAN 0 0
 672.521792902459 -NAN 0 0
 674.695565935296 -NAN 0 0
 676.869862012397 -NAN 0 0
 679.044687091 -NAN 0 0
 681.220047128343 -NAN 0 0
 683.395948081664 -NAN 0 0
 685.572395908201 -NAN 0 0
 687.749396565192 -NAN 0 0
 689.926956009875 -NAN 0 0
 692.105080199488 -NAN 0 0
 694.283775091269 -NAN 0 0
 696.463046642456 -NAN 0 0
 698.642900810287 -NAN 0 0
 700.823343552 -NAN 0 0
 703.004380824833 -NAN 0 0
 705.186018586024 -NAN 0 0
 707.368262792811 -NAN 0 0
 709.551119402432 -NAN 0 0
 711.734594372125 -NAN 0 0
 713.918693659128 -NAN 0 0
 716.103423220679 -NAN 0 0
 718.288789014016 -NAN 0 0
 720.474796996377 -NAN 0 0
 722.661453125 -NAN 0 0
 724.848763357123 -NAN 0 0
 727.036733649984 -NAN 0 0
 729.225369960821 -NAN 0 0
 731.414678246872 -NAN 0 0
 733.604664465375 -NAN 0 0
 735.795334573568 -NAN 0 0
[END] of [DATA]
[END] of Spectrum


[Spectrum]
Version            = 1
IDData             = 12ad_2026-06-09_17-19-30_000_511
IDDevice           = SAM_82E6
IDDataType         = SPECTRUM
IDDataTypeSub1     = CALIBRATED
IDDataTypeSub2     = 
IDDataTypeSub3     = 
DateTime           = 2026-06-09 17:19:30
PositionLatitude   = 0
PositionLongitude  = 0
Comment            = 20260609_FrameA
CommentSub1        = UV
CommentSub2        = left
CommentSub3        = 17cm
IDMethodType       = SAM Control
MethodName         = SAM_82E6
Mission            = No Mission
MissionSub         = 1
RecordType         = 0
[Attributes]
CalFactor = 1
IDBasisSpec = 
IDDataBack = DLAB_2024-11-11_10-40-48_641_639
IDDataCal = DLAB_2024-11-12_11-45-27_171_455
IntegrationTime = 128
P31 = -1
P31e = 0
PathLength = +INF
PathLengthCustomOn = 0
RAWDynamic = 65535
Salinity = 0
Temperature = -NAN
Unit1 = $01 $01 Wavelength nm
Unit2 = $03 $06 Intensity mW/(m^2 nm)
Unit3 = $f0 $06 Error mW/(m^2 nm)
Unit4 = $f1 $00 Status 
p999 = 8069
[END] of [Attributes]
[DATA]
 0 6 0 0
 185.260577530984 -NAN 0 0
 187.468128380571 -NAN 0 0
 189.674861895872 -NAN 0 0
 191.880784034125 -NAN 0 0
 194.085900752568 -NAN 0 0
 196.290218008439 -NAN 0 0
 198.493741758976 -NAN 0 0
 200.696477961417 -NAN 0 0
 202.898432573 -NAN 0 0
 205.099611550963 -NAN 0 0
 207.300020852544 -NAN 0 0
 209.499666434981 -NAN 0 0
 211.698554255512 -NAN 0 0
 213.896690271375 -NAN 0 0
 216.094080439808 -NAN 0 0
 218.290730718049 -NAN 0 0
 220.486647063336 -NAN 0 0
 222.681835432907 -NAN 0 0
 224.876301784 -NAN 0 0
 227.070052073853 -NAN 0 0
 229.263092259704 -NAN 0 0
 231.455428298791 -NAN 0 0
 233.647066148352 -NAN 0 0
 235.838011765625 -NAN 0 0
 238.028271107848 -NAN 0 0
 240.217850132259 -NAN 0 0
 242.406754796096 -NAN 0 0
 244.594991056597 -NAN 0 0
 246.782564871 -NAN 0 0
 248.969482196543 -NAN 0 0
 251.155748990464 -NAN 0 0
 253.341371210001 -NAN 0 0
 255.526354812392 -NAN 0 0
 257.710705754875 -NAN 0 0
 259.894429994688 -NAN 0 0
 262.077533489069 -NAN 0 0
 264.260022195256 -NAN 0 0
 266.441902070487 -NAN 0 0
 268.623179072 -NAN 0 0
 270.803859157033 -NAN 0 0
 272.983948282824 -NAN 0 0
 275.163452406611 -NAN 0 0
 277.342377485632 -NAN 0 0
 279.520729477125 0.423824079965325 0 0
 281.698514338328 6.45131447994013 0 0
 283.875738026479 7.98345164549023 0 0
 286.052406498816 7.38968431391413 0 0
 288.228525712577 16.259287598117 0 0
 290.404101625 20.7257113106083 0 0
 292.579140193323 23.1483846200132 0 0
 294.753647374784 35.697094027146 0 0
 296.927629126621 40.8352673966044 0 0
 299.101091406072 44.3041633540017 0 0
 301.274040170375 55.8749157822035 0 0
 303.446481376768 58.2030228214154 0 0
 305.618420982489 59.5981137772171 0 0
 307.789864944776 66.0034609325937 0 0
 309.960819220867 67.7620985515338 0 0
 312.131289768 68.4104561672005 0 0
 314.301282543413 69.7612056464681 0 0
 316.470803504344 61.8808475793976 0 0
 318.639858608031 54.3463856653201 0 0
 320.808453811712 54.455930431703 0 0
 322.976595072625 49.2723486279015 0 0
 325.144288348008 42.4180214687454 0 0
 327.311539595099 43.4888096545339 0 0
 329.478354771136 37.2629116334195 0 0
 331.644739833357 30.7012576741053 0 0
 333.810700739 32.9088679933066 0 0
 335.976243445303 26.7372371050949 0 0
 338.141373909504 21.0660040327498 0 0
 340.306098088841 23.2162310348837 0 0
 342.470421940552 17.8151546391865 0 0
 344.634351421875 13.7546544980785 0 0
 346.797892490048 16.1884349030708 0 0
 348.961051102309 11.6210507732002 0 0
 351.123833215896 8.80741731304417 0 0
 353.286244788047 11.3571467472825 0 0
 355.448291776 7.6436829079136 0 0
 357.609980136993 5.5338595942448 0 0
 359.771315828264 9.12566960344244 0 0
 361.932304807051 9.19649440023236 0 0
 364.092953030592 11.791554762668 0 0
 366.253266456125 15.2485012884671 0 0
 368.413251040888 6.95376404726902 0 0
 370.572912742119 2.71282688996399 0 0
 372.732257517056 5.86998563378724 0 0
 374.891291322937 1.7611452316073 0 0
 377.050020117 0.51091034332576 0 0
 379.208449856483 4.98431065850753 0 0
 381.366586498624 0.930343438139673 0 0
 383.524436000661 -0.0215726499561885 0 0
 385.682004319832 4.63604624432893 0 0
 387.839297413375 0.392396898284263 0 0
 389.996321238528 -0.269458762340836 0 0
 392.153081752529 4.29059605758768 0 0
 394.309584912616 0.0148183161445809 0 0
 396.465836676027 -0.138076677642746 0 0
 398.621843 4.7534112723487 0 0
 400.777609841773 3.39492628135475 0 0
 402.933143158584 9.05743293243563 0 0
 405.088448907671 14.8358174535758 0 0
 407.243533046272 7.8149400174031 0 0
 409.398401531625 4.13150107419714 0 0
 411.553060320968 6.68291587974352 0 0
 413.707515371539 3.79335763119948 0 0
 415.861772640576 6.01890847249627 0 0
 418.015838085317 11.6471654521548 0 0
 420.169717663 12.4901864321945 0 0
 422.323417330863 18.4680659928181 0 0
 424.476943046144 28.7016870011523 0 0
 426.630300766081 36.2816111680963 0 0
 428.783496447912 51.4755412987805 0 0
 430.936536048875 76.0675262095077 0 0
 433.089425526208 112.484323099475 0 0
 435.242170837149 157.028700002442 0 0
 437.394777938936 196.199938343679 0 0
 439.547252788807 230.549578178261 0 0
 441.699601344 292.19758848756 0 0
 443.851829561753 372.060806539795 0 0
 446.003943399304 447.371007940341 0 0
 448.155948813891 505.874884404735 0 0
 450.307851762752 529.154602511453 0 0
 452.459658203125 506.639230370357 0 0
 454.611374092248 459.40825250293 0 0
 456.763005387359 400.81867604859 0 0
 458.914558045696 338.090815009917 0 0
 461.066038024497 289.478651859824 0 0
 463.217451281 252.010771345476 0 0
 465.368803772443 215.590706029094 0 0
 467.520101456064 188.678082788649 0 0
 469.671350289101 164.59861204053 0 0
 471.822556228792 137.556414941963 0 0
 473.973725232375 119.822146786769 0 0
 476.124863257088 106.873243232205 0 0
 478.275976260169 92.5510524930569 0 0
 480.427070198856 87.9479343881415 0 0
 482.578151030387 85.8143226129978 0 0
 484.729224712 79.6503816567205 0 0
 486.880297200933 81.3831473235364 0 0
 489.031374454424 83.5000505216077 0 0
 491.182462429711 81.2026688973055 0 0
 493.333567084032 86.1409065930301 0 0
 495.484694374625 90.7477390347464 0 0
 497.635850258728 90.6524826201176 0 0
 499.787040693579 97.2143744130725 0 0
 501.938271636416 102.359112901439 0 0
 504.089549044477 -NAN 0 0
 506.240878875 -NAN 0 0
 508.392267085223 -NAN 0 0
 510.543719632384 -NAN 0 0
 512.695242473721 -NAN 0 0
 514.846841566472 -NAN 0 0
 516.998522867875 -NAN 0 0
 519.150292335168 -NAN 0 0
 521.302155925589 -NAN 0 0
 523.454119596376 -NAN 0 0
 525.606189304767 -NAN 0 0
 527.758371008 -NAN 0 0
 529.910670663313 -NAN 0 0
 532.063094227944 -NAN 0 0
 534.215647659131 -NAN 0 0
 536.368336914112 -NAN 0 0
 538.521167950125 -NAN 0 0
 540.674146724408 -NAN 0 0
 542.827279194199 -NAN 0 0
 544.980571316736 -NAN 0 0
 547.134029049257 -NAN 0 0
 549.287658349 -NAN 0 0
 551.441465173203 -NAN 0 0
 553.595455479104 -NAN 0 0
 555.749635223941 -NAN 0 0
 557.904010364952 -NAN 0 0
 560.058586859375 -NAN 0 0
 562.213370664448 -NAN 0 0
 564.368367737409 -NAN 0 0
 566.523584035496 -NAN 0 0
 568.679025515947 -NAN 0 0
 570.834698136 -NAN 0 0
 572.990607852893 -NAN 0 0
 575.146760623864 -NAN 0 0
 577.303162406151 -NAN 0 0
 579.459819156992 -NAN 0 0
 581.616736833625 -NAN 0 0
 583.773921393288 -NAN 0 0
 585.931378793219 -NAN 0 0
 588.089114990656 -NAN 0 0
 590.247135942837 -NAN 0 0
 592.405447607 -NAN 0 0
 594.564055940383 -NAN 0 0
 596.722966900224 -NAN 0 0
 598.882186443761 -NAN 0 0
 601.041720528232 -NAN 0 0
 603.201575110875 -NAN 0 0
 605.361756148928 -NAN 0 0
 607.522269599629 -NAN 0 0
 609.683121420216 -NAN 0 0
 611.844317567927 -NAN 0 0
 614.005864 -NAN 0 0
 616.167766673673 -NAN 0 0
 618.330031546184 -NAN 0 0
 620.492664574771 -NAN 0 0
 622.655671716672 -NAN 0 0
 624.819058929125 -NAN 0 0
 626.982832169368 -NAN 0 0
 629.146997394639 -NAN 0 0
 631.311560562176 -NAN 0 0
 633.476527629217 -NAN 0 0
 635.641904553 -NAN 0 0
 637.807697290763 -NAN 0 0
 639.973911799744 -NAN 0 0
 642.140554037181 -NAN 0 0
 644.307629960312 -NAN 0 0
 646.475145526375 -NAN 0 0
 648.643106692608 -NAN 0 0
 650.811519416249 -NAN 0 0
 652.980389654536 -NAN 0 0
 655.149723364707 -NAN 0 0
 657.319526504 -NAN 0 0
 659.489805029653 -NAN 0 0
 661.660564898904 -NAN 0 0
 663.831812068991 -NAN 0 0
 666.003552497152 -NAN 0 0
 668.175792140625 -NAN 0 0
 670.348536956648 -NAN 0 0
 672.521792902459 -NAN 0 0
 674.695565935296 -NAN 0 0
 676.869862012397 -NAN 0 0
 679.044687091 -NAN 0 0
 681.220047128343 -NAN 0 0
 683.395948081664 -NAN 0 0
 685.572395908201 -NAN 0 0
 687.749396565192 -NAN 0 0
 689.926956009875 -NAN 0 0
 692.105080199488 -NAN 0 0
 694.283775091269 -NAN 0 0
 696.463046642456 -NAN 0 0
 698.642900810287 -NAN 0 0
 700.823343552 -NAN 0 0
 703.004380824833 -NAN 0 0
 705.186018586024 -NAN 0 0
 707.368262792811 -NAN 0 0
 709.551119402432 -NAN 0 0
 711.734594372125 -NAN 0 0
 713.918693659128 -NAN 0 0
 716.103423220679 -NAN 0 0
 718.288789014016 -NAN 0 0
 720.474796996377 -NAN 0 0
 722.661453125 -NAN 0 0
 724.848763357123 -NAN 0 0
 727.036733649984 -NAN 0 0
 729.225369960821 -NAN 0 0
 731.414678246872 -NAN 0 0
 733.604664465375 -NAN 0 0
 735.795334573568 -NAN 0 0
[END] of [DATA]
[END] of Spectrum


[Spectrum]
Version            = 1
IDData             = 12ad_2026-06-09_17-19-25_000_508
IDDevice           = SAM_82E6
IDDataType         = SPECTRUM
IDDataTypeSub1     = CALIBRATED
IDDataTypeSub2     = 
IDDataTypeSub3     = 
DateTime           = 2026-06-09 17:19:25
PositionLatitude   = 0
PositionLongitude  = 0
Comment            = 20260609_FrameA
CommentSub1        = UV
CommentSub2        = left
CommentSub3        = 17cm
IDMethodType       = SAM Control
MethodName         = SAM_82E6
Mission            = No Mission
MissionSub         = 1
RecordType         = 0
[Attributes]
CalFactor = 1
IDBasisSpec = 
IDDataBack = DLAB_2024-11-11_10-40-48_641_639
IDDataCal = DLAB_2024-11-12_11-45-27_171_455
IntegrationTime = 128
P31 = -1
P31e = 0
PathLength = +INF
PathLengthCustomOn = 0
RAWDynamic = 65535
Salinity = 0
Temperature = -NAN
Unit1 = $01 $01 Wavelength nm
Unit2 = $03 $06 Intensity mW/(m^2 nm)
Unit3 = $f0 $06 Error mW/(m^2 nm)
Unit4 = $f1 $00 Status 
p999 = 8068
[END] of [Attributes]
[DATA]
 0 6 0 0
 185.260577530984 -NAN 0 0
 187.468128380571 -NAN 0 0
 189.674861895872 -NAN 0 0
 191.880784034125 -NAN 0 0
 194.085900752568 -NAN 0 0
 196.290218008439 -NAN 0 0
 198.493741758976 -NAN 0 0
 200.696477961417 -NAN 0 0
 202.898432573 -NAN 0 0
 205.099611550963 -NAN 0 0
 207.300020852544 -NAN 0 0
 209.499666434981 -NAN 0 0
 211.698554255512 -NAN 0 0
 213.896690271375 -NAN 0 0
 216.094080439808 -NAN 0 0
 218.290730718049 -NAN 0 0
 220.486647063336 -NAN 0 0
 222.681835432907 -NAN 0 0
 224.876301784 -NAN 0 0
 227.070052073853 -NAN 0 0
 229.263092259704 -NAN 0 0
 231.455428298791 -NAN 0 0
 233.647066148352 -NAN 0 0
 235.838011765625 -NAN 0 0
 238.028271107848 -NAN 0 0
 240.217850132259 -NAN 0 0
 242.406754796096 -NAN 0 0
 244.594991056597 -NAN 0 0
 246.782564871 -NAN 0 0
 248.969482196543 -NAN 0 0
 251.155748990464 -NAN 0 0
 253.341371210001 -NAN 0 0
 255.526354812392 -NAN 0 0
 257.710705754875 -NAN 0 0
 259.894429994688 -NAN 0 0
 262.077533489069 -NAN 0 0
 264.260022195256 -NAN 0 0
 266.441902070487 -NAN 0 0
 268.623179072 -NAN 0 0
 270.803859157033 -NAN 0 0
 272.983948282824 -NAN 0 0
 275.163452406611 -NAN 0 0
 277.342377485632 -NAN 0 0
 279.520729477125 3.55455802174926 0 0
 281.698514338328 2.18382755553683 0 0
 283.875738026479 9.24590676482146 0 0
 286.052406498816 10.5170186483296 0 0
 288.228525712577 11.1961238990896 0 0
 290.404101625 21.8686427660355 0 0
 292.579140193323 25.9816080668041 0 0
 294.753647374784 30.8106779680873 0 0
 296.927629126621 41.4675516239155 0 0
 299.101091406072 45.8629382453739 0 0
 301.274040170375 50.9596670202888 0 0
 303.446481376768 58.4520416780083 0 0
 305.618420982489 60.2885375070926 0 0
 307.789864944776 60.9753456679265 0 0
 309.960819220867 67.9890459654668 0 0
 312.131289768 68.9708313700649 0 0
 314.301282543413 64.354173123877 0 0
 316.470803504344 62.4453003039518 0 0
 318.639858608031 55.311214727461 0 0
 320.808453811712 48.8173765763613 0 0
 322.976595072625 50.7320071010868 0 0
 325.144288348008 43.6047400203535 0 0
 327.311539595099 37.8066213538876 0 0
 329.478354771136 39.3155764816268 0 0
 331.644739833357 32.1846817052824 0 0
 333.810700739 27.5179213568797 0 0
 335.976243445303 29.10961397644 0 0
 338.141373909504 22.2457046394758 0 0
 340.306098088841 18.2974269102098 0 0
 342.470421940552 20.2585864207075 0 0
 344.634351421875 14.9241740376791 0 0
 346.797892490048 11.9194394946186 0 0
 348.961051102309 14.0289648861933 0 0
 351.123833215896 9.68727665249338 0 0
 353.286244788047 7.50360246432575 0 0
 355.448291776 10.076847790473 0 0
 357.609980136993 6.27915307393651 0 0
 359.771315828264 5.49874123863681 0 0
 361.932304807051 11.8581646154182 0 0
 364.092953030592 12.3131609961409 0 0
 366.253266456125 11.2895882706593 0 0
 368.413251040888 10.045129999498 0 0
 370.572912742119 3.18005632114957 0 0
 372.732257517056 1.72947495184799 0 0
 374.891291322937 5.23793789971957 0 0
 377.050020117 0.999230337074138 0 0
 379.208449856483 0.643237146530443 0 0
 381.366586498624 4.83943623626364 0 0
 383.524436000661 0.558289998113743 0 0
 385.682004319832 0.121487923398895 0 0
 387.839297413375 4.31145486421071 0 0
 389.996321238528 -0.075617192271885 0 0
 392.153081752529 0.0611140991587786 0 0
 394.309584912616 4.20391047025428 0 0
 396.465836676027 -0.19446258512937 0 0
 398.621843 0.852474471966126 0 0
 400.777609841773 7.5539332514643 0 0
 402.933143158584 8.66203019043579 0 0
 405.088448907671 11.1799518032808 0 0
 407.243533046272 11.2720318165871 0 0
 409.398401531625 3.71212683283169 0 0
 411.553060320968 3.42036409605185 0 0
 413.707515371539 6.97530579917528 0 0
 415.861772640576 5.55351110890009 0 0
 418.015838085317 9.02259905488849 0 0
 420.169717663 15.3282561245303 0 0
 422.323417330863 17.8692830431145 0 0
 424.476943046144 26.4115728684254 0 0
 426.630300766081 38.9799411535486 0 0
 428.783496447912 50.8331993031786 0 0
 430.936536048875 74.0453839193182 0 0
 433.089425526208 114.607116768621 0 0
 435.242170837149 155.441458822812 0 0
 437.394777938936 193.778049837804 0 0
 439.547252788807 232.976003341015 0 0
 441.699601344 291.393721707258 0 0
 443.851829561753 370.549112978567 0 0
 446.003943399304 450.153295248004 0 0
 448.155948813891 504.969389686521 0 0
 450.307851762752 527.379833817463 0 0
 452.459658203125 509.651589823918 0 0
 454.611374092248 458.307047148965 0 0
 456.763005387359 399.020417962044 0 0
 458.914558045696 341.228624595915 0 0
 461.066038024497 288.042020385406 0 0
 463.217451281 250.35932660071 0 0
 465.368803772443 219.061332505995 0 0
 467.520101456064 187.07155106968 0 0
 469.671350289101 162.99434853378 0 0
 471.822556228792 141.111100086654 0 0
 473.973725232375 118.091228369881 0 0
 476.124863257088 105.531403719055 0 0
 478.275976260169 96.1448219022162 0 0
 480.427070198856 85.816015673157 0 0
 482.578151030387 84.5017332827952 0 0
 484.729224712 83.3451651123939 0 0
 486.880297200933 79.1615993730286 0 0
 489.031374454424 82.2848923311355 0 0
 491.182462429711 84.7542877436637 0 0
 493.333567084032 83.7695104376676 0 0
 495.484694374625 89.7847958540252 0 0
 497.635850258728 94.2598502604026 0 0
 499.787040693579 94.7617178610771 0 0
 501.938271636416 101.655260319747 0 0
 504.089549044477 -NAN 0 0
 506.240878875 -NAN 0 0
 508.392267085223 -NAN 0 0
 510.543719632384 -NAN 0 0
 512.695242473721 -NAN 0 0
 514.846841566472 -NAN 0 0
 516.998522867875 -NAN 0 0
 519.150292335168 -NAN 0 0
 521.302155925589 -NAN 0 0
 523.454119596376 -NAN 0 0
 525.606189304767 -NAN 0 0
 527.758371008 -NAN 0 0
 529.910670663313 -NAN 0 0
 532.063094227944 -NAN 0 0
 534.215647659131 -NAN 0 0
 536.368336914112 -NAN 0 0
 538.521167950125 -NAN 0 0
 540.674146724408 -NAN 0 0
 542.827279194199 -NAN 0 0
 544.980571316736 -NAN 0 0
 547.134029049257 -NAN 0 0
 549.287658349 -NAN 0 0
 551.441465173203 -NAN 0 0
 553.595455479104 -NAN 0 0
 555.749635223941 -NAN 0 0
 557.904010364952 -NAN 0 0
 560.058586859375 -NAN 0 0
 562.213370664448 -NAN 0 0
 564.368367737409 -NAN 0 0
 566.523584035496 -NAN 0 0
 568.679025515947 -NAN 0 0
 570.834698136 -NAN 0 0
 572.990607852893 -NAN 0 0
 575.146760623864 -NAN 0 0
 577.303162406151 -NAN 0 0
 579.459819156992 -NAN 0 0
 581.616736833625 -NAN 0 0
 583.773921393288 -NAN 0 0
 585.931378793219 -NAN 0 0
 588.089114990656 -NAN 0 0
 590.247135942837 -NAN 0 0
 592.405447607 -NAN 0 0
 594.564055940383 -NAN 0 0
 596.722966900224 -NAN 0 0
 598.882186443761 -NAN 0 0
 601.041720528232 -NAN 0 0
 603.201575110875 -NAN 0 0
 605.361756148928 -NAN 0 0
 607.522269599629 -NAN 0 0
 609.683121420216 -NAN 0 0
 611.844317567927 -NAN 0 0
 614.005864 -NAN 0 0
 616.167766673673 -NAN 0 0
 618.330031546184 -NAN 0 0
 620.492664574771 -NAN 0 0
 622.655671716672 -NAN 0 0
 624.819058929125 -NAN 0 0
 626.982832169368 -NAN 0 0
 629.146997394639 -NAN 0 0
 631.311560562176 -NAN 0 0
 633.476527629217 -NAN 0 0
 635.641904553 -NAN 0 0
 637.807697290763 -NAN 0 0
 639.973911799744 -NAN 0 0
 642.140554037181 -NAN 0 0
 644.307629960312 -NAN 0 0
 646.475145526375 -NAN 0 0
 648.643106692608 -NAN 0 0
 650.811519416249 -NAN 0 0
 652.980389654536 -NAN 0 0
 655.149723364707 -NAN 0 0
 657.319526504 -NAN 0 0
 659.489805029653 -NAN 0 0
 661.660564898904 -NAN 0 0
 663.831812068991 -NAN 0 0
 666.003552497152 -NAN 0 0
 668.175792140625 -NAN 0 0
 670.348536956648 -NAN 0 0
 672.521792902459 -NAN 0 0
 674.695565935296 -NAN 0 0
 676.869862012397 -NAN 0 0
 679.044687091 -NAN 0 0
 681.220047128343 -NAN 0 0
 683.395948081664 -NAN 0 0
 685.572395908201 -NAN 0 0
 687.749396565192 -NAN 0 0
 689.926956009875 -NAN 0 0
 692.105080199488 -NAN 0 0
 694.283775091269 -NAN 0 0
 696.463046642456 -NAN 0 0
 698.642900810287 -NAN 0 0
 700.823343552 -NAN 0 0
 703.004380824833 -NAN 0 0
 705.186018586024 -NAN 0 0
 707.368262792811 -NAN 0 0
 709.551119402432 -NAN 0 0
 711.734594372125 -NAN 0 0
 713.918693659128 -NAN 0 0
 716.103423220679 -NAN 0 0
 718.288789014016 -NAN 0 0
 720.474796996377 -NAN 0 0
 722.661453125 -NAN 0 0
 724.848763357123 -NAN 0 0
 727.036733649984 -NAN 0 0
 729.225369960821 -NAN 0 0
 731.414678246872 -NAN 0 0
 733.604664465375 -NAN 0 0
 735.795334573568 -NAN 0 0
[END] of [DATA]
[END] of Spectrum


[Spectrum]
Version            = 1
IDData             = 12ad_2026-06-09_17-19-20_000_505
IDDevice           = SAM_82E6
IDDataType         = SPECTRUM
IDDataTypeSub1     = CALIBRATED
IDDataTypeSub2     = 
IDDataTypeSub3     = 
DateTime           = 2026-06-09 17:19:20
PositionLatitude   = 0
PositionLongitude  = 0
Comment            = 20260609_FrameA
CommentSub1        = UV
CommentSub2        = left
CommentSub3        = 17cm
IDMethodType       = SAM Control
MethodName         = SAM_82E6
Mission            = No Mission
MissionSub         = 1
RecordType         = 0
[Attributes]
CalFactor = 1
IDBasisSpec = 
IDDataBack = DLAB_2024-11-11_10-40-48_641_639
IDDataCal = DLAB_2024-11-12_11-45-27_171_455
IntegrationTime = 128
P31 = -1
P31e = 0
PathLength = +INF
PathLengthCustomOn = 0
RAWDynamic = 65535
Salinity = 0
Temperature = -NAN
Unit1 = $01 $01 Wavelength nm
Unit2 = $03 $06 Intensity mW/(m^2 nm)
Unit3 = $f0 $06 Error mW/(m^2 nm)
Unit4 = $f1 $00 Status 
p999 = 8067
[END] of [Attributes]
[DATA]
 0 6 0 0
 185.260577530984 -NAN 0 0
 187.468128380571 -NAN 0 0
 189.674861895872 -NAN 0 0
 191.880784034125 -NAN 0 0
 194.085900752568 -NAN 0 0
 196.290218008439 -NAN 0 0
 198.493741758976 -NAN 0 0
 200.696477961417 -NAN 0 0
 202.898432573 -NAN 0 0
 205.099611550963 -NAN 0 0
 207.300020852544 -NAN 0 0
 209.499666434981 -NAN 0 0
 211.698554255512 -NAN 0 0
 213.896690271375 -NAN 0 0
 216.094080439808 -NAN 0 0
 218.290730718049 -NAN 0 0
 220.486647063336 -NAN 0 0
 222.681835432907 -NAN 0 0
 224.876301784 -NAN 0 0
 227.070052073853 -NAN 0 0
 229.263092259704 -NAN 0 0
 231.455428298791 -NAN 0 0
 233.647066148352 -NAN 0 0
 235.838011765625 -NAN 0 0
 238.028271107848 -NAN 0 0
 240.217850132259 -NAN 0 0
 242.406754796096 -NAN 0 0
 244.594991056597 -NAN 0 0
 246.782564871 -NAN 0 0
 248.969482196543 -NAN 0 0
 251.155748990464 -NAN 0 0
 253.341371210001 -NAN 0 0
 255.526354812392 -NAN 0 0
 257.710705754875 -NAN 0 0
 259.894429994688 -NAN 0 0
 262.077533489069 -NAN 0 0
 264.260022195256 -NAN 0 0
 266.441902070487 -NAN 0 0
 268.623179072 -NAN 0 0
 270.803859157033 -NAN 0 0
 272.983948282824 -NAN 0 0
 275.163452406611 -NAN 0 0
 277.342377485632 -NAN 0 0
 279.520729477125 2.19093285617511 0 0
 281.698514338328 6.58859576886855 0 0
 283.875738026479 4.26810553927047 0 0
 286.052406498816 8.84881662871801 0 0
 288.228525712577 15.6618514740382 0 0
 290.404101625 16.0100284735213 0 0
 292.579140193323 24.0575533380133 0 0
 294.753647374784 34.2393816733932 0 0
 296.927629126621 35.8722171063253 0 0
 299.101091406072 44.0217247842347 0 0
 301.274040170375 53.1770986501327 0 0
 303.446481376768 52.7344376680789 0 0
 305.618420982489 58.3172809699248 0 0
 307.789864944776 62.5562518066261 0 0
 309.960819220867 61.9619710725901 0 0
 312.131289768 66.8069729059921 0 0
 314.301282543413 65.9483756160216 0 0
 316.470803504344 55.9394328618501 0 0
 318.639858608031 53.8562525017526 0 0
 320.808453811712 51.0496369199421 0 0
 322.976595072625 43.6994906999309 0 0
 325.144288348008 42.7515153682849 0 0
 327.311539595099 40.4498064689715 0 0
 329.478354771136 31.9036714536434 0 0
 331.644739833357 31.8959913998138 0 0
 333.810700739 30.5864091046317 0 0
 335.976243445303 22.2061717203014 0 0
 338.141373909504 22.5279901417995 0 0
 340.306098088841 20.9400625699063 0 0
 342.470421940552 14.2050038237237 0 0
 344.634351421875 15.4712073707181 0 0
 346.797892490048 14.249629687857 0 0
 348.961051102309 8.74473838174294 0 0
 351.123833215896 10.5772107172034 0 0
 353.286244788047 9.56776752590955 0 0
 355.448291776 5.06530261459134 0 0
 357.609980136993 7.34248127125529 0 0
 359.771315828264 7.5348549380962 0 0
 361.932304807051 6.82141491366178 0 0
 364.092953030592 13.4952426551152 0 0
 366.253266456125 13.353127887906 0 0
 368.413251040888 4.54977240677094 0 0
 370.572912742119 5.24114098936336 0 0
 372.732257517056 4.15194764761396 0 0
 374.891291322937 -0.590328231860745 0 0
 377.050020117 3.51118149135606 0 0
 379.208449856483 2.96491379268453 0 0
 381.366586498624 -1.31250915427635 0 0
 383.524436000661 3.19751778602026 0 0
 385.682004319832 2.42997190413911 0 0
 387.839297413375 -1.65214418806131 0 0
 389.996321238528 2.93735503814769 0 0
 392.153081752529 2.08843468356318 0 0
 394.309584912616 -1.51109122827233 0 0
 396.465836676027 3.14438865104288 0 0
 398.621843 2.6477015096932 0 0
 400.777609841773 1.86943685798437 0 0
 402.933143158584 11.197930468454 0 0
 405.088448907671 12.2450175018042 0 0
 407.243533046272 6.27172275034466 0 0
 409.398401531625 6.56180917784768 0 0
 411.553060320968 4.79354765612492 0 0
 413.707515371539 2.93104967767804 0 0
 415.861772640576 8.29384426954867 0 0
 418.015838085317 10.1402514869828 0 0
 420.169717663 11.7380979637256 0 0
 422.323417330863 20.5418326305532 0 0
 424.476943046144 27.181157733958 0 0
 426.630300766081 35.6575252501558 0 0
 428.783496447912 53.4152118130589 0 0
 430.936536048875 74.3296704271076 0 0
 433.089425526208 110.980879985971 0 0
 435.242170837149 157.040688228874 0 0
 437.394777938936 193.147399662512 0 0
 439.547252788807 229.600845939624 0 0
 441.699601344 293.926148650112 0 0
 443.851829561753 370.476290531265 0 0
 446.003943399304 447.183639883645 0 0
 448.155948813891 507.941202293682 0 0
 450.307851762752 527.544865662484 0 0
 452.459658203125 506.703145746217 0 0
 454.611374092248 461.647750437805 0 0
 456.763005387359 399.058491830326 0 0
 458.914558045696 338.051891799403 0 0
 461.066038024497 291.713072301953 0 0
 463.217451281 249.951139314739 0 0
 465.368803772443 215.758537418944 0 0
 467.520101456064 191.103945684294 0 0
 469.671350289101 162.529956466036 0 0
 471.822556228792 137.769564881451 0 0
 473.973725232375 122.316122750032 0 0
 476.124863257088 104.737592719939 0 0
 478.275976260169 93.1477915693459 0 0
 480.427070198856 90.2703223300132 0 0
 482.578151030387 83.4000958092323 0 0
 484.729224712 80.4114668150126 0 0
 486.880297200933 83.4738185820959 0 0
 489.031374454424 81.1402267428731 0 0
 491.182462429711 81.9833549267408 0 0
 493.333567084032 88.021323544395 0 0
 495.484694374625 88.4931237943681 0 0
 497.635850258728 91.4786224720442 0 0
 499.787040693579 99.2267269298028 0 0
 501.938271636416 100.224954385391 0 0
 504.089549044477 -NAN 0 0
 506.240878875 -NAN 0 0
 508.392267085223 -NAN 0 0
 510.543719632384 -NAN 0 0
 512.695242473721 -NAN 0 0
 514.846841566472 -NAN 0 0
 516.998522867875 -NAN 0 0
 519.150292335168 -NAN 0 0
 521.302155925589 -NAN 0 0
 523.454119596376 -NAN 0 0
 525.606189304767 -NAN 0 0
 527.758371008 -NAN 0 0
 529.910670663313 -NAN 0 0
 532.063094227944 -NAN 0 0
 534.215647659131 -NAN 0 0
 536.368336914112 -NAN 0 0
 538.521167950125 -NAN 0 0
 540.674146724408 -NAN 0 0
 542.827279194199 -NAN 0 0
 544.980571316736 -NAN 0 0
 547.134029049257 -NAN 0 0
 549.287658349 -NAN 0 0
 551.441465173203 -NAN 0 0
 553.595455479104 -NAN 0 0
 555.749635223941 -NAN 0 0
 557.904010364952 -NAN 0 0
 560.058586859375 -NAN 0 0
 562.213370664448 -NAN 0 0
 564.368367737409 -NAN 0 0
 566.523584035496 -NAN 0 0
 568.679025515947 -NAN 0 0
 570.834698136 -NAN 0 0
 572.990607852893 -NAN 0 0
 575.146760623864 -NAN 0 0
 577.303162406151 -NAN 0 0
 579.459819156992 -NAN 0 0
 581.616736833625 -NAN 0 0
 583.773921393288 -NAN 0 0
 585.931378793219 -NAN 0 0
 588.089114990656 -NAN 0 0
 590.247135942837 -NAN 0 0
 592.405447607 -NAN 0 0
 594.564055940383 -NAN 0 0
 596.722966900224 -NAN 0 0
 598.882186443761 -NAN 0 0
 601.041720528232 -NAN 0 0
 603.201575110875 -NAN 0 0
 605.361756148928 -NAN 0 0
 607.522269599629 -NAN 0 0
 609.683121420216 -NAN 0 0
 611.844317567927 -NAN 0 0
 614.005864 -NAN 0 0
 616.167766673673 -NAN 0 0
 618.330031546184 -NAN 0 0
 620.492664574771 -NAN 0 0
 622.655671716672 -NAN 0 0
 624.819058929125 -NAN 0 0
 626.982832169368 -NAN 0 0
 629.146997394639 -NAN 0 0
 631.311560562176 -NAN 0 0
 633.476527629217 -NAN 0 0
 635.641904553 -NAN 0 0
 637.807697290763 -NAN 0 0
 639.973911799744 -NAN 0 0
 642.140554037181 -NAN 0 0
 644.307629960312 -NAN 0 0
 646.475145526375 -NAN 0 0
 648.643106692608 -NAN 0 0
 650.811519416249 -NAN 0 0
 652.980389654536 -NAN 0 0
 655.149723364707 -NAN 0 0
 657.319526504 -NAN 0 0
 659.489805029653 -NAN 0 0
 661.660564898904 -NAN 0 0
 663.831812068991 -NAN 0 0
 666.003552497152 -NAN 0 0
 668.175792140625 -NAN 0 0
 670.348536956648 -NAN 0 0
 672.521792902459 -NAN 0 0
 674.695565935296 -NAN 0 0
 676.869862012397 -NAN 0 0
 679.044687091 -NAN 0 0
 681.220047128343 -NAN 0 0
 683.395948081664 -NAN 0 0
 685.572395908201 -NAN 0 0
 687.749396565192 -NAN 0 0
 689.926956009875 -NAN 0 0
 692.105080199488 -NAN 0 0
 694.283775091269 -NAN 0 0
 696.463046642456 -NAN 0 0
 698.642900810287 -NAN 0 0
 700.823343552 -NAN 0 0
 703.004380824833 -NAN 0 0
 705.186018586024 -NAN 0 0
 707.368262792811 -NAN 0 0
 709.551119402432 -NAN 0 0
 711.734594372125 -NAN 0 0
 713.918693659128 -NAN 0 0
 716.103423220679 -NAN 0 0
 718.288789014016 -NAN 0 0
 720.474796996377 -NAN 0 0
 722.661453125 -NAN 0 0
 724.848763357123 -NAN 0 0
 727.036733649984 -NAN 0 0
 729.225369960821 -NAN 0 0
 731.414678246872 -NAN 0 0
 733.604664465375 -NAN 0 0
 735.795334573568 -NAN 0 0
[END] of [DATA]
[END] of Spectrum


[Spectrum]
Version            = 1
IDData             = 12ad_2026-06-09_17-19-15_000_502
IDDevice           = SAM_82E6
IDDataType         = SPECTRUM
IDDataTypeSub1     = CALIBRATED
IDDataTypeSub2     = 
IDDataTypeSub3     = 
DateTime           = 2026-06-09 17:19:15
PositionLatitude   = 0
PositionLongitude  = 0
Comment            = 20260609_FrameA
CommentSub1        = UV
CommentSub2        = left
CommentSub3        = 17cm
IDMethodType       = SAM Control
MethodName         = SAM_82E6
Mission            = No Mission
MissionSub         = 1
RecordType         = 0
[Attributes]
CalFactor = 1
IDBasisSpec = 
IDDataBack = DLAB_2024-11-11_10-40-48_641_639
IDDataCal = DLAB_2024-11-12_11-45-27_171_455
IntegrationTime = 128
P31 = -1
P31e = 0
PathLength = +INF
PathLengthCustomOn = 0
RAWDynamic = 65535
Salinity = 0
Temperature = -NAN
Unit1 = $01 $01 Wavelength nm
Unit2 = $03 $06 Intensity mW/(m^2 nm)
Unit3 = $f0 $06 Error mW/(m^2 nm)
Unit4 = $f1 $00 Status 
p999 = 8066
[END] of [Attributes]
[DATA]
 0 6 0 0
 185.260577530984 -NAN 0 0
 187.468128380571 -NAN 0 0
 189.674861895872 -NAN 0 0
 191.880784034125 -NAN 0 0
 194.085900752568 -NAN 0 0
 196.290218008439 -NAN 0 0
 198.493741758976 -NAN 0 0
 200.696477961417 -NAN 0 0
 202.898432573 -NAN 0 0
 205.099611550963 -NAN 0 0
 207.300020852544 -NAN 0 0
 209.499666434981 -NAN 0 0
 211.698554255512 -NAN 0 0
 213.896690271375 -NAN 0 0
 216.094080439808 -NAN 0 0
 218.290730718049 -NAN 0 0
 220.486647063336 -NAN 0 0
 222.681835432907 -NAN 0 0
 224.876301784 -NAN 0 0
 227.070052073853 -NAN 0 0
 229.263092259704 -NAN 0 0
 231.455428298791 -NAN 0 0
 233.647066148352 -NAN 0 0
 235.838011765625 -NAN 0 0
 238.028271107848 -NAN 0 0
 240.217850132259 -NAN 0 0
 242.406754796096 -NAN 0 0
 244.594991056597 -NAN 0 0
 246.782564871 -NAN 0 0
 248.969482196543 -NAN 0 0
 251.155748990464 -NAN 0 0
 253.341371210001 -NAN 0 0
 255.526354812392 -NAN 0 0
 257.710705754875 -NAN 0 0
 259.894429994688 -NAN 0 0
 262.077533489069 -NAN 0 0
 264.260022195256 -NAN 0 0
 266.441902070487 -NAN 0 0
 268.623179072 -NAN 0 0
 270.803859157033 -NAN 0 0
 272.983948282824 -NAN 0 0
 275.163452406611 -NAN 0 0
 277.342377485632 -NAN 0 0
 279.520729477125 0.824817051029137 0 0
 281.698514338328 6.56636927447061 0 0
 283.875738026479 7.09097778037017 0 0
 286.052406498816 7.07317601080245 0 0
 288.228525712577 15.6374955649031 0 0
 290.404101625 18.628882864392 0 0
 292.579140193323 21.775469377638 0 0
 294.753647374784 33.7233651876046 0 0
 296.927629126621 37.496095674058 0 0
 299.101091406072 41.3844397424863 0 0
 301.274040170375 52.3219196280527 0 0
 303.446481376768 53.6202021097318 0 0
 305.618420982489 55.3372744972069 0 0
 307.789864944776 61.5183479116448 0 0
 309.960819220867 62.4299150260805 0 0
 312.131289768 63.7294102958834 0 0
 314.301282543413 64.8402246495637 0 0
 316.470803504344 56.842312869308 0 0
 318.639858608031 50.5694014967259 0 0
 320.808453811712 50.979088441582 0 0
 322.976595072625 45.1183687340773 0 0
 325.144288348008 39.6865476248981 0 0
 327.311539595099 40.662375432747 0 0
 329.478354771136 33.8328789232991 0 0
 331.644739833357 28.9128582433051 0 0
 333.810700739 31.1474109649299 0 0
 335.976243445303 24.3532309353607 0 0
 338.141373909504 19.8750681821502 0 0
 340.306098088841 21.8698034157677 0 0
 342.470421940552 16.0683497107036 0 0
 344.634351421875 13.1862428508748 0 0
 346.797892490048 15.3162745508064 0 0
 348.961051102309 10.3488579181125 0 0
 351.123833215896 8.42233892529541 0 0
 353.286244788047 10.6680013067537 0 0
 355.448291776 6.65406677530765 0 0
 357.609980136993 5.4546186208293 0 0
 359.771315828264 8.58141522841526 0 0
 361.932304807051 8.16652465524706 0 0
 364.092953030592 11.4844619152554 0 0
 366.253266456125 14.4473761173119 0 0
 368.413251040888 6.12212599110075 0 0
 370.572912742119 2.80074640658494 0 0
 372.732257517056 5.56212157552081 0 0
 374.891291322937 0.984043080729924 0 0
 377.050020117 1.00474807711649 0 0
 379.208449856483 4.95632178995836 0 0
 381.366586498624 0.266108580902413 0 0
 383.524436000661 0.359317520834843 0 0
 385.682004319832 4.17235814961463 0 0
 387.839297413375 -0.120509458789264 0 0
 389.996321238528 0.511526114168853 0 0
 392.153081752529 4.06302550601867 0 0
 394.309584912616 -0.405181808681521 0 0
 396.465836676027 0.415042224368899 0 0
 398.621843 4.46415813544958 0 0
 400.777609841773 2.90073533431234 0 0
 402.933143158584 8.71272284966654 0 0
 405.088448907671 13.4402988451298 0 0
 407.243533046272 6.8288966520001 0 0
 409.398401531625 4.33545903857705 0 0
 411.553060320968 6.28364483657369 0 0
 413.707515371539 3.42849424127159 0 0
 415.861772640576 6.3475443301234 0 0
 418.015838085317 11.592118366669 0 0
 420.169717663 12.1647544408067 0 0
 422.323417330863 18.7463993517018 0 0
 424.476943046144 28.4442710715047 0 0
 426.630300766081 35.9691366144387 0 0
 428.783496447912 51.7469771551898 0 0
 430.936536048875 75.3835905530866 0 0
 433.089425526208 110.559073921278 0 0
 435.242170837149 154.639046866947 0 0
 437.394777938936 193.378398269178 0 0
 439.547252788807 229.310483728482 0 0
 441.699601344 292.373485717606 0 0
 443.851829561753 371.833131762024 0 0
 446.003943399304 447.107494874302 0 0
 448.155948813891 506.315347920765 0 0
 450.307851762752 529.039170401275 0 0
 452.459658203125 506.654051327078 0 0
 454.611374092248 459.919866043891 0 0
 456.763005387359 400.605852887424 0 0
 458.914558045696 337.801386008664 0 0
 461.066038024497 290.063493325297 0 0
 463.217451281 251.709564442343 0 0
 465.368803772443 215.645594282378 0 0
 467.520101456064 189.427797590835 0 0
 469.671350289101 164.343142278321 0 0
 471.822556228792 137.534553409708 0 0
 473.973725232375 120.612731661658 0 0
 476.124863257088 106.751459117975 0 0
 478.275976260169 92.7288518453963 0 0
 480.427070198856 88.647435408523 0 0
 482.578151030387 85.5308211760323 0 0
 484.729224712 79.7084968229925 0 0
 486.880297200933 81.9446866342891 0 0
 489.031374454424 83.2762644828467 0 0
 491.182462429711 81.1401246660489 0 0
 493.333567084032 86.6196391502159 0 0
 495.484694374625 90.3869120497865 0 0
 497.635850258728 90.6897850835512 0 0
 499.787040693579 97.9166865285818 0 0
 501.938271636416 102.085751195399 0 0
 504.089549044477 -NAN 0 0
 506.240878875 -NAN 0 0
 508.392267085223 -NAN 0 0
 510.543719632384 -NAN 0 0
 512.695242473721 -NAN 0 0
 514.846841566472 -NAN 0 0
 516.998522867875 -NAN 0 0
 519.150292335168 -NAN 0 0
 521.302155925589 -NAN 0 0
 523.454119596376 -NAN 0 0
 525.606189304767 -NAN 0 0
 527.758371008 -NAN 0 0
 529.910670663313 -NAN 0 0
 532.063094227944 -NAN 0 0
 534.215647659131 -NAN 0 0
 536.368336914112 -NAN 0 0
 538.521167950125 -NAN 0 0
 540.674146724408 -NAN 0 0
 542.827279194199 -NAN 0 0
 544.980571316736 -NAN 0 0
 547.134029049257 -NAN 0 0
 549.287658349 -NAN 0 0
 551.441465173203 -NAN 0 0
 553.595455479104 -NAN 0 0
 555.749635223941 -NAN 0 0
 557.904010364952 -NAN 0 0
 560.058586859375 -NAN 0 0
 562.213370664448 -NAN 0 0
 564.368367737409 -NAN 0 0
 566.523584035496 -NAN 0 0
 568.679025515947 -NAN 0 0
 570.834698136 -NAN 0 0
 572.990607852893 -NAN 0 0
 575.146760623864 -NAN 0 0
 577.303162406151 -NAN 0 0
 579.459819156992 -NAN 0 0
 581.616736833625 -NAN 0 0
 583.773921393288 -NAN 0 0
 585.931378793219 -NAN 0 0
 588.089114990656 -NAN 0 0
 590.247135942837 -NAN 0 0
 592.405447607 -NAN 0 0
 594.564055940383 -NAN 0 0
 596.722966900224 -NAN 0 0
 598.882186443761 -NAN 0 0
 601.041720528232 -NAN 0 0
 603.201575110875 -NAN 0 0
 605.361756148928 -NAN 0 0
 607.522269599629 -NAN 0 0
 609.683121420216 -NAN 0 0
 611.844317567927 -NAN 0 0
 614.005864 -NAN 0 0
 616.167766673673 -NAN 0 0
 618.330031546184 -NAN 0 0
 620.492664574771 -NAN 0 0
 622.655671716672 -NAN 0 0
 624.819058929125 -NAN 0 0
 626.982832169368 -NAN 0 0
 629.146997394639 -NAN 0 0
 631.311560562176 -NAN 0 0
 633.476527629217 -NAN 0 0
 635.641904553 -NAN 0 0
 637.807697290763 -NAN 0 0
 639.973911799744 -NAN 0 0
 642.140554037181 -NAN 0 0
 644.307629960312 -NAN 0 0
 646.475145526375 -NAN 0 0
 648.643106692608 -NAN 0 0
 650.811519416249 -NAN 0 0
 652.980389654536 -NAN 0 0
 655.149723364707 -NAN 0 0
 657.319526504 -NAN 0 0
 659.489805029653 -NAN 0 0
 661.660564898904 -NAN 0 0
 663.831812068991 -NAN 0 0
 666.003552497152 -NAN 0 0
 668.175792140625 -NAN 0 0
 670.348536956648 -NAN 0 0
 672.521792902459 -NAN 0 0
 674.695565935296 -NAN 0 0
 676.869862012397 -NAN 0 0
 679.044687091 -NAN 0 0
 681.220047128343 -NAN 0 0
 683.395948081664 -NAN 0 0
 685.572395908201 -NAN 0 0
 687.749396565192 -NAN 0 0
 689.926956009875 -NAN 0 0
 692.105080199488 -NAN 0 0
 694.283775091269 -NAN 0 0
 696.463046642456 -NAN 0 0
 698.642900810287 -NAN 0 0
 700.823343552 -NAN 0 0
 703.004380824833 -NAN 0 0
 705.186018586024 -NAN 0 0
 707.368262792811 -NAN 0 0
 709.551119402432 -NAN 0 0
 711.734594372125 -NAN 0 0
 713.918693659128 -NAN 0 0
 716.103423220679 -NAN 0 0
 718.288789014016 -NAN 0 0
 720.474796996377 -NAN 0 0
 722.661453125 -NAN 0 0
 724.848763357123 -NAN 0 0
 727.036733649984 -NAN 0 0
 729.225369960821 -NAN 0 0
 731.414678246872 -NAN 0 0
 733.604664465375 -NAN 0 0
 735.795334573568 -NAN 0 0
[END] of [DATA]
[END] of Spectrum


[Spectrum]
Version            = 1
IDData             = 12ad_2026-06-09_17-19-10_000_499
IDDevice           = SAM_82E6
IDDataType         = SPECTRUM
IDDataTypeSub1     = CALIBRATED
IDDataTypeSub2     = 
IDDataTypeSub3     = 
DateTime           = 2026-06-09 17:19:10
PositionLatitude   = 0
PositionLongitude  = 0
Comment            = 20260609_FrameA
CommentSub1        = UV
CommentSub2        = left
CommentSub3        = 17cm
IDMethodType       = SAM Control
MethodName         = SAM_82E6
Mission            = No Mission
MissionSub         = 1
RecordType         = 0
[Attributes]
CalFactor = 1
IDBasisSpec = 
IDDataBack = DLAB_2024-11-11_10-40-48_641_639
IDDataCal = DLAB_2024-11-12_11-45-27_171_455
IntegrationTime = 128
P31 = -1
P31e = 0
PathLength = +INF
PathLengthCustomOn = 0
RAWDynamic = 65535
Salinity = 0
Temperature = -NAN
Unit1 = $01 $01 Wavelength nm
Unit2 = $03 $06 Intensity mW/(m^2 nm)
Unit3 = $f0 $06 Error mW/(m^2 nm)
Unit4 = $f1 $00 Status 
p999 = 8065
[END] of [Attributes]
[DATA]
 0 6 0 0
 185.260577530984 -NAN 0 0
 187.468128380571 -NAN 0 0
 189.674861895872 -NAN 0 0
 191.880784034125 -NAN 0 0
 194.085900752568 -NAN 0 0
 196.290218008439 -NAN 0 0
 198.493741758976 -NAN 0 0
 200.696477961417 -NAN 0 0
 202.898432573 -NAN 0 0
 205.099611550963 -NAN 0 0
 207.300020852544 -NAN 0 0
 209.499666434981 -NAN 0 0
 211.698554255512 -NAN 0 0
 213.896690271375 -NAN 0 0
 216.094080439808 -NAN 0 0
 218.290730718049 -NAN 0 0
 220.486647063336 -NAN 0 0
 222.681835432907 -NAN 0 0
 224.876301784 -NAN 0 0
 227.070052073853 -NAN 0 0
 229.263092259704 -NAN 0 0
 231.455428298791 -NAN 0 0
 233.647066148352 -NAN 0 0
 235.838011765625 -NAN 0 0
 238.028271107848 -NAN 0 0
 240.217850132259 -NAN 0 0
 242.406754796096 -NAN 0 0
 244.594991056597 -NAN 0 0
 246.782564871 -NAN 0 0
 248.969482196543 -NAN 0 0
 251.155748990464 -NAN 0 0
 253.341371210001 -NAN 0 0
 255.526354812392 -NAN 0 0
 257.710705754875 -NAN 0 0
 259.894429994688 -NAN 0 0
 262.077533489069 -NAN 0 0
 264.260022195256 -NAN 0 0
 266.441902070487 -NAN 0 0
 268.623179072 -NAN 0 0
 270.803859157033 -NAN 0 0
 272.983948282824 -NAN 0 0
 275.163452406611 -NAN 0 0
 277.342377485632 -NAN 0 0
 279.520729477125 2.4499593716449 0 0
 281.698514338328 2.55383331522008 0 0
 283.875738026479 9.39135741056097 0 0
 286.052406498816 8.60199822720889 0 0
 288.228525712577 10.8537084706607 0 0
 290.404101625 20.8929341062497 0 0
 292.579140193323 22.650808561945 0 0
 294.753647374784 28.7342933289859 0 0
 296.927629126621 38.8330340101193 0 0
 299.101091406072 41.202105982257 0 0
 301.274040170375 47.131667571385 0 0
 303.446481376768 54.2001539204811 0 0
 305.618420982489 54.5920040224348 0 0
 307.789864944776 56.4677857038318 0 0
 309.960819220867 62.7897887824599 0 0
 312.131289768 62.5850296105157 0 0
 314.301282543413 59.5762168582154 0 0
 316.470803504344 57.8649252728834 0 0
 318.639858608031 49.8863025207302 0 0
 320.808453811712 45.45634057902 0 0
 322.976595072625 47.0800484740518 0 0
 325.144288348008 39.1538236035558 0 0
 327.311539595099 35.1341163817312 0 0
 329.478354771136 36.603976468379 0 0
 331.644739833357 28.6596990523557 0 0
 333.810700739 25.858599231829 0 0
 335.976243445303 27.1922334045624 0 0
 338.141373909504 19.4832390520591 0 0
 340.306098088841 17.4111192133521 0 0
 342.470421940552 18.814264204728 0 0
 344.634351421875 12.7674794028243 0 0
 346.797892490048 11.5437582348482 0 0
 348.961051102309 12.9614794268789 0 0
 351.123833215896 7.94882683803458 0 0
 353.286244788047 7.41964012426132 0 0
 355.448291776 9.25826314165441 0 0
 357.609980136993 5.00166008360288 0 0
 359.771315828264 5.45464157583816 0 0
 361.932304807051 10.9039602354692 0 0
 364.092953030592 10.6817302442614 0 0
 366.253266456125 11.157624503399 0 0
 368.413251040888 9.42806910942564 0 0
 370.572912742119 2.13381407336037 0 0
 372.732257517056 2.12213207700984 0 0
 374.891291322937 4.91661019373394 0 0
 377.050020117 0.0239697845879683 0 0
 379.208449856483 1.4423193436094 0 0
 381.366586498624 4.27271670913142 0 0
 383.524436000661 -0.676760592995987 0 0
 385.682004319832 1.16407495844669 0 0
 387.839297413375 3.87080879501218 0 0
 389.996321238528 -1.0181367105057 0 0
 392.153081752529 0.928379920687014 0 0
 394.309584912616 3.36254658383317 0 0
 396.465836676027 -0.877806083002983 0 0
 398.621843 1.65787196782742 0 0
 400.777609841773 6.47061467544764 0 0
 402.933143158584 6.94481635899415 0 0
 405.088448907671 10.6873435620952 0 0
 407.243533046272 9.98304741723502 0 0
 409.398401531625 2.79889931816433 0 0
 411.553060320968 4.34795234827792 0 0
 413.707515371539 6.70271890611869 0 0
 415.861772640576 4.97890866217937 0 0
 418.015838085317 9.81390090874593 0 0
 420.169717663 14.9659292271421 0 0
 422.323417330863 17.5350998984022 0 0
 424.476943046144 27.2060116857861 0 0
 426.630300766081 38.4939655355672 0 0
 428.783496447912 50.4951689354143 0 0
 430.936536048875 74.263748918055 0 0
 433.089425526208 112.387979679708 0 0
 435.242170837149 152.186255738909 0 0
 437.394777938936 191.659097220949 0 0
 439.547252788807 231.486987099472 0 0
 441.699601344 290.753422911905 0 0
 443.851829561753 371.02706260396 0 0
 446.003943399304 449.918015724754 0 0
 448.155948813891 504.74389342433 0 0
 450.307851762752 528.18695677535 0 0
 452.459658203125 509.463548935519 0 0
 454.611374092248 458.045534651262 0 0
 456.763005387359 399.894164426462 0 0
 458.914558045696 340.864343266752 0 0
 461.066038024497 287.853526184861 0 0
 463.217451281 251.214131018913 0 0
 465.368803772443 218.676059189672 0 0
 467.520101456064 186.911968918929 0 0
 469.671350289101 163.982670113849 0 0
 471.822556228792 140.672776364938 0 0
 473.973725232375 117.986624521533 0 0
 476.124863257088 106.502355247959 0 0
 478.275976260169 95.739217129692 0 0
 480.427070198856 85.9307427513406 0 0
 482.578151030387 85.3198693193926 0 0
 484.729224712 83.0378252907635 0 0
 486.880297200933 79.1560063520052 0 0
 489.031374454424 83.286334854591 0 0
 491.182462429711 84.3064263734154 0 0
 493.333567084032 83.7639437800259 0 0
 495.484694374625 90.6757950040029 0 0
 497.635850258728 93.7409071661646 0 0
 499.787040693579 95.030248964066 0 0
 501.938271636416 102.502251117593 0 0
 504.089549044477 -NAN 0 0
 506.240878875 -NAN 0 0
 508.392267085223 -NAN 0 0
 510.543719632384 -NAN 0 0
 512.695242473721 -NAN 0 0
 514.846841566472 -NAN 0 0
 516.998522867875 -NAN 0 0
 519.150292335168 -NAN 0 0
 521.302155925589 -NAN 0 0
 523.454119596376 -NAN 0 0
 525.606189304767 -NAN 0 0
 527.758371008 -NAN 0 0
 529.910670663313 -NAN 0 0
 532.063094227944 -NAN 0 0
 534.215647659131 -NAN 0 0
 536.368336914112 -NAN 0 0
 538.521167950125 -NAN 0 0
 540.674146724408 -NAN 0 0
 542.827279194199 -NAN 0 0
 544.980571316736 -NAN 0 0
 547.134029049257 -NAN 0 0
 549.287658349 -NAN 0 0
 551.441465173203 -NAN 0 0
 553.595455479104 -NAN 0 0
 555.749635223941 -NAN 0 0
 557.904010364952 -NAN 0 0
 560.058586859375 -NAN 0 0
 562.213370664448 -NAN 0 0
 564.368367737409 -NAN 0 0
 566.523584035496 -NAN 0 0
 568.679025515947 -NAN 0 0
 570.834698136 -NAN 0 0
 572.990607852893 -NAN 0 0
 575.146760623864 -NAN 0 0
 577.303162406151 -NAN 0 0
 579.459819156992 -NAN 0 0
 581.616736833625 -NAN 0 0
 583.773921393288 -NAN 0 0
 585.931378793219 -NAN 0 0
 588.089114990656 -NAN 0 0
 590.247135942837 -NAN 0 0
 592.405447607 -NAN 0 0
 594.564055940383 -NAN 0 0
 596.722966900224 -NAN 0 0
 598.882186443761 -NAN 0 0
 601.041720528232 -NAN 0 0
 603.201575110875 -NAN 0 0
 605.361756148928 -NAN 0 0
 607.522269599629 -NAN 0 0
 609.683121420216 -NAN 0 0
 611.844317567927 -NAN 0 0
 614.005864 -NAN 0 0
 616.167766673673 -NAN 0 0
 618.330031546184 -NAN 0 0
 620.492664574771 -NAN 0 0
 622.655671716672 -NAN 0 0
 624.819058929125 -NAN 0 0
 626.982832169368 -NAN 0 0
 629.146997394639 -NAN 0 0
 631.311560562176 -NAN 0 0
 633.476527629217 -NAN 0 0
 635.641904553 -NAN 0 0
 637.807697290763 -NAN 0 0
 639.973911799744 -NAN 0 0
 642.140554037181 -NAN 0 0
 644.307629960312 -NAN 0 0
 646.475145526375 -NAN 0 0
 648.643106692608 -NAN 0 0
 650.811519416249 -NAN 0 0
 652.980389654536 -NAN 0 0
 655.149723364707 -NAN 0 0
 657.319526504 -NAN 0 0
 659.489805029653 -NAN 0 0
 661.660564898904 -NAN 0 0
 663.831812068991 -NAN 0 0
 666.003552497152 -NAN 0 0
 668.175792140625 -NAN 0 0
 670.348536956648 -NAN 0 0
 672.521792902459 -NAN 0 0
 674.695565935296 -NAN 0 0
 676.869862012397 -NAN 0 0
 679.044687091 -NAN 0 0
 681.220047128343 -NAN 0 0
 683.395948081664 -NAN 0 0
 685.572395908201 -NAN 0 0
 687.749396565192 -NAN 0 0
 689.926956009875 -NAN 0 0
 692.105080199488 -NAN 0 0
 694.283775091269 -NAN 0 0
 696.463046642456 -NAN 0 0
 698.642900810287 -NAN 0 0
 700.823343552 -NAN 0 0
 703.004380824833 -NAN 0 0
 705.186018586024 -NAN 0 0
 707.368262792811 -NAN 0 0
 709.551119402432 -NAN 0 0
 711.734594372125 -NAN 0 0
 713.918693659128 -NAN 0 0
 716.103423220679 -NAN 0 0
 718.288789014016 -NAN 0 0
 720.474796996377 -NAN 0 0
 722.661453125 -NAN 0 0
 724.848763357123 -NAN 0 0
 727.036733649984 -NAN 0 0
 729.225369960821 -NAN 0 0
 731.414678246872 -NAN 0 0
 733.604664465375 -NAN 0 0
 735.795334573568 -NAN 0 0
[END] of [DATA]
[END] of Spectrum


[Spectrum]
Version            = 1
IDData             = 12ad_2026-06-09_17-19-05_000_496
IDDevice           = SAM_82E6
IDDataType         = SPECTRUM
IDDataTypeSub1     = CALIBRATED
IDDataTypeSub2     = 
IDDataTypeSub3     = 
DateTime           = 2026-06-09 17:19:05
PositionLatitude   = 0
PositionLongitude  = 0
Comment            = 20260609_FrameA
CommentSub1        = UV
CommentSub2        = left
CommentSub3        = 17cm
IDMethodType       = SAM Control
MethodName         = SAM_82E6
Mission            = No Mission
MissionSub         = 1
RecordType         = 0
[Attributes]
CalFactor = 1
IDBasisSpec = 
IDDataBack = DLAB_2024-11-11_10-40-48_641_639
IDDataCal = DLAB_2024-11-12_11-45-27_171_455
IntegrationTime = 128
P31 = -1
P31e = 0
PathLength = +INF
PathLengthCustomOn = 0
RAWDynamic = 65535
Salinity = 0
Temperature = -NAN
Unit1 = $01 $01 Wavelength nm
Unit2 = $03 $06 Intensity mW/(m^2 nm)
Unit3 = $f0 $06 Error mW/(m^2 nm)
Unit4 = $f1 $00 Status 
p999 = 8064
[END] of [Attributes]
[DATA]
 0 6 0 0
 185.260577530984 -NAN 0 0
 187.468128380571 -NAN 0 0
 189.674861895872 -NAN 0 0
 191.880784034125 -NAN 0 0
 194.085900752568 -NAN 0 0
 196.290218008439 -NAN 0 0
 198.493741758976 -NAN 0 0
 200.696477961417 -NAN 0 0
 202.898432573 -NAN 0 0
 205.099611550963 -NAN 0 0
 207.300020852544 -NAN 0 0
 209.499666434981 -NAN 0 0
 211.698554255512 -NAN 0 0
 213.896690271375 -NAN 0 0
 216.094080439808 -NAN 0 0
 218.290730718049 -NAN 0 0
 220.486647063336 -NAN 0 0
 222.681835432907 -NAN 0 0
 224.876301784 -NAN 0 0
 227.070052073853 -NAN 0 0
 229.263092259704 -NAN 0 0
 231.455428298791 -NAN 0 0
 233.647066148352 -NAN 0 0
 235.838011765625 -NAN 0 0
 238.028271107848 -NAN 0 0
 240.217850132259 -NAN 0 0
 242.406754796096 -NAN 0 0
 244.594991056597 -NAN 0 0
 246.782564871 -NAN 0 0
 248.969482196543 -NAN 0 0
 251.155748990464 -NAN 0 0
 253.341371210001 -NAN 0 0
 255.526354812392 -NAN 0 0
 257.710705754875 -NAN 0 0
 259.894429994688 -NAN 0 0
 262.077533489069 -NAN 0 0
 264.260022195256 -NAN 0 0
 266.441902070487 -NAN 0 0
 268.623179072 -NAN 0 0
 270.803859157033 -NAN 0 0
 272.983948282824 -NAN 0 0
 275.163452406611 -NAN 0 0
 277.342377485632 -NAN 0 0
 279.520729477125 0.410125562320286 0 0
 281.698514338328 6.17805934293024 0 0
 283.875738026479 6.69699010890103 0 0
 286.052406498816 6.24996404812205 0 0
 288.228525712577 14.7219999215305 0 0
 290.404101625 17.6211837567444 0 0
 292.579140193323 20.0882213846983 0 0
 294.753647374784 31.5675933968435 0 0
 296.927629126621 35.1078895865637 0 0
 299.101091406072 38.5636292165856 0 0
 301.274040170375 49.0740959064759 0 0
 303.446481376768 50.2879366208503 0 0
 305.618420982489 51.6689951473546 0 0
 307.789864944776 57.6606803967248 0 0
 309.960819220867 58.5491142478269 0 0
 312.131289768 59.4860872235909 0 0
 314.301282543413 60.8739046636373 0 0
 316.470803504344 53.4446006896865 0 0
 318.639858608031 47.1075948217644 0 0
 320.808453811712 47.8283667759556 0 0
 322.976595072625 42.3467051014682 0 0
 325.144288348008 36.7110890666691 0 0
 327.311539595099 38.3534366882893 0 0
 329.478354771136 31.6775808326814 0 0
 331.644739833357 26.8209638759866 0 0
 333.810700739 29.1890852098522 0 0
 335.976243445303 22.7701926921653 0 0
 338.141373909504 18.1939948175657 0 0
 340.306098088841 20.5138747953071 0 0
 342.470421940552 14.9723409212431 0 0
 344.634351421875 12.0657676790639 0 0
 346.797892490048 14.4139147403611 0 0
 348.961051102309 9.73473573079296 0 0
 351.123833215896 7.60628617916504 0 0
 353.286244788047 10.0693607262944 0 0
 355.448291776 6.29586876209266 0 0
 357.609980136993 4.82818660126084 0 0
 359.771315828264 8.2038790907976 0 0
 361.932304807051 7.80087441528959 0 0
 364.092953030592 10.7020525650461 0 0
 366.253266456125 13.9113463016264 0 0
 368.413251040888 5.98028684741024 0 0
 370.572912742119 2.33728495468312 0 0
 372.732257517056 5.38601289812263 0 0
 374.891291322937 1.11714535224698 0 0
 377.050020117 0.495736558209285 0 0
 379.208449856483 4.86815685402845 0 0
 381.366586498624 0.075317717653414 0 0
 383.524436000661 -0.0372062017423872 0 0
 385.682004319832 4.28756899523383 0 0
 387.839297413375 -0.260779429370145 0 0
 389.996321238528 -0.0573567545117666 0 0
 392.153081752529 3.9256505998886 0 0
 394.309584912616 -0.44200000144225 0 0
 396.465836676027 -0.128679026394975 0 0
 398.621843 4.38056663258424 0 0
 400.777609841773 2.63153131842345 0 0
 402.933143158584 7.62916725860927 0 0
 405.088448907671 12.7216558997594 0 0
 407.243533046272 6.36913908283026 0 0
 409.398401531625 3.7888975272893 0 0
 411.553060320968 6.17445192697751 0 0
 413.707515371539 3.47622346379122 0 0
 415.861772640576 6.06279462739679 0 0
 418.015838085317 11.4948029833996 0 0
 420.169717663 12.2924675769618 0 0
 422.323417330863 18.6227973666712 0 0
 424.476943046144 28.5001924631178 0 0
 426.630300766081 36.0235175450476 0 0
 428.783496447912 51.4662686453007 0 0
 430.936536048875 75.1240246111919 0 0
 433.089425526208 109.356805195618 0 0
 435.242170837149 152.402043814689 0 0
 437.394777938936 191.673484677419 0 0
 439.547252788807 228.662628210026 0 0
 441.699601344 291.922235347068 0 0
 443.851829561753 371.900931971581 0 0
 446.003943399304 447.238395845419 0 0
 448.155948813891 506.149516039232 0 0
 450.307851762752 529.112217283497 0 0
 452.459658203125 506.795776725723 0 0
 454.611374092248 459.688784091375 0 0
 456.763005387359 400.632211719312 0 0
 458.914558045696 337.84629740541 0 0
 461.066038024497 289.815903645663 0 0
 463.217451281 251.980650655163 0 0
 465.368803772443 215.598094832421 0 0
 467.520101456064 189.128982691107 0 0
 469.671350289101 164.411339714843 0 0
 471.822556228792 137.544391099222 0 0
 473.973725232375 120.364985705042 0 0
 476.124863257088 106.741494963174 0 0
 478.275976260169 92.6788457775508 0 0
 480.427070198856 88.1963240816846 0 0
 482.578151030387 85.540866502539 0 0
 484.729224712 79.7386720054798 0 0
 486.880297200933 81.5319216827597 0 0
 489.031374454424 83.2661941111025 0 0
 491.182462429711 81.0496589029812 0 0
 493.333567084032 86.1687398812386 0 0
 495.484694374625 90.4765653804054 0 0
 497.635850258728 90.600917450077 0 0
 499.787040693579 97.5350896980187 0 0
 501.938271636416 102.153553508315 0 0
 504.089549044477 -NAN 0 0
 506.240878875 -NAN 0 0
 508.392267085223 -NAN 0 0
 510.543719632384 -NAN 0 0
 512.695242473721 -NAN 0 0
 514.846841566472 -NAN 0 0
 516.998522867875 -NAN 0 0
 519.150292335168 -NAN 0 0
 521.302155925589 -NAN 0 0
 523.454119596376 -NAN 0 0
 525.606189304767 -NAN 0 0
 527.758371008 -NAN 0 0
 529.910670663313 -NAN 0 0
 532.063094227944 -NAN 0 0
 534.215647659131 -NAN 0 0
 536.368336914112 -NAN 0 0
 538.521167950125 -NAN 0 0
 540.674146724408 -NAN 0 0
 542.827279194199 -NAN 0 0
 544.980571316736 -NAN 0 0
 547.134029049257 -NAN 0 0
 549.287658349 -NAN 0 0
 551.441465173203 -NAN 0 0
 553.595455479104 -NAN 0 0
 555.749635223941 -NAN 0 0
 557.904010364952 -NAN 0 0
 560.058586859375 -NAN 0 0
 562.213370664448 -NAN 0 0
 564.368367737409 -NAN 0 0
 566.523584035496 -NAN 0 0
 568.679025515947 -NAN 0 0
 570.834698136 -NAN 0 0
 572.990607852893 -NAN 0 0
 575.146760623864 -NAN 0 0
 577.303162406151 -NAN 0 0
 579.459819156992 -NAN 0 0
 581.616736833625 -NAN 0 0
 583.773921393288 -NAN 0 0
 585.931378793219 -NAN 0 0
 588.089114990656 -NAN 0 0
 590.247135942837 -NAN 0 0
 592.405447607 -NAN 0 0
 594.564055940383 -NAN 0 0
 596.722966900224 -NAN 0 0
 598.882186443761 -NAN 0 0
 601.041720528232 -NAN 0 0
 603.201575110875 -NAN 0 0
 605.361756148928 -NAN 0 0
 607.522269599629 -NAN 0 0
 609.683121420216 -NAN 0 0
 611.844317567927 -NAN 0 0
 614.005864 -NAN 0 0
 616.167766673673 -NAN 0 0
 618.330031546184 -NAN 0 0
 620.492664574771 -NAN 0 0
 622.655671716672 -NAN 0 0
 624.819058929125 -NAN 0 0
 626.982832169368 -NAN 0 0
 629.146997394639 -NAN 0 0
 631.311560562176 -NAN 0 0
 633.476527629217 -NAN 0 0
 635.641904553 -NAN 0 0
 637.807697290763 -NAN 0 0
 639.973911799744 -NAN 0 0
 642.140554037181 -NAN 0 0
 644.307629960312 -NAN 0 0
 646.475145526375 -NAN 0 0
 648.643106692608 -NAN 0 0
 650.811519416249 -NAN 0 0
 652.980389654536 -NAN 0 0
 655.149723364707 -NAN 0 0
 657.319526504 -NAN 0 0
 659.489805029653 -NAN 0 0
 661.660564898904 -NAN 0 0
 663.831812068991 -NAN 0 0
 666.003552497152 -NAN 0 0
 668.175792140625 -NAN 0 0
 670.348536956648 -NAN 0 0
 672.521792902459 -NAN 0 0
 674.695565935296 -NAN 0 0
 676.869862012397 -NAN 0 0
 679.044687091 -NAN 0 0
 681.220047128343 -NAN 0 0
 683.395948081664 -NAN 0 0
 685.572395908201 -NAN 0 0
 687.749396565192 -NAN 0 0
 689.926956009875 -NAN 0 0
 692.105080199488 -NAN 0 0
 694.283775091269 -NAN 0 0
 696.463046642456 -NAN 0 0
 698.642900810287 -NAN 0 0
 700.823343552 -NAN 0 0
 703.004380824833 -NAN 0 0
 705.186018586024 -NAN 0 0
 707.368262792811 -NAN 0 0
 709.551119402432 -NAN 0 0
 711.734594372125 -NAN 0 0
 713.918693659128 -NAN 0 0
 716.103423220679 -NAN 0 0
 718.288789014016 -NAN 0 0
 720.474796996377 -NAN 0 0
 722.661453125 -NAN 0 0
 724.848763357123 -NAN 0 0
 727.036733649984 -NAN 0 0
 729.225369960821 -NAN 0 0
 731.414678246872 -NAN 0 0
 733.604664465375 -NAN 0 0
 735.795334573568 -NAN 0 0
[END] of [DATA]
[END] of Spectrum


