[Spectrum]
Version            = 1
IDData             = 12ad_2026-06-09_16-56-40_000_283
IDDevice           = SAM_82E6
IDDataType         = SPECTRUM
IDDataTypeSub1     = CALIBRATED
IDDataTypeSub2     = 
IDDataTypeSub3     = 
DateTime           = 2026-06-09 16:56:40
PositionLatitude   = 0
PositionLongitude  = 0
Comment            = 20260609_FrameA
CommentSub1        = UV
CommentSub2        = centre
CommentSub3        = 33.5cm
IDMethodType       = SAM Control
MethodName         = SAM_82E6
Mission            = No Mission
MissionSub         = 1
RecordType         = 0
[Attributes]
CalFactor = 1
IDBasisSpec = 
IDDataBack = DLAB_2024-11-11_10-40-48_641_639
IDDataCal = DLAB_2024-11-12_11-45-27_171_455
IntegrationTime = 128
P31 = -1
P31e = 0
PathLength = +INF
PathLengthCustomOn = 0
RAWDynamic = 65535
Salinity = 0
Temperature = -NAN
Unit1 = $01 $01 Wavelength nm
Unit2 = $03 $06 Intensity mW/(m^2 nm)
Unit3 = $f0 $06 Error mW/(m^2 nm)
Unit4 = $f1 $00 Status 
p999 = 8033
[END] of [Attributes]
[DATA]
 0 6 0 0
 185.260577530984 -NAN 0 0
 187.468128380571 -NAN 0 0
 189.674861895872 -NAN 0 0
 191.880784034125 -NAN 0 0
 194.085900752568 -NAN 0 0
 196.290218008439 -NAN 0 0
 198.493741758976 -NAN 0 0
 200.696477961417 -NAN 0 0
 202.898432573 -NAN 0 0
 205.099611550963 -NAN 0 0
 207.300020852544 -NAN 0 0
 209.499666434981 -NAN 0 0
 211.698554255512 -NAN 0 0
 213.896690271375 -NAN 0 0
 216.094080439808 -NAN 0 0
 218.290730718049 -NAN 0 0
 220.486647063336 -NAN 0 0
 222.681835432907 -NAN 0 0
 224.876301784 -NAN 0 0
 227.070052073853 -NAN 0 0
 229.263092259704 -NAN 0 0
 231.455428298791 -NAN 0 0
 233.647066148352 -NAN 0 0
 235.838011765625 -NAN 0 0
 238.028271107848 -NAN 0 0
 240.217850132259 -NAN 0 0
 242.406754796096 -NAN 0 0
 244.594991056597 -NAN 0 0
 246.782564871 -NAN 0 0
 248.969482196543 -NAN 0 0
 251.155748990464 -NAN 0 0
 253.341371210001 -NAN 0 0
 255.526354812392 -NAN 0 0
 257.710705754875 -NAN 0 0
 259.894429994688 -NAN 0 0
 262.077533489069 -NAN 0 0
 264.260022195256 -NAN 0 0
 266.441902070487 -NAN 0 0
 268.623179072 -NAN 0 0
 270.803859157033 -NAN 0 0
 272.983948282824 -NAN 0 0
 275.163452406611 -NAN 0 0
 277.342377485632 -NAN 0 0
 279.520729477125 8.1647318691972 0 0
 281.698514338328 7.37698259957173 0 0
 283.875738026479 13.0502178291149 0 0
 286.052406498816 23.2615594039001 0 0
 288.228525712577 27.1248884734491 0 0
 290.404101625 39.8414580193178 0 0
 292.579140193323 56.3436145562942 0 0
 294.753647374784 68.1773890079477 0 0
 296.927629126621 83.122131803879 0 0
 299.101091406072 99.3975603174118 0 0
 301.274040170375 111.293301256482 0 0
 303.446481376768 120.431524458424 0 0
 305.618420982489 130.782736094844 0 0
 307.789864944776 132.83121738391 0 0
 309.960819220867 140.968850074479 0 0
 312.131289768 149.31378214219 0 0
 314.301282543413 139.717741264559 0 0
 316.470803504344 128.434955192739 0 0
 318.639858608031 120.186320865815 0 0
 320.808453811712 106.121376451824 0 0
 322.976595072625 101.550059031695 0 0
 325.144288348008 94.7635704276324 0 0
 327.311539595099 81.4961403775871 0 0
 329.478354771136 76.2278452302596 0 0
 331.644739833357 70.389512592063 0 0
 333.810700739 59.0820471325986 0 0
 335.976243445303 54.900490478527 0 0
 338.141373909504 49.2102899360697 0 0
 340.306098088841 39.3000690253325 0 0
 342.470421940552 36.6790765280356 0 0
 344.634351421875 33.1611335680961 0 0
 346.797892490048 25.3062553170485 0 0
 348.961051102309 23.9937045584071 0 0
 351.123833215896 21.8508282841155 0 0
 353.286244788047 15.7406351506459 0 0
 355.448291776 15.9177343122669 0 0
 357.609980136993 14.7729287649058 0 0
 359.771315828264 11.0294843145059 0 0
 361.932304807051 18.6704591760673 0 0
 364.092953030592 26.0036310980722 0 0
 366.253266456125 21.6037828940453 0 0
 368.413251040888 14.9040298961779 0 0
 370.572912742119 8.84709716391655 0 0
 372.732257517056 2.63741302198968 0 0
 374.891291322937 5.2056706823821 0 0
 377.050020117 4.69059842540935 0 0
 379.208449856483 0.156230833774794 0 0
 381.366586498624 3.81340537168012 0 0
 383.524436000661 3.38938410339634 0 0
 385.682004319832 -0.527106466753624 0 0
 387.839297413375 3.05327573415189 0 0
 389.996321238528 2.94999687967393 0 0
 392.153081752529 -1.14611992440853 0 0
 394.309584912616 2.94391009577598 0 0
 396.465836676027 2.57650201135616 0 0
 398.621843 0.175781353532417 0 0
 400.777609841773 9.60612618418251 0 0
 402.933143158584 19.056559965701 0 0
 405.088448907671 19.4646150914493 0 0
 407.243533046272 16.9958353521434 0 0
 409.398401531625 8.22211867440103 0 0
 411.553060320968 2.87770842411937 0 0
 413.707515371539 6.6443831897058 0 0
 415.861772640576 7.67841749268793 0 0
 418.015838085317 8.06124102622691 0 0
 420.169717663 15.0671537128355 0 0
 422.323417330863 19.7590200586929 0 0
 424.476943046144 25.447594593952 0 0
 426.630300766081 38.8504627473369 0 0
 428.783496447912 53.2558907669057 0 0
 430.936536048875 76.8140872995288 0 0
 433.089425526208 130.705373563934 0 0
 435.242170837149 183.719287331198 0 0
 437.394777938936 216.275235938908 0 0
 439.547252788807 242.346857319571 0 0
 441.699601344 295.649777114626 0 0
 443.851829561753 369.715421512906 0 0
 446.003943399304 449.28575547864 0 0
 448.155948813891 502.989936116471 0 0
 450.307851762752 517.521210157557 0 0
 452.459658203125 494.689834013981 0 0
 454.611374092248 439.917488310482 0 0
 456.763005387359 375.994513928776 0 0
 458.914558045696 322.036487719724 0 0
 461.066038024497 274.134205047946 0 0
 463.217451281 236.6118280839 0 0
 465.368803772443 209.213113214789 0 0
 467.520101456064 179.604391639909 0 0
 469.671350289101 152.660813152241 0 0
 471.822556228792 133.824651386005 0 0
 473.973725232375 113.367538797078 0 0
 476.124863257088 99.0281320191833 0 0
 478.275976260169 93.4178243357113 0 0
 480.427070198856 85.3882953040066 0 0
 482.578151030387 81.0997160392087 0 0
 484.729224712 83.2177587863362 0 0
 486.880297200933 80.3629802888621 0 0
 489.031374454424 80.7474822448475 0 0
 491.182462429711 86.4362808199579 0 0
 493.333567084032 86.6085058349325 0 0
 495.484694374625 89.6187711676939 0 0
 497.635850258728 97.1957735588828 0 0
 499.787040693579 98.7864228945376 0 0
 501.938271636416 102.714267873852 0 0
 504.089549044477 -NAN 0 0
 506.240878875 -NAN 0 0
 508.392267085223 -NAN 0 0
 510.543719632384 -NAN 0 0
 512.695242473721 -NAN 0 0
 514.846841566472 -NAN 0 0
 516.998522867875 -NAN 0 0
 519.150292335168 -NAN 0 0
 521.302155925589 -NAN 0 0
 523.454119596376 -NAN 0 0
 525.606189304767 -NAN 0 0
 527.758371008 -NAN 0 0
 529.910670663313 -NAN 0 0
 532.063094227944 -NAN 0 0
 534.215647659131 -NAN 0 0
 536.368336914112 -NAN 0 0
 538.521167950125 -NAN 0 0
 540.674146724408 -NAN 0 0
 542.827279194199 -NAN 0 0
 544.980571316736 -NAN 0 0
 547.134029049257 -NAN 0 0
 549.287658349 -NAN 0 0
 551.441465173203 -NAN 0 0
 553.595455479104 -NAN 0 0
 555.749635223941 -NAN 0 0
 557.904010364952 -NAN 0 0
 560.058586859375 -NAN 0 0
 562.213370664448 -NAN 0 0
 564.368367737409 -NAN 0 0
 566.523584035496 -NAN 0 0
 568.679025515947 -NAN 0 0
 570.834698136 -NAN 0 0
 572.990607852893 -NAN 0 0
 575.146760623864 -NAN 0 0
 577.303162406151 -NAN 0 0
 579.459819156992 -NAN 0 0
 581.616736833625 -NAN 0 0
 583.773921393288 -NAN 0 0
 585.931378793219 -NAN 0 0
 588.089114990656 -NAN 0 0
 590.247135942837 -NAN 0 0
 592.405447607 -NAN 0 0
 594.564055940383 -NAN 0 0
 596.722966900224 -NAN 0 0
 598.882186443761 -NAN 0 0
 601.041720528232 -NAN 0 0
 603.201575110875 -NAN 0 0
 605.361756148928 -NAN 0 0
 607.522269599629 -NAN 0 0
 609.683121420216 -NAN 0 0
 611.844317567927 -NAN 0 0
 614.005864 -NAN 0 0
 616.167766673673 -NAN 0 0
 618.330031546184 -NAN 0 0
 620.492664574771 -NAN 0 0
 622.655671716672 -NAN 0 0
 624.819058929125 -NAN 0 0
 626.982832169368 -NAN 0 0
 629.146997394639 -NAN 0 0
 631.311560562176 -NAN 0 0
 633.476527629217 -NAN 0 0
 635.641904553 -NAN 0 0
 637.807697290763 -NAN 0 0
 639.973911799744 -NAN 0 0
 642.140554037181 -NAN 0 0
 644.307629960312 -NAN 0 0
 646.475145526375 -NAN 0 0
 648.643106692608 -NAN 0 0
 650.811519416249 -NAN 0 0
 652.980389654536 -NAN 0 0
 655.149723364707 -NAN 0 0
 657.319526504 -NAN 0 0
 659.489805029653 -NAN 0 0
 661.660564898904 -NAN 0 0
 663.831812068991 -NAN 0 0
 666.003552497152 -NAN 0 0
 668.175792140625 -NAN 0 0
 670.348536956648 -NAN 0 0
 672.521792902459 -NAN 0 0
 674.695565935296 -NAN 0 0
 676.869862012397 -NAN 0 0
 679.044687091 -NAN 0 0
 681.220047128343 -NAN 0 0
 683.395948081664 -NAN 0 0
 685.572395908201 -NAN 0 0
 687.749396565192 -NAN 0 0
 689.926956009875 -NAN 0 0
 692.105080199488 -NAN 0 0
 694.283775091269 -NAN 0 0
 696.463046642456 -NAN 0 0
 698.642900810287 -NAN 0 0
 700.823343552 -NAN 0 0
 703.004380824833 -NAN 0 0
 705.186018586024 -NAN 0 0
 707.368262792811 -NAN 0 0
 709.551119402432 -NAN 0 0
 711.734594372125 -NAN 0 0
 713.918693659128 -NAN 0 0
 716.103423220679 -NAN 0 0
 718.288789014016 -NAN 0 0
 720.474796996377 -NAN 0 0
 722.661453125 -NAN 0 0
 724.848763357123 -NAN 0 0
 727.036733649984 -NAN 0 0
 729.225369960821 -NAN 0 0
 731.414678246872 -NAN 0 0
 733.604664465375 -NAN 0 0
 735.795334573568 -NAN 0 0
[END] of [DATA]
[END] of Spectrum


[Spectrum]
Version            = 1
IDData             = 12ad_2026-06-09_16-56-35_000_280
IDDevice           = SAM_82E6
IDDataType         = SPECTRUM
IDDataTypeSub1     = CALIBRATED
IDDataTypeSub2     = 
IDDataTypeSub3     = 
DateTime           = 2026-06-09 16:56:35
PositionLatitude   = 0
PositionLongitude  = 0
Comment            = 20260609_FrameA
CommentSub1        = UV
CommentSub2        = centre
CommentSub3        = 33.5cm
IDMethodType       = SAM Control
MethodName         = SAM_82E6
Mission            = No Mission
MissionSub         = 1
RecordType         = 0
[Attributes]
CalFactor = 1
IDBasisSpec = 
IDDataBack = DLAB_2024-11-11_10-40-48_641_639
IDDataCal = DLAB_2024-11-12_11-45-27_171_455
IntegrationTime = 128
P31 = -1
P31e = 0
PathLength = +INF
PathLengthCustomOn = 0
RAWDynamic = 65535
Salinity = 0
Temperature = -NAN
Unit1 = $01 $01 Wavelength nm
Unit2 = $03 $06 Intensity mW/(m^2 nm)
Unit3 = $f0 $06 Error mW/(m^2 nm)
Unit4 = $f1 $00 Status 
p999 = 8032
[END] of [Attributes]
[DATA]
 0 6 0 0
 185.260577530984 -NAN 0 0
 187.468128380571 -NAN 0 0
 189.674861895872 -NAN 0 0
 191.880784034125 -NAN 0 0
 194.085900752568 -NAN 0 0
 196.290218008439 -NAN 0 0
 198.493741758976 -NAN 0 0
 200.696477961417 -NAN 0 0
 202.898432573 -NAN 0 0
 205.099611550963 -NAN 0 0
 207.300020852544 -NAN 0 0
 209.499666434981 -NAN 0 0
 211.698554255512 -NAN 0 0
 213.896690271375 -NAN 0 0
 216.094080439808 -NAN 0 0
 218.290730718049 -NAN 0 0
 220.486647063336 -NAN 0 0
 222.681835432907 -NAN 0 0
 224.876301784 -NAN 0 0
 227.070052073853 -NAN 0 0
 229.263092259704 -NAN 0 0
 231.455428298791 -NAN 0 0
 233.647066148352 -NAN 0 0
 235.838011765625 -NAN 0 0
 238.028271107848 -NAN 0 0
 240.217850132259 -NAN 0 0
 242.406754796096 -NAN 0 0
 244.594991056597 -NAN 0 0
 246.782564871 -NAN 0 0
 248.969482196543 -NAN 0 0
 251.155748990464 -NAN 0 0
 253.341371210001 -NAN 0 0
 255.526354812392 -NAN 0 0
 257.710705754875 -NAN 0 0
 259.894429994688 -NAN 0 0
 262.077533489069 -NAN 0 0
 264.260022195256 -NAN 0 0
 266.441902070487 -NAN 0 0
 268.623179072 -NAN 0 0
 270.803859157033 -NAN 0 0
 272.983948282824 -NAN 0 0
 275.163452406611 -NAN 0 0
 277.342377485632 -NAN 0 0
 279.520729477125 6.99662191001131 0 0
 281.698514338328 10.0337024005483 0 0
 283.875738026479 11.14100158601 0 0
 286.052406498816 21.7429002981441 0 0
 288.228525712577 29.5719409912586 0 0
 290.404101625 37.430541539549 0 0
 292.579140193323 54.4378841582538 0 0
 294.753647374784 69.9485437363572 0 0
 296.927629126621 79.9200819619542 0 0
 299.101091406072 97.0999165937376 0 0
 301.274040170375 111.604275446329 0 0
 303.446481376768 116.772694767256 0 0
 305.618420982489 127.973722415039 0 0
 307.789864944776 132.675157683944 0 0
 309.960819220867 136.531487781104 0 0
 312.131289768 146.435389031895 0 0
 314.301282543413 139.799137453071 0 0
 316.470803504344 124.320070395556 0 0
 318.639858608031 117.960781829143 0 0
 320.808453811712 107.053148807522 0 0
 322.976595072625 97.4467031311605 0 0
 325.144288348008 93.4093830779872 0 0
 327.311539595099 83.1292564165242 0 0
 329.478354771136 72.4497519589214 0 0
 331.644739833357 69.5071565815027 0 0
 333.810700739 61.3171732778497 0 0
 335.976243445303 51.4960133751628 0 0
 338.141373909504 49.1569225276702 0 0
 340.306098088841 41.3007084513175 0 0
 342.470421940552 33.9423281768143 0 0
 344.634351421875 33.5434281272773 0 0
 346.797892490048 27.4129695197482 0 0
 348.961051102309 21.7638974451262 0 0
 351.123833215896 22.4127740708884 0 0
 353.286244788047 17.8386032322556 0 0
 355.448291776 13.9406533864737 0 0
 357.609980136993 15.4068565522298 0 0
 359.771315828264 13.0021375235965 0 0
 361.932304807051 16.5336562722918 0 0
 364.092953030592 26.915877497739 0 0
 366.253266456125 23.6825041836317 0 0
 368.413251040888 12.6758218098262 0 0
 370.572912742119 10.1332340927715 0 0
 372.732257517056 5.02988201716189 0 0
 374.891291322937 2.80714086029691 0 0
 377.050020117 6.42592766872986 0 0
 379.208449856483 2.8235700065112 0 0
 381.366586498624 1.19038431841979 0 0
 383.524436000661 5.40753351579659 0 0
 385.682004319832 1.82547055366801 0 0
 387.839297413375 0.678604313004848 0 0
 389.996321238528 4.69176171217755 0 0
 392.153081752529 1.09905783436377 0 0
 394.309584912616 0.363909328987058 0 0
 396.465836676027 4.50704808196963 0 0
 398.621843 2.20320701032989 0 0
 400.777609841773 7.00512119974877 0 0
 402.933143158584 20.7877142784311 0 0
 405.088448907671 20.5014264519497 0 0
 407.243533046272 14.2990661479689 0 0
 409.398401531625 9.95232387784861 0 0
 411.553060320968 4.28508370335891 0 0
 413.707515371539 4.54217610006312 0 0
 415.861772640576 9.21953595547353 0 0
 418.015838085317 9.1208974218273 0 0
 420.169717663 13.1069935786622 0 0
 422.323417330863 21.2568930032115 0 0
 424.476943046144 26.3725166584099 0 0
 426.630300766081 37.0463969541202 0 0
 428.783496447912 54.6198137969371 0 0
 430.936536048875 77.4057328432762 0 0
 433.089425526208 128.357508712475 0 0
 435.242170837149 183.875933489913 0 0
 437.394777938936 215.741301443223 0 0
 439.547252788807 240.219691260223 0 0
 441.699601344 296.876126026907 0 0
 443.851829561753 370.105481977763 0 0
 446.003943399304 447.651632244435 0 0
 448.155948813891 504.630706584553 0 0
 450.307851762752 517.811594059724 0 0
 452.459658203125 492.970603034335 0 0
 454.611374092248 441.747124839866 0 0
 456.763005387359 376.273722296177 0 0
 458.914558045696 319.932638289926 0 0
 461.066038024497 275.966164899723 0 0
 463.217451281 236.609750794913 0 0
 465.368803772443 207.007027650092 0 0
 467.520101456064 181.684314705401 0 0
 469.671350289101 152.619678190529 0 0
 471.822556228792 131.599147402428 0 0
 473.973725232375 115.525681352485 0 0
 476.124863257088 98.8465629761498 0 0
 478.275976260169 91.2553397128838 0 0
 480.427070198856 87.531352570271 0 0
 482.578151030387 80.8162146022432 0 0
 484.729224712 81.1032608135189 0 0
 486.880297200933 82.5151747786794 0 0
 489.031374454424 80.2820072842247 0 0
 491.182462429711 84.3432827954059 0 0
 493.333567084032 88.8908354680279 0 0
 495.484694374625 89.1981752956548 0 0
 497.635850258728 95.3372331748674 0 0
 499.787040693579 101.034691400533 0 0
 501.938271636416 102.07283646913 0 0
 504.089549044477 -NAN 0 0
 506.240878875 -NAN 0 0
 508.392267085223 -NAN 0 0
 510.543719632384 -NAN 0 0
 512.695242473721 -NAN 0 0
 514.846841566472 -NAN 0 0
 516.998522867875 -NAN 0 0
 519.150292335168 -NAN 0 0
 521.302155925589 -NAN 0 0
 523.454119596376 -NAN 0 0
 525.606189304767 -NAN 0 0
 527.758371008 -NAN 0 0
 529.910670663313 -NAN 0 0
 532.063094227944 -NAN 0 0
 534.215647659131 -NAN 0 0
 536.368336914112 -NAN 0 0
 538.521167950125 -NAN 0 0
 540.674146724408 -NAN 0 0
 542.827279194199 -NAN 0 0
 544.980571316736 -NAN 0 0
 547.134029049257 -NAN 0 0
 549.287658349 -NAN 0 0
 551.441465173203 -NAN 0 0
 553.595455479104 -NAN 0 0
 555.749635223941 -NAN 0 0
 557.904010364952 -NAN 0 0
 560.058586859375 -NAN 0 0
 562.213370664448 -NAN 0 0
 564.368367737409 -NAN 0 0
 566.523584035496 -NAN 0 0
 568.679025515947 -NAN 0 0
 570.834698136 -NAN 0 0
 572.990607852893 -NAN 0 0
 575.146760623864 -NAN 0 0
 577.303162406151 -NAN 0 0
 579.459819156992 -NAN 0 0
 581.616736833625 -NAN 0 0
 583.773921393288 -NAN 0 0
 585.931378793219 -NAN 0 0
 588.089114990656 -NAN 0 0
 590.247135942837 -NAN 0 0
 592.405447607 -NAN 0 0
 594.564055940383 -NAN 0 0
 596.722966900224 -NAN 0 0
 598.882186443761 -NAN 0 0
 601.041720528232 -NAN 0 0
 603.201575110875 -NAN 0 0
 605.361756148928 -NAN 0 0
 607.522269599629 -NAN 0 0
 609.683121420216 -NAN 0 0
 611.844317567927 -NAN 0 0
 614.005864 -NAN 0 0
 616.167766673673 -NAN 0 0
 618.330031546184 -NAN 0 0
 620.492664574771 -NAN 0 0
 622.655671716672 -NAN 0 0
 624.819058929125 -NAN 0 0
 626.982832169368 -NAN 0 0
 629.146997394639 -NAN 0 0
 631.311560562176 -NAN 0 0
 633.476527629217 -NAN 0 0
 635.641904553 -NAN 0 0
 637.807697290763 -NAN 0 0
 639.973911799744 -NAN 0 0
 642.140554037181 -NAN 0 0
 644.307629960312 -NAN 0 0
 646.475145526375 -NAN 0 0
 648.643106692608 -NAN 0 0
 650.811519416249 -NAN 0 0
 652.980389654536 -NAN 0 0
 655.149723364707 -NAN 0 0
 657.319526504 -NAN 0 0
 659.489805029653 -NAN 0 0
 661.660564898904 -NAN 0 0
 663.831812068991 -NAN 0 0
 666.003552497152 -NAN 0 0
 668.175792140625 -NAN 0 0
 670.348536956648 -NAN 0 0
 672.521792902459 -NAN 0 0
 674.695565935296 -NAN 0 0
 676.869862012397 -NAN 0 0
 679.044687091 -NAN 0 0
 681.220047128343 -NAN 0 0
 683.395948081664 -NAN 0 0
 685.572395908201 -NAN 0 0
 687.749396565192 -NAN 0 0
 689.926956009875 -NAN 0 0
 692.105080199488 -NAN 0 0
 694.283775091269 -NAN 0 0
 696.463046642456 -NAN 0 0
 698.642900810287 -NAN 0 0
 700.823343552 -NAN 0 0
 703.004380824833 -NAN 0 0
 705.186018586024 -NAN 0 0
 707.368262792811 -NAN 0 0
 709.551119402432 -NAN 0 0
 711.734594372125 -NAN 0 0
 713.918693659128 -NAN 0 0
 716.103423220679 -NAN 0 0
 718.288789014016 -NAN 0 0
 720.474796996377 -NAN 0 0
 722.661453125 -NAN 0 0
 724.848763357123 -NAN 0 0
 727.036733649984 -NAN 0 0
 729.225369960821 -NAN 0 0
 731.414678246872 -NAN 0 0
 733.604664465375 -NAN 0 0
 735.795334573568 -NAN 0 0
[END] of [DATA]
[END] of Spectrum


[Spectrum]
Version            = 1
IDData             = 12ad_2026-06-09_16-56-30_000_277
IDDevice           = SAM_82E6
IDDataType         = SPECTRUM
IDDataTypeSub1     = CALIBRATED
IDDataTypeSub2     = 
IDDataTypeSub3     = 
DateTime           = 2026-06-09 16:56:30
PositionLatitude   = 0
PositionLongitude  = 0
Comment            = 20260609_FrameA
CommentSub1        = UV
CommentSub2        = centre
CommentSub3        = 33.5cm
IDMethodType       = SAM Control
MethodName         = SAM_82E6
Mission            = No Mission
MissionSub         = 1
RecordType         = 0
[Attributes]
CalFactor = 1
IDBasisSpec = 
IDDataBack = DLAB_2024-11-11_10-40-48_641_639
IDDataCal = DLAB_2024-11-12_11-45-27_171_455
IntegrationTime = 128
P31 = -1
P31e = 0
PathLength = +INF
PathLengthCustomOn = 0
RAWDynamic = 65535
Salinity = 0
Temperature = -NAN
Unit1 = $01 $01 Wavelength nm
Unit2 = $03 $06 Intensity mW/(m^2 nm)
Unit3 = $f0 $06 Error mW/(m^2 nm)
Unit4 = $f1 $00 Status 
p999 = 8031
[END] of [Attributes]
[DATA]
 0 6 0 0
 185.260577530984 -NAN 0 0
 187.468128380571 -NAN 0 0
 189.674861895872 -NAN 0 0
 191.880784034125 -NAN 0 0
 194.085900752568 -NAN 0 0
 196.290218008439 -NAN 0 0
 198.493741758976 -NAN 0 0
 200.696477961417 -NAN 0 0
 202.898432573 -NAN 0 0
 205.099611550963 -NAN 0 0
 207.300020852544 -NAN 0 0
 209.499666434981 -NAN 0 0
 211.698554255512 -NAN 0 0
 213.896690271375 -NAN 0 0
 216.094080439808 -NAN 0 0
 218.290730718049 -NAN 0 0
 220.486647063336 -NAN 0 0
 222.681835432907 -NAN 0 0
 224.876301784 -NAN 0 0
 227.070052073853 -NAN 0 0
 229.263092259704 -NAN 0 0
 231.455428298791 -NAN 0 0
 233.647066148352 -NAN 0 0
 235.838011765625 -NAN 0 0
 238.028271107848 -NAN 0 0
 240.217850132259 -NAN 0 0
 242.406754796096 -NAN 0 0
 244.594991056597 -NAN 0 0
 246.782564871 -NAN 0 0
 248.969482196543 -NAN 0 0
 251.155748990464 -NAN 0 0
 253.341371210001 -NAN 0 0
 255.526354812392 -NAN 0 0
 257.710705754875 -NAN 0 0
 259.894429994688 -NAN 0 0
 262.077533489069 -NAN 0 0
 264.260022195256 -NAN 0 0
 266.441902070487 -NAN 0 0
 268.623179072 -NAN 0 0
 270.803859157033 -NAN 0 0
 272.983948282824 -NAN 0 0
 275.163452406611 -NAN 0 0
 277.342377485632 -NAN 0 0
 279.520729477125 5.72141444923695 0 0
 281.698514338328 7.25931292334737 0 0
 283.875738026479 16.3292119981162 0 0
 286.052406498816 19.9164441269766 0 0
 288.228525712577 26.1449213058954 0 0
 290.404101625 42.2232922737576 0 0
 292.579140193323 51.5482781553079 0 0
 294.753647374784 66.107848088817 0 0
 296.927629126621 83.2135463909601 0 0
 299.101091406072 93.2411145308451 0 0
 301.274040170375 107.24135397683 0 0
 303.446481376768 118.367289199825 0 0
 305.618420982489 123.581681117825 0 0
 307.789864944776 128.040398375356 0 0
 309.960819220867 137.992596846044 0 0
 312.131289768 141.252481031105 0 0
 314.301282543413 134.966529460837 0 0
 316.470803504344 126.389730385588 0 0
 318.639858608031 112.822745463555 0 0
 320.808453811712 102.886795274184 0 0
 322.976595072625 100.74007513906 0 0
 325.144288348008 88.266936021019 0 0
 327.311539595099 79.4906621538296 0 0
 329.478354771136 76.3884885662062 0 0
 331.644739833357 64.6068237040616 0 0
 333.810700739 58.282730497873 0 0
 335.976243445303 55.7639658839063 0 0
 338.141373909504 44.5841782711228 0 0
 340.306098088841 38.9824641232427 0 0
 342.470421940552 37.8104404397367 0 0
 344.634351421875 29.3130370184425 0 0
 346.797892490048 25.8498455643048 0 0
 348.961051102309 25.3260374393716 0 0
 351.123833215896 18.8284107058549 0 0
 353.286244788047 16.5649926712784 0 0
 355.448291776 17.0407334888328 0 0
 357.609980136993 11.8817040592052 0 0
 359.771315828264 12.1330514860037 0 0
 361.932304807051 19.7179977013508 0 0
 364.092953030592 22.8739936972348 0 0
 366.253266456125 22.7178840795877 0 0
 368.413251040888 16.1042072658668 0 0
 370.572912742119 5.84024969548035 0 0
 372.732257517056 4.65679252282206 0 0
 374.891291322937 6.5850942235589 0 0
 377.050020117 1.5868696515849 0 0
 379.208449856483 2.67522900320057 0 0
 381.366586498624 5.16166080530639 0 0
 383.524436000661 0.345105201029207 0 0
 385.682004319832 1.93072490645592 0 0
 387.839297413375 4.27745002285776 0 0
 389.996321238528 -0.387449283252372 0 0
 392.153081752529 1.5514236868729 0 0
 394.309584912616 3.70481941283106 0 0
 396.465836676027 -0.564998548612903 0 0
 398.621843 2.65964315295968 0 0
 400.777609841773 9.81680758792164 0 0
 402.933143158584 15.6348054676254 0 0
 405.088448907671 20.7250042571761 0 0
 407.243533046272 16.5467698194659 0 0
 409.398401531625 5.47899863661724 0 0
 411.553060320968 5.2203926663645 0 0
 413.707515371539 6.75893332375293 0 0
 415.861772640576 5.27182323093398 0 0
 418.015838085317 10.1844857521052 0 0
 420.169717663 15.0671537128355 0 0
 422.323417330863 17.8143488275453 0 0
 424.476943046144 27.4767422324844 0 0
 426.630300766081 38.7572382948644 0 0
 428.783496447912 51.2226507493309 0 0
 430.936536048875 78.3566506113604 0 0
 433.089425526208 128.956619053882 0 0
 435.242170837149 179.518612789339 0 0
 437.394777938936 215.915549527144 0 0
 439.547252788807 241.153056139496 0 0
 441.699601344 293.652439408966 0 0
 443.851829561753 371.794627939313 0 0
 446.003943399304 449.070153879154 0 0
 448.155948813891 501.142095150813 0 0
 450.307851762752 519.598988140765 0 0
 452.459658203125 494.206300300955 0 0
 454.611374092248 438.137301417026 0 0
 456.763005387359 378.718259890483 0 0
 458.914558045696 321.246047136992 0 0
 461.066038024497 272.245187492221 0 0
 463.217451281 239.060951799723 0 0
 465.368803772443 208.320123555586 0 0
 467.520101456064 177.792223860911 0 0
 469.671350289101 155.408195594975 0 0
 471.822556228792 132.663804023255 0 0
 473.973725232375 111.762144998209 0 0
 476.124863257088 101.857951982559 0 0
 478.275976260169 92.1776738531443 0 0
 480.427070198856 83.7442451350844 0 0
 482.578151030387 84.1735859502445 0 0
 484.729224712 81.9101675452177 0 0
 486.880297200933 79.0944831207474 0 0
 489.031374454424 83.8088752550979 0 0
 491.182462429711 84.9687251079721 0 0
 493.333567084032 85.3860678168161 0 0
 495.484694374625 92.6869073710954 0 0
 497.635850258728 95.7936397862903 0 0
 499.787040693579 97.7101241416673 0 0
 501.938271636416 105.445732479867 0 0
 504.089549044477 -NAN 0 0
 506.240878875 -NAN 0 0
 508.392267085223 -NAN 0 0
 510.543719632384 -NAN 0 0
 512.695242473721 -NAN 0 0
 514.846841566472 -NAN 0 0
 516.998522867875 -NAN 0 0
 519.150292335168 -NAN 0 0
 521.302155925589 -NAN 0 0
 523.454119596376 -NAN 0 0
 525.606189304767 -NAN 0 0
 527.758371008 -NAN 0 0
 529.910670663313 -NAN 0 0
 532.063094227944 -NAN 0 0
 534.215647659131 -NAN 0 0
 536.368336914112 -NAN 0 0
 538.521167950125 -NAN 0 0
 540.674146724408 -NAN 0 0
 542.827279194199 -NAN 0 0
 544.980571316736 -NAN 0 0
 547.134029049257 -NAN 0 0
 549.287658349 -NAN 0 0
 551.441465173203 -NAN 0 0
 553.595455479104 -NAN 0 0
 555.749635223941 -NAN 0 0
 557.904010364952 -NAN 0 0
 560.058586859375 -NAN 0 0
 562.213370664448 -NAN 0 0
 564.368367737409 -NAN 0 0
 566.523584035496 -NAN 0 0
 568.679025515947 -NAN 0 0
 570.834698136 -NAN 0 0
 572.990607852893 -NAN 0 0
 575.146760623864 -NAN 0 0
 577.303162406151 -NAN 0 0
 579.459819156992 -NAN 0 0
 581.616736833625 -NAN 0 0
 583.773921393288 -NAN 0 0
 585.931378793219 -NAN 0 0
 588.089114990656 -NAN 0 0
 590.247135942837 -NAN 0 0
 592.405447607 -NAN 0 0
 594.564055940383 -NAN 0 0
 596.722966900224 -NAN 0 0
 598.882186443761 -NAN 0 0
 601.041720528232 -NAN 0 0
 603.201575110875 -NAN 0 0
 605.361756148928 -NAN 0 0
 607.522269599629 -NAN 0 0
 609.683121420216 -NAN 0 0
 611.844317567927 -NAN 0 0
 614.005864 -NAN 0 0
 616.167766673673 -NAN 0 0
 618.330031546184 -NAN 0 0
 620.492664574771 -NAN 0 0
 622.655671716672 -NAN 0 0
 624.819058929125 -NAN 0 0
 626.982832169368 -NAN 0 0
 629.146997394639 -NAN 0 0
 631.311560562176 -NAN 0 0
 633.476527629217 -NAN 0 0
 635.641904553 -NAN 0 0
 637.807697290763 -NAN 0 0
 639.973911799744 -NAN 0 0
 642.140554037181 -NAN 0 0
 644.307629960312 -NAN 0 0
 646.475145526375 -NAN 0 0
 648.643106692608 -NAN 0 0
 650.811519416249 -NAN 0 0
 652.980389654536 -NAN 0 0
 655.149723364707 -NAN 0 0
 657.319526504 -NAN 0 0
 659.489805029653 -NAN 0 0
 661.660564898904 -NAN 0 0
 663.831812068991 -NAN 0 0
 666.003552497152 -NAN 0 0
 668.175792140625 -NAN 0 0
 670.348536956648 -NAN 0 0
 672.521792902459 -NAN 0 0
 674.695565935296 -NAN 0 0
 676.869862012397 -NAN 0 0
 679.044687091 -NAN 0 0
 681.220047128343 -NAN 0 0
 683.395948081664 -NAN 0 0
 685.572395908201 -NAN 0 0
 687.749396565192 -NAN 0 0
 689.926956009875 -NAN 0 0
 692.105080199488 -NAN 0 0
 694.283775091269 -NAN 0 0
 696.463046642456 -NAN 0 0
 698.642900810287 -NAN 0 0
 700.823343552 -NAN 0 0
 703.004380824833 -NAN 0 0
 705.186018586024 -NAN 0 0
 707.368262792811 -NAN 0 0
 709.551119402432 -NAN 0 0
 711.734594372125 -NAN 0 0
 713.918693659128 -NAN 0 0
 716.103423220679 -NAN 0 0
 718.288789014016 -NAN 0 0
 720.474796996377 -NAN 0 0
 722.661453125 -NAN 0 0
 724.848763357123 -NAN 0 0
 727.036733649984 -NAN 0 0
 729.225369960821 -NAN 0 0
 731.414678246872 -NAN 0 0
 733.604664465375 -NAN 0 0
 735.795334573568 -NAN 0 0
[END] of [DATA]
[END] of Spectrum


[Spectrum]
Version            = 1
IDData             = 12ad_2026-06-09_16-56-25_000_274
IDDevice           = SAM_82E6
IDDataType         = SPECTRUM
IDDataTypeSub1     = CALIBRATED
IDDataTypeSub2     = 
IDDataTypeSub3     = 
DateTime           = 2026-06-09 16:56:25
PositionLatitude   = 0
PositionLongitude  = 0
Comment            = 20260609_FrameA
CommentSub1        = UV
CommentSub2        = centre
CommentSub3        = 33.5cm
IDMethodType       = SAM Control
MethodName         = SAM_82E6
Mission            = No Mission
MissionSub         = 1
RecordType         = 0
[Attributes]
CalFactor = 1
IDBasisSpec = 
IDDataBack = DLAB_2024-11-11_10-40-48_641_639
IDDataCal = DLAB_2024-11-12_11-45-27_171_455
IntegrationTime = 128
P31 = -1
P31e = 0
PathLength = +INF
PathLengthCustomOn = 0
RAWDynamic = 65535
Salinity = 0
Temperature = -NAN
Unit1 = $01 $01 Wavelength nm
Unit2 = $03 $06 Intensity mW/(m^2 nm)
Unit3 = $f0 $06 Error mW/(m^2 nm)
Unit4 = $f1 $00 Status 
p999 = 8030
[END] of [Attributes]
[DATA]
 0 6 0 0
 185.260577530984 -NAN 0 0
 187.468128380571 -NAN 0 0
 189.674861895872 -NAN 0 0
 191.880784034125 -NAN 0 0
 194.085900752568 -NAN 0 0
 196.290218008439 -NAN 0 0
 198.493741758976 -NAN 0 0
 200.696477961417 -NAN 0 0
 202.898432573 -NAN 0 0
 205.099611550963 -NAN 0 0
 207.300020852544 -NAN 0 0
 209.499666434981 -NAN 0 0
 211.698554255512 -NAN 0 0
 213.896690271375 -NAN 0 0
 216.094080439808 -NAN 0 0
 218.290730718049 -NAN 0 0
 220.486647063336 -NAN 0 0
 222.681835432907 -NAN 0 0
 224.876301784 -NAN 0 0
 227.070052073853 -NAN 0 0
 229.263092259704 -NAN 0 0
 231.455428298791 -NAN 0 0
 233.647066148352 -NAN 0 0
 235.838011765625 -NAN 0 0
 238.028271107848 -NAN 0 0
 240.217850132259 -NAN 0 0
 242.406754796096 -NAN 0 0
 244.594991056597 -NAN 0 0
 246.782564871 -NAN 0 0
 248.969482196543 -NAN 0 0
 251.155748990464 -NAN 0 0
 253.341371210001 -NAN 0 0
 255.526354812392 -NAN 0 0
 257.710705754875 -NAN 0 0
 259.894429994688 -NAN 0 0
 262.077533489069 -NAN 0 0
 264.260022195256 -NAN 0 0
 266.441902070487 -NAN 0 0
 268.623179072 -NAN 0 0
 270.803859157033 -NAN 0 0
 272.983948282824 -NAN 0 0
 275.163452406611 -NAN 0 0
 277.342377485632 -NAN 0 0
 279.520729477125 3.54459546346196 0 0
 281.698514338328 8.03331790473425 0 0
 283.875738026479 15.2842267762984 0 0
 286.052406498816 16.8297622351627 0 0
 288.228525712577 26.65782809827 0 0
 290.404101625 40.4143778582978 0 0
 292.579140193323 48.1709630416209 0 0
 294.753647374784 65.5138131953628 0 0
 296.927629126621 80.5142767779815 0 0
 299.101091406072 89.4418986641059 0 0
 301.274040170375 105.923194724343 0 0
 303.446481376768 114.98369087647 0 0
 305.618420982489 119.282126488476 0 0
 307.789864944776 126.248918531908 0 0
 309.960819220867 134.099908346108 0 0
 312.131289768 136.40939895655 0 0
 314.301282543413 133.268837529013 0 0
 316.470803504344 122.318828917592 0 0
 318.639858608031 108.420552062694 0 0
 320.808453811712 102.02157808675 0 0
 322.976595072625 97.1176471747777 0 0
 325.144288348008 84.236135295849 0 0
 327.311539595099 79.3557908112962 0 0
 329.478354771136 73.0655514133836 0 0
 331.644739833357 61.1662274481181 0 0
 333.810700739 58.6794283832553 0 0
 335.976243445303 52.8304753652944 0 0
 338.141373909504 41.5984122117187 0 0
 340.306098088841 39.7859773798119 0 0
 342.470421940552 35.3801031479344 0 0
 344.634351421875 27.137479165207 0 0
 346.797892490048 26.6301995636992 0 0
 348.961051102309 23.2835896374764 0 0
 351.123833215896 17.0530202321063 0 0
 353.286244788047 17.62270007209 0 0
 355.448291776 15.3347213297969 0 0
 357.609980136993 10.4339500584248 0 0
 359.771315828264 13.2731891095784 0 0
 361.932304807051 18.0555518656283 0 0
 364.092953030592 21.4694955274507 0 0
 366.253266456125 23.9767950628316 0 0
 368.413251040888 14.3124273139474 0 0
 370.572912742119 4.6395202970572 0 0
 372.732257517056 6.22742102346946 0 0
 374.891291322937 4.93677720456986 0 0
 377.050020117 0.615747404130495 0 0
 379.208449856483 4.58686872510924 0 0
 381.366586498624 3.3272419868086 0 0
 383.524436000661 -0.501949059386669 0 0
 385.682004319832 3.77125372412557 0 0
 387.839297413375 2.76990205621071 0 0
 389.996321238528 -0.997066974628641 0 0
 392.153081752529 3.37198809942497 0 0
 394.309584912616 2.05754619598063 0 0
 396.465836676027 -0.905999036746296 0 0
 398.621843 4.23328636563102 0 0
 400.777609841773 8.15216439788405 0 0
 402.933143158584 14.6513678785488 0 0
 405.088448907671 22.005048614571 0 0
 407.243533046272 15.0902768484007 0 0
 409.398401531625 5.22920742181488 0 0
 411.553060320968 6.44908863899213 0 0
 413.707515371539 5.59221899549513 0 0
 415.861772640576 5.23304011730096 0 0
 418.015838085317 11.4387729142445 0 0
 420.169717663 14.009499740825 0 0
 422.323417330863 17.8949190103801 0 0
 424.476943046144 28.6093723229338 0 0
 426.630300766081 37.6834307126819 0 0
 428.783496447912 51.4485663068392 0 0
 430.936536048875 79.1411165690868 0 0
 433.089425526208 127.235391235191 0 0
 435.242170837149 178.38053049337 0 0
 437.394777938936 215.611814334988 0 0
 439.547252788807 239.739259077998 0 0
 441.699601344 293.902312109592 0 0
 443.851829561753 372.59148966151 0 0
 446.003943399304 447.89803407242 0 0
 448.155948813891 501.70890676706 0 0
 450.307851762752 520.619840865153 0 0
 452.459658203125 493.204033102692 0 0
 454.611374092248 438.631797776319 0 0
 456.763005387359 379.48949978645 0 0
 458.914558045696 320.076354759514 0 0
 461.066038024497 273.105128601731 0 0
 463.217451281 240.031045756712 0 0
 465.368803772443 206.950028310143 0 0
 467.520101456064 178.426268379331 0 0
 469.671350289101 156.360794708296 0 0
 471.822556228792 131.46141974922 0 0
 473.973725232375 112.433811813922 0 0
 476.124863257088 102.672798419588 0 0
 478.275976260169 90.8752935972585 0 0
 480.427070198856 84.423696763162 0 0
 482.578151030387 84.874526510931 0 0
 484.729224712 80.278472492198 0 0
 486.880297200933 79.6358875558157 0 0
 489.031374454424 84.330296725411 0 0
 491.182462429711 83.3984181589219 0 0
 493.333567084032 86.1253199516333 0 0
 495.484694374625 93.242536654684 0 0
 497.635850258728 94.1523313952117 0 0
 499.787040693579 98.4515743936446 0 0
 501.938271636416 105.772905545363 0 0
 504.089549044477 -NAN 0 0
 506.240878875 -NAN 0 0
 508.392267085223 -NAN 0 0
 510.543719632384 -NAN 0 0
 512.695242473721 -NAN 0 0
 514.846841566472 -NAN 0 0
 516.998522867875 -NAN 0 0
 519.150292335168 -NAN 0 0
 521.302155925589 -NAN 0 0
 523.454119596376 -NAN 0 0
 525.606189304767 -NAN 0 0
 527.758371008 -NAN 0 0
 529.910670663313 -NAN 0 0
 532.063094227944 -NAN 0 0
 534.215647659131 -NAN 0 0
 536.368336914112 -NAN 0 0
 538.521167950125 -NAN 0 0
 540.674146724408 -NAN 0 0
 542.827279194199 -NAN 0 0
 544.980571316736 -NAN 0 0
 547.134029049257 -NAN 0 0
 549.287658349 -NAN 0 0
 551.441465173203 -NAN 0 0
 553.595455479104 -NAN 0 0
 555.749635223941 -NAN 0 0
 557.904010364952 -NAN 0 0
 560.058586859375 -NAN 0 0
 562.213370664448 -NAN 0 0
 564.368367737409 -NAN 0 0
 566.523584035496 -NAN 0 0
 568.679025515947 -NAN 0 0
 570.834698136 -NAN 0 0
 572.990607852893 -NAN 0 0
 575.146760623864 -NAN 0 0
 577.303162406151 -NAN 0 0
 579.459819156992 -NAN 0 0
 581.616736833625 -NAN 0 0
 583.773921393288 -NAN 0 0
 585.931378793219 -NAN 0 0
 588.089114990656 -NAN 0 0
 590.247135942837 -NAN 0 0
 592.405447607 -NAN 0 0
 594.564055940383 -NAN 0 0
 596.722966900224 -NAN 0 0
 598.882186443761 -NAN 0 0
 601.041720528232 -NAN 0 0
 603.201575110875 -NAN 0 0
 605.361756148928 -NAN 0 0
 607.522269599629 -NAN 0 0
 609.683121420216 -NAN 0 0
 611.844317567927 -NAN 0 0
 614.005864 -NAN 0 0
 616.167766673673 -NAN 0 0
 618.330031546184 -NAN 0 0
 620.492664574771 -NAN 0 0
 622.655671716672 -NAN 0 0
 624.819058929125 -NAN 0 0
 626.982832169368 -NAN 0 0
 629.146997394639 -NAN 0 0
 631.311560562176 -NAN 0 0
 633.476527629217 -NAN 0 0
 635.641904553 -NAN 0 0
 637.807697290763 -NAN 0 0
 639.973911799744 -NAN 0 0
 642.140554037181 -NAN 0 0
 644.307629960312 -NAN 0 0
 646.475145526375 -NAN 0 0
 648.643106692608 -NAN 0 0
 650.811519416249 -NAN 0 0
 652.980389654536 -NAN 0 0
 655.149723364707 -NAN 0 0
 657.319526504 -NAN 0 0
 659.489805029653 -NAN 0 0
 661.660564898904 -NAN 0 0
 663.831812068991 -NAN 0 0
 666.003552497152 -NAN 0 0
 668.175792140625 -NAN 0 0
 670.348536956648 -NAN 0 0
 672.521792902459 -NAN 0 0
 674.695565935296 -NAN 0 0
 676.869862012397 -NAN 0 0
 679.044687091 -NAN 0 0
 681.220047128343 -NAN 0 0
 683.395948081664 -NAN 0 0
 685.572395908201 -NAN 0 0
 687.749396565192 -NAN 0 0
 689.926956009875 -NAN 0 0
 692.105080199488 -NAN 0 0
 694.283775091269 -NAN 0 0
 696.463046642456 -NAN 0 0
 698.642900810287 -NAN 0 0
 700.823343552 -NAN 0 0
 703.004380824833 -NAN 0 0
 705.186018586024 -NAN 0 0
 707.368262792811 -NAN 0 0
 709.551119402432 -NAN 0 0
 711.734594372125 -NAN 0 0
 713.918693659128 -NAN 0 0
 716.103423220679 -NAN 0 0
 718.288789014016 -NAN 0 0
 720.474796996377 -NAN 0 0
 722.661453125 -NAN 0 0
 724.848763357123 -NAN 0 0
 727.036733649984 -NAN 0 0
 729.225369960821 -NAN 0 0
 731.414678246872 -NAN 0 0
 733.604664465375 -NAN 0 0
 735.795334573568 -NAN 0 0
[END] of [DATA]
[END] of Spectrum


[Spectrum]
Version            = 1
IDData             = 12ad_2026-06-09_16-56-20_000_271
IDDevice           = SAM_82E6
IDDataType         = SPECTRUM
IDDataTypeSub1     = CALIBRATED
IDDataTypeSub2     = 
IDDataTypeSub3     = 
DateTime           = 2026-06-09 16:56:20
PositionLatitude   = 0
PositionLongitude  = 0
Comment            = 20260609_FrameA
CommentSub1        = UV
CommentSub2        = centre
CommentSub3        = 33.5cm
IDMethodType       = SAM Control
MethodName         = SAM_82E6
Mission            = No Mission
MissionSub         = 1
RecordType         = 0
[Attributes]
CalFactor = 1
IDBasisSpec = 
IDDataBack = DLAB_2024-11-11_10-40-48_641_639
IDDataCal = DLAB_2024-11-12_11-45-27_171_455
IntegrationTime = 128
P31 = -1
P31e = 0
PathLength = +INF
PathLengthCustomOn = 0
RAWDynamic = 65535
Salinity = 0
Temperature = -NAN
Unit1 = $01 $01 Wavelength nm
Unit2 = $03 $06 Intensity mW/(m^2 nm)
Unit3 = $f0 $06 Error mW/(m^2 nm)
Unit4 = $f1 $00 Status 
p999 = 8029
[END] of [Attributes]
[DATA]
 0 6 0 0
 185.260577530984 -NAN 0 0
 187.468128380571 -NAN 0 0
 189.674861895872 -NAN 0 0
 191.880784034125 -NAN 0 0
 194.085900752568 -NAN 0 0
 196.290218008439 -NAN 0 0
 198.493741758976 -NAN 0 0
 200.696477961417 -NAN 0 0
 202.898432573 -NAN 0 0
 205.099611550963 -NAN 0 0
 207.300020852544 -NAN 0 0
 209.499666434981 -NAN 0 0
 211.698554255512 -NAN 0 0
 213.896690271375 -NAN 0 0
 216.094080439808 -NAN 0 0
 218.290730718049 -NAN 0 0
 220.486647063336 -NAN 0 0
 222.681835432907 -NAN 0 0
 224.876301784 -NAN 0 0
 227.070052073853 -NAN 0 0
 229.263092259704 -NAN 0 0
 231.455428298791 -NAN 0 0
 233.647066148352 -NAN 0 0
 235.838011765625 -NAN 0 0
 238.028271107848 -NAN 0 0
 240.217850132259 -NAN 0 0
 242.406754796096 -NAN 0 0
 244.594991056597 -NAN 0 0
 246.782564871 -NAN 0 0
 248.969482196543 -NAN 0 0
 251.155748990464 -NAN 0 0
 253.341371210001 -NAN 0 0
 255.526354812392 -NAN 0 0
 257.710705754875 -NAN 0 0
 259.894429994688 -NAN 0 0
 262.077533489069 -NAN 0 0
 264.260022195256 -NAN 0 0
 266.441902070487 -NAN 0 0
 268.623179072 -NAN 0 0
 270.803859157033 -NAN 0 0
 272.983948282824 -NAN 0 0
 275.163452406611 -NAN 0 0
 277.342377485632 -NAN 0 0
 279.520729477125 3.73512939070657 0 0
 281.698514338328 10.5632159435579 0 0
 283.875738026479 13.5684740134489 0 0
 286.052406498816 16.9212302310161 0 0
 288.228525712577 29.2495833703528 0 0
 290.404101625 37.6006725577233 0 0
 292.579140193323 47.3717403081231 0 0
 294.753647374784 67.0536501887636 0 0
 296.927629126621 76.9605347052029 0 0
 299.101091406072 87.8866989445029 0 0
 301.274040170375 105.996296865986 0 0
 303.446481376768 110.983006351471 0 0
 305.618420982489 116.930169016143 0 0
 307.789864944776 125.488929171113 0 0
 309.960819220867 129.460454784136 0 0
 312.131289768 134.090255797707 0 0
 314.301282543413 132.442084814268 0 0
 316.470803504344 117.953483495877 0 0
 318.639858608031 107.112243854431 0 0
 320.808453811712 102.273156622789 0 0
 322.976595072625 92.9031997334131 0 0
 325.144288348008 83.8853170378919 0 0
 327.311539595099 80.2925602447619 0 0
 329.478354771136 69.3573677419482 0 0
 331.644739833357 61.259496623731 0 0
 333.810700739 60.0515886062009 0 0
 335.976243445303 49.5466522327156 0 0
 338.141373909504 42.3441515238276 0 0
 340.306098088841 40.9953191223849 0 0
 342.470421940552 32.728468979885 0 0
 344.634351421875 28.0542315785068 0 0
 346.797892490048 28.0761496214008 0 0
 348.961051102309 20.9832336476861 0 0
 351.123833215896 18.151165285541 0 0
 353.286244788047 18.8690501330463 0 0
 355.448291776 13.3694727708065 0 0
 357.609980136993 11.7735508387327 0 0
 359.771315828264 14.4638800051418 0 0
 361.932304807051 16.00988700965 0 0
 364.092953030592 22.9428637843384 0 0
 366.253266456125 25.017323528574 0 0
 368.413251040888 12.1630187518682 0 0
 370.572912742119 6.39163066400311 0 0
 372.732257517056 7.55410639320236 0 0
 374.891291322937 2.79504065379536 0 0
 377.050020117 2.8380172061888 0 0
 379.208449856483 5.90934276405777 0 0
 381.366586498624 0.999593455170792 0 0
 383.524436000661 1.81323783695136 0 0
 385.682004319832 4.98736820566155 0 0
 387.839297413375 0.308801663291614 0 0
 389.996321238528 1.41752475688243 0 0
 392.153081752529 4.45849872063554 0 0
 394.309584912616 -0.163818100583404 0 0
 396.465836676027 1.32929943861631 0 0
 398.621843 5.033376464485 0 0
 400.777609841773 5.77614634460383 0 0
 402.933143158584 16.2824041892982 0 0
 405.088448907671 21.8392079348702 0 0
 407.243533046272 12.6845686376283 0 0
 409.398401531625 7.24014128409998 0 0
 411.553060320968 6.81637388036107 0 0
 413.707515371539 3.63532087219001 0 0
 415.861772640576 7.06094949932019 0 0
 418.015838085317 11.5007008854159 0 0
 420.169717663 12.3832858071166 0 0
 422.323417330863 19.5347053451189 0 0
 424.476943046144 28.5694284717816 0 0
 426.630300766081 36.3549822649496 0 0
 428.783496447912 53.0038431859542 0 0
 430.936536048875 78.8667182876552 0 0
 433.089425526208 124.881859123746 0 0
 435.242170837149 178.430881044386 0 0
 437.394777938936 214.108325133817 0 0
 439.547252788807 237.955836583374 0 0
 441.699601344 295.330038691785 0 0
 443.851829561753 372.267555326962 0 0
 446.003943399304 446.565924189877 0 0
 448.155948813891 503.627818539089 0 0
 450.307851762752 520.319537016018 0 0
 452.459658203125 491.911830938572 0 0
 454.611374092248 440.643066622291 0 0
 456.763005387359 378.883246653038 0 0
 458.914558045696 318.594278666891 0 0
 461.066038024497 275.095016026937 0 0
 463.217451281 239.367351925325 0 0
 465.368803772443 205.515544921424 0 0
 467.520101456064 180.710756483706 0 0
 469.671350289101 155.454743051649 0 0
 471.822556228792 129.818525600244 0 0
 473.973725232375 114.802263159167 0 0
 476.124863257088 101.447207379112 0 0
 478.275976260169 89.2250933583588 0 0
 480.427070198856 87.0802412434326 0 0
 482.578151030387 83.6992233096526 0 0
 484.729224712 78.9809396452419 0 0
 486.880297200933 82.3440283353623 0 0
 489.031374454424 83.1520632313344 0 0
 491.182462429711 82.0816387187155 0 0
 493.333567084032 88.7004557766819 0 0
 495.484694374625 91.9575055824801 0 0
 497.635850258728 93.1747874269957 0 0
 499.787040693579 101.103183139352 0 0
 501.938271636416 104.639638315208 0 0
 504.089549044477 -NAN 0 0
 506.240878875 -NAN 0 0
 508.392267085223 -NAN 0 0
 510.543719632384 -NAN 0 0
 512.695242473721 -NAN 0 0
 514.846841566472 -NAN 0 0
 516.998522867875 -NAN 0 0
 519.150292335168 -NAN 0 0
 521.302155925589 -NAN 0 0
 523.454119596376 -NAN 0 0
 525.606189304767 -NAN 0 0
 527.758371008 -NAN 0 0
 529.910670663313 -NAN 0 0
 532.063094227944 -NAN 0 0
 534.215647659131 -NAN 0 0
 536.368336914112 -NAN 0 0
 538.521167950125 -NAN 0 0
 540.674146724408 -NAN 0 0
 542.827279194199 -NAN 0 0
 544.980571316736 -NAN 0 0
 547.134029049257 -NAN 0 0
 549.287658349 -NAN 0 0
 551.441465173203 -NAN 0 0
 553.595455479104 -NAN 0 0
 555.749635223941 -NAN 0 0
 557.904010364952 -NAN 0 0
 560.058586859375 -NAN 0 0
 562.213370664448 -NAN 0 0
 564.368367737409 -NAN 0 0
 566.523584035496 -NAN 0 0
 568.679025515947 -NAN 0 0
 570.834698136 -NAN 0 0
 572.990607852893 -NAN 0 0
 575.146760623864 -NAN 0 0
 577.303162406151 -NAN 0 0
 579.459819156992 -NAN 0 0
 581.616736833625 -NAN 0 0
 583.773921393288 -NAN 0 0
 585.931378793219 -NAN 0 0
 588.089114990656 -NAN 0 0
 590.247135942837 -NAN 0 0
 592.405447607 -NAN 0 0
 594.564055940383 -NAN 0 0
 596.722966900224 -NAN 0 0
 598.882186443761 -NAN 0 0
 601.041720528232 -NAN 0 0
 603.201575110875 -NAN 0 0
 605.361756148928 -NAN 0 0
 607.522269599629 -NAN 0 0
 609.683121420216 -NAN 0 0
 611.844317567927 -NAN 0 0
 614.005864 -NAN 0 0
 616.167766673673 -NAN 0 0
 618.330031546184 -NAN 0 0
 620.492664574771 -NAN 0 0
 622.655671716672 -NAN 0 0
 624.819058929125 -NAN 0 0
 626.982832169368 -NAN 0 0
 629.146997394639 -NAN 0 0
 631.311560562176 -NAN 0 0
 633.476527629217 -NAN 0 0
 635.641904553 -NAN 0 0
 637.807697290763 -NAN 0 0
 639.973911799744 -NAN 0 0
 642.140554037181 -NAN 0 0
 644.307629960312 -NAN 0 0
 646.475145526375 -NAN 0 0
 648.643106692608 -NAN 0 0
 650.811519416249 -NAN 0 0
 652.980389654536 -NAN 0 0
 655.149723364707 -NAN 0 0
 657.319526504 -NAN 0 0
 659.489805029653 -NAN 0 0
 661.660564898904 -NAN 0 0
 663.831812068991 -NAN 0 0
 666.003552497152 -NAN 0 0
 668.175792140625 -NAN 0 0
 670.348536956648 -NAN 0 0
 672.521792902459 -NAN 0 0
 674.695565935296 -NAN 0 0
 676.869862012397 -NAN 0 0
 679.044687091 -NAN 0 0
 681.220047128343 -NAN 0 0
 683.395948081664 -NAN 0 0
 685.572395908201 -NAN 0 0
 687.749396565192 -NAN 0 0
 689.926956009875 -NAN 0 0
 692.105080199488 -NAN 0 0
 694.283775091269 -NAN 0 0
 696.463046642456 -NAN 0 0
 698.642900810287 -NAN 0 0
 700.823343552 -NAN 0 0
 703.004380824833 -NAN 0 0
 705.186018586024 -NAN 0 0
 707.368262792811 -NAN 0 0
 709.551119402432 -NAN 0 0
 711.734594372125 -NAN 0 0
 713.918693659128 -NAN 0 0
 716.103423220679 -NAN 0 0
 718.288789014016 -NAN 0 0
 720.474796996377 -NAN 0 0
 722.661453125 -NAN 0 0
 724.848763357123 -NAN 0 0
 727.036733649984 -NAN 0 0
 729.225369960821 -NAN 0 0
 731.414678246872 -NAN 0 0
 733.604664465375 -NAN 0 0
 735.795334573568 -NAN 0 0
[END] of [DATA]
[END] of Spectrum


[Spectrum]
Version            = 1
IDData             = 12ad_2026-06-09_16-56-15_000_268
IDDevice           = SAM_82E6
IDDataType         = SPECTRUM
IDDataTypeSub1     = CALIBRATED
IDDataTypeSub2     = 
IDDataTypeSub3     = 
DateTime           = 2026-06-09 16:56:15
PositionLatitude   = 0
PositionLongitude  = 0
Comment            = 20260609_FrameA
CommentSub1        = UV
CommentSub2        = centre
CommentSub3        = 33.5cm
IDMethodType       = SAM Control
MethodName         = SAM_82E6
Mission            = No Mission
MissionSub         = 1
RecordType         = 0
[Attributes]
CalFactor = 1
IDBasisSpec = 
IDDataBack = DLAB_2024-11-11_10-40-48_641_639
IDDataCal = DLAB_2024-11-12_11-45-27_171_455
IntegrationTime = 128
P31 = -1
P31e = 0
PathLength = +INF
PathLengthCustomOn = 0
RAWDynamic = 65535
Salinity = 0
Temperature = -NAN
Unit1 = $01 $01 Wavelength nm
Unit2 = $03 $06 Intensity mW/(m^2 nm)
Unit3 = $f0 $06 Error mW/(m^2 nm)
Unit4 = $f1 $00 Status 
p999 = 8028
[END] of [Attributes]
[DATA]
 0 6 0 0
 185.260577530984 -NAN 0 0
 187.468128380571 -NAN 0 0
 189.674861895872 -NAN 0 0
 191.880784034125 -NAN 0 0
 194.085900752568 -NAN 0 0
 196.290218008439 -NAN 0 0
 198.493741758976 -NAN 0 0
 200.696477961417 -NAN 0 0
 202.898432573 -NAN 0 0
 205.099611550963 -NAN 0 0
 207.300020852544 -NAN 0 0
 209.499666434981 -NAN 0 0
 211.698554255512 -NAN 0 0
 213.896690271375 -NAN 0 0
 216.094080439808 -NAN 0 0
 218.290730718049 -NAN 0 0
 220.486647063336 -NAN 0 0
 222.681835432907 -NAN 0 0
 224.876301784 -NAN 0 0
 227.070052073853 -NAN 0 0
 229.263092259704 -NAN 0 0
 231.455428298791 -NAN 0 0
 233.647066148352 -NAN 0 0
 235.838011765625 -NAN 0 0
 238.028271107848 -NAN 0 0
 240.217850132259 -NAN 0 0
 242.406754796096 -NAN 0 0
 244.594991056597 -NAN 0 0
 246.782564871 -NAN 0 0
 248.969482196543 -NAN 0 0
 251.155748990464 -NAN 0 0
 253.341371210001 -NAN 0 0
 255.526354812392 -NAN 0 0
 257.710705754875 -NAN 0 0
 259.894429994688 -NAN 0 0
 262.077533489069 -NAN 0 0
 264.260022195256 -NAN 0 0
 266.441902070487 -NAN 0 0
 268.623179072 -NAN 0 0
 270.803859157033 -NAN 0 0
 272.983948282824 -NAN 0 0
 275.163452406611 -NAN 0 0
 277.342377485632 -NAN 0 0
 279.520729477125 6.95801699664802 0 0
 281.698514338328 5.63939371399208 0 0
 283.875738026479 12.571501626147 0 0
 286.052406498816 20.2605380161393 0 0
 288.228525712577 23.0545862468116 0 0
 290.404101625 36.5478960008158 0 0
 292.579140193323 49.8272006286752 0 0
 294.753647374784 59.8786941715128 0 0
 296.927629126621 75.2871399028013 0 0
 299.101091406072 88.5898160591127 0 0
 301.274040170375 98.8276455791333 0 0
 303.446481376768 108.521214672697 0 0
 305.618420982489 116.674217539959 0 0
 307.789864944776 118.019441613822 0 0
 309.960819220867 126.985647270295 0 0
 312.131289768 133.316082826682 0 0
 314.301282543413 124.546654528592 0 0
 316.470803504344 115.815404993778 0 0
 318.639858608031 107.083942201941 0 0
 320.808453811712 93.9537605897656 0 0
 322.976595072625 91.809158989542 0 0
 325.144288348008 84.2173672408966 0 0
 327.311539595099 71.9217410505694 0 0
 329.478354771136 69.1640007634939 0 0
 331.644739833357 62.5593432298921 0 0
 333.810700739 52.02585750716 0 0
 335.976243445303 50.2473174606496 0 0
 338.141373909504 43.5013816428065 0 0
 340.306098088841 34.2468935959282 0 0
 342.470421940552 33.7131746067359 0 0
 344.634351421875 29.2489020759483 0 0
 346.797892490048 21.9613633289319 0 0
 348.961051102309 22.3733934766091 0 0
 351.123833215896 19.1138612549129 0 0
 353.286244788047 13.7026401690822 0 0
 355.448291776 15.1077550211231 0 0
 357.609980136993 12.6944594486966 0 0
 359.771315828264 9.46448408591984 0 0
 361.932304807051 17.9029230867872 0 0
 364.092953030592 23.5480173365926 0 0
 366.253266456125 19.7574579733509 0 0
 368.413251040888 14.580345696474 0 0
 370.572912742119 7.49439260104863 0 0
 372.732257517056 2.07777878047993 0 0
 374.891291322937 5.74211317061752 0 0
 377.050020117 3.87535233415146 0 0
 379.208449856483 0.48789892608252 0 0
 381.366586498624 4.60624740340375 0 0
 383.524436000661 2.77967558373458 0 0
 385.682004319832 -0.446032167984559 0 0
 387.839297413375 4.10317521092394 0 0
 389.996321238528 2.1704166522227 0 0
 392.153081752529 -0.842229980545032 0 0
 394.309584912616 3.5370920902544 0 0
 396.465836676027 1.80723713064579 0 0
 398.621843 0.418594766617454 0 0
 400.777609841773 9.37593724306012 0 0
 402.933143158584 16.3457700133366 0 0
 405.088448907671 17.2128671959551 0 0
 407.243533046272 15.9088116420907 0 0
 409.398401531625 7.00868336946659 0 0
 411.553060320968 3.21852265710136 0 0
 413.707515371539 7.04849060703872 0 0
 415.861772640576 6.89152852923912 0 0
 418.015838085317 8.31190186192088 0 0
 420.169717663 15.5297590726862 0 0
 422.323417330863 19.2343983000076 0 0
 424.476943046144 25.8656735693451 0 0
 426.630300766081 39.2570249428417 0 0
 428.783496447912 52.4845745910844 0 0
 430.936536048875 76.3122598118656 0 0
 433.089425526208 127.049990872783 0 0
 435.242170837149 176.471205630261 0 0
 437.394777938936 210.594588542456 0 0
 439.547252788807 240.35476226095 0 0
 441.699601344 294.335479587321 0 0
 443.851829561753 370.06446703618 0 0
 446.003943399304 449.904326734311 0 0
 448.155948813891 502.424001917587 0 0
 450.307851762752 518.140755936404 0 0
 452.459658203125 495.309535266881 0 0
 454.611374092248 439.406825724058 0 0
 456.763005387359 376.559764434808 0 0
 458.914558045696 322.380808428111 0 0
 461.066038024497 273.458682588698 0 0
 463.217451281 237.007551635948 0 0
 465.368803772443 209.349278304667 0 0
 467.520101456064 178.836469478241 0 0
 469.671350289101 153.014790322759 0 0
 471.822556228792 133.926307510991 0 0
 473.973725232375 112.637514044917 0 0
 476.124863257088 99.3702346673379 0 0
 478.275976260169 93.5211702092585 0 0
 480.427070198856 84.5495623926255 0 0
 482.578151030387 81.524968194657 0 0
 484.729224712 83.2412283727153 0 0
 486.880297200933 79.7824247066297 0 0
 489.031374454424 81.1133724182217 0 0
 491.182462429711 86.2989068834478 0 0
 493.333567084032 85.8904069991538 0 0
 495.484694374625 90.140088682774 0 0
 497.635850258728 96.9423362337898 0 0
 499.787040693579 98.0851979494858 0 0
 501.938271636416 102.717496555419 0 0
 504.089549044477 -NAN 0 0
 506.240878875 -NAN 0 0
 508.392267085223 -NAN 0 0
 510.543719632384 -NAN 0 0
 512.695242473721 -NAN 0 0
 514.846841566472 -NAN 0 0
 516.998522867875 -NAN 0 0
 519.150292335168 -NAN 0 0
 521.302155925589 -NAN 0 0
 523.454119596376 -NAN 0 0
 525.606189304767 -NAN 0 0
 527.758371008 -NAN 0 0
 529.910670663313 -NAN 0 0
 532.063094227944 -NAN 0 0
 534.215647659131 -NAN 0 0
 536.368336914112 -NAN 0 0
 538.521167950125 -NAN 0 0
 540.674146724408 -NAN 0 0
 542.827279194199 -NAN 0 0
 544.980571316736 -NAN 0 0
 547.134029049257 -NAN 0 0
 549.287658349 -NAN 0 0
 551.441465173203 -NAN 0 0
 553.595455479104 -NAN 0 0
 555.749635223941 -NAN 0 0
 557.904010364952 -NAN 0 0
 560.058586859375 -NAN 0 0
 562.213370664448 -NAN 0 0
 564.368367737409 -NAN 0 0
 566.523584035496 -NAN 0 0
 568.679025515947 -NAN 0 0
 570.834698136 -NAN 0 0
 572.990607852893 -NAN 0 0
 575.146760623864 -NAN 0 0
 577.303162406151 -NAN 0 0
 579.459819156992 -NAN 0 0
 581.616736833625 -NAN 0 0
 583.773921393288 -NAN 0 0
 585.931378793219 -NAN 0 0
 588.089114990656 -NAN 0 0
 590.247135942837 -NAN 0 0
 592.405447607 -NAN 0 0
 594.564055940383 -NAN 0 0
 596.722966900224 -NAN 0 0
 598.882186443761 -NAN 0 0
 601.041720528232 -NAN 0 0
 603.201575110875 -NAN 0 0
 605.361756148928 -NAN 0 0
 607.522269599629 -NAN 0 0
 609.683121420216 -NAN 0 0
 611.844317567927 -NAN 0 0
 614.005864 -NAN 0 0
 616.167766673673 -NAN 0 0
 618.330031546184 -NAN 0 0
 620.492664574771 -NAN 0 0
 622.655671716672 -NAN 0 0
 624.819058929125 -NAN 0 0
 626.982832169368 -NAN 0 0
 629.146997394639 -NAN 0 0
 631.311560562176 -NAN 0 0
 633.476527629217 -NAN 0 0
 635.641904553 -NAN 0 0
 637.807697290763 -NAN 0 0
 639.973911799744 -NAN 0 0
 642.140554037181 -NAN 0 0
 644.307629960312 -NAN 0 0
 646.475145526375 -NAN 0 0
 648.643106692608 -NAN 0 0
 650.811519416249 -NAN 0 0
 652.980389654536 -NAN 0 0
 655.149723364707 -NAN 0 0
 657.319526504 -NAN 0 0
 659.489805029653 -NAN 0 0
 661.660564898904 -NAN 0 0
 663.831812068991 -NAN 0 0
 666.003552497152 -NAN 0 0
 668.175792140625 -NAN 0 0
 670.348536956648 -NAN 0 0
 672.521792902459 -NAN 0 0
 674.695565935296 -NAN 0 0
 676.869862012397 -NAN 0 0
 679.044687091 -NAN 0 0
 681.220047128343 -NAN 0 0
 683.395948081664 -NAN 0 0
 685.572395908201 -NAN 0 0
 687.749396565192 -NAN 0 0
 689.926956009875 -NAN 0 0
 692.105080199488 -NAN 0 0
 694.283775091269 -NAN 0 0
 696.463046642456 -NAN 0 0
 698.642900810287 -NAN 0 0
 700.823343552 -NAN 0 0
 703.004380824833 -NAN 0 0
 705.186018586024 -NAN 0 0
 707.368262792811 -NAN 0 0
 709.551119402432 -NAN 0 0
 711.734594372125 -NAN 0 0
 713.918693659128 -NAN 0 0
 716.103423220679 -NAN 0 0
 718.288789014016 -NAN 0 0
 720.474796996377 -NAN 0 0
 722.661453125 -NAN 0 0
 724.848763357123 -NAN 0 0
 727.036733649984 -NAN 0 0
 729.225369960821 -NAN 0 0
 731.414678246872 -NAN 0 0
 733.604664465375 -NAN 0 0
 735.795334573568 -NAN 0 0
[END] of [DATA]
[END] of Spectrum


[Spectrum]
Version            = 1
IDData             = 12ad_2026-06-09_16-56-10_000_265
IDDevice           = SAM_82E6
IDDataType         = SPECTRUM
IDDataTypeSub1     = CALIBRATED
IDDataTypeSub2     = 
IDDataTypeSub3     = 
DateTime           = 2026-06-09 16:56:10
PositionLatitude   = 0
PositionLongitude  = 0
Comment            = 20260609_FrameA
CommentSub1        = UV
CommentSub2        = centre
CommentSub3        = 33.5cm
IDMethodType       = SAM Control
MethodName         = SAM_82E6
Mission            = No Mission
MissionSub         = 1
RecordType         = 0
[Attributes]
CalFactor = 1
IDBasisSpec = 
IDDataBack = DLAB_2024-11-11_10-40-48_641_639
IDDataCal = DLAB_2024-11-12_11-45-27_171_455
IntegrationTime = 128
P31 = -1
P31e = 0
PathLength = +INF
PathLengthCustomOn = 0
RAWDynamic = 65535
Salinity = 0
Temperature = -NAN
Unit1 = $01 $01 Wavelength nm
Unit2 = $03 $06 Intensity mW/(m^2 nm)
Unit3 = $f0 $06 Error mW/(m^2 nm)
Unit4 = $f1 $00 Status 
p999 = 8027
[END] of [Attributes]
[DATA]
 0 6 0 0
 185.260577530984 -NAN 0 0
 187.468128380571 -NAN 0 0
 189.674861895872 -NAN 0 0
 191.880784034125 -NAN 0 0
 194.085900752568 -NAN 0 0
 196.290218008439 -NAN 0 0
 198.493741758976 -NAN 0 0
 200.696477961417 -NAN 0 0
 202.898432573 -NAN 0 0
 205.099611550963 -NAN 0 0
 207.300020852544 -NAN 0 0
 209.499666434981 -NAN 0 0
 211.698554255512 -NAN 0 0
 213.896690271375 -NAN 0 0
 216.094080439808 -NAN 0 0
 218.290730718049 -NAN 0 0
 220.486647063336 -NAN 0 0
 222.681835432907 -NAN 0 0
 224.876301784 -NAN 0 0
 227.070052073853 -NAN 0 0
 229.263092259704 -NAN 0 0
 231.455428298791 -NAN 0 0
 233.647066148352 -NAN 0 0
 235.838011765625 -NAN 0 0
 238.028271107848 -NAN 0 0
 240.217850132259 -NAN 0 0
 242.406754796096 -NAN 0 0
 244.594991056597 -NAN 0 0
 246.782564871 -NAN 0 0
 248.969482196543 -NAN 0 0
 251.155748990464 -NAN 0 0
 253.341371210001 -NAN 0 0
 255.526354812392 -NAN 0 0
 257.710705754875 -NAN 0 0
 259.894429994688 -NAN 0 0
 262.077533489069 -NAN 0 0
 264.260022195256 -NAN 0 0
 266.441902070487 -NAN 0 0
 268.623179072 -NAN 0 0
 270.803859157033 -NAN 0 0
 272.983948282824 -NAN 0 0
 275.163452406611 -NAN 0 0
 277.342377485632 -NAN 0 0
 279.520729477125 5.80734151446491 0 0
 281.698514338328 6.21989745003223 0 0
 283.875738026479 15.1811403963082 0 0
 286.052406498816 18.3701994351695 0 0
 288.228525712577 23.1491444822773 0 0
 290.404101625 38.4236995345322 0 0
 292.579140193323 47.2561560680053 0 0
 294.753647374784 59.3284590858709 0 0
 296.927629126621 75.6451803688691 0 0
 299.101091406072 85.0003436028334 0 0
 301.274040170375 96.9409141138658 0 0
 303.446481376768 107.728286208283 0 0
 305.618420982489 112.467149578475 0 0
 307.789864944776 115.838881422513 0 0
 309.960819220867 125.422952220071 0 0
 312.131289768 128.610281424314 0 0
 314.301282543413 122.17453703481 0 0
 316.470803504344 114.818449532228 0 0
 318.639858608031 102.491355866151 0 0
 320.808453811712 92.843620383119 0 0
 322.976595072625 91.6235376808133 0 0
 325.144288348008 80.3367109553461 0 0
 327.311539595099 71.5171270229692 0 0
 329.478354771136 69.5834583629102 0 0
 331.644739833357 58.7663967549664 0 0
 333.810700739 52.4699223042298 0 0
 335.976243445303 50.9712412853616 0 0
 338.141373909504 40.6363944550434 0 0
 340.306098088841 35.0205465625574 0 0
 342.470421940552 34.5067006836929 0 0
 344.634351421875 26.7287761002928 0 0
 346.797892490048 23.1935012227127 0 0
 348.961051102309 23.2407976959871 0 0
 351.123833215896 17.1526480707971 0 0
 353.286244788047 14.6578480898151 0 0
 355.448291776 15.9145073031388 0 0
 357.609980136993 10.9725745128572 0 0
 359.771315828264 10.6003193033679 0 0
 361.932304807051 18.5485757627481 0 0
 364.092953030592 21.7122343590452 0 0
 366.253266456125 20.864552233198 0 0
 368.413251040888 15.4459281630981 0 0
 370.572912742119 5.56518720776625 0 0
 372.732257517056 3.83103850213285 0 0
 374.891291322937 6.60526123439481 0 0
 377.050020117 1.88068930884028 0 0
 379.208449856483 2.11685107564452 0 0
 381.366586498624 5.41180882601063 0 0
 383.524436000661 0.494334558988383 0 0
 385.682004319832 1.26079517452207 0 0
 387.839297413375 4.60474662087982 0 0
 389.996321238528 -0.0124079846407059 0 0
 392.153081752529 0.972783930749259 0 0
 394.309584912616 4.0934558919721 0 0
 396.465836676027 -0.230710668513629 0 0
 398.621843 2.03469715534737 0 0
 400.777609841773 9.43836136268653 0 0
 402.933143158584 13.9657496624529 0 0
 405.088448907671 18.3111010304188 0 0
 407.243533046272 15.6023065959775 0 0
 409.398401531625 5.12493677710379 0 0
 411.553060320968 4.62148610160974 0 0
 413.707515371539 7.13758515574204 0 0
 415.861772640576 5.45247089180355 0 0
 418.015838085317 9.86305009221533 0 0
 420.169717663 15.4559692606855 0 0
 422.323417330863 17.9104837047913 0 0
 424.476943046144 27.1065958784739 0 0
 426.630300766081 39.0187846754121 0 0
 428.783496447912 51.3111624416383 0 0
 430.936536048875 77.2714177685814 0 0
 433.089425526208 125.660702567575 0 0
 435.242170837149 173.747480584854 0 0
 437.394777938936 210.517855441279 0 0
 439.547252788807 239.389045046174 0 0
 441.699601344 293.265301112931 0 0
 443.851829561753 371.430515702804 0 0
 446.003943399304 449.298588907181 0 0
 448.155948813891 501.518507199373 0 0
 450.307851762752 519.563817419695 0 0
 452.459658203125 494.75374938984 0 0
 454.611374092248 438.4083234601 0 0
 456.763005387359 378.205727048226 0 0
 458.914558045696 321.65623789394 0 0
 461.066038024497 272.480550521008 0 0
 463.217451281 238.852184256517 0 0
 465.368803772443 208.677952745267 0 0
 467.520101456064 177.789010797473 0 0
 469.671350289101 155.171128315638 0 0
 471.822556228792 133.05403237401 0 0
 473.973725232375 111.719202365729 0 0
 476.124863257088 101.436136096 0 0
 478.275976260169 92.5743886580514 0 0
 480.427070198856 83.5203602543572 0 0
 482.578151030387 83.8286964068494 0 0
 484.729224712 82.3493840903114 0 0
 486.880297200933 78.8092390485523 0 0
 489.031374454424 83.2617183903272 0 0
 491.182462429711 85.3272375764252 0 0
 493.333567084032 85.0019684395391 0 0
 495.484694374625 92.3249735548933 0 0
 497.635850258728 96.0668254743776 0 0
 499.787040693579 97.4524647432529 0 0
 501.938271636416 105.190666636043 0 0
 504.089549044477 -NAN 0 0
 506.240878875 -NAN 0 0
 508.392267085223 -NAN 0 0
 510.543719632384 -NAN 0 0
 512.695242473721 -NAN 0 0
 514.846841566472 -NAN 0 0
 516.998522867875 -NAN 0 0
 519.150292335168 -NAN 0 0
 521.302155925589 -NAN 0 0
 523.454119596376 -NAN 0 0
 525.606189304767 -NAN 0 0
 527.758371008 -NAN 0 0
 529.910670663313 -NAN 0 0
 532.063094227944 -NAN 0 0
 534.215647659131 -NAN 0 0
 536.368336914112 -NAN 0 0
 538.521167950125 -NAN 0 0
 540.674146724408 -NAN 0 0
 542.827279194199 -NAN 0 0
 544.980571316736 -NAN 0 0
 547.134029049257 -NAN 0 0
 549.287658349 -NAN 0 0
 551.441465173203 -NAN 0 0
 553.595455479104 -NAN 0 0
 555.749635223941 -NAN 0 0
 557.904010364952 -NAN 0 0
 560.058586859375 -NAN 0 0
 562.213370664448 -NAN 0 0
 564.368367737409 -NAN 0 0
 566.523584035496 -NAN 0 0
 568.679025515947 -NAN 0 0
 570.834698136 -NAN 0 0
 572.990607852893 -NAN 0 0
 575.146760623864 -NAN 0 0
 577.303162406151 -NAN 0 0
 579.459819156992 -NAN 0 0
 581.616736833625 -NAN 0 0
 583.773921393288 -NAN 0 0
 585.931378793219 -NAN 0 0
 588.089114990656 -NAN 0 0
 590.247135942837 -NAN 0 0
 592.405447607 -NAN 0 0
 594.564055940383 -NAN 0 0
 596.722966900224 -NAN 0 0
 598.882186443761 -NAN 0 0
 601.041720528232 -NAN 0 0
 603.201575110875 -NAN 0 0
 605.361756148928 -NAN 0 0
 607.522269599629 -NAN 0 0
 609.683121420216 -NAN 0 0
 611.844317567927 -NAN 0 0
 614.005864 -NAN 0 0
 616.167766673673 -NAN 0 0
 618.330031546184 -NAN 0 0
 620.492664574771 -NAN 0 0
 622.655671716672 -NAN 0 0
 624.819058929125 -NAN 0 0
 626.982832169368 -NAN 0 0
 629.146997394639 -NAN 0 0
 631.311560562176 -NAN 0 0
 633.476527629217 -NAN 0 0
 635.641904553 -NAN 0 0
 637.807697290763 -NAN 0 0
 639.973911799744 -NAN 0 0
 642.140554037181 -NAN 0 0
 644.307629960312 -NAN 0 0
 646.475145526375 -NAN 0 0
 648.643106692608 -NAN 0 0
 650.811519416249 -NAN 0 0
 652.980389654536 -NAN 0 0
 655.149723364707 -NAN 0 0
 657.319526504 -NAN 0 0
 659.489805029653 -NAN 0 0
 661.660564898904 -NAN 0 0
 663.831812068991 -NAN 0 0
 666.003552497152 -NAN 0 0
 668.175792140625 -NAN 0 0
 670.348536956648 -NAN 0 0
 672.521792902459 -NAN 0 0
 674.695565935296 -NAN 0 0
 676.869862012397 -NAN 0 0
 679.044687091 -NAN 0 0
 681.220047128343 -NAN 0 0
 683.395948081664 -NAN 0 0
 685.572395908201 -NAN 0 0
 687.749396565192 -NAN 0 0
 689.926956009875 -NAN 0 0
 692.105080199488 -NAN 0 0
 694.283775091269 -NAN 0 0
 696.463046642456 -NAN 0 0
 698.642900810287 -NAN 0 0
 700.823343552 -NAN 0 0
 703.004380824833 -NAN 0 0
 705.186018586024 -NAN 0 0
 707.368262792811 -NAN 0 0
 709.551119402432 -NAN 0 0
 711.734594372125 -NAN 0 0
 713.918693659128 -NAN 0 0
 716.103423220679 -NAN 0 0
 718.288789014016 -NAN 0 0
 720.474796996377 -NAN 0 0
 722.661453125 -NAN 0 0
 724.848763357123 -NAN 0 0
 727.036733649984 -NAN 0 0
 729.225369960821 -NAN 0 0
 731.414678246872 -NAN 0 0
 733.604664465375 -NAN 0 0
 735.795334573568 -NAN 0 0
[END] of [DATA]
[END] of Spectrum


[Spectrum]
Version            = 1
IDData             = 12ad_2026-06-09_16-56-05_000_262
IDDevice           = SAM_82E6
IDDataType         = SPECTRUM
IDDataTypeSub1     = CALIBRATED
IDDataTypeSub2     = 
IDDataTypeSub3     = 
DateTime           = 2026-06-09 16:56:05
PositionLatitude   = 0
PositionLongitude  = 0
Comment            = 20260609_FrameA
CommentSub1        = UV
CommentSub2        = centre
CommentSub3        = 33.5cm
IDMethodType       = SAM Control
MethodName         = SAM_82E6
Mission            = No Mission
MissionSub         = 1
RecordType         = 0
[Attributes]
CalFactor = 1
IDBasisSpec = 
IDDataBack = DLAB_2024-11-11_10-40-48_641_639
IDDataCal = DLAB_2024-11-12_11-45-27_171_455
IntegrationTime = 128
P31 = -1
P31e = 0
PathLength = +INF
PathLengthCustomOn = 0
RAWDynamic = 65535
Salinity = 0
Temperature = -NAN
Unit1 = $01 $01 Wavelength nm
Unit2 = $03 $06 Intensity mW/(m^2 nm)
Unit3 = $f0 $06 Error mW/(m^2 nm)
Unit4 = $f1 $00 Status 
p999 = 8026
[END] of [Attributes]
[DATA]
 0 6 0 0
 185.260577530984 -NAN 0 0
 187.468128380571 -NAN 0 0
 189.674861895872 -NAN 0 0
 191.880784034125 -NAN 0 0
 194.085900752568 -NAN 0 0
 196.290218008439 -NAN 0 0
 198.493741758976 -NAN 0 0
 200.696477961417 -NAN 0 0
 202.898432573 -NAN 0 0
 205.099611550963 -NAN 0 0
 207.300020852544 -NAN 0 0
 209.499666434981 -NAN 0 0
 211.698554255512 -NAN 0 0
 213.896690271375 -NAN 0 0
 216.094080439808 -NAN 0 0
 218.290730718049 -NAN 0 0
 220.486647063336 -NAN 0 0
 222.681835432907 -NAN 0 0
 224.876301784 -NAN 0 0
 227.070052073853 -NAN 0 0
 229.263092259704 -NAN 0 0
 231.455428298791 -NAN 0 0
 233.647066148352 -NAN 0 0
 235.838011765625 -NAN 0 0
 238.028271107848 -NAN 0 0
 240.217850132259 -NAN 0 0
 242.406754796096 -NAN 0 0
 244.594991056597 -NAN 0 0
 246.782564871 -NAN 0 0
 248.969482196543 -NAN 0 0
 251.155748990464 -NAN 0 0
 253.341371210001 -NAN 0 0
 255.526354812392 -NAN 0 0
 257.710705754875 -NAN 0 0
 259.894429994688 -NAN 0 0
 262.077533489069 -NAN 0 0
 264.260022195256 -NAN 0 0
 266.441902070487 -NAN 0 0
 268.623179072 -NAN 0 0
 270.803859157033 -NAN 0 0
 272.983948282824 -NAN 0 0
 275.163452406611 -NAN 0 0
 277.342377485632 -NAN 0 0
 279.520729477125 4.77621673172939 0 0
 281.698514338328 9.56171625480393 0 0
 283.875738026479 9.38570884179438 0 0
 286.052406498816 17.4555194766358 0 0
 288.228525712577 26.3727206913355 0 0
 290.404101625 31.6708068131533 0 0
 292.579140193323 45.6069663004703 0 0
 294.753647374784 61.0284391265854 0 0
 296.927629126621 68.6748181039337 0 0
 299.101091406072 82.7694364188511 0 0
 301.274040170375 97.0453457447847 0 0
 303.446481376768 100.356017427571 0 0
 305.618420982489 109.563498378064 0 0
 307.789864944776 115.088512180209 0 0
 309.960819220867 117.505729579724 0 0
 312.131289768 125.551848088199 0 0
 314.301282543413 121.546623580574 0 0
 316.470803504344 106.571575309846 0 0
 318.639858608031 100.824131246771 0 0
 320.808453811712 93.1071788494452 0 0
 322.976595072625 83.1946427980841 0 0
 325.144288348008 79.5571148265525 0 0
 327.311539595099 72.4407025207523 0 0
 329.478354771136 61.2032310043594 0 0
 331.644739833357 58.8729900985241 0 0
 333.810700739 53.5623217050214 0 0
 335.976243445303 43.2784604010732 0 0
 338.141373909504 41.2178183255012 0 0
 340.306098088841 36.1932415856585 0 0
 342.470421940552 27.8363676209553 0 0
 344.634351421875 27.9963843754728 0 0
 346.797892490048 24.1937072776641 0 0
 348.961051102309 17.7241068607434 0 0
 351.123833215896 18.5026612557535 0 0
 353.286244788047 15.9140119307789 0 0
 355.448291776 10.9771833372026 0 0
 357.609980136993 12.6302100107922 0 0
 359.771315828264 11.897494750567 0 0
 361.932304807051 13.5678265481923 0 0
 364.092953030592 23.2160860971099 0 0
 366.253266456125 22.0206949729118 0 0
 368.413251040888 10.1869691431885 0 0
 370.572912742119 8.07466141074684 0 0
 372.732257517056 5.12250213638611 0 0
 374.891291322937 1.01496583067833 0 0
 377.050020117 4.90992859209294 0 0
 379.208449856483 3.57787001391147 0 0
 381.366586498624 -0.235600726159771 0 0
 383.524436000661 4.07583915000854 0 0
 385.682004319832 2.61772291181484 0 0
 387.839297413375 -0.649001368149554 0 0
 389.996321238528 3.65372605796772 0 0
 392.153081752529 2.22164671374992 0 0
 394.309584912616 -1.06109109453008 0 0
 396.465836676027 3.53909000344925 0 0
 398.621843 3.06167847626442 0 0
 400.777609841773 4.59268907668649 0 0
 402.933143158584 17.2962573739132 0 0
 405.088448907671 18.3111010304188 0 0
 407.243533046272 11.0261149772637 0 0
 409.398401531625 8.5899305090412 0 0
 411.553060320968 5.03840448370422 0 0
 413.707515371539 3.52925593325749 0 0
 415.861772640576 8.79598353027087 0 0
 418.015838085317 9.96921232850925 0 0
 420.169717663 12.3397687385007 0 0
 422.323417330863 21.0417339922323 0 0
 424.476943046144 27.1065958784739 0 0
 426.630300766081 36.2531259187297 0 0
 428.783496447912 54.1182475405288 0 0
 430.936536048875 76.8857769406235 0 0
 433.089425526208 122.323496044226 0 0
 435.242170837149 175.243611243599 0 0
 437.394777938936 208.705035925991 0 0
 439.547252788807 236.608361809658 0 0
 441.699601344 296.061573900854 0 0
 443.851829561753 370.812780460176 0 0
 446.003943399304 447.096372569567 0 0
 448.155948813891 504.882525367622 0 0
 450.307851762752 518.979442361918 0 0
 452.459658203125 492.336080824713 0 0
 454.611374092248 441.985814428679 0 0
 456.763005387359 377.151373772727 0 0
 458.914558045696 319.213057910949 0 0
 461.066038024497 276.405305442612 0 0
 463.217451281 237.487405391974 0 0
 465.368803772443 206.321980027371 0 0
 467.520101456064 181.991697774297 0 0
 469.671350289101 153.475934893525 0 0
 471.822556228792 130.594609995303 0 0
 473.973725232375 115.960613142987 0 0
 476.124863257088 99.7023731606919 0 0
 478.275976260169 90.1340925471938 0 0
 480.427070198856 88.0515229150451 0 0
 482.578151030387 81.6789965344257 0 0
 484.729224712 79.995719856298 0 0
 486.880297200933 83.2791814504804 0 0
 489.031374454424 80.945532889151 0 0
 491.182462429711 83.0555417482829 0 0
 493.333567084032 89.4308012592724 0 0
 495.484694374625 89.9142951093636 0 0
 497.635850258728 94.0722408119572 0 0
 499.787040693579 101.679383481798 0 0
 501.938271636416 102.594806655858 0 0
 504.089549044477 -NAN 0 0
 506.240878875 -NAN 0 0
 508.392267085223 -NAN 0 0
 510.543719632384 -NAN 0 0
 512.695242473721 -NAN 0 0
 514.846841566472 -NAN 0 0
 516.998522867875 -NAN 0 0
 519.150292335168 -NAN 0 0
 521.302155925589 -NAN 0 0
 523.454119596376 -NAN 0 0
 525.606189304767 -NAN 0 0
 527.758371008 -NAN 0 0
 529.910670663313 -NAN 0 0
 532.063094227944 -NAN 0 0
 534.215647659131 -NAN 0 0
 536.368336914112 -NAN 0 0
 538.521167950125 -NAN 0 0
 540.674146724408 -NAN 0 0
 542.827279194199 -NAN 0 0
 544.980571316736 -NAN 0 0
 547.134029049257 -NAN 0 0
 549.287658349 -NAN 0 0
 551.441465173203 -NAN 0 0
 553.595455479104 -NAN 0 0
 555.749635223941 -NAN 0 0
 557.904010364952 -NAN 0 0
 560.058586859375 -NAN 0 0
 562.213370664448 -NAN 0 0
 564.368367737409 -NAN 0 0
 566.523584035496 -NAN 0 0
 568.679025515947 -NAN 0 0
 570.834698136 -NAN 0 0
 572.990607852893 -NAN 0 0
 575.146760623864 -NAN 0 0
 577.303162406151 -NAN 0 0
 579.459819156992 -NAN 0 0
 581.616736833625 -NAN 0 0
 583.773921393288 -NAN 0 0
 585.931378793219 -NAN 0 0
 588.089114990656 -NAN 0 0
 590.247135942837 -NAN 0 0
 592.405447607 -NAN 0 0
 594.564055940383 -NAN 0 0
 596.722966900224 -NAN 0 0
 598.882186443761 -NAN 0 0
 601.041720528232 -NAN 0 0
 603.201575110875 -NAN 0 0
 605.361756148928 -NAN 0 0
 607.522269599629 -NAN 0 0
 609.683121420216 -NAN 0 0
 611.844317567927 -NAN 0 0
 614.005864 -NAN 0 0
 616.167766673673 -NAN 0 0
 618.330031546184 -NAN 0 0
 620.492664574771 -NAN 0 0
 622.655671716672 -NAN 0 0
 624.819058929125 -NAN 0 0
 626.982832169368 -NAN 0 0
 629.146997394639 -NAN 0 0
 631.311560562176 -NAN 0 0
 633.476527629217 -NAN 0 0
 635.641904553 -NAN 0 0
 637.807697290763 -NAN 0 0
 639.973911799744 -NAN 0 0
 642.140554037181 -NAN 0 0
 644.307629960312 -NAN 0 0
 646.475145526375 -NAN 0 0
 648.643106692608 -NAN 0 0
 650.811519416249 -NAN 0 0
 652.980389654536 -NAN 0 0
 655.149723364707 -NAN 0 0
 657.319526504 -NAN 0 0
 659.489805029653 -NAN 0 0
 661.660564898904 -NAN 0 0
 663.831812068991 -NAN 0 0
 666.003552497152 -NAN 0 0
 668.175792140625 -NAN 0 0
 670.348536956648 -NAN 0 0
 672.521792902459 -NAN 0 0
 674.695565935296 -NAN 0 0
 676.869862012397 -NAN 0 0
 679.044687091 -NAN 0 0
 681.220047128343 -NAN 0 0
 683.395948081664 -NAN 0 0
 685.572395908201 -NAN 0 0
 687.749396565192 -NAN 0 0
 689.926956009875 -NAN 0 0
 692.105080199488 -NAN 0 0
 694.283775091269 -NAN 0 0
 696.463046642456 -NAN 0 0
 698.642900810287 -NAN 0 0
 700.823343552 -NAN 0 0
 703.004380824833 -NAN 0 0
 705.186018586024 -NAN 0 0
 707.368262792811 -NAN 0 0
 709.551119402432 -NAN 0 0
 711.734594372125 -NAN 0 0
 713.918693659128 -NAN 0 0
 716.103423220679 -NAN 0 0
 718.288789014016 -NAN 0 0
 720.474796996377 -NAN 0 0
 722.661453125 -NAN 0 0
 724.848763357123 -NAN 0 0
 727.036733649984 -NAN 0 0
 729.225369960821 -NAN 0 0
 731.414678246872 -NAN 0 0
 733.604664465375 -NAN 0 0
 735.795334573568 -NAN 0 0
[END] of [DATA]
[END] of Spectrum


[Spectrum]
Version            = 1
IDData             = 12ad_2026-06-09_16-56-00_000_259
IDDevice           = SAM_82E6
IDDataType         = SPECTRUM
IDDataTypeSub1     = CALIBRATED
IDDataTypeSub2     = 
IDDataTypeSub3     = 
DateTime           = 2026-06-09 16:56:00
PositionLatitude   = 0
PositionLongitude  = 0
Comment            = 20260609_FrameA
CommentSub1        = UV
CommentSub2        = centre
CommentSub3        = 33.5cm
IDMethodType       = SAM Control
MethodName         = SAM_82E6
Mission            = No Mission
MissionSub         = 1
RecordType         = 0
[Attributes]
CalFactor = 1
IDBasisSpec = 
IDDataBack = DLAB_2024-11-11_10-40-48_641_639
IDDataCal = DLAB_2024-11-12_11-45-27_171_455
IntegrationTime = 128
P31 = -1
P31e = 0
PathLength = +INF
PathLengthCustomOn = 0
RAWDynamic = 65535
Salinity = 0
Temperature = -NAN
Unit1 = $01 $01 Wavelength nm
Unit2 = $03 $06 Intensity mW/(m^2 nm)
Unit3 = $f0 $06 Error mW/(m^2 nm)
Unit4 = $f1 $00 Status 
p999 = 8025
[END] of [Attributes]
[DATA]
 0 6 0 0
 185.260577530984 -NAN 0 0
 187.468128380571 -NAN 0 0
 189.674861895872 -NAN 0 0
 191.880784034125 -NAN 0 0
 194.085900752568 -NAN 0 0
 196.290218008439 -NAN 0 0
 198.493741758976 -NAN 0 0
 200.696477961417 -NAN 0 0
 202.898432573 -NAN 0 0
 205.099611550963 -NAN 0 0
 207.300020852544 -NAN 0 0
 209.499666434981 -NAN 0 0
 211.698554255512 -NAN 0 0
 213.896690271375 -NAN 0 0
 216.094080439808 -NAN 0 0
 218.290730718049 -NAN 0 0
 220.486647063336 -NAN 0 0
 222.681835432907 -NAN 0 0
 224.876301784 -NAN 0 0
 227.070052073853 -NAN 0 0
 229.263092259704 -NAN 0 0
 231.455428298791 -NAN 0 0
 233.647066148352 -NAN 0 0
 235.838011765625 -NAN 0 0
 238.028271107848 -NAN 0 0
 240.217850132259 -NAN 0 0
 242.406754796096 -NAN 0 0
 244.594991056597 -NAN 0 0
 246.782564871 -NAN 0 0
 248.969482196543 -NAN 0 0
 251.155748990464 -NAN 0 0
 253.341371210001 -NAN 0 0
 255.526354812392 -NAN 0 0
 257.710705754875 -NAN 0 0
 259.894429994688 -NAN 0 0
 262.077533489069 -NAN 0 0
 264.260022195256 -NAN 0 0
 266.441902070487 -NAN 0 0
 268.623179072 -NAN 0 0
 270.803859157033 -NAN 0 0
 272.983948282824 -NAN 0 0
 275.163452406611 -NAN 0 0
 277.342377485632 -NAN 0 0
 279.520729477125 4.63674091570719 0 0
 281.698514338328 9.01520598078415 0 0
 283.875738026479 8.94794476238422 0 0
 286.052406498816 16.5872994525037 0 0
 288.228525712577 25.4128113313049 0 0
 290.404101625 30.5918562534497 0 0
 292.579140193323 44.155115479478 0 0
 294.753647374784 59.0273354071614 0 0
 296.927629126621 66.3158138984237 0 0
 299.101091406072 80.1261927574874 0 0
 301.274040170375 94.1792776517891 0 0
 303.446481376768 97.166828562434 0 0
 305.618420982489 106.249034304114 0 0
 307.789864944776 111.447831782365 0 0
 309.960819220867 113.785953395166 0 0
 312.131289768 121.739496306463 0 0
 314.301282543413 117.627978505062 0 0
 316.470803504344 103.355905242688 0 0
 318.639858608031 97.5076921505056 0 0
 320.808453811712 90.1308317246709 0 0
 322.976595072625 80.5312582622335 0 0
 325.144288348008 76.9786728153943 0 0
 327.311539595099 70.2446452260237 0 0
 329.478354771136 59.2160134411673 0 0
 331.644739833357 57.0016847338457 0 0
 333.810700739 51.6913286933674 0 0
 335.976243445303 41.8596859976217 0 0
 338.141373909504 39.8218392742088 0 0
 340.306098088841 35.0639797115612 0 0
 342.470421940552 27.0533171357733 0 0
 344.634351421875 27.0180121154629 0 0
 346.797892490048 23.4930798478672 0 0
 348.961051102309 17.1574027707498 0 0
 351.123833215896 17.7728033812995 0 0
 353.286244788047 15.2619407702786 0 0
 355.448291776 10.5275533986925 0 0
 357.609980136993 12.2789797502478 0 0
 359.771315828264 11.4672541378973 0 0
 361.932304807051 13.2669611855847 0 0
 364.092953030592 22.7238343269926 0 0
 366.253266456125 21.2802964911153 0 0
 368.413251040888 9.72387040054089 0 0
 370.572912742119 7.88877443274828 0 0
 372.732257517056 4.99987831656812 0 0
 374.891291322937 1.03378837412519 0 0
 377.050020117 4.8299213614788 0 0
 379.208449856483 3.39594236834183 0 0
 381.366586498624 -0.241253788774557 0 0
 383.524436000661 3.96782551948571 0 0
 385.682004319832 2.48402143665182 0 0
 387.839297413375 -0.782186996781908 0 0
 389.996321238528 3.47112168036654 0 0
 392.153081752529 1.86641463325196 0 0
 394.309584912616 -1.01745471792477 0 0
 396.465836676027 3.53371991702195 0 0
 398.621843 2.67423849472982 0 0
 400.777609841773 4.4470327975582 0 0
 402.933143158584 16.7665190849518 0 0
 405.088448907671 17.6428245136982 0 0
 407.243533046272 10.7219859392599 0 0
 409.398401531625 8.48222237054844 0 0
 411.553060320968 4.73619380461986 0 0
 413.707515371539 3.54410502470804 0 0
 415.861772640576 8.70004635444183 0 0
 418.015838085317 9.84142445148879 0 0
 420.169717663 12.4722119908098 0 0
 422.323417330863 21.0215914465237 0 0
 424.476943046144 27.0071800711617 0 0
 426.630300766081 36.3895098399394 0 0
 428.783496447912 54.1300490995031 0 0
 430.936536048875 76.4820076976761 0 0
 433.089425526208 121.38758853792 0 0
 435.242170837149 173.413408674942 0 0
 437.394777938936 207.176768327565 0 0
 439.547252788807 235.979108884117 0 0
 441.699601344 295.925130255118 0 0
 443.851829561753 370.719032022271 0 0
 446.003943399304 447.108350436205 0 0
 448.155948813891 504.894809210699 0 0
 450.307851762752 518.716112860574 0 0
 452.459658203125 492.365722738155 0 0
 454.611374092248 441.879307520523 0 0
 456.763005387359 377.165041315187 0 0
 458.914558045696 319.173136669397 0 0
 461.066038024497 276.236170105908 0 0
 463.217451281 237.408468410463 0 0
 465.368803772443 206.260758514092 0 0
 467.520101456064 182.006692070341 0 0
 469.671350289101 153.335210024512 0 0
 471.822556228792 130.727965342059 0 0
 473.973725232375 115.857110387779 0 0
 476.124863257088 99.4986615514348 0 0
 478.275976260169 90.209657271938 0 0
 480.427070198856 87.9468205330135 0 0
 482.578151030387 81.4334441087075 0 0
 484.729224712 80.0515998238672 0 0
 486.880297200933 83.1136280281867 0 0
 489.031374454424 80.8604941944218 0 0
 491.182462429711 83.1113848119049 0 0
 493.333567084032 89.3862679981388 0 0
 495.484694374625 89.7504840855167 0 0
 497.635850258728 94.0678522868473 0 0
 499.787040693579 101.557620390564 0 0
 501.938271636416 102.49364130008 0 0
 504.089549044477 -NAN 0 0
 506.240878875 -NAN 0 0
 508.392267085223 -NAN 0 0
 510.543719632384 -NAN 0 0
 512.695242473721 -NAN 0 0
 514.846841566472 -NAN 0 0
 516.998522867875 -NAN 0 0
 519.150292335168 -NAN 0 0
 521.302155925589 -NAN 0 0
 523.454119596376 -NAN 0 0
 525.606189304767 -NAN 0 0
 527.758371008 -NAN 0 0
 529.910670663313 -NAN 0 0
 532.063094227944 -NAN 0 0
 534.215647659131 -NAN 0 0
 536.368336914112 -NAN 0 0
 538.521167950125 -NAN 0 0
 540.674146724408 -NAN 0 0
 542.827279194199 -NAN 0 0
 544.980571316736 -NAN 0 0
 547.134029049257 -NAN 0 0
 549.287658349 -NAN 0 0
 551.441465173203 -NAN 0 0
 553.595455479104 -NAN 0 0
 555.749635223941 -NAN 0 0
 557.904010364952 -NAN 0 0
 560.058586859375 -NAN 0 0
 562.213370664448 -NAN 0 0
 564.368367737409 -NAN 0 0
 566.523584035496 -NAN 0 0
 568.679025515947 -NAN 0 0
 570.834698136 -NAN 0 0
 572.990607852893 -NAN 0 0
 575.146760623864 -NAN 0 0
 577.303162406151 -NAN 0 0
 579.459819156992 -NAN 0 0
 581.616736833625 -NAN 0 0
 583.773921393288 -NAN 0 0
 585.931378793219 -NAN 0 0
 588.089114990656 -NAN 0 0
 590.247135942837 -NAN 0 0
 592.405447607 -NAN 0 0
 594.564055940383 -NAN 0 0
 596.722966900224 -NAN 0 0
 598.882186443761 -NAN 0 0
 601.041720528232 -NAN 0 0
 603.201575110875 -NAN 0 0
 605.361756148928 -NAN 0 0
 607.522269599629 -NAN 0 0
 609.683121420216 -NAN 0 0
 611.844317567927 -NAN 0 0
 614.005864 -NAN 0 0
 616.167766673673 -NAN 0 0
 618.330031546184 -NAN 0 0
 620.492664574771 -NAN 0 0
 622.655671716672 -NAN 0 0
 624.819058929125 -NAN 0 0
 626.982832169368 -NAN 0 0
 629.146997394639 -NAN 0 0
 631.311560562176 -NAN 0 0
 633.476527629217 -NAN 0 0
 635.641904553 -NAN 0 0
 637.807697290763 -NAN 0 0
 639.973911799744 -NAN 0 0
 642.140554037181 -NAN 0 0
 644.307629960312 -NAN 0 0
 646.475145526375 -NAN 0 0
 648.643106692608 -NAN 0 0
 650.811519416249 -NAN 0 0
 652.980389654536 -NAN 0 0
 655.149723364707 -NAN 0 0
 657.319526504 -NAN 0 0
 659.489805029653 -NAN 0 0
 661.660564898904 -NAN 0 0
 663.831812068991 -NAN 0 0
 666.003552497152 -NAN 0 0
 668.175792140625 -NAN 0 0
 670.348536956648 -NAN 0 0
 672.521792902459 -NAN 0 0
 674.695565935296 -NAN 0 0
 676.869862012397 -NAN 0 0
 679.044687091 -NAN 0 0
 681.220047128343 -NAN 0 0
 683.395948081664 -NAN 0 0
 685.572395908201 -NAN 0 0
 687.749396565192 -NAN 0 0
 689.926956009875 -NAN 0 0
 692.105080199488 -NAN 0 0
 694.283775091269 -NAN 0 0
 696.463046642456 -NAN 0 0
 698.642900810287 -NAN 0 0
 700.823343552 -NAN 0 0
 703.004380824833 -NAN 0 0
 705.186018586024 -NAN 0 0
 707.368262792811 -NAN 0 0
 709.551119402432 -NAN 0 0
 711.734594372125 -NAN 0 0
 713.918693659128 -NAN 0 0
 716.103423220679 -NAN 0 0
 718.288789014016 -NAN 0 0
 720.474796996377 -NAN 0 0
 722.661453125 -NAN 0 0
 724.848763357123 -NAN 0 0
 727.036733649984 -NAN 0 0
 729.225369960821 -NAN 0 0
 731.414678246872 -NAN 0 0
 733.604664465375 -NAN 0 0
 735.795334573568 -NAN 0 0
[END] of [DATA]
[END] of Spectrum


[Spectrum]
Version            = 1
IDData             = 12ad_2026-06-09_16-55-55_000_256
IDDevice           = SAM_82E6
IDDataType         = SPECTRUM
IDDataTypeSub1     = CALIBRATED
IDDataTypeSub2     = 
IDDataTypeSub3     = 
DateTime           = 2026-06-09 16:55:55
PositionLatitude   = 0
PositionLongitude  = 0
Comment            = 20260609_FrameA
CommentSub1        = UV
CommentSub2        = centre
CommentSub3        = 33.5cm
IDMethodType       = SAM Control
MethodName         = SAM_82E6
Mission            = No Mission
MissionSub         = 1
RecordType         = 0
[Attributes]
CalFactor = 1
IDBasisSpec = 
IDDataBack = DLAB_2024-11-11_10-40-48_641_639
IDDataCal = DLAB_2024-11-12_11-45-27_171_455
IntegrationTime = 128
P31 = -1
P31e = 0
PathLength = +INF
PathLengthCustomOn = 0
RAWDynamic = 65535
Salinity = 0
Temperature = -NAN
Unit1 = $01 $01 Wavelength nm
Unit2 = $03 $06 Intensity mW/(m^2 nm)
Unit3 = $f0 $06 Error mW/(m^2 nm)
Unit4 = $f1 $00 Status 
p999 = 8024
[END] of [Attributes]
[DATA]
 0 6 0 0
 185.260577530984 -NAN 0 0
 187.468128380571 -NAN 0 0
 189.674861895872 -NAN 0 0
 191.880784034125 -NAN 0 0
 194.085900752568 -NAN 0 0
 196.290218008439 -NAN 0 0
 198.493741758976 -NAN 0 0
 200.696477961417 -NAN 0 0
 202.898432573 -NAN 0 0
 205.099611550963 -NAN 0 0
 207.300020852544 -NAN 0 0
 209.499666434981 -NAN 0 0
 211.698554255512 -NAN 0 0
 213.896690271375 -NAN 0 0
 216.094080439808 -NAN 0 0
 218.290730718049 -NAN 0 0
 220.486647063336 -NAN 0 0
 222.681835432907 -NAN 0 0
 224.876301784 -NAN 0 0
 227.070052073853 -NAN 0 0
 229.263092259704 -NAN 0 0
 231.455428298791 -NAN 0 0
 233.647066148352 -NAN 0 0
 235.838011765625 -NAN 0 0
 238.028271107848 -NAN 0 0
 240.217850132259 -NAN 0 0
 242.406754796096 -NAN 0 0
 244.594991056597 -NAN 0 0
 246.782564871 -NAN 0 0
 248.969482196543 -NAN 0 0
 251.155748990464 -NAN 0 0
 253.341371210001 -NAN 0 0
 255.526354812392 -NAN 0 0
 257.710705754875 -NAN 0 0
 259.894429994688 -NAN 0 0
 262.077533489069 -NAN 0 0
 264.260022195256 -NAN 0 0
 266.441902070487 -NAN 0 0
 268.623179072 -NAN 0 0
 270.803859157033 -NAN 0 0
 272.983948282824 -NAN 0 0
 275.163452406611 -NAN 0 0
 277.342377485632 -NAN 0 0
 279.520729477125 2.18346093745963 0 0
 281.698514338328 7.75744788603048 0 0
 283.875738026479 12.774850101744 0 0
 286.052406498816 13.3089703312827 0 0
 288.228525712577 23.6735128789508 0 0
 290.404101625 33.8781477156195 0 0
 292.579140193323 39.9066898731956 0 0
 294.753647374784 56.3309097387173 0 0
 296.927629126621 67.6997291750684 0 0
 299.101091406072 74.8826074959904 0 0
 301.274040170375 90.7655236721968 0 0
 303.446481376768 97.1384316752787 0 0
 305.618420982489 100.510559191005 0 0
 307.789864944776 107.841356250268 0 0
 309.960819220867 113.524423518158 0 0
 312.131289768 115.147773538632 0 0
 314.301282543413 113.872125806574 0 0
 316.470803504344 103.390114498722 0 0
 318.639858608031 91.2684642153278 0 0
 320.808453811712 87.484598234487 0 0
 322.976595072625 81.7602963215436 0 0
 325.144288348008 70.8083138256463 0 0
 327.311539595099 68.1218875739763 0 0
 329.478354771136 61.5066684167031 0 0
 331.644739833357 50.9673171179998 0 0
 333.810700739 50.7469508915991 0 0
 335.976243445303 44.4123169939955 0 0
 338.141373909504 34.8053028846549 0 0
 340.306098088841 34.5644984980181 0 0
 342.470421940552 29.564840263832 0 0
 344.634351421875 22.6618662174237 0 0
 346.797892490048 23.4616724113591 0 0
 348.961051102309 19.4797330007643 0 0
 351.123833215896 14.1570964265655 0 0
 353.286244788047 15.6457686105731 0 0
 355.448291776 12.7843084489178 0 0
 357.609980136993 8.72384418620113 0 0
 359.771315828264 12.0975566354585 0 0
 361.932304807051 15.511372868687 0 0
 364.092953030592 18.9348505184753 0 0
 366.253266456125 22.0697434527784 0 0
 368.413251040888 12.2672765839826 0 0
 370.572912742119 3.94495611575176 0 0
 372.732257517056 6.30438703803607 0 0
 374.891291322937 3.75767930436318 0 0
 377.050020117 0.697134069755227 0 0
 379.208449856483 5.04728561274317 0 0
 381.366586498624 2.62202242561414 0 0
 383.524436000661 -0.290185494282701 0 0
 385.682004319832 4.39282334802173 0 0
 387.839297413375 1.80784841960043 0 0
 389.996321238528 -0.585504800496736 0 0
 392.153081752529 4.17819840711762 0 0
 394.309584912616 1.37709144829158 0 0
 396.465836676027 -0.633467150560944 0 0
 398.621843 4.9086526348129 0 0
 400.777609841773 6.26253427669294 0 0
 402.933143158584 12.4449698855305 0 0
 405.088448907671 19.3135158054997 0 0
 407.243533046272 11.931374066947 0 0
 409.398401531625 4.88431221238592 0 0
 411.553060320968 7.05020112111246 0 0
 413.707515371539 4.87203806014328 0 0
 415.861772640576 5.5688202327026 0 0
 418.015838085317 11.8506430717181 0 0
 420.169717663 13.4522920578964 0 0
 422.323417330863 18.2785429491046 0 0
 424.476943046144 28.8215185546089 0 0
 426.630300766081 37.1128625359755 0 0
 428.783496447912 51.5438217471319 0 0
 430.936536048875 78.1663022539709 0 0
 433.089425526208 120.958495996102 0 0
 435.242170837149 169.407742616381 0 0
 437.394777938936 207.659547422465 0 0
 439.547252788807 235.812494356275 0 0
 441.699601344 293.151872058042 0 0
 443.851829561753 372.71620856551 0 0
 446.003943399304 447.332507654719 0 0
 448.155948813891 502.139718692102 0 0
 450.307851762752 520.786676336895 0 0
 452.459658203125 492.525048022907 0 0
 454.611374092248 439.030247727365 0 0
 456.763005387359 379.740396815897 0 0
 458.914558045696 319.36276256677 0 0
 461.066038024497 273.201922920929 0 0
 463.217451281 240.279281790674 0 0
 465.368803772443 206.252314167433 0 0
 467.520101456064 178.701520813848 0 0
 469.671350289101 156.366207203258 0 0
 471.822556228792 130.463440801772 0 0
 473.973725232375 112.934809192856 0 0
 476.124863257088 102.399337726726 0 0
 478.275976260169 89.9207333243865 0 0
 480.427070198856 84.6498093541452 0 0
 482.578151030387 84.6792007177461 0 0
 484.729224712 79.5799728975834 0 0
 486.880297200933 80.0039083391577 0 0
 489.031374454424 83.9733579935872 0 0
 491.182462429711 82.6400693549354 0 0
 493.333567084032 86.4114461544165 0 0
 495.484694374625 92.8695345260598 0 0
 497.635850258728 93.4863727097941 0 0
 499.787040693579 98.848391610612 0 0
 501.938271636416 105.623309966074 0 0
 504.089549044477 -NAN 0 0
 506.240878875 -NAN 0 0
 508.392267085223 -NAN 0 0
 510.543719632384 -NAN 0 0
 512.695242473721 -NAN 0 0
 514.846841566472 -NAN 0 0
 516.998522867875 -NAN 0 0
 519.150292335168 -NAN 0 0
 521.302155925589 -NAN 0 0
 523.454119596376 -NAN 0 0
 525.606189304767 -NAN 0 0
 527.758371008 -NAN 0 0
 529.910670663313 -NAN 0 0
 532.063094227944 -NAN 0 0
 534.215647659131 -NAN 0 0
 536.368336914112 -NAN 0 0
 538.521167950125 -NAN 0 0
 540.674146724408 -NAN 0 0
 542.827279194199 -NAN 0 0
 544.980571316736 -NAN 0 0
 547.134029049257 -NAN 0 0
 549.287658349 -NAN 0 0
 551.441465173203 -NAN 0 0
 553.595455479104 -NAN 0 0
 555.749635223941 -NAN 0 0
 557.904010364952 -NAN 0 0
 560.058586859375 -NAN 0 0
 562.213370664448 -NAN 0 0
 564.368367737409 -NAN 0 0
 566.523584035496 -NAN 0 0
 568.679025515947 -NAN 0 0
 570.834698136 -NAN 0 0
 572.990607852893 -NAN 0 0
 575.146760623864 -NAN 0 0
 577.303162406151 -NAN 0 0
 579.459819156992 -NAN 0 0
 581.616736833625 -NAN 0 0
 583.773921393288 -NAN 0 0
 585.931378793219 -NAN 0 0
 588.089114990656 -NAN 0 0
 590.247135942837 -NAN 0 0
 592.405447607 -NAN 0 0
 594.564055940383 -NAN 0 0
 596.722966900224 -NAN 0 0
 598.882186443761 -NAN 0 0
 601.041720528232 -NAN 0 0
 603.201575110875 -NAN 0 0
 605.361756148928 -NAN 0 0
 607.522269599629 -NAN 0 0
 609.683121420216 -NAN 0 0
 611.844317567927 -NAN 0 0
 614.005864 -NAN 0 0
 616.167766673673 -NAN 0 0
 618.330031546184 -NAN 0 0
 620.492664574771 -NAN 0 0
 622.655671716672 -NAN 0 0
 624.819058929125 -NAN 0 0
 626.982832169368 -NAN 0 0
 629.146997394639 -NAN 0 0
 631.311560562176 -NAN 0 0
 633.476527629217 -NAN 0 0
 635.641904553 -NAN 0 0
 637.807697290763 -NAN 0 0
 639.973911799744 -NAN 0 0
 642.140554037181 -NAN 0 0
 644.307629960312 -NAN 0 0
 646.475145526375 -NAN 0 0
 648.643106692608 -NAN 0 0
 650.811519416249 -NAN 0 0
 652.980389654536 -NAN 0 0
 655.149723364707 -NAN 0 0
 657.319526504 -NAN 0 0
 659.489805029653 -NAN 0 0
 661.660564898904 -NAN 0 0
 663.831812068991 -NAN 0 0
 666.003552497152 -NAN 0 0
 668.175792140625 -NAN 0 0
 670.348536956648 -NAN 0 0
 672.521792902459 -NAN 0 0
 674.695565935296 -NAN 0 0
 676.869862012397 -NAN 0 0
 679.044687091 -NAN 0 0
 681.220047128343 -NAN 0 0
 683.395948081664 -NAN 0 0
 685.572395908201 -NAN 0 0
 687.749396565192 -NAN 0 0
 689.926956009875 -NAN 0 0
 692.105080199488 -NAN 0 0
 694.283775091269 -NAN 0 0
 696.463046642456 -NAN 0 0
 698.642900810287 -NAN 0 0
 700.823343552 -NAN 0 0
 703.004380824833 -NAN 0 0
 705.186018586024 -NAN 0 0
 707.368262792811 -NAN 0 0
 709.551119402432 -NAN 0 0
 711.734594372125 -NAN 0 0
 713.918693659128 -NAN 0 0
 716.103423220679 -NAN 0 0
 718.288789014016 -NAN 0 0
 720.474796996377 -NAN 0 0
 722.661453125 -NAN 0 0
 724.848763357123 -NAN 0 0
 727.036733649984 -NAN 0 0
 729.225369960821 -NAN 0 0
 731.414678246872 -NAN 0 0
 733.604664465375 -NAN 0 0
 735.795334573568 -NAN 0 0
[END] of [DATA]
[END] of Spectrum


