[Spectrum]
Version            = 1
IDData             = 12ad_2026-06-09_17-43-55_000_883
IDDevice           = SAM_82E6
IDDataType         = SPECTRUM
IDDataTypeSub1     = CALIBRATED
IDDataTypeSub2     = 
IDDataTypeSub3     = 
DateTime           = 2026-06-09 17:43:55
PositionLatitude   = 0
PositionLongitude  = 0
Comment            = 20260609_FrameA
CommentSub1        = UV
CommentSub2        = left
CommentSub3        = 44.5cm
IDMethodType       = SAM Control
MethodName         = SAM_82E6
Mission            = No Mission
MissionSub         = 1
RecordType         = 0
[Attributes]
CalFactor = 1
IDBasisSpec = 
IDDataBack = DLAB_2024-11-11_10-40-48_641_639
IDDataCal = DLAB_2024-11-12_11-45-27_171_455
IntegrationTime = 128
P31 = -1
P31e = 0
PathLength = +INF
PathLengthCustomOn = 0
RAWDynamic = 65535
Salinity = 0
Temperature = -NAN
Unit1 = $01 $01 Wavelength nm
Unit2 = $03 $06 Intensity mW/(m^2 nm)
Unit3 = $f0 $06 Error mW/(m^2 nm)
Unit4 = $f1 $00 Status 
p999 = 8133
[END] of [Attributes]
[DATA]
 0 6 0 0
 185.260577530984 -NAN 0 0
 187.468128380571 -NAN 0 0
 189.674861895872 -NAN 0 0
 191.880784034125 -NAN 0 0
 194.085900752568 -NAN 0 0
 196.290218008439 -NAN 0 0
 198.493741758976 -NAN 0 0
 200.696477961417 -NAN 0 0
 202.898432573 -NAN 0 0
 205.099611550963 -NAN 0 0
 207.300020852544 -NAN 0 0
 209.499666434981 -NAN 0 0
 211.698554255512 -NAN 0 0
 213.896690271375 -NAN 0 0
 216.094080439808 -NAN 0 0
 218.290730718049 -NAN 0 0
 220.486647063336 -NAN 0 0
 222.681835432907 -NAN 0 0
 224.876301784 -NAN 0 0
 227.070052073853 -NAN 0 0
 229.263092259704 -NAN 0 0
 231.455428298791 -NAN 0 0
 233.647066148352 -NAN 0 0
 235.838011765625 -NAN 0 0
 238.028271107848 -NAN 0 0
 240.217850132259 -NAN 0 0
 242.406754796096 -NAN 0 0
 244.594991056597 -NAN 0 0
 246.782564871 -NAN 0 0
 248.969482196543 -NAN 0 0
 251.155748990464 -NAN 0 0
 253.341371210001 -NAN 0 0
 255.526354812392 -NAN 0 0
 257.710705754875 -NAN 0 0
 259.894429994688 -NAN 0 0
 262.077533489069 -NAN 0 0
 264.260022195256 -NAN 0 0
 266.441902070487 -NAN 0 0
 268.623179072 -NAN 0 0
 270.803859157033 -NAN 0 0
 272.983948282824 -NAN 0 0
 275.163452406611 -NAN 0 0
 277.342377485632 -NAN 0 0
 279.520729477125 5.73386764709607 0 0
 281.698514338328 8.96683066944747 0 0
 283.875738026479 31.8740732437517 0 0
 286.052406498816 28.3198847618869 0 0
 288.228525712577 40.7040241665395 0 0
 290.404101625 74.6412488479224 0 0
 292.579140193323 81.1716731591669 0 0
 294.753647374784 107.487716519478 0 0
 296.927629126621 142.691431757656 0 0
 299.101091406072 151.642737104691 0 0
 301.274040170375 177.660763056876 0 0
 303.446481376768 201.045918340543 0 0
 305.618420982489 203.075047574109 0 0
 307.789864944776 212.823571539232 0 0
 309.960819220867 233.768728333636 0 0
 312.131289768 231.740698528181 0 0
 314.301282543413 224.581407407298 0 0
 316.470803504344 214.654497988817 0 0
 318.639858608031 183.854747457117 0 0
 320.808453811712 171.08986950459 0 0
 322.976595072625 171.526479978369 0 0
 325.144288348008 141.579761658224 0 0
 327.311539595099 131.753307385522 0 0
 329.478354771136 130.593714941838 0 0
 331.644739833357 101.369683526604 0 0
 333.810700739 96.7713066758998 0 0
 335.976243445303 95.6030348398411 0 0
 338.141373909504 67.7540599494149 0 0
 340.306098088841 64.7220340515862 0 0
 342.470421940552 64.9291286472936 0 0
 344.634351421875 42.8618580073207 0 0
 346.797892490048 43.1263516004348 0 0
 348.961051102309 43.51145603337 0 0
 351.123833215896 25.3881762645983 0 0
 353.286244788047 27.8813714399613 0 0
 355.448291776 29.5206534567614 0 0
 357.609980136993 14.2439417261591 0 0
 359.771315828264 20.5270458391897 0 0
 361.932304807051 32.6947380491506 0 0
 364.092953030592 30.2013193579254 0 0
 366.253266456125 36.9816491531879 0 0
 368.413251040888 26.8961051900796 0 0
 370.572912742119 2.77813853088241 0 0
 372.732257517056 9.01385165252498 0 0
 374.891291322937 11.6564252150978 0 0
 377.050020117 -4.68128303652989 0 0
 379.208449856483 6.51810065500233 0 0
 381.366586498624 9.27143732625522 0 0
 383.524436000661 -6.90602036380604 0 0
 385.682004319832 5.32446660580661 0 0
 387.839297413375 7.73460889374009 0 0
 389.996321238528 -7.85737297619936 0 0
 392.153081752529 5.13704749939923 0 0
 394.309584912616 6.59027481585714 0 0
 396.465836676027 -7.75285923155066 0 0
 398.621843 6.94801993487685 0 0
 400.777609841773 16.4779813530564 0 0
 402.933143158584 19.3657851870085 0 0
 405.088448907671 37.0781237251625 0 0
 407.243533046272 27.4217589362118 0 0
 409.398401531625 3.07733631448073 0 0
 411.553060320968 10.4329754012282 0 0
 413.707515371539 9.99603525997364 0 0
 415.861772640576 2.12222616063174 0 0
 418.015838085317 16.7055994148261 0 0
 420.169717663 20.9684466264324 0 0
 422.323417330863 20.0977810547026 0 0
 424.476943046144 40.6031793622385 0 0
 426.630300766081 53.7439322191838 0 0
 428.783496447912 67.5121740078774 0 0
 430.936536048875 113.502703162772 0 0
 433.089425526208 186.892208285051 0 0
 435.242170837149 258.677671136566 0 0
 437.394777938936 315.110667466429 0 0
 439.547252788807 342.357632061189 0 0
 441.699601344 409.890918280943 0 0
 443.851829561753 526.914811088139 0 0
 446.003943399304 638.931317960508 0 0
 448.155948813891 728.735384838357 0 0
 450.307851762752 794.718797363428 0 0
 452.459658203125 793.672993948465 0 0
 454.611374092248 742.011019929906 0 0
 456.763005387359 674.597124080537 0 0
 458.914558045696 577.053378754787 0 0
 461.066038024497 483.862022561696 0 0
 463.217451281 425.55995706403 0 0
 465.368803772443 365.040864288973 0 0
 467.520101456064 314.255312154781 0 0
 469.671350289101 287.390802745481 0 0
 471.822556228792 243.388092589255 0 0
 473.973725232375 204.113028879371 0 0
 476.124863257088 189.374230724716 0 0
 478.275976260169 161.117150230826 0 0
 480.427070198856 142.259510429229 0 0
 482.578151030387 147.490395069068 0 0
 484.729224712 135.009547928144 0 0
 486.880297200933 128.556923843585 0 0
 489.031374454424 141.623998368999 0 0
 491.182462429711 133.911819788824 0 0
 493.333567084032 133.152443708681 0 0
 495.484694374625 149.956569505438 0 0
 497.635850258728 145.550737481609 0 0
 499.787040693579 148.502727913487 0 0
 501.938271636416 166.904762342394 0 0
 504.089549044477 -NAN 0 0
 506.240878875 -NAN 0 0
 508.392267085223 -NAN 0 0
 510.543719632384 -NAN 0 0
 512.695242473721 -NAN 0 0
 514.846841566472 -NAN 0 0
 516.998522867875 -NAN 0 0
 519.150292335168 -NAN 0 0
 521.302155925589 -NAN 0 0
 523.454119596376 -NAN 0 0
 525.606189304767 -NAN 0 0
 527.758371008 -NAN 0 0
 529.910670663313 -NAN 0 0
 532.063094227944 -NAN 0 0
 534.215647659131 -NAN 0 0
 536.368336914112 -NAN 0 0
 538.521167950125 -NAN 0 0
 540.674146724408 -NAN 0 0
 542.827279194199 -NAN 0 0
 544.980571316736 -NAN 0 0
 547.134029049257 -NAN 0 0
 549.287658349 -NAN 0 0
 551.441465173203 -NAN 0 0
 553.595455479104 -NAN 0 0
 555.749635223941 -NAN 0 0
 557.904010364952 -NAN 0 0
 560.058586859375 -NAN 0 0
 562.213370664448 -NAN 0 0
 564.368367737409 -NAN 0 0
 566.523584035496 -NAN 0 0
 568.679025515947 -NAN 0 0
 570.834698136 -NAN 0 0
 572.990607852893 -NAN 0 0
 575.146760623864 -NAN 0 0
 577.303162406151 -NAN 0 0
 579.459819156992 -NAN 0 0
 581.616736833625 -NAN 0 0
 583.773921393288 -NAN 0 0
 585.931378793219 -NAN 0 0
 588.089114990656 -NAN 0 0
 590.247135942837 -NAN 0 0
 592.405447607 -NAN 0 0
 594.564055940383 -NAN 0 0
 596.722966900224 -NAN 0 0
 598.882186443761 -NAN 0 0
 601.041720528232 -NAN 0 0
 603.201575110875 -NAN 0 0
 605.361756148928 -NAN 0 0
 607.522269599629 -NAN 0 0
 609.683121420216 -NAN 0 0
 611.844317567927 -NAN 0 0
 614.005864 -NAN 0 0
 616.167766673673 -NAN 0 0
 618.330031546184 -NAN 0 0
 620.492664574771 -NAN 0 0
 622.655671716672 -NAN 0 0
 624.819058929125 -NAN 0 0
 626.982832169368 -NAN 0 0
 629.146997394639 -NAN 0 0
 631.311560562176 -NAN 0 0
 633.476527629217 -NAN 0 0
 635.641904553 -NAN 0 0
 637.807697290763 -NAN 0 0
 639.973911799744 -NAN 0 0
 642.140554037181 -NAN 0 0
 644.307629960312 -NAN 0 0
 646.475145526375 -NAN 0 0
 648.643106692608 -NAN 0 0
 650.811519416249 -NAN 0 0
 652.980389654536 -NAN 0 0
 655.149723364707 -NAN 0 0
 657.319526504 -NAN 0 0
 659.489805029653 -NAN 0 0
 661.660564898904 -NAN 0 0
 663.831812068991 -NAN 0 0
 666.003552497152 -NAN 0 0
 668.175792140625 -NAN 0 0
 670.348536956648 -NAN 0 0
 672.521792902459 -NAN 0 0
 674.695565935296 -NAN 0 0
 676.869862012397 -NAN 0 0
 679.044687091 -NAN 0 0
 681.220047128343 -NAN 0 0
 683.395948081664 -NAN 0 0
 685.572395908201 -NAN 0 0
 687.749396565192 -NAN 0 0
 689.926956009875 -NAN 0 0
 692.105080199488 -NAN 0 0
 694.283775091269 -NAN 0 0
 696.463046642456 -NAN 0 0
 698.642900810287 -NAN 0 0
 700.823343552 -NAN 0 0
 703.004380824833 -NAN 0 0
 705.186018586024 -NAN 0 0
 707.368262792811 -NAN 0 0
 709.551119402432 -NAN 0 0
 711.734594372125 -NAN 0 0
 713.918693659128 -NAN 0 0
 716.103423220679 -NAN 0 0
 718.288789014016 -NAN 0 0
 720.474796996377 -NAN 0 0
 722.661453125 -NAN 0 0
 724.848763357123 -NAN 0 0
 727.036733649984 -NAN 0 0
 729.225369960821 -NAN 0 0
 731.414678246872 -NAN 0 0
 733.604664465375 -NAN 0 0
 735.795334573568 -NAN 0 0
[END] of [DATA]
[END] of Spectrum


[Spectrum]
Version            = 1
IDData             = 12ad_2026-06-09_17-43-50_000_880
IDDevice           = SAM_82E6
IDDataType         = SPECTRUM
IDDataTypeSub1     = CALIBRATED
IDDataTypeSub2     = 
IDDataTypeSub3     = 
DateTime           = 2026-06-09 17:43:50
PositionLatitude   = 0
PositionLongitude  = 0
Comment            = 20260609_FrameA
CommentSub1        = UV
CommentSub2        = left
CommentSub3        = 44.5cm
IDMethodType       = SAM Control
MethodName         = SAM_82E6
Mission            = No Mission
MissionSub         = 1
RecordType         = 0
[Attributes]
CalFactor = 1
IDBasisSpec = 
IDDataBack = DLAB_2024-11-11_10-40-48_641_639
IDDataCal = DLAB_2024-11-12_11-45-27_171_455
IntegrationTime = 128
P31 = -1
P31e = 0
PathLength = +INF
PathLengthCustomOn = 0
RAWDynamic = 65535
Salinity = 0
Temperature = -NAN
Unit1 = $01 $01 Wavelength nm
Unit2 = $03 $06 Intensity mW/(m^2 nm)
Unit3 = $f0 $06 Error mW/(m^2 nm)
Unit4 = $f1 $00 Status 
p999 = 8132
[END] of [Attributes]
[DATA]
 0 6 0 0
 185.260577530984 -NAN 0 0
 187.468128380571 -NAN 0 0
 189.674861895872 -NAN 0 0
 191.880784034125 -NAN 0 0
 194.085900752568 -NAN 0 0
 196.290218008439 -NAN 0 0
 198.493741758976 -NAN 0 0
 200.696477961417 -NAN 0 0
 202.898432573 -NAN 0 0
 205.099611550963 -NAN 0 0
 207.300020852544 -NAN 0 0
 209.499666434981 -NAN 0 0
 211.698554255512 -NAN 0 0
 213.896690271375 -NAN 0 0
 216.094080439808 -NAN 0 0
 218.290730718049 -NAN 0 0
 220.486647063336 -NAN 0 0
 222.681835432907 -NAN 0 0
 224.876301784 -NAN 0 0
 227.070052073853 -NAN 0 0
 229.263092259704 -NAN 0 0
 231.455428298791 -NAN 0 0
 233.647066148352 -NAN 0 0
 235.838011765625 -NAN 0 0
 238.028271107848 -NAN 0 0
 240.217850132259 -NAN 0 0
 242.406754796096 -NAN 0 0
 244.594991056597 -NAN 0 0
 246.782564871 -NAN 0 0
 248.969482196543 -NAN 0 0
 251.155748990464 -NAN 0 0
 253.341371210001 -NAN 0 0
 255.526354812392 -NAN 0 0
 257.710705754875 -NAN 0 0
 259.894429994688 -NAN 0 0
 262.077533489069 -NAN 0 0
 264.260022195256 -NAN 0 0
 266.441902070487 -NAN 0 0
 268.623179072 -NAN 0 0
 270.803859157033 -NAN 0 0
 272.983948282824 -NAN 0 0
 275.163452406611 -NAN 0 0
 277.342377485632 -NAN 0 0
 279.520729477125 2.09379791287394 0 0
 281.698514338328 20.7952480116891 0 0
 283.875738026479 26.424616526191 0 0
 286.052406498816 24.5726006777986 0 0
 288.228525712577 53.5625114893383 0 0
 290.404101625 68.5848754231715 0 0
 292.579140193323 77.9395431275791 0 0
 294.753647374784 119.131621677577 0 0
 296.927629126621 136.352084072989 0 0
 299.101091406072 148.652701781714 0 0
 301.274040170375 186.571101877165 0 0
 303.446481376768 194.688292181651 0 0
 305.618420982489 200.086437690427 0 0
 307.789864944776 220.80078757244 0 0
 309.960819220867 226.60259356321 0 0
 312.131289768 229.302278719732 0 0
 314.301282543413 233.112890766062 0 0
 316.470803504344 207.058821390216 0 0
 318.639858608031 182.456388536388 0 0
 320.808453811712 181.67081015523 0 0
 322.976595072625 163.467421491062 0 0
 325.144288348008 141.491696169601 0 0
 327.311539595099 144.066181363109 0 0
 329.478354771136 122.28339718319 0 0
 331.644739833357 102.638440407561 0 0
 333.810700739 109.150353002215 0 0
 335.976243445303 87.5075894988355 0 0
 338.141373909504 69.8171316057011 0 0
 340.306098088841 76.1463095254771 0 0
 342.470421940552 57.8725081378526 0 0
 344.634351421875 45.7051737912314 0 0
 346.797892490048 52.9677510324269 0 0
 348.961051102309 37.1955967773394 0 0
 351.123833215896 28.7251491537816 0 0
 353.286244788047 36.5294924665969 0 0
 355.448291776 23.6270591192092 0 0
 357.609980136993 17.9179387503291 0 0
 359.771315828264 28.7865900009164 0 0
 361.932304807051 26.5401747009176 0 0
 364.092953030592 34.2985250316767 0 0
 366.253266456125 45.3187229095684 0 0
 368.413251040888 19.8393047163835 0 0
 370.572912742119 8.01437374220677 0 0
 372.732257517056 18.0449655312475 0 0
 374.891291322937 4.04808426040041 0 0
 377.050020117 2.01311506985679 0 0
 379.208449856483 15.3499881256946 0 0
 381.366586498624 0.841307701956806 0 0
 383.524436000661 0.0423827891691701 0 0
 385.682004319832 13.7121006381079 0 0
 387.839297413375 -0.76801831288485 0 0
 389.996321238528 -0.560221117444264 0 0
 392.153081752529 12.470647286242 0 0
 394.309584912616 -2.08381867121702 0 0
 396.465836676027 -0.319317094564039 0 0
 398.621843 13.4827525001436 0 0
 400.777609841773 8.06503073090552 0 0
 402.933143158584 26.0635527878713 0 0
 405.088448907671 41.9120724260734 0 0
 407.243533046272 19.2447270276951 0 0
 409.398401531625 9.52492881765924 0 0
 411.553060320968 14.4356124610717 0 0
 413.707515371539 2.82922733630281 0 0
 415.861772640576 8.19586587721263 0 0
 418.015838085317 19.8128107937619 0 0
 420.169717663 14.5080539834453 0 0
 422.323417330863 25.6122607275848 0 0
 424.476943046144 42.7699113769619 0 0
 426.630300766081 47.8181371615607 0 0
 428.783496447912 72.8169747668317 0 0
 430.936536048875 114.920839626267 0 0
 433.089425526208 180.489014109124 0 0
 435.242170837149 262.800821814164 0 0
 437.394777938936 315.177009626821 0 0
 439.547252788807 336.222820441359 0 0
 441.699601344 415.418529832613 0 0
 443.851829561753 527.104819082822 0 0
 446.003943399304 633.088685726798 0 0
 448.155948813891 734.714984164548 0 0
 450.307851762752 794.842345793853 0 0
 452.459658203125 787.563980849992 0 0
 454.611374092248 748.782767188611 0 0
 456.763005387359 674.098258780741 0 0
 458.914558045696 570.525257729974 0 0
 461.066038024497 491.410960571604 0 0
 463.217451281 424.711384512788 0 0
 465.368803772443 358.23155425172 0 0
 467.520101456064 322.286899728483 0 0
 469.671350289101 285.921851612781 0 0
 471.822556228792 237.044969005417 0 0
 473.973725232375 212.548503428846 0 0
 476.124863257088 187.672574510432 0 0
 478.275976260169 154.788604533497 0 0
 480.427070198856 150.933100310934 0 0
 482.578151030387 145.091794328757 0 0
 484.729224712 129.067272176839 0 0
 486.880297200933 137.73059692622 0 0
 489.031374454424 138.917306230185 0 0
 491.182462429711 128.616780496188 0 0
 493.333567084032 142.022355994959 0 0
 495.484694374625 147.040069182219 0 0
 497.635850258728 140.724456992067 0 0
 499.787040693579 157.555596312629 0 0
 501.938271636416 163.700834000351 0 0
 504.089549044477 -NAN 0 0
 506.240878875 -NAN 0 0
 508.392267085223 -NAN 0 0
 510.543719632384 -NAN 0 0
 512.695242473721 -NAN 0 0
 514.846841566472 -NAN 0 0
 516.998522867875 -NAN 0 0
 519.150292335168 -NAN 0 0
 521.302155925589 -NAN 0 0
 523.454119596376 -NAN 0 0
 525.606189304767 -NAN 0 0
 527.758371008 -NAN 0 0
 529.910670663313 -NAN 0 0
 532.063094227944 -NAN 0 0
 534.215647659131 -NAN 0 0
 536.368336914112 -NAN 0 0
 538.521167950125 -NAN 0 0
 540.674146724408 -NAN 0 0
 542.827279194199 -NAN 0 0
 544.980571316736 -NAN 0 0
 547.134029049257 -NAN 0 0
 549.287658349 -NAN 0 0
 551.441465173203 -NAN 0 0
 553.595455479104 -NAN 0 0
 555.749635223941 -NAN 0 0
 557.904010364952 -NAN 0 0
 560.058586859375 -NAN 0 0
 562.213370664448 -NAN 0 0
 564.368367737409 -NAN 0 0
 566.523584035496 -NAN 0 0
 568.679025515947 -NAN 0 0
 570.834698136 -NAN 0 0
 572.990607852893 -NAN 0 0
 575.146760623864 -NAN 0 0
 577.303162406151 -NAN 0 0
 579.459819156992 -NAN 0 0
 581.616736833625 -NAN 0 0
 583.773921393288 -NAN 0 0
 585.931378793219 -NAN 0 0
 588.089114990656 -NAN 0 0
 590.247135942837 -NAN 0 0
 592.405447607 -NAN 0 0
 594.564055940383 -NAN 0 0
 596.722966900224 -NAN 0 0
 598.882186443761 -NAN 0 0
 601.041720528232 -NAN 0 0
 603.201575110875 -NAN 0 0
 605.361756148928 -NAN 0 0
 607.522269599629 -NAN 0 0
 609.683121420216 -NAN 0 0
 611.844317567927 -NAN 0 0
 614.005864 -NAN 0 0
 616.167766673673 -NAN 0 0
 618.330031546184 -NAN 0 0
 620.492664574771 -NAN 0 0
 622.655671716672 -NAN 0 0
 624.819058929125 -NAN 0 0
 626.982832169368 -NAN 0 0
 629.146997394639 -NAN 0 0
 631.311560562176 -NAN 0 0
 633.476527629217 -NAN 0 0
 635.641904553 -NAN 0 0
 637.807697290763 -NAN 0 0
 639.973911799744 -NAN 0 0
 642.140554037181 -NAN 0 0
 644.307629960312 -NAN 0 0
 646.475145526375 -NAN 0 0
 648.643106692608 -NAN 0 0
 650.811519416249 -NAN 0 0
 652.980389654536 -NAN 0 0
 655.149723364707 -NAN 0 0
 657.319526504 -NAN 0 0
 659.489805029653 -NAN 0 0
 661.660564898904 -NAN 0 0
 663.831812068991 -NAN 0 0
 666.003552497152 -NAN 0 0
 668.175792140625 -NAN 0 0
 670.348536956648 -NAN 0 0
 672.521792902459 -NAN 0 0
 674.695565935296 -NAN 0 0
 676.869862012397 -NAN 0 0
 679.044687091 -NAN 0 0
 681.220047128343 -NAN 0 0
 683.395948081664 -NAN 0 0
 685.572395908201 -NAN 0 0
 687.749396565192 -NAN 0 0
 689.926956009875 -NAN 0 0
 692.105080199488 -NAN 0 0
 694.283775091269 -NAN 0 0
 696.463046642456 -NAN 0 0
 698.642900810287 -NAN 0 0
 700.823343552 -NAN 0 0
 703.004380824833 -NAN 0 0
 705.186018586024 -NAN 0 0
 707.368262792811 -NAN 0 0
 709.551119402432 -NAN 0 0
 711.734594372125 -NAN 0 0
 713.918693659128 -NAN 0 0
 716.103423220679 -NAN 0 0
 718.288789014016 -NAN 0 0
 720.474796996377 -NAN 0 0
 722.661453125 -NAN 0 0
 724.848763357123 -NAN 0 0
 727.036733649984 -NAN 0 0
 729.225369960821 -NAN 0 0
 731.414678246872 -NAN 0 0
 733.604664465375 -NAN 0 0
 735.795334573568 -NAN 0 0
[END] of [DATA]
[END] of Spectrum


[Spectrum]
Version            = 1
IDData             = 12ad_2026-06-09_17-43-45_000_877
IDDevice           = SAM_82E6
IDDataType         = SPECTRUM
IDDataTypeSub1     = CALIBRATED
IDDataTypeSub2     = 
IDDataTypeSub3     = 
DateTime           = 2026-06-09 17:43:45
PositionLatitude   = 0
PositionLongitude  = 0
Comment            = 20260609_FrameA
CommentSub1        = UV
CommentSub2        = left
CommentSub3        = 44.5cm
IDMethodType       = SAM Control
MethodName         = SAM_82E6
Mission            = No Mission
MissionSub         = 1
RecordType         = 0
[Attributes]
CalFactor = 1
IDBasisSpec = 
IDDataBack = DLAB_2024-11-11_10-40-48_641_639
IDDataCal = DLAB_2024-11-12_11-45-27_171_455
IntegrationTime = 128
P31 = -1
P31e = 0
PathLength = +INF
PathLengthCustomOn = 0
RAWDynamic = 65535
Salinity = 0
Temperature = -NAN
Unit1 = $01 $01 Wavelength nm
Unit2 = $03 $06 Intensity mW/(m^2 nm)
Unit3 = $f0 $06 Error mW/(m^2 nm)
Unit4 = $f1 $00 Status 
p999 = 8131
[END] of [Attributes]
[DATA]
 0 6 0 0
 185.260577530984 -NAN 0 0
 187.468128380571 -NAN 0 0
 189.674861895872 -NAN 0 0
 191.880784034125 -NAN 0 0
 194.085900752568 -NAN 0 0
 196.290218008439 -NAN 0 0
 198.493741758976 -NAN 0 0
 200.696477961417 -NAN 0 0
 202.898432573 -NAN 0 0
 205.099611550963 -NAN 0 0
 207.300020852544 -NAN 0 0
 209.499666434981 -NAN 0 0
 211.698554255512 -NAN 0 0
 213.896690271375 -NAN 0 0
 216.094080439808 -NAN 0 0
 218.290730718049 -NAN 0 0
 220.486647063336 -NAN 0 0
 222.681835432907 -NAN 0 0
 224.876301784 -NAN 0 0
 227.070052073853 -NAN 0 0
 229.263092259704 -NAN 0 0
 231.455428298791 -NAN 0 0
 233.647066148352 -NAN 0 0
 235.838011765625 -NAN 0 0
 238.028271107848 -NAN 0 0
 240.217850132259 -NAN 0 0
 242.406754796096 -NAN 0 0
 244.594991056597 -NAN 0 0
 246.782564871 -NAN 0 0
 248.969482196543 -NAN 0 0
 251.155748990464 -NAN 0 0
 253.341371210001 -NAN 0 0
 255.526354812392 -NAN 0 0
 257.710705754875 -NAN 0 0
 259.894429994688 -NAN 0 0
 262.077533489069 -NAN 0 0
 264.260022195256 -NAN 0 0
 266.441902070487 -NAN 0 0
 268.623179072 -NAN 0 0
 270.803859157033 -NAN 0 0
 272.983948282824 -NAN 0 0
 275.163452406611 -NAN 0 0
 277.342377485632 -NAN 0 0
 279.520729477125 11.7138932590477 0 0
 281.698514338328 19.9284147301697 0 0
 283.875738026479 12.7536679688693 0 0
 286.052406498816 36.0757900610733 0 0
 288.228525712577 51.6584524751879 0 0
 290.404101625 54.2458842247397 0 0
 292.579140193323 88.4732141812448 0 0
 294.753647374784 115.415481733503 0 0
 296.927629126621 123.283607061517 0 0
 299.101091406072 156.764766526035 0 0
 301.274040170375 181.854273213996 0 0
 303.446481376768 182.719004245678 0 0
 305.618420982489 206.86485010383 0 0
 307.789864944776 215.320526738693 0 0
 309.960819220867 215.148233371422 0 0
 312.131289768 236.354229314815 0 0
 314.301282543413 226.858175080252 0 0
 316.470803504344 194.967071141488 0 0
 318.639858608031 191.931009926611 0 0
 320.808453811712 174.75040375912 0 0
 322.976595072625 151.448441750874 0 0
 325.144288348008 152.774184589086 0 0
 327.311539595099 136.418096645753 0 0
 329.478354771136 111.042825981811 0 0
 331.644739833357 115.354138016123 0 0
 333.810700739 101.108339527281 0 0
 335.976243445303 77.7258958914325 0 0
 338.141373909504 82.3598769850699 0 0
 340.306098088841 68.6988817572415 0 0
 342.470421940552 49.9568891028607 0 0
 344.634351421875 57.2532360838682 0 0
 346.797892490048 46.0134198025289 0 0
 348.961051102309 31.2452038324067 0 0
 351.123833215896 39.2666700184039 0 0
 353.286244788047 30.0164138015995 0 0
 355.448291776 18.7897724362429 0 0
 357.609980136993 28.2524608372611 0 0
 359.771315828264 21.9941663283934 0 0
 361.932304807051 22.3533147460893 0 0
 364.092953030592 45.5401554790567 0 0
 366.253266456125 37.5024972965337 0 0
 368.413251040888 16.1551238815506 0 0
 370.572912742119 20.7011599906086 0 0
 372.732257517056 9.26692634448976 0 0
 374.891291322937 0.68826025513646 0 0
 377.050020117 15.7729793004785 0 0
 379.208449856483 5.681233485382 0 0
 381.366586498624 -1.57113676890277 0 0
 383.524436000661 14.3470826735413 0 0
 385.682004319832 3.44980124128682 0 0
 387.839297413375 -2.57452550975984 0 0
 389.996321238528 13.3753021916432 0 0
 392.153081752529 2.1841808302599 0 0
 394.309584912616 -2.84063707796535 0 0
 396.465836676027 12.8306820442808 0 0
 398.621843 3.28856969832748 0 0
 400.777609841773 7.74120561034352 0 0
 402.933143158584 37.6785083341167 0 0
 405.088448907671 31.7220839955635 0 0
 407.243533046272 19.5904362076135 0 0
 409.398401531625 20.0058473580136 0 0
 411.553060320968 5.44539623765358 0 0
 413.707515371539 3.84426880188709 0 0
 415.861772640576 17.3476600863507 0 0
 418.015838085317 11.5351053138445 0 0
 420.169717663 15.9583075962289 0 0
 422.323417330863 33.5420147449902 0 0
 424.476943046144 35.2791078242168 0 0
 426.630300766081 49.4987668741889 0 0
 428.783496447912 79.6778953733991 0 0
 430.936536048875 107.536806593509 0 0
 433.089425526208 181.642706320617 0 0
 435.242170837149 267.579328870058 0 0
 437.394777938936 307.021719717436 0 0
 439.547252788807 338.11785849347 0 0
 441.699601344 420.924770692782 0 0
 443.851829561753 519.709574003393 0 0
 446.003943399304 636.017274119826 0 0
 448.155948813891 740.608596589203 0 0
 450.307851762752 786.663800425056 0 0
 452.459658203125 791.218272991535 0 0
 454.611374092248 754.348704094271 0 0
 456.763005387359 664.893168933811 0 0
 458.914558045696 574.893639586817 0 0
 461.066038024497 496.750950328646 0 0
 463.217451281 415.048874789165 0 0
 465.368803772443 363.421660817086 0 0
 467.520101456064 327.360326896989 0 0
 469.671350289101 275.734453595218 0 0
 471.822556228792 242.714757395796 0 0
 473.973725232375 217.070692956936 0 0
 476.124863257088 176.994321949101 0 0
 478.275976260169 161.292727091261 0 0
 480.427070198856 154.82602398328 0 0
 482.578151030387 134.36673406182 0 0
 484.729224712 135.970683370334 0 0
 486.880297200933 140.693779464436 0 0
 489.031374454424 128.20578748489 0 0
 491.182462429711 135.897599131222 0 0
 493.333567084032 144.490611993288 0 0
 495.484694374625 136.145529265163 0 0
 497.635850258728 148.311119775696 0 0
 499.787040693579 159.202659555658 0 0
 501.938271636416 153.262506492967 0 0
 504.089549044477 -NAN 0 0
 506.240878875 -NAN 0 0
 508.392267085223 -NAN 0 0
 510.543719632384 -NAN 0 0
 512.695242473721 -NAN 0 0
 514.846841566472 -NAN 0 0
 516.998522867875 -NAN 0 0
 519.150292335168 -NAN 0 0
 521.302155925589 -NAN 0 0
 523.454119596376 -NAN 0 0
 525.606189304767 -NAN 0 0
 527.758371008 -NAN 0 0
 529.910670663313 -NAN 0 0
 532.063094227944 -NAN 0 0
 534.215647659131 -NAN 0 0
 536.368336914112 -NAN 0 0
 538.521167950125 -NAN 0 0
 540.674146724408 -NAN 0 0
 542.827279194199 -NAN 0 0
 544.980571316736 -NAN 0 0
 547.134029049257 -NAN 0 0
 549.287658349 -NAN 0 0
 551.441465173203 -NAN 0 0
 553.595455479104 -NAN 0 0
 555.749635223941 -NAN 0 0
 557.904010364952 -NAN 0 0
 560.058586859375 -NAN 0 0
 562.213370664448 -NAN 0 0
 564.368367737409 -NAN 0 0
 566.523584035496 -NAN 0 0
 568.679025515947 -NAN 0 0
 570.834698136 -NAN 0 0
 572.990607852893 -NAN 0 0
 575.146760623864 -NAN 0 0
 577.303162406151 -NAN 0 0
 579.459819156992 -NAN 0 0
 581.616736833625 -NAN 0 0
 583.773921393288 -NAN 0 0
 585.931378793219 -NAN 0 0
 588.089114990656 -NAN 0 0
 590.247135942837 -NAN 0 0
 592.405447607 -NAN 0 0
 594.564055940383 -NAN 0 0
 596.722966900224 -NAN 0 0
 598.882186443761 -NAN 0 0
 601.041720528232 -NAN 0 0
 603.201575110875 -NAN 0 0
 605.361756148928 -NAN 0 0
 607.522269599629 -NAN 0 0
 609.683121420216 -NAN 0 0
 611.844317567927 -NAN 0 0
 614.005864 -NAN 0 0
 616.167766673673 -NAN 0 0
 618.330031546184 -NAN 0 0
 620.492664574771 -NAN 0 0
 622.655671716672 -NAN 0 0
 624.819058929125 -NAN 0 0
 626.982832169368 -NAN 0 0
 629.146997394639 -NAN 0 0
 631.311560562176 -NAN 0 0
 633.476527629217 -NAN 0 0
 635.641904553 -NAN 0 0
 637.807697290763 -NAN 0 0
 639.973911799744 -NAN 0 0
 642.140554037181 -NAN 0 0
 644.307629960312 -NAN 0 0
 646.475145526375 -NAN 0 0
 648.643106692608 -NAN 0 0
 650.811519416249 -NAN 0 0
 652.980389654536 -NAN 0 0
 655.149723364707 -NAN 0 0
 657.319526504 -NAN 0 0
 659.489805029653 -NAN 0 0
 661.660564898904 -NAN 0 0
 663.831812068991 -NAN 0 0
 666.003552497152 -NAN 0 0
 668.175792140625 -NAN 0 0
 670.348536956648 -NAN 0 0
 672.521792902459 -NAN 0 0
 674.695565935296 -NAN 0 0
 676.869862012397 -NAN 0 0
 679.044687091 -NAN 0 0
 681.220047128343 -NAN 0 0
 683.395948081664 -NAN 0 0
 685.572395908201 -NAN 0 0
 687.749396565192 -NAN 0 0
 689.926956009875 -NAN 0 0
 692.105080199488 -NAN 0 0
 694.283775091269 -NAN 0 0
 696.463046642456 -NAN 0 0
 698.642900810287 -NAN 0 0
 700.823343552 -NAN 0 0
 703.004380824833 -NAN 0 0
 705.186018586024 -NAN 0 0
 707.368262792811 -NAN 0 0
 709.551119402432 -NAN 0 0
 711.734594372125 -NAN 0 0
 713.918693659128 -NAN 0 0
 716.103423220679 -NAN 0 0
 718.288789014016 -NAN 0 0
 720.474796996377 -NAN 0 0
 722.661453125 -NAN 0 0
 724.848763357123 -NAN 0 0
 727.036733649984 -NAN 0 0
 729.225369960821 -NAN 0 0
 731.414678246872 -NAN 0 0
 733.604664465375 -NAN 0 0
 735.795334573568 -NAN 0 0
[END] of [DATA]
[END] of Spectrum


[Spectrum]
Version            = 1
IDData             = 12ad_2026-06-09_17-43-40_000_874
IDDevice           = SAM_82E6
IDDataType         = SPECTRUM
IDDataTypeSub1     = CALIBRATED
IDDataTypeSub2     = 
IDDataTypeSub3     = 
DateTime           = 2026-06-09 17:43:40
PositionLatitude   = 0
PositionLongitude  = 0
Comment            = 20260609_FrameA
CommentSub1        = UV
CommentSub2        = left
CommentSub3        = 44.5cm
IDMethodType       = SAM Control
MethodName         = SAM_82E6
Mission            = No Mission
MissionSub         = 1
RecordType         = 0
[Attributes]
CalFactor = 1
IDBasisSpec = 
IDDataBack = DLAB_2024-11-11_10-40-48_641_639
IDDataCal = DLAB_2024-11-12_11-45-27_171_455
IntegrationTime = 128
P31 = -1
P31e = 0
PathLength = +INF
PathLengthCustomOn = 0
RAWDynamic = 65535
Salinity = 0
Temperature = -NAN
Unit1 = $01 $01 Wavelength nm
Unit2 = $03 $06 Intensity mW/(m^2 nm)
Unit3 = $f0 $06 Error mW/(m^2 nm)
Unit4 = $f1 $00 Status 
p999 = 8130
[END] of [Attributes]
[DATA]
 0 6 0 0
 185.260577530984 -NAN 0 0
 187.468128380571 -NAN 0 0
 189.674861895872 -NAN 0 0
 191.880784034125 -NAN 0 0
 194.085900752568 -NAN 0 0
 196.290218008439 -NAN 0 0
 198.493741758976 -NAN 0 0
 200.696477961417 -NAN 0 0
 202.898432573 -NAN 0 0
 205.099611550963 -NAN 0 0
 207.300020852544 -NAN 0 0
 209.499666434981 -NAN 0 0
 211.698554255512 -NAN 0 0
 213.896690271375 -NAN 0 0
 216.094080439808 -NAN 0 0
 218.290730718049 -NAN 0 0
 220.486647063336 -NAN 0 0
 222.681835432907 -NAN 0 0
 224.876301784 -NAN 0 0
 227.070052073853 -NAN 0 0
 229.263092259704 -NAN 0 0
 231.455428298791 -NAN 0 0
 233.647066148352 -NAN 0 0
 235.838011765625 -NAN 0 0
 238.028271107848 -NAN 0 0
 240.217850132259 -NAN 0 0
 242.406754796096 -NAN 0 0
 244.594991056597 -NAN 0 0
 246.782564871 -NAN 0 0
 248.969482196543 -NAN 0 0
 251.155748990464 -NAN 0 0
 253.341371210001 -NAN 0 0
 255.526354812392 -NAN 0 0
 257.710705754875 -NAN 0 0
 259.894429994688 -NAN 0 0
 262.077533489069 -NAN 0 0
 264.260022195256 -NAN 0 0
 266.441902070487 -NAN 0 0
 268.623179072 -NAN 0 0
 270.803859157033 -NAN 0 0
 272.983948282824 -NAN 0 0
 275.163452406611 -NAN 0 0
 277.342377485632 -NAN 0 0
 279.520729477125 2.47486576736315 0 0
 281.698514338328 10.5579861801701 0 0
 283.875738026479 28.9918910306029 0 0
 286.052406498816 23.7363218585677 0 0
 288.228525712577 41.4418649432795 0 0
 290.404101625 70.4170556188944 0 0
 292.579140193323 74.9456293957464 0 0
 294.753647374784 105.753517878911 0 0
 296.927629126621 135.895011137584 0 0
 299.101091406072 143.332846189141 0 0
 301.274040170375 173.057648836264 0 0
 303.446481376768 192.191550487916 0 0
 305.618420982489 193.15639015878 0 0
 307.789864944776 207.024777893224 0 0
 309.960819220867 223.587435063815 0 0
 312.131289768 221.078941405409 0 0
 314.301282543413 218.566229076252 0 0
 316.470803504344 204.881646595507 0 0
 318.639858608031 174.583383389318 0 0
 320.808453811712 167.510532555342 0 0
 322.976595072625 163.214301524614 0 0
 325.144288348008 133.825667569797 0 0
 327.311539595099 129.869506568615 0 0
 329.478354771136 123.648865538736 0 0
 331.644739833357 95.0969613508588 0 0
 333.810700739 96.2014235196602 0 0
 335.976243445303 90.0718497935982 0 0
 338.141373909504 63.1686760435097 0 0
 340.306098088841 65.250018269163 0 0
 342.470421940552 60.8423384060679 0 0
 344.634351421875 39.6161268979561 0 0
 346.797892490048 43.987640147754 0 0
 348.961051102309 40.6096997848109 0 0
 351.123833215896 23.4862920181299 0 0
 353.286244788047 29.2280401409946 0 0
 355.448291776 27.1896771965906 0 0
 357.609980136993 12.9064825937813 0 0
 359.771315828264 21.9715786962282 0 0
 361.932304807051 30.552444901532 0 0
 364.092953030592 29.0350439484503 0 0
 366.253266456125 38.4869703567142 0 0
 368.413251040888 25.0109781094066 0 0
 370.572912742119 2.40762056797987 0 0
 372.732257517056 11.3763169471034 0 0
 374.891291322937 9.8561833811448 0 0
 377.050020117 -4.21917230798269 0 0
 379.208449856483 8.97692275704738 0 0
 381.366586498624 7.63346243362121 0 0
 383.524436000661 -6.35316112336682 0 0
 385.682004319832 8.13077522811126 0 0
 387.839297413375 6.1434656921004 0 0
 389.996321238528 -6.85585819750978 0 0
 392.153081752529 7.67501419951946 0 0
 394.309584912616 5.13254710988603 0 0
 396.465836676027 -6.65064899234784 0 0
 398.621843 9.4225937895413 0 0
 400.777609841773 14.3620637982196 0 0
 402.933143158584 19.2200437917201 0 0
 405.088448907671 37.7107752069843 0 0
 407.243533046272 24.890122295641 0 0
 409.398401531625 3.79118918981043 0 0
 411.553060320968 12.2120477565678 0 0
 413.707515371539 8.46127559361998 0 0
 415.861772640576 3.18059691951166 0 0
 418.015838085317 18.2380709554021 0 0
 420.169717663 19.6336078478038 0 0
 422.323417330863 21.06370767846 0 0
 424.476943046144 41.9390792729958 0 0
 426.630300766081 52.5104346026735 0 0
 428.783496447912 68.4621995053097 0 0
 430.936536048875 114.208887328499 0 0
 433.089425526208 183.345313142209 0 0
 435.242170837149 255.924375132627 0 0
 437.394777938936 312.788691852712 0 0
 439.547252788807 339.411143105218 0 0
 441.699601344 410.491763491987 0 0
 443.851829561753 527.31575306811 0 0
 446.003943399304 637.477718287778 0 0
 448.155948813891 729.803201768654 0 0
 450.307851762752 795.361790289655 0 0
 452.459658203125 792.332623675002 0 0
 454.611374092248 743.048511329885 0 0
 456.763005387359 675.170184610832 0 0
 458.914558045696 575.35772401986 0 0
 461.066038024497 484.826909090969 0 0
 463.217451281 426.132250179983 0 0
 465.368803772443 363.285495727207 0 0
 467.520101456064 315.365961083162 0 0
 469.671350289101 287.656014998621 0 0
 471.822556228792 241.747384593505 0 0
 473.973725232375 205.116124730379 0 0
 476.124863257088 189.705262089758 0 0
 478.275976260169 159.349157921002 0 0
 480.427070198856 143.314331235441 0 0
 482.578151030387 147.442400731314 0 0
 484.729224712 133.191213783443 0 0
 486.880297200933 129.414893268579 0 0
 489.031374454424 141.374476935781 0 0
 491.182462429711 132.356032036316 0 0
 493.333567084032 133.826009283326 0 0
 495.484694374625 149.590208364267 0 0
 497.635850258728 144.022433612109 0 0
 499.787040693579 149.219173244943 0 0
 501.938271636416 166.257949801726 0 0
 504.089549044477 -NAN 0 0
 506.240878875 -NAN 0 0
 508.392267085223 -NAN 0 0
 510.543719632384 -NAN 0 0
 512.695242473721 -NAN 0 0
 514.846841566472 -NAN 0 0
 516.998522867875 -NAN 0 0
 519.150292335168 -NAN 0 0
 521.302155925589 -NAN 0 0
 523.454119596376 -NAN 0 0
 525.606189304767 -NAN 0 0
 527.758371008 -NAN 0 0
 529.910670663313 -NAN 0 0
 532.063094227944 -NAN 0 0
 534.215647659131 -NAN 0 0
 536.368336914112 -NAN 0 0
 538.521167950125 -NAN 0 0
 540.674146724408 -NAN 0 0
 542.827279194199 -NAN 0 0
 544.980571316736 -NAN 0 0
 547.134029049257 -NAN 0 0
 549.287658349 -NAN 0 0
 551.441465173203 -NAN 0 0
 553.595455479104 -NAN 0 0
 555.749635223941 -NAN 0 0
 557.904010364952 -NAN 0 0
 560.058586859375 -NAN 0 0
 562.213370664448 -NAN 0 0
 564.368367737409 -NAN 0 0
 566.523584035496 -NAN 0 0
 568.679025515947 -NAN 0 0
 570.834698136 -NAN 0 0
 572.990607852893 -NAN 0 0
 575.146760623864 -NAN 0 0
 577.303162406151 -NAN 0 0
 579.459819156992 -NAN 0 0
 581.616736833625 -NAN 0 0
 583.773921393288 -NAN 0 0
 585.931378793219 -NAN 0 0
 588.089114990656 -NAN 0 0
 590.247135942837 -NAN 0 0
 592.405447607 -NAN 0 0
 594.564055940383 -NAN 0 0
 596.722966900224 -NAN 0 0
 598.882186443761 -NAN 0 0
 601.041720528232 -NAN 0 0
 603.201575110875 -NAN 0 0
 605.361756148928 -NAN 0 0
 607.522269599629 -NAN 0 0
 609.683121420216 -NAN 0 0
 611.844317567927 -NAN 0 0
 614.005864 -NAN 0 0
 616.167766673673 -NAN 0 0
 618.330031546184 -NAN 0 0
 620.492664574771 -NAN 0 0
 622.655671716672 -NAN 0 0
 624.819058929125 -NAN 0 0
 626.982832169368 -NAN 0 0
 629.146997394639 -NAN 0 0
 631.311560562176 -NAN 0 0
 633.476527629217 -NAN 0 0
 635.641904553 -NAN 0 0
 637.807697290763 -NAN 0 0
 639.973911799744 -NAN 0 0
 642.140554037181 -NAN 0 0
 644.307629960312 -NAN 0 0
 646.475145526375 -NAN 0 0
 648.643106692608 -NAN 0 0
 650.811519416249 -NAN 0 0
 652.980389654536 -NAN 0 0
 655.149723364707 -NAN 0 0
 657.319526504 -NAN 0 0
 659.489805029653 -NAN 0 0
 661.660564898904 -NAN 0 0
 663.831812068991 -NAN 0 0
 666.003552497152 -NAN 0 0
 668.175792140625 -NAN 0 0
 670.348536956648 -NAN 0 0
 672.521792902459 -NAN 0 0
 674.695565935296 -NAN 0 0
 676.869862012397 -NAN 0 0
 679.044687091 -NAN 0 0
 681.220047128343 -NAN 0 0
 683.395948081664 -NAN 0 0
 685.572395908201 -NAN 0 0
 687.749396565192 -NAN 0 0
 689.926956009875 -NAN 0 0
 692.105080199488 -NAN 0 0
 694.283775091269 -NAN 0 0
 696.463046642456 -NAN 0 0
 698.642900810287 -NAN 0 0
 700.823343552 -NAN 0 0
 703.004380824833 -NAN 0 0
 705.186018586024 -NAN 0 0
 707.368262792811 -NAN 0 0
 709.551119402432 -NAN 0 0
 711.734594372125 -NAN 0 0
 713.918693659128 -NAN 0 0
 716.103423220679 -NAN 0 0
 718.288789014016 -NAN 0 0
 720.474796996377 -NAN 0 0
 722.661453125 -NAN 0 0
 724.848763357123 -NAN 0 0
 727.036733649984 -NAN 0 0
 729.225369960821 -NAN 0 0
 731.414678246872 -NAN 0 0
 733.604664465375 -NAN 0 0
 735.795334573568 -NAN 0 0
[END] of [DATA]
[END] of Spectrum


[Spectrum]
Version            = 1
IDData             = 12ad_2026-06-09_17-43-35_000_871
IDDevice           = SAM_82E6
IDDataType         = SPECTRUM
IDDataTypeSub1     = CALIBRATED
IDDataTypeSub2     = 
IDDataTypeSub3     = 
DateTime           = 2026-06-09 17:43:35
PositionLatitude   = 0
PositionLongitude  = 0
Comment            = 20260609_FrameA
CommentSub1        = UV
CommentSub2        = left
CommentSub3        = 44.5cm
IDMethodType       = SAM Control
MethodName         = SAM_82E6
Mission            = No Mission
MissionSub         = 1
RecordType         = 0
[Attributes]
CalFactor = 1
IDBasisSpec = 
IDDataBack = DLAB_2024-11-11_10-40-48_641_639
IDDataCal = DLAB_2024-11-12_11-45-27_171_455
IntegrationTime = 128
P31 = -1
P31e = 0
PathLength = +INF
PathLengthCustomOn = 0
RAWDynamic = 65535
Salinity = 0
Temperature = -NAN
Unit1 = $01 $01 Wavelength nm
Unit2 = $03 $06 Intensity mW/(m^2 nm)
Unit3 = $f0 $06 Error mW/(m^2 nm)
Unit4 = $f1 $00 Status 
p999 = 8129
[END] of [Attributes]
[DATA]
 0 6 0 0
 185.260577530984 -NAN 0 0
 187.468128380571 -NAN 0 0
 189.674861895872 -NAN 0 0
 191.880784034125 -NAN 0 0
 194.085900752568 -NAN 0 0
 196.290218008439 -NAN 0 0
 198.493741758976 -NAN 0 0
 200.696477961417 -NAN 0 0
 202.898432573 -NAN 0 0
 205.099611550963 -NAN 0 0
 207.300020852544 -NAN 0 0
 209.499666434981 -NAN 0 0
 211.698554255512 -NAN 0 0
 213.896690271375 -NAN 0 0
 216.094080439808 -NAN 0 0
 218.290730718049 -NAN 0 0
 220.486647063336 -NAN 0 0
 222.681835432907 -NAN 0 0
 224.876301784 -NAN 0 0
 227.070052073853 -NAN 0 0
 229.263092259704 -NAN 0 0
 231.455428298791 -NAN 0 0
 233.647066148352 -NAN 0 0
 235.838011765625 -NAN 0 0
 238.028271107848 -NAN 0 0
 240.217850132259 -NAN 0 0
 242.406754796096 -NAN 0 0
 244.594991056597 -NAN 0 0
 246.782564871 -NAN 0 0
 248.969482196543 -NAN 0 0
 251.155748990464 -NAN 0 0
 253.341371210001 -NAN 0 0
 255.526354812392 -NAN 0 0
 257.710705754875 -NAN 0 0
 259.894429994688 -NAN 0 0
 262.077533489069 -NAN 0 0
 264.260022195256 -NAN 0 0
 266.441902070487 -NAN 0 0
 268.623179072 -NAN 0 0
 270.803859157033 -NAN 0 0
 272.983948282824 -NAN 0 0
 275.163452406611 -NAN 0 0
 277.342377485632 -NAN 0 0
 279.520729477125 3.78618750192898 0 0
 281.698514338328 22.4073225759628 0 0
 283.875738026479 17.5662485579978 0 0
 286.052406498816 25.9184869024982 0 0
 288.228525712577 53.3175196974499 0 0
 290.404101625 57.7880992698041 0 0
 292.579140193323 77.0134596427326 0 0
 294.753647374784 115.76861768399 0 0
 296.927629126621 123.474054117936 0 0
 299.101091406072 144.673535602592 0 0
 301.274040170375 180.106783923287 0 0
 303.446481376768 180.680981498299 0 0
 305.618420982489 193.921018308221 0 0
 307.789864944776 212.325463181805 0 0
 309.960819220867 211.711601103295 0 0
 312.131289768 222.385358294015 0 0
 314.301282543413 223.955819558448 0 0
 316.470803504344 191.895568653329 0 0
 318.639858608031 177.535760319469 0 0
 320.808453811712 173.632276932281 0 0
 322.976595072625 148.799119435382 0 0
 325.144288348008 138.360318385613 0 0
 327.311539595099 136.611607702431 0 0
 329.478354771136 108.936613354955 0 0
 331.644739833357 101.186106101588 0 0
 333.810700739 102.582634653553 0 0
 335.976243445303 75.7983396834646 0 0
 338.141373909504 69.7539333589122 0 0
 340.306098088841 70.5393614462751 0 0
 342.470421940552 48.1498495216715 0 0
 344.634351421875 46.2597524116226 0 0
 346.797892490048 48.2820031010782 0 0
 348.961051102309 29.3785499523054 0 0
 351.123833215896 30.1456854155641 0 0
 353.286244788047 32.6137942435924 0 0
 355.448291776 16.9568312515031 0 0
 357.609980136993 19.7201354835491 0 0
 359.771315828264 24.8660224179637 0 0
 361.932304807051 20.0474123319431 0 0
 364.092953030592 36.4831745160275 0 0
 366.253266456125 40.8307870017704 0 0
 368.413251040888 13.1074007427649 0 0
 370.572912742119 11.3038196569246 0 0
 372.732257517056 13.5952862823204 0 0
 374.891291322937 -2.71593117396651 0 0
 377.050020117 6.02313264563797 0 0
 379.208449856483 10.5261066312442 0 0
 381.366586498624 -5.65830103939246 0 0
 383.524436000661 4.76229419662074 0 0
 385.682004319832 8.86044391703284 0 0
 387.839297413375 -7.0291597269951 0 0
 389.996321238528 4.33217155320906 0 0
 392.153081752529 7.61257106036944 0 0
 394.309584912616 -7.25063838863944 0 0
 396.465836676027 4.30835488415962 0 0
 398.621843 8.76580340988505 0 0
 400.777609841773 2.62242780097794 0 0
 402.933143158584 29.5195248309276 0 0
 405.088448907671 36.0413123646621 0 0
 407.243533046272 14.2729300587654 0 0
 409.398401531625 13.5983589489547 0 0
 411.553060320968 10.455034574884 0 0
 413.707515371539 -0.330447194497161 0 0
 415.861772640576 12.2282890867927 0 0
 418.015838085317 16.3536912611851 0 0
 420.169717663 12.0985328146522 0 0
 422.323417330863 29.1967182934712 0 0
 424.476943046144 39.7741225405459 0 0
 426.630300766081 45.9614168164846 0 0
 428.783496447912 76.2385839008846 0 0
 430.936536048875 111.427823665341 0 0
 433.089425526208 176.82391611514 0 0
 435.242170837149 262.203808137838 0 0
 437.394777938936 309.1558590939 0 0
 439.547252788807 333.682353295956 0 0
 441.699601344 418.044659038202 0 0
 443.851829561753 524.249676924822 0 0
 446.003943399304 632.187779043228 0 0
 448.155948813891 738.355388802019 0 0
 450.307851762752 791.603934015338 0 0
 452.459658203125 787.105457501433 0 0
 454.611374092248 752.454402656363 0 0
 456.763005387359 670.504671366747 0 0
 458.914558045696 570.121055159259 0 0
 461.066038024497 495.344885481342 0 0
 463.217451281 420.925525333748 0 0
 465.368803772443 358.621049741373 0 0
 467.520101456064 326.402833992484 0 0
 469.671350289101 281.683868057499 0 0
 471.822556228792 237.467989654555 0 0
 473.973725232375 216.502528896431 0 0
 476.124863257088 183.118955766549 0 0
 478.275976260169 155.578700405455 0 0
 480.427070198856 155.093349213999 0 0
 482.578151030387 140.52117076823 0 0
 484.729224712 130.063053198921 0 0
 486.880297200933 141.203862981773 0 0
 489.031374454424 134.093598164692 0 0
 491.182462429711 129.893352930586 0 0
 493.333567084032 145.619530163023 0 0
 495.484694374625 141.889983412224 0 0
 497.635850258728 142.294451850111 0 0
 499.787040693579 160.755138968889 0 0
 501.938271636416 158.712520978727 0 0
 504.089549044477 -NAN 0 0
 506.240878875 -NAN 0 0
 508.392267085223 -NAN 0 0
 510.543719632384 -NAN 0 0
 512.695242473721 -NAN 0 0
 514.846841566472 -NAN 0 0
 516.998522867875 -NAN 0 0
 519.150292335168 -NAN 0 0
 521.302155925589 -NAN 0 0
 523.454119596376 -NAN 0 0
 525.606189304767 -NAN 0 0
 527.758371008 -NAN 0 0
 529.910670663313 -NAN 0 0
 532.063094227944 -NAN 0 0
 534.215647659131 -NAN 0 0
 536.368336914112 -NAN 0 0
 538.521167950125 -NAN 0 0
 540.674146724408 -NAN 0 0
 542.827279194199 -NAN 0 0
 544.980571316736 -NAN 0 0
 547.134029049257 -NAN 0 0
 549.287658349 -NAN 0 0
 551.441465173203 -NAN 0 0
 553.595455479104 -NAN 0 0
 555.749635223941 -NAN 0 0
 557.904010364952 -NAN 0 0
 560.058586859375 -NAN 0 0
 562.213370664448 -NAN 0 0
 564.368367737409 -NAN 0 0
 566.523584035496 -NAN 0 0
 568.679025515947 -NAN 0 0
 570.834698136 -NAN 0 0
 572.990607852893 -NAN 0 0
 575.146760623864 -NAN 0 0
 577.303162406151 -NAN 0 0
 579.459819156992 -NAN 0 0
 581.616736833625 -NAN 0 0
 583.773921393288 -NAN 0 0
 585.931378793219 -NAN 0 0
 588.089114990656 -NAN 0 0
 590.247135942837 -NAN 0 0
 592.405447607 -NAN 0 0
 594.564055940383 -NAN 0 0
 596.722966900224 -NAN 0 0
 598.882186443761 -NAN 0 0
 601.041720528232 -NAN 0 0
 603.201575110875 -NAN 0 0
 605.361756148928 -NAN 0 0
 607.522269599629 -NAN 0 0
 609.683121420216 -NAN 0 0
 611.844317567927 -NAN 0 0
 614.005864 -NAN 0 0
 616.167766673673 -NAN 0 0
 618.330031546184 -NAN 0 0
 620.492664574771 -NAN 0 0
 622.655671716672 -NAN 0 0
 624.819058929125 -NAN 0 0
 626.982832169368 -NAN 0 0
 629.146997394639 -NAN 0 0
 631.311560562176 -NAN 0 0
 633.476527629217 -NAN 0 0
 635.641904553 -NAN 0 0
 637.807697290763 -NAN 0 0
 639.973911799744 -NAN 0 0
 642.140554037181 -NAN 0 0
 644.307629960312 -NAN 0 0
 646.475145526375 -NAN 0 0
 648.643106692608 -NAN 0 0
 650.811519416249 -NAN 0 0
 652.980389654536 -NAN 0 0
 655.149723364707 -NAN 0 0
 657.319526504 -NAN 0 0
 659.489805029653 -NAN 0 0
 661.660564898904 -NAN 0 0
 663.831812068991 -NAN 0 0
 666.003552497152 -NAN 0 0
 668.175792140625 -NAN 0 0
 670.348536956648 -NAN 0 0
 672.521792902459 -NAN 0 0
 674.695565935296 -NAN 0 0
 676.869862012397 -NAN 0 0
 679.044687091 -NAN 0 0
 681.220047128343 -NAN 0 0
 683.395948081664 -NAN 0 0
 685.572395908201 -NAN 0 0
 687.749396565192 -NAN 0 0
 689.926956009875 -NAN 0 0
 692.105080199488 -NAN 0 0
 694.283775091269 -NAN 0 0
 696.463046642456 -NAN 0 0
 698.642900810287 -NAN 0 0
 700.823343552 -NAN 0 0
 703.004380824833 -NAN 0 0
 705.186018586024 -NAN 0 0
 707.368262792811 -NAN 0 0
 709.551119402432 -NAN 0 0
 711.734594372125 -NAN 0 0
 713.918693659128 -NAN 0 0
 716.103423220679 -NAN 0 0
 718.288789014016 -NAN 0 0
 720.474796996377 -NAN 0 0
 722.661453125 -NAN 0 0
 724.848763357123 -NAN 0 0
 727.036733649984 -NAN 0 0
 729.225369960821 -NAN 0 0
 731.414678246872 -NAN 0 0
 733.604664465375 -NAN 0 0
 735.795334573568 -NAN 0 0
[END] of [DATA]
[END] of Spectrum


[Spectrum]
Version            = 1
IDData             = 12ad_2026-06-09_17-43-30_000_868
IDDevice           = SAM_82E6
IDDataType         = SPECTRUM
IDDataTypeSub1     = CALIBRATED
IDDataTypeSub2     = 
IDDataTypeSub3     = 
DateTime           = 2026-06-09 17:43:30
PositionLatitude   = 0
PositionLongitude  = 0
Comment            = 20260609_FrameA
CommentSub1        = UV
CommentSub2        = left
CommentSub3        = 44.5cm
IDMethodType       = SAM Control
MethodName         = SAM_82E6
Mission            = No Mission
MissionSub         = 1
RecordType         = 0
[Attributes]
CalFactor = 1
IDBasisSpec = 
IDDataBack = DLAB_2024-11-11_10-40-48_641_639
IDDataCal = DLAB_2024-11-12_11-45-27_171_455
IntegrationTime = 128
P31 = -1
P31e = 0
PathLength = +INF
PathLengthCustomOn = 0
RAWDynamic = 65535
Salinity = 0
Temperature = -NAN
Unit1 = $01 $01 Wavelength nm
Unit2 = $03 $06 Intensity mW/(m^2 nm)
Unit3 = $f0 $06 Error mW/(m^2 nm)
Unit4 = $f1 $00 Status 
p999 = 8128
[END] of [Attributes]
[DATA]
 0 6 0 0
 185.260577530984 -NAN 0 0
 187.468128380571 -NAN 0 0
 189.674861895872 -NAN 0 0
 191.880784034125 -NAN 0 0
 194.085900752568 -NAN 0 0
 196.290218008439 -NAN 0 0
 198.493741758976 -NAN 0 0
 200.696477961417 -NAN 0 0
 202.898432573 -NAN 0 0
 205.099611550963 -NAN 0 0
 207.300020852544 -NAN 0 0
 209.499666434981 -NAN 0 0
 211.698554255512 -NAN 0 0
 213.896690271375 -NAN 0 0
 216.094080439808 -NAN 0 0
 218.290730718049 -NAN 0 0
 220.486647063336 -NAN 0 0
 222.681835432907 -NAN 0 0
 224.876301784 -NAN 0 0
 227.070052073853 -NAN 0 0
 229.263092259704 -NAN 0 0
 231.455428298791 -NAN 0 0
 233.647066148352 -NAN 0 0
 235.838011765625 -NAN 0 0
 238.028271107848 -NAN 0 0
 240.217850132259 -NAN 0 0
 242.406754796096 -NAN 0 0
 244.594991056597 -NAN 0 0
 246.782564871 -NAN 0 0
 248.969482196543 -NAN 0 0
 251.155748990464 -NAN 0 0
 253.341371210001 -NAN 0 0
 255.526354812392 -NAN 0 0
 257.710705754875 -NAN 0 0
 259.894429994688 -NAN 0 0
 262.077533489069 -NAN 0 0
 264.260022195256 -NAN 0 0
 266.441902070487 -NAN 0 0
 268.623179072 -NAN 0 0
 270.803859157033 -NAN 0 0
 272.983948282824 -NAN 0 0
 275.163452406611 -NAN 0 0
 277.342377485632 -NAN 0 0
 279.520729477125 11.8222360804221 0 0
 281.698514338328 6.62781899427667 0 0
 283.875738026479 29.7290292546419 0 0
 286.052406498816 33.9546036810449 0 0
 288.228525712577 36.2841430087864 0 0
 290.404101625 70.3385336105063 0 0
 292.579140193323 83.3945554355794 0 0
 294.753647374784 98.6333116214251 0 0
 296.927629126621 134.500938684596 0 0
 299.101091406072 148.288034261256 0 0
 301.274040170375 164.724004688938 0 0
 303.446481376768 189.694808794182 0 0
 305.618420982489 195.634172516464 0 0
 307.789864944776 198.058827459545 0 0
 309.960819220867 220.63063447086 0 0
 312.131289768 223.448720877763 0 0
 314.301282543413 208.896361881012 0 0
 316.470803504344 203.342230073996 0 0
 318.639858608031 179.098783400138 0 0
 320.808453811712 158.07034748875 0 0
 322.976595072625 163.7711654508 0 0
 325.144288348008 139.984476987267 0 0
 327.311539595099 120.66013946215 0 0
 329.478354771136 125.951420020639 0 0
 331.644739833357 102.371957048667 0 0
 333.810700739 87.5155160889756 0 0
 335.976243445303 93.3425899654896 0 0
 338.141373909504 70.4238347748745 0 0
 340.306098088841 57.749656350579 0 0
 342.470421940552 64.7785420155279 0 0
 344.634351421875 46.2937062047078 0 0
 346.797892490048 37.3340955213379 0 0
 348.961051102309 44.5026099213791 0 0
 351.123833215896 29.309483218912 0 0
 353.286244788047 23.2612618964164 0 0
 355.448291776 31.313794862255 0 0
 357.609980136993 18.4190843659838 0 0
 359.771315828264 16.2407737354677 0 0
 361.932304807051 34.9600126588571 0 0
 364.092953030592 34.0953018238302 0 0
 366.253266456125 31.6972593580314 0 0
 368.413251040888 30.0953658755432 0 0
 370.572912742119 8.19523674782699 0 0
 372.732257517056 4.40241332213581 0 0
 374.891291322937 16.2692928269667 0 0
 377.050020117 1.66549744718845 0 0
 379.208449856483 1.16802843182748 0 0
 381.366586498624 14.349300819986 0 0
 383.524436000661 -0.980904236836588 0 0
 385.682004319832 0.0916184449050302 0 0
 387.839297413375 12.9274315420121 0 0
 389.996321238528 -2.22894419890741 0 0
 392.153081752529 -0.392639378664794 0 0
 394.309584912616 11.6616399594555 0 0
 396.465836676027 -2.73585598684793 0 0
 398.621843 1.54110923366631 0 0
 400.777609841773 20.3781883272148 0 0
 402.933143158584 21.3871549738347 0 0
 405.088448907671 29.4850774938205 0 0
 407.243533046272 30.2147564688172 0 0
 409.398401531625 5.894935384201 0 0
 411.553060320968 5.66047318079756 0 0
 413.707515371539 14.0551404729214 0 0
 415.861772640576 4.72375659880426 0 0
 418.015838085317 12.4345353713347 0 0
 420.169717663 24.6229343669301 0 0
 422.323417330863 22.0690038233753 0 0
 424.476943046144 36.7463786232081 0 0
 426.630300766081 57.0628953650777 0 0
 428.783496447912 68.887055628385 0 0
 430.936536048875 109.002736151067 0 0
 433.089425526208 186.230758083795 0 0
 435.242170837149 253.579478042479 0 0
 437.394777938936 306.084137137439 0 0
 439.547252788807 343.240042012044 0 0
 441.699601344 410.018320480276 0 0
 443.851829561753 522.871072663835 0 0
 446.003943399304 642.436555075973 0 0
 448.155948813891 729.282015855263 0 0
 450.307851762752 790.508230782006 0 0
 452.459658203125 797.468085178858 0 0
 454.611374092248 742.021480429814 0 0
 456.763005387359 670.05657122466 0 0
 458.914558045696 581.339922066448 0 0
 461.066038024497 483.763190467357 0 0
 463.217451281 421.215307147453 0 0
 465.368803772443 369.859419601337 0 0
 467.520101456064 313.842969013579 0 0
 469.671350289101 282.745799569053 0 0
 471.822556228792 248.653442632914 0 0
 473.973725232375 203.332353842747 0 0
 476.124863257088 185.061965952669 0 0
 478.275976260169 166.710051107851 0 0
 480.427070198856 141.229194435832 0 0
 482.578151030387 143.223363598519 0 0
 484.729224712 140.916060500205 0 0
 486.880297200933 127.361135948775 0 0
 489.031374454424 137.688720877387 0 0
 491.182462429711 140.33712268917 0 0
 493.333567084032 131.441253149624 0 0
 495.484694374625 146.16345883839 0 0
 497.635850258728 151.76379190586 0 0
 499.787040693579 146.870885056862 0 0
 501.938271636416 163.526485195711 0 0
 504.089549044477 -NAN 0 0
 506.240878875 -NAN 0 0
 508.392267085223 -NAN 0 0
 510.543719632384 -NAN 0 0
 512.695242473721 -NAN 0 0
 514.846841566472 -NAN 0 0
 516.998522867875 -NAN 0 0
 519.150292335168 -NAN 0 0
 521.302155925589 -NAN 0 0
 523.454119596376 -NAN 0 0
 525.606189304767 -NAN 0 0
 527.758371008 -NAN 0 0
 529.910670663313 -NAN 0 0
 532.063094227944 -NAN 0 0
 534.215647659131 -NAN 0 0
 536.368336914112 -NAN 0 0
 538.521167950125 -NAN 0 0
 540.674146724408 -NAN 0 0
 542.827279194199 -NAN 0 0
 544.980571316736 -NAN 0 0
 547.134029049257 -NAN 0 0
 549.287658349 -NAN 0 0
 551.441465173203 -NAN 0 0
 553.595455479104 -NAN 0 0
 555.749635223941 -NAN 0 0
 557.904010364952 -NAN 0 0
 560.058586859375 -NAN 0 0
 562.213370664448 -NAN 0 0
 564.368367737409 -NAN 0 0
 566.523584035496 -NAN 0 0
 568.679025515947 -NAN 0 0
 570.834698136 -NAN 0 0
 572.990607852893 -NAN 0 0
 575.146760623864 -NAN 0 0
 577.303162406151 -NAN 0 0
 579.459819156992 -NAN 0 0
 581.616736833625 -NAN 0 0
 583.773921393288 -NAN 0 0
 585.931378793219 -NAN 0 0
 588.089114990656 -NAN 0 0
 590.247135942837 -NAN 0 0
 592.405447607 -NAN 0 0
 594.564055940383 -NAN 0 0
 596.722966900224 -NAN 0 0
 598.882186443761 -NAN 0 0
 601.041720528232 -NAN 0 0
 603.201575110875 -NAN 0 0
 605.361756148928 -NAN 0 0
 607.522269599629 -NAN 0 0
 609.683121420216 -NAN 0 0
 611.844317567927 -NAN 0 0
 614.005864 -NAN 0 0
 616.167766673673 -NAN 0 0
 618.330031546184 -NAN 0 0
 620.492664574771 -NAN 0 0
 622.655671716672 -NAN 0 0
 624.819058929125 -NAN 0 0
 626.982832169368 -NAN 0 0
 629.146997394639 -NAN 0 0
 631.311560562176 -NAN 0 0
 633.476527629217 -NAN 0 0
 635.641904553 -NAN 0 0
 637.807697290763 -NAN 0 0
 639.973911799744 -NAN 0 0
 642.140554037181 -NAN 0 0
 644.307629960312 -NAN 0 0
 646.475145526375 -NAN 0 0
 648.643106692608 -NAN 0 0
 650.811519416249 -NAN 0 0
 652.980389654536 -NAN 0 0
 655.149723364707 -NAN 0 0
 657.319526504 -NAN 0 0
 659.489805029653 -NAN 0 0
 661.660564898904 -NAN 0 0
 663.831812068991 -NAN 0 0
 666.003552497152 -NAN 0 0
 668.175792140625 -NAN 0 0
 670.348536956648 -NAN 0 0
 672.521792902459 -NAN 0 0
 674.695565935296 -NAN 0 0
 676.869862012397 -NAN 0 0
 679.044687091 -NAN 0 0
 681.220047128343 -NAN 0 0
 683.395948081664 -NAN 0 0
 685.572395908201 -NAN 0 0
 687.749396565192 -NAN 0 0
 689.926956009875 -NAN 0 0
 692.105080199488 -NAN 0 0
 694.283775091269 -NAN 0 0
 696.463046642456 -NAN 0 0
 698.642900810287 -NAN 0 0
 700.823343552 -NAN 0 0
 703.004380824833 -NAN 0 0
 705.186018586024 -NAN 0 0
 707.368262792811 -NAN 0 0
 709.551119402432 -NAN 0 0
 711.734594372125 -NAN 0 0
 713.918693659128 -NAN 0 0
 716.103423220679 -NAN 0 0
 718.288789014016 -NAN 0 0
 720.474796996377 -NAN 0 0
 722.661453125 -NAN 0 0
 724.848763357123 -NAN 0 0
 727.036733649984 -NAN 0 0
 729.225369960821 -NAN 0 0
 731.414678246872 -NAN 0 0
 733.604664465375 -NAN 0 0
 735.795334573568 -NAN 0 0
[END] of [DATA]
[END] of Spectrum


[Spectrum]
Version            = 1
IDData             = 12ad_2026-06-09_17-43-25_000_865
IDDevice           = SAM_82E6
IDDataType         = SPECTRUM
IDDataTypeSub1     = CALIBRATED
IDDataTypeSub2     = 
IDDataTypeSub3     = 
DateTime           = 2026-06-09 17:43:25
PositionLatitude   = 0
PositionLongitude  = 0
Comment            = 20260609_FrameA
CommentSub1        = UV
CommentSub2        = left
CommentSub3        = 44.5cm
IDMethodType       = SAM Control
MethodName         = SAM_82E6
Mission            = No Mission
MissionSub         = 1
RecordType         = 0
[Attributes]
CalFactor = 1
IDBasisSpec = 
IDDataBack = DLAB_2024-11-11_10-40-48_641_639
IDDataCal = DLAB_2024-11-12_11-45-27_171_455
IntegrationTime = 128
P31 = -1
P31e = 0
PathLength = +INF
PathLengthCustomOn = 0
RAWDynamic = 65535
Salinity = 0
Temperature = -NAN
Unit1 = $01 $01 Wavelength nm
Unit2 = $03 $06 Intensity mW/(m^2 nm)
Unit3 = $f0 $06 Error mW/(m^2 nm)
Unit4 = $f1 $00 Status 
p999 = 8127
[END] of [Attributes]
[DATA]
 0 6 0 0
 185.260577530984 -NAN 0 0
 187.468128380571 -NAN 0 0
 189.674861895872 -NAN 0 0
 191.880784034125 -NAN 0 0
 194.085900752568 -NAN 0 0
 196.290218008439 -NAN 0 0
 198.493741758976 -NAN 0 0
 200.696477961417 -NAN 0 0
 202.898432573 -NAN 0 0
 205.099611550963 -NAN 0 0
 207.300020852544 -NAN 0 0
 209.499666434981 -NAN 0 0
 211.698554255512 -NAN 0 0
 213.896690271375 -NAN 0 0
 216.094080439808 -NAN 0 0
 218.290730718049 -NAN 0 0
 220.486647063336 -NAN 0 0
 222.681835432907 -NAN 0 0
 224.876301784 -NAN 0 0
 227.070052073853 -NAN 0 0
 229.263092259704 -NAN 0 0
 231.455428298791 -NAN 0 0
 233.647066148352 -NAN 0 0
 235.838011765625 -NAN 0 0
 238.028271107848 -NAN 0 0
 240.217850132259 -NAN 0 0
 242.406754796096 -NAN 0 0
 244.594991056597 -NAN 0 0
 246.782564871 -NAN 0 0
 248.969482196543 -NAN 0 0
 251.155748990464 -NAN 0 0
 253.341371210001 -NAN 0 0
 255.526354812392 -NAN 0 0
 257.710705754875 -NAN 0 0
 259.894429994688 -NAN 0 0
 262.077533489069 -NAN 0 0
 264.260022195256 -NAN 0 0
 266.441902070487 -NAN 0 0
 268.623179072 -NAN 0 0
 270.803859157033 -NAN 0 0
 272.983948282824 -NAN 0 0
 275.163452406611 -NAN 0 0
 277.342377485632 -NAN 0 0
 279.520729477125 17.1422422058402 0 0
 281.698514338328 14.8019391693286 0 0
 283.875738026479 14.0034138084757 0 0
 286.052406498816 40.6535454725923 0 0
 288.228525712577 43.6940701880082 0 0
 290.404101625 53.5697224858419 0 0
 292.579140193323 89.7967946869845 0 0
 294.753647374784 103.8892885589 0 0
 296.927629126621 118.579564767968 0 0
 299.101091406072 152.971509278911 0 0
 301.274040170375 167.487961853924 0 0
 303.446481376768 174.838868060073 0 0
 305.618420982489 199.550875357907 0 0
 307.789864944776 199.12345390589 0 0
 309.960819220867 205.444610372832 0 0
 312.131289768 227.627904619608 0 0
 314.301282543413 209.677765290729 0 0
 316.470803504344 186.701870531945 0 0
 318.639858608031 185.428062047782 0 0
 320.808453811712 159.468006022298 0 0
 322.976595072625 145.68152518196 0 0
 325.144288348008 148.568696583205 0 0
 327.311539595099 122.331371315281 0 0
 329.478354771136 107.807647688441 0 0
 331.644739833357 112.560504137051 0 0
 333.810700739 88.6967284491812 0 0
 335.976243445303 76.3172971240713 0 0
 338.141373909504 80.8220529798735 0 0
 340.306098088841 58.5395967480846 0 0
 342.470421940552 49.7722567978261 0 0
 344.634351421875 56.3515742452729 0 0
 346.797892490048 37.6240103198746 0 0
 348.961051102309 31.8315690847062 0 0
 351.123833215896 38.5647974918968 0 0
 353.286244788047 23.130411496316 0 0
 355.448291776 19.9353606767052 0 0
 357.609980136993 27.6774283680162 0 0
 359.771315828264 15.705124172694 0 0
 361.932304807051 23.7994449743896 0 0
 364.092953030592 43.9787238321022 0 0
 366.253266456125 30.4430196585844 0 0
 368.413251040888 17.9917589472867 0 0
 370.572912742119 19.6649656875761 0 0
 372.732257517056 2.46130434459151 0 0
 374.891291322937 3.76574610869755 0 0
 377.050020117 14.4611366054087 0 0
 379.208449856483 -1.29219311364503 0 0
 381.366586498624 1.79102222124072 0 0
 383.524436000661 12.8164158304744 0 0
 385.682004319832 -3.43298001737116 0 0
 387.839297413375 1.1022479615269 0 0
 389.996321238528 11.5085235929357 0 0
 392.153081752529 -4.40565178804025 0 0
 394.309584912616 0.992545879457296 0 0
 396.465836676027 10.4906668835859 0 0
 398.621843 -2.86933767941928 0 0
 400.777609841773 10.7414648598878 0 0
 402.933143158584 33.5305814925607 0 0
 405.088448907671 24.1192101683875 0 0
 407.243533046272 21.7751756642112 0 0
 409.398401531625 17.163040000561 0 0
 411.553060320968 0.743483372921471 0 0
 413.707515371539 7.37941321650821 0 0
 415.861772640576 15.0727242892983 0 0
 418.015838085317 7.57466410987979 0 0
 420.169717663 19.3327724604162 0 0
 422.323417330863 31.3693665192307 0 0
 424.476943046144 31.926487250841 0 0
 426.630300766081 52.670987826376 0 0
 428.783496447912 77.4954499316491 0 0
 430.936536048875 103.905355463572 0 0
 433.089425526208 181.674281054826 0 0
 435.242170837149 260.331247169121 0 0
 437.394777938936 299.672127370401 0 0
 439.547252788807 339.459671608473 0 0
 441.699601344 418.160553942111 0 0
 443.851829561753 516.894609747352 0 0
 446.003943399304 639.50026662582 0 0
 448.155948813891 738.210614937188 0 0
 450.307851762752 783.793328497735 0 0
 452.459658203125 794.972606590945 0 0
 454.611374092248 751.869565616045 0 0
 456.763005387359 662.717100923544 0 0
 458.914558045696 579.172198650167 0 0
 461.066038024497 494.259770218749 0 0
 463.217451281 412.939387822737 0 0
 465.368803772443 368.136772882875 0 0
 467.520101456064 324.56817476942 0 0
 469.671350289101 273.886627815175 0 0
 471.822556228792 247.597530624989 0 0
 473.973725232375 214.398339904909 0 0
 476.124863257088 175.602661661948 0 0
 478.275976260169 166.036636060866 0 0
 480.427070198856 152.283092726065 0 0
 482.578151030387 133.285187241271 0 0
 484.729224712 140.842298943014 0 0
 486.880297200933 138.140006065136 0 0
 489.031374454424 127.544499740352 0 0
 491.182462429711 140.745893914882 0 0
 493.333567084032 141.988956049109 0 0
 495.484694374625 135.850005323493 0 0
 497.635850258728 152.994773199168 0 0
 499.787040693579 156.720649401312 0 0
 501.938271636416 153.381967710961 0 0
 504.089549044477 -NAN 0 0
 506.240878875 -NAN 0 0
 508.392267085223 -NAN 0 0
 510.543719632384 -NAN 0 0
 512.695242473721 -NAN 0 0
 514.846841566472 -NAN 0 0
 516.998522867875 -NAN 0 0
 519.150292335168 -NAN 0 0
 521.302155925589 -NAN 0 0
 523.454119596376 -NAN 0 0
 525.606189304767 -NAN 0 0
 527.758371008 -NAN 0 0
 529.910670663313 -NAN 0 0
 532.063094227944 -NAN 0 0
 534.215647659131 -NAN 0 0
 536.368336914112 -NAN 0 0
 538.521167950125 -NAN 0 0
 540.674146724408 -NAN 0 0
 542.827279194199 -NAN 0 0
 544.980571316736 -NAN 0 0
 547.134029049257 -NAN 0 0
 549.287658349 -NAN 0 0
 551.441465173203 -NAN 0 0
 553.595455479104 -NAN 0 0
 555.749635223941 -NAN 0 0
 557.904010364952 -NAN 0 0
 560.058586859375 -NAN 0 0
 562.213370664448 -NAN 0 0
 564.368367737409 -NAN 0 0
 566.523584035496 -NAN 0 0
 568.679025515947 -NAN 0 0
 570.834698136 -NAN 0 0
 572.990607852893 -NAN 0 0
 575.146760623864 -NAN 0 0
 577.303162406151 -NAN 0 0
 579.459819156992 -NAN 0 0
 581.616736833625 -NAN 0 0
 583.773921393288 -NAN 0 0
 585.931378793219 -NAN 0 0
 588.089114990656 -NAN 0 0
 590.247135942837 -NAN 0 0
 592.405447607 -NAN 0 0
 594.564055940383 -NAN 0 0
 596.722966900224 -NAN 0 0
 598.882186443761 -NAN 0 0
 601.041720528232 -NAN 0 0
 603.201575110875 -NAN 0 0
 605.361756148928 -NAN 0 0
 607.522269599629 -NAN 0 0
 609.683121420216 -NAN 0 0
 611.844317567927 -NAN 0 0
 614.005864 -NAN 0 0
 616.167766673673 -NAN 0 0
 618.330031546184 -NAN 0 0
 620.492664574771 -NAN 0 0
 622.655671716672 -NAN 0 0
 624.819058929125 -NAN 0 0
 626.982832169368 -NAN 0 0
 629.146997394639 -NAN 0 0
 631.311560562176 -NAN 0 0
 633.476527629217 -NAN 0 0
 635.641904553 -NAN 0 0
 637.807697290763 -NAN 0 0
 639.973911799744 -NAN 0 0
 642.140554037181 -NAN 0 0
 644.307629960312 -NAN 0 0
 646.475145526375 -NAN 0 0
 648.643106692608 -NAN 0 0
 650.811519416249 -NAN 0 0
 652.980389654536 -NAN 0 0
 655.149723364707 -NAN 0 0
 657.319526504 -NAN 0 0
 659.489805029653 -NAN 0 0
 661.660564898904 -NAN 0 0
 663.831812068991 -NAN 0 0
 666.003552497152 -NAN 0 0
 668.175792140625 -NAN 0 0
 670.348536956648 -NAN 0 0
 672.521792902459 -NAN 0 0
 674.695565935296 -NAN 0 0
 676.869862012397 -NAN 0 0
 679.044687091 -NAN 0 0
 681.220047128343 -NAN 0 0
 683.395948081664 -NAN 0 0
 685.572395908201 -NAN 0 0
 687.749396565192 -NAN 0 0
 689.926956009875 -NAN 0 0
 692.105080199488 -NAN 0 0
 694.283775091269 -NAN 0 0
 696.463046642456 -NAN 0 0
 698.642900810287 -NAN 0 0
 700.823343552 -NAN 0 0
 703.004380824833 -NAN 0 0
 705.186018586024 -NAN 0 0
 707.368262792811 -NAN 0 0
 709.551119402432 -NAN 0 0
 711.734594372125 -NAN 0 0
 713.918693659128 -NAN 0 0
 716.103423220679 -NAN 0 0
 718.288789014016 -NAN 0 0
 720.474796996377 -NAN 0 0
 722.661453125 -NAN 0 0
 724.848763357123 -NAN 0 0
 727.036733649984 -NAN 0 0
 729.225369960821 -NAN 0 0
 731.414678246872 -NAN 0 0
 733.604664465375 -NAN 0 0
 735.795334573568 -NAN 0 0
[END] of [DATA]
[END] of Spectrum


[Spectrum]
Version            = 1
IDData             = 12ad_2026-06-09_17-43-20_000_862
IDDevice           = SAM_82E6
IDDataType         = SPECTRUM
IDDataTypeSub1     = CALIBRATED
IDDataTypeSub2     = 
IDDataTypeSub3     = 
DateTime           = 2026-06-09 17:43:20
PositionLatitude   = 0
PositionLongitude  = 0
Comment            = 20260609_FrameA
CommentSub1        = UV
CommentSub2        = left
CommentSub3        = 44.5cm
IDMethodType       = SAM Control
MethodName         = SAM_82E6
Mission            = No Mission
MissionSub         = 1
RecordType         = 0
[Attributes]
CalFactor = 1
IDBasisSpec = 
IDDataBack = DLAB_2024-11-11_10-40-48_641_639
IDDataCal = DLAB_2024-11-12_11-45-27_171_455
IntegrationTime = 128
P31 = -1
P31e = 0
PathLength = +INF
PathLengthCustomOn = 0
RAWDynamic = 65535
Salinity = 0
Temperature = -NAN
Unit1 = $01 $01 Wavelength nm
Unit2 = $03 $06 Intensity mW/(m^2 nm)
Unit3 = $f0 $06 Error mW/(m^2 nm)
Unit4 = $f1 $00 Status 
p999 = 8126
[END] of [Attributes]
[DATA]
 0 6 0 0
 185.260577530984 -NAN 0 0
 187.468128380571 -NAN 0 0
 189.674861895872 -NAN 0 0
 191.880784034125 -NAN 0 0
 194.085900752568 -NAN 0 0
 196.290218008439 -NAN 0 0
 198.493741758976 -NAN 0 0
 200.696477961417 -NAN 0 0
 202.898432573 -NAN 0 0
 205.099611550963 -NAN 0 0
 207.300020852544 -NAN 0 0
 209.499666434981 -NAN 0 0
 211.698554255512 -NAN 0 0
 213.896690271375 -NAN 0 0
 216.094080439808 -NAN 0 0
 218.290730718049 -NAN 0 0
 220.486647063336 -NAN 0 0
 222.681835432907 -NAN 0 0
 224.876301784 -NAN 0 0
 227.070052073853 -NAN 0 0
 229.263092259704 -NAN 0 0
 231.455428298791 -NAN 0 0
 233.647066148352 -NAN 0 0
 235.838011765625 -NAN 0 0
 238.028271107848 -NAN 0 0
 240.217850132259 -NAN 0 0
 242.406754796096 -NAN 0 0
 244.594991056597 -NAN 0 0
 246.782564871 -NAN 0 0
 248.969482196543 -NAN 0 0
 251.155748990464 -NAN 0 0
 253.341371210001 -NAN 0 0
 255.526354812392 -NAN 0 0
 257.710705754875 -NAN 0 0
 259.894429994688 -NAN 0 0
 262.077533489069 -NAN 0 0
 264.260022195256 -NAN 0 0
 266.441902070487 -NAN 0 0
 268.623179072 -NAN 0 0
 270.803859157033 -NAN 0 0
 272.983948282824 -NAN 0 0
 275.163452406611 -NAN 0 0
 277.342377485632 -NAN 0 0
 279.520729477125 13.5656837806996 0 0
 281.698514338328 3.82205093674925 0 0
 283.875738026479 22.7586953966789 0 0
 286.052406498816 35.7520223932113 0 0
 288.228525712577 31.8427713429729 0 0
 290.404101625 62.1664282930753 0 0
 292.579140193323 83.5411500815826 0 0
 294.753647374784 92.1728399691122 0 0
 296.927629126621 124.943035746448 0 0
 299.101091406072 146.095262242811 0 0
 301.274040170375 156.573696071448 0 0
 303.446481376768 179.329944982486 0 0
 305.618420982489 191.990627973133 0 0
 307.789864944776 188.742277151969 0 0
 309.960819220867 209.596667345834 0 0
 312.131289768 219.130005960909 0 0
 314.301282543413 198.949747644831 0 0
 316.470803504344 192.363502405503 0 0
 318.639858608031 176.685424306036 0 0
 320.808453811712 149.223834523075 0 0
 322.976595072625 153.564805914789 0 0
 325.144288348008 139.277065685213 0 0
 327.311539595099 112.553198981609 0 0
 329.478354771136 117.002991233091 0 0
 331.644739833357 103.618506983049 0 0
 333.810700739 80.4489649516054 0 0
 335.976243445303 86.2719765450098 0 0
 338.141373909504 72.3141645566045 0 0
 340.306098088841 51.8318897988189 0 0
 342.470421940552 59.116484661135 0 0
 344.634351421875 48.7333491152725 0 0
 346.797892490048 32.5021822123937 0 0
 348.961051102309 40.5634382264441 0 0
 351.123833215896 32.1662275373273 0 0
 353.286244788047 19.2725055333559 0 0
 355.448291776 28.2696495847823 0 0
 357.609980136993 21.3060257758241 0 0
 359.771315828264 12.5772749185852 0 0
 361.932304807051 32.2675970781493 0 0
 364.092953030592 37.3220347573053 0 0
 366.253266456125 27.5725157654364 0 0
 368.413251040888 27.7119833413934 0 0
 370.572912742119 12.3274540290112 0 0
 372.732257517056 0.522804384490144 0 0
 374.891291322937 14.7876897642213 0 0
 377.050020117 6.1045193112627 0 0
 379.208449856483 -2.84277643126934 0 0
 381.366586498624 13.2243413596438 0 0
 383.524436000661 4.00193508701923 0 0
 385.682004319832 -4.0360590117235 0 0
 387.839297413375 12.4371950791739 0 0
 389.996321238528 2.49348593567096 0 0
 392.153081752529 -4.44450529684471 0 0
 394.309584912616 11.6316399505393 0 0
 396.465836676027 1.85019782206417 0 0
 398.621843 -2.33329058167964 0 0
 400.777609841773 20.4198044069658 0 0
 402.933143158584 24.689781722718 0 0
 405.088448907671 24.5270553955037 0 0
 407.243533046272 30.1886203796137 0 0
 409.398401531625 9.21097105226544 0 0
 411.553060320968 2.04276870124763 0 0
 413.707515371539 14.7572903686548 0 0
 415.861772640576 8.00807395856856 0 0
 418.015838085317 9.29881746598655 0 0
 420.169717663 25.5727416906318 0 0
 422.323417330863 24.8175457423513 0 0
 424.476943046144 33.6751402901712 0 0
 426.630300766081 58.1781360372479 0 0
 428.783496447912 71.2203924313066 0 0
 430.936536048875 105.647331340288 0 0
 433.089425526208 185.513444891246 0 0
 435.242170837149 252.871373467881 0 0
 437.394777938936 300.469831901379 0 0
 439.547252788807 343.324158084353 0 0
 441.699601344 411.83482925785 0 0
 443.851829561753 519.372247034857 0 0
 446.003943399304 643.572741282792 0 0
 448.155948813891 731.410630376957 0 0
 450.307851762752 786.803581495975 0 0
 452.459658203125 799.015022536622 0 0
 454.611374092248 744.311378955156 0 0
 456.763005387359 666.063696320222 0 0
 458.914558045696 582.970704783853 0 0
 461.066038024497 485.923232116837 0 0
 463.217451281 416.761599559051 0 0
 465.368803772443 371.565177626481 0 0
 467.520101456064 315.824358133641 0 0
 469.671350289101 278.045588944012 0 0
 471.822556228792 250.439529818162 0 0
 473.973725232375 205.329736799639 0 0
 476.124863257088 180.095388348716 0 0
 478.275976260169 168.725851264998 0 0
 480.427070198856 142.608147084292 0 0
 482.578151030387 138.156054449608 0 0
 484.729224712 142.641633898741 0 0
 486.880297200933 128.464079694596 0 0
 489.031374454424 132.487933336582 0 0
 491.182462429711 142.08165999672 0 0
 493.333567084032 132.218358556404 0 0
 495.484694374625 141.118522036405 0 0
 497.635850258728 153.497259324245 0 0
 499.787040693579 147.19921053501 0 0
 501.938271636416 158.504809131225 0 0
 504.089549044477 -NAN 0 0
 506.240878875 -NAN 0 0
 508.392267085223 -NAN 0 0
 510.543719632384 -NAN 0 0
 512.695242473721 -NAN 0 0
 514.846841566472 -NAN 0 0
 516.998522867875 -NAN 0 0
 519.150292335168 -NAN 0 0
 521.302155925589 -NAN 0 0
 523.454119596376 -NAN 0 0
 525.606189304767 -NAN 0 0
 527.758371008 -NAN 0 0
 529.910670663313 -NAN 0 0
 532.063094227944 -NAN 0 0
 534.215647659131 -NAN 0 0
 536.368336914112 -NAN 0 0
 538.521167950125 -NAN 0 0
 540.674146724408 -NAN 0 0
 542.827279194199 -NAN 0 0
 544.980571316736 -NAN 0 0
 547.134029049257 -NAN 0 0
 549.287658349 -NAN 0 0
 551.441465173203 -NAN 0 0
 553.595455479104 -NAN 0 0
 555.749635223941 -NAN 0 0
 557.904010364952 -NAN 0 0
 560.058586859375 -NAN 0 0
 562.213370664448 -NAN 0 0
 564.368367737409 -NAN 0 0
 566.523584035496 -NAN 0 0
 568.679025515947 -NAN 0 0
 570.834698136 -NAN 0 0
 572.990607852893 -NAN 0 0
 575.146760623864 -NAN 0 0
 577.303162406151 -NAN 0 0
 579.459819156992 -NAN 0 0
 581.616736833625 -NAN 0 0
 583.773921393288 -NAN 0 0
 585.931378793219 -NAN 0 0
 588.089114990656 -NAN 0 0
 590.247135942837 -NAN 0 0
 592.405447607 -NAN 0 0
 594.564055940383 -NAN 0 0
 596.722966900224 -NAN 0 0
 598.882186443761 -NAN 0 0
 601.041720528232 -NAN 0 0
 603.201575110875 -NAN 0 0
 605.361756148928 -NAN 0 0
 607.522269599629 -NAN 0 0
 609.683121420216 -NAN 0 0
 611.844317567927 -NAN 0 0
 614.005864 -NAN 0 0
 616.167766673673 -NAN 0 0
 618.330031546184 -NAN 0 0
 620.492664574771 -NAN 0 0
 622.655671716672 -NAN 0 0
 624.819058929125 -NAN 0 0
 626.982832169368 -NAN 0 0
 629.146997394639 -NAN 0 0
 631.311560562176 -NAN 0 0
 633.476527629217 -NAN 0 0
 635.641904553 -NAN 0 0
 637.807697290763 -NAN 0 0
 639.973911799744 -NAN 0 0
 642.140554037181 -NAN 0 0
 644.307629960312 -NAN 0 0
 646.475145526375 -NAN 0 0
 648.643106692608 -NAN 0 0
 650.811519416249 -NAN 0 0
 652.980389654536 -NAN 0 0
 655.149723364707 -NAN 0 0
 657.319526504 -NAN 0 0
 659.489805029653 -NAN 0 0
 661.660564898904 -NAN 0 0
 663.831812068991 -NAN 0 0
 666.003552497152 -NAN 0 0
 668.175792140625 -NAN 0 0
 670.348536956648 -NAN 0 0
 672.521792902459 -NAN 0 0
 674.695565935296 -NAN 0 0
 676.869862012397 -NAN 0 0
 679.044687091 -NAN 0 0
 681.220047128343 -NAN 0 0
 683.395948081664 -NAN 0 0
 685.572395908201 -NAN 0 0
 687.749396565192 -NAN 0 0
 689.926956009875 -NAN 0 0
 692.105080199488 -NAN 0 0
 694.283775091269 -NAN 0 0
 696.463046642456 -NAN 0 0
 698.642900810287 -NAN 0 0
 700.823343552 -NAN 0 0
 703.004380824833 -NAN 0 0
 705.186018586024 -NAN 0 0
 707.368262792811 -NAN 0 0
 709.551119402432 -NAN 0 0
 711.734594372125 -NAN 0 0
 713.918693659128 -NAN 0 0
 716.103423220679 -NAN 0 0
 718.288789014016 -NAN 0 0
 720.474796996377 -NAN 0 0
 722.661453125 -NAN 0 0
 724.848763357123 -NAN 0 0
 727.036733649984 -NAN 0 0
 729.225369960821 -NAN 0 0
 731.414678246872 -NAN 0 0
 733.604664465375 -NAN 0 0
 735.795334573568 -NAN 0 0
[END] of [DATA]
[END] of Spectrum


[Spectrum]
Version            = 1
IDData             = 12ad_2026-06-09_17-43-15_000_859
IDDevice           = SAM_82E6
IDDataType         = SPECTRUM
IDDataTypeSub1     = CALIBRATED
IDDataTypeSub2     = 
IDDataTypeSub3     = 
DateTime           = 2026-06-09 17:43:15
PositionLatitude   = 0
PositionLongitude  = 0
Comment            = 20260609_FrameA
CommentSub1        = UV
CommentSub2        = left
CommentSub3        = 44.5cm
IDMethodType       = SAM Control
MethodName         = SAM_82E6
Mission            = No Mission
MissionSub         = 1
RecordType         = 0
[Attributes]
CalFactor = 1
IDBasisSpec = 
IDDataBack = DLAB_2024-11-11_10-40-48_641_639
IDDataCal = DLAB_2024-11-12_11-45-27_171_455
IntegrationTime = 128
P31 = -1
P31e = 0
PathLength = +INF
PathLengthCustomOn = 0
RAWDynamic = 65535
Salinity = 0
Temperature = -NAN
Unit1 = $01 $01 Wavelength nm
Unit2 = $03 $06 Intensity mW/(m^2 nm)
Unit3 = $f0 $06 Error mW/(m^2 nm)
Unit4 = $f1 $00 Status 
p999 = 8125
[END] of [Attributes]
[DATA]
 0 6 0 0
 185.260577530984 -NAN 0 0
 187.468128380571 -NAN 0 0
 189.674861895872 -NAN 0 0
 191.880784034125 -NAN 0 0
 194.085900752568 -NAN 0 0
 196.290218008439 -NAN 0 0
 198.493741758976 -NAN 0 0
 200.696477961417 -NAN 0 0
 202.898432573 -NAN 0 0
 205.099611550963 -NAN 0 0
 207.300020852544 -NAN 0 0
 209.499666434981 -NAN 0 0
 211.698554255512 -NAN 0 0
 213.896690271375 -NAN 0 0
 216.094080439808 -NAN 0 0
 218.290730718049 -NAN 0 0
 220.486647063336 -NAN 0 0
 222.681835432907 -NAN 0 0
 224.876301784 -NAN 0 0
 227.070052073853 -NAN 0 0
 229.263092259704 -NAN 0 0
 231.455428298791 -NAN 0 0
 233.647066148352 -NAN 0 0
 235.838011765625 -NAN 0 0
 238.028271107848 -NAN 0 0
 240.217850132259 -NAN 0 0
 242.406754796096 -NAN 0 0
 244.594991056597 -NAN 0 0
 246.782564871 -NAN 0 0
 248.969482196543 -NAN 0 0
 251.155748990464 -NAN 0 0
 253.341371210001 -NAN 0 0
 255.526354812392 -NAN 0 0
 257.710705754875 -NAN 0 0
 259.894429994688 -NAN 0 0
 262.077533489069 -NAN 0 0
 264.260022195256 -NAN 0 0
 266.441902070487 -NAN 0 0
 268.623179072 -NAN 0 0
 270.803859157033 -NAN 0 0
 272.983948282824 -NAN 0 0
 275.163452406611 -NAN 0 0
 277.342377485632 -NAN 0 0
 279.520729477125 0.506015185835547 0 0
 281.698514338328 11.2208586895674 0 0
 283.875738026479 26.4542715122156 0 0
 286.052406498816 20.1603587825856 0 0
 288.228525712577 39.8988464645437 0 0
 290.404101625 64.6893113403605 0 0
 292.579140193323 67.490445908146 0 0
 294.753647374784 99.4750891778176 0 0
 296.927629126621 125.363288917613 0 0
 299.101091406072 131.280942155159 0 0
 301.274040170375 161.552764163369 0 0
 303.446481376768 177.784499008455 0 0
 305.618420982489 177.57668832902 0 0
 307.789864944776 192.886410417512 0 0
 309.960819220867 207.133747553676 0 0
 312.131289768 203.906479616426 0 0
 314.301282543413 204.085847139946 0 0
 316.470803504344 189.557121651605 0 0
 318.639858608031 160.39267754335 0 0
 320.808453811712 156.421110419163 0 0
 322.976595072625 150.916889821333 0 0
 325.144288348008 122.421908641388 0 0
 327.311539595099 121.931155266242 0 0
 329.478354771136 114.095049364797 0 0
 331.644739833357 87.0536053015726 0 0
 333.810700739 90.4241405097826 0 0
 335.976243445303 82.9590801664586 0 0
 338.141373909504 57.4344884515309 0 0
 340.306098088841 61.8825919354664 0 0
 342.470421940552 55.9908299652664 0 0
 344.634351421875 35.9076181643194 0 0
 346.797892490048 41.9908519728329 0 0
 348.961051102309 37.0949778878915 0 0
 351.123833215896 21.2329118014489 0 0
 353.286244788047 28.1321680401538 0 0
 355.448291776 25.0243540716604 0 0
 357.609980136993 11.5411820383116 0 0
 359.771315828264 21.6456714321309 0 0
 361.932304807051 28.4606619972708 0 0
 364.092953030592 27.3720006975725 0 0
 366.253266456125 37.7337258444765 0 0
 368.413251040888 22.9415813719733 0 0
 370.572912742119 2.09487828742823 0 0
 372.732257517056 12.0846651828605 0 0
 374.891291322937 9.20680563222824 0 0
 377.050020117 -4.04122519161676 0 0
 379.208449856483 9.98872035510007 0 0
 381.366586498624 6.7219060869871 0 0
 383.524436000661 -6.0419113196234 0 0
 385.682004319832 9.10793388169631 0 0
 387.839297413375 5.45911825987246 0 0
 389.996321238528 -6.49767268759976 0 0
 392.153081752529 8.90306260280345 0 0
 394.309584912616 4.1793650084138 0 0
 396.465836676027 -6.09081748230207 0 0
 398.621843 10.381905798615 0 0
 400.777609841773 12.8209683449426 0 0
 402.933143158584 17.3304749188939 0 0
 405.088448907671 36.0118295771597 0 0
 407.243533046272 22.3275975496478 0 0
 409.398401531625 3.7533767582119 0 0
 411.553060320968 13.0094868842247 0 0
 413.707515371539 7.8535234935366 0 0
 415.861772640576 3.62456150978433 0 0
 418.015838085317 19.0195429725657 0 0
 420.169717663 19.0404512821056 0 0
 422.323417330863 21.3795794179826 0 0
 424.476943046144 42.500956112537 0 0
 426.630300766081 51.7516911422728 0 0
 428.783496447912 68.6771564723418 0 0
 430.936536048875 113.49940708732 0 0
 433.089425526208 178.465802294022 0 0
 435.242170837149 249.122255454969 0 0
 437.394777938936 306.906620065672 0 0
 439.547252788807 336.356273825311 0 0
 441.699601344 409.887630482251 0 0
 443.851829561753 527.514131459035 0 0
 446.003943399304 636.633278689788 0 0
 448.155948813891 729.947975633485 0 0
 450.307851762752 795.526822134675 0 0
 452.459658203125 791.15157868629 0 0
 454.611374092248 743.273887555178 0 0
 456.763005387359 675.27854869748 0 0
 458.914558045696 574.408596501958 0 0
 461.066038024497 485.141745350256 0 0
 463.217451281 426.303626521422 0 0
 465.368803772443 362.452672037951 0 0
 467.520101456064 315.735463378525 0 0
 469.671350289101 287.659262495598 0 0
 471.822556228792 240.924297904097 0 0
 473.973725232375 205.694198629149 0 0
 476.124863257088 189.589013617084 0 0
 478.275976260169 158.572397000469 0 0
 480.427070198856 143.798858216119 0 0
 482.578151030387 147.465839826496 0 0
 484.729224712 132.490478990126 0 0
 486.880297200933 129.941755848987 0 0
 489.031374454424 141.297270752408 0 0
 491.182462429711 131.635656515592 0 0
 493.333567084032 134.310308498154 0 0
 495.484694374625 149.11537776136 0 0
 497.635850258728 143.314783938148 0 0
 499.787040693579 149.829075871569 0 0
 501.938271636416 166.028713410441 0 0
 504.089549044477 -NAN 0 0
 506.240878875 -NAN 0 0
 508.392267085223 -NAN 0 0
 510.543719632384 -NAN 0 0
 512.695242473721 -NAN 0 0
 514.846841566472 -NAN 0 0
 516.998522867875 -NAN 0 0
 519.150292335168 -NAN 0 0
 521.302155925589 -NAN 0 0
 523.454119596376 -NAN 0 0
 525.606189304767 -NAN 0 0
 527.758371008 -NAN 0 0
 529.910670663313 -NAN 0 0
 532.063094227944 -NAN 0 0
 534.215647659131 -NAN 0 0
 536.368336914112 -NAN 0 0
 538.521167950125 -NAN 0 0
 540.674146724408 -NAN 0 0
 542.827279194199 -NAN 0 0
 544.980571316736 -NAN 0 0
 547.134029049257 -NAN 0 0
 549.287658349 -NAN 0 0
 551.441465173203 -NAN 0 0
 553.595455479104 -NAN 0 0
 555.749635223941 -NAN 0 0
 557.904010364952 -NAN 0 0
 560.058586859375 -NAN 0 0
 562.213370664448 -NAN 0 0
 564.368367737409 -NAN 0 0
 566.523584035496 -NAN 0 0
 568.679025515947 -NAN 0 0
 570.834698136 -NAN 0 0
 572.990607852893 -NAN 0 0
 575.146760623864 -NAN 0 0
 577.303162406151 -NAN 0 0
 579.459819156992 -NAN 0 0
 581.616736833625 -NAN 0 0
 583.773921393288 -NAN 0 0
 585.931378793219 -NAN 0 0
 588.089114990656 -NAN 0 0
 590.247135942837 -NAN 0 0
 592.405447607 -NAN 0 0
 594.564055940383 -NAN 0 0
 596.722966900224 -NAN 0 0
 598.882186443761 -NAN 0 0
 601.041720528232 -NAN 0 0
 603.201575110875 -NAN 0 0
 605.361756148928 -NAN 0 0
 607.522269599629 -NAN 0 0
 609.683121420216 -NAN 0 0
 611.844317567927 -NAN 0 0
 614.005864 -NAN 0 0
 616.167766673673 -NAN 0 0
 618.330031546184 -NAN 0 0
 620.492664574771 -NAN 0 0
 622.655671716672 -NAN 0 0
 624.819058929125 -NAN 0 0
 626.982832169368 -NAN 0 0
 629.146997394639 -NAN 0 0
 631.311560562176 -NAN 0 0
 633.476527629217 -NAN 0 0
 635.641904553 -NAN 0 0
 637.807697290763 -NAN 0 0
 639.973911799744 -NAN 0 0
 642.140554037181 -NAN 0 0
 644.307629960312 -NAN 0 0
 646.475145526375 -NAN 0 0
 648.643106692608 -NAN 0 0
 650.811519416249 -NAN 0 0
 652.980389654536 -NAN 0 0
 655.149723364707 -NAN 0 0
 657.319526504 -NAN 0 0
 659.489805029653 -NAN 0 0
 661.660564898904 -NAN 0 0
 663.831812068991 -NAN 0 0
 666.003552497152 -NAN 0 0
 668.175792140625 -NAN 0 0
 670.348536956648 -NAN 0 0
 672.521792902459 -NAN 0 0
 674.695565935296 -NAN 0 0
 676.869862012397 -NAN 0 0
 679.044687091 -NAN 0 0
 681.220047128343 -NAN 0 0
 683.395948081664 -NAN 0 0
 685.572395908201 -NAN 0 0
 687.749396565192 -NAN 0 0
 689.926956009875 -NAN 0 0
 692.105080199488 -NAN 0 0
 694.283775091269 -NAN 0 0
 696.463046642456 -NAN 0 0
 698.642900810287 -NAN 0 0
 700.823343552 -NAN 0 0
 703.004380824833 -NAN 0 0
 705.186018586024 -NAN 0 0
 707.368262792811 -NAN 0 0
 709.551119402432 -NAN 0 0
 711.734594372125 -NAN 0 0
 713.918693659128 -NAN 0 0
 716.103423220679 -NAN 0 0
 718.288789014016 -NAN 0 0
 720.474796996377 -NAN 0 0
 722.661453125 -NAN 0 0
 724.848763357123 -NAN 0 0
 727.036733649984 -NAN 0 0
 729.225369960821 -NAN 0 0
 731.414678246872 -NAN 0 0
 733.604664465375 -NAN 0 0
 735.795334573568 -NAN 0 0
[END] of [DATA]
[END] of Spectrum


[Spectrum]
Version            = 1
IDData             = 12ad_2026-06-09_17-43-10_000_856
IDDevice           = SAM_82E6
IDDataType         = SPECTRUM
IDDataTypeSub1     = CALIBRATED
IDDataTypeSub2     = 
IDDataTypeSub3     = 
DateTime           = 2026-06-09 17:43:10
PositionLatitude   = 0
PositionLongitude  = 0
Comment            = 20260609_FrameA
CommentSub1        = UV
CommentSub2        = left
CommentSub3        = 44.5cm
IDMethodType       = SAM Control
MethodName         = SAM_82E6
Mission            = No Mission
MissionSub         = 1
RecordType         = 0
[Attributes]
CalFactor = 1
IDBasisSpec = 
IDDataBack = DLAB_2024-11-11_10-40-48_641_639
IDDataCal = DLAB_2024-11-12_11-45-27_171_455
IntegrationTime = 128
P31 = -1
P31e = 0
PathLength = +INF
PathLengthCustomOn = 0
RAWDynamic = 65535
Salinity = 0
Temperature = -NAN
Unit1 = $01 $01 Wavelength nm
Unit2 = $03 $06 Intensity mW/(m^2 nm)
Unit3 = $f0 $06 Error mW/(m^2 nm)
Unit4 = $f1 $00 Status 
p999 = 8124
[END] of [Attributes]
[DATA]
 0 6 0 0
 185.260577530984 -NAN 0 0
 187.468128380571 -NAN 0 0
 189.674861895872 -NAN 0 0
 191.880784034125 -NAN 0 0
 194.085900752568 -NAN 0 0
 196.290218008439 -NAN 0 0
 198.493741758976 -NAN 0 0
 200.696477961417 -NAN 0 0
 202.898432573 -NAN 0 0
 205.099611550963 -NAN 0 0
 207.300020852544 -NAN 0 0
 209.499666434981 -NAN 0 0
 211.698554255512 -NAN 0 0
 213.896690271375 -NAN 0 0
 216.094080439808 -NAN 0 0
 218.290730718049 -NAN 0 0
 220.486647063336 -NAN 0 0
 222.681835432907 -NAN 0 0
 224.876301784 -NAN 0 0
 227.070052073853 -NAN 0 0
 229.263092259704 -NAN 0 0
 231.455428298791 -NAN 0 0
 233.647066148352 -NAN 0 0
 235.838011765625 -NAN 0 0
 238.028271107848 -NAN 0 0
 240.217850132259 -NAN 0 0
 242.406754796096 -NAN 0 0
 244.594991056597 -NAN 0 0
 246.782564871 -NAN 0 0
 248.969482196543 -NAN 0 0
 251.155748990464 -NAN 0 0
 253.341371210001 -NAN 0 0
 255.526354812392 -NAN 0 0
 257.710705754875 -NAN 0 0
 259.894429994688 -NAN 0 0
 262.077533489069 -NAN 0 0
 264.260022195256 -NAN 0 0
 266.441902070487 -NAN 0 0
 268.623179072 -NAN 0 0
 270.803859157033 -NAN 0 0
 272.983948282824 -NAN 0 0
 275.163452406611 -NAN 0 0
 277.342377485632 -NAN 0 0
 279.520729477125 -0.191363894275432 0 0
 281.698514338328 16.41924349699 0 0
 283.875738026479 24.6467295069092 0 0
 286.052406498816 19.085972799546 0 0
 288.228525712577 45.0537029979621 0 0
 290.404101625 61.833436813059 0 0
 292.579140193323 66.1175306657707 0 0
 294.753647374784 103.094048298308 0 0
 296.927629126621 121.795580727364 0 0
 299.101091406072 128.940396370255 0 0
 301.274040170375 163.451099143183 0 0
 303.446481376768 173.358953364093 0 0
 305.618420982489 174.787032323884 0 0
 307.789864944776 193.942485647421 0 0
 309.960819220867 201.957185112062 0 0
 312.131289768 201.048341031535 0 0
 314.301282543413 204.878878576592 0 0
 316.470803504344 184.804478581225 0 0
 318.639858608031 158.792347738946 0 0
 320.808453811712 159.054032875695 0 0
 322.976595072625 146.433853971126 0 0
 325.144288348008 121.795344345284 0 0
 327.311539595099 125.411422300745 0 0
 329.478354771136 110.156312757513 0 0
 331.644739833357 87.4503694137038 0 0
 333.810700739 94.7374899053202 0 0
 335.976243445303 79.4237734562187 0 0
 338.141373909504 58.4681308879003 0 0
 340.306098088841 65.8621542129345 0 0
 342.470421940552 53.1362312065762 0 0
 344.634351421875 37.3990699642831 0 0
 346.797892490048 45.9457730162037 0 0
 348.961051102309 34.8027176708154 0 0
 351.123833215896 22.9232268174391 0 0
 353.286244788047 31.7610858029382 0 0
 355.448291776 22.7181182148048 0 0
 357.609980136993 13.6399970098572 0 0
 359.771315828264 25.1865516744026 0 0
 361.932304807051 25.8495020254424 0 0
 364.092953030592 29.1784292117643 0 0
 366.253266456125 41.0526729821195 0 0
 368.413251040888 20.0369096772515 0 0
 370.572912742119 4.62444837992218 0 0
 372.732257517056 16.1208151670823 0 0
 374.891291322937 5.74345763800658 0 0
 377.050020117 -1.06440443876647 0 0
 379.208449856483 14.1170784661034 0 0
 381.366586498624 3.23396645366464 0 0
 383.524436000661 -2.74465312471596 0 0
 385.682004319832 13.2526796117499 0 0
 387.839297413375 1.73275439494602 0 0
 389.996321238528 -3.34002160415771 0 0
 392.153081752529 12.2971941219364 0 0
 394.309584912616 0.764818539048337 0 0
 396.465836676027 -3.16949046585221 0 0
 398.621843 13.3407796301977 0 0
 400.777609841773 9.02610207265379 0 0
 402.933143158584 19.6775450412776 0 0
 405.088448907671 37.7120036564636 0 0
 407.243533046272 18.6685450611644 0 0
 409.398401531625 5.99920602891208 0 0
 411.553060320968 14.7146610078175 0 0
 413.707515371539 4.98764884357973 0 0
 415.861772640576 5.93725981221624 0 0
 418.015838085317 20.3092175468029 0 0
 420.169717663 16.5694386033119 0 0
 422.323417330863 23.4872221553186 0 0
 424.476943046144 43.3779455556122 0 0
 426.630300766081 49.5281153129302 0 0
 428.783496447912 70.4355887595147 0 0
 430.936536048875 113.898232217088 0 0
 433.089425526208 175.301852004539 0 0
 435.242170837149 249.32205922884 0 0
 437.394777938936 305.782799854695 0 0
 439.547252788807 333.777792685691 0 0
 441.699601344 411.764963535636 0 0
 443.851829561753 527.738458078309 0 0
 446.003943399304 634.460151456866 0 0
 448.155948813891 731.888822839579 0 0
 450.307851762752 795.346459462522 0 0
 452.459658203125 789.198917638287 0 0
 454.611374092248 745.565687989594 0 0
 456.763005387359 675.171160863865 0 0
 458.914558045696 572.107136926477 0 0
 461.066038024497 487.854024062954 0 0
 463.217451281 426.021115219172 0 0
 465.368803772443 359.90459043356 0 0
 467.520101456064 318.52868652724 0 0
 469.671350289101 287.092033023576 0 0
 471.822556228792 238.383987856046 0 0
 473.973725232375 208.565849539608 0 0
 476.124863257088 189.06866331083 0 0
 478.275976260169 155.98986140774 0 0
 480.427070198856 146.824088743757 0 0
 482.578151030387 146.479165534065 0 0
 484.729224712 130.114462769085 0 0
 486.880297200933 133.281908004181 0 0
 489.031374454424 140.267854974108 0 0
 491.182462429711 129.321519959097 0 0
 493.333567084032 137.754956246835 0 0
 495.484694374625 148.256476717406 0 0
 497.635850258728 141.199514835207 0 0
 499.787040693579 153.153643130435 0 0
 501.938271636416 165.077328575249 0 0
 504.089549044477 -NAN 0 0
 506.240878875 -NAN 0 0
 508.392267085223 -NAN 0 0
 510.543719632384 -NAN 0 0
 512.695242473721 -NAN 0 0
 514.846841566472 -NAN 0 0
 516.998522867875 -NAN 0 0
 519.150292335168 -NAN 0 0
 521.302155925589 -NAN 0 0
 523.454119596376 -NAN 0 0
 525.606189304767 -NAN 0 0
 527.758371008 -NAN 0 0
 529.910670663313 -NAN 0 0
 532.063094227944 -NAN 0 0
 534.215647659131 -NAN 0 0
 536.368336914112 -NAN 0 0
 538.521167950125 -NAN 0 0
 540.674146724408 -NAN 0 0
 542.827279194199 -NAN 0 0
 544.980571316736 -NAN 0 0
 547.134029049257 -NAN 0 0
 549.287658349 -NAN 0 0
 551.441465173203 -NAN 0 0
 553.595455479104 -NAN 0 0
 555.749635223941 -NAN 0 0
 557.904010364952 -NAN 0 0
 560.058586859375 -NAN 0 0
 562.213370664448 -NAN 0 0
 564.368367737409 -NAN 0 0
 566.523584035496 -NAN 0 0
 568.679025515947 -NAN 0 0
 570.834698136 -NAN 0 0
 572.990607852893 -NAN 0 0
 575.146760623864 -NAN 0 0
 577.303162406151 -NAN 0 0
 579.459819156992 -NAN 0 0
 581.616736833625 -NAN 0 0
 583.773921393288 -NAN 0 0
 585.931378793219 -NAN 0 0
 588.089114990656 -NAN 0 0
 590.247135942837 -NAN 0 0
 592.405447607 -NAN 0 0
 594.564055940383 -NAN 0 0
 596.722966900224 -NAN 0 0
 598.882186443761 -NAN 0 0
 601.041720528232 -NAN 0 0
 603.201575110875 -NAN 0 0
 605.361756148928 -NAN 0 0
 607.522269599629 -NAN 0 0
 609.683121420216 -NAN 0 0
 611.844317567927 -NAN 0 0
 614.005864 -NAN 0 0
 616.167766673673 -NAN 0 0
 618.330031546184 -NAN 0 0
 620.492664574771 -NAN 0 0
 622.655671716672 -NAN 0 0
 624.819058929125 -NAN 0 0
 626.982832169368 -NAN 0 0
 629.146997394639 -NAN 0 0
 631.311560562176 -NAN 0 0
 633.476527629217 -NAN 0 0
 635.641904553 -NAN 0 0
 637.807697290763 -NAN 0 0
 639.973911799744 -NAN 0 0
 642.140554037181 -NAN 0 0
 644.307629960312 -NAN 0 0
 646.475145526375 -NAN 0 0
 648.643106692608 -NAN 0 0
 650.811519416249 -NAN 0 0
 652.980389654536 -NAN 0 0
 655.149723364707 -NAN 0 0
 657.319526504 -NAN 0 0
 659.489805029653 -NAN 0 0
 661.660564898904 -NAN 0 0
 663.831812068991 -NAN 0 0
 666.003552497152 -NAN 0 0
 668.175792140625 -NAN 0 0
 670.348536956648 -NAN 0 0
 672.521792902459 -NAN 0 0
 674.695565935296 -NAN 0 0
 676.869862012397 -NAN 0 0
 679.044687091 -NAN 0 0
 681.220047128343 -NAN 0 0
 683.395948081664 -NAN 0 0
 685.572395908201 -NAN 0 0
 687.749396565192 -NAN 0 0
 689.926956009875 -NAN 0 0
 692.105080199488 -NAN 0 0
 694.283775091269 -NAN 0 0
 696.463046642456 -NAN 0 0
 698.642900810287 -NAN 0 0
 700.823343552 -NAN 0 0
 703.004380824833 -NAN 0 0
 705.186018586024 -NAN 0 0
 707.368262792811 -NAN 0 0
 709.551119402432 -NAN 0 0
 711.734594372125 -NAN 0 0
 713.918693659128 -NAN 0 0
 716.103423220679 -NAN 0 0
 718.288789014016 -NAN 0 0
 720.474796996377 -NAN 0 0
 722.661453125 -NAN 0 0
 724.848763357123 -NAN 0 0
 727.036733649984 -NAN 0 0
 729.225369960821 -NAN 0 0
 731.414678246872 -NAN 0 0
 733.604664465375 -NAN 0 0
 735.795334573568 -NAN 0 0
[END] of [DATA]
[END] of Spectrum


