[Spectrum]
Version            = 1
IDData             = 12ad_2026-06-08_11-47-20_000_126
IDDevice           = SAM_82E6
IDDataType         = SPECTRUM
IDDataTypeSub1     = CALIBRATED
IDDataTypeSub2     = 
IDDataTypeSub3     = 
DateTime           = 2026-06-08 11:47:20
PositionLatitude   = 0
PositionLongitude  = 0
Comment            = 20260608_FrameC
CommentSub1        = UV
CommentSub2        = right
CommentSub3        = 39cm
IDMethodType       = SAM Control
MethodName         = SAM_82E6
Mission            = No Mission
MissionSub         = 1
RecordType         = 0
[Attributes]
CalFactor = 1
IDBasisSpec = 
IDDataBack = DLAB_2024-11-11_10-40-48_641_639
IDDataCal = DLAB_2024-11-12_11-45-27_171_455
IntegrationTime = 128
P31 = -1
P31e = 0
PathLength = +INF
PathLengthCustomOn = 0
RAWDynamic = 65535
Salinity = 0
Temperature = -NAN
Unit1 = $01 $01 Wavelength nm
Unit2 = $03 $06 Intensity mW/(m^2 nm)
Unit3 = $f0 $06 Error mW/(m^2 nm)
Unit4 = $f1 $00 Status 
p999 = 7112
[END] of [Attributes]
[DATA]
 0 6 0 0
 185.260577530984 -NAN 0 0
 187.468128380571 -NAN 0 0
 189.674861895872 -NAN 0 0
 191.880784034125 -NAN 0 0
 194.085900752568 -NAN 0 0
 196.290218008439 -NAN 0 0
 198.493741758976 -NAN 0 0
 200.696477961417 -NAN 0 0
 202.898432573 -NAN 0 0
 205.099611550963 -NAN 0 0
 207.300020852544 -NAN 0 0
 209.499666434981 -NAN 0 0
 211.698554255512 -NAN 0 0
 213.896690271375 -NAN 0 0
 216.094080439808 -NAN 0 0
 218.290730718049 -NAN 0 0
 220.486647063336 -NAN 0 0
 222.681835432907 -NAN 0 0
 224.876301784 -NAN 0 0
 227.070052073853 -NAN 0 0
 229.263092259704 -NAN 0 0
 231.455428298791 -NAN 0 0
 233.647066148352 -NAN 0 0
 235.838011765625 -NAN 0 0
 238.028271107848 -NAN 0 0
 240.217850132259 -NAN 0 0
 242.406754796096 -NAN 0 0
 244.594991056597 -NAN 0 0
 246.782564871 -NAN 0 0
 248.969482196543 -NAN 0 0
 251.155748990464 -NAN 0 0
 253.341371210001 -NAN 0 0
 255.526354812392 -NAN 0 0
 257.710705754875 -NAN 0 0
 259.894429994688 -NAN 0 0
 262.077533489069 -NAN 0 0
 264.260022195256 -NAN 0 0
 266.441902070487 -NAN 0 0
 268.623179072 -NAN 0 0
 270.803859157033 -NAN 0 0
 272.983948282824 -NAN 0 0
 275.163452406611 -NAN 0 0
 277.342377485632 -NAN 0 0
 279.520729477125 -1.0867488203465 0 0
 281.698514338328 12.6786552339024 0 0
 283.875738026479 19.7423596753237 0 0
 286.052406498816 14.3049551750194 0 0
 288.228525712577 36.3385856292061 0 0
 290.404101625 49.2713695822252 0 0
 292.579140193323 52.4940955348087 0 0
 294.753647374784 83.7797017970821 0 0
 296.927629126621 97.183472802815 0 0
 299.101091406072 103.522116815148 0 0
 301.274040170375 132.436065111734 0 0
 303.446481376768 138.032133554892 0 0
 305.618420982489 140.215300790697 0 0
 307.789864944776 156.655975278078 0 0
 309.960819220867 159.960025812783 0 0
 312.131289768 160.986015032376 0 0
 314.301282543413 165.614520041037 0 0
 316.470803504344 144.75887911648 0 0
 318.639858608031 126.931119229554 0 0
 320.808453811712 128.65030090925 0 0
 322.976595072625 112.365312709217 0 0
 325.144288348008 97.7592407373486 0 0
 327.311539595099 101.874907035813 0 0
 329.478354771136 82.0719902944673 0 0
 331.644739833357 70.6367499305925 0 0
 333.810700739 77.0207847182268 0 0
 335.976243445303 56.9748665786554 0 0
 338.141373909504 47.9533470277129 0 0
 340.306098088841 53.3547645857627 0 0
 342.470421940552 35.8606709206129 0 0
 344.634351421875 31.3565523430134 0 0
 346.797892490048 36.5319979120532 0 0
 348.961051102309 21.5221808026596 0 0
 351.123833215896 20.0429748067485 0 0
 353.286244788047 24.872902657653 0 0
 355.448291776 11.8958052689912 0 0
 357.609980136993 13.0049983985682 0 0
 359.771315828264 19.1857707291919 0 0
 361.932304807051 14.624149463625 0 0
 364.092953030592 27.1270038303352 0 0
 366.253266456125 31.8677612166155 0 0
 368.413251040888 9.2583470571464 0 0
 370.572912742119 8.10731723120605 0 0
 372.732257517056 10.5101231560487 0 0
 374.891291322937 -3.25775153175817 0 0
 377.050020117 5.1940922042742 0 0
 379.208449856483 8.22402219307457 0 0
 381.366586498624 -5.54099999013567 0 0
 383.524436000661 4.77792774840694 0 0
 385.682004319832 6.5462705118176 0 0
 387.839297413375 -6.50350155441422 0 0
 389.996321238528 5.30840264884617 0 0
 392.153081752529 5.42983644074717 0 0
 394.309584912616 -6.13109260135947 0 0
 396.465836676027 5.96636906858774 0 0
 398.621843 5.93828765423361 0 0
 400.777609841773 1.34923586109762 0 0
 402.933143158584 24.2867750818335 0 0
 405.088448907671 25.1314525393025 0 0
 407.243533046272 10.6720897689624 0 0
 409.398401531625 14.4153366377349 0 0
 411.553060320968 8.20389590331039 0 0
 413.707515371539 3.06044890317572 0 0
 415.861772640576 16.5199467927619 0 0
 418.015838085317 16.3291166694504 0 0
 420.169717663 18.3924253690222 0 0
 422.323417330863 36.9360336969036 0 0
 424.476943046144 44.2575979220976 0 0
 426.630300766081 58.5406755746408 0 0
 428.783496447912 91.5123301191419 0 0
 430.936536048875 123.287927162773 0 0
 433.089425526208 189.190687013772 0 0
 435.242170837149 271.879905298853 0 0
 437.394777938936 326.803673061293 0 0
 439.547252788807 385.417781807808 0 0
 441.699601344 494.248435181973 0 0
 443.851829561753 616.105568240217 0 0
 446.003943399304 738.196176600391 0 0
 448.155948813891 818.596084030114 0 0
 450.307851762752 805.460296303525 0 0
 452.459658203125 726.773974238864 0 0
 454.611374092248 617.376065433672 0 0
 456.763005387359 496.986433557497 0 0
 458.914558045696 415.331431196034 0 0
 461.066038024497 364.995541923304 0 0
 463.217451281 312.035075273019 0 0
 465.368803772443 275.071628352646 0 0
 467.520101456064 239.565510497588 0 0
 469.671350289101 189.960480933686 0 0
 471.822556228792 163.421886829671 0 0
 473.973725232375 145.381821857513 0 0
 476.124863257088 120.795381745293 0 0
 478.275976260169 119.706569825037 0 0
 480.427070198856 118.715954588776 0 0
 482.578151030387 105.85698128855 0 0
 484.729224712 113.277828540495 0 0
 486.880297200933 116.027438146889 0 0
 489.031374454424 108.849414062259 0 0
 491.182462429711 122.829205382405 0 0
 493.333567084032 129.700002639301 0 0
 495.484694374625 127.218935296753 0 0
 497.635850258728 144.202363141612 0 0
 499.787040693579 150.708596771642 0 0
 501.938271636416 148.941454328605 0 0
 504.089549044477 -NAN 0 0
 506.240878875 -NAN 0 0
 508.392267085223 -NAN 0 0
 510.543719632384 -NAN 0 0
 512.695242473721 -NAN 0 0
 514.846841566472 -NAN 0 0
 516.998522867875 -NAN 0 0
 519.150292335168 -NAN 0 0
 521.302155925589 -NAN 0 0
 523.454119596376 -NAN 0 0
 525.606189304767 -NAN 0 0
 527.758371008 -NAN 0 0
 529.910670663313 -NAN 0 0
 532.063094227944 -NAN 0 0
 534.215647659131 -NAN 0 0
 536.368336914112 -NAN 0 0
 538.521167950125 -NAN 0 0
 540.674146724408 -NAN 0 0
 542.827279194199 -NAN 0 0
 544.980571316736 -NAN 0 0
 547.134029049257 -NAN 0 0
 549.287658349 -NAN 0 0
 551.441465173203 -NAN 0 0
 553.595455479104 -NAN 0 0
 555.749635223941 -NAN 0 0
 557.904010364952 -NAN 0 0
 560.058586859375 -NAN 0 0
 562.213370664448 -NAN 0 0
 564.368367737409 -NAN 0 0
 566.523584035496 -NAN 0 0
 568.679025515947 -NAN 0 0
 570.834698136 -NAN 0 0
 572.990607852893 -NAN 0 0
 575.146760623864 -NAN 0 0
 577.303162406151 -NAN 0 0
 579.459819156992 -NAN 0 0
 581.616736833625 -NAN 0 0
 583.773921393288 -NAN 0 0
 585.931378793219 -NAN 0 0
 588.089114990656 -NAN 0 0
 590.247135942837 -NAN 0 0
 592.405447607 -NAN 0 0
 594.564055940383 -NAN 0 0
 596.722966900224 -NAN 0 0
 598.882186443761 -NAN 0 0
 601.041720528232 -NAN 0 0
 603.201575110875 -NAN 0 0
 605.361756148928 -NAN 0 0
 607.522269599629 -NAN 0 0
 609.683121420216 -NAN 0 0
 611.844317567927 -NAN 0 0
 614.005864 -NAN 0 0
 616.167766673673 -NAN 0 0
 618.330031546184 -NAN 0 0
 620.492664574771 -NAN 0 0
 622.655671716672 -NAN 0 0
 624.819058929125 -NAN 0 0
 626.982832169368 -NAN 0 0
 629.146997394639 -NAN 0 0
 631.311560562176 -NAN 0 0
 633.476527629217 -NAN 0 0
 635.641904553 -NAN 0 0
 637.807697290763 -NAN 0 0
 639.973911799744 -NAN 0 0
 642.140554037181 -NAN 0 0
 644.307629960312 -NAN 0 0
 646.475145526375 -NAN 0 0
 648.643106692608 -NAN 0 0
 650.811519416249 -NAN 0 0
 652.980389654536 -NAN 0 0
 655.149723364707 -NAN 0 0
 657.319526504 -NAN 0 0
 659.489805029653 -NAN 0 0
 661.660564898904 -NAN 0 0
 663.831812068991 -NAN 0 0
 666.003552497152 -NAN 0 0
 668.175792140625 -NAN 0 0
 670.348536956648 -NAN 0 0
 672.521792902459 -NAN 0 0
 674.695565935296 -NAN 0 0
 676.869862012397 -NAN 0 0
 679.044687091 -NAN 0 0
 681.220047128343 -NAN 0 0
 683.395948081664 -NAN 0 0
 685.572395908201 -NAN 0 0
 687.749396565192 -NAN 0 0
 689.926956009875 -NAN 0 0
 692.105080199488 -NAN 0 0
 694.283775091269 -NAN 0 0
 696.463046642456 -NAN 0 0
 698.642900810287 -NAN 0 0
 700.823343552 -NAN 0 0
 703.004380824833 -NAN 0 0
 705.186018586024 -NAN 0 0
 707.368262792811 -NAN 0 0
 709.551119402432 -NAN 0 0
 711.734594372125 -NAN 0 0
 713.918693659128 -NAN 0 0
 716.103423220679 -NAN 0 0
 718.288789014016 -NAN 0 0
 720.474796996377 -NAN 0 0
 722.661453125 -NAN 0 0
 724.848763357123 -NAN 0 0
 727.036733649984 -NAN 0 0
 729.225369960821 -NAN 0 0
 731.414678246872 -NAN 0 0
 733.604664465375 -NAN 0 0
 735.795334573568 -NAN 0 0
[END] of [DATA]
[END] of Spectrum


[Spectrum]
Version            = 1
IDData             = 12ad_2026-06-08_11-47-25_000_129
IDDevice           = SAM_82E6
IDDataType         = SPECTRUM
IDDataTypeSub1     = CALIBRATED
IDDataTypeSub2     = 
IDDataTypeSub3     = 
DateTime           = 2026-06-08 11:47:25
PositionLatitude   = 0
PositionLongitude  = 0
Comment            = 20260608_FrameC
CommentSub1        = UV
CommentSub2        = right
CommentSub3        = 39cm
IDMethodType       = SAM Control
MethodName         = SAM_82E6
Mission            = No Mission
MissionSub         = 1
RecordType         = 0
[Attributes]
CalFactor = 1
IDBasisSpec = 
IDDataBack = DLAB_2024-11-11_10-40-48_641_639
IDDataCal = DLAB_2024-11-12_11-45-27_171_455
IntegrationTime = 128
P31 = -1
P31e = 0
PathLength = +INF
PathLengthCustomOn = 0
RAWDynamic = 65535
Salinity = 0
Temperature = -NAN
Unit1 = $01 $01 Wavelength nm
Unit2 = $03 $06 Intensity mW/(m^2 nm)
Unit3 = $f0 $06 Error mW/(m^2 nm)
Unit4 = $f1 $00 Status 
p999 = 7113
[END] of [Attributes]
[DATA]
 0 6 0 0
 185.260577530984 -NAN 0 0
 187.468128380571 -NAN 0 0
 189.674861895872 -NAN 0 0
 191.880784034125 -NAN 0 0
 194.085900752568 -NAN 0 0
 196.290218008439 -NAN 0 0
 198.493741758976 -NAN 0 0
 200.696477961417 -NAN 0 0
 202.898432573 -NAN 0 0
 205.099611550963 -NAN 0 0
 207.300020852544 -NAN 0 0
 209.499666434981 -NAN 0 0
 211.698554255512 -NAN 0 0
 213.896690271375 -NAN 0 0
 216.094080439808 -NAN 0 0
 218.290730718049 -NAN 0 0
 220.486647063336 -NAN 0 0
 222.681835432907 -NAN 0 0
 224.876301784 -NAN 0 0
 227.070052073853 -NAN 0 0
 229.263092259704 -NAN 0 0
 231.455428298791 -NAN 0 0
 233.647066148352 -NAN 0 0
 235.838011765625 -NAN 0 0
 238.028271107848 -NAN 0 0
 240.217850132259 -NAN 0 0
 242.406754796096 -NAN 0 0
 244.594991056597 -NAN 0 0
 246.782564871 -NAN 0 0
 248.969482196543 -NAN 0 0
 251.155748990464 -NAN 0 0
 253.341371210001 -NAN 0 0
 255.526354812392 -NAN 0 0
 257.710705754875 -NAN 0 0
 259.894429994688 -NAN 0 0
 262.077533489069 -NAN 0 0
 264.260022195256 -NAN 0 0
 266.441902070487 -NAN 0 0
 268.623179072 -NAN 0 0
 270.803859157033 -NAN 0 0
 272.983948282824 -NAN 0 0
 275.163452406611 -NAN 0 0
 277.342377485632 -NAN 0 0
 279.520729477125 12.6566003369835 0 0
 281.698514338328 4.1149176864632 0 0
 283.875738026479 16.6949568257524 0 0
 286.052406498816 30.0142204945995 0 0
 288.228525712577 25.8196982839149 0 0
 290.404101625 48.6461017376531 0 0
 292.579140193323 67.8978098763662 0 0
 294.753647374784 73.8535703516217 0 0
 296.927629126621 99.9284497093342 0 0
 299.101091406072 117.338963979193 0 0
 301.274040170375 124.961081040852 0 0
 303.446481376768 143.283373302694 0 0
 305.618420982489 153.012874599915 0 0
 307.789864944776 150.174153219205 0 0
 309.960819220867 167.470904511993 0 0
 312.131289768 173.951161794231 0 0
 314.301282543413 158.123745092536 0 0
 316.470803504344 154.019813428429 0 0
 318.639858608031 139.136850085011 0 0
 320.808453811712 118.27834348696 0 0
 322.976595072625 123.631963660239 0 0
 325.144288348008 108.728447008782 0 0
 327.311539595099 89.7130303221491 0 0
 329.478354771136 95.1138492720629 0 0
 331.644739833357 79.1405300055235 0 0
 333.810700739 64.4744739850157 0 0
 335.976243445303 70.8718781534469 0 0
 338.141373909504 53.6945566471127 0 0
 340.306098088841 42.290169877059 0 0
 342.470421940552 49.3453764329945 0 0
 344.634351421875 35.00344122994 0 0
 346.797892490048 27.3151232752421 0 0
 348.961051102309 34.0151146396203 0 0
 351.123833215896 21.4556751711059 0 0
 353.286244788047 17.0633146116608 0 0
 355.448291776 23.9217926195722 0 0
 357.609980136993 12.814391732785 0 0
 359.771315828264 12.2761064897164 0 0
 361.932304807051 27.1968078645649 0 0
 364.092953030592 25.52379852399 0 0
 366.253266456125 25.374676739031 0 0
 368.413251040888 23.1610077395629 0 0
 370.572912742119 4.1082352180478 0 0
 372.732257517056 4.19630094414387 0 0
 374.891291322937 11.7975942909492 0 0
 377.050020117 -1.82999086964316 0 0
 379.208449856483 2.73540507058129 0 0
 381.366586498624 10.0303609822901 0 0
 383.524436000661 -4.17299126518233 0 0
 385.682004319832 2.88797057437839 0 0
 387.839297413375 8.36794906393862 0 0
 389.996321238528 -5.20680020286522 0 0
 392.153081752529 3.40945398291499 0 0
 394.309584912616 7.19982045156256 0 0
 396.465836676027 -5.53367101546995 0 0
 398.621843 5.58269205474295 0 0
 400.777609841773 13.4777221035121 0 0
 402.933143158584 12.9975198711456 0 0
 405.088448907671 27.0134371415377 0 0
 407.243533046272 21.1098933935779 0 0
 409.398401531625 3.21827355952977 0 0
 411.553060320968 11.0451174701764 0 0
 413.707515371539 11.1192629632691 0 0
 415.861772640576 6.01380543122877 0 0
 418.015838085317 20.0821483191742 0 0
 420.169717663 24.7799742232393 0 0
 422.323417330863 27.4452323870751 0 0
 424.476943046144 49.0686128830976 0 0
 426.630300766081 63.4522231169388 0 0
 428.783496447912 82.971373295731 0 0
 430.936536048875 129.029690601257 0 0
 433.089425526208 193.957662270803 0 0
 435.242170837149 265.968910452659 0 0
 437.394777938936 334.761535095777 0 0
 439.547252788807 388.782424700161 0 0
 441.699601344 486.645400705699 0 0
 443.851829561753 623.655665650116 0 0
 446.003943399304 739.691698806355 0 0
 448.155948813891 810.701082601345 0 0
 450.307851762752 814.049166751471 0 0
 452.459658203125 727.592832097704 0 0
 454.611374092248 609.709469955554 0 0
 456.763005387359 507.092604953766 0 0
 458.914558045696 414.992100642841 0 0
 461.066038024497 357.808309000927 0 0
 463.217451281 323.254513092494 0 0
 465.368803772443 273.021763201143 0 0
 467.520101456064 232.9551679846 0 0
 469.671350289101 201.790029922735 0 0
 471.822556228792 159.705426346291 0 0
 473.973725232375 139.735416232958 0 0
 476.124863257088 132.953864858672 0 0
 478.275976260169 114.388146698186 0 0
 480.427070198856 114.126871461433 0 0
 482.578151030387 117.973877350352 0 0
 484.729224712 106.178837460507 0 0
 486.880297200933 112.908769624222 0 0
 489.031374454424 120.573564632947 0 0
 491.182462429711 114.709623931769 0 0
 493.333567084032 127.918672193959 0 0
 495.484694374625 138.298316031258 0 0
 497.635850258728 135.238800604773 0 0
 499.787040693579 150.182406270239 0 0
 501.938271636416 158.668395663973 0 0
 504.089549044477 -NAN 0 0
 506.240878875 -NAN 0 0
 508.392267085223 -NAN 0 0
 510.543719632384 -NAN 0 0
 512.695242473721 -NAN 0 0
 514.846841566472 -NAN 0 0
 516.998522867875 -NAN 0 0
 519.150292335168 -NAN 0 0
 521.302155925589 -NAN 0 0
 523.454119596376 -NAN 0 0
 525.606189304767 -NAN 0 0
 527.758371008 -NAN 0 0
 529.910670663313 -NAN 0 0
 532.063094227944 -NAN 0 0
 534.215647659131 -NAN 0 0
 536.368336914112 -NAN 0 0
 538.521167950125 -NAN 0 0
 540.674146724408 -NAN 0 0
 542.827279194199 -NAN 0 0
 544.980571316736 -NAN 0 0
 547.134029049257 -NAN 0 0
 549.287658349 -NAN 0 0
 551.441465173203 -NAN 0 0
 553.595455479104 -NAN 0 0
 555.749635223941 -NAN 0 0
 557.904010364952 -NAN 0 0
 560.058586859375 -NAN 0 0
 562.213370664448 -NAN 0 0
 564.368367737409 -NAN 0 0
 566.523584035496 -NAN 0 0
 568.679025515947 -NAN 0 0
 570.834698136 -NAN 0 0
 572.990607852893 -NAN 0 0
 575.146760623864 -NAN 0 0
 577.303162406151 -NAN 0 0
 579.459819156992 -NAN 0 0
 581.616736833625 -NAN 0 0
 583.773921393288 -NAN 0 0
 585.931378793219 -NAN 0 0
 588.089114990656 -NAN 0 0
 590.247135942837 -NAN 0 0
 592.405447607 -NAN 0 0
 594.564055940383 -NAN 0 0
 596.722966900224 -NAN 0 0
 598.882186443761 -NAN 0 0
 601.041720528232 -NAN 0 0
 603.201575110875 -NAN 0 0
 605.361756148928 -NAN 0 0
 607.522269599629 -NAN 0 0
 609.683121420216 -NAN 0 0
 611.844317567927 -NAN 0 0
 614.005864 -NAN 0 0
 616.167766673673 -NAN 0 0
 618.330031546184 -NAN 0 0
 620.492664574771 -NAN 0 0
 622.655671716672 -NAN 0 0
 624.819058929125 -NAN 0 0
 626.982832169368 -NAN 0 0
 629.146997394639 -NAN 0 0
 631.311560562176 -NAN 0 0
 633.476527629217 -NAN 0 0
 635.641904553 -NAN 0 0
 637.807697290763 -NAN 0 0
 639.973911799744 -NAN 0 0
 642.140554037181 -NAN 0 0
 644.307629960312 -NAN 0 0
 646.475145526375 -NAN 0 0
 648.643106692608 -NAN 0 0
 650.811519416249 -NAN 0 0
 652.980389654536 -NAN 0 0
 655.149723364707 -NAN 0 0
 657.319526504 -NAN 0 0
 659.489805029653 -NAN 0 0
 661.660564898904 -NAN 0 0
 663.831812068991 -NAN 0 0
 666.003552497152 -NAN 0 0
 668.175792140625 -NAN 0 0
 670.348536956648 -NAN 0 0
 672.521792902459 -NAN 0 0
 674.695565935296 -NAN 0 0
 676.869862012397 -NAN 0 0
 679.044687091 -NAN 0 0
 681.220047128343 -NAN 0 0
 683.395948081664 -NAN 0 0
 685.572395908201 -NAN 0 0
 687.749396565192 -NAN 0 0
 689.926956009875 -NAN 0 0
 692.105080199488 -NAN 0 0
 694.283775091269 -NAN 0 0
 696.463046642456 -NAN 0 0
 698.642900810287 -NAN 0 0
 700.823343552 -NAN 0 0
 703.004380824833 -NAN 0 0
 705.186018586024 -NAN 0 0
 707.368262792811 -NAN 0 0
 709.551119402432 -NAN 0 0
 711.734594372125 -NAN 0 0
 713.918693659128 -NAN 0 0
 716.103423220679 -NAN 0 0
 718.288789014016 -NAN 0 0
 720.474796996377 -NAN 0 0
 722.661453125 -NAN 0 0
 724.848763357123 -NAN 0 0
 727.036733649984 -NAN 0 0
 729.225369960821 -NAN 0 0
 731.414678246872 -NAN 0 0
 733.604664465375 -NAN 0 0
 735.795334573568 -NAN 0 0
[END] of [DATA]
[END] of Spectrum


[Spectrum]
Version            = 1
IDData             = 12ad_2026-06-08_11-47-30_000_132
IDDevice           = SAM_82E6
IDDataType         = SPECTRUM
IDDataTypeSub1     = CALIBRATED
IDDataTypeSub2     = 
IDDataTypeSub3     = 
DateTime           = 2026-06-08 11:47:30
PositionLatitude   = 0
PositionLongitude  = 0
Comment            = 20260608_FrameC
CommentSub1        = UV
CommentSub2        = right
CommentSub3        = 39cm
IDMethodType       = SAM Control
MethodName         = SAM_82E6
Mission            = No Mission
MissionSub         = 1
RecordType         = 0
[Attributes]
CalFactor = 1
IDBasisSpec = 
IDDataBack = DLAB_2024-11-11_10-40-48_641_639
IDDataCal = DLAB_2024-11-12_11-45-27_171_455
IntegrationTime = 128
P31 = -1
P31e = 0
PathLength = +INF
PathLengthCustomOn = 0
RAWDynamic = 65535
Salinity = 0
Temperature = -NAN
Unit1 = $01 $01 Wavelength nm
Unit2 = $03 $06 Intensity mW/(m^2 nm)
Unit3 = $f0 $06 Error mW/(m^2 nm)
Unit4 = $f1 $00 Status 
p999 = 7114
[END] of [Attributes]
[DATA]
 0 6 0 0
 185.260577530984 -NAN 0 0
 187.468128380571 -NAN 0 0
 189.674861895872 -NAN 0 0
 191.880784034125 -NAN 0 0
 194.085900752568 -NAN 0 0
 196.290218008439 -NAN 0 0
 198.493741758976 -NAN 0 0
 200.696477961417 -NAN 0 0
 202.898432573 -NAN 0 0
 205.099611550963 -NAN 0 0
 207.300020852544 -NAN 0 0
 209.499666434981 -NAN 0 0
 211.698554255512 -NAN 0 0
 213.896690271375 -NAN 0 0
 216.094080439808 -NAN 0 0
 218.290730718049 -NAN 0 0
 220.486647063336 -NAN 0 0
 222.681835432907 -NAN 0 0
 224.876301784 -NAN 0 0
 227.070052073853 -NAN 0 0
 229.263092259704 -NAN 0 0
 231.455428298791 -NAN 0 0
 233.647066148352 -NAN 0 0
 235.838011765625 -NAN 0 0
 238.028271107848 -NAN 0 0
 240.217850132259 -NAN 0 0
 242.406754796096 -NAN 0 0
 244.594991056597 -NAN 0 0
 246.782564871 -NAN 0 0
 248.969482196543 -NAN 0 0
 251.155748990464 -NAN 0 0
 253.341371210001 -NAN 0 0
 255.526354812392 -NAN 0 0
 257.710705754875 -NAN 0 0
 259.894429994688 -NAN 0 0
 262.077533489069 -NAN 0 0
 264.260022195256 -NAN 0 0
 266.441902070487 -NAN 0 0
 268.623179072 -NAN 0 0
 270.803859157033 -NAN 0 0
 272.983948282824 -NAN 0 0
 275.163452406611 -NAN 0 0
 277.342377485632 -NAN 0 0
 279.520729477125 0.0788704992675703 0 0
 281.698514338328 11.5254924069037 0 0
 283.875738026479 21.877518669092 0 0
 286.052406498816 16.1865825182889 0 0
 288.228525712577 36.5448945065858 0 0
 290.404101625 53.2498180072236 0 0
 292.579140193323 55.970080121767 0 0
 294.753647374784 86.8840131757782 0 0
 296.927629126621 103.719615779115 0 0
 299.101091406072 109.571307448639 0 0
 301.274040170375 138.639303988315 0 0
 303.446481376768 147.154087459559 0 0
 305.618420982489 148.26809345317 0 0
 307.789864944776 164.429031018865 0 0
 309.960819220867 170.561712149365 0 0
 312.131289768 170.060042413698 0 0
 314.301282543413 173.986699430856 0 0
 316.470803504344 154.80906983549 0 0
 318.639858608031 134.0631356569 0 0
 320.808453811712 135.215302706829 0 0
 322.976595072625 121.07263955504 0 0
 325.144288348008 103.164440563651 0 0
 327.311539595099 106.994154080668 0 0
 329.478354771136 89.4080359693648 0 0
 331.644739833357 74.5007586345566 0 0
 333.810700739 81.0440117796789 0 0
 335.976243445303 62.8098670453095 0 0
 338.141373909504 50.5065561979841 0 0
 340.306098088841 56.7995562161221 0 0
 342.470421940552 40.1268556709857 0 0
 344.634351421875 32.8505192387613 0 0
 346.797892490048 39.2716927582245 0 0
 348.961051102309 24.7697422000106 0 0
 351.123833215896 20.7885044760528 0 0
 353.286244788047 26.8749137791891 0 0
 355.448291776 14.3935103341118 0 0
 357.609980136993 13.1977467122815 0 0
 359.771315828264 20.9863276932146 0 0
 361.932304807051 16.7982860255343 0 0
 364.092953030592 27.4115163213204 0 0
 366.253266456125 34.0749428106146 0 0
 368.413251040888 11.2222736620919 0 0
 370.572912742119 7.33864945732011 0 0
 372.732257517056 12.0833606741391 0 0
 374.891291322937 -1.78152633856897 0 0
 377.050020117 3.55532341169489 0 0
 379.208449856483 9.48352127778746 0 0
 381.366586498624 -4.5743262830074 0 0
 383.524436000661 3.47323679024959 0 0
 385.682004319832 7.85199342883518 0 0
 387.839297413375 -5.89141441006128 0 0
 389.996321238528 3.76609798264538 0 0
 392.153081752529 6.75363099072787 0 0
 394.309584912616 -6.18018352504044 0 0
 396.465836676027 4.78226501136863 0 0
 398.621843 7.13245198088133 0 0
 400.777609841773 1.55991726483675 0 0
 402.933143158584 24.2867750818335 0 0
 405.088448907671 27.6522308707559 0 0
 407.243533046272 11.4633004693942 0 0
 409.398401531625 13.7553378316516 0 0
 411.553060320968 9.5936238436253 0 0
 413.707515371539 2.7740735680579 0 0
 415.861772640576 15.7116250559896 0 0
 418.015838085317 17.6384509170754 0 0
 420.169717663 18.08591384225 0 0
 422.323417330863 36.4251454921106 0 0
 424.476943046144 45.5837337803511 0 0
 426.630300766081 58.2299273997326 0 0
 428.783496447912 91.3605957894721 0 0
 430.936536048875 125.023310888583 0 0
 433.089425526208 191.230900608833 0 0
 435.242170837149 275.792862406339 0 0
 437.394777938936 331.522758783631 0 0
 439.547252788807 386.451438927142 0 0
 441.699601344 494.751468381917 0 0
 443.851829561753 617.280771872534 0 0
 446.003943399304 737.749573287169 0 0
 448.155948813891 818.754019155384 0 0
 450.307851762752 806.450487373647 0 0
 452.459658203125 726.157051915349 0 0
 454.611374092248 618.129221427057 0 0
 456.763005387359 498.234084933505 0 0
 458.914558045696 414.720636200286 0 0
 461.066038024497 365.710800997802 0 0
 463.217451281 313.306376133141 0 0
 465.368803772443 274.045640233562 0 0
 467.520101456064 240.510151148342 0 0
 469.671350289101 191.071124899898 0 0
 471.822556228792 162.32006560401 0 0
 473.973725232375 146.352986007446 0 0
 476.124863257088 121.732012296551 0 0
 478.275976260169 118.546429051023 0 0
 480.427070198856 119.758522988581 0 0
 482.578151030387 106.540063491002 0 0
 484.729224712 112.030587664351 0 0
 486.880297200933 116.913372677001 0 0
 489.031374454424 109.23208818854 0 0
 491.182462429711 121.643098711074 0 0
 493.333567084032 130.762120917337 0 0
 495.484694374625 127.238858259113 0 0
 497.635850258728 143.056958087945 0 0
 499.787040693579 151.4326522963 0 0
 501.938271636416 148.631500898135 0 0
 504.089549044477 -NAN 0 0
 506.240878875 -NAN 0 0
 508.392267085223 -NAN 0 0
 510.543719632384 -NAN 0 0
 512.695242473721 -NAN 0 0
 514.846841566472 -NAN 0 0
 516.998522867875 -NAN 0 0
 519.150292335168 -NAN 0 0
 521.302155925589 -NAN 0 0
 523.454119596376 -NAN 0 0
 525.606189304767 -NAN 0 0
 527.758371008 -NAN 0 0
 529.910670663313 -NAN 0 0
 532.063094227944 -NAN 0 0
 534.215647659131 -NAN 0 0
 536.368336914112 -NAN 0 0
 538.521167950125 -NAN 0 0
 540.674146724408 -NAN 0 0
 542.827279194199 -NAN 0 0
 544.980571316736 -NAN 0 0
 547.134029049257 -NAN 0 0
 549.287658349 -NAN 0 0
 551.441465173203 -NAN 0 0
 553.595455479104 -NAN 0 0
 555.749635223941 -NAN 0 0
 557.904010364952 -NAN 0 0
 560.058586859375 -NAN 0 0
 562.213370664448 -NAN 0 0
 564.368367737409 -NAN 0 0
 566.523584035496 -NAN 0 0
 568.679025515947 -NAN 0 0
 570.834698136 -NAN 0 0
 572.990607852893 -NAN 0 0
 575.146760623864 -NAN 0 0
 577.303162406151 -NAN 0 0
 579.459819156992 -NAN 0 0
 581.616736833625 -NAN 0 0
 583.773921393288 -NAN 0 0
 585.931378793219 -NAN 0 0
 588.089114990656 -NAN 0 0
 590.247135942837 -NAN 0 0
 592.405447607 -NAN 0 0
 594.564055940383 -NAN 0 0
 596.722966900224 -NAN 0 0
 598.882186443761 -NAN 0 0
 601.041720528232 -NAN 0 0
 603.201575110875 -NAN 0 0
 605.361756148928 -NAN 0 0
 607.522269599629 -NAN 0 0
 609.683121420216 -NAN 0 0
 611.844317567927 -NAN 0 0
 614.005864 -NAN 0 0
 616.167766673673 -NAN 0 0
 618.330031546184 -NAN 0 0
 620.492664574771 -NAN 0 0
 622.655671716672 -NAN 0 0
 624.819058929125 -NAN 0 0
 626.982832169368 -NAN 0 0
 629.146997394639 -NAN 0 0
 631.311560562176 -NAN 0 0
 633.476527629217 -NAN 0 0
 635.641904553 -NAN 0 0
 637.807697290763 -NAN 0 0
 639.973911799744 -NAN 0 0
 642.140554037181 -NAN 0 0
 644.307629960312 -NAN 0 0
 646.475145526375 -NAN 0 0
 648.643106692608 -NAN 0 0
 650.811519416249 -NAN 0 0
 652.980389654536 -NAN 0 0
 655.149723364707 -NAN 0 0
 657.319526504 -NAN 0 0
 659.489805029653 -NAN 0 0
 661.660564898904 -NAN 0 0
 663.831812068991 -NAN 0 0
 666.003552497152 -NAN 0 0
 668.175792140625 -NAN 0 0
 670.348536956648 -NAN 0 0
 672.521792902459 -NAN 0 0
 674.695565935296 -NAN 0 0
 676.869862012397 -NAN 0 0
 679.044687091 -NAN 0 0
 681.220047128343 -NAN 0 0
 683.395948081664 -NAN 0 0
 685.572395908201 -NAN 0 0
 687.749396565192 -NAN 0 0
 689.926956009875 -NAN 0 0
 692.105080199488 -NAN 0 0
 694.283775091269 -NAN 0 0
 696.463046642456 -NAN 0 0
 698.642900810287 -NAN 0 0
 700.823343552 -NAN 0 0
 703.004380824833 -NAN 0 0
 705.186018586024 -NAN 0 0
 707.368262792811 -NAN 0 0
 709.551119402432 -NAN 0 0
 711.734594372125 -NAN 0 0
 713.918693659128 -NAN 0 0
 716.103423220679 -NAN 0 0
 718.288789014016 -NAN 0 0
 720.474796996377 -NAN 0 0
 722.661453125 -NAN 0 0
 724.848763357123 -NAN 0 0
 727.036733649984 -NAN 0 0
 729.225369960821 -NAN 0 0
 731.414678246872 -NAN 0 0
 733.604664465375 -NAN 0 0
 735.795334573568 -NAN 0 0
[END] of [DATA]
[END] of Spectrum


[Spectrum]
Version            = 1
IDData             = 12ad_2026-06-08_11-47-35_000_135
IDDevice           = SAM_82E6
IDDataType         = SPECTRUM
IDDataTypeSub1     = CALIBRATED
IDDataTypeSub2     = 
IDDataTypeSub3     = 
DateTime           = 2026-06-08 11:47:35
PositionLatitude   = 0
PositionLongitude  = 0
Comment            = 20260608_FrameC
CommentSub1        = UV
CommentSub2        = right
CommentSub3        = 39cm
IDMethodType       = SAM Control
MethodName         = SAM_82E6
Mission            = No Mission
MissionSub         = 1
RecordType         = 0
[Attributes]
CalFactor = 1
IDBasisSpec = 
IDDataBack = DLAB_2024-11-11_10-40-48_641_639
IDDataCal = DLAB_2024-11-12_11-45-27_171_455
IntegrationTime = 128
P31 = -1
P31e = 0
PathLength = +INF
PathLengthCustomOn = 0
RAWDynamic = 65535
Salinity = 0
Temperature = -NAN
Unit1 = $01 $01 Wavelength nm
Unit2 = $03 $06 Intensity mW/(m^2 nm)
Unit3 = $f0 $06 Error mW/(m^2 nm)
Unit4 = $f1 $00 Status 
p999 = 7115
[END] of [Attributes]
[DATA]
 0 6 0 0
 185.260577530984 -NAN 0 0
 187.468128380571 -NAN 0 0
 189.674861895872 -NAN 0 0
 191.880784034125 -NAN 0 0
 194.085900752568 -NAN 0 0
 196.290218008439 -NAN 0 0
 198.493741758976 -NAN 0 0
 200.696477961417 -NAN 0 0
 202.898432573 -NAN 0 0
 205.099611550963 -NAN 0 0
 207.300020852544 -NAN 0 0
 209.499666434981 -NAN 0 0
 211.698554255512 -NAN 0 0
 213.896690271375 -NAN 0 0
 216.094080439808 -NAN 0 0
 218.290730718049 -NAN 0 0
 220.486647063336 -NAN 0 0
 222.681835432907 -NAN 0 0
 224.876301784 -NAN 0 0
 227.070052073853 -NAN 0 0
 229.263092259704 -NAN 0 0
 231.455428298791 -NAN 0 0
 233.647066148352 -NAN 0 0
 235.838011765625 -NAN 0 0
 238.028271107848 -NAN 0 0
 240.217850132259 -NAN 0 0
 242.406754796096 -NAN 0 0
 244.594991056597 -NAN 0 0
 246.782564871 -NAN 0 0
 248.969482196543 -NAN 0 0
 251.155748990464 -NAN 0 0
 253.341371210001 -NAN 0 0
 255.526354812392 -NAN 0 0
 257.710705754875 -NAN 0 0
 259.894429994688 -NAN 0 0
 262.077533489069 -NAN 0 0
 264.260022195256 -NAN 0 0
 266.441902070487 -NAN 0 0
 268.623179072 -NAN 0 0
 270.803859157033 -NAN 0 0
 272.983948282824 -NAN 0 0
 275.163452406611 -NAN 0 0
 277.342377485632 -NAN 0 0
 279.520729477125 2.05519299951065 0 0
 281.698514338328 18.4013238209469 0 0
 283.875738026479 17.103065919138 0 0
 286.052406498816 19.7712568319713 0 0
 288.228525712577 43.6926374874708 0 0
 290.404101625 48.6999038545116 0 0
 292.579140193323 61.200971769051 0 0
 294.753647374784 93.9097760976684 0 0
 296.927629126621 100.569621465945 0 0
 299.101091406072 115.602622223284 0 0
 301.274040170375 145.138432485832 0 0
 303.446481376768 145.250403832184 0 0
 305.618420982489 154.872286794548 0 0
 307.789864944776 170.146588108726 0 0
 309.960819220867 168.911480239481 0 0
 312.131289768 177.517083516876 0 0
 314.301282543413 178.553025606386 0 0
 316.470803504344 152.151743697167 0 0
 318.639858608031 141.569505760356 0 0
 320.808453811712 137.902800401337 0 0
 322.976595072625 116.875066778105 0 0
 325.144288348008 111.016706016445 0 0
 327.311539595099 107.658248843359 0 0
 329.478354771136 84.3522332019324 0 0
 331.644739833357 82.2598657676891 0 0
 333.810700739 80.1159163538031 0 0
 335.976243445303 57.6857074426798 0 0
 338.141373909504 57.9428832368104 0 0
 340.306098088841 54.458238027639 0 0
 342.470421940552 36.0060197564912 0 0
 344.634351421875 39.758229809757 0 0
 346.797892490048 36.6225962865959 0 0
 348.961051102309 21.7130097309227 0 0
 351.123833215896 27.0583418300668 0 0
 353.286244788047 24.0910715170531 0 0
 355.448291776 12.4992559759389 0 0
 357.609980136993 19.4652793798614 0 0
 359.771315828264 18.1241520174294 0 0
 361.932304807051 15.7935714022277 0 0
 364.092953030592 34.3651370831376 0 0
 366.253266456125 30.7781842710064 0 0
 368.413251040888 11.1168035296041 0 0
 370.572912742119 14.8708400455456 0 0
 372.732257517056 7.76674131480163 0 0
 374.891291322937 -0.954678894296329 0 0
 377.050020117 11.6539863588608 0 0
 379.208449856483 4.65124312277234 0 0
 381.366586498624 -2.33147369059138 0 0
 383.524436000661 10.9219136003832 0 0
 385.682004319832 2.35174231760756 0 0
 387.839297413375 -2.67370629703925 0 0
 389.996321238528 10.5969063539882 0 0
 392.153081752529 0.663343485627986 0 0
 394.309584912616 -2.39609149129876 0 0
 396.465836676027 10.0301819724452 0 0
 398.621843 0.998427889667517 0 0
 400.777609841773 5.96471920597528 0 0
 402.933143158584 28.6247993955049 0 0
 405.088448907671 21.9067726562298 0 0
 407.243533046272 15.5512224216253 0 0
 409.398401531625 16.2131458855556 0 0
 411.553060320968 3.83948839551191 0 0
 413.707515371539 6.34740136069472 0 0
 415.861772640576 16.7250890517155 0 0
 418.015838085317 12.2448195231428 0 0
 420.169717663 21.4433502882832 0 0
 422.323417330863 36.4608527322306 0 0
 424.476943046144 40.7771570250348 0 0
 426.630300766081 61.5419850306285 0 0
 428.783496447912 90.3465046861793 0 0
 430.936536048875 121.065548288836 0 0
 433.089425526208 195.57606980117 0 0
 435.242170837149 275.924732897093 0 0
 437.394777938936 329.05051418011 0 0
 439.547252788807 390.835989196238 0 0
 441.699601344 492.786186713509 0 0
 443.851829561753 613.893272513569 0 0
 446.003943399304 741.971771277117 0 0
 448.155948813891 816.119134815464 0 0
 450.307851762752 803.352758479412 0 0
 452.459658203125 731.345313077524 0 0
 454.611374092248 615.153684680464 0 0
 456.763005387359 495.636275613038 0 0
 458.914558045696 420.705828339991 0 0
 461.066038024497 362.431001908331 0 0
 463.217451281 311.701670390585 0 0
 465.368803772443 280.584731177723 0 0
 467.520101456064 236.946863795667 0 0
 469.671350289101 190.587247850291 0 0
 471.822556228792 168.816219913635 0 0
 473.973725232375 142.35271462796 0 0
 476.124863257088 122.313254659921 0 0
 478.275976260169 125.190568598755 0 0
 480.427070198856 115.290850070188 0 0
 482.578151030387 108.090392215196 0 0
 484.729224712 118.169560901499 0 0
 486.880297200933 112.265572206527 0 0
 489.031374454424 111.753037915182 0 0
 491.182462429711 127.154809090564 0 0
 493.333567084032 125.494949456764 0 0
 495.484694374625 130.3302379186 0 0
 497.635850258728 147.720863148423 0 0
 499.787040693579 146.152265384491 0 0
 501.938271636416 151.986101046657 0 0
 504.089549044477 -NAN 0 0
 506.240878875 -NAN 0 0
 508.392267085223 -NAN 0 0
 510.543719632384 -NAN 0 0
 512.695242473721 -NAN 0 0
 514.846841566472 -NAN 0 0
 516.998522867875 -NAN 0 0
 519.150292335168 -NAN 0 0
 521.302155925589 -NAN 0 0
 523.454119596376 -NAN 0 0
 525.606189304767 -NAN 0 0
 527.758371008 -NAN 0 0
 529.910670663313 -NAN 0 0
 532.063094227944 -NAN 0 0
 534.215647659131 -NAN 0 0
 536.368336914112 -NAN 0 0
 538.521167950125 -NAN 0 0
 540.674146724408 -NAN 0 0
 542.827279194199 -NAN 0 0
 544.980571316736 -NAN 0 0
 547.134029049257 -NAN 0 0
 549.287658349 -NAN 0 0
 551.441465173203 -NAN 0 0
 553.595455479104 -NAN 0 0
 555.749635223941 -NAN 0 0
 557.904010364952 -NAN 0 0
 560.058586859375 -NAN 0 0
 562.213370664448 -NAN 0 0
 564.368367737409 -NAN 0 0
 566.523584035496 -NAN 0 0
 568.679025515947 -NAN 0 0
 570.834698136 -NAN 0 0
 572.990607852893 -NAN 0 0
 575.146760623864 -NAN 0 0
 577.303162406151 -NAN 0 0
 579.459819156992 -NAN 0 0
 581.616736833625 -NAN 0 0
 583.773921393288 -NAN 0 0
 585.931378793219 -NAN 0 0
 588.089114990656 -NAN 0 0
 590.247135942837 -NAN 0 0
 592.405447607 -NAN 0 0
 594.564055940383 -NAN 0 0
 596.722966900224 -NAN 0 0
 598.882186443761 -NAN 0 0
 601.041720528232 -NAN 0 0
 603.201575110875 -NAN 0 0
 605.361756148928 -NAN 0 0
 607.522269599629 -NAN 0 0
 609.683121420216 -NAN 0 0
 611.844317567927 -NAN 0 0
 614.005864 -NAN 0 0
 616.167766673673 -NAN 0 0
 618.330031546184 -NAN 0 0
 620.492664574771 -NAN 0 0
 622.655671716672 -NAN 0 0
 624.819058929125 -NAN 0 0
 626.982832169368 -NAN 0 0
 629.146997394639 -NAN 0 0
 631.311560562176 -NAN 0 0
 633.476527629217 -NAN 0 0
 635.641904553 -NAN 0 0
 637.807697290763 -NAN 0 0
 639.973911799744 -NAN 0 0
 642.140554037181 -NAN 0 0
 644.307629960312 -NAN 0 0
 646.475145526375 -NAN 0 0
 648.643106692608 -NAN 0 0
 650.811519416249 -NAN 0 0
 652.980389654536 -NAN 0 0
 655.149723364707 -NAN 0 0
 657.319526504 -NAN 0 0
 659.489805029653 -NAN 0 0
 661.660564898904 -NAN 0 0
 663.831812068991 -NAN 0 0
 666.003552497152 -NAN 0 0
 668.175792140625 -NAN 0 0
 670.348536956648 -NAN 0 0
 672.521792902459 -NAN 0 0
 674.695565935296 -NAN 0 0
 676.869862012397 -NAN 0 0
 679.044687091 -NAN 0 0
 681.220047128343 -NAN 0 0
 683.395948081664 -NAN 0 0
 685.572395908201 -NAN 0 0
 687.749396565192 -NAN 0 0
 689.926956009875 -NAN 0 0
 692.105080199488 -NAN 0 0
 694.283775091269 -NAN 0 0
 696.463046642456 -NAN 0 0
 698.642900810287 -NAN 0 0
 700.823343552 -NAN 0 0
 703.004380824833 -NAN 0 0
 705.186018586024 -NAN 0 0
 707.368262792811 -NAN 0 0
 709.551119402432 -NAN 0 0
 711.734594372125 -NAN 0 0
 713.918693659128 -NAN 0 0
 716.103423220679 -NAN 0 0
 718.288789014016 -NAN 0 0
 720.474796996377 -NAN 0 0
 722.661453125 -NAN 0 0
 724.848763357123 -NAN 0 0
 727.036733649984 -NAN 0 0
 729.225369960821 -NAN 0 0
 731.414678246872 -NAN 0 0
 733.604664465375 -NAN 0 0
 735.795334573568 -NAN 0 0
[END] of [DATA]
[END] of Spectrum


[Spectrum]
Version            = 1
IDData             = 12ad_2026-06-08_11-47-40_000_138
IDDevice           = SAM_82E6
IDDataType         = SPECTRUM
IDDataTypeSub1     = CALIBRATED
IDDataTypeSub2     = 
IDDataTypeSub3     = 
DateTime           = 2026-06-08 11:47:40
PositionLatitude   = 0
PositionLongitude  = 0
Comment            = 20260608_FrameC
CommentSub1        = UV
CommentSub2        = right
CommentSub3        = 39cm
IDMethodType       = SAM Control
MethodName         = SAM_82E6
Mission            = No Mission
MissionSub         = 1
RecordType         = 0
[Attributes]
CalFactor = 1
IDBasisSpec = 
IDDataBack = DLAB_2024-11-11_10-40-48_641_639
IDDataCal = DLAB_2024-11-12_11-45-27_171_455
IntegrationTime = 128
P31 = -1
P31e = 0
PathLength = +INF
PathLengthCustomOn = 0
RAWDynamic = 65535
Salinity = 0
Temperature = -NAN
Unit1 = $01 $01 Wavelength nm
Unit2 = $03 $06 Intensity mW/(m^2 nm)
Unit3 = $f0 $06 Error mW/(m^2 nm)
Unit4 = $f1 $00 Status 
p999 = 7116
[END] of [Attributes]
[DATA]
 0 6 0 0
 185.260577530984 -NAN 0 0
 187.468128380571 -NAN 0 0
 189.674861895872 -NAN 0 0
 191.880784034125 -NAN 0 0
 194.085900752568 -NAN 0 0
 196.290218008439 -NAN 0 0
 198.493741758976 -NAN 0 0
 200.696477961417 -NAN 0 0
 202.898432573 -NAN 0 0
 205.099611550963 -NAN 0 0
 207.300020852544 -NAN 0 0
 209.499666434981 -NAN 0 0
 211.698554255512 -NAN 0 0
 213.896690271375 -NAN 0 0
 216.094080439808 -NAN 0 0
 218.290730718049 -NAN 0 0
 220.486647063336 -NAN 0 0
 222.681835432907 -NAN 0 0
 224.876301784 -NAN 0 0
 227.070052073853 -NAN 0 0
 229.263092259704 -NAN 0 0
 231.455428298791 -NAN 0 0
 233.647066148352 -NAN 0 0
 235.838011765625 -NAN 0 0
 238.028271107848 -NAN 0 0
 240.217850132259 -NAN 0 0
 242.406754796096 -NAN 0 0
 244.594991056597 -NAN 0 0
 246.782564871 -NAN 0 0
 248.969482196543 -NAN 0 0
 251.155748990464 -NAN 0 0
 253.341371210001 -NAN 0 0
 255.526354812392 -NAN 0 0
 257.710705754875 -NAN 0 0
 259.894429994688 -NAN 0 0
 262.077533489069 -NAN 0 0
 264.260022195256 -NAN 0 0
 266.441902070487 -NAN 0 0
 268.623179072 -NAN 0 0
 270.803859157033 -NAN 0 0
 272.983948282824 -NAN 0 0
 275.163452406611 -NAN 0 0
 277.342377485632 -NAN 0 0
 279.520729477125 8.3440579183686 0 0
 281.698514338328 16.0610047049292 0 0
 283.875738026479 9.49161950616781 0 0
 286.052406498816 28.2530986061844 0 0
 288.228525712577 40.5349655031312 0 0
 290.404101625 42.485032301718 0 0
 292.579140193323 70.6535073084438 0 0
 294.753647374784 91.6814608752181 0 0
 296.927629126621 97.7941730303986 0 0
 299.101091406072 125.846681065972 0 0
 301.274040170375 144.210151322109 0 0
 303.446481376768 145.457919546012 0 0
 305.618420982489 165.355543054402 0 0
 307.789864944776 170.022595470396 0 0
 309.960819220867 170.887003442669 0 0
 312.131289768 189.296215291142 0 0
 314.301282543413 178.1669751123 0 0
 316.470803504344 154.758977710584 0 0
 318.639858608031 153.600280945878 0 0
 320.808453811712 135.232607050578 0 0
 322.976595072625 120.002504585778 0 0
 325.144288348008 122.621138763191 0 0
 327.311539595099 103.081419154345 0 0
 329.478354771136 88.1422259796369 0 0
 331.644739833357 92.7741147391654 0 0
 333.810700739 74.5887898462748 0 0
 335.976243445303 62.1484506994381 0 0
 338.141373909504 66.6024474523728 0 0
 340.306098088841 48.4861800396243 0 0
 342.470421940552 40.5917100560018 0 0
 344.634351421875 46.0183032163503 0 0
 346.797892490048 30.5247216907083 0 0
 348.961051102309 25.9713861785888 0 0
 351.123833215896 31.2807711282887 0 0
 353.286244788047 18.0174321123929 0 0
 355.448291776 16.4985959553182 0 0
 357.609980136993 22.1166395173854 0 0
 359.771315828264 11.6296699691801 0 0
 361.932304807051 20.2516494029104 0 0
 364.092953030592 36.0428575656932 0 0
 366.253266456125 24.0211722589014 0 0
 368.413251040888 16.322421333083 0 0
 370.572912742119 14.7703605979788 0 0
 372.732257517056 -0.297731601313191 0 0
 374.891291322937 5.03626779136039 0 0
 377.050020117 9.83037327486262 0 0
 379.208449856483 -3.74821632883516 0 0
 381.366586498624 4.39849735231039 0 0
 383.524436000661 8.0197578960724 0 0
 385.682004319832 -5.41716680303512 0 0
 387.839297413375 4.63450085706364 0 0
 389.996321238528 6.59084723922988 0 0
 392.153081752529 -5.84184398849101 0 0
 394.309584912616 5.22663804694123 0 0
 396.465836676027 5.7663333491709 0 0
 398.621843 -4.09932693586644 0 0
 400.777609841773 13.7495271243854 0 0
 402.933143158584 24.7594841291603 0 0
 405.088448907671 19.398278819569 0 0
 407.243533046272 23.496593539475 0 0
 409.398401531625 12.0996116601405 0 0
 411.553060320968 2.02401840364021 0 0
 413.707515371539 13.1737408303921 0 0
 415.861772640576 12.6936864503889 0 0
 418.015838085317 11.5645948239262 0 0
 420.169717663 27.5489842197283 0 0
 422.323417330863 32.6301067665425 0 0
 424.476943046144 41.1375393265414 0 0
 426.630300766081 66.9887099852682 0 0
 428.783496447912 86.7588307579877 0 0
 430.936536048875 122.46802839393 0 0
 433.089425526208 201.340482815787 0 0
 435.242170837149 273.947474750868 0 0
 437.394777938936 332.209360178531 0 0
 439.547252788807 395.459137939672 0 0
 441.699601344 488.740550422458 0 0
 443.851829561753 616.056182902392 0 0
 446.003943399304 745.383752145185 0 0
 448.155948813891 811.184539568143 0 0
 450.307851762752 805.975231732523 0 0
 452.459658203125 734.089042690516 0 0
 454.611374092248 609.548758638783 0 0
 456.763005387359 499.090258843332 0 0
 458.914558045696 422.404477168034 0 0
 461.066038024497 356.187258876246 0 0
 463.217451281 315.395090209697 0 0
 465.368803772443 281.317278250402 0 0
 467.520101456064 230.345089451847 0 0
 469.671350289101 194.923738813883 0 0
 471.822556228792 168.630396889466 0 0
 473.973725232375 135.625035539421 0 0
 476.124863257088 127.10712024733 0 0
 478.275976260169 123.62148931436 0 0
 480.427070198856 109.026528830339 0 0
 482.578151030387 113.284942166525 0 0
 484.729224712 115.827072661 0 0
 486.880297200933 106.457779175794 0 0
 489.031374454424 117.282790932966 0 0
 491.182462429711 124.150452267701 0 0
 493.333567084032 120.576250764562 0 0
 495.484694374625 136.318194938947 0 0
 497.635850258728 144.137632396242 0 0
 499.787040693579 142.347168783434 0 0
 501.938271636416 158.118443570327 0 0
 504.089549044477 -NAN 0 0
 506.240878875 -NAN 0 0
 508.392267085223 -NAN 0 0
 510.543719632384 -NAN 0 0
 512.695242473721 -NAN 0 0
 514.846841566472 -NAN 0 0
 516.998522867875 -NAN 0 0
 519.150292335168 -NAN 0 0
 521.302155925589 -NAN 0 0
 523.454119596376 -NAN 0 0
 525.606189304767 -NAN 0 0
 527.758371008 -NAN 0 0
 529.910670663313 -NAN 0 0
 532.063094227944 -NAN 0 0
 534.215647659131 -NAN 0 0
 536.368336914112 -NAN 0 0
 538.521167950125 -NAN 0 0
 540.674146724408 -NAN 0 0
 542.827279194199 -NAN 0 0
 544.980571316736 -NAN 0 0
 547.134029049257 -NAN 0 0
 549.287658349 -NAN 0 0
 551.441465173203 -NAN 0 0
 553.595455479104 -NAN 0 0
 555.749635223941 -NAN 0 0
 557.904010364952 -NAN 0 0
 560.058586859375 -NAN 0 0
 562.213370664448 -NAN 0 0
 564.368367737409 -NAN 0 0
 566.523584035496 -NAN 0 0
 568.679025515947 -NAN 0 0
 570.834698136 -NAN 0 0
 572.990607852893 -NAN 0 0
 575.146760623864 -NAN 0 0
 577.303162406151 -NAN 0 0
 579.459819156992 -NAN 0 0
 581.616736833625 -NAN 0 0
 583.773921393288 -NAN 0 0
 585.931378793219 -NAN 0 0
 588.089114990656 -NAN 0 0
 590.247135942837 -NAN 0 0
 592.405447607 -NAN 0 0
 594.564055940383 -NAN 0 0
 596.722966900224 -NAN 0 0
 598.882186443761 -NAN 0 0
 601.041720528232 -NAN 0 0
 603.201575110875 -NAN 0 0
 605.361756148928 -NAN 0 0
 607.522269599629 -NAN 0 0
 609.683121420216 -NAN 0 0
 611.844317567927 -NAN 0 0
 614.005864 -NAN 0 0
 616.167766673673 -NAN 0 0
 618.330031546184 -NAN 0 0
 620.492664574771 -NAN 0 0
 622.655671716672 -NAN 0 0
 624.819058929125 -NAN 0 0
 626.982832169368 -NAN 0 0
 629.146997394639 -NAN 0 0
 631.311560562176 -NAN 0 0
 633.476527629217 -NAN 0 0
 635.641904553 -NAN 0 0
 637.807697290763 -NAN 0 0
 639.973911799744 -NAN 0 0
 642.140554037181 -NAN 0 0
 644.307629960312 -NAN 0 0
 646.475145526375 -NAN 0 0
 648.643106692608 -NAN 0 0
 650.811519416249 -NAN 0 0
 652.980389654536 -NAN 0 0
 655.149723364707 -NAN 0 0
 657.319526504 -NAN 0 0
 659.489805029653 -NAN 0 0
 661.660564898904 -NAN 0 0
 663.831812068991 -NAN 0 0
 666.003552497152 -NAN 0 0
 668.175792140625 -NAN 0 0
 670.348536956648 -NAN 0 0
 672.521792902459 -NAN 0 0
 674.695565935296 -NAN 0 0
 676.869862012397 -NAN 0 0
 679.044687091 -NAN 0 0
 681.220047128343 -NAN 0 0
 683.395948081664 -NAN 0 0
 685.572395908201 -NAN 0 0
 687.749396565192 -NAN 0 0
 689.926956009875 -NAN 0 0
 692.105080199488 -NAN 0 0
 694.283775091269 -NAN 0 0
 696.463046642456 -NAN 0 0
 698.642900810287 -NAN 0 0
 700.823343552 -NAN 0 0
 703.004380824833 -NAN 0 0
 705.186018586024 -NAN 0 0
 707.368262792811 -NAN 0 0
 709.551119402432 -NAN 0 0
 711.734594372125 -NAN 0 0
 713.918693659128 -NAN 0 0
 716.103423220679 -NAN 0 0
 718.288789014016 -NAN 0 0
 720.474796996377 -NAN 0 0
 722.661453125 -NAN 0 0
 724.848763357123 -NAN 0 0
 727.036733649984 -NAN 0 0
 729.225369960821 -NAN 0 0
 731.414678246872 -NAN 0 0
 733.604664465375 -NAN 0 0
 735.795334573568 -NAN 0 0
[END] of [DATA]
[END] of Spectrum


[Spectrum]
Version            = 1
IDData             = 12ad_2026-06-08_11-47-45_000_141
IDDevice           = SAM_82E6
IDDataType         = SPECTRUM
IDDataTypeSub1     = CALIBRATED
IDDataTypeSub2     = 
IDDataTypeSub3     = 
DateTime           = 2026-06-08 11:47:45
PositionLatitude   = 0
PositionLongitude  = 0
Comment            = 20260608_FrameC
CommentSub1        = UV
CommentSub2        = right
CommentSub3        = 39cm
IDMethodType       = SAM Control
MethodName         = SAM_82E6
Mission            = No Mission
MissionSub         = 1
RecordType         = 0
[Attributes]
CalFactor = 1
IDBasisSpec = 
IDDataBack = DLAB_2024-11-11_10-40-48_641_639
IDDataCal = DLAB_2024-11-12_11-45-27_171_455
IntegrationTime = 128
P31 = -1
P31e = 0
PathLength = +INF
PathLengthCustomOn = 0
RAWDynamic = 65535
Salinity = 0
Temperature = -NAN
Unit1 = $01 $01 Wavelength nm
Unit2 = $03 $06 Intensity mW/(m^2 nm)
Unit3 = $f0 $06 Error mW/(m^2 nm)
Unit4 = $f1 $00 Status 
p999 = 7117
[END] of [Attributes]
[DATA]
 0 6 0 0
 185.260577530984 -NAN 0 0
 187.468128380571 -NAN 0 0
 189.674861895872 -NAN 0 0
 191.880784034125 -NAN 0 0
 194.085900752568 -NAN 0 0
 196.290218008439 -NAN 0 0
 198.493741758976 -NAN 0 0
 200.696477961417 -NAN 0 0
 202.898432573 -NAN 0 0
 205.099611550963 -NAN 0 0
 207.300020852544 -NAN 0 0
 209.499666434981 -NAN 0 0
 211.698554255512 -NAN 0 0
 213.896690271375 -NAN 0 0
 216.094080439808 -NAN 0 0
 218.290730718049 -NAN 0 0
 220.486647063336 -NAN 0 0
 222.681835432907 -NAN 0 0
 224.876301784 -NAN 0 0
 227.070052073853 -NAN 0 0
 229.263092259704 -NAN 0 0
 231.455428298791 -NAN 0 0
 233.647066148352 -NAN 0 0
 235.838011765625 -NAN 0 0
 238.028271107848 -NAN 0 0
 240.217850132259 -NAN 0 0
 242.406754796096 -NAN 0 0
 244.594991056597 -NAN 0 0
 246.782564871 -NAN 0 0
 248.969482196543 -NAN 0 0
 251.155748990464 -NAN 0 0
 253.341371210001 -NAN 0 0
 255.526354812392 -NAN 0 0
 257.710705754875 -NAN 0 0
 259.894429994688 -NAN 0 0
 262.077533489069 -NAN 0 0
 264.260022195256 -NAN 0 0
 266.441902070487 -NAN 0 0
 268.623179072 -NAN 0 0
 270.803859157033 -NAN 0 0
 272.983948282824 -NAN 0 0
 275.163452406611 -NAN 0 0
 277.342377485632 -NAN 0 0
 279.520729477125 15.3402644756248 0 0
 281.698514338328 7.99147979763226 0 0
 283.875738026479 15.3915495828634 0 0
 286.052406498816 34.9200991928306 0 0
 288.228525712577 32.1307441509821 0 0
 290.404101625 50.4448373742478 0 0
 292.579140193323 76.6187817496473 0 0
 294.753647374784 83.9480573083606 0 0
 296.927629126621 106.641073624583 0 0
 299.101091406072 130.525389187935 0 0
 301.274040170375 138.928231500524 0 0
 303.446481376768 154.739332893935 0 0
 305.618420982489 169.577666985073 0 0
 307.789864944776 166.080484693166 0 0
 309.960819220867 181.257419557434 0 0
 312.131289768 192.559444384127 0 0
 314.301282543413 173.81576743498 0 0
 316.470803504344 166.197086817242 0 0
 318.639858608031 154.783804595437 0 0
 320.808453811712 129.964099930785 0 0
 322.976595072625 132.458819379107 0 0
 325.144288348008 121.766470414588 0 0
 327.311539595099 97.8331647383719 0 0
 329.478354771136 101.130537178584 0 0
 331.644739833357 90.2987804276604 0 0
 333.810700739 70.2221526750888 0 0
 335.976243445303 74.8418298909737 0 0
 338.141373909504 62.7122442611455 0 0
 340.306098088841 45.5327259073697 0 0
 342.470421940552 52.0022483969314 0 0
 344.634351421875 41.7652762454587 0 0
 346.797892490048 29.1572902242771 0 0
 348.961051102309 36.1951905776568 0 0
 351.123833215896 26.6284868856031 0 0
 353.286244788047 17.9214751523192 0 0
 355.448291776 25.8138956383265 0 0
 357.609980136993 16.9145766950544 0 0
 359.771315828264 12.4643367577594 0 0
 361.932304807051 29.4247488161376 0 0
 364.092953030592 30.2126095361391 0 0
 366.253266456125 26.1886479406275 0 0
 368.413251040888 25.5771223837952 0 0
 370.572912742119 7.51574448365657 0 0
 372.732257517056 3.15660749313392 0 0
 374.891291322937 13.8479070592675 0 0
 377.050020117 1.58962852160608 0 0
 379.208449856483 0.939919153151701 0 0
 381.366586498624 12.2110298859435 0 0
 383.524436000661 -1.13581852271802 0 0
 385.682004319832 0.346220190162268 0 0
 387.839297413375 11.0642496095489 0 0
 389.996321238528 -2.81187355817274 0 0
 392.153081752529 0.704972245061339 0 0
 394.309584912616 9.47573021888323 0 0
 396.465836676027 -3.58298712075412 0 0
 398.621843 3.16384586865539 0 0
 400.777609841773 16.4441682882588 0 0
 402.933143158584 16.2988793035482 0 0
 405.088448907671 27.1620795285289 0 0
 407.243533046272 24.7606298536784 0 0
 409.398401531625 4.38816727656287 0 0
 411.553060320968 9.09398356032161 0 0
 413.707515371539 12.7367532819901 0 0
 415.861772640576 5.93521859570924 0 0
 418.015838085317 18.4140250322226 0 0
 420.169717663 26.2737449046388 0 0
 422.323417330863 27.0945689776921 0 0
 424.476943046144 47.4983757122472 0 0
 426.630300766081 64.861811365897 0 0
 428.783496447912 82.4967820312639 0 0
 430.936536048875 128.832750092962 0 0
 433.089425526208 199.782795928129 0 0
 435.242170837149 272.39539903544 0 0
 437.394777938936 340.05212256125 0 0
 439.547252788807 392.913009135555 0 0
 441.699601344 486.626495863217 0 0
 443.851829561753 622.928278216723 0 0
 446.003943399304 741.781836534712 0 0
 448.155948813891 809.843845838074 0 0
 450.307851762752 813.590143750841 0 0
 452.459658203125 729.672397587632 0 0
 454.611374092248 608.985793552819 0 0
 456.763005387359 507.210731570743 0 0
 458.914558045696 417.017105620573 0 0
 461.066038024497 356.867875773347 0 0
 463.217451281 323.847579098319 0 0
 465.368803772443 275.524456442242 0 0
 467.520101456064 231.985893847489 0 0
 469.671350289101 202.856291430258 0 0
 471.822556228792 162.120032583875 0 0
 473.973725232375 138.58036952856 0 0
 476.124863257088 134.403095818006 0 0
 478.275976260169 116.662867162178 0 0
 480.427070198856 112.67774593991 0 0
 482.578151030387 119.495186242416 0 0
 484.729224712 108.38609617949 0 0
 486.880297200933 111.091037791606 0 0
 489.031374454424 122.118807230591 0 0
 491.182462429711 116.392733869335 0 0
 493.333567084032 125.828948915266 0 0
 495.484694374625 139.826849976748 0 0
 497.635850258728 136.220733098098 0 0
 499.787040693579 148.161356389849 0 0
 501.938271636416 160.232153769781 0 0
 504.089549044477 -NAN 0 0
 506.240878875 -NAN 0 0
 508.392267085223 -NAN 0 0
 510.543719632384 -NAN 0 0
 512.695242473721 -NAN 0 0
 514.846841566472 -NAN 0 0
 516.998522867875 -NAN 0 0
 519.150292335168 -NAN 0 0
 521.302155925589 -NAN 0 0
 523.454119596376 -NAN 0 0
 525.606189304767 -NAN 0 0
 527.758371008 -NAN 0 0
 529.910670663313 -NAN 0 0
 532.063094227944 -NAN 0 0
 534.215647659131 -NAN 0 0
 536.368336914112 -NAN 0 0
 538.521167950125 -NAN 0 0
 540.674146724408 -NAN 0 0
 542.827279194199 -NAN 0 0
 544.980571316736 -NAN 0 0
 547.134029049257 -NAN 0 0
 549.287658349 -NAN 0 0
 551.441465173203 -NAN 0 0
 553.595455479104 -NAN 0 0
 555.749635223941 -NAN 0 0
 557.904010364952 -NAN 0 0
 560.058586859375 -NAN 0 0
 562.213370664448 -NAN 0 0
 564.368367737409 -NAN 0 0
 566.523584035496 -NAN 0 0
 568.679025515947 -NAN 0 0
 570.834698136 -NAN 0 0
 572.990607852893 -NAN 0 0
 575.146760623864 -NAN 0 0
 577.303162406151 -NAN 0 0
 579.459819156992 -NAN 0 0
 581.616736833625 -NAN 0 0
 583.773921393288 -NAN 0 0
 585.931378793219 -NAN 0 0
 588.089114990656 -NAN 0 0
 590.247135942837 -NAN 0 0
 592.405447607 -NAN 0 0
 594.564055940383 -NAN 0 0
 596.722966900224 -NAN 0 0
 598.882186443761 -NAN 0 0
 601.041720528232 -NAN 0 0
 603.201575110875 -NAN 0 0
 605.361756148928 -NAN 0 0
 607.522269599629 -NAN 0 0
 609.683121420216 -NAN 0 0
 611.844317567927 -NAN 0 0
 614.005864 -NAN 0 0
 616.167766673673 -NAN 0 0
 618.330031546184 -NAN 0 0
 620.492664574771 -NAN 0 0
 622.655671716672 -NAN 0 0
 624.819058929125 -NAN 0 0
 626.982832169368 -NAN 0 0
 629.146997394639 -NAN 0 0
 631.311560562176 -NAN 0 0
 633.476527629217 -NAN 0 0
 635.641904553 -NAN 0 0
 637.807697290763 -NAN 0 0
 639.973911799744 -NAN 0 0
 642.140554037181 -NAN 0 0
 644.307629960312 -NAN 0 0
 646.475145526375 -NAN 0 0
 648.643106692608 -NAN 0 0
 650.811519416249 -NAN 0 0
 652.980389654536 -NAN 0 0
 655.149723364707 -NAN 0 0
 657.319526504 -NAN 0 0
 659.489805029653 -NAN 0 0
 661.660564898904 -NAN 0 0
 663.831812068991 -NAN 0 0
 666.003552497152 -NAN 0 0
 668.175792140625 -NAN 0 0
 670.348536956648 -NAN 0 0
 672.521792902459 -NAN 0 0
 674.695565935296 -NAN 0 0
 676.869862012397 -NAN 0 0
 679.044687091 -NAN 0 0
 681.220047128343 -NAN 0 0
 683.395948081664 -NAN 0 0
 685.572395908201 -NAN 0 0
 687.749396565192 -NAN 0 0
 689.926956009875 -NAN 0 0
 692.105080199488 -NAN 0 0
 694.283775091269 -NAN 0 0
 696.463046642456 -NAN 0 0
 698.642900810287 -NAN 0 0
 700.823343552 -NAN 0 0
 703.004380824833 -NAN 0 0
 705.186018586024 -NAN 0 0
 707.368262792811 -NAN 0 0
 709.551119402432 -NAN 0 0
 711.734594372125 -NAN 0 0
 713.918693659128 -NAN 0 0
 716.103423220679 -NAN 0 0
 718.288789014016 -NAN 0 0
 720.474796996377 -NAN 0 0
 722.661453125 -NAN 0 0
 724.848763357123 -NAN 0 0
 727.036733649984 -NAN 0 0
 729.225369960821 -NAN 0 0
 731.414678246872 -NAN 0 0
 733.604664465375 -NAN 0 0
 735.795334573568 -NAN 0 0
[END] of [DATA]
[END] of Spectrum


[Spectrum]
Version            = 1
IDData             = 12ad_2026-06-08_11-47-50_000_144
IDDevice           = SAM_82E6
IDDataType         = SPECTRUM
IDDataTypeSub1     = CALIBRATED
IDDataTypeSub2     = 
IDDataTypeSub3     = 
DateTime           = 2026-06-08 11:47:50
PositionLatitude   = 0
PositionLongitude  = 0
Comment            = 20260608_FrameC
CommentSub1        = UV
CommentSub2        = right
CommentSub3        = 39cm
IDMethodType       = SAM Control
MethodName         = SAM_82E6
Mission            = No Mission
MissionSub         = 1
RecordType         = 0
[Attributes]
CalFactor = 1
IDBasisSpec = 
IDDataBack = DLAB_2024-11-11_10-40-48_641_639
IDDataCal = DLAB_2024-11-12_11-45-27_171_455
IntegrationTime = 128
P31 = -1
P31e = 0
PathLength = +INF
PathLengthCustomOn = 0
RAWDynamic = 65535
Salinity = 0
Temperature = -NAN
Unit1 = $01 $01 Wavelength nm
Unit2 = $03 $06 Intensity mW/(m^2 nm)
Unit3 = $f0 $06 Error mW/(m^2 nm)
Unit4 = $f1 $00 Status 
p999 = 7118
[END] of [Attributes]
[DATA]
 0 6 0 0
 185.260577530984 -NAN 0 0
 187.468128380571 -NAN 0 0
 189.674861895872 -NAN 0 0
 191.880784034125 -NAN 0 0
 194.085900752568 -NAN 0 0
 196.290218008439 -NAN 0 0
 198.493741758976 -NAN 0 0
 200.696477961417 -NAN 0 0
 202.898432573 -NAN 0 0
 205.099611550963 -NAN 0 0
 207.300020852544 -NAN 0 0
 209.499666434981 -NAN 0 0
 211.698554255512 -NAN 0 0
 213.896690271375 -NAN 0 0
 216.094080439808 -NAN 0 0
 218.290730718049 -NAN 0 0
 220.486647063336 -NAN 0 0
 222.681835432907 -NAN 0 0
 224.876301784 -NAN 0 0
 227.070052073853 -NAN 0 0
 229.263092259704 -NAN 0 0
 231.455428298791 -NAN 0 0
 233.647066148352 -NAN 0 0
 235.838011765625 -NAN 0 0
 238.028271107848 -NAN 0 0
 240.217850132259 -NAN 0 0
 242.406754796096 -NAN 0 0
 244.594991056597 -NAN 0 0
 246.782564871 -NAN 0 0
 248.969482196543 -NAN 0 0
 251.155748990464 -NAN 0 0
 253.341371210001 -NAN 0 0
 255.526354812392 -NAN 0 0
 257.710705754875 -NAN 0 0
 259.894429994688 -NAN 0 0
 262.077533489069 -NAN 0 0
 264.260022195256 -NAN 0 0
 266.441902070487 -NAN 0 0
 268.623179072 -NAN 0 0
 270.803859157033 -NAN 0 0
 272.983948282824 -NAN 0 0
 275.163452406611 -NAN 0 0
 277.342377485632 -NAN 0 0
 279.520729477125 15.6615569803902 0 0
 281.698514338328 11.1293378302817 0 0
 283.875738026479 14.1290944635322 0 0
 286.052406498816 36.2354960855792 0 0
 288.228525712577 35.8013229276964 0 0
 290.404101625 49.3280799216166 0 0
 292.579140193323 79.1390820097777 0 0
 294.753647374784 88.4402750971086 0 0
 296.927629126621 106.488715979447 0 0
 299.101091406072 134.307920919751 0 0
 301.274040170375 143.843480262438 0 0
 303.446481376768 155.610898892011 0 0
 305.618420982489 173.997669367921 0 0
 307.789864944776 170.973918298958 0 0
 309.960819220867 182.197630272299 0 0
 312.131289768 197.467791040542 0 0
 314.301282543413 178.846051885029 0 0
 316.470803504344 166.270392365885 0 0
 318.639858608031 159.376390931228 0 0
 320.808453811712 133.709824800693 0 0
 322.976595072625 131.454776845528 0 0
 325.144288348008 125.829032463523 0 0
 327.311539595099 100.586299317478 0 0
 329.478354771136 99.4259328915941 0 0
 331.644739833357 93.6653535283556 0 0
 333.810700739 71.3234333718218 0 0
 335.976243445303 72.7049463120047 0 0
 338.141373909504 65.6783486437708 0 0
 340.306098088841 45.7363187933248 0 0
 342.470421940552 50.006648163792 0 0
 344.634351421875 44.511760841682 0 0
 346.797892490048 28.7514095063257 0 0
 348.961051102309 34.1411773861699 0 0
 351.123833215896 29.2747813874579 0 0
 353.286244788047 17.2214255117821 0 0
 355.448291776 24.097126782197 0 0
 357.609980136993 19.7158521876888 0 0
 359.771315828264 11.4833881608724 0 0
 361.932304807051 28.1268551716039 0 0
 364.092953030592 33.450632647828 0 0
 366.253266456125 25.0815536807803 0 0
 368.413251040888 24.6242542902846 0 0
 370.572912742119 10.8918539219007 0 0
 372.732257517056 1.54423471339954 0 0
 374.891291322937 13.5171680815585 0 0
 377.050020117 5.02442169797179 0 0
 379.208449856483 -0.84017288657585 0 0
 381.366586498624 12.2195094798657 0 0
 383.524436000661 2.40304910888523 0 0
 385.682004319832 -1.43741438275716 0 0
 387.839297413375 11.7613488572842 0 0
 389.996321238528 0.685702597419213 0 0
 392.153081752529 -1.40976873415311 0 0
 394.309584912616 10.6130032841591 0 0
 396.465836676027 -0.385100653298434 0 0
 398.621843 0.544645445541379 0 0
 400.777609841773 18.0906044434053 0 0
 402.933143158584 19.3404388573932 0 0
 405.088448907671 25.0024653439796 0 0
 407.243533046272 26.4998677897627 0 0
 409.398401531625 6.37503868237619 0 0
 411.553060320968 6.16231938146683 0 0
 413.707515371539 14.1368104758995 0 0
 415.861772640576 7.3559052845818 0 0
 418.015838085317 15.6773984966461 0 0
 420.169717663 27.3011261332643 0 0
 422.323417330863 27.8416743094324 0 0
 424.476943046144 45.0431603280912 0 0
 426.630300766081 66.1565954280142 0 0
 428.783496447912 82.7142679037906 0 0
 430.936536048875 126.77599901052 0 0
 433.089425526208 201.696710586353 0 0
 435.242170837149 273.551064063508 0 0
 437.394777938936 339.092958796548 0 0
 439.547252788807 394.839590714782 0 0
 441.699601344 486.09880417308 0 0
 443.851829561753 620.914360881001 0 0
 446.003943399304 743.034379160302 0 0
 448.155948813891 808.854119053049 0 0
 450.307851762752 811.387915523847 0 0
 452.459658203125 731.478701688014 0 0
 454.611374092248 607.776179381625 0 0
 456.763005387359 505.160600201717 0 0
 458.914558045696 419.574061141987 0 0
 461.066038024497 355.645210688735 0 0
 463.217451281 322.096424482171 0 0
 465.368803772443 278.190758899861 0 0
 467.520101456064 230.430771143526 0 0
 469.671350289101 201.791112421727 0 0
 471.822556228792 164.999196381881 0 0
 473.973725232375 137.179779053826 0 0
 476.124863257088 133.791960990235 0 0
 478.275976260169 119.609891427203 0 0
 480.427070198856 111.321070394011 0 0
 482.578151030387 119.642517697846 0 0
 484.729224712 111.289619294383 0 0
 486.880297200933 109.426554735032 0 0
 489.031374454424 122.85058757734 0 0
 491.182462429711 119.314442958037 0 0
 493.333567084032 124.092151731057 0 0
 495.484694374625 140.71010130803 0 0
 497.635850258728 138.834099801006 0 0
 499.787040693579 145.956574702151 0 0
 501.938271636416 161.439680675986 0 0
 504.089549044477 -NAN 0 0
 506.240878875 -NAN 0 0
 508.392267085223 -NAN 0 0
 510.543719632384 -NAN 0 0
 512.695242473721 -NAN 0 0
 514.846841566472 -NAN 0 0
 516.998522867875 -NAN 0 0
 519.150292335168 -NAN 0 0
 521.302155925589 -NAN 0 0
 523.454119596376 -NAN 0 0
 525.606189304767 -NAN 0 0
 527.758371008 -NAN 0 0
 529.910670663313 -NAN 0 0
 532.063094227944 -NAN 0 0
 534.215647659131 -NAN 0 0
 536.368336914112 -NAN 0 0
 538.521167950125 -NAN 0 0
 540.674146724408 -NAN 0 0
 542.827279194199 -NAN 0 0
 544.980571316736 -NAN 0 0
 547.134029049257 -NAN 0 0
 549.287658349 -NAN 0 0
 551.441465173203 -NAN 0 0
 553.595455479104 -NAN 0 0
 555.749635223941 -NAN 0 0
 557.904010364952 -NAN 0 0
 560.058586859375 -NAN 0 0
 562.213370664448 -NAN 0 0
 564.368367737409 -NAN 0 0
 566.523584035496 -NAN 0 0
 568.679025515947 -NAN 0 0
 570.834698136 -NAN 0 0
 572.990607852893 -NAN 0 0
 575.146760623864 -NAN 0 0
 577.303162406151 -NAN 0 0
 579.459819156992 -NAN 0 0
 581.616736833625 -NAN 0 0
 583.773921393288 -NAN 0 0
 585.931378793219 -NAN 0 0
 588.089114990656 -NAN 0 0
 590.247135942837 -NAN 0 0
 592.405447607 -NAN 0 0
 594.564055940383 -NAN 0 0
 596.722966900224 -NAN 0 0
 598.882186443761 -NAN 0 0
 601.041720528232 -NAN 0 0
 603.201575110875 -NAN 0 0
 605.361756148928 -NAN 0 0
 607.522269599629 -NAN 0 0
 609.683121420216 -NAN 0 0
 611.844317567927 -NAN 0 0
 614.005864 -NAN 0 0
 616.167766673673 -NAN 0 0
 618.330031546184 -NAN 0 0
 620.492664574771 -NAN 0 0
 622.655671716672 -NAN 0 0
 624.819058929125 -NAN 0 0
 626.982832169368 -NAN 0 0
 629.146997394639 -NAN 0 0
 631.311560562176 -NAN 0 0
 633.476527629217 -NAN 0 0
 635.641904553 -NAN 0 0
 637.807697290763 -NAN 0 0
 639.973911799744 -NAN 0 0
 642.140554037181 -NAN 0 0
 644.307629960312 -NAN 0 0
 646.475145526375 -NAN 0 0
 648.643106692608 -NAN 0 0
 650.811519416249 -NAN 0 0
 652.980389654536 -NAN 0 0
 655.149723364707 -NAN 0 0
 657.319526504 -NAN 0 0
 659.489805029653 -NAN 0 0
 661.660564898904 -NAN 0 0
 663.831812068991 -NAN 0 0
 666.003552497152 -NAN 0 0
 668.175792140625 -NAN 0 0
 670.348536956648 -NAN 0 0
 672.521792902459 -NAN 0 0
 674.695565935296 -NAN 0 0
 676.869862012397 -NAN 0 0
 679.044687091 -NAN 0 0
 681.220047128343 -NAN 0 0
 683.395948081664 -NAN 0 0
 685.572395908201 -NAN 0 0
 687.749396565192 -NAN 0 0
 689.926956009875 -NAN 0 0
 692.105080199488 -NAN 0 0
 694.283775091269 -NAN 0 0
 696.463046642456 -NAN 0 0
 698.642900810287 -NAN 0 0
 700.823343552 -NAN 0 0
 703.004380824833 -NAN 0 0
 705.186018586024 -NAN 0 0
 707.368262792811 -NAN 0 0
 709.551119402432 -NAN 0 0
 711.734594372125 -NAN 0 0
 713.918693659128 -NAN 0 0
 716.103423220679 -NAN 0 0
 718.288789014016 -NAN 0 0
 720.474796996377 -NAN 0 0
 722.661453125 -NAN 0 0
 724.848763357123 -NAN 0 0
 727.036733649984 -NAN 0 0
 729.225369960821 -NAN 0 0
 731.414678246872 -NAN 0 0
 733.604664465375 -NAN 0 0
 735.795334573568 -NAN 0 0
[END] of [DATA]
[END] of Spectrum


[Spectrum]
Version            = 1
IDData             = 12ad_2026-06-08_11-47-55_000_147
IDDevice           = SAM_82E6
IDDataType         = SPECTRUM
IDDataTypeSub1     = CALIBRATED
IDDataTypeSub2     = 
IDDataTypeSub3     = 
DateTime           = 2026-06-08 11:47:55
PositionLatitude   = 0
PositionLongitude  = 0
Comment            = 20260608_FrameC
CommentSub1        = UV
CommentSub2        = right
CommentSub3        = 39cm
IDMethodType       = SAM Control
MethodName         = SAM_82E6
Mission            = No Mission
MissionSub         = 1
RecordType         = 0
[Attributes]
CalFactor = 1
IDBasisSpec = 
IDDataBack = DLAB_2024-11-11_10-40-48_641_639
IDDataCal = DLAB_2024-11-12_11-45-27_171_455
IntegrationTime = 128
P31 = -1
P31e = 0
PathLength = +INF
PathLengthCustomOn = 0
RAWDynamic = 65535
Salinity = 0
Temperature = -NAN
Unit1 = $01 $01 Wavelength nm
Unit2 = $03 $06 Intensity mW/(m^2 nm)
Unit3 = $f0 $06 Error mW/(m^2 nm)
Unit4 = $f1 $00 Status 
p999 = 7119
[END] of [Attributes]
[DATA]
 0 6 0 0
 185.260577530984 -NAN 0 0
 187.468128380571 -NAN 0 0
 189.674861895872 -NAN 0 0
 191.880784034125 -NAN 0 0
 194.085900752568 -NAN 0 0
 196.290218008439 -NAN 0 0
 198.493741758976 -NAN 0 0
 200.696477961417 -NAN 0 0
 202.898432573 -NAN 0 0
 205.099611550963 -NAN 0 0
 207.300020852544 -NAN 0 0
 209.499666434981 -NAN 0 0
 211.698554255512 -NAN 0 0
 213.896690271375 -NAN 0 0
 216.094080439808 -NAN 0 0
 218.290730718049 -NAN 0 0
 220.486647063336 -NAN 0 0
 222.681835432907 -NAN 0 0
 224.876301784 -NAN 0 0
 227.070052073853 -NAN 0 0
 229.263092259704 -NAN 0 0
 231.455428298791 -NAN 0 0
 233.647066148352 -NAN 0 0
 235.838011765625 -NAN 0 0
 238.028271107848 -NAN 0 0
 240.217850132259 -NAN 0 0
 242.406754796096 -NAN 0 0
 244.594991056597 -NAN 0 0
 246.782564871 -NAN 0 0
 248.969482196543 -NAN 0 0
 251.155748990464 -NAN 0 0
 253.341371210001 -NAN 0 0
 255.526354812392 -NAN 0 0
 257.710705754875 -NAN 0 0
 259.894429994688 -NAN 0 0
 262.077533489069 -NAN 0 0
 264.260022195256 -NAN 0 0
 266.441902070487 -NAN 0 0
 268.623179072 -NAN 0 0
 270.803859157033 -NAN 0 0
 272.983948282824 -NAN 0 0
 275.163452406611 -NAN 0 0
 277.342377485632 -NAN 0 0
 279.520729477125 3.08009118331661 0 0
 281.698514338328 10.1343753457625 0 0
 283.875738026479 25.9925010155475 0 0
 286.052406498816 20.9922819829664 0 0
 288.228525712577 37.2641101763401 0 0
 290.404101625 60.863544598339 0 0
 292.579140193323 64.2893262824435 0 0
 294.753647374784 93.1638106208653 0 0
 296.927629126621 116.492265029616 0 0
 299.101091406072 122.825660920996 0 0
 301.274040170375 150.834597776729 0 0
 303.446481376768 164.31454480512 0 0
 305.618420982489 164.83611211744 0 0
 307.789864944776 179.665160904614 0 0
 309.960819220867 190.031638860871 0 0
 312.131289768 188.307119300544 0 0
 314.301282543413 189.996166908497 0 0
 316.470803504344 173.36759123371 0 0
 318.639858608031 148.347751531583 0 0
 320.808453811712 146.976932042476 0 0
 322.976595072625 136.940449007278 0 0
 325.144288348008 114.023925898439 0 0
 327.311539595099 115.857546873678 0 0
 329.478354771136 102.443945193777 0 0
 331.644739833357 82.0659251009385 0 0
 333.810700739 87.8618866306901 0 0
 335.976243445303 73.1686645852639 0 0
 338.141373909504 55.281534844256 0 0
 340.306098088841 61.3654660051406 0 0
 342.470421940552 47.9495038289744 0 0
 344.634351421875 35.8812096585865 0 0
 346.797892490048 42.8352288235709 0 0
 348.961051102309 30.5339323725168 0 0
 351.123833215896 22.3982216899561 0 0
 353.286244788047 29.6205913412958 0 0
 355.448291776 18.8252695366516 0 0
 357.609980136993 14.0244228133189 0 0
 359.771315828264 23.4623624191288 0 0
 361.932304807051 21.0455386626378 0 0
 364.092953030592 28.6489198535418 0 0
 366.253266456125 37.4779730566004 0 0
 368.413251040888 14.9949524241847 0 0
 370.572912742119 6.79354845427027 0 0
 372.732257517056 14.2644992564335 0 0
 374.891291322937 0.926230983000293 0 0
 377.050020117 2.18692388119096 0 0
 379.208449856483 11.6470608166387 0 0
 381.366586498624 -2.23678489179373 0 0
 383.524436000661 1.47498462557723 0 0
 385.682004319832 10.0765583985688 0 0
 387.839297413375 -3.98147582073777 0 0
 389.996321238528 1.63945930812079 0 0
 392.153081752529 8.67410442591999 0 0
 394.309584912616 -4.857455859192 0 0
 396.465836676027 2.67719113186799 0 0
 398.621843 8.99269463194812 0 0
 400.777609841773 3.336403669205 0 0
 402.933143158584 24.9001562585256 0 0
 405.088448907671 32.2933130034221 0 0
 407.243533046272 13.3427228839335 0 0
 409.398401531625 12.7217980346253 0 0
 411.553060320968 11.2789447109278 0 0
 413.707515371539 2.39011848912215 0 0
 415.861772640576 14.221537005879 0 0
 418.015838085317 18.8573506671166 0 0
 420.169717663 17.556140833014 0 0
 422.323417330863 35.2861760893104 0 0
 424.476943046144 46.9720045181747 0 0
 426.630300766081 57.6843917148939 0 0
 428.783496447912 90.5698913381931 0 0
 430.936536048875 127.750813325636 0 0
 433.089425526208 195.45543812432 0 0
 435.242170837149 283.099286809246 0 0
 437.394777938936 339.980984582035 0 0
 439.547252788807 388.677279609775 0 0
 441.699601344 495.045726364891 0 0
 443.851829561753 618.981636388821 0 0
 446.003943399304 737.008656679409 0 0
 448.155948813891 818.736470808132 0 0
 450.307851762752 808.282972122726 0 0
 452.459658203125 725.75503346429 0 0
 454.611374092248 618.264256971325 0 0
 456.763005387359 500.077250659563 0 0
 458.914558045696 414.089880583762 0 0
 461.066038024497 366.479042225966 0 0
 463.217451281 315.192554533452 0 0
 465.368803772443 273.264538167593 0 0
 467.520101456064 241.626155182453 0 0
 469.671350289101 192.939518160797 0 0
 471.822556228792 161.275084362213 0 0
 473.973725232375 147.639062795566 0 0
 476.124863257088 123.443632665636 0 0
 478.275976260169 117.284053649414 0 0
 480.427070198856 120.899110639649 0 0
 482.578151030387 108.124992784274 0 0
 484.729224712 110.539710129605 0 0
 486.880297200933 118.360846517865 0 0
 489.031374454424 110.579280141881 0 0
 491.182462429711 120.15320577364 0 0
 493.333567084032 132.062492142437 0 0
 495.484694374625 128.192946789896 0 0
 497.635850258728 141.534139874832 0 0
 499.787040693579 152.702467390596 0 0
 501.938271636416 148.99741814244 0 0
 504.089549044477 -NAN 0 0
 506.240878875 -NAN 0 0
 508.392267085223 -NAN 0 0
 510.543719632384 -NAN 0 0
 512.695242473721 -NAN 0 0
 514.846841566472 -NAN 0 0
 516.998522867875 -NAN 0 0
 519.150292335168 -NAN 0 0
 521.302155925589 -NAN 0 0
 523.454119596376 -NAN 0 0
 525.606189304767 -NAN 0 0
 527.758371008 -NAN 0 0
 529.910670663313 -NAN 0 0
 532.063094227944 -NAN 0 0
 534.215647659131 -NAN 0 0
 536.368336914112 -NAN 0 0
 538.521167950125 -NAN 0 0
 540.674146724408 -NAN 0 0
 542.827279194199 -NAN 0 0
 544.980571316736 -NAN 0 0
 547.134029049257 -NAN 0 0
 549.287658349 -NAN 0 0
 551.441465173203 -NAN 0 0
 553.595455479104 -NAN 0 0
 555.749635223941 -NAN 0 0
 557.904010364952 -NAN 0 0
 560.058586859375 -NAN 0 0
 562.213370664448 -NAN 0 0
 564.368367737409 -NAN 0 0
 566.523584035496 -NAN 0 0
 568.679025515947 -NAN 0 0
 570.834698136 -NAN 0 0
 572.990607852893 -NAN 0 0
 575.146760623864 -NAN 0 0
 577.303162406151 -NAN 0 0
 579.459819156992 -NAN 0 0
 581.616736833625 -NAN 0 0
 583.773921393288 -NAN 0 0
 585.931378793219 -NAN 0 0
 588.089114990656 -NAN 0 0
 590.247135942837 -NAN 0 0
 592.405447607 -NAN 0 0
 594.564055940383 -NAN 0 0
 596.722966900224 -NAN 0 0
 598.882186443761 -NAN 0 0
 601.041720528232 -NAN 0 0
 603.201575110875 -NAN 0 0
 605.361756148928 -NAN 0 0
 607.522269599629 -NAN 0 0
 609.683121420216 -NAN 0 0
 611.844317567927 -NAN 0 0
 614.005864 -NAN 0 0
 616.167766673673 -NAN 0 0
 618.330031546184 -NAN 0 0
 620.492664574771 -NAN 0 0
 622.655671716672 -NAN 0 0
 624.819058929125 -NAN 0 0
 626.982832169368 -NAN 0 0
 629.146997394639 -NAN 0 0
 631.311560562176 -NAN 0 0
 633.476527629217 -NAN 0 0
 635.641904553 -NAN 0 0
 637.807697290763 -NAN 0 0
 639.973911799744 -NAN 0 0
 642.140554037181 -NAN 0 0
 644.307629960312 -NAN 0 0
 646.475145526375 -NAN 0 0
 648.643106692608 -NAN 0 0
 650.811519416249 -NAN 0 0
 652.980389654536 -NAN 0 0
 655.149723364707 -NAN 0 0
 657.319526504 -NAN 0 0
 659.489805029653 -NAN 0 0
 661.660564898904 -NAN 0 0
 663.831812068991 -NAN 0 0
 666.003552497152 -NAN 0 0
 668.175792140625 -NAN 0 0
 670.348536956648 -NAN 0 0
 672.521792902459 -NAN 0 0
 674.695565935296 -NAN 0 0
 676.869862012397 -NAN 0 0
 679.044687091 -NAN 0 0
 681.220047128343 -NAN 0 0
 683.395948081664 -NAN 0 0
 685.572395908201 -NAN 0 0
 687.749396565192 -NAN 0 0
 689.926956009875 -NAN 0 0
 692.105080199488 -NAN 0 0
 694.283775091269 -NAN 0 0
 696.463046642456 -NAN 0 0
 698.642900810287 -NAN 0 0
 700.823343552 -NAN 0 0
 703.004380824833 -NAN 0 0
 705.186018586024 -NAN 0 0
 707.368262792811 -NAN 0 0
 709.551119402432 -NAN 0 0
 711.734594372125 -NAN 0 0
 713.918693659128 -NAN 0 0
 716.103423220679 -NAN 0 0
 718.288789014016 -NAN 0 0
 720.474796996377 -NAN 0 0
 722.661453125 -NAN 0 0
 724.848763357123 -NAN 0 0
 727.036733649984 -NAN 0 0
 729.225369960821 -NAN 0 0
 731.414678246872 -NAN 0 0
 733.604664465375 -NAN 0 0
 735.795334573568 -NAN 0 0
[END] of [DATA]
[END] of Spectrum


[Spectrum]
Version            = 1
IDData             = 12ad_2026-06-08_11-48-00_000_150
IDDevice           = SAM_82E6
IDDataType         = SPECTRUM
IDDataTypeSub1     = CALIBRATED
IDDataTypeSub2     = 
IDDataTypeSub3     = 
DateTime           = 2026-06-08 11:48:00
PositionLatitude   = 0
PositionLongitude  = 0
Comment            = 20260608_FrameC
CommentSub1        = UV
CommentSub2        = right
CommentSub3        = 39cm
IDMethodType       = SAM Control
MethodName         = SAM_82E6
Mission            = No Mission
MissionSub         = 1
RecordType         = 0
[Attributes]
CalFactor = 1
IDBasisSpec = 
IDDataBack = DLAB_2024-11-11_10-40-48_641_639
IDDataCal = DLAB_2024-11-12_11-45-27_171_455
IntegrationTime = 128
P31 = -1
P31e = 0
PathLength = +INF
PathLengthCustomOn = 0
RAWDynamic = 65535
Salinity = 0
Temperature = -NAN
Unit1 = $01 $01 Wavelength nm
Unit2 = $03 $06 Intensity mW/(m^2 nm)
Unit3 = $f0 $06 Error mW/(m^2 nm)
Unit4 = $f1 $00 Status 
p999 = 7120
[END] of [Attributes]
[DATA]
 0 6 0 0
 185.260577530984 -NAN 0 0
 187.468128380571 -NAN 0 0
 189.674861895872 -NAN 0 0
 191.880784034125 -NAN 0 0
 194.085900752568 -NAN 0 0
 196.290218008439 -NAN 0 0
 198.493741758976 -NAN 0 0
 200.696477961417 -NAN 0 0
 202.898432573 -NAN 0 0
 205.099611550963 -NAN 0 0
 207.300020852544 -NAN 0 0
 209.499666434981 -NAN 0 0
 211.698554255512 -NAN 0 0
 213.896690271375 -NAN 0 0
 216.094080439808 -NAN 0 0
 218.290730718049 -NAN 0 0
 220.486647063336 -NAN 0 0
 222.681835432907 -NAN 0 0
 224.876301784 -NAN 0 0
 227.070052073853 -NAN 0 0
 229.263092259704 -NAN 0 0
 231.455428298791 -NAN 0 0
 233.647066148352 -NAN 0 0
 235.838011765625 -NAN 0 0
 238.028271107848 -NAN 0 0
 240.217850132259 -NAN 0 0
 242.406754796096 -NAN 0 0
 244.594991056597 -NAN 0 0
 246.782564871 -NAN 0 0
 248.969482196543 -NAN 0 0
 251.155748990464 -NAN 0 0
 253.341371210001 -NAN 0 0
 255.526354812392 -NAN 0 0
 257.710705754875 -NAN 0 0
 259.894429994688 -NAN 0 0
 262.077533489069 -NAN 0 0
 264.260022195256 -NAN 0 0
 266.441902070487 -NAN 0 0
 268.623179072 -NAN 0 0
 270.803859157033 -NAN 0 0
 272.983948282824 -NAN 0 0
 275.163452406611 -NAN 0 0
 277.342377485632 -NAN 0 0
 279.520729477125 2.99790007744639 0 0
 281.698514338328 10.3775593432928 0 0
 283.875738026479 26.1026481064958 0 0
 286.052406498816 21.1839292123734 0 0
 288.228525712577 38.201096327773 0 0
 290.404101625 61.6313153470229 0 0
 292.579140193323 65.6678797804342 0 0
 294.753647374784 94.7241787741782 0 0
 296.927629126621 118.396735593806 0 0
 299.101091406072 124.827757111749 0 0
 301.274040170375 153.556782289347 0 0
 303.446481376768 166.916136543736 0 0
 305.618420982489 167.707500526735 0 0
 307.789864944776 182.88469389296 0 0
 309.960819220867 193.345071104292 0 0
 312.131289768 191.676122026199 0 0
 314.301282543413 193.163641444312 0 0
 316.470803504344 176.167863191888 0 0
 318.639858608031 151.111021965554 0 0
 320.808453811712 149.524663883629 0 0
 322.976595072625 139.151030047593 0 0
 325.144288348008 116.033551474885 0 0
 327.311539595099 117.766269569096 0 0
 329.478354771136 103.845112068423 0 0
 331.644739833357 83.5404663534857 0 0
 333.810700739 89.2828939813133 0 0
 335.976243445303 74.3025211781863 0 0
 338.141373909504 56.553926212939 0 0
 340.306098088841 62.2042686952754 0 0
 342.470421940552 48.6644629676188 0 0
 344.634351421875 36.6357383938127 0 0
 346.797892490048 43.4512977704613 0 0
 348.961051102309 30.7490486189225 0 0
 351.123833215896 22.9288238870285 0 0
 353.286244788047 30.1570779817074 0 0
 355.448291776 19.0253441025915 0 0
 357.609980136993 14.3199702276794 0 0
 359.771315828264 23.5462593385994 0 0
 361.932304807051 21.2497757336051 0 0
 364.092953030592 28.9808510930246 0 0
 366.253266456125 38.0104994094383 0 0
 368.413251040888 15.0240476331468 0 0
 370.572912742119 6.91412379135042 0 0
 372.732257517056 14.2488451517758 0 0
 374.891291322937 0.910097374331558 0 0
 377.050020117 2.29451981201687 0 0
 379.208449856483 11.5295075687322 0 0
 381.366586498624 -2.27918286140462 0 0
 383.524436000661 1.56025854441105 0 0
 385.682004319832 9.93147807445576 0 0
 387.839297413375 -4.12599639648777 0 0
 389.996321238528 1.72373825162903 0 0
 392.153081752529 8.35772585422649 0 0
 394.309584912616 -5.07018319514288 0 0
 396.465836676027 2.78190781720029 0 0
 398.621843 8.88123929479433 0 0
 400.777609841773 3.41443381873801 0 0
 402.933143158584 25.3868057871408 0 0
 405.088448907671 32.6765892409531 0 0
 407.243533046272 13.6706120030313 0 0
 409.398401531625 12.9555476117798 0 0
 411.553060320968 11.0076168749616 0 0
 413.707515371539 2.33920731843454 0 0
 415.861772640576 14.3929991924671 0 0
 418.015838085317 18.810167450986 0 0
 420.169717663 17.5958738087067 0 0
 422.323417330863 35.3575905695503 0 0
 424.476943046144 46.7855998794644 0 0
 426.630300766081 57.674033442397 0 0
 428.783496447912 90.620469448083 0 0
 430.936536048875 127.740925099278 0 0
 433.089425526208 196.392964847764 0 0
 435.242170837149 284.557055143407 0 0
 437.394777938936 341.108002005561 0 0
 439.547252788807 389.293591601114 0 0
 441.699601344 495.257789380553 0 0
 443.851829561753 618.881191633923 0 0
 446.003943399304 737.229391650312 0 0
 448.155948813891 818.489039111876 0 0
 450.307851762752 807.979962833508 0 0
 452.459658203125 725.827285628305 0 0
 454.611374092248 618.321314243552 0 0
 456.763005387359 499.731657085927 0 0
 458.914558045696 414.167727004789 0 0
 461.066038024497 366.24673585989 0 0
 463.217451281 314.974439189804 0 0
 465.368803772443 273.574867907316 0 0
 467.520101456064 241.401240741797 0 0
 469.671350289101 192.790133299844 0 0
 471.822556228792 161.576773507334 0 0
 473.973725232375 147.308734853412 0 0
 476.124863257088 123.290848958693 0 0
 478.275976260169 117.430738115094 0 0
 480.427070198856 120.625102278162 0 0
 482.578151030387 107.991055097519 0 0
 484.729224712 110.707350032313 0 0
 486.880297200933 118.105804759197 0 0
 489.031374454424 110.525571492578 0 0
 491.182462429711 120.300631461602 0 0
 493.333567084032 131.668372781405 0 0
 495.484694374625 128.080050003191 0 0
 497.635850258728 141.797451381422 0 0
 499.787040693579 152.493730662766 0 0
 501.938271636416 149.042619684384 0 0
 504.089549044477 -NAN 0 0
 506.240878875 -NAN 0 0
 508.392267085223 -NAN 0 0
 510.543719632384 -NAN 0 0
 512.695242473721 -NAN 0 0
 514.846841566472 -NAN 0 0
 516.998522867875 -NAN 0 0
 519.150292335168 -NAN 0 0
 521.302155925589 -NAN 0 0
 523.454119596376 -NAN 0 0
 525.606189304767 -NAN 0 0
 527.758371008 -NAN 0 0
 529.910670663313 -NAN 0 0
 532.063094227944 -NAN 0 0
 534.215647659131 -NAN 0 0
 536.368336914112 -NAN 0 0
 538.521167950125 -NAN 0 0
 540.674146724408 -NAN 0 0
 542.827279194199 -NAN 0 0
 544.980571316736 -NAN 0 0
 547.134029049257 -NAN 0 0
 549.287658349 -NAN 0 0
 551.441465173203 -NAN 0 0
 553.595455479104 -NAN 0 0
 555.749635223941 -NAN 0 0
 557.904010364952 -NAN 0 0
 560.058586859375 -NAN 0 0
 562.213370664448 -NAN 0 0
 564.368367737409 -NAN 0 0
 566.523584035496 -NAN 0 0
 568.679025515947 -NAN 0 0
 570.834698136 -NAN 0 0
 572.990607852893 -NAN 0 0
 575.146760623864 -NAN 0 0
 577.303162406151 -NAN 0 0
 579.459819156992 -NAN 0 0
 581.616736833625 -NAN 0 0
 583.773921393288 -NAN 0 0
 585.931378793219 -NAN 0 0
 588.089114990656 -NAN 0 0
 590.247135942837 -NAN 0 0
 592.405447607 -NAN 0 0
 594.564055940383 -NAN 0 0
 596.722966900224 -NAN 0 0
 598.882186443761 -NAN 0 0
 601.041720528232 -NAN 0 0
 603.201575110875 -NAN 0 0
 605.361756148928 -NAN 0 0
 607.522269599629 -NAN 0 0
 609.683121420216 -NAN 0 0
 611.844317567927 -NAN 0 0
 614.005864 -NAN 0 0
 616.167766673673 -NAN 0 0
 618.330031546184 -NAN 0 0
 620.492664574771 -NAN 0 0
 622.655671716672 -NAN 0 0
 624.819058929125 -NAN 0 0
 626.982832169368 -NAN 0 0
 629.146997394639 -NAN 0 0
 631.311560562176 -NAN 0 0
 633.476527629217 -NAN 0 0
 635.641904553 -NAN 0 0
 637.807697290763 -NAN 0 0
 639.973911799744 -NAN 0 0
 642.140554037181 -NAN 0 0
 644.307629960312 -NAN 0 0
 646.475145526375 -NAN 0 0
 648.643106692608 -NAN 0 0
 650.811519416249 -NAN 0 0
 652.980389654536 -NAN 0 0
 655.149723364707 -NAN 0 0
 657.319526504 -NAN 0 0
 659.489805029653 -NAN 0 0
 661.660564898904 -NAN 0 0
 663.831812068991 -NAN 0 0
 666.003552497152 -NAN 0 0
 668.175792140625 -NAN 0 0
 670.348536956648 -NAN 0 0
 672.521792902459 -NAN 0 0
 674.695565935296 -NAN 0 0
 676.869862012397 -NAN 0 0
 679.044687091 -NAN 0 0
 681.220047128343 -NAN 0 0
 683.395948081664 -NAN 0 0
 685.572395908201 -NAN 0 0
 687.749396565192 -NAN 0 0
 689.926956009875 -NAN 0 0
 692.105080199488 -NAN 0 0
 694.283775091269 -NAN 0 0
 696.463046642456 -NAN 0 0
 698.642900810287 -NAN 0 0
 700.823343552 -NAN 0 0
 703.004380824833 -NAN 0 0
 705.186018586024 -NAN 0 0
 707.368262792811 -NAN 0 0
 709.551119402432 -NAN 0 0
 711.734594372125 -NAN 0 0
 713.918693659128 -NAN 0 0
 716.103423220679 -NAN 0 0
 718.288789014016 -NAN 0 0
 720.474796996377 -NAN 0 0
 722.661453125 -NAN 0 0
 724.848763357123 -NAN 0 0
 727.036733649984 -NAN 0 0
 729.225369960821 -NAN 0 0
 731.414678246872 -NAN 0 0
 733.604664465375 -NAN 0 0
 735.795334573568 -NAN 0 0
[END] of [DATA]
[END] of Spectrum


[Spectrum]
Version            = 1
IDData             = 12ad_2026-06-08_11-48-05_000_153
IDDevice           = SAM_82E6
IDDataType         = SPECTRUM
IDDataTypeSub1     = CALIBRATED
IDDataTypeSub2     = 
IDDataTypeSub3     = 
DateTime           = 2026-06-08 11:48:05
PositionLatitude   = 0
PositionLongitude  = 0
Comment            = 20260608_FrameC
CommentSub1        = UV
CommentSub2        = right
CommentSub3        = 39cm
IDMethodType       = SAM Control
MethodName         = SAM_82E6
Mission            = No Mission
MissionSub         = 1
RecordType         = 0
[Attributes]
CalFactor = 1
IDBasisSpec = 
IDDataBack = DLAB_2024-11-11_10-40-48_641_639
IDDataCal = DLAB_2024-11-12_11-45-27_171_455
IntegrationTime = 128
P31 = -1
P31e = 0
PathLength = +INF
PathLengthCustomOn = 0
RAWDynamic = 65535
Salinity = 0
Temperature = -NAN
Unit1 = $01 $01 Wavelength nm
Unit2 = $03 $06 Intensity mW/(m^2 nm)
Unit3 = $f0 $06 Error mW/(m^2 nm)
Unit4 = $f1 $00 Status 
p999 = 7121
[END] of [Attributes]
[DATA]
 0 6 0 0
 185.260577530984 -NAN 0 0
 187.468128380571 -NAN 0 0
 189.674861895872 -NAN 0 0
 191.880784034125 -NAN 0 0
 194.085900752568 -NAN 0 0
 196.290218008439 -NAN 0 0
 198.493741758976 -NAN 0 0
 200.696477961417 -NAN 0 0
 202.898432573 -NAN 0 0
 205.099611550963 -NAN 0 0
 207.300020852544 -NAN 0 0
 209.499666434981 -NAN 0 0
 211.698554255512 -NAN 0 0
 213.896690271375 -NAN 0 0
 216.094080439808 -NAN 0 0
 218.290730718049 -NAN 0 0
 220.486647063336 -NAN 0 0
 222.681835432907 -NAN 0 0
 224.876301784 -NAN 0 0
 227.070052073853 -NAN 0 0
 229.263092259704 -NAN 0 0
 231.455428298791 -NAN 0 0
 233.647066148352 -NAN 0 0
 235.838011765625 -NAN 0 0
 238.028271107848 -NAN 0 0
 240.217850132259 -NAN 0 0
 242.406754796096 -NAN 0 0
 244.594991056597 -NAN 0 0
 246.782564871 -NAN 0 0
 248.969482196543 -NAN 0 0
 251.155748990464 -NAN 0 0
 253.341371210001 -NAN 0 0
 255.526354812392 -NAN 0 0
 257.710705754875 -NAN 0 0
 259.894429994688 -NAN 0 0
 262.077533489069 -NAN 0 0
 264.260022195256 -NAN 0 0
 266.441902070487 -NAN 0 0
 268.623179072 -NAN 0 0
 270.803859157033 -NAN 0 0
 272.983948282824 -NAN 0 0
 275.163452406611 -NAN 0 0
 277.342377485632 -NAN 0 0
 279.520729477125 10.1460356485839 0 0
 281.698514338328 5.12687690199266 0 0
 283.875738026479 24.8288958496314 0 0
 286.052406498816 30.0403542077004 0 0
 288.228525712577 32.086330434324 0 0
 290.404101625 62.3612792027792 0 0
 292.579140193323 74.7482904492038 0 0
 294.753647374784 89.4490394207854 0 0
 296.927629126621 121.456584966938 0 0
 299.101091406072 133.084020450761 0 0
 301.274040170375 149.502514306786 0 0
 303.446481376768 171.435610353303 0 0
 305.618420982489 175.525850240433 0 0
 307.789864944776 179.342352484136 0 0
 309.960819220867 198.750742363781 0 0
 312.131289768 199.127536872319 0 0
 314.301282543413 188.849643453169 0 0
 316.470803504344 182.147152442901 0 0
 318.639858608031 157.476320898185 0 0
 320.808453811712 142.909080158169 0 0
 322.976595072625 145.47621676473 0 0
 325.144288348008 120.994092768468 0 0
 327.311539595099 109.530321717437 0 0
 329.478354771136 110.535609522942 0 0
 331.644739833357 86.2822840238847 0 0
 333.810700739 80.1410800256371 0 0
 335.976243445303 80.8672601187468 0 0
 338.141373909504 57.3094963634373 0 0
 340.306098088841 53.8461020838675 0 0
 342.470421940552 54.5307943616244 0 0
 344.634351421875 35.9088757122114 0 0
 346.797892490048 36.0777980610124 0 0
 348.961051102309 36.3466971813082 0 0
 351.123833215896 21.0728356111929 0 0
 353.286244788047 23.7955676968263 0 0
 355.448291776 24.3283957697082 0 0
 357.609980136993 11.503703199534 0 0
 359.771315828264 18.2586022088887 0 0
 361.932304807051 26.8410400635253 0 0
 364.092953030592 25.5034762032053 0 0
 366.253266456125 33.1103227065705 0 0
 368.413251040888 21.7426163026578 0 0
 370.572912742119 2.1639579076304 0 0
 372.732257517056 9.97266556280392 0 0
 374.891291322937 8.50633812252735 0 0
 377.050020117 -3.22046136031652 0 0
 379.208449856483 8.7558106955089 0 0
 381.366586498624 5.98559468141133 0 0
 383.524436000661 -4.76138130513564 0 0
 385.682004319832 8.49489839451267 0 0
 387.839297413375 4.44038988767394 0 0
 389.996321238528 -4.77697759097319 0 0
 392.153081752529 8.65467767151776 0 0
 394.309584912616 2.9289100913179 0 0
 396.465836676027 -4.20457462471381 0 0
 398.621843 10.3354660748009 0 0
 400.777609841773 10.5281824511643 0 0
 402.933143158584 18.9057493044895 0 0
 405.088448907671 35.3275832172087 0 0
 407.243533046272 19.9337693794225 0 0
 409.398401531625 6.45639270187604 0 0
 411.553060320968 13.8841331196769 0 0
 413.707515371539 6.61362435741536 0 0
 415.861772640576 7.83252933896649 0 0
 418.015838085317 21.692275569632 0 0
 420.169717663 20.4206991758116 0 0
 422.323417330863 29.1756601775031 0 0
 424.476943046144 49.7556471229156 0 0
 426.630300766081 59.3969594343876 0 0
 428.783496447912 84.7618383858341 0 0
 430.936536048875 130.883733043362 0 0
 433.089425526208 197.87778696417 0 0
 435.242170837149 280.167765839014 0 0
 437.394777938936 345.048566472214 0 0
 439.547252788807 389.53946935094 0 0
 441.699601344 489.530444058318 0 0
 443.851829561753 622.224327892807 0 0
 446.003943399304 735.934070929586 0 0
 448.155948813891 812.738445717326 0 0
 450.307851762752 811.841527644313 0 0
 452.459658203125 723.691215240878 0 0
 454.611374092248 612.516687749079 0 0
 456.763005387359 504.544584537976 0 0
 458.914558045696 411.14768508137 0 0
 461.066038024497 361.164524658187 0 0
 463.217451281 320.263216951031 0 0
 465.368803772443 269.886799503943 0 0
 467.520101456064 236.926514393893 0 0
 469.671350289101 198.769857733913 0 0
 471.822556228792 157.068925556317 0 0
 473.973725232375 144.095745069393 0 0
 476.124863257088 129.526195607259 0 0
 478.275976260169 112.687940391441 0 0
 480.427070198856 118.597885945209 0 0
 482.578151030387 114.55846633809 0 0
 484.729224712 105.61556738741 0 0
 486.880297200933 117.177363269307 0 0
 489.031374454424 117.129497496415 0 0
 491.182462429711 114.890555457904 0 0
 493.333567084032 132.187185273611 0 0
 495.484694374625 134.493030220546 0 0
 497.635850258728 135.949741672566 0 0
 499.787040693579 153.880960166466 0 0
 501.938271636416 154.832721961909 0 0
 504.089549044477 -NAN 0 0
 506.240878875 -NAN 0 0
 508.392267085223 -NAN 0 0
 510.543719632384 -NAN 0 0
 512.695242473721 -NAN 0 0
 514.846841566472 -NAN 0 0
 516.998522867875 -NAN 0 0
 519.150292335168 -NAN 0 0
 521.302155925589 -NAN 0 0
 523.454119596376 -NAN 0 0
 525.606189304767 -NAN 0 0
 527.758371008 -NAN 0 0
 529.910670663313 -NAN 0 0
 532.063094227944 -NAN 0 0
 534.215647659131 -NAN 0 0
 536.368336914112 -NAN 0 0
 538.521167950125 -NAN 0 0
 540.674146724408 -NAN 0 0
 542.827279194199 -NAN 0 0
 544.980571316736 -NAN 0 0
 547.134029049257 -NAN 0 0
 549.287658349 -NAN 0 0
 551.441465173203 -NAN 0 0
 553.595455479104 -NAN 0 0
 555.749635223941 -NAN 0 0
 557.904010364952 -NAN 0 0
 560.058586859375 -NAN 0 0
 562.213370664448 -NAN 0 0
 564.368367737409 -NAN 0 0
 566.523584035496 -NAN 0 0
 568.679025515947 -NAN 0 0
 570.834698136 -NAN 0 0
 572.990607852893 -NAN 0 0
 575.146760623864 -NAN 0 0
 577.303162406151 -NAN 0 0
 579.459819156992 -NAN 0 0
 581.616736833625 -NAN 0 0
 583.773921393288 -NAN 0 0
 585.931378793219 -NAN 0 0
 588.089114990656 -NAN 0 0
 590.247135942837 -NAN 0 0
 592.405447607 -NAN 0 0
 594.564055940383 -NAN 0 0
 596.722966900224 -NAN 0 0
 598.882186443761 -NAN 0 0
 601.041720528232 -NAN 0 0
 603.201575110875 -NAN 0 0
 605.361756148928 -NAN 0 0
 607.522269599629 -NAN 0 0
 609.683121420216 -NAN 0 0
 611.844317567927 -NAN 0 0
 614.005864 -NAN 0 0
 616.167766673673 -NAN 0 0
 618.330031546184 -NAN 0 0
 620.492664574771 -NAN 0 0
 622.655671716672 -NAN 0 0
 624.819058929125 -NAN 0 0
 626.982832169368 -NAN 0 0
 629.146997394639 -NAN 0 0
 631.311560562176 -NAN 0 0
 633.476527629217 -NAN 0 0
 635.641904553 -NAN 0 0
 637.807697290763 -NAN 0 0
 639.973911799744 -NAN 0 0
 642.140554037181 -NAN 0 0
 644.307629960312 -NAN 0 0
 646.475145526375 -NAN 0 0
 648.643106692608 -NAN 0 0
 650.811519416249 -NAN 0 0
 652.980389654536 -NAN 0 0
 655.149723364707 -NAN 0 0
 657.319526504 -NAN 0 0
 659.489805029653 -NAN 0 0
 661.660564898904 -NAN 0 0
 663.831812068991 -NAN 0 0
 666.003552497152 -NAN 0 0
 668.175792140625 -NAN 0 0
 670.348536956648 -NAN 0 0
 672.521792902459 -NAN 0 0
 674.695565935296 -NAN 0 0
 676.869862012397 -NAN 0 0
 679.044687091 -NAN 0 0
 681.220047128343 -NAN 0 0
 683.395948081664 -NAN 0 0
 685.572395908201 -NAN 0 0
 687.749396565192 -NAN 0 0
 689.926956009875 -NAN 0 0
 692.105080199488 -NAN 0 0
 694.283775091269 -NAN 0 0
 696.463046642456 -NAN 0 0
 698.642900810287 -NAN 0 0
 700.823343552 -NAN 0 0
 703.004380824833 -NAN 0 0
 705.186018586024 -NAN 0 0
 707.368262792811 -NAN 0 0
 709.551119402432 -NAN 0 0
 711.734594372125 -NAN 0 0
 713.918693659128 -NAN 0 0
 716.103423220679 -NAN 0 0
 718.288789014016 -NAN 0 0
 720.474796996377 -NAN 0 0
 722.661453125 -NAN 0 0
 724.848763357123 -NAN 0 0
 727.036733649984 -NAN 0 0
 729.225369960821 -NAN 0 0
 731.414678246872 -NAN 0 0
 733.604664465375 -NAN 0 0
 735.795334573568 -NAN 0 0
[END] of [DATA]
[END] of Spectrum


