[Spectrum]
Version            = 1
IDData             = 12ad_2026-06-09_15-32-35_000_620
IDDevice           = SAM_82E6
IDDataType         = SPECTRUM
IDDataTypeSub1     = CALIBRATED
IDDataTypeSub2     = 
IDDataTypeSub3     = 
DateTime           = 2026-06-09 15:32:35
PositionLatitude   = 0
PositionLongitude  = 0
Comment            = 20260609_FrameE
CommentSub1        = UV
CommentSub2        = right
CommentSub3        = 50cm
IDMethodType       = SAM Control
MethodName         = SAM_82E6
Mission            = No Mission
MissionSub         = 1
RecordType         = 0
[Attributes]
CalFactor = 1
IDBasisSpec = 
IDDataBack = DLAB_2024-11-11_10-40-48_641_639
IDDataCal = DLAB_2024-11-12_11-45-27_171_455
IntegrationTime = 256
P31 = -1
P31e = 0
PathLength = +INF
PathLengthCustomOn = 0
RAWDynamic = 65535
Salinity = 0
Temperature = -NAN
Unit1 = $01 $01 Wavelength nm
Unit2 = $03 $06 Intensity mW/(m^2 nm)
Unit3 = $f0 $06 Error mW/(m^2 nm)
Unit4 = $f1 $00 Status 
p999 = 7922
[END] of [Attributes]
[DATA]
 0 7 0 0
 185.260577530984 -NAN 0 0
 187.468128380571 -NAN 0 0
 189.674861895872 -NAN 0 0
 191.880784034125 -NAN 0 0
 194.085900752568 -NAN 0 0
 196.290218008439 -NAN 0 0
 198.493741758976 -NAN 0 0
 200.696477961417 -NAN 0 0
 202.898432573 -NAN 0 0
 205.099611550963 -NAN 0 0
 207.300020852544 -NAN 0 0
 209.499666434981 -NAN 0 0
 211.698554255512 -NAN 0 0
 213.896690271375 -NAN 0 0
 216.094080439808 -NAN 0 0
 218.290730718049 -NAN 0 0
 220.486647063336 -NAN 0 0
 222.681835432907 -NAN 0 0
 224.876301784 -NAN 0 0
 227.070052073853 -NAN 0 0
 229.263092259704 -NAN 0 0
 231.455428298791 -NAN 0 0
 233.647066148352 -NAN 0 0
 235.838011765625 -NAN 0 0
 238.028271107848 -NAN 0 0
 240.217850132259 -NAN 0 0
 242.406754796096 -NAN 0 0
 244.594991056597 -NAN 0 0
 246.782564871 -NAN 0 0
 248.969482196543 -NAN 0 0
 251.155748990464 -NAN 0 0
 253.341371210001 -NAN 0 0
 255.526354812392 -NAN 0 0
 257.710705754875 -NAN 0 0
 259.894429994688 -NAN 0 0
 262.077533489069 -NAN 0 0
 264.260022195256 -NAN 0 0
 266.441902070487 -NAN 0 0
 268.623179072 -NAN 0 0
 270.803859157033 -NAN 0 0
 272.983948282824 -NAN 0 0
 275.163452406611 -NAN 0 0
 277.342377485632 -NAN 0 0
 279.520729477125 16.4916997358732 0 0
 281.698514338328 21.7647538278935 0 0
 283.875738026479 35.9859693306479 0 0
 286.052406498816 55.4047721078931 0 0
 288.228525712577 73.6919496079153 0 0
 290.404101625 106.544851163034 0 0
 292.579140193323 142.373467949932 0 0
 294.753647374784 181.89967761746 0 0
 296.927629126621 220.345581002379 0 0
 299.101091406072 256.581905380871 0 0
 301.274040170375 295.246117679679 0 0
 303.446481376768 318.709882944582 0 0
 305.618420982489 340.365810924009 0 0
 307.789864944776 352.844331050961 0 0
 309.960819220867 372.990678049188 0 0
 312.131289768 388.397758165278 0 0
 314.301282543413 371.800160182744 0 0
 316.470803504344 341.729470668012 0 0
 318.639858608031 312.423000967516 0 0
 320.808453811712 285.349875943605 0 0
 322.976595072625 270.683286697505 0 0
 325.144288348008 244.525186506525 0 0
 327.311539595099 220.801995471784 0 0
 329.478354771136 203.131862809544 0 0
 331.644739833357 179.493896925346 0 0
 333.810700739 162.67980492654 0 0
 335.976243445303 146.419792166995 0 0
 338.141373909504 124.001750309871 0 0
 340.306098088841 109.723508009452 0 0
 342.470421940552 97.5183406532577 0 0
 344.634351421875 82.108874635239 0 0
 346.797892490048 73.0991247185243 0 0
 348.961051102309 63.5079410379328 0 0
 351.123833215896 52.732595111194 0 0
 353.286244788047 47.4530694550759 0 0
 355.448291776 41.1447936299209 0 0
 357.609980136993 33.9830129677131 0 0
 359.771315828264 34.7559476352826 0 0
 361.932304807051 45.4143832965114 0 0
 364.092953030592 59.925048488518 0 0
 366.253266456125 60.1741456002911 0 0
 368.413251040888 35.4883722826217 0 0
 370.572912742119 17.9972564380533 0 0
 372.732257517056 14.955098254583 0 0
 374.891291322937 10.161265631676 0 0
 377.050020117 7.93970266351049 0 0
 379.208449856483 9.68420161090042 0 0
 381.366586498624 5.55445712022354 0 0
 383.524436000661 4.94141641542662 0 0
 385.682004319832 6.83764468242049 0 0
 387.839297413375 2.89858433709121 0 0
 389.996321238528 3.68412456941607 0 0
 392.153081752529 5.1442077180559 0 0
 394.309584912616 1.51762517401007 0 0
 396.465836676027 3.37304915053925 0 0
 398.621843 7.16662671626473 0 0
 400.777609841773 18.0264030997451 0 0
 402.933143158584 46.6995473924986 0 0
 405.088448907671 55.1563682492014 0 0
 407.243533046272 36.3242391647696 0 0
 409.398401531625 17.3927868263072 0 0
 411.553060320968 8.73106864265537 0 0
 413.707515371539 5.70625709964277 0 0
 415.861772640576 9.79016936037237 0 0
 418.015838085317 11.7515870949785 0 0
 420.169717663 14.9556230138631 0 0
 422.323417330863 23.1351452160486 0 0
 424.476943046144 29.8342223605536 0 0
 426.630300766081 40.2364177178619 0 0
 428.783496447912 59.2259700845482 0 0
 430.936536048875 92.9298446626493 0 0
 433.089425526208 182.300069371458 0 0
 435.242170837149 268.77547713191 0 0
 437.394777938936 288.863022064302 0 0
 439.547252788807 264.987666233273 0 0
 441.699601344 292.56372048358 0 0
 443.851829561753 350.332297128033 0 0
 446.003943399304 413.030644042259 0 0
 448.155948813891 449.662634544564 0 0
 450.307851762752 441.869761481935 0 0
 452.459658203125 399.06293628459 0 0
 454.611374092248 336.874602036719 0 0
 456.763005387359 275.770540999458 0 0
 458.914558045696 233.15446702979 0 0
 461.066038024497 202.237067241136 0 0
 463.217451281 176.708719340847 0 0
 465.368803772443 156.939479429193 0 0
 467.520101456064 133.745783716581 0 0
 469.671350289101 111.266013466544 0 0
 471.822556228792 96.9244325018923 0 0
 473.973725232375 83.5687475163356 0 0
 476.124863257088 75.4083080620533 0 0
 478.275976260169 74.3306425260933 0 0
 480.427070198856 70.5516171087741 0 0
 482.578151030387 69.7602978732617 0 0
 484.729224712 72.7258823247005 0 0
 486.880297200933 72.0943972130052 0 0
 489.031374454424 75.5587094178672 0 0
 491.182462429711 81.8052317532301 0 0
 493.333567084032 83.9036058901253 0 0
 495.484694374625 90.0510831488821 0 0
 497.635850258728 96.6923127224383 0 0
 499.787040693579 99.3034943149128 0 0
 501.938271636416 105.830059028579 0 0
 504.089549044477 -NAN 0 0
 506.240878875 -NAN 0 0
 508.392267085223 -NAN 0 0
 510.543719632384 -NAN 0 0
 512.695242473721 -NAN 0 0
 514.846841566472 -NAN 0 0
 516.998522867875 -NAN 0 0
 519.150292335168 -NAN 0 0
 521.302155925589 -NAN 0 0
 523.454119596376 -NAN 0 0
 525.606189304767 -NAN 0 0
 527.758371008 -NAN 0 0
 529.910670663313 -NAN 0 0
 532.063094227944 -NAN 0 0
 534.215647659131 -NAN 0 0
 536.368336914112 -NAN 0 0
 538.521167950125 -NAN 0 0
 540.674146724408 -NAN 0 0
 542.827279194199 -NAN 0 0
 544.980571316736 -NAN 0 0
 547.134029049257 -NAN 0 0
 549.287658349 -NAN 0 0
 551.441465173203 -NAN 0 0
 553.595455479104 -NAN 0 0
 555.749635223941 -NAN 0 0
 557.904010364952 -NAN 0 0
 560.058586859375 -NAN 0 0
 562.213370664448 -NAN 0 0
 564.368367737409 -NAN 0 0
 566.523584035496 -NAN 0 0
 568.679025515947 -NAN 0 0
 570.834698136 -NAN 0 0
 572.990607852893 -NAN 0 0
 575.146760623864 -NAN 0 0
 577.303162406151 -NAN 0 0
 579.459819156992 -NAN 0 0
 581.616736833625 -NAN 0 0
 583.773921393288 -NAN 0 0
 585.931378793219 -NAN 0 0
 588.089114990656 -NAN 0 0
 590.247135942837 -NAN 0 0
 592.405447607 -NAN 0 0
 594.564055940383 -NAN 0 0
 596.722966900224 -NAN 0 0
 598.882186443761 -NAN 0 0
 601.041720528232 -NAN 0 0
 603.201575110875 -NAN 0 0
 605.361756148928 -NAN 0 0
 607.522269599629 -NAN 0 0
 609.683121420216 -NAN 0 0
 611.844317567927 -NAN 0 0
 614.005864 -NAN 0 0
 616.167766673673 -NAN 0 0
 618.330031546184 -NAN 0 0
 620.492664574771 -NAN 0 0
 622.655671716672 -NAN 0 0
 624.819058929125 -NAN 0 0
 626.982832169368 -NAN 0 0
 629.146997394639 -NAN 0 0
 631.311560562176 -NAN 0 0
 633.476527629217 -NAN 0 0
 635.641904553 -NAN 0 0
 637.807697290763 -NAN 0 0
 639.973911799744 -NAN 0 0
 642.140554037181 -NAN 0 0
 644.307629960312 -NAN 0 0
 646.475145526375 -NAN 0 0
 648.643106692608 -NAN 0 0
 650.811519416249 -NAN 0 0
 652.980389654536 -NAN 0 0
 655.149723364707 -NAN 0 0
 657.319526504 -NAN 0 0
 659.489805029653 -NAN 0 0
 661.660564898904 -NAN 0 0
 663.831812068991 -NAN 0 0
 666.003552497152 -NAN 0 0
 668.175792140625 -NAN 0 0
 670.348536956648 -NAN 0 0
 672.521792902459 -NAN 0 0
 674.695565935296 -NAN 0 0
 676.869862012397 -NAN 0 0
 679.044687091 -NAN 0 0
 681.220047128343 -NAN 0 0
 683.395948081664 -NAN 0 0
 685.572395908201 -NAN 0 0
 687.749396565192 -NAN 0 0
 689.926956009875 -NAN 0 0
 692.105080199488 -NAN 0 0
 694.283775091269 -NAN 0 0
 696.463046642456 -NAN 0 0
 698.642900810287 -NAN 0 0
 700.823343552 -NAN 0 0
 703.004380824833 -NAN 0 0
 705.186018586024 -NAN 0 0
 707.368262792811 -NAN 0 0
 709.551119402432 -NAN 0 0
 711.734594372125 -NAN 0 0
 713.918693659128 -NAN 0 0
 716.103423220679 -NAN 0 0
 718.288789014016 -NAN 0 0
 720.474796996377 -NAN 0 0
 722.661453125 -NAN 0 0
 724.848763357123 -NAN 0 0
 727.036733649984 -NAN 0 0
 729.225369960821 -NAN 0 0
 731.414678246872 -NAN 0 0
 733.604664465375 -NAN 0 0
 735.795334573568 -NAN 0 0
[END] of [DATA]
[END] of Spectrum


[Spectrum]
Version            = 1
IDData             = 12ad_2026-06-09_15-32-30_000_617
IDDevice           = SAM_82E6
IDDataType         = SPECTRUM
IDDataTypeSub1     = CALIBRATED
IDDataTypeSub2     = 
IDDataTypeSub3     = 
DateTime           = 2026-06-09 15:32:30
PositionLatitude   = 0
PositionLongitude  = 0
Comment            = 20260609_FrameE
CommentSub1        = UV
CommentSub2        = right
CommentSub3        = 50cm
IDMethodType       = SAM Control
MethodName         = SAM_82E6
Mission            = No Mission
MissionSub         = 1
RecordType         = 0
[Attributes]
CalFactor = 1
IDBasisSpec = 
IDDataBack = DLAB_2024-11-11_10-40-48_641_639
IDDataCal = DLAB_2024-11-12_11-45-27_171_455
IntegrationTime = 256
P31 = -1
P31e = 0
PathLength = +INF
PathLengthCustomOn = 0
RAWDynamic = 65535
Salinity = 0
Temperature = -NAN
Unit1 = $01 $01 Wavelength nm
Unit2 = $03 $06 Intensity mW/(m^2 nm)
Unit3 = $f0 $06 Error mW/(m^2 nm)
Unit4 = $f1 $00 Status 
p999 = 7921
[END] of [Attributes]
[DATA]
 0 7 0 0
 185.260577530984 -NAN 0 0
 187.468128380571 -NAN 0 0
 189.674861895872 -NAN 0 0
 191.880784034125 -NAN 0 0
 194.085900752568 -NAN 0 0
 196.290218008439 -NAN 0 0
 198.493741758976 -NAN 0 0
 200.696477961417 -NAN 0 0
 202.898432573 -NAN 0 0
 205.099611550963 -NAN 0 0
 207.300020852544 -NAN 0 0
 209.499666434981 -NAN 0 0
 211.698554255512 -NAN 0 0
 213.896690271375 -NAN 0 0
 216.094080439808 -NAN 0 0
 218.290730718049 -NAN 0 0
 220.486647063336 -NAN 0 0
 222.681835432907 -NAN 0 0
 224.876301784 -NAN 0 0
 227.070052073853 -NAN 0 0
 229.263092259704 -NAN 0 0
 231.455428298791 -NAN 0 0
 233.647066148352 -NAN 0 0
 235.838011765625 -NAN 0 0
 238.028271107848 -NAN 0 0
 240.217850132259 -NAN 0 0
 242.406754796096 -NAN 0 0
 244.594991056597 -NAN 0 0
 246.782564871 -NAN 0 0
 248.969482196543 -NAN 0 0
 251.155748990464 -NAN 0 0
 253.341371210001 -NAN 0 0
 255.526354812392 -NAN 0 0
 257.710705754875 -NAN 0 0
 259.894429994688 -NAN 0 0
 262.077533489069 -NAN 0 0
 264.260022195256 -NAN 0 0
 266.441902070487 -NAN 0 0
 268.623179072 -NAN 0 0
 270.803859157033 -NAN 0 0
 272.983948282824 -NAN 0 0
 275.163452406611 -NAN 0 0
 277.342377485632 -NAN 0 0
 279.520729477125 15.9418910503929 0 0
 281.698514338328 21.1051499206136 0 0
 283.875738026479 36.4300880499205 0 0
 286.052406498816 53.9797588074155 0 0
 288.228525712577 72.4275913836958 0 0
 290.404101625 106.138427064062 0 0
 292.579140193323 139.797489915599 0 0
 294.753647374784 179.533803623599 0 0
 296.927629126621 218.379532556614 0 0
 299.101091406072 252.784477100017 0 0
 301.274040170375 291.736634705078 0 0
 303.446481376768 315.298433828056 0 0
 305.618420982489 335.632321754154 0 0
 307.789864944776 348.841827307648 0 0
 309.960819220867 368.79809475227 0 0
 312.131289768 383.019619044614 0 0
 314.301282543413 367.843724019708 0 0
 316.470803504344 337.737372664807 0 0
 318.639858608031 307.918535686067 0 0
 320.808453811712 282.462047192622 0 0
 322.976595072625 267.227496044467 0 0
 325.144288348008 240.691450358356 0 0
 327.311539595099 218.822172122965 0 0
 329.478354771136 200.239539043356 0 0
 331.644739833357 176.48189473829 0 0
 333.810700739 161.466767922545 0 0
 335.976243445303 144.037966490709 0 0
 338.141373909504 121.953424911169 0 0
 340.306098088841 109.026541696532 0 0
 342.470421940552 95.6085093277762 0 0
 344.634351421875 80.9198631033118 0 0
 346.797892490048 72.8484692156228 0 0
 348.961051102309 62.0188971280007 0 0
 351.123833215896 52.0268046359743 0 0
 353.286244788047 47.4132691250454 0 0
 355.448291776 39.9922135363478 0 0
 357.609980136993 33.7029925008462 0 0
 359.771315828264 34.7457294207317 0 0
 361.932304807051 44.2674713576658 0 0
 364.092953030592 59.7923888945071 0 0
 366.253266456125 59.9843746960452 0 0
 368.413251040888 34.4730707198799 0 0
 370.572912742119 18.2792268877876 0 0
 372.732257517056 14.8370402152901 0 0
 374.891291322937 9.31357894287293 0 0
 377.050020117 8.52251395548419 0 0
 379.208449856483 9.28046218207857 0 0
 381.366586498624 4.80330642528395 0 0
 383.524436000661 5.56746910286486 0 0
 385.682004319832 6.29928289147152 0 0
 387.839297413375 2.48981780666107 0 0
 389.996321238528 4.3407980042511 0 0
 392.153081752529 4.49410525823833 0 0
 394.309584912616 1.23467054446002 0 0
 396.465836676027 4.14567033526668 0 0
 398.621843 6.42558140911723 0 0
 400.777609841773 17.7448443101801 0 0
 402.933143158584 46.5620435543351 0 0
 405.088448907671 53.5305153633931 0 0
 407.243533046272 35.8531955570801 0 0
 409.398401531625 17.6397134629581 0 0
 411.553060320968 8.07535970573694 0 0
 413.707515371539 5.99210211006592 0 0
 415.861772640576 10.0101104390017 0 0
 418.015838085317 11.2202844216742 0 0
 420.169717663 15.338289410713 0 0
 422.323417330863 23.2747696806202 0 0
 424.476943046144 29.37841863685 0 0
 426.630300766081 40.6477274549278 0 0
 428.783496447912 59.0889877035964 0 0
 430.936536048875 92.2842258833651 0 0
 433.089425526208 181.534584469025 0 0
 435.242170837149 266.775441355464 0 0
 437.394777938936 286.891540876269 0 0
 439.547252788807 264.776162839919 0 0
 441.699601344 292.215624797018 0 0
 443.851829561753 350.241478328812 0 0
 446.003943399304 413.64622083127 0 0
 448.155948813891 449.488467198085 0 0
 450.307851762752 441.93424113723 0 0
 452.459658203125 399.546006842718 0 0
 454.611374092248 336.506107153592 0 0
 456.763005387359 275.849129368604 0 0
 458.914558045696 233.62104654043 0 0
 461.066038024497 201.723038461814 0 0
 463.217451281 177.016677433189 0 0
 465.368803772443 157.299947477204 0 0
 467.520101456064 133.176535977493 0 0
 469.671350289101 111.616201890588 0 0
 471.822556228792 97.0419382377638 0 0
 473.973725232375 82.9934263504172 0 0
 476.124863257088 75.8561414639256 0 0
 478.275976260169 74.3100844759791 0 0
 480.427070198856 70.0097265890041 0 0
 482.578151030387 70.362459389966 0 0
 484.729224712 72.5643892184256 0 0
 486.880297200933 71.7012078350578 0 0
 489.031374454424 76.1019500269595 0 0
 491.182462429711 81.4026032645156 0 0
 493.333567084032 83.6325096629747 0 0
 495.484694374625 90.5784882357944 0 0
 497.635850258728 96.3461678044 0 0
 499.787040693579 99.126829115578 0 0
 501.938271636416 106.3428812842 0 0
 504.089549044477 -NAN 0 0
 506.240878875 -NAN 0 0
 508.392267085223 -NAN 0 0
 510.543719632384 -NAN 0 0
 512.695242473721 -NAN 0 0
 514.846841566472 -NAN 0 0
 516.998522867875 -NAN 0 0
 519.150292335168 -NAN 0 0
 521.302155925589 -NAN 0 0
 523.454119596376 -NAN 0 0
 525.606189304767 -NAN 0 0
 527.758371008 -NAN 0 0
 529.910670663313 -NAN 0 0
 532.063094227944 -NAN 0 0
 534.215647659131 -NAN 0 0
 536.368336914112 -NAN 0 0
 538.521167950125 -NAN 0 0
 540.674146724408 -NAN 0 0
 542.827279194199 -NAN 0 0
 544.980571316736 -NAN 0 0
 547.134029049257 -NAN 0 0
 549.287658349 -NAN 0 0
 551.441465173203 -NAN 0 0
 553.595455479104 -NAN 0 0
 555.749635223941 -NAN 0 0
 557.904010364952 -NAN 0 0
 560.058586859375 -NAN 0 0
 562.213370664448 -NAN 0 0
 564.368367737409 -NAN 0 0
 566.523584035496 -NAN 0 0
 568.679025515947 -NAN 0 0
 570.834698136 -NAN 0 0
 572.990607852893 -NAN 0 0
 575.146760623864 -NAN 0 0
 577.303162406151 -NAN 0 0
 579.459819156992 -NAN 0 0
 581.616736833625 -NAN 0 0
 583.773921393288 -NAN 0 0
 585.931378793219 -NAN 0 0
 588.089114990656 -NAN 0 0
 590.247135942837 -NAN 0 0
 592.405447607 -NAN 0 0
 594.564055940383 -NAN 0 0
 596.722966900224 -NAN 0 0
 598.882186443761 -NAN 0 0
 601.041720528232 -NAN 0 0
 603.201575110875 -NAN 0 0
 605.361756148928 -NAN 0 0
 607.522269599629 -NAN 0 0
 609.683121420216 -NAN 0 0
 611.844317567927 -NAN 0 0
 614.005864 -NAN 0 0
 616.167766673673 -NAN 0 0
 618.330031546184 -NAN 0 0
 620.492664574771 -NAN 0 0
 622.655671716672 -NAN 0 0
 624.819058929125 -NAN 0 0
 626.982832169368 -NAN 0 0
 629.146997394639 -NAN 0 0
 631.311560562176 -NAN 0 0
 633.476527629217 -NAN 0 0
 635.641904553 -NAN 0 0
 637.807697290763 -NAN 0 0
 639.973911799744 -NAN 0 0
 642.140554037181 -NAN 0 0
 644.307629960312 -NAN 0 0
 646.475145526375 -NAN 0 0
 648.643106692608 -NAN 0 0
 650.811519416249 -NAN 0 0
 652.980389654536 -NAN 0 0
 655.149723364707 -NAN 0 0
 657.319526504 -NAN 0 0
 659.489805029653 -NAN 0 0
 661.660564898904 -NAN 0 0
 663.831812068991 -NAN 0 0
 666.003552497152 -NAN 0 0
 668.175792140625 -NAN 0 0
 670.348536956648 -NAN 0 0
 672.521792902459 -NAN 0 0
 674.695565935296 -NAN 0 0
 676.869862012397 -NAN 0 0
 679.044687091 -NAN 0 0
 681.220047128343 -NAN 0 0
 683.395948081664 -NAN 0 0
 685.572395908201 -NAN 0 0
 687.749396565192 -NAN 0 0
 689.926956009875 -NAN 0 0
 692.105080199488 -NAN 0 0
 694.283775091269 -NAN 0 0
 696.463046642456 -NAN 0 0
 698.642900810287 -NAN 0 0
 700.823343552 -NAN 0 0
 703.004380824833 -NAN 0 0
 705.186018586024 -NAN 0 0
 707.368262792811 -NAN 0 0
 709.551119402432 -NAN 0 0
 711.734594372125 -NAN 0 0
 713.918693659128 -NAN 0 0
 716.103423220679 -NAN 0 0
 718.288789014016 -NAN 0 0
 720.474796996377 -NAN 0 0
 722.661453125 -NAN 0 0
 724.848763357123 -NAN 0 0
 727.036733649984 -NAN 0 0
 729.225369960821 -NAN 0 0
 731.414678246872 -NAN 0 0
 733.604664465375 -NAN 0 0
 735.795334573568 -NAN 0 0
[END] of [DATA]
[END] of Spectrum


[Spectrum]
Version            = 1
IDData             = 12ad_2026-06-09_15-32-25_000_614
IDDevice           = SAM_82E6
IDDataType         = SPECTRUM
IDDataTypeSub1     = CALIBRATED
IDDataTypeSub2     = 
IDDataTypeSub3     = 
DateTime           = 2026-06-09 15:32:25
PositionLatitude   = 0
PositionLongitude  = 0
Comment            = 20260609_FrameE
CommentSub1        = UV
CommentSub2        = right
CommentSub3        = 50cm
IDMethodType       = SAM Control
MethodName         = SAM_82E6
Mission            = No Mission
MissionSub         = 1
RecordType         = 0
[Attributes]
CalFactor = 1
IDBasisSpec = 
IDDataBack = DLAB_2024-11-11_10-40-48_641_639
IDDataCal = DLAB_2024-11-12_11-45-27_171_455
IntegrationTime = 256
P31 = -1
P31e = 0
PathLength = +INF
PathLengthCustomOn = 0
RAWDynamic = 65535
Salinity = 0
Temperature = -NAN
Unit1 = $01 $01 Wavelength nm
Unit2 = $03 $06 Intensity mW/(m^2 nm)
Unit3 = $f0 $06 Error mW/(m^2 nm)
Unit4 = $f1 $00 Status 
p999 = 7920
[END] of [Attributes]
[DATA]
 0 7 0 0
 185.260577530984 -NAN 0 0
 187.468128380571 -NAN 0 0
 189.674861895872 -NAN 0 0
 191.880784034125 -NAN 0 0
 194.085900752568 -NAN 0 0
 196.290218008439 -NAN 0 0
 198.493741758976 -NAN 0 0
 200.696477961417 -NAN 0 0
 202.898432573 -NAN 0 0
 205.099611550963 -NAN 0 0
 207.300020852544 -NAN 0 0
 209.499666434981 -NAN 0 0
 211.698554255512 -NAN 0 0
 213.896690271375 -NAN 0 0
 216.094080439808 -NAN 0 0
 218.290730718049 -NAN 0 0
 220.486647063336 -NAN 0 0
 222.681835432907 -NAN 0 0
 224.876301784 -NAN 0 0
 227.070052073853 -NAN 0 0
 229.263092259704 -NAN 0 0
 231.455428298791 -NAN 0 0
 233.647066148352 -NAN 0 0
 235.838011765625 -NAN 0 0
 238.028271107848 -NAN 0 0
 240.217850132259 -NAN 0 0
 242.406754796096 -NAN 0 0
 244.594991056597 -NAN 0 0
 246.782564871 -NAN 0 0
 248.969482196543 -NAN 0 0
 251.155748990464 -NAN 0 0
 253.341371210001 -NAN 0 0
 255.526354812392 -NAN 0 0
 257.710705754875 -NAN 0 0
 259.894429994688 -NAN 0 0
 262.077533489069 -NAN 0 0
 264.260022195256 -NAN 0 0
 266.441902070487 -NAN 0 0
 268.623179072 -NAN 0 0
 270.803859157033 -NAN 0 0
 272.983948282824 -NAN 0 0
 275.163452406611 -NAN 0 0
 277.342377485632 -NAN 0 0
 279.520729477125 13.8416592314515 0 0
 281.698514338328 21.5594856149243 0 0
 283.875738026479 37.2639580140872 0 0
 286.052406498816 51.0999688109841 0 0
 288.228525712577 72.6546744188672 0 0
 290.404101625 105.478987604729 0 0
 292.579140193323 135.707640248503 0 0
 294.753647374784 178.703660391157 0 0
 296.927629126621 215.369834241672 0 0
 299.101091406072 247.535529080866 0 0
 301.274040170375 289.267986985301 0 0
 303.446481376768 310.605848225637 0 0
 305.618420982489 329.598642102337 0 0
 307.789864944776 345.701927522367 0 0
 309.960819220867 363.084963782 0 0
 312.131289768 376.898813992444 0 0
 314.301282543413 364.825669629948 0 0
 316.470803504344 331.663397080129 0 0
 318.639858608031 302.98182698478 0 0
 320.808453811712 280.468719903109 0 0
 322.976595072625 261.603311012189 0 0
 325.144288348008 237.165221572099 0 0
 327.311539595099 217.827495971781 0 0
 329.478354771136 195.241002650312 0 0
 331.644739833357 174.664626276943 0 0
 333.810700739 160.875421634447 0 0
 335.976243445303 139.715501645767 0 0
 338.141373909504 121.240689127939 0 0
 340.306098088841 108.679755147456 0 0
 342.470421940552 92.1980494805246 0 0
 344.634351421875 81.1191844442007 0 0
 346.797892490048 72.1810611898249 0 0
 348.961051102309 59.49590738857 0 0
 351.123833215896 52.7583416313051 0 0
 353.286244788047 46.6537915944627 0 0
 355.448291776 38.0232001333748 0 0
 357.609980136993 34.9810209031624 0 0
 359.771315828264 33.6190368163029 0 0
 361.932304807051 42.6725555212147 0 0
 364.092953030592 61.0992270227427 0 0
 366.253266456125 58.2460732131523 0 0
 368.413251040888 33.1922753753583 0 0
 370.572912742119 20.09476490601 0 0
 372.732257517056 13.0596470822901 0 0
 374.891291322937 8.83696525345073 0 0
 377.050020117 10.6158065840525 0 0
 379.208449856483 7.24777060369471 0 0
 381.366586498624 5.06546720404462 0 0
 383.524436000661 7.46836687686862 0 0
 385.682004319832 4.10529857829113 0 0
 387.839297413375 3.31372677527504 0 0
 389.996321238528 5.87818639874724 0 0
 392.153081752529 2.34120458287664 0 0
 394.309584912616 2.57989821699557 0 0
 396.465836676027 4.9505120385579 0 0
 398.621843 4.30726657856935 0 0
 400.777609841773 19.0746081084718 0 0
 402.933143158584 45.9987213786334 0 0
 405.088448907671 50.8395967790614 0 0
 407.243533046272 37.0144695205517 0 0
 409.398401531625 17.0994540236035 0 0
 411.553060320968 6.74133117890291 0 0
 413.707515371539 7.62072924737487 0 0
 415.861772640576 9.30844226472018 0 0
 418.015838085317 10.296771264284 0 0
 420.169717663 16.9611922631137 0 0
 422.323417330863 22.3157098338089 0 0
 424.476943046144 28.9039744492753 0 0
 426.630300766081 42.0042295573393 0 0
 428.783496447912 57.9707899907801 0 0
 430.936536048875 91.9476141777651 0 0
 433.089425526208 181.364161865152 0 0
 435.242170837149 263.44950773561 0 0
 437.394777938936 285.277348190588 0 0
 439.547252788807 265.057223754605 0 0
 441.699601344 290.651865543924 0 0
 443.851829561753 350.826150506286 0 0
 446.003943399304 414.259230934573 0 0
 448.155948813891 448.008702816043 0 0
 450.307851762752 442.905043220096 0 0
 452.459658203125 399.917920225437 0 0
 454.611374092248 335.064935552614 0 0
 456.763005387359 277.242730573026 0 0
 458.914558045696 233.455872403508 0 0
 461.066038024497 200.417334040206 0 0
 463.217451281 178.58347265173 0 0
 465.368803772443 156.716759786058 0 0
 467.520101456064 132.093198088334 0 0
 469.671350289101 113.395288984613 0 0
 471.822556228792 96.0838565866809 0 0
 473.973725232375 82.1868756249909 0 0
 476.124863257088 77.7952767009573 0 0
 478.275976260169 72.8960240019052 0 0
 480.427070198856 69.7752600845609 0 0
 482.578151030387 72.0361224007134 0 0
 484.729224712 71.0818936788156 0 0
 486.880297200933 71.8382368501319 0 0
 489.031374454424 77.6589413916391 0 0
 491.182462429711 79.7502070119411 0 0
 493.333567084032 84.2999519142141 0 0
 495.484694374625 91.7998765115713 0 0
 497.635850258728 94.4859817234683 0 0
 499.787040693579 100.199322771847 0 0
 501.938271636416 107.017137618191 0 0
 504.089549044477 -NAN 0 0
 506.240878875 -NAN 0 0
 508.392267085223 -NAN 0 0
 510.543719632384 -NAN 0 0
 512.695242473721 -NAN 0 0
 514.846841566472 -NAN 0 0
 516.998522867875 -NAN 0 0
 519.150292335168 -NAN 0 0
 521.302155925589 -NAN 0 0
 523.454119596376 -NAN 0 0
 525.606189304767 -NAN 0 0
 527.758371008 -NAN 0 0
 529.910670663313 -NAN 0 0
 532.063094227944 -NAN 0 0
 534.215647659131 -NAN 0 0
 536.368336914112 -NAN 0 0
 538.521167950125 -NAN 0 0
 540.674146724408 -NAN 0 0
 542.827279194199 -NAN 0 0
 544.980571316736 -NAN 0 0
 547.134029049257 -NAN 0 0
 549.287658349 -NAN 0 0
 551.441465173203 -NAN 0 0
 553.595455479104 -NAN 0 0
 555.749635223941 -NAN 0 0
 557.904010364952 -NAN 0 0
 560.058586859375 -NAN 0 0
 562.213370664448 -NAN 0 0
 564.368367737409 -NAN 0 0
 566.523584035496 -NAN 0 0
 568.679025515947 -NAN 0 0
 570.834698136 -NAN 0 0
 572.990607852893 -NAN 0 0
 575.146760623864 -NAN 0 0
 577.303162406151 -NAN 0 0
 579.459819156992 -NAN 0 0
 581.616736833625 -NAN 0 0
 583.773921393288 -NAN 0 0
 585.931378793219 -NAN 0 0
 588.089114990656 -NAN 0 0
 590.247135942837 -NAN 0 0
 592.405447607 -NAN 0 0
 594.564055940383 -NAN 0 0
 596.722966900224 -NAN 0 0
 598.882186443761 -NAN 0 0
 601.041720528232 -NAN 0 0
 603.201575110875 -NAN 0 0
 605.361756148928 -NAN 0 0
 607.522269599629 -NAN 0 0
 609.683121420216 -NAN 0 0
 611.844317567927 -NAN 0 0
 614.005864 -NAN 0 0
 616.167766673673 -NAN 0 0
 618.330031546184 -NAN 0 0
 620.492664574771 -NAN 0 0
 622.655671716672 -NAN 0 0
 624.819058929125 -NAN 0 0
 626.982832169368 -NAN 0 0
 629.146997394639 -NAN 0 0
 631.311560562176 -NAN 0 0
 633.476527629217 -NAN 0 0
 635.641904553 -NAN 0 0
 637.807697290763 -NAN 0 0
 639.973911799744 -NAN 0 0
 642.140554037181 -NAN 0 0
 644.307629960312 -NAN 0 0
 646.475145526375 -NAN 0 0
 648.643106692608 -NAN 0 0
 650.811519416249 -NAN 0 0
 652.980389654536 -NAN 0 0
 655.149723364707 -NAN 0 0
 657.319526504 -NAN 0 0
 659.489805029653 -NAN 0 0
 661.660564898904 -NAN 0 0
 663.831812068991 -NAN 0 0
 666.003552497152 -NAN 0 0
 668.175792140625 -NAN 0 0
 670.348536956648 -NAN 0 0
 672.521792902459 -NAN 0 0
 674.695565935296 -NAN 0 0
 676.869862012397 -NAN 0 0
 679.044687091 -NAN 0 0
 681.220047128343 -NAN 0 0
 683.395948081664 -NAN 0 0
 685.572395908201 -NAN 0 0
 687.749396565192 -NAN 0 0
 689.926956009875 -NAN 0 0
 692.105080199488 -NAN 0 0
 694.283775091269 -NAN 0 0
 696.463046642456 -NAN 0 0
 698.642900810287 -NAN 0 0
 700.823343552 -NAN 0 0
 703.004380824833 -NAN 0 0
 705.186018586024 -NAN 0 0
 707.368262792811 -NAN 0 0
 709.551119402432 -NAN 0 0
 711.734594372125 -NAN 0 0
 713.918693659128 -NAN 0 0
 716.103423220679 -NAN 0 0
 718.288789014016 -NAN 0 0
 720.474796996377 -NAN 0 0
 722.661453125 -NAN 0 0
 724.848763357123 -NAN 0 0
 727.036733649984 -NAN 0 0
 729.225369960821 -NAN 0 0
 731.414678246872 -NAN 0 0
 733.604664465375 -NAN 0 0
 735.795334573568 -NAN 0 0
[END] of [DATA]
[END] of Spectrum


[Spectrum]
Version            = 1
IDData             = 12ad_2026-06-09_15-32-20_000_611
IDDevice           = SAM_82E6
IDDataType         = SPECTRUM
IDDataTypeSub1     = CALIBRATED
IDDataTypeSub2     = 
IDDataTypeSub3     = 
DateTime           = 2026-06-09 15:32:20
PositionLatitude   = 0
PositionLongitude  = 0
Comment            = 20260609_FrameE
CommentSub1        = UV
CommentSub2        = right
CommentSub3        = 50cm
IDMethodType       = SAM Control
MethodName         = SAM_82E6
Mission            = No Mission
MissionSub         = 1
RecordType         = 0
[Attributes]
CalFactor = 1
IDBasisSpec = 
IDDataBack = DLAB_2024-11-11_10-40-48_641_639
IDDataCal = DLAB_2024-11-12_11-45-27_171_455
IntegrationTime = 256
P31 = -1
P31e = 0
PathLength = +INF
PathLengthCustomOn = 0
RAWDynamic = 65535
Salinity = 0
Temperature = -NAN
Unit1 = $01 $01 Wavelength nm
Unit2 = $03 $06 Intensity mW/(m^2 nm)
Unit3 = $f0 $06 Error mW/(m^2 nm)
Unit4 = $f1 $00 Status 
p999 = 7919
[END] of [Attributes]
[DATA]
 0 7 0 0
 185.260577530984 -NAN 0 0
 187.468128380571 -NAN 0 0
 189.674861895872 -NAN 0 0
 191.880784034125 -NAN 0 0
 194.085900752568 -NAN 0 0
 196.290218008439 -NAN 0 0
 198.493741758976 -NAN 0 0
 200.696477961417 -NAN 0 0
 202.898432573 -NAN 0 0
 205.099611550963 -NAN 0 0
 207.300020852544 -NAN 0 0
 209.499666434981 -NAN 0 0
 211.698554255512 -NAN 0 0
 213.896690271375 -NAN 0 0
 216.094080439808 -NAN 0 0
 218.290730718049 -NAN 0 0
 220.486647063336 -NAN 0 0
 222.681835432907 -NAN 0 0
 224.876301784 -NAN 0 0
 227.070052073853 -NAN 0 0
 229.263092259704 -NAN 0 0
 231.455428298791 -NAN 0 0
 233.647066148352 -NAN 0 0
 235.838011765625 -NAN 0 0
 238.028271107848 -NAN 0 0
 240.217850132259 -NAN 0 0
 242.406754796096 -NAN 0 0
 244.594991056597 -NAN 0 0
 246.782564871 -NAN 0 0
 248.969482196543 -NAN 0 0
 251.155748990464 -NAN 0 0
 253.341371210001 -NAN 0 0
 255.526354812392 -NAN 0 0
 257.710705754875 -NAN 0 0
 259.894429994688 -NAN 0 0
 262.077533489069 -NAN 0 0
 264.260022195256 -NAN 0 0
 266.441902070487 -NAN 0 0
 268.623179072 -NAN 0 0
 270.803859157033 -NAN 0 0
 272.983948282824 -NAN 0 0
 275.163452406611 -NAN 0 0
 277.342377485632 -NAN 0 0
 279.520729477125 17.0950571721478 0 0
 281.698514338328 23.6219735509679 0 0
 283.875738026479 29.6800483738542 0 0
 286.052406498816 55.6508645729271 0 0
 288.228525712577 72.5808903411932 0 0
 290.404101625 97.4079430203156 0 0
 292.579140193323 140.100546154932 0 0
 294.753647374784 175.036110858875 0 0
 296.927629126621 207.442792929992 0 0
 299.101091406072 249.715787998118 0 0
 301.274040170375 282.608149811314 0 0
 303.446481376768 302.734995637756 0 0
 305.618420982489 329.775549740288 0 0
 307.789864944776 336.88295112119 0 0
 309.960819220867 355.384421886861 0 0
 312.131289768 376.233227782616 0 0
 314.301282543413 354.27963060551 0 0
 316.470803504344 325.893639522322 0 0
 318.639858608031 303.26291385155 0 0
 320.808453811712 269.618230820999 0 0
 322.976595072625 258.41751499003 0 0
 325.144288348008 238.078359630362 0 0
 327.311539595099 206.616315623692 0 0
 329.478354771136 195.137625688754 0 0
 331.644739833357 175.16132164866 0 0
 333.810700739 150.55461564255 0 0
 335.976243445303 142.060985764588 0 0
 338.141373909504 120.966127855778 0 0
 340.306098088841 100.352127468941 0 0
 342.470421940552 96.1846668754018 0 0
 344.634351421875 79.8999917628644 0 0
 346.797892490048 66.0632549515379 0 0
 348.961051102309 64.1411461180787 0 0
 351.123833215896 50.5044017076652 0 0
 353.286244788047 42.328640661144 0 0
 355.448291776 42.8664029997425 0 0
 357.609980136993 31.7166140456334 0 0
 359.771315828264 30.7079212708265 0 0
 361.932304807051 47.5769903463499 0 0
 364.092953030592 56.3161430225092 0 0
 366.253266456125 56.2204877767548 0 0
 368.413251040888 38.1596761554596 0 0
 370.572912742119 14.253769019643 0 0
 372.732257517056 12.8633185197091 0 0
 374.891291322937 13.619907990036 0 0
 377.050020117 3.45584916159211 0 0
 379.208449856483 9.12792284848556 0 0
 381.366586498624 8.97385336934173 0 0
 383.524436000661 -0.202732738223165 0 0
 385.682004319832 7.74439670812714 0 0
 387.839297413375 5.93139112525663 0 0
 389.996321238528 -1.37471901466603 0 0
 392.153081752529 7.56492007910551 0 0
 394.309584912616 3.63876216805878 0 0
 396.465836676027 -1.12372697151904 0 0
 398.621843 10.4366466974018 0 0
 400.777609841773 18.0946794805864 0 0
 402.933143158584 40.3217772030299 0 0
 405.088448907671 56.127457562561 0 0
 407.243533046272 34.109205604777 0 0
 409.398401531625 13.544512537712 0 0
 411.553060320968 12.4121932464657 0 0
 413.707515371539 4.44461465104036 0 0
 415.861772640576 7.36367323767516 0 0
 418.015838085317 15.0942230627328 0 0
 420.169717663 13.0810779820753 0 0
 422.323417330863 21.6423079079572 0 0
 424.476943046144 32.7248257222687 0 0
 426.630300766081 37.819055873889 0 0
 428.783496447912 58.4812074164192 0 0
 430.936536048875 94.3599293996599 0 0
 433.089425526208 175.595296003404 0 0
 435.242170837149 262.588353470227 0 0
 437.394777938936 285.049147144903 0 0
 439.547252788807 259.832725975002 0 0
 441.699601344 292.998942835492 0 0
 443.851829561753 352.048646877368 0 0
 446.003943399304 410.072538763587 0 0
 448.155948813891 451.801339365927 0 0
 450.307851762752 443.053391517942 0 0
 452.459658203125 396.068639872033 0 0
 454.611374092248 339.714627761775 0 0
 456.763005387359 276.182031652813 0 0
 458.914558045696 230.152888680588 0 0
 461.066038024497 205.756814353463 0 0
 463.217451281 176.164988948467 0 0
 465.368803772443 154.182928016654 0 0
 467.520101456064 137.47454383631 0 0
 469.671350289101 109.637393732464 0 0
 471.822556228792 94.6502866090479 0 0
 473.973725232375 87.3031049023877 0 0
 476.124863257088 72.7561821926216 0 0
 478.275976260169 72.8888009032164 0 0
 480.427070198856 73.9483183215981 0 0
 482.578151030387 66.3833939459418 0 0
 484.729224712 72.4928628599371 0 0
 486.880297200933 75.1129506593523 0 0
 489.031374454424 71.7403601315079 0 0
 491.182462429711 82.7785763521613 0 0
 493.333567084032 86.4971116853915 0 0
 495.484694374625 86.0847533924286 0 0
 497.635850258728 98.6655033249482 0 0
 499.787040693579 101.112002370872 0 0
 501.938271636416 102.109003522158 0 0
 504.089549044477 -NAN 0 0
 506.240878875 -NAN 0 0
 508.392267085223 -NAN 0 0
 510.543719632384 -NAN 0 0
 512.695242473721 -NAN 0 0
 514.846841566472 -NAN 0 0
 516.998522867875 -NAN 0 0
 519.150292335168 -NAN 0 0
 521.302155925589 -NAN 0 0
 523.454119596376 -NAN 0 0
 525.606189304767 -NAN 0 0
 527.758371008 -NAN 0 0
 529.910670663313 -NAN 0 0
 532.063094227944 -NAN 0 0
 534.215647659131 -NAN 0 0
 536.368336914112 -NAN 0 0
 538.521167950125 -NAN 0 0
 540.674146724408 -NAN 0 0
 542.827279194199 -NAN 0 0
 544.980571316736 -NAN 0 0
 547.134029049257 -NAN 0 0
 549.287658349 -NAN 0 0
 551.441465173203 -NAN 0 0
 553.595455479104 -NAN 0 0
 555.749635223941 -NAN 0 0
 557.904010364952 -NAN 0 0
 560.058586859375 -NAN 0 0
 562.213370664448 -NAN 0 0
 564.368367737409 -NAN 0 0
 566.523584035496 -NAN 0 0
 568.679025515947 -NAN 0 0
 570.834698136 -NAN 0 0
 572.990607852893 -NAN 0 0
 575.146760623864 -NAN 0 0
 577.303162406151 -NAN 0 0
 579.459819156992 -NAN 0 0
 581.616736833625 -NAN 0 0
 583.773921393288 -NAN 0 0
 585.931378793219 -NAN 0 0
 588.089114990656 -NAN 0 0
 590.247135942837 -NAN 0 0
 592.405447607 -NAN 0 0
 594.564055940383 -NAN 0 0
 596.722966900224 -NAN 0 0
 598.882186443761 -NAN 0 0
 601.041720528232 -NAN 0 0
 603.201575110875 -NAN 0 0
 605.361756148928 -NAN 0 0
 607.522269599629 -NAN 0 0
 609.683121420216 -NAN 0 0
 611.844317567927 -NAN 0 0
 614.005864 -NAN 0 0
 616.167766673673 -NAN 0 0
 618.330031546184 -NAN 0 0
 620.492664574771 -NAN 0 0
 622.655671716672 -NAN 0 0
 624.819058929125 -NAN 0 0
 626.982832169368 -NAN 0 0
 629.146997394639 -NAN 0 0
 631.311560562176 -NAN 0 0
 633.476527629217 -NAN 0 0
 635.641904553 -NAN 0 0
 637.807697290763 -NAN 0 0
 639.973911799744 -NAN 0 0
 642.140554037181 -NAN 0 0
 644.307629960312 -NAN 0 0
 646.475145526375 -NAN 0 0
 648.643106692608 -NAN 0 0
 650.811519416249 -NAN 0 0
 652.980389654536 -NAN 0 0
 655.149723364707 -NAN 0 0
 657.319526504 -NAN 0 0
 659.489805029653 -NAN 0 0
 661.660564898904 -NAN 0 0
 663.831812068991 -NAN 0 0
 666.003552497152 -NAN 0 0
 668.175792140625 -NAN 0 0
 670.348536956648 -NAN 0 0
 672.521792902459 -NAN 0 0
 674.695565935296 -NAN 0 0
 676.869862012397 -NAN 0 0
 679.044687091 -NAN 0 0
 681.220047128343 -NAN 0 0
 683.395948081664 -NAN 0 0
 685.572395908201 -NAN 0 0
 687.749396565192 -NAN 0 0
 689.926956009875 -NAN 0 0
 692.105080199488 -NAN 0 0
 694.283775091269 -NAN 0 0
 696.463046642456 -NAN 0 0
 698.642900810287 -NAN 0 0
 700.823343552 -NAN 0 0
 703.004380824833 -NAN 0 0
 705.186018586024 -NAN 0 0
 707.368262792811 -NAN 0 0
 709.551119402432 -NAN 0 0
 711.734594372125 -NAN 0 0
 713.918693659128 -NAN 0 0
 716.103423220679 -NAN 0 0
 718.288789014016 -NAN 0 0
 720.474796996377 -NAN 0 0
 722.661453125 -NAN 0 0
 724.848763357123 -NAN 0 0
 727.036733649984 -NAN 0 0
 729.225369960821 -NAN 0 0
 731.414678246872 -NAN 0 0
 733.604664465375 -NAN 0 0
 735.795334573568 -NAN 0 0
[END] of [DATA]
[END] of Spectrum


[Spectrum]
Version            = 1
IDData             = 12ad_2026-06-09_15-32-15_000_608
IDDevice           = SAM_82E6
IDDataType         = SPECTRUM
IDDataTypeSub1     = CALIBRATED
IDDataTypeSub2     = 
IDDataTypeSub3     = 
DateTime           = 2026-06-09 15:32:15
PositionLatitude   = 0
PositionLongitude  = 0
Comment            = 20260609_FrameE
CommentSub1        = UV
CommentSub2        = right
CommentSub3        = 50cm
IDMethodType       = SAM Control
MethodName         = SAM_82E6
Mission            = No Mission
MissionSub         = 1
RecordType         = 0
[Attributes]
CalFactor = 1
IDBasisSpec = 
IDDataBack = DLAB_2024-11-11_10-40-48_641_639
IDDataCal = DLAB_2024-11-12_11-45-27_171_455
IntegrationTime = 256
P31 = -1
P31e = 0
PathLength = +INF
PathLengthCustomOn = 0
RAWDynamic = 65535
Salinity = 0
Temperature = -NAN
Unit1 = $01 $01 Wavelength nm
Unit2 = $03 $06 Intensity mW/(m^2 nm)
Unit3 = $f0 $06 Error mW/(m^2 nm)
Unit4 = $f1 $00 Status 
p999 = 7918
[END] of [Attributes]
[DATA]
 0 7 0 0
 185.260577530984 -NAN 0 0
 187.468128380571 -NAN 0 0
 189.674861895872 -NAN 0 0
 191.880784034125 -NAN 0 0
 194.085900752568 -NAN 0 0
 196.290218008439 -NAN 0 0
 198.493741758976 -NAN 0 0
 200.696477961417 -NAN 0 0
 202.898432573 -NAN 0 0
 205.099611550963 -NAN 0 0
 207.300020852544 -NAN 0 0
 209.499666434981 -NAN 0 0
 211.698554255512 -NAN 0 0
 213.896690271375 -NAN 0 0
 216.094080439808 -NAN 0 0
 218.290730718049 -NAN 0 0
 220.486647063336 -NAN 0 0
 222.681835432907 -NAN 0 0
 224.876301784 -NAN 0 0
 227.070052073853 -NAN 0 0
 229.263092259704 -NAN 0 0
 231.455428298791 -NAN 0 0
 233.647066148352 -NAN 0 0
 235.838011765625 -NAN 0 0
 238.028271107848 -NAN 0 0
 240.217850132259 -NAN 0 0
 242.406754796096 -NAN 0 0
 244.594991056597 -NAN 0 0
 246.782564871 -NAN 0 0
 248.969482196543 -NAN 0 0
 251.155748990464 -NAN 0 0
 253.341371210001 -NAN 0 0
 255.526354812392 -NAN 0 0
 257.710705754875 -NAN 0 0
 259.894429994688 -NAN 0 0
 262.077533489069 -NAN 0 0
 264.260022195256 -NAN 0 0
 266.441902070487 -NAN 0 0
 268.623179072 -NAN 0 0
 270.803859157033 -NAN 0 0
 272.983948282824 -NAN 0 0
 275.163452406611 -NAN 0 0
 277.342377485632 -NAN 0 0
 279.520729477125 9.63559165453217 0 0
 281.698514338328 25.8393932273735 0 0
 283.875738026479 34.78211811227 0 0
 286.052406498816 46.0394656435723 0 0
 288.228525712577 75.9520347055994 0 0
 290.404101625 99.5338536918609 0 0
 292.579140193323 129.043926892929 0 0
 294.753647374784 178.293721564914 0 0
 296.927629126621 205.116799547594 0 0
 299.101091406072 238.662548611667 0 0
 301.274040170375 284.012175071446 0 0
 303.446481376768 296.890697823595 0 0
 305.618420982489 318.949232468238 0 0
 307.789864944776 337.377852772453 0 0
 309.960819220867 347.374258876999 0 0
 312.131289768 365.999066196166 0 0
 314.301282543413 355.257547670348 0 0
 316.470803504344 316.057256653521 0 0
 318.639858608031 295.510833946936 0 0
 320.808453811712 272.846156481812 0 0
 322.976595072625 247.690853300764 0 0
 325.144288348008 233.341591299673 0 0
 327.311539595099 211.0289541131 0 0
 329.478354771136 183.630803032426 0 0
 331.644739833357 173.80817837072 0 0
 333.810700739 154.783592726645 0 0
 335.976243445303 131.155611200353 0 0
 338.141373909504 122.576980946153 0 0
 340.306098088841 103.191569585061 0 0
 342.470421940552 86.6204515848177 0 0
 344.634351421875 83.4135805732343 0 0
 346.797892490048 67.1878827741947 0 0
 348.961051102309 56.2454546438211 0 0
 351.123833215896 55.2943738622494 0 0
 353.286244788047 41.9306373608386 0 0
 355.448291776 36.4328224680944 0 0
 357.609980136993 37.2720487764388 0 0
 359.771315828264 28.9116667129305 0 0
 361.932304807051 42.2053357701579 0 0
 364.092953030592 62.4071941687997 0 0
 366.253266456125 52.5675438476389 0 0
 368.413251040888 34.1712079268975 0 0
 370.572912742119 21.5498329060866 0 0
 372.732257517056 7.63223854662268 0 0
 374.891291322937 11.7497538518518 0 0
 377.050020117 11.2827634116721 0 0
 379.208449856483 1.99216081187333 0 0
 381.366586498624 9.39924633110431 0 0
 383.524436000661 7.2857385673662 0 0
 385.682004319832 -0.353076675948068 0 0
 387.839297413375 8.42366262274927 0 0
 389.996321238528 4.59784878195123 0 0
 392.153081752529 -0.984239483191227 0 0
 394.309584912616 7.96421799906008 0 0
 396.465836676027 2.66352648133256 0 0
 398.621843 2.23804517033921 0 0
 400.777609841773 23.4956663307631 0 0
 402.933143158584 40.9997915202412 0 0
 405.088448907671 47.8513934207473 0 0
 407.243533046272 39.7914289984186 0 0
 409.398401531625 13.0540967581918 0 0
 411.553060320968 6.81798680735679 0 0
 413.707515371539 10.7777521547015 0 0
 415.861772640576 5.65925745432949 0 0
 418.015838085317 11.4178641392212 0 0
 420.169717663 18.9596663381335 0 0
 422.323417330863 18.8525653273044 0 0
 424.476943046144 30.5793970948265 0 0
 426.630300766081 43.0430779698446 0 0
 428.783496447912 54.660874182734 0 0
 430.936536048875 93.4881174424388 0 0
 433.089425526208 178.651568353148 0 0
 435.242170837149 255.643174290478 0 0
 437.394777938936 283.642373623339 0 0
 439.547252788807 262.980608219481 0 0
 441.699601344 287.971898634747 0 0
 443.851829561753 354.108601392419 0 0
 446.003943399304 413.317685060624 0 0
 448.155948813891 446.316603432248 0 0
 450.307851762752 446.522667516813 0 0
 452.459658203125 398.106521421182 0 0
 454.611374092248 334.044085857035 0 0
 456.763005387359 281.027175454946 0 0
 458.914558045696 230.803604917888 0 0
 461.066038024497 200.231387058588 0 0
 463.217451281 182.16108360981 0 0
 465.368803772443 153.218161410849 0 0
 467.520101456064 132.659232763985 0 0
 469.671350289101 116.198420125457 0 0
 471.822556228792 92.1263727101882 0 0
 473.973725232375 83.8985249119194 0 0
 476.124863257088 79.6059850538922 0 0
 478.275976260169 68.7627446829911 0 0
 480.427070198856 72.3387976616438 0 0
 482.578151030387 72.967547397358 0 0
 484.729224712 67.0054500446448 0 0
 486.880297200933 75.4395830871208 0 0
 489.031374454424 77.6662144378988 0 0
 491.182462429711 76.2896123592867 0 0
 493.333567084032 88.4053619249649 0 0
 495.484694374625 90.9603450143562 0 0
 497.635850258728 91.9455742505121 0 0
 499.787040693579 104.64856786894 0 0
 501.938271636416 105.300017137932 0 0
 504.089549044477 -NAN 0 0
 506.240878875 -NAN 0 0
 508.392267085223 -NAN 0 0
 510.543719632384 -NAN 0 0
 512.695242473721 -NAN 0 0
 514.846841566472 -NAN 0 0
 516.998522867875 -NAN 0 0
 519.150292335168 -NAN 0 0
 521.302155925589 -NAN 0 0
 523.454119596376 -NAN 0 0
 525.606189304767 -NAN 0 0
 527.758371008 -NAN 0 0
 529.910670663313 -NAN 0 0
 532.063094227944 -NAN 0 0
 534.215647659131 -NAN 0 0
 536.368336914112 -NAN 0 0
 538.521167950125 -NAN 0 0
 540.674146724408 -NAN 0 0
 542.827279194199 -NAN 0 0
 544.980571316736 -NAN 0 0
 547.134029049257 -NAN 0 0
 549.287658349 -NAN 0 0
 551.441465173203 -NAN 0 0
 553.595455479104 -NAN 0 0
 555.749635223941 -NAN 0 0
 557.904010364952 -NAN 0 0
 560.058586859375 -NAN 0 0
 562.213370664448 -NAN 0 0
 564.368367737409 -NAN 0 0
 566.523584035496 -NAN 0 0
 568.679025515947 -NAN 0 0
 570.834698136 -NAN 0 0
 572.990607852893 -NAN 0 0
 575.146760623864 -NAN 0 0
 577.303162406151 -NAN 0 0
 579.459819156992 -NAN 0 0
 581.616736833625 -NAN 0 0
 583.773921393288 -NAN 0 0
 585.931378793219 -NAN 0 0
 588.089114990656 -NAN 0 0
 590.247135942837 -NAN 0 0
 592.405447607 -NAN 0 0
 594.564055940383 -NAN 0 0
 596.722966900224 -NAN 0 0
 598.882186443761 -NAN 0 0
 601.041720528232 -NAN 0 0
 603.201575110875 -NAN 0 0
 605.361756148928 -NAN 0 0
 607.522269599629 -NAN 0 0
 609.683121420216 -NAN 0 0
 611.844317567927 -NAN 0 0
 614.005864 -NAN 0 0
 616.167766673673 -NAN 0 0
 618.330031546184 -NAN 0 0
 620.492664574771 -NAN 0 0
 622.655671716672 -NAN 0 0
 624.819058929125 -NAN 0 0
 626.982832169368 -NAN 0 0
 629.146997394639 -NAN 0 0
 631.311560562176 -NAN 0 0
 633.476527629217 -NAN 0 0
 635.641904553 -NAN 0 0
 637.807697290763 -NAN 0 0
 639.973911799744 -NAN 0 0
 642.140554037181 -NAN 0 0
 644.307629960312 -NAN 0 0
 646.475145526375 -NAN 0 0
 648.643106692608 -NAN 0 0
 650.811519416249 -NAN 0 0
 652.980389654536 -NAN 0 0
 655.149723364707 -NAN 0 0
 657.319526504 -NAN 0 0
 659.489805029653 -NAN 0 0
 661.660564898904 -NAN 0 0
 663.831812068991 -NAN 0 0
 666.003552497152 -NAN 0 0
 668.175792140625 -NAN 0 0
 670.348536956648 -NAN 0 0
 672.521792902459 -NAN 0 0
 674.695565935296 -NAN 0 0
 676.869862012397 -NAN 0 0
 679.044687091 -NAN 0 0
 681.220047128343 -NAN 0 0
 683.395948081664 -NAN 0 0
 685.572395908201 -NAN 0 0
 687.749396565192 -NAN 0 0
 689.926956009875 -NAN 0 0
 692.105080199488 -NAN 0 0
 694.283775091269 -NAN 0 0
 696.463046642456 -NAN 0 0
 698.642900810287 -NAN 0 0
 700.823343552 -NAN 0 0
 703.004380824833 -NAN 0 0
 705.186018586024 -NAN 0 0
 707.368262792811 -NAN 0 0
 709.551119402432 -NAN 0 0
 711.734594372125 -NAN 0 0
 713.918693659128 -NAN 0 0
 716.103423220679 -NAN 0 0
 718.288789014016 -NAN 0 0
 720.474796996377 -NAN 0 0
 722.661453125 -NAN 0 0
 724.848763357123 -NAN 0 0
 727.036733649984 -NAN 0 0
 729.225369960821 -NAN 0 0
 731.414678246872 -NAN 0 0
 733.604664465375 -NAN 0 0
 735.795334573568 -NAN 0 0
[END] of [DATA]
[END] of Spectrum


[Spectrum]
Version            = 1
IDData             = 12ad_2026-06-09_15-32-10_000_605
IDDevice           = SAM_82E6
IDDataType         = SPECTRUM
IDDataTypeSub1     = CALIBRATED
IDDataTypeSub2     = 
IDDataTypeSub3     = 
DateTime           = 2026-06-09 15:32:10
PositionLatitude   = 0
PositionLongitude  = 0
Comment            = 20260609_FrameE
CommentSub1        = UV
CommentSub2        = right
CommentSub3        = 50cm
IDMethodType       = SAM Control
MethodName         = SAM_82E6
Mission            = No Mission
MissionSub         = 1
RecordType         = 0
[Attributes]
CalFactor = 1
IDBasisSpec = 
IDDataBack = DLAB_2024-11-11_10-40-48_641_639
IDDataCal = DLAB_2024-11-12_11-45-27_171_455
IntegrationTime = 256
P31 = -1
P31e = 0
PathLength = +INF
PathLengthCustomOn = 0
RAWDynamic = 65535
Salinity = 0
Temperature = -NAN
Unit1 = $01 $01 Wavelength nm
Unit2 = $03 $06 Intensity mW/(m^2 nm)
Unit3 = $f0 $06 Error mW/(m^2 nm)
Unit4 = $f1 $00 Status 
p999 = 7917
[END] of [Attributes]
[DATA]
 0 7 0 0
 185.260577530984 -NAN 0 0
 187.468128380571 -NAN 0 0
 189.674861895872 -NAN 0 0
 191.880784034125 -NAN 0 0
 194.085900752568 -NAN 0 0
 196.290218008439 -NAN 0 0
 198.493741758976 -NAN 0 0
 200.696477961417 -NAN 0 0
 202.898432573 -NAN 0 0
 205.099611550963 -NAN 0 0
 207.300020852544 -NAN 0 0
 209.499666434981 -NAN 0 0
 211.698554255512 -NAN 0 0
 213.896690271375 -NAN 0 0
 216.094080439808 -NAN 0 0
 218.290730718049 -NAN 0 0
 220.486647063336 -NAN 0 0
 222.681835432907 -NAN 0 0
 224.876301784 -NAN 0 0
 227.070052073853 -NAN 0 0
 229.263092259704 -NAN 0 0
 231.455428298791 -NAN 0 0
 233.647066148352 -NAN 0 0
 235.838011765625 -NAN 0 0
 238.028271107848 -NAN 0 0
 240.217850132259 -NAN 0 0
 242.406754796096 -NAN 0 0
 244.594991056597 -NAN 0 0
 246.782564871 -NAN 0 0
 248.969482196543 -NAN 0 0
 251.155748990464 -NAN 0 0
 253.341371210001 -NAN 0 0
 255.526354812392 -NAN 0 0
 257.710705754875 -NAN 0 0
 259.894429994688 -NAN 0 0
 262.077533489069 -NAN 0 0
 264.260022195256 -NAN 0 0
 266.441902070487 -NAN 0 0
 268.623179072 -NAN 0 0
 270.803859157033 -NAN 0 0
 272.983948282824 -NAN 0 0
 275.163452406611 -NAN 0 0
 277.342377485632 -NAN 0 0
 279.520729477125 13.450628818675 0 0
 281.698514338328 25.5144941769096 0 0
 283.875738026479 28.4832578664345 0 0
 286.052406498816 50.526478995713 0 0
 288.228525712577 73.0429362644916 0 0
 290.404101625 92.4981363291581 0 0
 292.579140193323 132.499472803281 0 0
 294.753647374784 172.114526803395 0 0
 296.927629126621 198.208015164235 0 0
 299.101091406072 239.353152625085 0 0
 301.274040170375 275.494615218557 0 0
 303.446481376768 290.043225361274 0 0
 305.618420982489 317.772178305701 0 0
 307.789864944776 327.56907306875 0 0
 309.960819220867 340.803050541668 0 0
 312.131289768 363.75475225618 0 0
 314.301282543413 344.482436515383 0 0
 316.470803504344 311.57523323355 0 0
 318.639858608031 294.137560581822 0 0
 320.808453811712 262.116797805943 0 0
 322.976595072625 245.772063332882 0 0
 325.144288348008 231.839425055211 0 0
 327.311539595099 200.835172805426 0 0
 329.478354771136 184.158099908288 0 0
 331.644739833357 171.548251440987 0 0
 333.810700739 145.636598015003 0 0
 335.976243445303 133.437134178035 0 0
 338.141373909504 119.497821922049 0 0
 340.306098088841 96.0257786423961 0 0
 342.470421940552 90.0544815135632 0 0
 344.634351421875 79.6943826825152 0 0
 346.797892490048 62.2889266680889 0 0
 348.961051102309 60.1215949654813 0 0
 351.123833215896 51.4195225855275 0 0
 353.286244788047 39.1178989686805 0 0
 355.448291776 40.6381531968151 0 0
 357.609980136993 33.3630058919351 0 0
 359.771315828264 27.8312249743637 0 0
 361.932304807051 46.458627675489 0 0
 364.092953030592 57.7979789130572 0 0
 366.253266456125 52.6662247178468 0 0
 368.413251040888 38.2669647385076 0 0
 370.572912742119 16.3770253460388 0 0
 372.732257517056 9.85577366236479 0 0
 374.891291322937 15.3482208186741 0 0
 377.050020117 5.55190066018155 0 0
 379.208449856483 5.48587132852413 0 0
 381.366586498624 11.3756983477986 0 0
 383.524436000661 1.18936398673884 0 0
 385.682004319832 4.14512454961628 0 0
 387.839297413375 8.63265071023088 0 0
 389.996321238528 -1.07342179162407 0 0
 392.153081752529 4.22837501052208 0 0
 394.309584912616 6.4962630173221 0 0
 396.465836676027 -1.91111589392154 0 0
 398.621843 7.67613682896776 0 0
 400.777609841773 20.3399970333989 0 0
 402.933143158584 36.8753100335793 0 0
 405.088448907671 52.0791023036406 0 0
 407.243533046272 35.7753812914971 0 0
 409.398401531625 11.325610301635 0 0
 411.553060320968 11.7156748382841 0 0
 413.707515371539 7.38314378416601 0 0
 415.861772640576 5.69957148034276 0 0
 418.015838085317 15.5350912384533 0 0
 420.169717663 15.5147227432532 0 0
 422.323417330863 19.9434672914816 0 0
 424.476943046144 33.6901354584472 0 0
 426.630300766081 39.6822501392757 0 0
 428.783496447912 56.4922232449981 0 0
 430.936536048875 94.9445707830704 0 0
 433.089425526208 173.539295041239 0 0
 435.242170837149 255.214395391752 0 0
 437.394777938936 281.904288951383 0 0
 439.547252788807 258.601315204904 0 0
 441.699601344 290.53432674067 0 0
 443.851829561753 353.697196417146 0 0
 446.003943399304 410.11745576348 0 0
 448.155948813891 449.920595249171 0 0
 450.307851762752 445.219096303824 0 0
 452.459658203125 395.366960202269 0 0
 454.611374092248 338.16409638903 0 0
 456.763005387359 278.640724916095 0 0
 458.914558045696 228.956748480582 0 0
 461.066038024497 204.819947232379 0 0
 463.217451281 179.089292520095 0 0
 465.368803772443 152.604362963064 0 0
 467.520101456064 137.39582378208 0 0
 469.671350289101 112.480577336027 0 0
 471.822556228792 92.8877005709746 0 0
 473.973725232375 88.1735190299637 0 0
 476.124863257088 75.4747357607241 0 0
 478.275976260169 70.7068694762268 0 0
 480.427070198856 75.6909446693479 0 0
 482.578151030387 68.5113289442678 0 0
 484.729224712 69.9363543436477 0 0
 486.880297200933 77.1247603214814 0 0
 489.031374454424 73.007548575992 0 0
 491.182462429711 79.871944890637 0 0
 493.333567084032 88.6998381142106 0 0
 495.484694374625 86.4815523927603 0 0
 497.635850258728 96.096570438778 0 0
 499.787040693579 103.497797939735 0 0
 501.938271636416 101.652145080371 0 0
 504.089549044477 -NAN 0 0
 506.240878875 -NAN 0 0
 508.392267085223 -NAN 0 0
 510.543719632384 -NAN 0 0
 512.695242473721 -NAN 0 0
 514.846841566472 -NAN 0 0
 516.998522867875 -NAN 0 0
 519.150292335168 -NAN 0 0
 521.302155925589 -NAN 0 0
 523.454119596376 -NAN 0 0
 525.606189304767 -NAN 0 0
 527.758371008 -NAN 0 0
 529.910670663313 -NAN 0 0
 532.063094227944 -NAN 0 0
 534.215647659131 -NAN 0 0
 536.368336914112 -NAN 0 0
 538.521167950125 -NAN 0 0
 540.674146724408 -NAN 0 0
 542.827279194199 -NAN 0 0
 544.980571316736 -NAN 0 0
 547.134029049257 -NAN 0 0
 549.287658349 -NAN 0 0
 551.441465173203 -NAN 0 0
 553.595455479104 -NAN 0 0
 555.749635223941 -NAN 0 0
 557.904010364952 -NAN 0 0
 560.058586859375 -NAN 0 0
 562.213370664448 -NAN 0 0
 564.368367737409 -NAN 0 0
 566.523584035496 -NAN 0 0
 568.679025515947 -NAN 0 0
 570.834698136 -NAN 0 0
 572.990607852893 -NAN 0 0
 575.146760623864 -NAN 0 0
 577.303162406151 -NAN 0 0
 579.459819156992 -NAN 0 0
 581.616736833625 -NAN 0 0
 583.773921393288 -NAN 0 0
 585.931378793219 -NAN 0 0
 588.089114990656 -NAN 0 0
 590.247135942837 -NAN 0 0
 592.405447607 -NAN 0 0
 594.564055940383 -NAN 0 0
 596.722966900224 -NAN 0 0
 598.882186443761 -NAN 0 0
 601.041720528232 -NAN 0 0
 603.201575110875 -NAN 0 0
 605.361756148928 -NAN 0 0
 607.522269599629 -NAN 0 0
 609.683121420216 -NAN 0 0
 611.844317567927 -NAN 0 0
 614.005864 -NAN 0 0
 616.167766673673 -NAN 0 0
 618.330031546184 -NAN 0 0
 620.492664574771 -NAN 0 0
 622.655671716672 -NAN 0 0
 624.819058929125 -NAN 0 0
 626.982832169368 -NAN 0 0
 629.146997394639 -NAN 0 0
 631.311560562176 -NAN 0 0
 633.476527629217 -NAN 0 0
 635.641904553 -NAN 0 0
 637.807697290763 -NAN 0 0
 639.973911799744 -NAN 0 0
 642.140554037181 -NAN 0 0
 644.307629960312 -NAN 0 0
 646.475145526375 -NAN 0 0
 648.643106692608 -NAN 0 0
 650.811519416249 -NAN 0 0
 652.980389654536 -NAN 0 0
 655.149723364707 -NAN 0 0
 657.319526504 -NAN 0 0
 659.489805029653 -NAN 0 0
 661.660564898904 -NAN 0 0
 663.831812068991 -NAN 0 0
 666.003552497152 -NAN 0 0
 668.175792140625 -NAN 0 0
 670.348536956648 -NAN 0 0
 672.521792902459 -NAN 0 0
 674.695565935296 -NAN 0 0
 676.869862012397 -NAN 0 0
 679.044687091 -NAN 0 0
 681.220047128343 -NAN 0 0
 683.395948081664 -NAN 0 0
 685.572395908201 -NAN 0 0
 687.749396565192 -NAN 0 0
 689.926956009875 -NAN 0 0
 692.105080199488 -NAN 0 0
 694.283775091269 -NAN 0 0
 696.463046642456 -NAN 0 0
 698.642900810287 -NAN 0 0
 700.823343552 -NAN 0 0
 703.004380824833 -NAN 0 0
 705.186018586024 -NAN 0 0
 707.368262792811 -NAN 0 0
 709.551119402432 -NAN 0 0
 711.734594372125 -NAN 0 0
 713.918693659128 -NAN 0 0
 716.103423220679 -NAN 0 0
 718.288789014016 -NAN 0 0
 720.474796996377 -NAN 0 0
 722.661453125 -NAN 0 0
 724.848763357123 -NAN 0 0
 727.036733649984 -NAN 0 0
 729.225369960821 -NAN 0 0
 731.414678246872 -NAN 0 0
 733.604664465375 -NAN 0 0
 735.795334573568 -NAN 0 0
[END] of [DATA]
[END] of Spectrum


[Spectrum]
Version            = 1
IDData             = 12ad_2026-06-09_15-32-05_000_602
IDDevice           = SAM_82E6
IDDataType         = SPECTRUM
IDDataTypeSub1     = CALIBRATED
IDDataTypeSub2     = 
IDDataTypeSub3     = 
DateTime           = 2026-06-09 15:32:05
PositionLatitude   = 0
PositionLongitude  = 0
Comment            = 20260609_FrameE
CommentSub1        = UV
CommentSub2        = right
CommentSub3        = 50cm
IDMethodType       = SAM Control
MethodName         = SAM_82E6
Mission            = No Mission
MissionSub         = 1
RecordType         = 0
[Attributes]
CalFactor = 1
IDBasisSpec = 
IDDataBack = DLAB_2024-11-11_10-40-48_641_639
IDDataCal = DLAB_2024-11-12_11-45-27_171_455
IntegrationTime = 256
P31 = -1
P31e = 0
PathLength = +INF
PathLengthCustomOn = 0
RAWDynamic = 65535
Salinity = 0
Temperature = -NAN
Unit1 = $01 $01 Wavelength nm
Unit2 = $03 $06 Intensity mW/(m^2 nm)
Unit3 = $f0 $06 Error mW/(m^2 nm)
Unit4 = $f1 $00 Status 
p999 = 7916
[END] of [Attributes]
[DATA]
 0 7 0 0
 185.260577530984 -NAN 0 0
 187.468128380571 -NAN 0 0
 189.674861895872 -NAN 0 0
 191.880784034125 -NAN 0 0
 194.085900752568 -NAN 0 0
 196.290218008439 -NAN 0 0
 198.493741758976 -NAN 0 0
 200.696477961417 -NAN 0 0
 202.898432573 -NAN 0 0
 205.099611550963 -NAN 0 0
 207.300020852544 -NAN 0 0
 209.499666434981 -NAN 0 0
 211.698554255512 -NAN 0 0
 213.896690271375 -NAN 0 0
 216.094080439808 -NAN 0 0
 218.290730718049 -NAN 0 0
 220.486647063336 -NAN 0 0
 222.681835432907 -NAN 0 0
 224.876301784 -NAN 0 0
 227.070052073853 -NAN 0 0
 229.263092259704 -NAN 0 0
 231.455428298791 -NAN 0 0
 233.647066148352 -NAN 0 0
 235.838011765625 -NAN 0 0
 238.028271107848 -NAN 0 0
 240.217850132259 -NAN 0 0
 242.406754796096 -NAN 0 0
 244.594991056597 -NAN 0 0
 246.782564871 -NAN 0 0
 248.969482196543 -NAN 0 0
 251.155748990464 -NAN 0 0
 253.341371210001 -NAN 0 0
 255.526354812392 -NAN 0 0
 257.710705754875 -NAN 0 0
 259.894429994688 -NAN 0 0
 262.077533489069 -NAN 0 0
 264.260022195256 -NAN 0 0
 266.441902070487 -NAN 0 0
 268.623179072 -NAN 0 0
 270.803859157033 -NAN 0 0
 272.983948282824 -NAN 0 0
 275.163452406611 -NAN 0 0
 277.342377485632 -NAN 0 0
 279.520729477125 11.92884804029 0 0
 281.698514338328 18.0686185536018 0 0
 283.875738026479 38.0053326647012 0 0
 286.052406498816 45.2895732648696 0 0
 288.228525712577 65.6960479089136 0 0
 290.404101625 101.020682461803 0 0
 292.579140193323 123.013107730195 0 0
 294.753647374784 164.861552378479 0 0
 296.927629126621 202.312784053585 0 0
 299.101091406072 226.838859708953 0 0
 301.274040170375 268.552232465362 0 0
 303.446481376768 290.015920662086 0 0
 305.618420982489 303.110890596368 0 0
 307.789864944776 321.635597763868 0 0
 309.960819220867 338.393085146095 0 0
 312.131289768 347.300200867654 0 0
 314.301282543413 340.539372583317 0 0
 316.470803504344 308.938677000675 0 0
 318.639858608031 277.86153752288 0 0
 320.808453811712 262.826275899639 0 0
 322.976595072625 243.041180139312 0 0
 325.144288348008 216.913046581883 0 0
 327.311539595099 205.455982280049 0 0
 329.478354771136 180.372569445471 0 0
 331.644739833357 159.119763674789 0 0
 333.810700739 152.726832608217 0 0
 335.976243445303 127.801285446291 0 0
 338.141373909504 110.311605649913 0 0
 340.306098088841 103.760951022782 0 0
 342.470421940552 83.1746366153254 0 0
 344.634351421875 73.7776198504499 0 0
 346.797892490048 69.3145286192937 0 0
 348.961051102309 52.5358559322814 0 0
 351.123833215896 48.36911965932 0 0
 353.286244788047 45.0279753732152 0 0
 355.448291776 32.4501553692101 0 0
 357.609980136993 32.6905284418684 0 0
 359.771315828264 32.7123047251015 0 0
 361.932304807051 37.2503907016652 0 0
 364.092953030592 58.9789315542101 0 0
 366.253266456125 56.4207690695436 0 0
 368.413251040888 28.111524510342 0 0
 370.572912742119 20.7880730942209 0 0
 372.732257517056 12.9578954020156 0 0
 374.891291322937 5.04153381413096 0 0
 377.050020117 12.8546296062378 0 0
 379.208449856483 6.77335928178619 0 0
 381.366586498624 1.87713988930577 0 0
 383.524436000661 10.5041183873524 0 0
 385.682004319832 2.95745719045542 0 0
 387.839297413375 0.805869725495639 0 0
 389.996321238528 9.10606993511282 0 0
 392.153081752529 0.559493679129033 0 0
 394.309584912616 0.828988605707534 0 0
 396.465836676027 7.90271705196472 0 0
 398.621843 1.66020232116689 0 0
 400.777609841773 16.3981739794895 0 0
 402.933143158584 44.4513279556148 0 0
 405.088448907671 43.3915075862728 0 0
 407.243533046272 33.5538137092036 0 0
 409.398401531625 17.7525778421234 0 0
 411.553060320968 3.61775218924273 0 0
 413.707515371539 8.06302004272351 0 0
 415.861772640576 10.5607285917652 0 0
 418.015838085317 7.76067339726269 0 0
 420.169717663 17.9346501675849 0 0
 422.323417330863 23.0847888517769 0 0
 424.476943046144 26.6857592486224 0 0
 426.630300766081 43.4129546169228 0 0
 428.783496447912 58.041599344626 0 0
 430.936536048875 88.560896650186 0 0
 433.089425526208 176.455505108465 0 0
 435.242170837149 252.410748836797 0 0
 437.394777938936 274.165435976507 0 0
 439.547252788807 263.014173767566 0 0
 441.699601344 288.915907834315 0 0
 443.851829561753 349.36719044138 0 0
 446.003943399304 416.333112986779 0 0
 448.155948813891 446.684680015864 0 0
 450.307851762752 441.836394387587 0 0
 452.459658203125 401.879844371391 0 0
 454.611374092248 333.210574205264 0 0
 456.763005387359 276.630619921416 0 0
 458.914558045696 235.300233763217 0 0
 461.066038024497 198.100383704866 0 0
 463.217451281 178.670718789189 0 0
 465.368803772443 158.173409584758 0 0
 467.520101456064 129.26248919951 0 0
 469.671350289101 114.187678247056 0 0
 471.822556228792 97.3168470058726 0 0
 473.973725232375 79.4550635433765 0 0
 476.124863257088 79.2434005319807 0 0
 478.275976260169 73.6794523981504 0 0
 480.427070198856 67.1521312581302 0 0
 482.578151030387 74.1690800622927 0 0
 484.729224712 71.2864143601188 0 0
 486.880297200933 69.5965540239398 0 0
 489.031374454424 80.2503837204913 0 0
 491.182462429711 79.2308665202567 0 0
 493.333567084032 82.4495949141143 0 0
 495.484694374625 94.502758405044 0 0
 497.635850258728 93.304371337645 0 0
 499.787040693579 98.8523185750732 0 0
 501.938271636416 109.509679788219 0 0
 504.089549044477 -NAN 0 0
 506.240878875 -NAN 0 0
 508.392267085223 -NAN 0 0
 510.543719632384 -NAN 0 0
 512.695242473721 -NAN 0 0
 514.846841566472 -NAN 0 0
 516.998522867875 -NAN 0 0
 519.150292335168 -NAN 0 0
 521.302155925589 -NAN 0 0
 523.454119596376 -NAN 0 0
 525.606189304767 -NAN 0 0
 527.758371008 -NAN 0 0
 529.910670663313 -NAN 0 0
 532.063094227944 -NAN 0 0
 534.215647659131 -NAN 0 0
 536.368336914112 -NAN 0 0
 538.521167950125 -NAN 0 0
 540.674146724408 -NAN 0 0
 542.827279194199 -NAN 0 0
 544.980571316736 -NAN 0 0
 547.134029049257 -NAN 0 0
 549.287658349 -NAN 0 0
 551.441465173203 -NAN 0 0
 553.595455479104 -NAN 0 0
 555.749635223941 -NAN 0 0
 557.904010364952 -NAN 0 0
 560.058586859375 -NAN 0 0
 562.213370664448 -NAN 0 0
 564.368367737409 -NAN 0 0
 566.523584035496 -NAN 0 0
 568.679025515947 -NAN 0 0
 570.834698136 -NAN 0 0
 572.990607852893 -NAN 0 0
 575.146760623864 -NAN 0 0
 577.303162406151 -NAN 0 0
 579.459819156992 -NAN 0 0
 581.616736833625 -NAN 0 0
 583.773921393288 -NAN 0 0
 585.931378793219 -NAN 0 0
 588.089114990656 -NAN 0 0
 590.247135942837 -NAN 0 0
 592.405447607 -NAN 0 0
 594.564055940383 -NAN 0 0
 596.722966900224 -NAN 0 0
 598.882186443761 -NAN 0 0
 601.041720528232 -NAN 0 0
 603.201575110875 -NAN 0 0
 605.361756148928 -NAN 0 0
 607.522269599629 -NAN 0 0
 609.683121420216 -NAN 0 0
 611.844317567927 -NAN 0 0
 614.005864 -NAN 0 0
 616.167766673673 -NAN 0 0
 618.330031546184 -NAN 0 0
 620.492664574771 -NAN 0 0
 622.655671716672 -NAN 0 0
 624.819058929125 -NAN 0 0
 626.982832169368 -NAN 0 0
 629.146997394639 -NAN 0 0
 631.311560562176 -NAN 0 0
 633.476527629217 -NAN 0 0
 635.641904553 -NAN 0 0
 637.807697290763 -NAN 0 0
 639.973911799744 -NAN 0 0
 642.140554037181 -NAN 0 0
 644.307629960312 -NAN 0 0
 646.475145526375 -NAN 0 0
 648.643106692608 -NAN 0 0
 650.811519416249 -NAN 0 0
 652.980389654536 -NAN 0 0
 655.149723364707 -NAN 0 0
 657.319526504 -NAN 0 0
 659.489805029653 -NAN 0 0
 661.660564898904 -NAN 0 0
 663.831812068991 -NAN 0 0
 666.003552497152 -NAN 0 0
 668.175792140625 -NAN 0 0
 670.348536956648 -NAN 0 0
 672.521792902459 -NAN 0 0
 674.695565935296 -NAN 0 0
 676.869862012397 -NAN 0 0
 679.044687091 -NAN 0 0
 681.220047128343 -NAN 0 0
 683.395948081664 -NAN 0 0
 685.572395908201 -NAN 0 0
 687.749396565192 -NAN 0 0
 689.926956009875 -NAN 0 0
 692.105080199488 -NAN 0 0
 694.283775091269 -NAN 0 0
 696.463046642456 -NAN 0 0
 698.642900810287 -NAN 0 0
 700.823343552 -NAN 0 0
 703.004380824833 -NAN 0 0
 705.186018586024 -NAN 0 0
 707.368262792811 -NAN 0 0
 709.551119402432 -NAN 0 0
 711.734594372125 -NAN 0 0
 713.918693659128 -NAN 0 0
 716.103423220679 -NAN 0 0
 718.288789014016 -NAN 0 0
 720.474796996377 -NAN 0 0
 722.661453125 -NAN 0 0
 724.848763357123 -NAN 0 0
 727.036733649984 -NAN 0 0
 729.225369960821 -NAN 0 0
 731.414678246872 -NAN 0 0
 733.604664465375 -NAN 0 0
 735.795334573568 -NAN 0 0
[END] of [DATA]
[END] of Spectrum


[Spectrum]
Version            = 1
IDData             = 12ad_2026-06-09_15-32-00_000_599
IDDevice           = SAM_82E6
IDDataType         = SPECTRUM
IDDataTypeSub1     = CALIBRATED
IDDataTypeSub2     = 
IDDataTypeSub3     = 
DateTime           = 2026-06-09 15:32:00
PositionLatitude   = 0
PositionLongitude  = 0
Comment            = 20260609_FrameE
CommentSub1        = UV
CommentSub2        = right
CommentSub3        = 50cm
IDMethodType       = SAM Control
MethodName         = SAM_82E6
Mission            = No Mission
MissionSub         = 1
RecordType         = 0
[Attributes]
CalFactor = 1
IDBasisSpec = 
IDDataBack = DLAB_2024-11-11_10-40-48_641_639
IDDataCal = DLAB_2024-11-12_11-45-27_171_455
IntegrationTime = 256
P31 = -1
P31e = 0
PathLength = +INF
PathLengthCustomOn = 0
RAWDynamic = 65535
Salinity = 0
Temperature = -NAN
Unit1 = $01 $01 Wavelength nm
Unit2 = $03 $06 Intensity mW/(m^2 nm)
Unit3 = $f0 $06 Error mW/(m^2 nm)
Unit4 = $f1 $00 Status 
p999 = 7915
[END] of [Attributes]
[DATA]
 0 7 0 0
 185.260577530984 -NAN 0 0
 187.468128380571 -NAN 0 0
 189.674861895872 -NAN 0 0
 191.880784034125 -NAN 0 0
 194.085900752568 -NAN 0 0
 196.290218008439 -NAN 0 0
 198.493741758976 -NAN 0 0
 200.696477961417 -NAN 0 0
 202.898432573 -NAN 0 0
 205.099611550963 -NAN 0 0
 207.300020852544 -NAN 0 0
 209.499666434981 -NAN 0 0
 211.698554255512 -NAN 0 0
 213.896690271375 -NAN 0 0
 216.094080439808 -NAN 0 0
 218.290730718049 -NAN 0 0
 220.486647063336 -NAN 0 0
 222.681835432907 -NAN 0 0
 224.876301784 -NAN 0 0
 227.070052073853 -NAN 0 0
 229.263092259704 -NAN 0 0
 231.455428298791 -NAN 0 0
 233.647066148352 -NAN 0 0
 235.838011765625 -NAN 0 0
 238.028271107848 -NAN 0 0
 240.217850132259 -NAN 0 0
 242.406754796096 -NAN 0 0
 244.594991056597 -NAN 0 0
 246.782564871 -NAN 0 0
 248.969482196543 -NAN 0 0
 251.155748990464 -NAN 0 0
 253.341371210001 -NAN 0 0
 255.526354812392 -NAN 0 0
 257.710705754875 -NAN 0 0
 259.894429994688 -NAN 0 0
 262.077533489069 -NAN 0 0
 264.260022195256 -NAN 0 0
 266.441902070487 -NAN 0 0
 268.623179072 -NAN 0 0
 270.803859157033 -NAN 0 0
 272.983948282824 -NAN 0 0
 275.163452406611 -NAN 0 0
 277.342377485632 -NAN 0 0
 279.520729477125 9.11878394337849 0 0
 281.698514338328 25.0732328910683 0 0
 283.875738026479 31.7304788361237 0 0
 286.052406498816 43.3331744646724 0 0
 288.228525712577 71.85021306714 0 0
 290.404101625 92.1382437907125 0 0
 292.579140193323 121.278639346475 0 0
 294.753647374784 167.316394731958 0 0
 296.927629126621 191.323354074688 0 0
 299.101091406072 224.117558130628 0 0
 301.274040170375 266.40384174707 0 0
 303.446481376768 277.682388038948 0 0
 305.618420982489 299.590482372462 0 0
 307.789864944776 316.270243900986 0 0
 309.960819220867 325.284710587524 0 0
 312.131289768 344.295216973579 0 0
 314.301282543413 333.279413969382 0 0
 316.470803504344 296.076607611619 0 0
 318.639858608031 277.957377209719 0 0
 320.808453811712 255.282247576894 0 0
 322.976595072625 231.591017212615 0 0
 325.144288348008 219.593269198745 0 0
 327.311539595099 197.160661717818 0 0
 329.478354771136 171.781869568064 0 0
 331.644739833357 163.840220284976 0 0
 333.810700739 144.311064595749 0 0
 335.976243445303 122.754896776637 0 0
 338.141373909504 115.585850445817 0 0
 340.306098088841 95.7509282463568 0 0
 342.470421940552 81.1744533107844 0 0
 344.634351421875 78.5229768210766 0 0
 346.797892490048 62.0443110568236 0 0
 348.961051102309 52.8406039480229 0 0
 351.123833215896 51.9585203869839 0 0
 353.286244788047 38.4554688181722 0 0
 355.448291776 34.3503259107845 0 0
 357.609980136993 34.8808988624279 0 0
 359.771315828264 26.4904876651317 0 0
 361.932304807051 40.5341055442863 0 0
 364.092953030592 59.398361674849 0 0
 366.253266456125 49.4973425721767 0 0
 368.413251040888 32.980728960196 0 0
 370.572912742119 20.0790649923277 0 0
 372.732257517056 6.65646602296466 0 0
 374.891291322937 11.8210106234721 0 0
 377.050020117 10.3999250048953 0 0
 379.208449856483 1.46177175286645 0 0
 381.366586498624 9.75397601018208 0 0
 383.524436000661 6.37615009980553 0 0
 385.682004319832 -0.392902647273223 0 0
 387.839297413375 8.8430556661022 0 0
 389.996321238528 3.72415706758248 0 0
 392.153081752529 -0.723365924075533 0 0
 394.309584912616 8.18376351885555 0 0
 396.465836676027 1.86472612527205 0 0
 398.621843 2.24865996435385 0 0
 400.777609841773 22.2770954955559 0 0
 402.933143158584 37.1091299242811 0 0
 405.088448907671 44.4780711506834 0 0
 407.243533046272 37.0744637253142 0 0
 409.398401531625 11.5267036878635 0 0
 411.553060320968 6.90622350197996 0 0
 413.707515371539 10.4425869476747 0 0
 415.861772640576 5.29081787481585 0 0
 418.015838085317 11.8769175128255 0 0
 420.169717663 18.6266661608995 0 0
 422.323417330863 18.5797253899777 0 0
 424.476943046144 31.0099030461337 0 0
 426.630300766081 42.7470040143072 0 0
 428.783496447912 54.3338024054459 0 0
 430.936536048875 92.4786943350703 0 0
 433.089425526208 172.712279887527 0 0
 435.242170837149 246.62243350776 0 0
 437.394777938936 275.836379184932 0 0
 439.547252788807 259.31104456501 0 0
 441.699601344 287.13515386752 0 0
 443.851829561753 353.926963793977 0 0
 446.003943399304 412.716225043008 0 0
 448.155948813891 446.449970871365 0 0
 450.307851762752 446.546114664193 0 0
 452.459658203125 397.430315270783 0 0
 454.611374092248 334.188630946674 0 0
 456.763005387359 280.938336428955 0 0
 458.914558045696 230.281634684594 0 0
 461.066038024497 200.441277898113 0 0
 463.217451281 181.907654353381 0 0
 465.368803772443 152.723111587958 0 0
 467.520101456064 133.09192530696 0 0
 469.671350289101 115.866092934787 0 0
 471.822556228792 91.692421294923 0 0
 473.973725232375 84.3334567024223 0 0
 476.124863257088 79.3856665199674 0 0
 478.275976260169 68.4715982435355 0 0
 480.427070198856 72.8689927025699 0 0
 482.578151030387 72.6047994957289 0 0
 484.729224712 66.883631715344 0 0
 486.880297200933 75.7807573695503 0 0
 489.031374454424 77.2824213814237 0 0
 491.182462429711 76.2683919951104 0 0
 493.333567084032 88.7649680086184 0 0
 495.484694374625 90.5408559735593 0 0
 497.635850258728 92.1814574751657 0 0
 499.787040693579 104.872524983174 0 0
 501.938271636416 104.940557256762 0 0
 504.089549044477 -NAN 0 0
 506.240878875 -NAN 0 0
 508.392267085223 -NAN 0 0
 510.543719632384 -NAN 0 0
 512.695242473721 -NAN 0 0
 514.846841566472 -NAN 0 0
 516.998522867875 -NAN 0 0
 519.150292335168 -NAN 0 0
 521.302155925589 -NAN 0 0
 523.454119596376 -NAN 0 0
 525.606189304767 -NAN 0 0
 527.758371008 -NAN 0 0
 529.910670663313 -NAN 0 0
 532.063094227944 -NAN 0 0
 534.215647659131 -NAN 0 0
 536.368336914112 -NAN 0 0
 538.521167950125 -NAN 0 0
 540.674146724408 -NAN 0 0
 542.827279194199 -NAN 0 0
 544.980571316736 -NAN 0 0
 547.134029049257 -NAN 0 0
 549.287658349 -NAN 0 0
 551.441465173203 -NAN 0 0
 553.595455479104 -NAN 0 0
 555.749635223941 -NAN 0 0
 557.904010364952 -NAN 0 0
 560.058586859375 -NAN 0 0
 562.213370664448 -NAN 0 0
 564.368367737409 -NAN 0 0
 566.523584035496 -NAN 0 0
 568.679025515947 -NAN 0 0
 570.834698136 -NAN 0 0
 572.990607852893 -NAN 0 0
 575.146760623864 -NAN 0 0
 577.303162406151 -NAN 0 0
 579.459819156992 -NAN 0 0
 581.616736833625 -NAN 0 0
 583.773921393288 -NAN 0 0
 585.931378793219 -NAN 0 0
 588.089114990656 -NAN 0 0
 590.247135942837 -NAN 0 0
 592.405447607 -NAN 0 0
 594.564055940383 -NAN 0 0
 596.722966900224 -NAN 0 0
 598.882186443761 -NAN 0 0
 601.041720528232 -NAN 0 0
 603.201575110875 -NAN 0 0
 605.361756148928 -NAN 0 0
 607.522269599629 -NAN 0 0
 609.683121420216 -NAN 0 0
 611.844317567927 -NAN 0 0
 614.005864 -NAN 0 0
 616.167766673673 -NAN 0 0
 618.330031546184 -NAN 0 0
 620.492664574771 -NAN 0 0
 622.655671716672 -NAN 0 0
 624.819058929125 -NAN 0 0
 626.982832169368 -NAN 0 0
 629.146997394639 -NAN 0 0
 631.311560562176 -NAN 0 0
 633.476527629217 -NAN 0 0
 635.641904553 -NAN 0 0
 637.807697290763 -NAN 0 0
 639.973911799744 -NAN 0 0
 642.140554037181 -NAN 0 0
 644.307629960312 -NAN 0 0
 646.475145526375 -NAN 0 0
 648.643106692608 -NAN 0 0
 650.811519416249 -NAN 0 0
 652.980389654536 -NAN 0 0
 655.149723364707 -NAN 0 0
 657.319526504 -NAN 0 0
 659.489805029653 -NAN 0 0
 661.660564898904 -NAN 0 0
 663.831812068991 -NAN 0 0
 666.003552497152 -NAN 0 0
 668.175792140625 -NAN 0 0
 670.348536956648 -NAN 0 0
 672.521792902459 -NAN 0 0
 674.695565935296 -NAN 0 0
 676.869862012397 -NAN 0 0
 679.044687091 -NAN 0 0
 681.220047128343 -NAN 0 0
 683.395948081664 -NAN 0 0
 685.572395908201 -NAN 0 0
 687.749396565192 -NAN 0 0
 689.926956009875 -NAN 0 0
 692.105080199488 -NAN 0 0
 694.283775091269 -NAN 0 0
 696.463046642456 -NAN 0 0
 698.642900810287 -NAN 0 0
 700.823343552 -NAN 0 0
 703.004380824833 -NAN 0 0
 705.186018586024 -NAN 0 0
 707.368262792811 -NAN 0 0
 709.551119402432 -NAN 0 0
 711.734594372125 -NAN 0 0
 713.918693659128 -NAN 0 0
 716.103423220679 -NAN 0 0
 718.288789014016 -NAN 0 0
 720.474796996377 -NAN 0 0
 722.661453125 -NAN 0 0
 724.848763357123 -NAN 0 0
 727.036733649984 -NAN 0 0
 729.225369960821 -NAN 0 0
 731.414678246872 -NAN 0 0
 733.604664465375 -NAN 0 0
 735.795334573568 -NAN 0 0
[END] of [DATA]
[END] of Spectrum


[Spectrum]
Version            = 1
IDData             = 12ad_2026-06-09_15-31-55_000_596
IDDevice           = SAM_82E6
IDDataType         = SPECTRUM
IDDataTypeSub1     = CALIBRATED
IDDataTypeSub2     = 
IDDataTypeSub3     = 
DateTime           = 2026-06-09 15:31:55
PositionLatitude   = 0
PositionLongitude  = 0
Comment            = 20260609_FrameE
CommentSub1        = UV
CommentSub2        = right
CommentSub3        = 50cm
IDMethodType       = SAM Control
MethodName         = SAM_82E6
Mission            = No Mission
MissionSub         = 1
RecordType         = 0
[Attributes]
CalFactor = 1
IDBasisSpec = 
IDDataBack = DLAB_2024-11-11_10-40-48_641_639
IDDataCal = DLAB_2024-11-12_11-45-27_171_455
IntegrationTime = 256
P31 = -1
P31e = 0
PathLength = +INF
PathLengthCustomOn = 0
RAWDynamic = 65535
Salinity = 0
Temperature = -NAN
Unit1 = $01 $01 Wavelength nm
Unit2 = $03 $06 Intensity mW/(m^2 nm)
Unit3 = $f0 $06 Error mW/(m^2 nm)
Unit4 = $f1 $00 Status 
p999 = 7914
[END] of [Attributes]
[DATA]
 0 7 0 0
 185.260577530984 -NAN 0 0
 187.468128380571 -NAN 0 0
 189.674861895872 -NAN 0 0
 191.880784034125 -NAN 0 0
 194.085900752568 -NAN 0 0
 196.290218008439 -NAN 0 0
 198.493741758976 -NAN 0 0
 200.696477961417 -NAN 0 0
 202.898432573 -NAN 0 0
 205.099611550963 -NAN 0 0
 207.300020852544 -NAN 0 0
 209.499666434981 -NAN 0 0
 211.698554255512 -NAN 0 0
 213.896690271375 -NAN 0 0
 216.094080439808 -NAN 0 0
 218.290730718049 -NAN 0 0
 220.486647063336 -NAN 0 0
 222.681835432907 -NAN 0 0
 224.876301784 -NAN 0 0
 227.070052073853 -NAN 0 0
 229.263092259704 -NAN 0 0
 231.455428298791 -NAN 0 0
 233.647066148352 -NAN 0 0
 235.838011765625 -NAN 0 0
 238.028271107848 -NAN 0 0
 240.217850132259 -NAN 0 0
 242.406754796096 -NAN 0 0
 244.594991056597 -NAN 0 0
 246.782564871 -NAN 0 0
 248.969482196543 -NAN 0 0
 251.155748990464 -NAN 0 0
 253.341371210001 -NAN 0 0
 255.526354812392 -NAN 0 0
 257.710705754875 -NAN 0 0
 259.894429994688 -NAN 0 0
 262.077533489069 -NAN 0 0
 264.260022195256 -NAN 0 0
 266.441902070487 -NAN 0 0
 268.623179072 -NAN 0 0
 270.803859157033 -NAN 0 0
 272.983948282824 -NAN 0 0
 275.163452406611 -NAN 0 0
 277.342377485632 -NAN 0 0
 279.520729477125 10.2675914458827 0 0
 281.698514338328 25.3262226949506 0 0
 283.875738026479 28.3053279502871 0 0
 286.052406498816 44.136786142527 0 0
 288.228525712577 70.1675062860117 0 0
 290.404101625 87.3418577783378 0 0
 292.579140193323 120.536503951085 0 0
 294.753647374784 162.629130924046 0 0
 296.927629126621 184.975753684243 0 0
 299.101091406072 221.012521449076 0 0
 301.274040170375 259.046633348836 0 0
 303.446481376768 270.138099653354 0 0
 305.618420982489 294.872049171795 0 0
 307.789864944776 307.82858992507 0 0
 309.960819220867 317.080561573848 0 0
 312.131289768 338.780922432139 0 0
 314.301282543413 324.200831943548 0 0
 316.470803504344 289.352656162303 0 0
 318.639858608031 273.841416430626 0 0
 320.808453811712 247.441383203691 0 0
 322.976595072625 227.091809808996 0 0
 325.144288348008 216.676280350175 0 0
 327.311539595099 190.240442452286 0 0
 329.478354771136 169.338752167209 0 0
 331.644739833357 161.435207970957 0 0
 333.810700739 138.04308998511 0 0
 335.976243445303 121.440059227537 0 0
 338.141373909504 113.342312684811 0 0
 340.306098088841 90.8708067700143 0 0
 342.470421940552 81.0035702199546 0 0
 344.634351421875 76.2763675119406 0 0
 346.797892490048 58.4946667422404 0 0
 348.961051102309 53.4287040087611 0 0
 351.123833215896 49.7269687417015 0 0
 353.286244788047 36.0854409463537 0 0
 355.448291776 35.5362517653476 0 0
 357.609980136993 32.92932218608 0 0
 359.771315828264 24.9367812526282 0 0
 361.932304807051 42.0905896738349 0 0
 364.092953030592 56.9749249212785 0 0
 366.253266456125 48.44104852362 0 0
 368.413251040888 34.8628252899354 0 0
 370.572912742119 17.9821845209183 0 0
 372.732257517056 7.14370003043294 0 0
 374.891291322937 13.9808974839989 0 0
 377.050020117 8.05971350943171 0 0
 379.208449856483 2.79054328723855 0 0
 381.366586498624 11.4265759113316 0 0
 383.524436000661 3.69641720045295 0 0
 385.682004319832 1.27765461420514 0 0
 387.839297413375 9.71655502835587 0 0
 389.996321238528 0.987198377152393 0 0
 392.153081752529 1.18114982000047 0 0
 394.309584912616 8.04262711327275 0 0
 396.465836676027 -0.630350281011073 0 0
 398.621843 4.32053507108766 0 0
 400.777609841773 20.9135186324665 0 0
 402.933143158584 34.0580654968304 0 0
 405.088448907671 45.2796344359044 0 0
 407.243533046272 34.8879422626344 0 0
 409.398401531625 9.8509254692926 0 0
 411.553060320968 9.04541186725041 0 0
 413.707515371539 9.03457488334545 0 0
 415.861772640576 4.71672573222187 0 0
 418.015838085317 13.9426576940446 0 0
 420.169717663 17.3112208585018 0 0
 422.323417330863 18.6827270441698 0 0
 424.476943046144 32.7394718010245 0 0
 426.630300766081 41.4535147362521 0 0
 428.783496447912 54.8534924845648 0 0
 430.936536048875 93.3204296037862 0 0
 433.089425526208 169.444294896867 0 0
 435.242170837149 244.288325821401 0 0
 437.394777938936 273.868894512586 0 0
 439.547252788807 256.504883864285 0 0
 441.699601344 287.760246593921 0 0
 443.851829561753 354.171797884043 0 0
 446.003943399304 411.056862732672 0 0
 448.155948813891 447.56736188265 0 0
 450.307851762752 446.2011710537 0 0
 452.459658203125 395.842157127139 0 0
 454.611374092248 335.664987865525 0 0
 456.763005387359 280.090460669907 0 0
 458.914558045696 228.857943407741 0 0
 461.066038024497 202.34405043604 0 0
 463.217451281 180.781244400111 0 0
 465.368803772443 151.806372203777 0 0
 467.520101456064 135.265562722726 0 0
 469.671350289101 114.555727904476 0 0
 471.822556228792 91.4612355913245 0 0
 473.973725232375 86.5284858780363 0 0
 476.124863257088 77.8960253772747 0 0
 478.275976260169 68.8466437523763 0 0
 480.427070198856 74.808771407975 0 0
 482.578151030387 71.0427512239444 0 0
 484.729224712 67.8844419345078 0 0
 486.880297200933 77.2757718891141 0 0
 489.031374454424 75.4647192815876 0 0
 491.182462429711 77.6203525653986 0 0
 493.333567084032 89.7018364897158 0 0
 495.484694374625 88.5336175158145 0 0
 497.635850258728 93.4897865235355 0 0
 499.787040693579 105.024185261987 0 0
 501.938271636416 102.959761115166 0 0
 504.089549044477 -NAN 0 0
 506.240878875 -NAN 0 0
 508.392267085223 -NAN 0 0
 510.543719632384 -NAN 0 0
 512.695242473721 -NAN 0 0
 514.846841566472 -NAN 0 0
 516.998522867875 -NAN 0 0
 519.150292335168 -NAN 0 0
 521.302155925589 -NAN 0 0
 523.454119596376 -NAN 0 0
 525.606189304767 -NAN 0 0
 527.758371008 -NAN 0 0
 529.910670663313 -NAN 0 0
 532.063094227944 -NAN 0 0
 534.215647659131 -NAN 0 0
 536.368336914112 -NAN 0 0
 538.521167950125 -NAN 0 0
 540.674146724408 -NAN 0 0
 542.827279194199 -NAN 0 0
 544.980571316736 -NAN 0 0
 547.134029049257 -NAN 0 0
 549.287658349 -NAN 0 0
 551.441465173203 -NAN 0 0
 553.595455479104 -NAN 0 0
 555.749635223941 -NAN 0 0
 557.904010364952 -NAN 0 0
 560.058586859375 -NAN 0 0
 562.213370664448 -NAN 0 0
 564.368367737409 -NAN 0 0
 566.523584035496 -NAN 0 0
 568.679025515947 -NAN 0 0
 570.834698136 -NAN 0 0
 572.990607852893 -NAN 0 0
 575.146760623864 -NAN 0 0
 577.303162406151 -NAN 0 0
 579.459819156992 -NAN 0 0
 581.616736833625 -NAN 0 0
 583.773921393288 -NAN 0 0
 585.931378793219 -NAN 0 0
 588.089114990656 -NAN 0 0
 590.247135942837 -NAN 0 0
 592.405447607 -NAN 0 0
 594.564055940383 -NAN 0 0
 596.722966900224 -NAN 0 0
 598.882186443761 -NAN 0 0
 601.041720528232 -NAN 0 0
 603.201575110875 -NAN 0 0
 605.361756148928 -NAN 0 0
 607.522269599629 -NAN 0 0
 609.683121420216 -NAN 0 0
 611.844317567927 -NAN 0 0
 614.005864 -NAN 0 0
 616.167766673673 -NAN 0 0
 618.330031546184 -NAN 0 0
 620.492664574771 -NAN 0 0
 622.655671716672 -NAN 0 0
 624.819058929125 -NAN 0 0
 626.982832169368 -NAN 0 0
 629.146997394639 -NAN 0 0
 631.311560562176 -NAN 0 0
 633.476527629217 -NAN 0 0
 635.641904553 -NAN 0 0
 637.807697290763 -NAN 0 0
 639.973911799744 -NAN 0 0
 642.140554037181 -NAN 0 0
 644.307629960312 -NAN 0 0
 646.475145526375 -NAN 0 0
 648.643106692608 -NAN 0 0
 650.811519416249 -NAN 0 0
 652.980389654536 -NAN 0 0
 655.149723364707 -NAN 0 0
 657.319526504 -NAN 0 0
 659.489805029653 -NAN 0 0
 661.660564898904 -NAN 0 0
 663.831812068991 -NAN 0 0
 666.003552497152 -NAN 0 0
 668.175792140625 -NAN 0 0
 670.348536956648 -NAN 0 0
 672.521792902459 -NAN 0 0
 674.695565935296 -NAN 0 0
 676.869862012397 -NAN 0 0
 679.044687091 -NAN 0 0
 681.220047128343 -NAN 0 0
 683.395948081664 -NAN 0 0
 685.572395908201 -NAN 0 0
 687.749396565192 -NAN 0 0
 689.926956009875 -NAN 0 0
 692.105080199488 -NAN 0 0
 694.283775091269 -NAN 0 0
 696.463046642456 -NAN 0 0
 698.642900810287 -NAN 0 0
 700.823343552 -NAN 0 0
 703.004380824833 -NAN 0 0
 705.186018586024 -NAN 0 0
 707.368262792811 -NAN 0 0
 709.551119402432 -NAN 0 0
 711.734594372125 -NAN 0 0
 713.918693659128 -NAN 0 0
 716.103423220679 -NAN 0 0
 718.288789014016 -NAN 0 0
 720.474796996377 -NAN 0 0
 722.661453125 -NAN 0 0
 724.848763357123 -NAN 0 0
 727.036733649984 -NAN 0 0
 729.225369960821 -NAN 0 0
 731.414678246872 -NAN 0 0
 733.604664465375 -NAN 0 0
 735.795334573568 -NAN 0 0
[END] of [DATA]
[END] of Spectrum


[Spectrum]
Version            = 1
IDData             = 12ad_2026-06-09_15-31-50_000_593
IDDevice           = SAM_82E6
IDDataType         = SPECTRUM
IDDataTypeSub1     = CALIBRATED
IDDataTypeSub2     = 
IDDataTypeSub3     = 
DateTime           = 2026-06-09 15:31:50
PositionLatitude   = 0
PositionLongitude  = 0
Comment            = 20260609_FrameE
CommentSub1        = UV
CommentSub2        = right
CommentSub3        = 50cm
IDMethodType       = SAM Control
MethodName         = SAM_82E6
Mission            = No Mission
MissionSub         = 1
RecordType         = 0
[Attributes]
CalFactor = 1
IDBasisSpec = 
IDDataBack = DLAB_2024-11-11_10-40-48_641_639
IDDataCal = DLAB_2024-11-12_11-45-27_171_455
IntegrationTime = 256
P31 = -1
P31e = 0
PathLength = +INF
PathLengthCustomOn = 0
RAWDynamic = 65535
Salinity = 0
Temperature = -NAN
Unit1 = $01 $01 Wavelength nm
Unit2 = $03 $06 Intensity mW/(m^2 nm)
Unit3 = $f0 $06 Error mW/(m^2 nm)
Unit4 = $f1 $00 Status 
p999 = 7913
[END] of [Attributes]
[DATA]
 0 7 0 0
 185.260577530984 -NAN 0 0
 187.468128380571 -NAN 0 0
 189.674861895872 -NAN 0 0
 191.880784034125 -NAN 0 0
 194.085900752568 -NAN 0 0
 196.290218008439 -NAN 0 0
 198.493741758976 -NAN 0 0
 200.696477961417 -NAN 0 0
 202.898432573 -NAN 0 0
 205.099611550963 -NAN 0 0
 207.300020852544 -NAN 0 0
 209.499666434981 -NAN 0 0
 211.698554255512 -NAN 0 0
 213.896690271375 -NAN 0 0
 216.094080439808 -NAN 0 0
 218.290730718049 -NAN 0 0
 220.486647063336 -NAN 0 0
 222.681835432907 -NAN 0 0
 224.876301784 -NAN 0 0
 227.070052073853 -NAN 0 0
 229.263092259704 -NAN 0 0
 231.455428298791 -NAN 0 0
 233.647066148352 -NAN 0 0
 235.838011765625 -NAN 0 0
 238.028271107848 -NAN 0 0
 240.217850132259 -NAN 0 0
 242.406754796096 -NAN 0 0
 244.594991056597 -NAN 0 0
 246.782564871 -NAN 0 0
 248.969482196543 -NAN 0 0
 251.155748990464 -NAN 0 0
 253.341371210001 -NAN 0 0
 255.526354812392 -NAN 0 0
 257.710705754875 -NAN 0 0
 259.894429994688 -NAN 0 0
 262.077533489069 -NAN 0 0
 264.260022195256 -NAN 0 0
 266.441902070487 -NAN 0 0
 268.623179072 -NAN 0 0
 270.803859157033 -NAN 0 0
 272.983948282824 -NAN 0 0
 275.163452406611 -NAN 0 0
 277.342377485632 -NAN 0 0
 279.520729477125 12.6150192423277 0 0
 281.698514338328 15.3177630116457 0 0
 283.875738026479 35.555265962196 0 0
 286.052406498816 43.6852536550604 0 0
 288.228525712577 59.5612242079416 0 0
 290.404101625 94.9250480328578 0 0
 292.579140193323 115.848294406793 0 0
 294.753647374784 152.040527385425 0 0
 296.927629126621 189.791524917558 0 0
 299.101091406072 212.318895430299 0 0
 301.274040170375 249.004951860259 0 0
 303.446481376768 271.784026920395 0 0
 305.618420982489 282.961702118258 0 0
 307.789864944776 298.626412137331 0 0
 309.960819220867 317.230779147832 0 0
 312.131289768 324.151528832862 0 0
 314.301282543413 316.691452151958 0 0
 316.470803504344 289.555468180217 0 0
 318.639858608031 258.308954968907 0 0
 320.808453811712 243.613129925135 0 0
 322.976595072625 228.008666576354 0 0
 325.144288348008 200.661354689606 0 0
 327.311539595099 190.457409394623 0 0
 329.478354771136 169.706149426272 0 0
 331.644739833357 146.558034229143 0 0
 333.810700739 141.965662359226 0 0
 335.976243445303 120.739393999603 0 0
 338.141373909504 101.087470429703 0 0
 340.306098088841 97.0084536386058 0 0
 342.470421940552 78.5810896219835 0 0
 344.634351421875 66.9893763291983 0 0
 346.797892490048 65.3161203561424 0 0
 348.961051102309 49.6028731318248 0 0
 351.123833215896 43.4145936588083 0 0
 353.286244788047 42.8613108315527 0 0
 355.448291776 30.4870581496385 0 0
 357.609980136993 28.8184289841598 0 0
 359.771315828264 31.5915279290969 0 0
 361.932304807051 35.1772746264709 0 0
 364.092953030592 54.3883450925201 0 0
 366.253266456125 54.5942971049856 0 0
 368.413251040888 25.9318084389272 0 0
 370.572912742119 17.9306888040403 0 0
 372.732257517056 13.3362029312413 0 0
 374.891291322937 3.61639838172609 0 0
 377.050020117 10.7468529100584 0 0
 379.208449856483 7.82154240895281 0 0
 381.366586498624 0.328200732854627 0 0
 383.524436000661 9.2278520688063 0 0
 385.682004319832 4.4452416906737 0 0
 387.839297413375 -0.593996243533762 0 0
 389.996321238528 8.46414531539173 0 0
 392.153081752529 1.92352936322864 0 0
 394.309584912616 -0.714648216705287 0 0
 396.465836676027 7.97789826194689 0 0
 398.621843 2.5823625511893 0 0
 400.777609841773 13.6150986461454 0 0
 402.933143158584 41.7962999284043 0 0
 405.088448907671 40.4088322506154 0 0
 407.243533046272 29.4397556677691 0 0
 409.398401531625 17.5279949150534 0 0
 411.553060320968 3.86812381023597 0 0
 413.707515371539 6.62371882140912 0 0
 415.861772640576 11.288422276511 0 0
 418.015838085317 7.92188271904235 0 0
 420.169717663 16.7956381977275 0 0
 422.323417330863 23.7458305791256 0 0
 424.476943046144 26.3999388025999 0 0
 426.630300766081 42.5135112884387 0 0
 428.783496447912 58.5136617035985 0 0
 430.936536048875 86.6046758690491 0 0
 433.089425526208 170.001305592661 0 0
 435.242170837149 243.557843224129 0 0
 437.394777938936 265.210842929869 0 0
 439.547252788807 259.223288854957 0 0
 441.699601344 288.762203245443 0 0
 443.851829561753 348.419661586834 0 0
 446.003943399304 416.111522453973 0 0
 448.155948813891 447.436626695621 0 0
 450.307851762752 440.912937506161 0 0
 452.459658203125 402.065106330405 0 0
 454.611374092248 333.794460291045 0 0
 456.763005387359 275.569432874687 0 0
 458.914558045696 235.814219748201 0 0
 461.066038024497 198.515070946064 0 0
 463.217451281 177.420190818938 0 0
 465.368803772443 158.888012420786 0 0
 467.520101456064 129.457415048078 0 0
 469.671350289101 112.952546896717 0 0
 471.822556228792 97.9683206670768 0 0
 473.973725232375 79.2392492878358 0 0
 476.124863257088 78.06984452213 0 0
 478.275976260169 74.4717707620127 0 0
 480.427070198856 66.4827043262046 0 0
 482.578151030387 73.2270516654466 0 0
 484.729224712 72.1335546684674 0 0
 486.880297200933 68.86386826987 0 0
 489.031374454424 79.5376251870376 0 0
 491.182462429711 80.2081201336414 0 0
 493.333567084032 81.6301829092567 0 0
 495.484694374625 94.1961661509523 0 0
 497.635850258728 94.4124739278786 0 0
 499.787040693579 97.9053931066388 0 0
 501.938271636416 109.715239181343 0 0
 504.089549044477 -NAN 0 0
 506.240878875 -NAN 0 0
 508.392267085223 -NAN 0 0
 510.543719632384 -NAN 0 0
 512.695242473721 -NAN 0 0
 514.846841566472 -NAN 0 0
 516.998522867875 -NAN 0 0
 519.150292335168 -NAN 0 0
 521.302155925589 -NAN 0 0
 523.454119596376 -NAN 0 0
 525.606189304767 -NAN 0 0
 527.758371008 -NAN 0 0
 529.910670663313 -NAN 0 0
 532.063094227944 -NAN 0 0
 534.215647659131 -NAN 0 0
 536.368336914112 -NAN 0 0
 538.521167950125 -NAN 0 0
 540.674146724408 -NAN 0 0
 542.827279194199 -NAN 0 0
 544.980571316736 -NAN 0 0
 547.134029049257 -NAN 0 0
 549.287658349 -NAN 0 0
 551.441465173203 -NAN 0 0
 553.595455479104 -NAN 0 0
 555.749635223941 -NAN 0 0
 557.904010364952 -NAN 0 0
 560.058586859375 -NAN 0 0
 562.213370664448 -NAN 0 0
 564.368367737409 -NAN 0 0
 566.523584035496 -NAN 0 0
 568.679025515947 -NAN 0 0
 570.834698136 -NAN 0 0
 572.990607852893 -NAN 0 0
 575.146760623864 -NAN 0 0
 577.303162406151 -NAN 0 0
 579.459819156992 -NAN 0 0
 581.616736833625 -NAN 0 0
 583.773921393288 -NAN 0 0
 585.931378793219 -NAN 0 0
 588.089114990656 -NAN 0 0
 590.247135942837 -NAN 0 0
 592.405447607 -NAN 0 0
 594.564055940383 -NAN 0 0
 596.722966900224 -NAN 0 0
 598.882186443761 -NAN 0 0
 601.041720528232 -NAN 0 0
 603.201575110875 -NAN 0 0
 605.361756148928 -NAN 0 0
 607.522269599629 -NAN 0 0
 609.683121420216 -NAN 0 0
 611.844317567927 -NAN 0 0
 614.005864 -NAN 0 0
 616.167766673673 -NAN 0 0
 618.330031546184 -NAN 0 0
 620.492664574771 -NAN 0 0
 622.655671716672 -NAN 0 0
 624.819058929125 -NAN 0 0
 626.982832169368 -NAN 0 0
 629.146997394639 -NAN 0 0
 631.311560562176 -NAN 0 0
 633.476527629217 -NAN 0 0
 635.641904553 -NAN 0 0
 637.807697290763 -NAN 0 0
 639.973911799744 -NAN 0 0
 642.140554037181 -NAN 0 0
 644.307629960312 -NAN 0 0
 646.475145526375 -NAN 0 0
 648.643106692608 -NAN 0 0
 650.811519416249 -NAN 0 0
 652.980389654536 -NAN 0 0
 655.149723364707 -NAN 0 0
 657.319526504 -NAN 0 0
 659.489805029653 -NAN 0 0
 661.660564898904 -NAN 0 0
 663.831812068991 -NAN 0 0
 666.003552497152 -NAN 0 0
 668.175792140625 -NAN 0 0
 670.348536956648 -NAN 0 0
 672.521792902459 -NAN 0 0
 674.695565935296 -NAN 0 0
 676.869862012397 -NAN 0 0
 679.044687091 -NAN 0 0
 681.220047128343 -NAN 0 0
 683.395948081664 -NAN 0 0
 685.572395908201 -NAN 0 0
 687.749396565192 -NAN 0 0
 689.926956009875 -NAN 0 0
 692.105080199488 -NAN 0 0
 694.283775091269 -NAN 0 0
 696.463046642456 -NAN 0 0
 698.642900810287 -NAN 0 0
 700.823343552 -NAN 0 0
 703.004380824833 -NAN 0 0
 705.186018586024 -NAN 0 0
 707.368262792811 -NAN 0 0
 709.551119402432 -NAN 0 0
 711.734594372125 -NAN 0 0
 713.918693659128 -NAN 0 0
 716.103423220679 -NAN 0 0
 718.288789014016 -NAN 0 0
 720.474796996377 -NAN 0 0
 722.661453125 -NAN 0 0
 724.848763357123 -NAN 0 0
 727.036733649984 -NAN 0 0
 729.225369960821 -NAN 0 0
 731.414678246872 -NAN 0 0
 733.604664465375 -NAN 0 0
 735.795334573568 -NAN 0 0
[END] of [DATA]
[END] of Spectrum


