[Spectrum]
Version            = 1
IDData             = 12ad_2026-06-05_13-41-45_000_706
IDDevice           = SAM_82E6
IDDataType         = SPECTRUM
IDDataTypeSub1     = CALIBRATED
IDDataTypeSub2     = 
IDDataTypeSub3     = 
DateTime           = 2026-06-05 13:41:45
PositionLatitude   = 0
PositionLongitude  = 0
Comment            = 20260605_FrameB
CommentSub1        = UV
CommentSub2        = centre
CommentSub3        = 39cm
IDMethodType       = SAM Control
MethodName         = SAM_82E6
Mission            = No Mission
MissionSub         = 1
RecordType         = 0
[Attributes]
CalFactor = 1
IDBasisSpec = 
IDDataBack = DLAB_2024-11-11_10-40-48_641_639
IDDataCal = DLAB_2024-11-12_11-45-27_171_455
IntegrationTime = 256
P31 = -1
P31e = 0
PathLength = +INF
PathLengthCustomOn = 0
RAWDynamic = 65535
Salinity = 0
Temperature = -NAN
Unit1 = $01 $01 Wavelength nm
Unit2 = $03 $06 Intensity mW/(m^2 nm)
Unit3 = $f0 $06 Error mW/(m^2 nm)
Unit4 = $f1 $00 Status 
p999 = 6729
[END] of [Attributes]
[DATA]
 0 7 0 0
 185.260577530984 -NAN 0 0
 187.468128380571 -NAN 0 0
 189.674861895872 -NAN 0 0
 191.880784034125 -NAN 0 0
 194.085900752568 -NAN 0 0
 196.290218008439 -NAN 0 0
 198.493741758976 -NAN 0 0
 200.696477961417 -NAN 0 0
 202.898432573 -NAN 0 0
 205.099611550963 -NAN 0 0
 207.300020852544 -NAN 0 0
 209.499666434981 -NAN 0 0
 211.698554255512 -NAN 0 0
 213.896690271375 -NAN 0 0
 216.094080439808 -NAN 0 0
 218.290730718049 -NAN 0 0
 220.486647063336 -NAN 0 0
 222.681835432907 -NAN 0 0
 224.876301784 -NAN 0 0
 227.070052073853 -NAN 0 0
 229.263092259704 -NAN 0 0
 231.455428298791 -NAN 0 0
 233.647066148352 -NAN 0 0
 235.838011765625 -NAN 0 0
 238.028271107848 -NAN 0 0
 240.217850132259 -NAN 0 0
 242.406754796096 -NAN 0 0
 244.594991056597 -NAN 0 0
 246.782564871 -NAN 0 0
 248.969482196543 -NAN 0 0
 251.155748990464 -NAN 0 0
 253.341371210001 -NAN 0 0
 255.526354812392 -NAN 0 0
 257.710705754875 -NAN 0 0
 259.894429994688 -NAN 0 0
 262.077533489069 -NAN 0 0
 264.260022195256 -NAN 0 0
 266.441902070487 -NAN 0 0
 268.623179072 -NAN 0 0
 270.803859157033 -NAN 0 0
 272.983948282824 -NAN 0 0
 275.163452406611 -NAN 0 0
 277.342377485632 -NAN 0 0
 279.520729477125 7.83174594463796 0 0
 281.698514338328 13.7200702966884 0 0
 283.875738026479 18.3751440586348 0 0
 286.052406498816 28.5828712286028 0 0
 288.228525712577 41.6152172769803 0 0
 290.404101625 55.496821043153 0 0
 292.579140193323 75.1288123516216 0 0
 294.753647374784 98.9743227328467 0 0
 296.927629126621 115.691114559011 0 0
 299.101091406072 135.891256796134 0 0
 301.274040170375 158.40238957796 0 0
 303.446481376768 167.355566594628 0 0
 305.618420982489 179.922950705754 0 0
 307.789864944776 187.92984646467 0 0
 309.960819220867 195.303821363337 0 0
 312.131289768 205.269842472578 0 0
 314.301282543413 197.641386834126 0 0
 316.470803504344 177.554363926256 0 0
 318.639858608031 164.391207621363 0 0
 320.808453811712 151.118750381668 0 0
 322.976595072625 139.394178766868 0 0
 325.144288348008 128.967384771289 0 0
 327.311539595099 117.009701435212 0 0
 329.478354771136 103.631165450137 0 0
 331.644739833357 95.1163827208515 0 0
 333.810700739 86.2029655751854 0 0
 335.976243445303 74.1277123944054 0 0
 338.141373909504 66.3565228054963 0 0
 340.306098088841 58.0801365580942 0 0
 342.470421940552 48.8618357562804 0 0
 344.634351421875 44.5257983336227 0 0
 346.797892490048 38.6608705873517 0 0
 348.961051102309 31.6603277192523 0 0
 351.123833215896 29.1308720667322 0 0
 353.286244788047 25.04166717788 0 0
 355.448291776 20.2757255987381 0 0
 357.609980136993 19.4626400013056 0 0
 359.771315828264 18.3895947293269 0 0
 361.932304807051 23.577487434547 0 0
 364.092953030592 34.8202082125372 0 0
 366.253266456125 32.8296180746362 0 0
 368.413251040888 18.253097873665 0 0
 370.572912742119 11.5351719664141 0 0
 372.732257517056 7.42156038810561 0 0
 374.891291322937 4.44190135860966 0 0
 377.050020117 6.15609319481938 0 0
 379.208449856483 4.48666872131857 0 0
 381.366586498624 2.41700736901775 0 0
 383.524436000661 4.48520094966572 0 0
 385.682004319832 2.93754420479284 0 0
 387.839297413375 1.23234711079711 0 0
 389.996321238528 3.68833851659148 0 0
 392.153081752529 2.2385203096077 0 0
 394.309584912616 0.760806767261737 0 0
 396.465836676027 3.35291132643688 0 0
 398.621843 3.46869785141228 0 0
 400.777609841773 9.8488434286854 0 0
 402.933143158584 26.4237510166796 0 0
 405.088448907671 29.3662998814951 0 0
 407.243533046272 19.8192988327889 0 0
 409.398401531625 10.6931114458052 0 0
 411.553060320968 5.11115824573987 0 0
 413.707515371539 4.11528301565486 0 0
 415.861772640576 7.3223386034084 0 0
 418.015838085317 8.23348854223838 0 0
 420.169717663 11.033410699055 0 0
 422.323417330863 17.2873979687136 0 0
 424.476943046144 22.2795086459649 0 0
 426.630300766081 30.6135825682067 0 0
 428.783496447912 45.1627266296564 0 0
 430.936536048875 68.5331181811327 0 0
 433.089425526208 125.030787992961 0 0
 435.242170837149 182.771940706965 0 0
 437.394777938936 205.842602410454 0 0
 439.547252788807 209.048860531143 0 0
 441.699601344 247.455944372935 0 0
 443.851829561753 305.940737700476 0 0
 446.003943399304 365.593158783759 0 0
 448.155948813891 402.61639297875 0 0
 450.307851762752 398.279710875896 0 0
 452.459658203125 358.799028422372 0 0
 454.611374092248 302.891290698833 0 0
 456.763005387359 246.576670304519 0 0
 458.914558045696 206.300445868705 0 0
 461.066038024497 180.177132452027 0 0
 463.217451281 157.604931170729 0 0
 465.368803772443 138.123363985995 0 0
 467.520101456064 119.242015357723 0 0
 469.671350289101 97.9415333689784 0 0
 471.822556228792 82.958192620675 0 0
 473.973725232375 73.2955485153431 0 0
 476.124863257088 64.6104856431148 0 0
 478.275976260169 61.7524495940359 0 0
 480.427070198856 61.0916455067037 0 0
 482.578151030387 58.3119740978462 0 0
 484.729224712 59.110169426797 0 0
 486.880297200933 61.0537737127473 0 0
 489.031374454424 60.9197456923172 0 0
 491.182462429711 64.9618469035672 0 0
 493.333567084032 69.4080293911489 0 0
 495.484694374625 71.2471271750049 0 0
 497.635850258728 76.3646644136785 0 0
 499.787040693579 81.1564450392448 0 0
 501.938271636416 82.8870478106796 0 0
 504.089549044477 -NAN 0 0
 506.240878875 -NAN 0 0
 508.392267085223 -NAN 0 0
 510.543719632384 -NAN 0 0
 512.695242473721 -NAN 0 0
 514.846841566472 -NAN 0 0
 516.998522867875 -NAN 0 0
 519.150292335168 -NAN 0 0
 521.302155925589 -NAN 0 0
 523.454119596376 -NAN 0 0
 525.606189304767 -NAN 0 0
 527.758371008 -NAN 0 0
 529.910670663313 -NAN 0 0
 532.063094227944 -NAN 0 0
 534.215647659131 -NAN 0 0
 536.368336914112 -NAN 0 0
 538.521167950125 -NAN 0 0
 540.674146724408 -NAN 0 0
 542.827279194199 -NAN 0 0
 544.980571316736 -NAN 0 0
 547.134029049257 -NAN 0 0
 549.287658349 -NAN 0 0
 551.441465173203 -NAN 0 0
 553.595455479104 -NAN 0 0
 555.749635223941 -NAN 0 0
 557.904010364952 -NAN 0 0
 560.058586859375 -NAN 0 0
 562.213370664448 -NAN 0 0
 564.368367737409 -NAN 0 0
 566.523584035496 -NAN 0 0
 568.679025515947 -NAN 0 0
 570.834698136 -NAN 0 0
 572.990607852893 -NAN 0 0
 575.146760623864 -NAN 0 0
 577.303162406151 -NAN 0 0
 579.459819156992 -NAN 0 0
 581.616736833625 -NAN 0 0
 583.773921393288 -NAN 0 0
 585.931378793219 -NAN 0 0
 588.089114990656 -NAN 0 0
 590.247135942837 -NAN 0 0
 592.405447607 -NAN 0 0
 594.564055940383 -NAN 0 0
 596.722966900224 -NAN 0 0
 598.882186443761 -NAN 0 0
 601.041720528232 -NAN 0 0
 603.201575110875 -NAN 0 0
 605.361756148928 -NAN 0 0
 607.522269599629 -NAN 0 0
 609.683121420216 -NAN 0 0
 611.844317567927 -NAN 0 0
 614.005864 -NAN 0 0
 616.167766673673 -NAN 0 0
 618.330031546184 -NAN 0 0
 620.492664574771 -NAN 0 0
 622.655671716672 -NAN 0 0
 624.819058929125 -NAN 0 0
 626.982832169368 -NAN 0 0
 629.146997394639 -NAN 0 0
 631.311560562176 -NAN 0 0
 633.476527629217 -NAN 0 0
 635.641904553 -NAN 0 0
 637.807697290763 -NAN 0 0
 639.973911799744 -NAN 0 0
 642.140554037181 -NAN 0 0
 644.307629960312 -NAN 0 0
 646.475145526375 -NAN 0 0
 648.643106692608 -NAN 0 0
 650.811519416249 -NAN 0 0
 652.980389654536 -NAN 0 0
 655.149723364707 -NAN 0 0
 657.319526504 -NAN 0 0
 659.489805029653 -NAN 0 0
 661.660564898904 -NAN 0 0
 663.831812068991 -NAN 0 0
 666.003552497152 -NAN 0 0
 668.175792140625 -NAN 0 0
 670.348536956648 -NAN 0 0
 672.521792902459 -NAN 0 0
 674.695565935296 -NAN 0 0
 676.869862012397 -NAN 0 0
 679.044687091 -NAN 0 0
 681.220047128343 -NAN 0 0
 683.395948081664 -NAN 0 0
 685.572395908201 -NAN 0 0
 687.749396565192 -NAN 0 0
 689.926956009875 -NAN 0 0
 692.105080199488 -NAN 0 0
 694.283775091269 -NAN 0 0
 696.463046642456 -NAN 0 0
 698.642900810287 -NAN 0 0
 700.823343552 -NAN 0 0
 703.004380824833 -NAN 0 0
 705.186018586024 -NAN 0 0
 707.368262792811 -NAN 0 0
 709.551119402432 -NAN 0 0
 711.734594372125 -NAN 0 0
 713.918693659128 -NAN 0 0
 716.103423220679 -NAN 0 0
 718.288789014016 -NAN 0 0
 720.474796996377 -NAN 0 0
 722.661453125 -NAN 0 0
 724.848763357123 -NAN 0 0
 727.036733649984 -NAN 0 0
 729.225369960821 -NAN 0 0
 731.414678246872 -NAN 0 0
 733.604664465375 -NAN 0 0
 735.795334573568 -NAN 0 0
[END] of [DATA]
[END] of Spectrum


[Spectrum]
Version            = 1
IDData             = 12ad_2026-06-05_13-41-40_000_703
IDDevice           = SAM_82E6
IDDataType         = SPECTRUM
IDDataTypeSub1     = CALIBRATED
IDDataTypeSub2     = 
IDDataTypeSub3     = 
DateTime           = 2026-06-05 13:41:40
PositionLatitude   = 0
PositionLongitude  = 0
Comment            = 20260605_FrameB
CommentSub1        = UV
CommentSub2        = centre
CommentSub3        = 39cm
IDMethodType       = SAM Control
MethodName         = SAM_82E6
Mission            = No Mission
MissionSub         = 1
RecordType         = 0
[Attributes]
CalFactor = 1
IDBasisSpec = 
IDDataBack = DLAB_2024-11-11_10-40-48_641_639
IDDataCal = DLAB_2024-11-12_11-45-27_171_455
IntegrationTime = 256
P31 = -1
P31e = 0
PathLength = +INF
PathLengthCustomOn = 0
RAWDynamic = 65535
Salinity = 0
Temperature = -NAN
Unit1 = $01 $01 Wavelength nm
Unit2 = $03 $06 Intensity mW/(m^2 nm)
Unit3 = $f0 $06 Error mW/(m^2 nm)
Unit4 = $f1 $00 Status 
p999 = 6728
[END] of [Attributes]
[DATA]
 0 7 0 0
 185.260577530984 -NAN 0 0
 187.468128380571 -NAN 0 0
 189.674861895872 -NAN 0 0
 191.880784034125 -NAN 0 0
 194.085900752568 -NAN 0 0
 196.290218008439 -NAN 0 0
 198.493741758976 -NAN 0 0
 200.696477961417 -NAN 0 0
 202.898432573 -NAN 0 0
 205.099611550963 -NAN 0 0
 207.300020852544 -NAN 0 0
 209.499666434981 -NAN 0 0
 211.698554255512 -NAN 0 0
 213.896690271375 -NAN 0 0
 216.094080439808 -NAN 0 0
 218.290730718049 -NAN 0 0
 220.486647063336 -NAN 0 0
 222.681835432907 -NAN 0 0
 224.876301784 -NAN 0 0
 227.070052073853 -NAN 0 0
 229.263092259704 -NAN 0 0
 231.455428298791 -NAN 0 0
 233.647066148352 -NAN 0 0
 235.838011765625 -NAN 0 0
 238.028271107848 -NAN 0 0
 240.217850132259 -NAN 0 0
 242.406754796096 -NAN 0 0
 244.594991056597 -NAN 0 0
 246.782564871 -NAN 0 0
 248.969482196543 -NAN 0 0
 251.155748990464 -NAN 0 0
 253.341371210001 -NAN 0 0
 255.526354812392 -NAN 0 0
 257.710705754875 -NAN 0 0
 259.894429994688 -NAN 0 0
 262.077533489069 -NAN 0 0
 264.260022195256 -NAN 0 0
 266.441902070487 -NAN 0 0
 268.623179072 -NAN 0 0
 270.803859157033 -NAN 0 0
 272.983948282824 -NAN 0 0
 275.163452406611 -NAN 0 0
 277.342377485632 -NAN 0 0
 279.520729477125 7.11693238752421 0 0
 281.698514338328 11.8046694559252 0 0
 283.875738026479 20.665638693484 0 0
 286.052406498816 27.2268218932527 0 0
 288.228525712577 39.2713191978606 0 0
 290.404101625 57.410431469797 0 0
 292.579140193323 72.9242544059594 0 0
 294.753647374784 96.0205731935053 0 0
 296.927629126621 116.39069007959 0 0
 299.101091406072 132.84759389662 0 0
 301.274040170375 154.948023297455 0 0
 303.446481376768 166.895755460305 0 0
 305.618420982489 176.043887787279 0 0
 307.789864944776 184.151277701788 0 0
 309.960819220867 194.5084247126 0 0
 312.131289768 200.968006326894 0 0
 314.301282543413 193.802975144433 0 0
 316.470803504344 177.270915804835 0 0
 318.639858608031 160.283608694142 0 0
 320.808453811712 147.982670853059 0 0
 322.976595072625 139.789327158934 0 0
 325.144288348008 124.968345369884 0 0
 327.311539595099 114.558561383953 0 0
 329.478354771136 104.838965346328 0 0
 331.644739833357 91.5884391417149 0 0
 333.810700739 84.5673269059784 0 0
 335.976243445303 75.5304965125721 0 0
 338.141373909504 63.1109417315156 0 0
 340.306098088841 56.9468028262778 0 0
 342.470421940552 50.4082949920662 0 0
 344.634351421875 41.7667382584789 0 0
 346.797892490048 37.9783628324633 0 0
 348.961051102309 33.0157913794003 0 0
 351.123833215896 26.8058493593073 0 0
 353.286244788047 24.7788759576783 0 0
 355.448291776 21.5848156350223 0 0
 357.609980136993 17.2674508729033 0 0
 359.771315828264 18.3336634496799 0 0
 361.932304807051 24.8446357135587 0 0
 364.092953030592 32.3329819520593 0 0
 366.253266456125 32.9370576019632 0 0
 368.413251040888 19.6630032079561 0 0
 370.572912742119 8.96038612251507 0 0
 372.732257517056 7.97597659472948 0 0
 374.891291322937 6.10231858410025 0 0
 377.050020117 3.47723040425624 0 0
 379.208449856483 5.24516705900122 0 0
 381.366586498624 4.06063532426655 0 0
 383.524436000661 1.66121300428594 0 0
 385.682004319832 3.97728652760313 0 0
 387.839297413375 2.82915778599563 0 0
 389.996321238528 0.909942678936508 0 0
 392.153081752529 3.34029480927717 0 0
 394.309584912616 2.22398902030852 0 0
 396.465836676027 0.697403588138245 0 0
 398.621843 4.64163259003071 0 0
 400.777609841773 10.7995107504959 0 0
 402.933143158584 23.4037358430077 0 0
 405.088448907671 30.0984557711375 0 0
 407.243533046272 20.4525049939453 0 0
 409.398401531625 8.27196999223911 0 0
 411.553060320968 6.38397256567908 0 0
 413.707515371539 4.82379680772414 0 0
 415.861772640576 5.2943900037031 0 0
 418.015838085317 9.50055449207967 0 0
 420.169717663 11.571697917368 0 0
 422.323417330863 15.5011203924571 0 0
 424.476943046144 23.5435096246483 0 0
 426.630300766081 30.9959754612186 0 0
 428.783496447912 43.5332685227028 0 0
 430.936536048875 69.5285329678274 0 0
 433.089425526208 124.376624268831 0 0
 435.242170837149 179.989872959588 0 0
 437.394777938936 205.944913212022 0 0
 439.547252788807 208.693793648993 0 0
 441.699601344 245.859718107754 0 0
 443.851829561753 307.275815901007 0 0
 446.003943399304 365.548669564818 0 0
 448.155948813891 401.196731686046 0 0
 450.307851762752 399.807382709036 0 0
 452.459658203125 358.709176372251 0 0
 454.611374092248 301.224267395293 0 0
 456.763005387359 248.300733160567 0 0
 458.914558045696 205.916203918765 0 0
 461.066038024497 178.656952196826 0 0
 463.217451281 159.523307550341 0 0
 465.368803772443 137.745479472999 0 0
 467.520101456064 117.663330188549 0 0
 469.671350289101 99.9603939898217 0 0
 471.822556228792 82.3799550925257 0 0
 473.973725232375 71.7022667410198 0 0
 476.124863257088 66.7151365626679 0 0
 478.275976260169 61.0245834953966 0 0
 480.427070198856 59.7706133249004 0 0
 482.578151030387 60.383543652996 0 0
 484.729224712 58.1870323625544 0 0
 486.880297200933 59.7774463151998 0 0
 489.031374454424 63.1273949646943 0 0
 491.182462429711 63.9991124867242 0 0
 493.333567084032 68.2579579223745 0 0
 495.484694374625 73.4508281782417 0 0
 497.635850258728 75.3004470745433 0 0
 499.787040693579 80.1410278319914 0 0
 501.938271636416 84.9523277866224 0 0
 504.089549044477 -NAN 0 0
 506.240878875 -NAN 0 0
 508.392267085223 -NAN 0 0
 510.543719632384 -NAN 0 0
 512.695242473721 -NAN 0 0
 514.846841566472 -NAN 0 0
 516.998522867875 -NAN 0 0
 519.150292335168 -NAN 0 0
 521.302155925589 -NAN 0 0
 523.454119596376 -NAN 0 0
 525.606189304767 -NAN 0 0
 527.758371008 -NAN 0 0
 529.910670663313 -NAN 0 0
 532.063094227944 -NAN 0 0
 534.215647659131 -NAN 0 0
 536.368336914112 -NAN 0 0
 538.521167950125 -NAN 0 0
 540.674146724408 -NAN 0 0
 542.827279194199 -NAN 0 0
 544.980571316736 -NAN 0 0
 547.134029049257 -NAN 0 0
 549.287658349 -NAN 0 0
 551.441465173203 -NAN 0 0
 553.595455479104 -NAN 0 0
 555.749635223941 -NAN 0 0
 557.904010364952 -NAN 0 0
 560.058586859375 -NAN 0 0
 562.213370664448 -NAN 0 0
 564.368367737409 -NAN 0 0
 566.523584035496 -NAN 0 0
 568.679025515947 -NAN 0 0
 570.834698136 -NAN 0 0
 572.990607852893 -NAN 0 0
 575.146760623864 -NAN 0 0
 577.303162406151 -NAN 0 0
 579.459819156992 -NAN 0 0
 581.616736833625 -NAN 0 0
 583.773921393288 -NAN 0 0
 585.931378793219 -NAN 0 0
 588.089114990656 -NAN 0 0
 590.247135942837 -NAN 0 0
 592.405447607 -NAN 0 0
 594.564055940383 -NAN 0 0
 596.722966900224 -NAN 0 0
 598.882186443761 -NAN 0 0
 601.041720528232 -NAN 0 0
 603.201575110875 -NAN 0 0
 605.361756148928 -NAN 0 0
 607.522269599629 -NAN 0 0
 609.683121420216 -NAN 0 0
 611.844317567927 -NAN 0 0
 614.005864 -NAN 0 0
 616.167766673673 -NAN 0 0
 618.330031546184 -NAN 0 0
 620.492664574771 -NAN 0 0
 622.655671716672 -NAN 0 0
 624.819058929125 -NAN 0 0
 626.982832169368 -NAN 0 0
 629.146997394639 -NAN 0 0
 631.311560562176 -NAN 0 0
 633.476527629217 -NAN 0 0
 635.641904553 -NAN 0 0
 637.807697290763 -NAN 0 0
 639.973911799744 -NAN 0 0
 642.140554037181 -NAN 0 0
 644.307629960312 -NAN 0 0
 646.475145526375 -NAN 0 0
 648.643106692608 -NAN 0 0
 650.811519416249 -NAN 0 0
 652.980389654536 -NAN 0 0
 655.149723364707 -NAN 0 0
 657.319526504 -NAN 0 0
 659.489805029653 -NAN 0 0
 661.660564898904 -NAN 0 0
 663.831812068991 -NAN 0 0
 666.003552497152 -NAN 0 0
 668.175792140625 -NAN 0 0
 670.348536956648 -NAN 0 0
 672.521792902459 -NAN 0 0
 674.695565935296 -NAN 0 0
 676.869862012397 -NAN 0 0
 679.044687091 -NAN 0 0
 681.220047128343 -NAN 0 0
 683.395948081664 -NAN 0 0
 685.572395908201 -NAN 0 0
 687.749396565192 -NAN 0 0
 689.926956009875 -NAN 0 0
 692.105080199488 -NAN 0 0
 694.283775091269 -NAN 0 0
 696.463046642456 -NAN 0 0
 698.642900810287 -NAN 0 0
 700.823343552 -NAN 0 0
 703.004380824833 -NAN 0 0
 705.186018586024 -NAN 0 0
 707.368262792811 -NAN 0 0
 709.551119402432 -NAN 0 0
 711.734594372125 -NAN 0 0
 713.918693659128 -NAN 0 0
 716.103423220679 -NAN 0 0
 718.288789014016 -NAN 0 0
 720.474796996377 -NAN 0 0
 722.661453125 -NAN 0 0
 724.848763357123 -NAN 0 0
 727.036733649984 -NAN 0 0
 729.225369960821 -NAN 0 0
 731.414678246872 -NAN 0 0
 733.604664465375 -NAN 0 0
 735.795334573568 -NAN 0 0
[END] of [DATA]
[END] of Spectrum


[Spectrum]
Version            = 1
IDData             = 12ad_2026-06-05_13-41-35_000_700
IDDevice           = SAM_82E6
IDDataType         = SPECTRUM
IDDataTypeSub1     = CALIBRATED
IDDataTypeSub2     = 
IDDataTypeSub3     = 
DateTime           = 2026-06-05 13:41:35
PositionLatitude   = 0
PositionLongitude  = 0
Comment            = 20260605_FrameB
CommentSub1        = UV
CommentSub2        = centre
CommentSub3        = 39cm
IDMethodType       = SAM Control
MethodName         = SAM_82E6
Mission            = No Mission
MissionSub         = 1
RecordType         = 0
[Attributes]
CalFactor = 1
IDBasisSpec = 
IDDataBack = DLAB_2024-11-11_10-40-48_641_639
IDDataCal = DLAB_2024-11-12_11-45-27_171_455
IntegrationTime = 256
P31 = -1
P31e = 0
PathLength = +INF
PathLengthCustomOn = 0
RAWDynamic = 65535
Salinity = 0
Temperature = -NAN
Unit1 = $01 $01 Wavelength nm
Unit2 = $03 $06 Intensity mW/(m^2 nm)
Unit3 = $f0 $06 Error mW/(m^2 nm)
Unit4 = $f1 $00 Status 
p999 = 6727
[END] of [Attributes]
[DATA]
 0 7 0 0
 185.260577530984 -NAN 0 0
 187.468128380571 -NAN 0 0
 189.674861895872 -NAN 0 0
 191.880784034125 -NAN 0 0
 194.085900752568 -NAN 0 0
 196.290218008439 -NAN 0 0
 198.493741758976 -NAN 0 0
 200.696477961417 -NAN 0 0
 202.898432573 -NAN 0 0
 205.099611550963 -NAN 0 0
 207.300020852544 -NAN 0 0
 209.499666434981 -NAN 0 0
 211.698554255512 -NAN 0 0
 213.896690271375 -NAN 0 0
 216.094080439808 -NAN 0 0
 218.290730718049 -NAN 0 0
 220.486647063336 -NAN 0 0
 222.681835432907 -NAN 0 0
 224.876301784 -NAN 0 0
 227.070052073853 -NAN 0 0
 229.263092259704 -NAN 0 0
 231.455428298791 -NAN 0 0
 233.647066148352 -NAN 0 0
 235.838011765625 -NAN 0 0
 238.028271107848 -NAN 0 0
 240.217850132259 -NAN 0 0
 242.406754796096 -NAN 0 0
 244.594991056597 -NAN 0 0
 246.782564871 -NAN 0 0
 248.969482196543 -NAN 0 0
 251.155748990464 -NAN 0 0
 253.341371210001 -NAN 0 0
 255.526354812392 -NAN 0 0
 257.710705754875 -NAN 0 0
 259.894429994688 -NAN 0 0
 262.077533489069 -NAN 0 0
 264.260022195256 -NAN 0 0
 266.441902070487 -NAN 0 0
 268.623179072 -NAN 0 0
 270.803859157033 -NAN 0 0
 272.983948282824 -NAN 0 0
 275.163452406611 -NAN 0 0
 277.342377485632 -NAN 0 0
 279.520729477125 6.52229218975101 0 0
 281.698514338328 12.8042079834088 0 0
 283.875738026479 19.4575510485312 0 0
 286.052406498816 26.1546137196381 0 0
 288.228525712577 39.82505795555 0 0
 290.404101625 55.5251762128488 0 0
 292.579140193323 71.1855573305283 0 0
 294.753647374784 95.6996027268809 0 0
 296.927629126621 113.63619082025 0 0
 299.101091406072 130.358678483293 0 0
 301.274040170375 153.495843451955 0 0
 303.446481376768 163.523625110609 0 0
 305.618420982489 173.042910500336 0 0
 307.789864944776 182.130518367635 0 0
 309.960819220867 190.607630947881 0 0
 312.131289768 197.746974161835 0 0
 314.301282543413 191.761675016819 0 0
 316.470803504344 173.443755286078 0 0
 318.639858608031 157.596881365767 0 0
 320.808453811712 146.688172830321 0 0
 322.976595072625 136.536032479055 0 0
 325.144288348008 123.031626468446 0 0
 327.311539595099 113.898131603395 0 0
 329.478354771136 101.986802414127 0 0
 331.644739833357 90.2686062836367 0 0
 333.810700739 84.1935723684447 0 0
 335.976243445303 73.0570901114729 0 0
 338.141373909504 62.2381037230868 0 0
 340.306098088841 56.9461241833246 0 0
 342.470421940552 48.3570431776221 0 0
 344.634351421875 41.3586639675108 0 0
 346.797892490048 38.173451332312 0 0
 348.961051102309 31.4330678137753 0 0
 351.123833215896 26.6340193229136 0 0
 353.286244788047 25.0236752478662 0 0
 355.448291776 20.3451062949915 0 0
 357.609980136993 17.3922018648345 0 0
 359.771315828264 18.6332184762512 0 0
 361.932304807051 23.6285467022888 0 0
 364.092953030592 32.4238678866796 0 0
 366.253266456125 33.0941295196314 0 0
 368.413251040888 18.4513089847197 0 0
 370.572912742119 9.44582745357213 0 0
 372.732257517056 8.36276343064473 0 0
 374.891291322937 5.00052755876459 0 0
 377.050020117 4.07245661132524 0 0
 379.208449856483 5.67269702608988 0 0
 381.366586498624 2.7625508213465 0 0
 383.524436000661 2.4151765699749 0 0
 385.682004319832 4.36061150160774 0 0
 387.839297413375 1.66803414063166 0 0
 389.996321238528 1.73096005361261 0 0
 392.153081752529 3.58937355322008 0 0
 394.309584912616 0.959215917139004 0 0
 396.465836676027 1.55460363409562 0 0
 398.621843 4.78426888460252 0 0
 400.777609841773 9.61670373382469 0 0
 402.933143158584 23.7680893312287 0 0
 405.088448907671 29.6445436885488 0 0
 407.243533046272 19.0833303209008 0 0
 409.398401531625 8.95202084538225 0 0
 411.553060320968 6.29408143303172 0 0
 413.707515371539 3.90686541065245 0 0
 415.861772640576 6.02871764209664 0 0
 418.015838085317 9.39390076395106 0 0
 420.169717663 10.821974506976 0 0
 422.323417330863 16.1433929294863 0 0
 424.476943046144 23.3593240887798 0 0
 426.630300766081 30.2885917686153 0 0
 428.783496447912 44.1625445065832 0 0
 430.936536048875 69.2166418281221 0 0
 433.089425526208 123.01364824213 0 0
 435.242170837149 179.176671599934 0 0
 437.394777938936 204.484186728694 0 0
 439.547252788807 207.688849227419 0 0
 441.699601344 246.310557503455 0 0
 443.851829561753 306.82339598415 0 0
 446.003943399304 364.978437556651 0 0
 448.155948813891 401.835930234708 0 0
 450.307851762752 399.360534188776 0 0
 452.459658203125 358.158485199083 0 0
 454.611374092248 301.865686230568 0 0
 456.763005387359 247.869717446555 0 0
 458.914558045696 205.493537773832 0 0
 461.066038024497 179.45423172075 0 0
 463.217451281 158.91518119936 0 0
 465.368803772443 137.241457531783 0 0
 467.520101456064 118.48212585465 0 0
 469.671350289101 99.2778783751076 0 0
 471.822556228792 81.9071994575075 0 0
 473.973725232375 72.6332409913241 0 0
 476.124863257088 66.0768770912727 0 0
 478.275976260169 60.6439817567952 0 0
 480.427070198856 60.6923284433171 0 0
 482.578151030387 59.6697673973288 0 0
 484.729224712 57.9350137088174 0 0
 486.880297200933 60.6829564188937 0 0
 489.031374454424 62.3413465035464 0 0
 491.182462429711 63.6467427552695 0 0
 493.333567084032 69.2593996321156 0 0
 495.484694374625 72.6334333058709 0 0
 497.635850258728 75.1221632419562 0 0
 499.787040693579 80.9721696467079 0 0
 501.938271636416 84.2059642309599 0 0
 504.089549044477 -NAN 0 0
 506.240878875 -NAN 0 0
 508.392267085223 -NAN 0 0
 510.543719632384 -NAN 0 0
 512.695242473721 -NAN 0 0
 514.846841566472 -NAN 0 0
 516.998522867875 -NAN 0 0
 519.150292335168 -NAN 0 0
 521.302155925589 -NAN 0 0
 523.454119596376 -NAN 0 0
 525.606189304767 -NAN 0 0
 527.758371008 -NAN 0 0
 529.910670663313 -NAN 0 0
 532.063094227944 -NAN 0 0
 534.215647659131 -NAN 0 0
 536.368336914112 -NAN 0 0
 538.521167950125 -NAN 0 0
 540.674146724408 -NAN 0 0
 542.827279194199 -NAN 0 0
 544.980571316736 -NAN 0 0
 547.134029049257 -NAN 0 0
 549.287658349 -NAN 0 0
 551.441465173203 -NAN 0 0
 553.595455479104 -NAN 0 0
 555.749635223941 -NAN 0 0
 557.904010364952 -NAN 0 0
 560.058586859375 -NAN 0 0
 562.213370664448 -NAN 0 0
 564.368367737409 -NAN 0 0
 566.523584035496 -NAN 0 0
 568.679025515947 -NAN 0 0
 570.834698136 -NAN 0 0
 572.990607852893 -NAN 0 0
 575.146760623864 -NAN 0 0
 577.303162406151 -NAN 0 0
 579.459819156992 -NAN 0 0
 581.616736833625 -NAN 0 0
 583.773921393288 -NAN 0 0
 585.931378793219 -NAN 0 0
 588.089114990656 -NAN 0 0
 590.247135942837 -NAN 0 0
 592.405447607 -NAN 0 0
 594.564055940383 -NAN 0 0
 596.722966900224 -NAN 0 0
 598.882186443761 -NAN 0 0
 601.041720528232 -NAN 0 0
 603.201575110875 -NAN 0 0
 605.361756148928 -NAN 0 0
 607.522269599629 -NAN 0 0
 609.683121420216 -NAN 0 0
 611.844317567927 -NAN 0 0
 614.005864 -NAN 0 0
 616.167766673673 -NAN 0 0
 618.330031546184 -NAN 0 0
 620.492664574771 -NAN 0 0
 622.655671716672 -NAN 0 0
 624.819058929125 -NAN 0 0
 626.982832169368 -NAN 0 0
 629.146997394639 -NAN 0 0
 631.311560562176 -NAN 0 0
 633.476527629217 -NAN 0 0
 635.641904553 -NAN 0 0
 637.807697290763 -NAN 0 0
 639.973911799744 -NAN 0 0
 642.140554037181 -NAN 0 0
 644.307629960312 -NAN 0 0
 646.475145526375 -NAN 0 0
 648.643106692608 -NAN 0 0
 650.811519416249 -NAN 0 0
 652.980389654536 -NAN 0 0
 655.149723364707 -NAN 0 0
 657.319526504 -NAN 0 0
 659.489805029653 -NAN 0 0
 661.660564898904 -NAN 0 0
 663.831812068991 -NAN 0 0
 666.003552497152 -NAN 0 0
 668.175792140625 -NAN 0 0
 670.348536956648 -NAN 0 0
 672.521792902459 -NAN 0 0
 674.695565935296 -NAN 0 0
 676.869862012397 -NAN 0 0
 679.044687091 -NAN 0 0
 681.220047128343 -NAN 0 0
 683.395948081664 -NAN 0 0
 685.572395908201 -NAN 0 0
 687.749396565192 -NAN 0 0
 689.926956009875 -NAN 0 0
 692.105080199488 -NAN 0 0
 694.283775091269 -NAN 0 0
 696.463046642456 -NAN 0 0
 698.642900810287 -NAN 0 0
 700.823343552 -NAN 0 0
 703.004380824833 -NAN 0 0
 705.186018586024 -NAN 0 0
 707.368262792811 -NAN 0 0
 709.551119402432 -NAN 0 0
 711.734594372125 -NAN 0 0
 713.918693659128 -NAN 0 0
 716.103423220679 -NAN 0 0
 718.288789014016 -NAN 0 0
 720.474796996377 -NAN 0 0
 722.661453125 -NAN 0 0
 724.848763357123 -NAN 0 0
 727.036733649984 -NAN 0 0
 729.225369960821 -NAN 0 0
 731.414678246872 -NAN 0 0
 733.604664465375 -NAN 0 0
 735.795334573568 -NAN 0 0
[END] of [DATA]
[END] of Spectrum


[Spectrum]
Version            = 1
IDData             = 12ad_2026-06-05_13-41-30_000_697
IDDevice           = SAM_82E6
IDDataType         = SPECTRUM
IDDataTypeSub1     = CALIBRATED
IDDataTypeSub2     = 
IDDataTypeSub3     = 
DateTime           = 2026-06-05 13:41:30
PositionLatitude   = 0
PositionLongitude  = 0
Comment            = 20260605_FrameB
CommentSub1        = UV
CommentSub2        = centre
CommentSub3        = 39cm
IDMethodType       = SAM Control
MethodName         = SAM_82E6
Mission            = No Mission
MissionSub         = 1
RecordType         = 0
[Attributes]
CalFactor = 1
IDBasisSpec = 
IDDataBack = DLAB_2024-11-11_10-40-48_641_639
IDDataCal = DLAB_2024-11-12_11-45-27_171_455
IntegrationTime = 256
P31 = -1
P31e = 0
PathLength = +INF
PathLengthCustomOn = 0
RAWDynamic = 65535
Salinity = 0
Temperature = -NAN
Unit1 = $01 $01 Wavelength nm
Unit2 = $03 $06 Intensity mW/(m^2 nm)
Unit3 = $f0 $06 Error mW/(m^2 nm)
Unit4 = $f1 $00 Status 
p999 = 6726
[END] of [Attributes]
[DATA]
 0 7 0 0
 185.260577530984 -NAN 0 0
 187.468128380571 -NAN 0 0
 189.674861895872 -NAN 0 0
 191.880784034125 -NAN 0 0
 194.085900752568 -NAN 0 0
 196.290218008439 -NAN 0 0
 198.493741758976 -NAN 0 0
 200.696477961417 -NAN 0 0
 202.898432573 -NAN 0 0
 205.099611550963 -NAN 0 0
 207.300020852544 -NAN 0 0
 209.499666434981 -NAN 0 0
 211.698554255512 -NAN 0 0
 213.896690271375 -NAN 0 0
 216.094080439808 -NAN 0 0
 218.290730718049 -NAN 0 0
 220.486647063336 -NAN 0 0
 222.681835432907 -NAN 0 0
 224.876301784 -NAN 0 0
 227.070052073853 -NAN 0 0
 229.263092259704 -NAN 0 0
 231.455428298791 -NAN 0 0
 233.647066148352 -NAN 0 0
 235.838011765625 -NAN 0 0
 238.028271107848 -NAN 0 0
 240.217850132259 -NAN 0 0
 242.406754796096 -NAN 0 0
 244.594991056597 -NAN 0 0
 246.782564871 -NAN 0 0
 248.969482196543 -NAN 0 0
 251.155748990464 -NAN 0 0
 253.341371210001 -NAN 0 0
 255.526354812392 -NAN 0 0
 257.710705754875 -NAN 0 0
 259.894429994688 -NAN 0 0
 262.077533489069 -NAN 0 0
 264.260022195256 -NAN 0 0
 266.441902070487 -NAN 0 0
 268.623179072 -NAN 0 0
 270.803859157033 -NAN 0 0
 272.983948282824 -NAN 0 0
 275.163452406611 -NAN 0 0
 277.342377485632 -NAN 0 0
 279.520729477125 6.67297588384642 0 0
 281.698514338328 11.4797704054613 0 0
 283.875738026479 19.9334429671158 0 0
 286.052406498816 26.1734880679888 0 0
 288.228525712577 38.1416348241529 0 0
 290.404101625 55.4786446523225 0 0
 292.579140193323 70.3919728526461 0 0
 294.753647374784 93.0935141620496 0 0
 296.927629126621 112.590001656988 0 0
 299.101091406072 128.443578138924 0 0
 301.274040170375 150.054241037451 0 0
 303.446481376768 161.532566445833 0 0
 305.618420982489 170.491999149457 0 0
 307.789864944776 178.4214282383 0 0
 309.960819220867 188.24845854495 0 0
 312.131289768 194.571514678937 0 0
 314.301282543413 187.956984605223 0 0
 316.470803504344 171.425409180096 0 0
 318.639858608031 155.205391730407 0 0
 320.808453811712 143.399016414705 0 0
 322.976595072625 135.124185555088 0 0
 325.144288348008 120.906505169216 0 0
 327.311539595099 110.961747917586 0 0
 329.478354771136 101.216309376902 0 0
 331.644739833357 88.5690346391345 0 0
 333.810700739 81.8015433282289 0 0
 335.976243445303 72.8797433110415 0 0
 338.141373909504 61.0555943053924 0 0
 340.306098088841 55.1925107922985 0 0
 342.470421940552 48.5508416254598 0 0
 344.634351421875 40.3337624354952 0 0
 346.797892490048 36.7758204076999 0 0
 348.961051102309 31.8332302936483 0 0
 351.123833215896 25.9332662103243 0 0
 353.286244788047 23.9387073470337 0 0
 355.448291776 20.8237793156542 0 0
 357.609980136993 16.721866062698 0 0
 359.771315828264 17.8243661244321 0 0
 361.932304807051 24.1665905989229 0 0
 364.092953030592 31.5443630038324 0 0
 366.253266456125 32.1528658345715 0 0
 368.413251040888 19.0235147609754 0 0
 370.572912742119 8.6256639628082 0 0
 372.732257517056 7.7574713838836 0 0
 374.891291322937 5.91342091593715 0 0
 377.050020117 3.37032419093562 0 0
 379.208449856483 5.1493051842203 0 0
 381.366586498624 3.81119393638915 0 0
 383.524436000661 1.66618731621791 0 0
 385.682004319832 3.94386115881237 0 0
 387.839297413375 2.68109503927136 0 0
 389.996321238528 0.889575267588682 0 0
 392.153081752529 3.25773110306768 0 0
 394.309584912616 2.05694351611632 0 0
 396.465836676027 0.677937024839291 0 0
 398.621843 4.52686012974735 0 0
 400.777609841773 10.3358816120206 0 0
 402.933143158584 22.472891887883 0 0
 405.088448907671 28.9308145410954 0 0
 407.243533046272 19.5692239792741 0 0
 409.398401531625 8.0800432560951 0 0
 411.553060320968 6.19922698631182 0 0
 413.707515371539 4.78932570257107 0 0
 415.861772640576 5.36226045256088 0 0
 418.015838085317 9.4155264046776 0 0
 420.169717663 11.5324379532907 0 0
 422.323417330863 15.5620058147129 0 0
 424.476943046144 23.4108072747093 0 0
 426.630300766081 30.9446156934213 0 0
 428.783496447912 43.5513923454134 0 0
 430.936536048875 69.0864468477432 0 0
 433.089425526208 122.74000054565 0 0
 435.242170837149 177.25216165001 0 0
 437.394777938936 203.401130977717 0 0
 439.547252788807 207.670246634505 0 0
 441.699601344 245.537102861058 0 0
 443.851829561753 307.105478337491 0 0
 446.003943399304 365.520863802979 0 0
 448.155948813891 401.286666965714 0 0
 450.307851762752 399.761841134317 0 0
 452.459658203125 358.720755244689 0 0
 454.611374092248 301.176244191169 0 0
 456.763005387359 248.242646105111 0 0
 458.914558045696 206.009519820893 0 0
 461.066038024497 178.697198255862 0 0
 463.217451281 159.480203803859 0 0
 465.368803772443 137.711174314697 0 0
 467.520101456064 117.724913904442 0 0
 469.671350289101 99.9739252272268 0 0
 471.822556228792 82.3247547235813 0 0
 473.973725232375 71.7556697583347 0 0
 476.124863257088 66.6193699637509 0 0
 478.275976260169 61.1484874190581 0 0
 480.427070198856 59.7544624255445 0 0
 482.578151030387 60.3171328833131 0 0
 484.729224712 58.2211191427716 0 0
 486.880297200933 59.7914288677584 0 0
 489.031374454424 63.1111704768842 0 0
 491.182462429711 64.0130732526297 0 0
 493.333567084032 68.311954501499 0 0
 495.484694374625 73.3451257946108 0 0
 497.635850258728 75.2944128525173 0 0
 499.787040693579 80.1937555991775 0 0
 501.938271636416 84.8592341347625 0 0
 504.089549044477 -NAN 0 0
 506.240878875 -NAN 0 0
 508.392267085223 -NAN 0 0
 510.543719632384 -NAN 0 0
 512.695242473721 -NAN 0 0
 514.846841566472 -NAN 0 0
 516.998522867875 -NAN 0 0
 519.150292335168 -NAN 0 0
 521.302155925589 -NAN 0 0
 523.454119596376 -NAN 0 0
 525.606189304767 -NAN 0 0
 527.758371008 -NAN 0 0
 529.910670663313 -NAN 0 0
 532.063094227944 -NAN 0 0
 534.215647659131 -NAN 0 0
 536.368336914112 -NAN 0 0
 538.521167950125 -NAN 0 0
 540.674146724408 -NAN 0 0
 542.827279194199 -NAN 0 0
 544.980571316736 -NAN 0 0
 547.134029049257 -NAN 0 0
 549.287658349 -NAN 0 0
 551.441465173203 -NAN 0 0
 553.595455479104 -NAN 0 0
 555.749635223941 -NAN 0 0
 557.904010364952 -NAN 0 0
 560.058586859375 -NAN 0 0
 562.213370664448 -NAN 0 0
 564.368367737409 -NAN 0 0
 566.523584035496 -NAN 0 0
 568.679025515947 -NAN 0 0
 570.834698136 -NAN 0 0
 572.990607852893 -NAN 0 0
 575.146760623864 -NAN 0 0
 577.303162406151 -NAN 0 0
 579.459819156992 -NAN 0 0
 581.616736833625 -NAN 0 0
 583.773921393288 -NAN 0 0
 585.931378793219 -NAN 0 0
 588.089114990656 -NAN 0 0
 590.247135942837 -NAN 0 0
 592.405447607 -NAN 0 0
 594.564055940383 -NAN 0 0
 596.722966900224 -NAN 0 0
 598.882186443761 -NAN 0 0
 601.041720528232 -NAN 0 0
 603.201575110875 -NAN 0 0
 605.361756148928 -NAN 0 0
 607.522269599629 -NAN 0 0
 609.683121420216 -NAN 0 0
 611.844317567927 -NAN 0 0
 614.005864 -NAN 0 0
 616.167766673673 -NAN 0 0
 618.330031546184 -NAN 0 0
 620.492664574771 -NAN 0 0
 622.655671716672 -NAN 0 0
 624.819058929125 -NAN 0 0
 626.982832169368 -NAN 0 0
 629.146997394639 -NAN 0 0
 631.311560562176 -NAN 0 0
 633.476527629217 -NAN 0 0
 635.641904553 -NAN 0 0
 637.807697290763 -NAN 0 0
 639.973911799744 -NAN 0 0
 642.140554037181 -NAN 0 0
 644.307629960312 -NAN 0 0
 646.475145526375 -NAN 0 0
 648.643106692608 -NAN 0 0
 650.811519416249 -NAN 0 0
 652.980389654536 -NAN 0 0
 655.149723364707 -NAN 0 0
 657.319526504 -NAN 0 0
 659.489805029653 -NAN 0 0
 661.660564898904 -NAN 0 0
 663.831812068991 -NAN 0 0
 666.003552497152 -NAN 0 0
 668.175792140625 -NAN 0 0
 670.348536956648 -NAN 0 0
 672.521792902459 -NAN 0 0
 674.695565935296 -NAN 0 0
 676.869862012397 -NAN 0 0
 679.044687091 -NAN 0 0
 681.220047128343 -NAN 0 0
 683.395948081664 -NAN 0 0
 685.572395908201 -NAN 0 0
 687.749396565192 -NAN 0 0
 689.926956009875 -NAN 0 0
 692.105080199488 -NAN 0 0
 694.283775091269 -NAN 0 0
 696.463046642456 -NAN 0 0
 698.642900810287 -NAN 0 0
 700.823343552 -NAN 0 0
 703.004380824833 -NAN 0 0
 705.186018586024 -NAN 0 0
 707.368262792811 -NAN 0 0
 709.551119402432 -NAN 0 0
 711.734594372125 -NAN 0 0
 713.918693659128 -NAN 0 0
 716.103423220679 -NAN 0 0
 718.288789014016 -NAN 0 0
 720.474796996377 -NAN 0 0
 722.661453125 -NAN 0 0
 724.848763357123 -NAN 0 0
 727.036733649984 -NAN 0 0
 729.225369960821 -NAN 0 0
 731.414678246872 -NAN 0 0
 733.604664465375 -NAN 0 0
 735.795334573568 -NAN 0 0
[END] of [DATA]
[END] of Spectrum


[Spectrum]
Version            = 1
IDData             = 12ad_2026-06-05_13-41-25_000_694
IDDevice           = SAM_82E6
IDDataType         = SPECTRUM
IDDataTypeSub1     = CALIBRATED
IDDataTypeSub2     = 
IDDataTypeSub3     = 
DateTime           = 2026-06-05 13:41:25
PositionLatitude   = 0
PositionLongitude  = 0
Comment            = 20260605_FrameB
CommentSub1        = UV
CommentSub2        = centre
CommentSub3        = 39cm
IDMethodType       = SAM Control
MethodName         = SAM_82E6
Mission            = No Mission
MissionSub         = 1
RecordType         = 0
[Attributes]
CalFactor = 1
IDBasisSpec = 
IDDataBack = DLAB_2024-11-11_10-40-48_641_639
IDDataCal = DLAB_2024-11-12_11-45-27_171_455
IntegrationTime = 256
P31 = -1
P31e = 0
PathLength = +INF
PathLengthCustomOn = 0
RAWDynamic = 65535
Salinity = 0
Temperature = -NAN
Unit1 = $01 $01 Wavelength nm
Unit2 = $03 $06 Intensity mW/(m^2 nm)
Unit3 = $f0 $06 Error mW/(m^2 nm)
Unit4 = $f1 $00 Status 
p999 = 6725
[END] of [Attributes]
[DATA]
 0 7 0 0
 185.260577530984 -NAN 0 0
 187.468128380571 -NAN 0 0
 189.674861895872 -NAN 0 0
 191.880784034125 -NAN 0 0
 194.085900752568 -NAN 0 0
 196.290218008439 -NAN 0 0
 198.493741758976 -NAN 0 0
 200.696477961417 -NAN 0 0
 202.898432573 -NAN 0 0
 205.099611550963 -NAN 0 0
 207.300020852544 -NAN 0 0
 209.499666434981 -NAN 0 0
 211.698554255512 -NAN 0 0
 213.896690271375 -NAN 0 0
 216.094080439808 -NAN 0 0
 218.290730718049 -NAN 0 0
 220.486647063336 -NAN 0 0
 222.681835432907 -NAN 0 0
 224.876301784 -NAN 0 0
 227.070052073853 -NAN 0 0
 229.263092259704 -NAN 0 0
 231.455428298791 -NAN 0 0
 233.647066148352 -NAN 0 0
 235.838011765625 -NAN 0 0
 238.028271107848 -NAN 0 0
 240.217850132259 -NAN 0 0
 242.406754796096 -NAN 0 0
 244.594991056597 -NAN 0 0
 246.782564871 -NAN 0 0
 248.969482196543 -NAN 0 0
 251.155748990464 -NAN 0 0
 253.341371210001 -NAN 0 0
 255.526354812392 -NAN 0 0
 257.710705754875 -NAN 0 0
 259.894429994688 -NAN 0 0
 262.077533489069 -NAN 0 0
 264.260022195256 -NAN 0 0
 266.441902070487 -NAN 0 0
 268.623179072 -NAN 0 0
 270.803859157033 -NAN 0 0
 272.983948282824 -NAN 0 0
 275.163452406611 -NAN 0 0
 277.342377485632 -NAN 0 0
 279.520729477125 6.14931891387022 0 0
 281.698514338328 12.2949597735267 0 0
 283.875738026479 18.8439752662611 0 0
 286.052406498816 25.2232372221787 0 0
 288.228525712577 38.403102672221 0 0
 290.404101625 53.6631867361637 0 0
 292.579140193323 68.6955626943313 0 0
 294.753647374784 92.3578142652025 0 0
 296.927629126621 109.839311338776 0 0
 299.101091406072 125.786629652445 0 0
 301.274040170375 148.260917864283 0 0
 303.446481376768 157.937629750765 0 0
 305.618420982489 167.165167672245 0 0
 307.789864944776 176.019070870668 0 0
 309.960819220867 184.243917391004 0 0
 312.131289768 190.999404073529 0 0
 314.301282543413 185.395911673824 0 0
 316.470803504344 167.733863926329 0 0
 318.639858608031 152.244652948384 0 0
 320.808453811712 141.701194072286 0 0
 322.976595072625 131.862453542994 0 0
 325.144288348008 118.688265443491 0 0
 327.311539595099 110.041837401937 0 0
 329.478354771136 98.4890912615478 0 0
 331.644739833357 86.8805664679195 0 0
 333.810700739 81.2324002799844 0 0
 335.976243445303 70.5546104644014 0 0
 338.141373909504 59.9847351236917 0 0
 340.306098088841 55.0615327023341 0 0
 342.470421940552 46.7863591358565 0 0
 344.634351421875 39.7596918227773 0 0
 346.797892490048 36.8331993782436 0 0
 348.961051102309 30.430926805654 0 0
 351.123833215896 25.5834493609885 0 0
 353.286244788047 24.1769641172165 0 0
 355.448291776 19.6357021216723 0 0
 357.609980136993 16.6667186284967 0 0
 359.771315828264 18.0400242315328 0 0
 361.932304807051 23.0526201231365 0 0
 364.092953030592 31.4963797464242 0 0
 366.253266456125 32.260889272373 0 0
 368.413251040888 17.8918323623849 0 0
 370.572912742119 9.01313783248764 0 0
 372.732257517056 8.1951340599361 0 0
 374.891291322937 4.85196391227333 0 0
 377.050020117 3.8827842973693 0 0
 379.208449856483 5.60622346328558 0 0
 381.366586498624 2.75901765721226 0 0
 383.524436000661 2.39883240219842 0 0
 385.682004319832 4.29304958596686 0 0
 387.839297413375 1.6899956006721 0 0
 389.996321238528 1.58838817417784 0 0
 392.153081752529 3.63585900125399 0 0
 394.309584912616 0.980352287057201 0 0
 396.465836676027 1.38208960761868 0 0
 398.621843 4.72124354514056 0 0
 400.777609841773 9.22720323740574 0 0
 402.933143158584 22.7383946906041 0 0
 405.088448907671 28.4695317616311 0 0
 407.243533046272 18.2463814643629 0 0
 409.398401531625 8.56759445746393 0 0
 411.553060320968 6.25161752374432 0 0
 413.707515371539 3.93285132069092 0 0
 415.861772640576 5.97105327577387 0 0
 418.015838085317 9.41798386385107 0 0
 420.169717663 10.8621804942841 0 0
 422.323417330863 16.1905447978498 0 0
 424.476943046144 23.3730825263988 0 0
 426.630300766081 30.34858343016 0 0
 428.783496447912 44.0011160391846 0 0
 430.936536048875 68.8215247832379 0 0
 433.089425526208 121.160859030902 0 0
 435.242170837149 176.239955731581 0 0
 437.394777938936 201.921221219094 0 0
 439.547252788807 206.594935883211 0 0
 441.699601344 245.938625276372 0 0
 443.851829561753 306.874036881412 0 0
 446.003943399304 364.983998709019 0 0
 448.155948813891 401.754769128666 0 0
 450.307851762752 399.471908138831 0 0
 452.459658203125 358.172843000906 0 0
 454.611374092248 301.811957299222 0 0
 456.763005387359 247.919994477748 0 0
 458.914558045696 205.500024975584 0 0
 461.066038024497 179.350814632344 0 0
 463.217451281 158.996714792105 0 0
 465.368803772443 137.219818893469 0 0
 467.520101456064 118.44089154053 0 0
 469.671350289101 99.3823395278751 0 0
 471.822556228792 81.9339798345201 0 0
 473.973725232375 72.6106685819436 0 0
 476.124863257088 66.0741092704947 0 0
 478.275976260169 60.5711951469313 0 0
 480.427070198856 60.6193709324334 0 0
 482.578151030387 59.7272489878946 0 0
 484.729224712 57.8919861337892 0 0
 486.880297200933 60.6096878434867 0 0
 489.031374454424 62.3889010367831 0 0
 491.182462429711 63.6540023535403 0 0
 493.333567084032 69.2065163845195 0 0
 495.484694374625 72.6107432654056 0 0
 497.635850258728 74.9910560542999 0 0
 499.787040693579 80.9890207887983 0 0
 501.938271636416 84.2420178417958 0 0
 504.089549044477 -NAN 0 0
 506.240878875 -NAN 0 0
 508.392267085223 -NAN 0 0
 510.543719632384 -NAN 0 0
 512.695242473721 -NAN 0 0
 514.846841566472 -NAN 0 0
 516.998522867875 -NAN 0 0
 519.150292335168 -NAN 0 0
 521.302155925589 -NAN 0 0
 523.454119596376 -NAN 0 0
 525.606189304767 -NAN 0 0
 527.758371008 -NAN 0 0
 529.910670663313 -NAN 0 0
 532.063094227944 -NAN 0 0
 534.215647659131 -NAN 0 0
 536.368336914112 -NAN 0 0
 538.521167950125 -NAN 0 0
 540.674146724408 -NAN 0 0
 542.827279194199 -NAN 0 0
 544.980571316736 -NAN 0 0
 547.134029049257 -NAN 0 0
 549.287658349 -NAN 0 0
 551.441465173203 -NAN 0 0
 553.595455479104 -NAN 0 0
 555.749635223941 -NAN 0 0
 557.904010364952 -NAN 0 0
 560.058586859375 -NAN 0 0
 562.213370664448 -NAN 0 0
 564.368367737409 -NAN 0 0
 566.523584035496 -NAN 0 0
 568.679025515947 -NAN 0 0
 570.834698136 -NAN 0 0
 572.990607852893 -NAN 0 0
 575.146760623864 -NAN 0 0
 577.303162406151 -NAN 0 0
 579.459819156992 -NAN 0 0
 581.616736833625 -NAN 0 0
 583.773921393288 -NAN 0 0
 585.931378793219 -NAN 0 0
 588.089114990656 -NAN 0 0
 590.247135942837 -NAN 0 0
 592.405447607 -NAN 0 0
 594.564055940383 -NAN 0 0
 596.722966900224 -NAN 0 0
 598.882186443761 -NAN 0 0
 601.041720528232 -NAN 0 0
 603.201575110875 -NAN 0 0
 605.361756148928 -NAN 0 0
 607.522269599629 -NAN 0 0
 609.683121420216 -NAN 0 0
 611.844317567927 -NAN 0 0
 614.005864 -NAN 0 0
 616.167766673673 -NAN 0 0
 618.330031546184 -NAN 0 0
 620.492664574771 -NAN 0 0
 622.655671716672 -NAN 0 0
 624.819058929125 -NAN 0 0
 626.982832169368 -NAN 0 0
 629.146997394639 -NAN 0 0
 631.311560562176 -NAN 0 0
 633.476527629217 -NAN 0 0
 635.641904553 -NAN 0 0
 637.807697290763 -NAN 0 0
 639.973911799744 -NAN 0 0
 642.140554037181 -NAN 0 0
 644.307629960312 -NAN 0 0
 646.475145526375 -NAN 0 0
 648.643106692608 -NAN 0 0
 650.811519416249 -NAN 0 0
 652.980389654536 -NAN 0 0
 655.149723364707 -NAN 0 0
 657.319526504 -NAN 0 0
 659.489805029653 -NAN 0 0
 661.660564898904 -NAN 0 0
 663.831812068991 -NAN 0 0
 666.003552497152 -NAN 0 0
 668.175792140625 -NAN 0 0
 670.348536956648 -NAN 0 0
 672.521792902459 -NAN 0 0
 674.695565935296 -NAN 0 0
 676.869862012397 -NAN 0 0
 679.044687091 -NAN 0 0
 681.220047128343 -NAN 0 0
 683.395948081664 -NAN 0 0
 685.572395908201 -NAN 0 0
 687.749396565192 -NAN 0 0
 689.926956009875 -NAN 0 0
 692.105080199488 -NAN 0 0
 694.283775091269 -NAN 0 0
 696.463046642456 -NAN 0 0
 698.642900810287 -NAN 0 0
 700.823343552 -NAN 0 0
 703.004380824833 -NAN 0 0
 705.186018586024 -NAN 0 0
 707.368262792811 -NAN 0 0
 709.551119402432 -NAN 0 0
 711.734594372125 -NAN 0 0
 713.918693659128 -NAN 0 0
 716.103423220679 -NAN 0 0
 718.288789014016 -NAN 0 0
 720.474796996377 -NAN 0 0
 722.661453125 -NAN 0 0
 724.848763357123 -NAN 0 0
 727.036733649984 -NAN 0 0
 729.225369960821 -NAN 0 0
 731.414678246872 -NAN 0 0
 733.604664465375 -NAN 0 0
 735.795334573568 -NAN 0 0
[END] of [DATA]
[END] of Spectrum


[Spectrum]
Version            = 1
IDData             = 12ad_2026-06-05_13-41-20_000_691
IDDevice           = SAM_82E6
IDDataType         = SPECTRUM
IDDataTypeSub1     = CALIBRATED
IDDataTypeSub2     = 
IDDataTypeSub3     = 
DateTime           = 2026-06-05 13:41:20
PositionLatitude   = 0
PositionLongitude  = 0
Comment            = 20260605_FrameB
CommentSub1        = UV
CommentSub2        = centre
CommentSub3        = 39cm
IDMethodType       = SAM Control
MethodName         = SAM_82E6
Mission            = No Mission
MissionSub         = 1
RecordType         = 0
[Attributes]
CalFactor = 1
IDBasisSpec = 
IDDataBack = DLAB_2024-11-11_10-40-48_641_639
IDDataCal = DLAB_2024-11-12_11-45-27_171_455
IntegrationTime = 256
P31 = -1
P31e = 0
PathLength = +INF
PathLengthCustomOn = 0
RAWDynamic = 65535
Salinity = 0
Temperature = -NAN
Unit1 = $01 $01 Wavelength nm
Unit2 = $03 $06 Intensity mW/(m^2 nm)
Unit3 = $f0 $06 Error mW/(m^2 nm)
Unit4 = $f1 $00 Status 
p999 = 6724
[END] of [Attributes]
[DATA]
 0 7 0 0
 185.260577530984 -NAN 0 0
 187.468128380571 -NAN 0 0
 189.674861895872 -NAN 0 0
 191.880784034125 -NAN 0 0
 194.085900752568 -NAN 0 0
 196.290218008439 -NAN 0 0
 198.493741758976 -NAN 0 0
 200.696477961417 -NAN 0 0
 202.898432573 -NAN 0 0
 205.099611550963 -NAN 0 0
 207.300020852544 -NAN 0 0
 209.499666434981 -NAN 0 0
 211.698554255512 -NAN 0 0
 213.896690271375 -NAN 0 0
 216.094080439808 -NAN 0 0
 218.290730718049 -NAN 0 0
 220.486647063336 -NAN 0 0
 222.681835432907 -NAN 0 0
 224.876301784 -NAN 0 0
 227.070052073853 -NAN 0 0
 229.263092259704 -NAN 0 0
 231.455428298791 -NAN 0 0
 233.647066148352 -NAN 0 0
 235.838011765625 -NAN 0 0
 238.028271107848 -NAN 0 0
 240.217850132259 -NAN 0 0
 242.406754796096 -NAN 0 0
 244.594991056597 -NAN 0 0
 246.782564871 -NAN 0 0
 248.969482196543 -NAN 0 0
 251.155748990464 -NAN 0 0
 253.341371210001 -NAN 0 0
 255.526354812392 -NAN 0 0
 257.710705754875 -NAN 0 0
 259.894429994688 -NAN 0 0
 262.077533489069 -NAN 0 0
 264.260022195256 -NAN 0 0
 266.441902070487 -NAN 0 0
 268.623179072 -NAN 0 0
 270.803859157033 -NAN 0 0
 272.983948282824 -NAN 0 0
 275.163452406611 -NAN 0 0
 277.342377485632 -NAN 0 0
 279.520729477125 7.50235886126412 0 0
 281.698514338328 12.444661750501 0 0
 283.875738026479 16.349426084719 0 0
 286.052406498816 26.6177611907052 0 0
 288.228525712577 37.9353259467732 0 0
 290.404101625 50.4401491140843 0 0
 292.579140193323 69.2502260905065 0 0
 294.753647374784 90.6420936685554 0 0
 296.927629126621 105.8138953896 0 0
 299.101091406072 125.161570454796 0 0
 301.274040170375 145.333931319918 0 0
 303.446481376768 153.452559862174 0 0
 305.618420982489 165.478361410081 0 0
 307.789864944776 172.41847429987 0 0
 309.960819220867 179.154351458065 0 0
 312.131289768 189.133174607765 0 0
 314.301282543413 181.33249766303 0 0
 316.470803504344 162.848659988818 0 0
 318.639858608031 151.280467105618 0 0
 320.808453811712 138.28358618192 0 0
 322.976595072625 127.64449054654 0 0
 325.144288348008 118.74962254622 0 0
 327.311539595099 106.911209663023 0 0
 329.478354771136 94.844123717684 0 0
 331.644739833357 87.7562603945076 0 0
 333.810700739 78.6575645649749 0 0
 335.976243445303 67.6465590360154 0 0
 338.141373909504 61.194630448328 0 0
 340.306098088841 52.8715518924109 0 0
 342.470421940552 44.6499931382404 0 0
 344.634351421875 41.0581100213123 0 0
 346.797892490048 35.0906906412056 0 0
 348.961051102309 28.8250724608457 0 0
 351.123833215896 26.9407387364111 0 0
 353.286244788047 22.6334746060322 0 0
 355.448291776 18.4712896612963 0 0
 357.609980136993 18.0518294273203 0 0
 359.771315828264 16.6336752288687 0 0
 361.932304807051 22.0023364759314 0 0
 364.092953030592 32.8754750152275 0 0
 366.253266456125 30.5237556104293 0 0
 368.413251040888 16.9723025291435 0 0
 370.572912742119 10.931667284466 0 0
 372.732257517056 6.57167295606924 0 0
 374.891291322937 4.11049014720608 0 0
 377.050020117 5.98987127604345 0 0
 379.208449856483 3.76385619103612 0 0
 381.366586498624 2.23398946686408 0 0
 383.524436000661 4.55697316468418 0 0
 385.682004319832 2.39491534548761 0 0
 387.839297413375 1.2911471489699 0 0
 389.996321238528 3.7087059279393 0 0
 392.153081752529 1.67167536865684 0 0
 394.309584912616 0.927852271453938 0 0
 396.465836676027 3.37237788973583 0 0
 398.621843 2.74755528304224 0 0
 400.777609841773 9.03667962229597 0 0
 402.933143158584 24.024087260344 0 0
 405.088448907671 26.0120185783598 0 0
 407.243533046272 18.0616468338567 0 0
 409.398401531625 10.049727193 0 0
 411.553060320968 4.47199368906329 0 0
 413.707515371539 4.24521256584721 0 0
 415.861772640576 7.28202457739513 0 0
 418.015838085317 7.92925509656276 0 0
 420.169717663 11.1918695902104 0 0
 422.323417330863 17.251232943464 0 0
 424.476943046144 21.9728286332296 0 0
 426.630300766081 30.8125477190854 0 0
 428.783496447912 44.9852817607926 0 0
 430.936536048875 67.2324044056379 0 0
 433.089425526208 120.699786950589 0 0
 435.242170837149 175.525857043766 0 0
 437.394777938936 199.243156057731 0 0
 439.547252788807 206.541958933824 0 0
 441.699601344 246.639337372699 0 0
 443.851829561753 305.493340021364 0 0
 446.003943399304 365.721065288217 0 0
 448.155948813891 402.58963174919 0 0
 450.307851762752 397.992483320492 0 0
 452.459658203125 359.045889982758 0 0
 454.611374092248 302.691114768773 0 0
 456.763005387359 246.3711690411 0 0
 458.914558045696 206.51252746445 0 0
 461.066038024497 180.091036452319 0 0
 463.217451281 157.376948704392 0 0
 465.368803772443 138.385666504094 0 0
 467.520101456064 119.026204596808 0 0
 469.671350289101 97.7623797857347 0 0
 471.822556228792 83.0724191267083 0 0
 473.973725232375 73.0439487327357 0 0
 476.124863257088 64.3774351336114 0 0
 478.275976260169 61.9685869317234 0 0
 480.427070198856 60.997524748388 0 0
 482.578151030387 58.0267984397962 0 0
 484.729224712 59.3174841064786 0 0
 486.880297200933 60.8283749655029 0 0
 489.031374454424 60.8554072061734 0 0
 491.182462429711 65.1489211667009 0 0
 493.333567084032 69.2337930069639 0 0
 495.484694374625 71.0838695667792 0 0
 497.635850258728 76.5681822656472 0 0
 499.787040693579 80.9863028626547 0 0
 501.938271636416 82.8154787026023 0 0
 504.089549044477 -NAN 0 0
 506.240878875 -NAN 0 0
 508.392267085223 -NAN 0 0
 510.543719632384 -NAN 0 0
 512.695242473721 -NAN 0 0
 514.846841566472 -NAN 0 0
 516.998522867875 -NAN 0 0
 519.150292335168 -NAN 0 0
 521.302155925589 -NAN 0 0
 523.454119596376 -NAN 0 0
 525.606189304767 -NAN 0 0
 527.758371008 -NAN 0 0
 529.910670663313 -NAN 0 0
 532.063094227944 -NAN 0 0
 534.215647659131 -NAN 0 0
 536.368336914112 -NAN 0 0
 538.521167950125 -NAN 0 0
 540.674146724408 -NAN 0 0
 542.827279194199 -NAN 0 0
 544.980571316736 -NAN 0 0
 547.134029049257 -NAN 0 0
 549.287658349 -NAN 0 0
 551.441465173203 -NAN 0 0
 553.595455479104 -NAN 0 0
 555.749635223941 -NAN 0 0
 557.904010364952 -NAN 0 0
 560.058586859375 -NAN 0 0
 562.213370664448 -NAN 0 0
 564.368367737409 -NAN 0 0
 566.523584035496 -NAN 0 0
 568.679025515947 -NAN 0 0
 570.834698136 -NAN 0 0
 572.990607852893 -NAN 0 0
 575.146760623864 -NAN 0 0
 577.303162406151 -NAN 0 0
 579.459819156992 -NAN 0 0
 581.616736833625 -NAN 0 0
 583.773921393288 -NAN 0 0
 585.931378793219 -NAN 0 0
 588.089114990656 -NAN 0 0
 590.247135942837 -NAN 0 0
 592.405447607 -NAN 0 0
 594.564055940383 -NAN 0 0
 596.722966900224 -NAN 0 0
 598.882186443761 -NAN 0 0
 601.041720528232 -NAN 0 0
 603.201575110875 -NAN 0 0
 605.361756148928 -NAN 0 0
 607.522269599629 -NAN 0 0
 609.683121420216 -NAN 0 0
 611.844317567927 -NAN 0 0
 614.005864 -NAN 0 0
 616.167766673673 -NAN 0 0
 618.330031546184 -NAN 0 0
 620.492664574771 -NAN 0 0
 622.655671716672 -NAN 0 0
 624.819058929125 -NAN 0 0
 626.982832169368 -NAN 0 0
 629.146997394639 -NAN 0 0
 631.311560562176 -NAN 0 0
 633.476527629217 -NAN 0 0
 635.641904553 -NAN 0 0
 637.807697290763 -NAN 0 0
 639.973911799744 -NAN 0 0
 642.140554037181 -NAN 0 0
 644.307629960312 -NAN 0 0
 646.475145526375 -NAN 0 0
 648.643106692608 -NAN 0 0
 650.811519416249 -NAN 0 0
 652.980389654536 -NAN 0 0
 655.149723364707 -NAN 0 0
 657.319526504 -NAN 0 0
 659.489805029653 -NAN 0 0
 661.660564898904 -NAN 0 0
 663.831812068991 -NAN 0 0
 666.003552497152 -NAN 0 0
 668.175792140625 -NAN 0 0
 670.348536956648 -NAN 0 0
 672.521792902459 -NAN 0 0
 674.695565935296 -NAN 0 0
 676.869862012397 -NAN 0 0
 679.044687091 -NAN 0 0
 681.220047128343 -NAN 0 0
 683.395948081664 -NAN 0 0
 685.572395908201 -NAN 0 0
 687.749396565192 -NAN 0 0
 689.926956009875 -NAN 0 0
 692.105080199488 -NAN 0 0
 694.283775091269 -NAN 0 0
 696.463046642456 -NAN 0 0
 698.642900810287 -NAN 0 0
 700.823343552 -NAN 0 0
 703.004380824833 -NAN 0 0
 705.186018586024 -NAN 0 0
 707.368262792811 -NAN 0 0
 709.551119402432 -NAN 0 0
 711.734594372125 -NAN 0 0
 713.918693659128 -NAN 0 0
 716.103423220679 -NAN 0 0
 718.288789014016 -NAN 0 0
 720.474796996377 -NAN 0 0
 722.661453125 -NAN 0 0
 724.848763357123 -NAN 0 0
 727.036733649984 -NAN 0 0
 729.225369960821 -NAN 0 0
 731.414678246872 -NAN 0 0
 733.604664465375 -NAN 0 0
 735.795334573568 -NAN 0 0
[END] of [DATA]
[END] of Spectrum


[Spectrum]
Version            = 1
IDData             = 12ad_2026-06-05_13-41-15_000_688
IDDevice           = SAM_82E6
IDDataType         = SPECTRUM
IDDataTypeSub1     = CALIBRATED
IDDataTypeSub2     = 
IDDataTypeSub3     = 
DateTime           = 2026-06-05 13:41:15
PositionLatitude   = 0
PositionLongitude  = 0
Comment            = 20260605_FrameB
CommentSub1        = UV
CommentSub2        = centre
CommentSub3        = 39cm
IDMethodType       = SAM Control
MethodName         = SAM_82E6
Mission            = No Mission
MissionSub         = 1
RecordType         = 0
[Attributes]
CalFactor = 1
IDBasisSpec = 
IDDataBack = DLAB_2024-11-11_10-40-48_641_639
IDDataCal = DLAB_2024-11-12_11-45-27_171_455
IntegrationTime = 256
P31 = -1
P31e = 0
PathLength = +INF
PathLengthCustomOn = 0
RAWDynamic = 65535
Salinity = 0
Temperature = -NAN
Unit1 = $01 $01 Wavelength nm
Unit2 = $03 $06 Intensity mW/(m^2 nm)
Unit3 = $f0 $06 Error mW/(m^2 nm)
Unit4 = $f1 $00 Status 
p999 = 6723
[END] of [Attributes]
[DATA]
 0 7 0 0
 185.260577530984 -NAN 0 0
 187.468128380571 -NAN 0 0
 189.674861895872 -NAN 0 0
 191.880784034125 -NAN 0 0
 194.085900752568 -NAN 0 0
 196.290218008439 -NAN 0 0
 198.493741758976 -NAN 0 0
 200.696477961417 -NAN 0 0
 202.898432573 -NAN 0 0
 205.099611550963 -NAN 0 0
 207.300020852544 -NAN 0 0
 209.499666434981 -NAN 0 0
 211.698554255512 -NAN 0 0
 213.896690271375 -NAN 0 0
 216.094080439808 -NAN 0 0
 218.290730718049 -NAN 0 0
 220.486647063336 -NAN 0 0
 222.681835432907 -NAN 0 0
 224.876301784 -NAN 0 0
 227.070052073853 -NAN 0 0
 229.263092259704 -NAN 0 0
 231.455428298791 -NAN 0 0
 233.647066148352 -NAN 0 0
 235.838011765625 -NAN 0 0
 238.028271107848 -NAN 0 0
 240.217850132259 -NAN 0 0
 242.406754796096 -NAN 0 0
 244.594991056597 -NAN 0 0
 246.782564871 -NAN 0 0
 248.969482196543 -NAN 0 0
 251.155748990464 -NAN 0 0
 253.341371210001 -NAN 0 0
 255.526354812392 -NAN 0 0
 257.710705754875 -NAN 0 0
 259.894429994688 -NAN 0 0
 262.077533489069 -NAN 0 0
 264.260022195256 -NAN 0 0
 266.441902070487 -NAN 0 0
 268.623179072 -NAN 0 0
 270.803859157033 -NAN 0 0
 272.983948282824 -NAN 0 0
 275.163452406611 -NAN 0 0
 277.342377485632 -NAN 0 0
 279.520729477125 8.39898910712109 0 0
 281.698514338328 9.99713248503445 0 0
 283.875738026479 17.3534591829791 0 0
 286.052406498816 27.0620343134216 0 0
 288.228525712577 34.6601725183701 0 0
 290.404101625 50.872020160219 0 0
 292.579140193323 68.6412944840321 0 0
 294.753647374784 86.5153305262412 0 0
 296.927629126621 105.116859163106 0 0
 299.101091406072 123.123722546351 0 0
 301.274040170375 140.404758340548 0 0
 303.446481376768 151.65372627968 0 0
 305.618420982489 162.448885324319 0 0
 307.789864944776 167.204370077709 0 0
 309.960819220867 177.004835237528 0 0
 312.131289768 185.497487297614 0 0
 314.301282543413 176.058024647444 0 0
 316.470803504344 161.199285144342 0 0
 318.639858608031 148.328090175467 0 0
 320.808453811712 133.527553857761 0 0
 322.976595072625 126.897786645517 0 0
 325.144288348008 116.241921665268 0 0
 327.311539595099 102.55721088776 0 0
 329.478354771136 95.0181539982929 0 0
 331.644739833357 85.5710968515762 0 0
 333.810700739 74.9274202695889 0 0
 335.976243445303 68.4838685200196 0 0
 338.141373909504 59.5009174343857 0 0
 340.306098088841 49.8420897493998 0 0
 342.470421940552 45.6752916832195 0 0
 344.634351421875 39.7339120909904 0 0
 346.797892490048 32.7641243829489 0 0
 348.961051102309 30.0116814329547 0 0
 351.123833215896 25.8123695071938 0 0
 353.286244788047 20.8375528646542 0 0
 355.448291776 19.8266334950827 0 0
 357.609980136993 17.0880878587534 0 0
 359.771315828264 15.0073657129772 0 0
 361.932304807051 23.3957603633369 0 0
 364.092953030592 31.5850076454018 0 0
 366.253266456125 28.8631142206586 0 0
 368.413251040888 18.6961936601512 0 0
 370.572912742119 9.74475381008333 0 0
 372.732257517056 5.11584122291102 0 0
 374.891291322937 6.38532896949763 0 0
 377.050020117 4.68630519103718 0 0
 379.208449856483 2.46657213378185 0 0
 381.366586498624 4.59979617115168 0 0
 383.524436000661 2.99646045002539 0 0
 385.682004319832 1.17880086395163 0 0
 387.839297413375 3.65023301783018 0 0
 389.996321238528 2.19168494479099 0 0
 392.153081752529 0.672585142256315 0 0
 394.309584912616 3.07558018249651 0 0
 396.465836676027 1.71704874852137 0 0
 398.621843 1.94746518418826 0 0
 400.777609841773 11.0030393905279 0 0
 402.933143158584 21.8683819265563 0 0
 405.088448907671 24.9064140470206 0 0
 407.243533046272 19.5264558333048 0 0
 409.398401531625 8.33785528972139 0 0
 411.553060320968 4.08485519140413 0 0
 413.707515371539 5.92528119853843 0 0
 415.861772640576 5.86746153804358 0 0
 418.015838085317 7.73462433002391 0 0
 420.169717663 12.7159130149948 0 0
 422.323417330863 15.9080913727985 0 0
 424.476943046144 21.908918471386 0 0
 426.630300766081 32.0555404187179 0 0
 428.783496447912 43.6803665256327 0 0
 430.936536048875 67.0247516521221 0 0
 433.089425526208 120.88194887872 0 0
 435.242170837149 172.533595726277 0 0
 437.394777938936 197.854766508323 0 0
 439.547252788807 207.066066768979 0 0
 441.699601344 245.174623055216 0 0
 443.851829561753 305.779607572826 0 0
 446.003943399304 366.814473399899 0 0
 448.155948813891 401.176112378025 0 0
 450.307851762752 398.349601411356 0 0
 452.459658203125 360.062978137742 0 0
 454.611374092248 301.030748146992 0 0
 456.763005387359 246.810482905891 0 0
 458.914558045696 207.57243642766 0 0
 461.066038024497 178.266208813536 0 0
 463.217451281 157.947164531358 0 0
 465.368803772443 139.478153853119 0 0
 467.520101456064 117.242954388751 0 0
 469.671350289101 98.5417790602693 0 0
 471.822556228792 84.11521421528 0 0
 473.973725232375 71.170989300722 0 0
 476.124863257088 65.2443166012653 0 0
 478.275976260169 62.9387046479251 0 0
 480.427070198856 59.042708998755 0 0
 482.578151030387 59.0715123964881 0 0
 484.729224712 60.1623892161245 0 0
 486.880297200933 58.9860338403839 0 0
 489.031374454424 61.8624443805978 0 0
 491.182462429711 65.8726472712418 0 0
 493.333567084032 67.3901159960341 0 0
 495.484694374625 72.2493628648246 0 0
 497.635850258728 77.1013880664922 0 0
 499.787040693579 79.1663795168922 0 0
 501.938271636416 84.0165482456728 0 0
 504.089549044477 -NAN 0 0
 506.240878875 -NAN 0 0
 508.392267085223 -NAN 0 0
 510.543719632384 -NAN 0 0
 512.695242473721 -NAN 0 0
 514.846841566472 -NAN 0 0
 516.998522867875 -NAN 0 0
 519.150292335168 -NAN 0 0
 521.302155925589 -NAN 0 0
 523.454119596376 -NAN 0 0
 525.606189304767 -NAN 0 0
 527.758371008 -NAN 0 0
 529.910670663313 -NAN 0 0
 532.063094227944 -NAN 0 0
 534.215647659131 -NAN 0 0
 536.368336914112 -NAN 0 0
 538.521167950125 -NAN 0 0
 540.674146724408 -NAN 0 0
 542.827279194199 -NAN 0 0
 544.980571316736 -NAN 0 0
 547.134029049257 -NAN 0 0
 549.287658349 -NAN 0 0
 551.441465173203 -NAN 0 0
 553.595455479104 -NAN 0 0
 555.749635223941 -NAN 0 0
 557.904010364952 -NAN 0 0
 560.058586859375 -NAN 0 0
 562.213370664448 -NAN 0 0
 564.368367737409 -NAN 0 0
 566.523584035496 -NAN 0 0
 568.679025515947 -NAN 0 0
 570.834698136 -NAN 0 0
 572.990607852893 -NAN 0 0
 575.146760623864 -NAN 0 0
 577.303162406151 -NAN 0 0
 579.459819156992 -NAN 0 0
 581.616736833625 -NAN 0 0
 583.773921393288 -NAN 0 0
 585.931378793219 -NAN 0 0
 588.089114990656 -NAN 0 0
 590.247135942837 -NAN 0 0
 592.405447607 -NAN 0 0
 594.564055940383 -NAN 0 0
 596.722966900224 -NAN 0 0
 598.882186443761 -NAN 0 0
 601.041720528232 -NAN 0 0
 603.201575110875 -NAN 0 0
 605.361756148928 -NAN 0 0
 607.522269599629 -NAN 0 0
 609.683121420216 -NAN 0 0
 611.844317567927 -NAN 0 0
 614.005864 -NAN 0 0
 616.167766673673 -NAN 0 0
 618.330031546184 -NAN 0 0
 620.492664574771 -NAN 0 0
 622.655671716672 -NAN 0 0
 624.819058929125 -NAN 0 0
 626.982832169368 -NAN 0 0
 629.146997394639 -NAN 0 0
 631.311560562176 -NAN 0 0
 633.476527629217 -NAN 0 0
 635.641904553 -NAN 0 0
 637.807697290763 -NAN 0 0
 639.973911799744 -NAN 0 0
 642.140554037181 -NAN 0 0
 644.307629960312 -NAN 0 0
 646.475145526375 -NAN 0 0
 648.643106692608 -NAN 0 0
 650.811519416249 -NAN 0 0
 652.980389654536 -NAN 0 0
 655.149723364707 -NAN 0 0
 657.319526504 -NAN 0 0
 659.489805029653 -NAN 0 0
 661.660564898904 -NAN 0 0
 663.831812068991 -NAN 0 0
 666.003552497152 -NAN 0 0
 668.175792140625 -NAN 0 0
 670.348536956648 -NAN 0 0
 672.521792902459 -NAN 0 0
 674.695565935296 -NAN 0 0
 676.869862012397 -NAN 0 0
 679.044687091 -NAN 0 0
 681.220047128343 -NAN 0 0
 683.395948081664 -NAN 0 0
 685.572395908201 -NAN 0 0
 687.749396565192 -NAN 0 0
 689.926956009875 -NAN 0 0
 692.105080199488 -NAN 0 0
 694.283775091269 -NAN 0 0
 696.463046642456 -NAN 0 0
 698.642900810287 -NAN 0 0
 700.823343552 -NAN 0 0
 703.004380824833 -NAN 0 0
 705.186018586024 -NAN 0 0
 707.368262792811 -NAN 0 0
 709.551119402432 -NAN 0 0
 711.734594372125 -NAN 0 0
 713.918693659128 -NAN 0 0
 716.103423220679 -NAN 0 0
 718.288789014016 -NAN 0 0
 720.474796996377 -NAN 0 0
 722.661453125 -NAN 0 0
 724.848763357123 -NAN 0 0
 727.036733649984 -NAN 0 0
 729.225369960821 -NAN 0 0
 731.414678246872 -NAN 0 0
 733.604664465375 -NAN 0 0
 735.795334573568 -NAN 0 0
[END] of [DATA]
[END] of Spectrum


[Spectrum]
Version            = 1
IDData             = 12ad_2026-06-05_13-41-10_000_685
IDDevice           = SAM_82E6
IDDataType         = SPECTRUM
IDDataTypeSub1     = CALIBRATED
IDDataTypeSub2     = 
IDDataTypeSub3     = 
DateTime           = 2026-06-05 13:41:10
PositionLatitude   = 0
PositionLongitude  = 0
Comment            = 20260605_FrameB
CommentSub1        = UV
CommentSub2        = centre
CommentSub3        = 39cm
IDMethodType       = SAM Control
MethodName         = SAM_82E6
Mission            = No Mission
MissionSub         = 1
RecordType         = 0
[Attributes]
CalFactor = 1
IDBasisSpec = 
IDDataBack = DLAB_2024-11-11_10-40-48_641_639
IDDataCal = DLAB_2024-11-12_11-45-27_171_455
IntegrationTime = 256
P31 = -1
P31e = 0
PathLength = +INF
PathLengthCustomOn = 0
RAWDynamic = 65535
Salinity = 0
Temperature = -NAN
Unit1 = $01 $01 Wavelength nm
Unit2 = $03 $06 Intensity mW/(m^2 nm)
Unit3 = $f0 $06 Error mW/(m^2 nm)
Unit4 = $f1 $00 Status 
p999 = 6722
[END] of [Attributes]
[DATA]
 0 7 0 0
 185.260577530984 -NAN 0 0
 187.468128380571 -NAN 0 0
 189.674861895872 -NAN 0 0
 191.880784034125 -NAN 0 0
 194.085900752568 -NAN 0 0
 196.290218008439 -NAN 0 0
 198.493741758976 -NAN 0 0
 200.696477961417 -NAN 0 0
 202.898432573 -NAN 0 0
 205.099611550963 -NAN 0 0
 207.300020852544 -NAN 0 0
 209.499666434981 -NAN 0 0
 211.698554255512 -NAN 0 0
 213.896690271375 -NAN 0 0
 216.094080439808 -NAN 0 0
 218.290730718049 -NAN 0 0
 220.486647063336 -NAN 0 0
 222.681835432907 -NAN 0 0
 224.876301784 -NAN 0 0
 227.070052073853 -NAN 0 0
 229.263092259704 -NAN 0 0
 231.455428298791 -NAN 0 0
 233.647066148352 -NAN 0 0
 235.838011765625 -NAN 0 0
 238.028271107848 -NAN 0 0
 240.217850132259 -NAN 0 0
 242.406754796096 -NAN 0 0
 244.594991056597 -NAN 0 0
 246.782564871 -NAN 0 0
 248.969482196543 -NAN 0 0
 251.155748990464 -NAN 0 0
 253.341371210001 -NAN 0 0
 255.526354812392 -NAN 0 0
 257.710705754875 -NAN 0 0
 259.894429994688 -NAN 0 0
 262.077533489069 -NAN 0 0
 264.260022195256 -NAN 0 0
 266.441902070487 -NAN 0 0
 268.623179072 -NAN 0 0
 270.803859157033 -NAN 0 0
 272.983948282824 -NAN 0 0
 275.163452406611 -NAN 0 0
 277.342377485632 -NAN 0 0
 279.520729477125 5.72092890751634 0 0
 281.698514338328 11.7510643812008 0 0
 283.875738026479 17.481258051323 0 0
 286.052406498816 23.5608426943673 0 0
 288.228525712577 36.3113598876765 0 0
 290.404101625 50.074440130573 0 0
 292.579140193323 64.4302223212024 0 0
 294.753647374784 86.9348505604433 0 0
 296.927629126621 102.923543896681 0 0
 299.101091406072 118.072600698429 0 0
 301.274040170375 139.465453838006 0 0
 303.446481376768 148.223709967706 0 0
 305.618420982489 156.980879943397 0 0
 307.789864944776 165.473283200343 0 0
 309.960819220867 172.891143184501 0 0
 312.131289768 179.472328615411 0 0
 314.301282543413 174.227191807268 0 0
 316.470803504344 157.230400564874 0 0
 318.639858608031 143.002876971824 0 0
 320.808453811712 133.096941919092 0 0
 322.976595072625 123.544650201095 0 0
 325.144288348008 111.526086934334 0 0
 327.311539595099 103.296804282414 0 0
 329.478354771136 92.073769891752 0 0
 331.644739833357 81.6545317073857 0 0
 333.810700739 76.3136425444417 0 0
 335.976243445303 65.9203350564061 0 0
 338.141373909504 56.3417072976832 0 0
 340.306098088841 51.5895953538473 0 0
 342.470421940552 43.5899941955066 0 0
 344.634351421875 37.2785498317752 0 0
 346.797892490048 34.547704383113 0 0
 348.961051102309 28.3052081986985 0 0
 351.123833215896 23.9994786671964 0 0
 353.286244788047 22.6536473760477 0 0
 355.448291776 18.2201207841621 0 0
 357.609980136993 15.662285749257 0 0
 359.771315828264 17.0311099948223 0 0
 361.932304807051 21.6866474549471 0 0
 364.092953030592 30.1325262182094 0 0
 366.253266456125 30.7240369032181 0 0
 368.413251040888 16.8092481289181 0 0
 370.572912742119 8.53586045654538 0 0
 372.732257517056 7.71116132427149 0 0
 374.891291322937 4.34106630443007 0 0
 377.050020117 3.80553593677633 0 0
 379.208449856483 5.27595481440532 0 0
 381.366586498624 2.38732879029013 0 0
 383.524436000661 2.22970579651136 0 0
 385.682004319832 4.04698197742215 0 0
 387.839297413375 1.2536001366427 0 0
 389.996321238528 1.68671360827078 0 0
 392.153081752529 3.445754333175 0 0
 394.309584912616 0.805806780635963 0 0
 396.465836676027 1.51231420348065 0 0
 398.621843 4.46781533804088 0 0
 400.777609841773 8.41699018475463 0 0
 402.933143158584 21.1846646851816 0 0
 405.088448907671 26.4548746156352 0 0
 407.243533046272 16.8540407122517 0 0
 409.398401531625 8.16311602248579 0 0
 411.553060320968 5.97146601831576 0 0
 413.707515371539 3.78754235435336 0 0
 415.861772640576 6.03331037923739 0 0
 418.015838085317 9.29216195416939 0 0
 420.169717663 10.7921747752065 0 0
 422.323417330863 16.2546347160138 0 0
 424.476943046144 23.2674532311297 0 0
 426.630300766081 30.2458638945654 0 0
 428.783496447912 43.9994301021882 0 0
 430.936536048875 67.929936373301 0 0
 433.089425526208 118.033341127045 0 0
 435.242170837149 171.253652750861 0 0
 437.394777938936 197.387573824599 0 0
 439.547252788807 204.766220118882 0 0
 441.699601344 245.574501571184 0 0
 443.851829561753 306.781962522755 0 0
 446.003943399304 364.920687128217 0 0
 448.155948813891 401.824085100313 0 0
 450.307851762752 399.307778107171 0 0
 452.459658203125 358.095959287916 0 0
 454.611374092248 301.904199889321 0 0
 456.763005387359 247.777461534949 0 0
 458.914558045696 205.372277002617 0 0
 461.066038024497 179.559686584298 0 0
 463.217451281 158.82637709516 0 0
 465.368803772443 137.198708026821 0 0
 467.520101456064 118.592976543259 0 0
 469.671350289101 99.3022346024368 0 0
 471.822556228792 81.8629298546908 0 0
 473.973725232375 72.648105748721 0 0
 476.124863257088 65.9423610014643 0 0
 478.275976260169 60.5789738685961 0 0
 480.427070198856 60.6772913990892 0 0
 482.578151030387 59.5743367955156 0 0
 484.729224712 57.8595757525991 0 0
 486.880297200933 60.6879901378148 0 0
 489.031374454424 62.285959458953 0 0
 491.182462429711 63.5914581222837 0 0
 493.333567084032 69.2042897214629 0 0
 495.484694374625 72.4989533099426 0 0
 497.635850258728 75.0481068807278 0 0
 499.787040693579 81.0064155161174 0 0
 501.938271636416 84.1430049403957 0 0
 504.089549044477 -NAN 0 0
 506.240878875 -NAN 0 0
 508.392267085223 -NAN 0 0
 510.543719632384 -NAN 0 0
 512.695242473721 -NAN 0 0
 514.846841566472 -NAN 0 0
 516.998522867875 -NAN 0 0
 519.150292335168 -NAN 0 0
 521.302155925589 -NAN 0 0
 523.454119596376 -NAN 0 0
 525.606189304767 -NAN 0 0
 527.758371008 -NAN 0 0
 529.910670663313 -NAN 0 0
 532.063094227944 -NAN 0 0
 534.215647659131 -NAN 0 0
 536.368336914112 -NAN 0 0
 538.521167950125 -NAN 0 0
 540.674146724408 -NAN 0 0
 542.827279194199 -NAN 0 0
 544.980571316736 -NAN 0 0
 547.134029049257 -NAN 0 0
 549.287658349 -NAN 0 0
 551.441465173203 -NAN 0 0
 553.595455479104 -NAN 0 0
 555.749635223941 -NAN 0 0
 557.904010364952 -NAN 0 0
 560.058586859375 -NAN 0 0
 562.213370664448 -NAN 0 0
 564.368367737409 -NAN 0 0
 566.523584035496 -NAN 0 0
 568.679025515947 -NAN 0 0
 570.834698136 -NAN 0 0
 572.990607852893 -NAN 0 0
 575.146760623864 -NAN 0 0
 577.303162406151 -NAN 0 0
 579.459819156992 -NAN 0 0
 581.616736833625 -NAN 0 0
 583.773921393288 -NAN 0 0
 585.931378793219 -NAN 0 0
 588.089114990656 -NAN 0 0
 590.247135942837 -NAN 0 0
 592.405447607 -NAN 0 0
 594.564055940383 -NAN 0 0
 596.722966900224 -NAN 0 0
 598.882186443761 -NAN 0 0
 601.041720528232 -NAN 0 0
 603.201575110875 -NAN 0 0
 605.361756148928 -NAN 0 0
 607.522269599629 -NAN 0 0
 609.683121420216 -NAN 0 0
 611.844317567927 -NAN 0 0
 614.005864 -NAN 0 0
 616.167766673673 -NAN 0 0
 618.330031546184 -NAN 0 0
 620.492664574771 -NAN 0 0
 622.655671716672 -NAN 0 0
 624.819058929125 -NAN 0 0
 626.982832169368 -NAN 0 0
 629.146997394639 -NAN 0 0
 631.311560562176 -NAN 0 0
 633.476527629217 -NAN 0 0
 635.641904553 -NAN 0 0
 637.807697290763 -NAN 0 0
 639.973911799744 -NAN 0 0
 642.140554037181 -NAN 0 0
 644.307629960312 -NAN 0 0
 646.475145526375 -NAN 0 0
 648.643106692608 -NAN 0 0
 650.811519416249 -NAN 0 0
 652.980389654536 -NAN 0 0
 655.149723364707 -NAN 0 0
 657.319526504 -NAN 0 0
 659.489805029653 -NAN 0 0
 661.660564898904 -NAN 0 0
 663.831812068991 -NAN 0 0
 666.003552497152 -NAN 0 0
 668.175792140625 -NAN 0 0
 670.348536956648 -NAN 0 0
 672.521792902459 -NAN 0 0
 674.695565935296 -NAN 0 0
 676.869862012397 -NAN 0 0
 679.044687091 -NAN 0 0
 681.220047128343 -NAN 0 0
 683.395948081664 -NAN 0 0
 685.572395908201 -NAN 0 0
 687.749396565192 -NAN 0 0
 689.926956009875 -NAN 0 0
 692.105080199488 -NAN 0 0
 694.283775091269 -NAN 0 0
 696.463046642456 -NAN 0 0
 698.642900810287 -NAN 0 0
 700.823343552 -NAN 0 0
 703.004380824833 -NAN 0 0
 705.186018586024 -NAN 0 0
 707.368262792811 -NAN 0 0
 709.551119402432 -NAN 0 0
 711.734594372125 -NAN 0 0
 713.918693659128 -NAN 0 0
 716.103423220679 -NAN 0 0
 718.288789014016 -NAN 0 0
 720.474796996377 -NAN 0 0
 722.661453125 -NAN 0 0
 724.848763357123 -NAN 0 0
 727.036733649984 -NAN 0 0
 729.225369960821 -NAN 0 0
 731.414678246872 -NAN 0 0
 733.604664465375 -NAN 0 0
 735.795334573568 -NAN 0 0
[END] of [DATA]
[END] of Spectrum


[Spectrum]
Version            = 1
IDData             = 12ad_2026-06-05_13-41-05_000_682
IDDevice           = SAM_82E6
IDDataType         = SPECTRUM
IDDataTypeSub1     = CALIBRATED
IDDataTypeSub2     = 
IDDataTypeSub3     = 
DateTime           = 2026-06-05 13:41:05
PositionLatitude   = 0
PositionLongitude  = 0
Comment            = 20260605_FrameB
CommentSub1        = UV
CommentSub2        = centre
CommentSub3        = 39cm
IDMethodType       = SAM Control
MethodName         = SAM_82E6
Mission            = No Mission
MissionSub         = 1
RecordType         = 0
[Attributes]
CalFactor = 1
IDBasisSpec = 
IDDataBack = DLAB_2024-11-11_10-40-48_641_639
IDDataCal = DLAB_2024-11-12_11-45-27_171_455
IntegrationTime = 256
P31 = -1
P31e = 0
PathLength = +INF
PathLengthCustomOn = 0
RAWDynamic = 65535
Salinity = 0
Temperature = -NAN
Unit1 = $01 $01 Wavelength nm
Unit2 = $03 $06 Intensity mW/(m^2 nm)
Unit3 = $f0 $06 Error mW/(m^2 nm)
Unit4 = $f1 $00 Status 
p999 = 6721
[END] of [Attributes]
[DATA]
 0 7 0 0
 185.260577530984 -NAN 0 0
 187.468128380571 -NAN 0 0
 189.674861895872 -NAN 0 0
 191.880784034125 -NAN 0 0
 194.085900752568 -NAN 0 0
 196.290218008439 -NAN 0 0
 198.493741758976 -NAN 0 0
 200.696477961417 -NAN 0 0
 202.898432573 -NAN 0 0
 205.099611550963 -NAN 0 0
 207.300020852544 -NAN 0 0
 209.499666434981 -NAN 0 0
 211.698554255512 -NAN 0 0
 213.896690271375 -NAN 0 0
 216.094080439808 -NAN 0 0
 218.290730718049 -NAN 0 0
 220.486647063336 -NAN 0 0
 222.681835432907 -NAN 0 0
 224.876301784 -NAN 0 0
 227.070052073853 -NAN 0 0
 229.263092259704 -NAN 0 0
 231.455428298791 -NAN 0 0
 233.647066148352 -NAN 0 0
 235.838011765625 -NAN 0 0
 238.028271107848 -NAN 0 0
 240.217850132259 -NAN 0 0
 242.406754796096 -NAN 0 0
 244.594991056597 -NAN 0 0
 246.782564871 -NAN 0 0
 248.969482196543 -NAN 0 0
 251.155748990464 -NAN 0 0
 253.341371210001 -NAN 0 0
 255.526354812392 -NAN 0 0
 257.710705754875 -NAN 0 0
 259.894429994688 -NAN 0 0
 262.077533489069 -NAN 0 0
 264.260022195256 -NAN 0 0
 266.441902070487 -NAN 0 0
 268.623179072 -NAN 0 0
 270.803859157033 -NAN 0 0
 272.983948282824 -NAN 0 0
 275.163452406611 -NAN 0 0
 277.342377485632 -NAN 0 0
 279.520729477125 5.67672005511644 0 0
 281.698514338328 10.8456615946967 0 0
 283.875738026479 17.6598940385662 0 0
 286.052406498816 23.065028081924 0 0
 288.228525712577 34.7002881334161 0 0
 290.404101625 49.5516871302853 0 0
 292.579140193323 62.9339702372379 0 0
 294.753647374784 84.3116526956853 0 0
 296.927629126621 101.210155212431 0 0
 299.101091406072 115.509798401873 0 0
 301.274040170375 135.643836322102 0 0
 303.446481376768 145.383475158189 0 0
 305.618420982489 153.361532493403 0 0
 307.789864944776 161.183244804352 0 0
 309.960819220867 169.477746008752 0 0
 312.131289768 175.280204482336 0 0
 314.301282543413 169.842844253197 0 0
 316.470803504344 154.251140892092 0 0
 318.639858608031 139.495401721254 0 0
 320.808453811712 129.479668523934 0 0
 322.976595072625 121.43180159227 0 0
 325.144288348008 108.707269450131 0 0
 327.311539595099 100.355289621617 0 0
 329.478354771136 90.695658310691 0 0
 331.644739833357 79.3635150524492 0 0
 333.810700739 74.1162619069414 0 0
 335.976243445303 65.1753331283642 0 0
 338.141373909504 54.6107775384096 0 0
 340.306098088841 50.0022494863511 0 0
 342.470421940552 43.2960229013204 0 0
 344.634351421875 36.1021137787683 0 0
 346.797892490048 33.4828714876544 0 0
 348.961051102309 28.1600625593226 0 0
 351.123833215896 23.0731636501554 0 0
 353.286244788047 21.8887177454608 0 0
 355.448291776 18.336830947627 0 0
 357.609980136993 14.9111027377573 0 0
 359.771315828264 16.4508229684841 0 0
 361.932304807051 21.8156681852624 0 0
 364.092953030592 29.1982639710258 0 0
 366.253266456125 30.1465494438358 0 0
 368.413251040888 17.1589967866506 0 0
 370.572912742119 7.89216399557063 0 0
 372.732257517056 7.40655853780873 0 0
 374.891291322937 4.91044824369749 0 0
 377.050020117 3.22272464480263 0 0
 379.208449856483 5.10032466425924 0 0
 381.366586498624 3.06216313993011 0 0
 383.524436000661 1.69319072384862 0 0
 385.682004319832 3.98368713013753 0 0
 387.839297413375 2.03216931678607 0 0
 389.996321238528 1.05532385648822 0 0
 392.153081752529 3.38400500668219 0 0
 394.309584912616 1.42012514503258 0 0
 396.465836676027 0.896768046751666 0 0
 398.621843 4.39682890306793 0 0
 400.777609841773 8.8155941986191 0 0
 402.933143158584 20.1473661456724 0 0
 405.088448907671 25.814238212198 0 0
 407.243533046272 16.9722471156946 0 0
 409.398401531625 7.52431509472286 0 0
 411.553060320968 6.09113703539843 0 0
 413.707515371539 4.23672737073261 0 0
 415.861772640576 5.62965981497798 0 0
 418.015838085317 9.46959050649394 0 0
 420.169717663 11.2353866588263 0 0
 422.323417330863 15.7936450903628 0 0
 424.476943046144 23.4676163074591 0 0
 426.630300766081 30.6269620035152 0 0
 428.783496447912 43.5294751644611 0 0
 430.936536048875 67.9377645525011 0 0
 433.089425526208 117.312384695933 0 0
 435.242170837149 169.060206921307 0 0
 437.394777938936 196.078714937349 0 0
 439.547252788807 204.446336401592 0 0
 441.699601344 245.042289157845 0 0
 443.851829561753 306.925514818298 0 0
 446.003943399304 365.267617479772 0 0
 448.155948813891 401.421789239556 0 0
 450.307851762752 399.70592870595 0 0
 452.459658203125 358.446567545349 0 0
 454.611374092248 301.588007505734 0 0
 456.763005387359 248.190904694369 0 0
 458.914558045696 205.68715579536 0 0
 461.066038024497 178.964146799335 0 0
 463.217451281 159.256895237742 0 0
 465.368803772443 137.370233818334 0 0
 467.520101456064 117.976603873748 0 0
 469.671350289101 99.7411879438588 0 0
 471.822556228792 82.0799055623234 0 0
 473.973725232375 72.0937053524724 0 0
 476.124863257088 66.4510864604515 0 0
 478.275976260169 60.7495501222467 0 0
 480.427070198856 60.0663418613833 0 0
 482.578151030387 60.0470252150231 0 0
 484.729224712 58.0814192238486 0 0
 486.880297200933 60.1851775478081 0 0
 489.031374454424 62.7598263960294 0 0
 491.182462429711 63.7226893217954 0 0
 493.333567084032 68.5435274593935 0 0
 495.484694374625 73.0673111528165 0 0
 497.635850258728 75.1276488983435 0 0
 499.787040693579 80.498163327262 0 0
 501.938271636416 84.5891011102906 0 0
 504.089549044477 -NAN 0 0
 506.240878875 -NAN 0 0
 508.392267085223 -NAN 0 0
 510.543719632384 -NAN 0 0
 512.695242473721 -NAN 0 0
 514.846841566472 -NAN 0 0
 516.998522867875 -NAN 0 0
 519.150292335168 -NAN 0 0
 521.302155925589 -NAN 0 0
 523.454119596376 -NAN 0 0
 525.606189304767 -NAN 0 0
 527.758371008 -NAN 0 0
 529.910670663313 -NAN 0 0
 532.063094227944 -NAN 0 0
 534.215647659131 -NAN 0 0
 536.368336914112 -NAN 0 0
 538.521167950125 -NAN 0 0
 540.674146724408 -NAN 0 0
 542.827279194199 -NAN 0 0
 544.980571316736 -NAN 0 0
 547.134029049257 -NAN 0 0
 549.287658349 -NAN 0 0
 551.441465173203 -NAN 0 0
 553.595455479104 -NAN 0 0
 555.749635223941 -NAN 0 0
 557.904010364952 -NAN 0 0
 560.058586859375 -NAN 0 0
 562.213370664448 -NAN 0 0
 564.368367737409 -NAN 0 0
 566.523584035496 -NAN 0 0
 568.679025515947 -NAN 0 0
 570.834698136 -NAN 0 0
 572.990607852893 -NAN 0 0
 575.146760623864 -NAN 0 0
 577.303162406151 -NAN 0 0
 579.459819156992 -NAN 0 0
 581.616736833625 -NAN 0 0
 583.773921393288 -NAN 0 0
 585.931378793219 -NAN 0 0
 588.089114990656 -NAN 0 0
 590.247135942837 -NAN 0 0
 592.405447607 -NAN 0 0
 594.564055940383 -NAN 0 0
 596.722966900224 -NAN 0 0
 598.882186443761 -NAN 0 0
 601.041720528232 -NAN 0 0
 603.201575110875 -NAN 0 0
 605.361756148928 -NAN 0 0
 607.522269599629 -NAN 0 0
 609.683121420216 -NAN 0 0
 611.844317567927 -NAN 0 0
 614.005864 -NAN 0 0
 616.167766673673 -NAN 0 0
 618.330031546184 -NAN 0 0
 620.492664574771 -NAN 0 0
 622.655671716672 -NAN 0 0
 624.819058929125 -NAN 0 0
 626.982832169368 -NAN 0 0
 629.146997394639 -NAN 0 0
 631.311560562176 -NAN 0 0
 633.476527629217 -NAN 0 0
 635.641904553 -NAN 0 0
 637.807697290763 -NAN 0 0
 639.973911799744 -NAN 0 0
 642.140554037181 -NAN 0 0
 644.307629960312 -NAN 0 0
 646.475145526375 -NAN 0 0
 648.643106692608 -NAN 0 0
 650.811519416249 -NAN 0 0
 652.980389654536 -NAN 0 0
 655.149723364707 -NAN 0 0
 657.319526504 -NAN 0 0
 659.489805029653 -NAN 0 0
 661.660564898904 -NAN 0 0
 663.831812068991 -NAN 0 0
 666.003552497152 -NAN 0 0
 668.175792140625 -NAN 0 0
 670.348536956648 -NAN 0 0
 672.521792902459 -NAN 0 0
 674.695565935296 -NAN 0 0
 676.869862012397 -NAN 0 0
 679.044687091 -NAN 0 0
 681.220047128343 -NAN 0 0
 683.395948081664 -NAN 0 0
 685.572395908201 -NAN 0 0
 687.749396565192 -NAN 0 0
 689.926956009875 -NAN 0 0
 692.105080199488 -NAN 0 0
 694.283775091269 -NAN 0 0
 696.463046642456 -NAN 0 0
 698.642900810287 -NAN 0 0
 700.823343552 -NAN 0 0
 703.004380824833 -NAN 0 0
 705.186018586024 -NAN 0 0
 707.368262792811 -NAN 0 0
 709.551119402432 -NAN 0 0
 711.734594372125 -NAN 0 0
 713.918693659128 -NAN 0 0
 716.103423220679 -NAN 0 0
 718.288789014016 -NAN 0 0
 720.474796996377 -NAN 0 0
 722.661453125 -NAN 0 0
 724.848763357123 -NAN 0 0
 727.036733649984 -NAN 0 0
 729.225369960821 -NAN 0 0
 731.414678246872 -NAN 0 0
 733.604664465375 -NAN 0 0
 735.795334573568 -NAN 0 0
[END] of [DATA]
[END] of Spectrum


[Spectrum]
Version            = 1
IDData             = 12ad_2026-06-05_13-41-00_000_679
IDDevice           = SAM_82E6
IDDataType         = SPECTRUM
IDDataTypeSub1     = CALIBRATED
IDDataTypeSub2     = 
IDDataTypeSub3     = 
DateTime           = 2026-06-05 13:41:00
PositionLatitude   = 0
PositionLongitude  = 0
Comment            = 20260605_FrameB
CommentSub1        = UV
CommentSub2        = centre
CommentSub3        = 39cm
IDMethodType       = SAM Control
MethodName         = SAM_82E6
Mission            = No Mission
MissionSub         = 1
RecordType         = 0
[Attributes]
CalFactor = 1
IDBasisSpec = 
IDDataBack = DLAB_2024-11-11_10-40-48_641_639
IDDataCal = DLAB_2024-11-12_11-45-27_171_455
IntegrationTime = 256
P31 = -1
P31e = 0
PathLength = +INF
PathLengthCustomOn = 0
RAWDynamic = 65535
Salinity = 0
Temperature = -NAN
Unit1 = $01 $01 Wavelength nm
Unit2 = $03 $06 Intensity mW/(m^2 nm)
Unit3 = $f0 $06 Error mW/(m^2 nm)
Unit4 = $f1 $00 Status 
p999 = 6720
[END] of [Attributes]
[DATA]
 0 7 0 0
 185.260577530984 -NAN 0 0
 187.468128380571 -NAN 0 0
 189.674861895872 -NAN 0 0
 191.880784034125 -NAN 0 0
 194.085900752568 -NAN 0 0
 196.290218008439 -NAN 0 0
 198.493741758976 -NAN 0 0
 200.696477961417 -NAN 0 0
 202.898432573 -NAN 0 0
 205.099611550963 -NAN 0 0
 207.300020852544 -NAN 0 0
 209.499666434981 -NAN 0 0
 211.698554255512 -NAN 0 0
 213.896690271375 -NAN 0 0
 216.094080439808 -NAN 0 0
 218.290730718049 -NAN 0 0
 220.486647063336 -NAN 0 0
 222.681835432907 -NAN 0 0
 224.876301784 -NAN 0 0
 227.070052073853 -NAN 0 0
 229.263092259704 -NAN 0 0
 231.455428298791 -NAN 0 0
 233.647066148352 -NAN 0 0
 235.838011765625 -NAN 0 0
 238.028271107848 -NAN 0 0
 240.217850132259 -NAN 0 0
 242.406754796096 -NAN 0 0
 244.594991056597 -NAN 0 0
 246.782564871 -NAN 0 0
 248.969482196543 -NAN 0 0
 251.155748990464 -NAN 0 0
 253.341371210001 -NAN 0 0
 255.526354812392 -NAN 0 0
 257.710705754875 -NAN 0 0
 259.894429994688 -NAN 0 0
 262.077533489069 -NAN 0 0
 264.260022195256 -NAN 0 0
 266.441902070487 -NAN 0 0
 268.623179072 -NAN 0 0
 270.803859157033 -NAN 0 0
 272.983948282824 -NAN 0 0
 275.163452406611 -NAN 0 0
 277.342377485632 -NAN 0 0
 279.520729477125 5.40586300168048 0 0
 281.698514338328 11.3849809440584 0 0
 283.875738026479 16.6537427270187 0 0
 286.052406498816 22.5009754408282 0 0
 288.228525712577 34.8399764358087 0 0
 290.404101625 47.887456785837 0 0
 292.579140193323 61.5110154762751 0 0
 294.753647374784 83.2625104241816 0 0
 296.927629126621 98.4772399528188 0 0
 299.101091406072 113.073318841161 0 0
 301.274040170375 133.459474708716 0 0
 303.446481376768 141.823488478081 0 0
 305.618420982489 150.127187684057 0 0
 307.789864944776 158.343706496404 0 0
 309.960819220867 165.381345187262 0 0
 312.131289768 171.652956557771 0 0
 314.301282543413 166.868976365772 0 0
 316.470803504344 150.45574611108 0 0
 318.639858608031 136.668452569181 0 0
 320.808453811712 127.441083720002 0 0
 322.976595072625 118.164444692032 0 0
 325.144288348008 106.548221282333 0 0
 327.311539595099 98.8621759002014 0 0
 329.478354771136 87.9491034974919 0 0
 331.644739833357 77.9489325556531 0 0
 333.810700739 73.0882519017249 0 0
 335.976243445303 62.9490493180302 0 0
 338.141373909504 53.7238954751388 0 0
 340.306098088841 49.413866045941 0 0
 342.470421940552 41.597012860311 0 0
 344.634351421875 35.6814640088797 0 0
 346.797892490048 33.1005463470842 0 0
 348.961051102309 26.9821276294073 0 0
 351.123833215896 22.9808120019308 0 0
 353.286244788047 21.6908065153089 0 0
 355.448291776 17.3283905951074 0 0
 357.609980136993 14.9673209959237 0 0
 359.771315828264 16.371766255906 0 0
 361.932304807051 20.806012342497 0 0
 364.092953030592 29.1254423215474 0 0
 366.253266456125 29.8820379988407 0 0
 368.413251040888 16.1206615168137 0 0
 370.572912742119 8.19548632791288 0 0
 372.732257517056 7.42808293171295 0 0
 374.891291322937 4.02511646800069 0 0
 377.050020117 3.63034769043157 0 0
 379.208449856483 5.1612004533537 0 0
 381.366586498624 2.15696648873763 0 0
 383.524436000661 2.17712021323051 0 0
 385.682004319832 4.007156006097 0 0
 387.839297413375 1.26493508376034 0 0
 389.996321238528 1.58417422700243 0 0
 392.153081752529 3.38192356871052 0 0
 394.309584912616 0.620352180063398 0 0
 396.465836676027 1.47472359848956 0 0
 398.621843 4.39483862919018 0 0
 400.777609841773 7.85387260562472 0 0
 402.933143158584 20.1454651709512 0 0
 405.088448907671 25.1932570004292 0 0
 407.243533046272 16.0081818253036 0 0
 409.398401531625 7.88353319490883 0 0
 411.553060320968 5.95050980334276 0 0
 413.707515371539 3.70056910442869 0 0
 415.861772640576 6.0506607195469 0 0
 418.015838085317 9.36195379469595 0 0
 420.169717663 10.7316292884366 0 0
 422.323417330863 16.2949198074312 0 0
 424.476943046144 23.2425992793016 0 0
 426.630300766081 30.2061571833272 0 0
 428.783496447912 43.9075465358882 0 0
 430.936536048875 67.4322289799537 0 0
 433.089425526208 115.919453152162 0 0
 435.242170837149 167.843401938434 0 0
 437.394777938936 194.329440021472 0 0
 439.547252788807 203.426024620654 0 0
 441.699601344 245.292572833307 0 0
 443.851829561753 306.60785828093 0 0
 446.003943399304 364.773530480949 0 0
 448.155948813891 401.744240120315 0 0
 450.307851762752 399.2013641306 0 0
 452.459658203125 357.994991520253 0 0
 454.611374092248 301.963159070621 0 0
 456.763005387359 247.671049954366 0 0
 458.914558045696 205.326367574832 0 0
 461.066038024497 179.466967815382 0 0
 463.217451281 158.75055604713 0 0
 465.368803772443 137.102653583573 0 0
 467.520101456064 118.562987951172 0 0
 469.671350289101 99.3206370853078 0 0
 471.822556228792 81.8323237095336 0 0
 473.973725232375 72.7163735234329 0 0
 476.124863257088 65.9312897183525 0 0
 478.275976260169 60.577862622644 0 0
 480.427070198856 60.6862022401131 0 0
 482.578151030387 59.573220648126 0 0
 484.729224712 57.8986917298975 0 0
 486.880297200933 60.7774784741897 0 0
 489.031374454424 62.2546294135265 0 0
 491.182462429711 63.6104447639152 0 0
 493.333567084032 69.2031763899345 0 0
 495.484694374625 72.4580005539808 0 0
 497.635850258728 75.0173872049589 0 0
 499.787040693579 80.995543811543 0 0
 501.938271636416 84.0934984896957 0 0
 504.089549044477 -NAN 0 0
 506.240878875 -NAN 0 0
 508.392267085223 -NAN 0 0
 510.543719632384 -NAN 0 0
 512.695242473721 -NAN 0 0
 514.846841566472 -NAN 0 0
 516.998522867875 -NAN 0 0
 519.150292335168 -NAN 0 0
 521.302155925589 -NAN 0 0
 523.454119596376 -NAN 0 0
 525.606189304767 -NAN 0 0
 527.758371008 -NAN 0 0
 529.910670663313 -NAN 0 0
 532.063094227944 -NAN 0 0
 534.215647659131 -NAN 0 0
 536.368336914112 -NAN 0 0
 538.521167950125 -NAN 0 0
 540.674146724408 -NAN 0 0
 542.827279194199 -NAN 0 0
 544.980571316736 -NAN 0 0
 547.134029049257 -NAN 0 0
 549.287658349 -NAN 0 0
 551.441465173203 -NAN 0 0
 553.595455479104 -NAN 0 0
 555.749635223941 -NAN 0 0
 557.904010364952 -NAN 0 0
 560.058586859375 -NAN 0 0
 562.213370664448 -NAN 0 0
 564.368367737409 -NAN 0 0
 566.523584035496 -NAN 0 0
 568.679025515947 -NAN 0 0
 570.834698136 -NAN 0 0
 572.990607852893 -NAN 0 0
 575.146760623864 -NAN 0 0
 577.303162406151 -NAN 0 0
 579.459819156992 -NAN 0 0
 581.616736833625 -NAN 0 0
 583.773921393288 -NAN 0 0
 585.931378793219 -NAN 0 0
 588.089114990656 -NAN 0 0
 590.247135942837 -NAN 0 0
 592.405447607 -NAN 0 0
 594.564055940383 -NAN 0 0
 596.722966900224 -NAN 0 0
 598.882186443761 -NAN 0 0
 601.041720528232 -NAN 0 0
 603.201575110875 -NAN 0 0
 605.361756148928 -NAN 0 0
 607.522269599629 -NAN 0 0
 609.683121420216 -NAN 0 0
 611.844317567927 -NAN 0 0
 614.005864 -NAN 0 0
 616.167766673673 -NAN 0 0
 618.330031546184 -NAN 0 0
 620.492664574771 -NAN 0 0
 622.655671716672 -NAN 0 0
 624.819058929125 -NAN 0 0
 626.982832169368 -NAN 0 0
 629.146997394639 -NAN 0 0
 631.311560562176 -NAN 0 0
 633.476527629217 -NAN 0 0
 635.641904553 -NAN 0 0
 637.807697290763 -NAN 0 0
 639.973911799744 -NAN 0 0
 642.140554037181 -NAN 0 0
 644.307629960312 -NAN 0 0
 646.475145526375 -NAN 0 0
 648.643106692608 -NAN 0 0
 650.811519416249 -NAN 0 0
 652.980389654536 -NAN 0 0
 655.149723364707 -NAN 0 0
 657.319526504 -NAN 0 0
 659.489805029653 -NAN 0 0
 661.660564898904 -NAN 0 0
 663.831812068991 -NAN 0 0
 666.003552497152 -NAN 0 0
 668.175792140625 -NAN 0 0
 670.348536956648 -NAN 0 0
 672.521792902459 -NAN 0 0
 674.695565935296 -NAN 0 0
 676.869862012397 -NAN 0 0
 679.044687091 -NAN 0 0
 681.220047128343 -NAN 0 0
 683.395948081664 -NAN 0 0
 685.572395908201 -NAN 0 0
 687.749396565192 -NAN 0 0
 689.926956009875 -NAN 0 0
 692.105080199488 -NAN 0 0
 694.283775091269 -NAN 0 0
 696.463046642456 -NAN 0 0
 698.642900810287 -NAN 0 0
 700.823343552 -NAN 0 0
 703.004380824833 -NAN 0 0
 705.186018586024 -NAN 0 0
 707.368262792811 -NAN 0 0
 709.551119402432 -NAN 0 0
 711.734594372125 -NAN 0 0
 713.918693659128 -NAN 0 0
 716.103423220679 -NAN 0 0
 718.288789014016 -NAN 0 0
 720.474796996377 -NAN 0 0
 722.661453125 -NAN 0 0
 724.848763357123 -NAN 0 0
 727.036733649984 -NAN 0 0
 729.225369960821 -NAN 0 0
 731.414678246872 -NAN 0 0
 733.604664465375 -NAN 0 0
 735.795334573568 -NAN 0 0
[END] of [DATA]
[END] of Spectrum


