[Spectrum]
Version            = 1
IDData             = 12ad_2026-06-09_10-09-10_000_427
IDDevice           = SAM_82E6
IDDataType         = SPECTRUM
IDDataTypeSub1     = CALIBRATED
IDDataTypeSub2     = 
IDDataTypeSub3     = 
DateTime           = 2026-06-09 10:09:10
PositionLatitude   = 0
PositionLongitude  = 0
Comment            = 20260609_FrameF
CommentSub1        = UV
CommentSub2        = right
CommentSub3        = 50cm
IDMethodType       = SAM Control
MethodName         = SAM_82E6
Mission            = No Mission
MissionSub         = 1
RecordType         = 0
[Attributes]
CalFactor = 1
IDBasisSpec = 
IDDataBack = DLAB_2024-11-11_10-40-48_641_639
IDDataCal = DLAB_2024-11-12_11-45-27_171_455
IntegrationTime = 256
P31 = -1
P31e = 0
PathLength = +INF
PathLengthCustomOn = 0
RAWDynamic = 65535
Salinity = 0
Temperature = -NAN
Unit1 = $01 $01 Wavelength nm
Unit2 = $03 $06 Intensity mW/(m^2 nm)
Unit3 = $f0 $06 Error mW/(m^2 nm)
Unit4 = $f1 $00 Status 
p999 = 7561
[END] of [Attributes]
[DATA]
 0 7 0 0
 185.260577530984 -NAN 0 0
 187.468128380571 -NAN 0 0
 189.674861895872 -NAN 0 0
 191.880784034125 -NAN 0 0
 194.085900752568 -NAN 0 0
 196.290218008439 -NAN 0 0
 198.493741758976 -NAN 0 0
 200.696477961417 -NAN 0 0
 202.898432573 -NAN 0 0
 205.099611550963 -NAN 0 0
 207.300020852544 -NAN 0 0
 209.499666434981 -NAN 0 0
 211.698554255512 -NAN 0 0
 213.896690271375 -NAN 0 0
 216.094080439808 -NAN 0 0
 218.290730718049 -NAN 0 0
 220.486647063336 -NAN 0 0
 222.681835432907 -NAN 0 0
 224.876301784 -NAN 0 0
 227.070052073853 -NAN 0 0
 229.263092259704 -NAN 0 0
 231.455428298791 -NAN 0 0
 233.647066148352 -NAN 0 0
 235.838011765625 -NAN 0 0
 238.028271107848 -NAN 0 0
 240.217850132259 -NAN 0 0
 242.406754796096 -NAN 0 0
 244.594991056597 -NAN 0 0
 246.782564871 -NAN 0 0
 248.969482196543 -NAN 0 0
 251.155748990464 -NAN 0 0
 253.341371210001 -NAN 0 0
 255.526354812392 -NAN 0 0
 257.710705754875 -NAN 0 0
 259.894429994688 -NAN 0 0
 262.077533489069 -NAN 0 0
 264.260022195256 -NAN 0 0
 266.441902070487 -NAN 0 0
 268.623179072 -NAN 0 0
 270.803859157033 -NAN 0 0
 272.983948282824 -NAN 0 0
 275.163452406611 -NAN 0 0
 277.342377485632 -NAN 0 0
 279.520729477125 7.29874907626743 0 0
 281.698514338328 18.1496798861119 0 0
 283.875738026479 31.6746992195537 0 0
 286.052406498816 36.8469320603079 0 0
 288.228525712577 58.3190728420511 0 0
 290.404101625 85.969176742812 0 0
 292.579140193323 104.210934816392 0 0
 294.753647374784 141.33147437532 0 0
 296.927629126621 172.327529843935 0 0
 299.101091406072 192.45166590884 0 0
 301.274040170375 226.684431278534 0 0
 303.446481376768 245.486325038622 0 0
 305.618420982489 254.947920592517 0 0
 307.789864944776 267.925407326156 0 0
 309.960819220867 284.809720014553 0 0
 312.131289768 291.224422033227 0 0
 314.301282543413 281.587601652065 0 0
 316.470803504344 259.082351609156 0 0
 318.639858608031 230.321193534324 0 0
 320.808453811712 212.557157309701 0 0
 322.976595072625 204.071955082557 0 0
 325.144288348008 178.191661821932 0 0
 327.311539595099 162.864491903714 0 0
 329.478354771136 153.04832795158 0 0
 331.644739833357 129.538630374441 0 0
 333.810700739 118.634497921181 0 0
 335.976243445303 110.752734008095 0 0
 338.141373909504 88.671121543912 0 0
 340.306098088841 78.6932376180897 0 0
 342.470421940552 74.3463316469358 0 0
 344.634351421875 58.1236636902906 0 0
 346.797892490048 51.3096116518404 0 0
 348.961051102309 49.2142760415435 0 0
 351.123833215896 36.943261799577 0 0
 353.286244788047 32.2787847234329 0 0
 355.448291776 32.7782346305632 0 0
 357.609980136993 23.4086263126044 0 0
 359.771315828264 22.9920936833611 0 0
 361.932304807051 38.7613058073153 0 0
 364.092953030592 47.1806953208947 0 0
 366.253266456125 45.3101205587991 0 0
 368.413251040888 31.4489874383758 0 0
 370.572912742119 11.8793140743303 0 0
 372.732257517056 6.94541470476981 0 0
 374.891291322937 11.9736076721305 0 0
 377.050020117 4.15039468942349 0 0
 379.208449856483 2.66599282219472 0 0
 381.366586498624 9.43104480831248 0 0
 383.524436000661 1.830339609973 0 0
 385.682004319832 0.587811896608711 0 0
 387.839297413375 7.81795138615 0 0
 389.996321238528 0.900110135527212 0 0
 392.153081752529 -0.391029661265913 0 0
 394.309584912616 6.8903540435388 0 0
 396.465836676027 0.736336714736152 0 0
 398.621843 1.26480124412131 0 0
 400.777609841773 18.5270965592486 0 0
 402.933143158584 31.5272344847353 0 0
 405.088448907671 35.8721683236868 0 0
 407.243533046272 30.9223847280377 0 0
 409.398401531625 10.6048824387419 0 0
 411.553060320968 3.16995096403015 0 0
 413.707515371539 8.45333901799521 0 0
 415.861772640576 5.21376195167657 0 0
 418.015838085317 5.68067995283743 0 0
 420.169717663 14.2215089867789 0 0
 422.323417330863 14.5965369760852 0 0
 424.476943046144 18.5682810533559 0 0
 426.630300766081 31.6114294854117 0 0
 428.783496447912 40.8720169739949 0 0
 430.936536048875 65.3177965770904 0 0
 433.089425526208 137.122291977974 0 0
 435.242170837149 198.549245906898 0 0
 437.394777938936 214.67250416768 0 0
 439.547252788807 204.262332493417 0 0
 441.699601344 225.887984950509 0 0
 443.851829561753 274.688189253316 0 0
 446.003943399304 333.256341108359 0 0
 448.155948813891 363.696791025435 0 0
 450.307851762752 359.438609427657 0 0
 452.459658203125 330.12418240625 0 0
 454.611374092248 276.072470843475 0 0
 456.763005387359 223.938338725301 0 0
 458.914558045696 192.992699997299 0 0
 461.066038024497 165.67428677339 0 0
 463.217451281 143.493907081172 0 0
 465.368803772443 131.857658764924 0 0
 467.520101456064 111.120462007758 0 0
 469.671350289101 89.8985658553777 0 0
 471.822556228792 81.8705813909801 0 0
 473.973725232375 69.8116898187578 0 0
 476.124863257088 59.8022273876601 0 0
 478.275976260169 63.1670656910859 0 0
 480.427070198856 59.9633102620437 0 0
 482.578151030387 55.2224781233556 0 0
 484.729224712 62.071807707963 0 0
 486.880297200933 61.7025641514656 0 0
 489.031374454424 59.5949323428521 0 0
 491.182462429711 69.0975841954114 0 0
 493.333567084032 71.6469390946391 0 0
 495.484694374625 70.9327871022178 0 0
 497.635850258728 81.2567727798681 0 0
 499.787040693579 84.3896899796855 0 0
 501.938271636416 83.4628293568648 0 0
 504.089549044477 -NAN 0 0
 506.240878875 -NAN 0 0
 508.392267085223 -NAN 0 0
 510.543719632384 -NAN 0 0
 512.695242473721 -NAN 0 0
 514.846841566472 -NAN 0 0
 516.998522867875 -NAN 0 0
 519.150292335168 -NAN 0 0
 521.302155925589 -NAN 0 0
 523.454119596376 -NAN 0 0
 525.606189304767 -NAN 0 0
 527.758371008 -NAN 0 0
 529.910670663313 -NAN 0 0
 532.063094227944 -NAN 0 0
 534.215647659131 -NAN 0 0
 536.368336914112 -NAN 0 0
 538.521167950125 -NAN 0 0
 540.674146724408 -NAN 0 0
 542.827279194199 -NAN 0 0
 544.980571316736 -NAN 0 0
 547.134029049257 -NAN 0 0
 549.287658349 -NAN 0 0
 551.441465173203 -NAN 0 0
 553.595455479104 -NAN 0 0
 555.749635223941 -NAN 0 0
 557.904010364952 -NAN 0 0
 560.058586859375 -NAN 0 0
 562.213370664448 -NAN 0 0
 564.368367737409 -NAN 0 0
 566.523584035496 -NAN 0 0
 568.679025515947 -NAN 0 0
 570.834698136 -NAN 0 0
 572.990607852893 -NAN 0 0
 575.146760623864 -NAN 0 0
 577.303162406151 -NAN 0 0
 579.459819156992 -NAN 0 0
 581.616736833625 -NAN 0 0
 583.773921393288 -NAN 0 0
 585.931378793219 -NAN 0 0
 588.089114990656 -NAN 0 0
 590.247135942837 -NAN 0 0
 592.405447607 -NAN 0 0
 594.564055940383 -NAN 0 0
 596.722966900224 -NAN 0 0
 598.882186443761 -NAN 0 0
 601.041720528232 -NAN 0 0
 603.201575110875 -NAN 0 0
 605.361756148928 -NAN 0 0
 607.522269599629 -NAN 0 0
 609.683121420216 -NAN 0 0
 611.844317567927 -NAN 0 0
 614.005864 -NAN 0 0
 616.167766673673 -NAN 0 0
 618.330031546184 -NAN 0 0
 620.492664574771 -NAN 0 0
 622.655671716672 -NAN 0 0
 624.819058929125 -NAN 0 0
 626.982832169368 -NAN 0 0
 629.146997394639 -NAN 0 0
 631.311560562176 -NAN 0 0
 633.476527629217 -NAN 0 0
 635.641904553 -NAN 0 0
 637.807697290763 -NAN 0 0
 639.973911799744 -NAN 0 0
 642.140554037181 -NAN 0 0
 644.307629960312 -NAN 0 0
 646.475145526375 -NAN 0 0
 648.643106692608 -NAN 0 0
 650.811519416249 -NAN 0 0
 652.980389654536 -NAN 0 0
 655.149723364707 -NAN 0 0
 657.319526504 -NAN 0 0
 659.489805029653 -NAN 0 0
 661.660564898904 -NAN 0 0
 663.831812068991 -NAN 0 0
 666.003552497152 -NAN 0 0
 668.175792140625 -NAN 0 0
 670.348536956648 -NAN 0 0
 672.521792902459 -NAN 0 0
 674.695565935296 -NAN 0 0
 676.869862012397 -NAN 0 0
 679.044687091 -NAN 0 0
 681.220047128343 -NAN 0 0
 683.395948081664 -NAN 0 0
 685.572395908201 -NAN 0 0
 687.749396565192 -NAN 0 0
 689.926956009875 -NAN 0 0
 692.105080199488 -NAN 0 0
 694.283775091269 -NAN 0 0
 696.463046642456 -NAN 0 0
 698.642900810287 -NAN 0 0
 700.823343552 -NAN 0 0
 703.004380824833 -NAN 0 0
 705.186018586024 -NAN 0 0
 707.368262792811 -NAN 0 0
 709.551119402432 -NAN 0 0
 711.734594372125 -NAN 0 0
 713.918693659128 -NAN 0 0
 716.103423220679 -NAN 0 0
 718.288789014016 -NAN 0 0
 720.474796996377 -NAN 0 0
 722.661453125 -NAN 0 0
 724.848763357123 -NAN 0 0
 727.036733649984 -NAN 0 0
 729.225369960821 -NAN 0 0
 731.414678246872 -NAN 0 0
 733.604664465375 -NAN 0 0
 735.795334573568 -NAN 0 0
[END] of [DATA]
[END] of Spectrum


[Spectrum]
Version            = 1
IDData             = 12ad_2026-06-09_10-09-05_000_424
IDDevice           = SAM_82E6
IDDataType         = SPECTRUM
IDDataTypeSub1     = CALIBRATED
IDDataTypeSub2     = 
IDDataTypeSub3     = 
DateTime           = 2026-06-09 10:09:05
PositionLatitude   = 0
PositionLongitude  = 0
Comment            = 20260609_FrameF
CommentSub1        = UV
CommentSub2        = right
CommentSub3        = 50cm
IDMethodType       = SAM Control
MethodName         = SAM_82E6
Mission            = No Mission
MissionSub         = 1
RecordType         = 0
[Attributes]
CalFactor = 1
IDBasisSpec = 
IDDataBack = DLAB_2024-11-11_10-40-48_641_639
IDDataCal = DLAB_2024-11-12_11-45-27_171_455
IntegrationTime = 256
P31 = -1
P31e = 0
PathLength = +INF
PathLengthCustomOn = 0
RAWDynamic = 65535
Salinity = 0
Temperature = -NAN
Unit1 = $01 $01 Wavelength nm
Unit2 = $03 $06 Intensity mW/(m^2 nm)
Unit3 = $f0 $06 Error mW/(m^2 nm)
Unit4 = $f1 $00 Status 
p999 = 7560
[END] of [Attributes]
[DATA]
 0 7 0 0
 185.260577530984 -NAN 0 0
 187.468128380571 -NAN 0 0
 189.674861895872 -NAN 0 0
 191.880784034125 -NAN 0 0
 194.085900752568 -NAN 0 0
 196.290218008439 -NAN 0 0
 198.493741758976 -NAN 0 0
 200.696477961417 -NAN 0 0
 202.898432573 -NAN 0 0
 205.099611550963 -NAN 0 0
 207.300020852544 -NAN 0 0
 209.499666434981 -NAN 0 0
 211.698554255512 -NAN 0 0
 213.896690271375 -NAN 0 0
 216.094080439808 -NAN 0 0
 218.290730718049 -NAN 0 0
 220.486647063336 -NAN 0 0
 222.681835432907 -NAN 0 0
 224.876301784 -NAN 0 0
 227.070052073853 -NAN 0 0
 229.263092259704 -NAN 0 0
 231.455428298791 -NAN 0 0
 233.647066148352 -NAN 0 0
 235.838011765625 -NAN 0 0
 238.028271107848 -NAN 0 0
 240.217850132259 -NAN 0 0
 242.406754796096 -NAN 0 0
 244.594991056597 -NAN 0 0
 246.782564871 -NAN 0 0
 248.969482196543 -NAN 0 0
 251.155748990464 -NAN 0 0
 253.341371210001 -NAN 0 0
 255.526354812392 -NAN 0 0
 257.710705754875 -NAN 0 0
 259.894429994688 -NAN 0 0
 262.077533489069 -NAN 0 0
 264.260022195256 -NAN 0 0
 266.441902070487 -NAN 0 0
 268.623179072 -NAN 0 0
 270.803859157033 -NAN 0 0
 272.983948282824 -NAN 0 0
 275.163452406611 -NAN 0 0
 277.342377485632 -NAN 0 0
 279.520729477125 14.304295531918 0 0
 281.698514338328 20.2095529404616 0 0
 283.875738026479 23.5668848262201 0 0
 286.052406498816 44.0866965257502 0 0
 288.228525712577 60.2926178322634 0 0
 290.404101625 76.521088789074 0 0
 292.579140193323 109.933059484177 0 0
 294.753647374784 142.083599200097 0 0
 296.927629126621 162.443962439311 0 0
 299.101091406072 195.24089575078 0 0
 301.274040170375 225.90177422237 0 0
 303.446481376768 235.16569483961 0 0
 305.618420982489 255.916342039172 0 0
 307.789864944776 266.37710270012 0 0
 309.960819220867 273.897331861276 0 0
 312.131289768 291.376893599468 0 0
 314.301282543413 280.311425696464 0 0
 316.470803504344 247.658292732654 0 0
 318.639858608031 231.873281885621 0 0
 320.808453811712 213.288598608925 0 0
 322.976595072625 192.100083780569 0 0
 325.144288348008 180.791037432844 0 0
 327.311539595099 164.989448545042 0 0
 329.478354771136 141.455977593244 0 0
 331.644739833357 132.683874240944 0 0
 333.810700739 121.965724007199 0 0
 335.976243445303 99.9338523506278 0 0
 338.141373909504 91.642141345732 0 0
 340.306098088841 82.4318816471775 0 0
 342.470421940552 65.001449059141 0 0
 344.634351421875 60.8179600489941 0 0
 346.797892490048 55.1479627866329 0 0
 348.961051102309 41.2104481746035 0 0
 351.123833215896 39.2610083165357 0 0
 353.286244788047 36.2637246164905 0 0
 355.448291776 25.5180019272763 0 0
 357.609980136993 25.5390305911198 0 0
 359.771315828264 27.242333135772 0 0
 361.932304807051 31.458732471468 0 0
 364.092953030592 49.0407521816016 0 0
 366.253266456125 49.9457858166717 0 0
 368.413251040888 23.6702620923063 0 0
 370.572912742119 13.993778449064 0 0
 372.732257517056 12.8985402551888 0 0
 374.891291322937 3.60093700675188 0 0
 377.050020117 6.12505590708113 0 0
 379.208449856483 9.36722767458101 0 0
 381.366586498624 0.744407467868186 0 0
 383.524436000661 3.51947381887278 0 0
 385.682004319832 7.62918586250794 0 0
 387.839297413375 -0.508275705956558 0 0
 389.996321238528 2.13971292962757 0 0
 392.153081752529 6.69071613100505 0 0
 394.309584912616 -1.1230574289956 0 0
 396.465836676027 1.48613503214757 0 0
 398.621843 8.23938433636994 0 0
 400.777609841773 10.8027620067265 0 0
 402.933143158584 31.2085043898219 0 0
 405.088448907671 41.7656547004645 0 0
 407.243533046272 23.7700063167018 0 0
 409.398401531625 10.3888932461261 0 0
 411.553060320968 9.364718405918 0 0
 413.707515371539 2.62135835079022 0 0
 415.861772640576 4.92952255307671 0 0
 418.015838085317 11.2812294091763 0 0
 420.169717663 9.1645418066519 0 0
 422.323417330863 14.0696262917512 0 0
 424.476943046144 23.90522338786 0 0
 426.630300766081 27.137087361422 0 0
 428.783496447912 40.1441136758292 0 0
 430.936536048875 70.1016380871537 0 0
 433.089425526208 131.876433252103 0 0
 435.242170837149 195.672471170707 0 0
 437.394777938936 217.780594416886 0 0
 439.547252788807 199.778703196841 0 0
 441.699601344 224.5050546255 0 0
 443.851829561753 279.841423699441 0 0
 446.003943399304 329.322039698677 0 0
 448.155948813891 362.117878481417 0 0
 450.307851762752 365.169182428652 0 0
 452.459658203125 326.106313670142 0 0
 454.611374092248 274.31843519979 0 0
 456.763005387359 230.300091613997 0 0
 458.914558045696 188.879315070871 0 0
 461.066038024497 163.492339041143 0 0
 463.217451281 150.458537732764 0 0
 465.368803772443 127.877732630144 0 0
 467.520101456064 108.691921559249 0 0
 469.671350289101 97.1377778671145 0 0
 471.822556228792 78.1131305346223 0 0
 473.973725232375 67.0374856512337 0 0
 476.124863257088 67.4452876838911 0 0
 478.275976260169 59.7172026327263 0 0
 480.427070198856 57.0366559132341 0 0
 482.578151030387 63.0081642397065 0 0
 484.729224712 58.8033884048423 0 0
 486.880297200933 58.6124200360186 0 0
 489.031374454424 67.3597484227615 0 0
 491.182462429711 66.1228241962683 0 0
 493.333567084032 68.2206613161752 0 0
 495.484694374625 78.723218800501 0 0
 497.635850258728 78.6505374302643 0 0
 499.787040693579 80.9069394192612 0 0
 501.938271636416 91.0378544275648 0 0
 504.089549044477 -NAN 0 0
 506.240878875 -NAN 0 0
 508.392267085223 -NAN 0 0
 510.543719632384 -NAN 0 0
 512.695242473721 -NAN 0 0
 514.846841566472 -NAN 0 0
 516.998522867875 -NAN 0 0
 519.150292335168 -NAN 0 0
 521.302155925589 -NAN 0 0
 523.454119596376 -NAN 0 0
 525.606189304767 -NAN 0 0
 527.758371008 -NAN 0 0
 529.910670663313 -NAN 0 0
 532.063094227944 -NAN 0 0
 534.215647659131 -NAN 0 0
 536.368336914112 -NAN 0 0
 538.521167950125 -NAN 0 0
 540.674146724408 -NAN 0 0
 542.827279194199 -NAN 0 0
 544.980571316736 -NAN 0 0
 547.134029049257 -NAN 0 0
 549.287658349 -NAN 0 0
 551.441465173203 -NAN 0 0
 553.595455479104 -NAN 0 0
 555.749635223941 -NAN 0 0
 557.904010364952 -NAN 0 0
 560.058586859375 -NAN 0 0
 562.213370664448 -NAN 0 0
 564.368367737409 -NAN 0 0
 566.523584035496 -NAN 0 0
 568.679025515947 -NAN 0 0
 570.834698136 -NAN 0 0
 572.990607852893 -NAN 0 0
 575.146760623864 -NAN 0 0
 577.303162406151 -NAN 0 0
 579.459819156992 -NAN 0 0
 581.616736833625 -NAN 0 0
 583.773921393288 -NAN 0 0
 585.931378793219 -NAN 0 0
 588.089114990656 -NAN 0 0
 590.247135942837 -NAN 0 0
 592.405447607 -NAN 0 0
 594.564055940383 -NAN 0 0
 596.722966900224 -NAN 0 0
 598.882186443761 -NAN 0 0
 601.041720528232 -NAN 0 0
 603.201575110875 -NAN 0 0
 605.361756148928 -NAN 0 0
 607.522269599629 -NAN 0 0
 609.683121420216 -NAN 0 0
 611.844317567927 -NAN 0 0
 614.005864 -NAN 0 0
 616.167766673673 -NAN 0 0
 618.330031546184 -NAN 0 0
 620.492664574771 -NAN 0 0
 622.655671716672 -NAN 0 0
 624.819058929125 -NAN 0 0
 626.982832169368 -NAN 0 0
 629.146997394639 -NAN 0 0
 631.311560562176 -NAN 0 0
 633.476527629217 -NAN 0 0
 635.641904553 -NAN 0 0
 637.807697290763 -NAN 0 0
 639.973911799744 -NAN 0 0
 642.140554037181 -NAN 0 0
 644.307629960312 -NAN 0 0
 646.475145526375 -NAN 0 0
 648.643106692608 -NAN 0 0
 650.811519416249 -NAN 0 0
 652.980389654536 -NAN 0 0
 655.149723364707 -NAN 0 0
 657.319526504 -NAN 0 0
 659.489805029653 -NAN 0 0
 661.660564898904 -NAN 0 0
 663.831812068991 -NAN 0 0
 666.003552497152 -NAN 0 0
 668.175792140625 -NAN 0 0
 670.348536956648 -NAN 0 0
 672.521792902459 -NAN 0 0
 674.695565935296 -NAN 0 0
 676.869862012397 -NAN 0 0
 679.044687091 -NAN 0 0
 681.220047128343 -NAN 0 0
 683.395948081664 -NAN 0 0
 685.572395908201 -NAN 0 0
 687.749396565192 -NAN 0 0
 689.926956009875 -NAN 0 0
 692.105080199488 -NAN 0 0
 694.283775091269 -NAN 0 0
 696.463046642456 -NAN 0 0
 698.642900810287 -NAN 0 0
 700.823343552 -NAN 0 0
 703.004380824833 -NAN 0 0
 705.186018586024 -NAN 0 0
 707.368262792811 -NAN 0 0
 709.551119402432 -NAN 0 0
 711.734594372125 -NAN 0 0
 713.918693659128 -NAN 0 0
 716.103423220679 -NAN 0 0
 718.288789014016 -NAN 0 0
 720.474796996377 -NAN 0 0
 722.661453125 -NAN 0 0
 724.848763357123 -NAN 0 0
 727.036733649984 -NAN 0 0
 729.225369960821 -NAN 0 0
 731.414678246872 -NAN 0 0
 733.604664465375 -NAN 0 0
 735.795334573568 -NAN 0 0
[END] of [DATA]
[END] of Spectrum


[Spectrum]
Version            = 1
IDData             = 12ad_2026-06-09_10-09-00_000_421
IDDevice           = SAM_82E6
IDDataType         = SPECTRUM
IDDataTypeSub1     = CALIBRATED
IDDataTypeSub2     = 
IDDataTypeSub3     = 
DateTime           = 2026-06-09 10:09:00
PositionLatitude   = 0
PositionLongitude  = 0
Comment            = 20260609_FrameF
CommentSub1        = UV
CommentSub2        = right
CommentSub3        = 50cm
IDMethodType       = SAM Control
MethodName         = SAM_82E6
Mission            = No Mission
MissionSub         = 1
RecordType         = 0
[Attributes]
CalFactor = 1
IDBasisSpec = 
IDDataBack = DLAB_2024-11-11_10-40-48_641_639
IDDataCal = DLAB_2024-11-12_11-45-27_171_455
IntegrationTime = 256
P31 = -1
P31e = 0
PathLength = +INF
PathLengthCustomOn = 0
RAWDynamic = 65535
Salinity = 0
Temperature = -NAN
Unit1 = $01 $01 Wavelength nm
Unit2 = $03 $06 Intensity mW/(m^2 nm)
Unit3 = $f0 $06 Error mW/(m^2 nm)
Unit4 = $f1 $00 Status 
p999 = 7559
[END] of [Attributes]
[DATA]
 0 7 0 0
 185.260577530984 -NAN 0 0
 187.468128380571 -NAN 0 0
 189.674861895872 -NAN 0 0
 191.880784034125 -NAN 0 0
 194.085900752568 -NAN 0 0
 196.290218008439 -NAN 0 0
 198.493741758976 -NAN 0 0
 200.696477961417 -NAN 0 0
 202.898432573 -NAN 0 0
 205.099611550963 -NAN 0 0
 207.300020852544 -NAN 0 0
 209.499666434981 -NAN 0 0
 211.698554255512 -NAN 0 0
 213.896690271375 -NAN 0 0
 216.094080439808 -NAN 0 0
 218.290730718049 -NAN 0 0
 220.486647063336 -NAN 0 0
 222.681835432907 -NAN 0 0
 224.876301784 -NAN 0 0
 227.070052073853 -NAN 0 0
 229.263092259704 -NAN 0 0
 231.455428298791 -NAN 0 0
 233.647066148352 -NAN 0 0
 235.838011765625 -NAN 0 0
 238.028271107848 -NAN 0 0
 240.217850132259 -NAN 0 0
 242.406754796096 -NAN 0 0
 244.594991056597 -NAN 0 0
 246.782564871 -NAN 0 0
 248.969482196543 -NAN 0 0
 251.155748990464 -NAN 0 0
 253.341371210001 -NAN 0 0
 255.526354812392 -NAN 0 0
 257.710705754875 -NAN 0 0
 259.894429994688 -NAN 0 0
 262.077533489069 -NAN 0 0
 264.260022195256 -NAN 0 0
 266.441902070487 -NAN 0 0
 268.623179072 -NAN 0 0
 270.803859157033 -NAN 0 0
 272.983948282824 -NAN 0 0
 275.163452406611 -NAN 0 0
 277.342377485632 -NAN 0 0
 279.520729477125 12.71028620595 0 0
 281.698514338328 14.0410470246115 0 0
 283.875738026479 31.7615459643399 0 0
 286.052406498816 42.0976305841767 0 0
 288.228525712577 52.5402752246128 0 0
 290.404101625 83.8730753522289 0 0
 292.579140193323 106.974384849941 0 0
 294.753647374784 132.903433231439 0 0
 296.927629126621 166.783616031578 0 0
 299.101091406072 191.227169577889 0 0
 301.274040170375 215.9366759298 0 0
 303.446481376768 237.04098157983 0 0
 305.618420982489 250.987662983067 0 0
 307.789864944776 256.023717399617 0 0
 309.960819220867 274.838623278112 0 0
 312.131289768 286.250248169247 0 0
 314.301282543413 269.048518811772 0 0
 316.470803504344 249.778044847593 0 0
 318.639858608031 228.14260951201 0 0
 320.808453811712 202.180541025632 0 0
 322.976595072625 196.121878803026 0 0
 325.144288348008 178.345415502888 0 0
 327.311539595099 154.061937814129 0 0
 329.478354771136 146.513267798973 0 0
 331.644739833357 131.628304047102 0 0
 333.810700739 111.478393716401 0 0
 335.976243445303 105.386539632745 0 0
 338.141373909504 91.6519721841214 0 0
 340.306098088841 73.2064093416011 0 0
 342.470421940552 70.089967763852 0 0
 344.634351421875 61.6190180562259 0 0
 346.797892490048 47.241744634873 0 0
 348.961051102309 45.7463939724705 0 0
 351.123833215896 40.4375123442216 0 0
 353.286244788047 29.1661808310447 0 0
 355.448291776 29.7658216095165 0 0
 357.609980136993 27.1366999470106 0 0
 359.771315828264 20.4251706280205 0 0
 361.932304807051 35.6269255972294 0 0
 364.092953030592 50.7455690918701 0 0
 366.253266456125 42.2918873155766 0 0
 368.413251040888 28.0321188358827 0 0
 370.572912742119 16.8059469878395 0 0
 372.732257517056 4.85363496989596 0 0
 374.891291322937 8.51093191160339 0 0
 377.050020117 9.66054783921982 0 0
 379.208449856483 0.686480094054298 0 0
 381.366586498624 5.48591373601926 0 0
 383.524436000661 7.53303293198426 0 0
 385.682004319832 -1.11688191171978 0 0
 387.839297413375 3.85001146077871 0 0
 389.996321238528 6.51098079958828 0 0
 392.153081752529 -1.85428055534835 0 0
 394.309584912616 2.78921646102417 0 0
 396.465836676027 5.96612963412055 0 0
 398.621843 0.0567050003293623 0 0
 400.777609841773 13.7965187438097 0 0
 402.933143158584 35.0725523396858 0 0
 405.088448907671 33.504331952402 0 0
 407.243533046272 25.9381137165337 0 0
 409.398401531625 14.5837814910411 0 0
 411.553060320968 2.55284558100936 0 0
 413.707515371539 4.72886868737953 0 0
 415.861772640576 8.96909002043129 0 0
 418.015838085317 5.3607187684516 0 0
 420.169717663 10.7718352757447 0 0
 422.323417330863 17.9653777458628 0 0
 424.476943046144 18.5110282000378 0 0
 426.630300766081 28.3472788648142 0 0
 428.783496447912 43.76887821794 0 0
 430.936536048875 64.8715903626904 0 0
 433.089425526208 131.510490178703 0 0
 435.242170837149 197.188582206838 0 0
 437.394777938936 211.254284301221 0 0
 439.547252788807 199.660617172254 0 0
 441.699601344 228.276159725732 0 0
 443.851829561753 275.056068168133 0 0
 446.003943399304 329.74383171672 0 0
 448.155948813891 366.538307154249 0 0
 450.307851762752 360.143376569097 0 0
 452.459658203125 326.429595788621 0 0
 454.611374092248 279.212047247718 0 0
 456.763005387359 224.920937402884 0 0
 458.914558045696 188.922230405539 0 0
 461.066038024497 168.827234360333 0 0
 463.217451281 144.857127978974 0 0
 465.368803772443 127.552625283768 0 0
 467.520101456064 114.45401532462 0 0
 469.671350289101 91.4947106196851 0 0
 471.822556228792 77.4911699419626 0 0
 473.973725232375 73.1595635124896 0 0
 476.124863257088 61.7535410361148 0 0
 478.275976260169 58.7048575703441 0 0
 480.427070198856 63.2196657287402 0 0
 482.578151030387 57.4408210602415 0 0
 484.729224712 57.5740291183206 0 0
 486.880297200933 64.962736106025 0 0
 489.031374454424 62.0202135379243 0 0
 491.182462429711 64.7736557791611 0 0
 493.333567084032 74.7815240126781 0 0
 495.484694374625 73.6406497362804 0 0
 497.635850258728 76.9302355872086 0 0
 499.787040693579 87.3527730614512 0 0
 501.938271636416 86.2507958903092 0 0
 504.089549044477 -NAN 0 0
 506.240878875 -NAN 0 0
 508.392267085223 -NAN 0 0
 510.543719632384 -NAN 0 0
 512.695242473721 -NAN 0 0
 514.846841566472 -NAN 0 0
 516.998522867875 -NAN 0 0
 519.150292335168 -NAN 0 0
 521.302155925589 -NAN 0 0
 523.454119596376 -NAN 0 0
 525.606189304767 -NAN 0 0
 527.758371008 -NAN 0 0
 529.910670663313 -NAN 0 0
 532.063094227944 -NAN 0 0
 534.215647659131 -NAN 0 0
 536.368336914112 -NAN 0 0
 538.521167950125 -NAN 0 0
 540.674146724408 -NAN 0 0
 542.827279194199 -NAN 0 0
 544.980571316736 -NAN 0 0
 547.134029049257 -NAN 0 0
 549.287658349 -NAN 0 0
 551.441465173203 -NAN 0 0
 553.595455479104 -NAN 0 0
 555.749635223941 -NAN 0 0
 557.904010364952 -NAN 0 0
 560.058586859375 -NAN 0 0
 562.213370664448 -NAN 0 0
 564.368367737409 -NAN 0 0
 566.523584035496 -NAN 0 0
 568.679025515947 -NAN 0 0
 570.834698136 -NAN 0 0
 572.990607852893 -NAN 0 0
 575.146760623864 -NAN 0 0
 577.303162406151 -NAN 0 0
 579.459819156992 -NAN 0 0
 581.616736833625 -NAN 0 0
 583.773921393288 -NAN 0 0
 585.931378793219 -NAN 0 0
 588.089114990656 -NAN 0 0
 590.247135942837 -NAN 0 0
 592.405447607 -NAN 0 0
 594.564055940383 -NAN 0 0
 596.722966900224 -NAN 0 0
 598.882186443761 -NAN 0 0
 601.041720528232 -NAN 0 0
 603.201575110875 -NAN 0 0
 605.361756148928 -NAN 0 0
 607.522269599629 -NAN 0 0
 609.683121420216 -NAN 0 0
 611.844317567927 -NAN 0 0
 614.005864 -NAN 0 0
 616.167766673673 -NAN 0 0
 618.330031546184 -NAN 0 0
 620.492664574771 -NAN 0 0
 622.655671716672 -NAN 0 0
 624.819058929125 -NAN 0 0
 626.982832169368 -NAN 0 0
 629.146997394639 -NAN 0 0
 631.311560562176 -NAN 0 0
 633.476527629217 -NAN 0 0
 635.641904553 -NAN 0 0
 637.807697290763 -NAN 0 0
 639.973911799744 -NAN 0 0
 642.140554037181 -NAN 0 0
 644.307629960312 -NAN 0 0
 646.475145526375 -NAN 0 0
 648.643106692608 -NAN 0 0
 650.811519416249 -NAN 0 0
 652.980389654536 -NAN 0 0
 655.149723364707 -NAN 0 0
 657.319526504 -NAN 0 0
 659.489805029653 -NAN 0 0
 661.660564898904 -NAN 0 0
 663.831812068991 -NAN 0 0
 666.003552497152 -NAN 0 0
 668.175792140625 -NAN 0 0
 670.348536956648 -NAN 0 0
 672.521792902459 -NAN 0 0
 674.695565935296 -NAN 0 0
 676.869862012397 -NAN 0 0
 679.044687091 -NAN 0 0
 681.220047128343 -NAN 0 0
 683.395948081664 -NAN 0 0
 685.572395908201 -NAN 0 0
 687.749396565192 -NAN 0 0
 689.926956009875 -NAN 0 0
 692.105080199488 -NAN 0 0
 694.283775091269 -NAN 0 0
 696.463046642456 -NAN 0 0
 698.642900810287 -NAN 0 0
 700.823343552 -NAN 0 0
 703.004380824833 -NAN 0 0
 705.186018586024 -NAN 0 0
 707.368262792811 -NAN 0 0
 709.551119402432 -NAN 0 0
 711.734594372125 -NAN 0 0
 713.918693659128 -NAN 0 0
 716.103423220679 -NAN 0 0
 718.288789014016 -NAN 0 0
 720.474796996377 -NAN 0 0
 722.661453125 -NAN 0 0
 724.848763357123 -NAN 0 0
 727.036733649984 -NAN 0 0
 729.225369960821 -NAN 0 0
 731.414678246872 -NAN 0 0
 733.604664465375 -NAN 0 0
 735.795334573568 -NAN 0 0
[END] of [DATA]
[END] of Spectrum


[Spectrum]
Version            = 1
IDData             = 12ad_2026-06-09_10-08-55_000_418
IDDevice           = SAM_82E6
IDDataType         = SPECTRUM
IDDataTypeSub1     = CALIBRATED
IDDataTypeSub2     = 
IDDataTypeSub3     = 
DateTime           = 2026-06-09 10:08:55
PositionLatitude   = 0
PositionLongitude  = 0
Comment            = 20260609_FrameF
CommentSub1        = UV
CommentSub2        = right
CommentSub3        = 50cm
IDMethodType       = SAM Control
MethodName         = SAM_82E6
Mission            = No Mission
MissionSub         = 1
RecordType         = 0
[Attributes]
CalFactor = 1
IDBasisSpec = 
IDDataBack = DLAB_2024-11-11_10-40-48_641_639
IDDataCal = DLAB_2024-11-12_11-45-27_171_455
IntegrationTime = 256
P31 = -1
P31e = 0
PathLength = +INF
PathLengthCustomOn = 0
RAWDynamic = 65535
Salinity = 0
Temperature = -NAN
Unit1 = $01 $01 Wavelength nm
Unit2 = $03 $06 Intensity mW/(m^2 nm)
Unit3 = $f0 $06 Error mW/(m^2 nm)
Unit4 = $f1 $00 Status 
p999 = 7558
[END] of [Attributes]
[DATA]
 0 7 0 0
 185.260577530984 -NAN 0 0
 187.468128380571 -NAN 0 0
 189.674861895872 -NAN 0 0
 191.880784034125 -NAN 0 0
 194.085900752568 -NAN 0 0
 196.290218008439 -NAN 0 0
 198.493741758976 -NAN 0 0
 200.696477961417 -NAN 0 0
 202.898432573 -NAN 0 0
 205.099611550963 -NAN 0 0
 207.300020852544 -NAN 0 0
 209.499666434981 -NAN 0 0
 211.698554255512 -NAN 0 0
 213.896690271375 -NAN 0 0
 216.094080439808 -NAN 0 0
 218.290730718049 -NAN 0 0
 220.486647063336 -NAN 0 0
 222.681835432907 -NAN 0 0
 224.876301784 -NAN 0 0
 227.070052073853 -NAN 0 0
 229.263092259704 -NAN 0 0
 231.455428298791 -NAN 0 0
 233.647066148352 -NAN 0 0
 235.838011765625 -NAN 0 0
 238.028271107848 -NAN 0 0
 240.217850132259 -NAN 0 0
 242.406754796096 -NAN 0 0
 244.594991056597 -NAN 0 0
 246.782564871 -NAN 0 0
 248.969482196543 -NAN 0 0
 251.155748990464 -NAN 0 0
 253.341371210001 -NAN 0 0
 255.526354812392 -NAN 0 0
 257.710705754875 -NAN 0 0
 259.894429994688 -NAN 0 0
 262.077533489069 -NAN 0 0
 264.260022195256 -NAN 0 0
 266.441902070487 -NAN 0 0
 268.623179072 -NAN 0 0
 270.803859157033 -NAN 0 0
 272.983948282824 -NAN 0 0
 275.163452406611 -NAN 0 0
 277.342377485632 -NAN 0 0
 279.520729477125 14.4419033682613 0 0
 281.698514338328 13.3291454834541 0 0
 283.875738026479 25.3115865039983 0 0
 286.052406498816 43.619919372308 0 0
 288.228525712577 51.2315032837352 0 0
 290.404101625 76.2629840392797 0 0
 292.579140193323 107.171019014532 0 0
 294.753647374784 130.371941214288 0 0
 296.927629126621 158.470602018889 0 0
 299.101091406072 189.301939580173 0 0
 301.274040170375 212.234574613727 0 0
 303.446481376768 228.179514505415 0 0
 305.618420982489 247.904953291965 0 0
 307.789864944776 251.757194848827 0 0
 309.960819220867 265.399231911458 0 0
 312.131289768 282.518351863424 0 0
 314.301282543413 264.794405159321 0 0
 316.470803504344 240.195177001184 0 0
 318.639858608031 225.647561557314 0 0
 320.808453811712 199.730645281828 0 0
 322.976595072625 186.813392036889 0 0
 325.144288348008 177.091565062412 0 0
 327.311539595099 152.617201856883 0 0
 329.478354771136 137.93892974282 0 0
 331.644739833357 131.101999413286 0 0
 333.810700739 111.178649978379 0 0
 335.976243445303 97.6872172681131 0 0
 338.141373909504 91.6835713075158 0 0
 340.306098088841 73.786649066573 0 0
 342.470421940552 63.8144335661352 0 0
 344.634351421875 61.9528970215635 0 0
 346.797892490048 48.3669764466934 0 0
 348.961051102309 40.5679907827842 0 0
 351.123833215896 41.0369584972433 0 0
 353.286244788047 30.6137133821553 0 0
 355.448291776 25.3754756907869 0 0
 357.609980136993 27.8835996626499 0 0
 359.771315828264 22.2402482127208 0 0
 361.932304807051 31.2144166204454 0 0
 364.092953030592 51.2993523332521 0 0
 366.253266456125 44.2205436131901 0 0
 368.413251040888 23.378703852498 0 0
 370.572912742119 17.7159139848663 0 0
 372.732257517056 7.68898467600653 0 0
 374.891291322937 3.7858012727478 0 0
 377.050020117 10.6847783345819 0 0
 379.208449856483 4.10602010904979 0 0
 381.366586498624 0.760660022885694 0 0
 383.524436000661 8.56271550190255 0 0
 385.682004319832 2.56346454556014 0 0
 387.839297413375 -0.772521660636703 0 0
 389.996321238528 7.33902141955673 0 0
 392.153081752529 1.8485975962486 0 0
 394.309584912616 -1.53692118836159 0 0
 396.465836676027 6.58838839888365 0 0
 398.621843 3.69293537497169 0 0
 400.777609841773 9.55362936295217 0 0
 402.933143158584 34.8615441456378 0 0
 405.088448907671 36.2075350315264 0 0
 407.243533046272 21.859101794713 0 0
 409.398401531625 14.5167503622983 0 0
 411.553060320968 5.70455001708068 0 0
 413.707515371539 1.57396707883152 0 0
 415.861772640576 8.94612633472753 0 0
 418.015838085317 8.25806313397309 0 0
 420.169717663 8.06005968471788 0 0
 422.323417330863 17.7470142389754 0 0
 424.476943046144 21.1273504505077 0 0
 426.630300766081 25.981708383326 0 0
 428.783496447912 43.3478154531065 0 0
 430.936536048875 67.0556523594905 0 0
 433.089425526208 127.98747848866 0 0
 435.242170837149 194.602721765402 0 0
 437.394777938936 211.804604511219 0 0
 439.547252788807 196.774384441158 0 0
 441.699601344 227.303382287605 0 0
 443.851829561753 277.462975607398 0 0
 446.003943399304 327.545465407668 0 0
 448.155948813891 365.531470730654 0 0
 450.307851762752 362.752773528476 0 0
 452.459658203125 324.016095617572 0 0
 454.611374092248 277.78704187387 0 0
 456.763005387359 227.693007889718 0 0
 458.914558045696 186.492523841572 0 0
 461.066038024497 167.263751383385 0 0
 463.217451281 147.731576614912 0 0
 465.368803772443 124.992404931054 0 0
 467.520101456064 112.530996857013 0 0
 469.671350289101 94.4418141265193 0 0
 471.822556228792 74.9186141338351 0 0
 473.973725232375 70.9348048220818 0 0
 476.124863257088 64.6381638508943 0 0
 478.275976260169 56.1695499305801 0 0
 480.427070198856 60.8087263041927 0 0
 482.578151030387 60.3589884104242 0 0
 484.729224712 55.1147517456015 0 0
 486.880297200933 62.1891569805043 0 0
 489.031374454424 64.7946009534637 0 0
 491.182462429711 62.3863648093213 0 0
 493.333567084032 71.82061881306 0 0
 495.484694374625 76.3750763201561 0 0
 497.635850258728 74.6443625706229 0 0
 499.787040693579 84.2363989451858 0 0
 501.938271636416 88.8418128481426 0 0
 504.089549044477 -NAN 0 0
 506.240878875 -NAN 0 0
 508.392267085223 -NAN 0 0
 510.543719632384 -NAN 0 0
 512.695242473721 -NAN 0 0
 514.846841566472 -NAN 0 0
 516.998522867875 -NAN 0 0
 519.150292335168 -NAN 0 0
 521.302155925589 -NAN 0 0
 523.454119596376 -NAN 0 0
 525.606189304767 -NAN 0 0
 527.758371008 -NAN 0 0
 529.910670663313 -NAN 0 0
 532.063094227944 -NAN 0 0
 534.215647659131 -NAN 0 0
 536.368336914112 -NAN 0 0
 538.521167950125 -NAN 0 0
 540.674146724408 -NAN 0 0
 542.827279194199 -NAN 0 0
 544.980571316736 -NAN 0 0
 547.134029049257 -NAN 0 0
 549.287658349 -NAN 0 0
 551.441465173203 -NAN 0 0
 553.595455479104 -NAN 0 0
 555.749635223941 -NAN 0 0
 557.904010364952 -NAN 0 0
 560.058586859375 -NAN 0 0
 562.213370664448 -NAN 0 0
 564.368367737409 -NAN 0 0
 566.523584035496 -NAN 0 0
 568.679025515947 -NAN 0 0
 570.834698136 -NAN 0 0
 572.990607852893 -NAN 0 0
 575.146760623864 -NAN 0 0
 577.303162406151 -NAN 0 0
 579.459819156992 -NAN 0 0
 581.616736833625 -NAN 0 0
 583.773921393288 -NAN 0 0
 585.931378793219 -NAN 0 0
 588.089114990656 -NAN 0 0
 590.247135942837 -NAN 0 0
 592.405447607 -NAN 0 0
 594.564055940383 -NAN 0 0
 596.722966900224 -NAN 0 0
 598.882186443761 -NAN 0 0
 601.041720528232 -NAN 0 0
 603.201575110875 -NAN 0 0
 605.361756148928 -NAN 0 0
 607.522269599629 -NAN 0 0
 609.683121420216 -NAN 0 0
 611.844317567927 -NAN 0 0
 614.005864 -NAN 0 0
 616.167766673673 -NAN 0 0
 618.330031546184 -NAN 0 0
 620.492664574771 -NAN 0 0
 622.655671716672 -NAN 0 0
 624.819058929125 -NAN 0 0
 626.982832169368 -NAN 0 0
 629.146997394639 -NAN 0 0
 631.311560562176 -NAN 0 0
 633.476527629217 -NAN 0 0
 635.641904553 -NAN 0 0
 637.807697290763 -NAN 0 0
 639.973911799744 -NAN 0 0
 642.140554037181 -NAN 0 0
 644.307629960312 -NAN 0 0
 646.475145526375 -NAN 0 0
 648.643106692608 -NAN 0 0
 650.811519416249 -NAN 0 0
 652.980389654536 -NAN 0 0
 655.149723364707 -NAN 0 0
 657.319526504 -NAN 0 0
 659.489805029653 -NAN 0 0
 661.660564898904 -NAN 0 0
 663.831812068991 -NAN 0 0
 666.003552497152 -NAN 0 0
 668.175792140625 -NAN 0 0
 670.348536956648 -NAN 0 0
 672.521792902459 -NAN 0 0
 674.695565935296 -NAN 0 0
 676.869862012397 -NAN 0 0
 679.044687091 -NAN 0 0
 681.220047128343 -NAN 0 0
 683.395948081664 -NAN 0 0
 685.572395908201 -NAN 0 0
 687.749396565192 -NAN 0 0
 689.926956009875 -NAN 0 0
 692.105080199488 -NAN 0 0
 694.283775091269 -NAN 0 0
 696.463046642456 -NAN 0 0
 698.642900810287 -NAN 0 0
 700.823343552 -NAN 0 0
 703.004380824833 -NAN 0 0
 705.186018586024 -NAN 0 0
 707.368262792811 -NAN 0 0
 709.551119402432 -NAN 0 0
 711.734594372125 -NAN 0 0
 713.918693659128 -NAN 0 0
 716.103423220679 -NAN 0 0
 718.288789014016 -NAN 0 0
 720.474796996377 -NAN 0 0
 722.661453125 -NAN 0 0
 724.848763357123 -NAN 0 0
 727.036733649984 -NAN 0 0
 729.225369960821 -NAN 0 0
 731.414678246872 -NAN 0 0
 733.604664465375 -NAN 0 0
 735.795334573568 -NAN 0 0
[END] of [DATA]
[END] of Spectrum


[Spectrum]
Version            = 1
IDData             = 12ad_2026-06-09_10-08-50_000_415
IDDevice           = SAM_82E6
IDDataType         = SPECTRUM
IDDataTypeSub1     = CALIBRATED
IDDataTypeSub2     = 
IDDataTypeSub3     = 
DateTime           = 2026-06-09 10:08:50
PositionLatitude   = 0
PositionLongitude  = 0
Comment            = 20260609_FrameF
CommentSub1        = UV
CommentSub2        = right
CommentSub3        = 50cm
IDMethodType       = SAM Control
MethodName         = SAM_82E6
Mission            = No Mission
MissionSub         = 1
RecordType         = 0
[Attributes]
CalFactor = 1
IDBasisSpec = 
IDDataBack = DLAB_2024-11-11_10-40-48_641_639
IDDataCal = DLAB_2024-11-12_11-45-27_171_455
IntegrationTime = 256
P31 = -1
P31e = 0
PathLength = +INF
PathLengthCustomOn = 0
RAWDynamic = 65535
Salinity = 0
Temperature = -NAN
Unit1 = $01 $01 Wavelength nm
Unit2 = $03 $06 Intensity mW/(m^2 nm)
Unit3 = $f0 $06 Error mW/(m^2 nm)
Unit4 = $f1 $00 Status 
p999 = 7557
[END] of [Attributes]
[DATA]
 0 7 0 0
 185.260577530984 -NAN 0 0
 187.468128380571 -NAN 0 0
 189.674861895872 -NAN 0 0
 191.880784034125 -NAN 0 0
 194.085900752568 -NAN 0 0
 196.290218008439 -NAN 0 0
 198.493741758976 -NAN 0 0
 200.696477961417 -NAN 0 0
 202.898432573 -NAN 0 0
 205.099611550963 -NAN 0 0
 207.300020852544 -NAN 0 0
 209.499666434981 -NAN 0 0
 211.698554255512 -NAN 0 0
 213.896690271375 -NAN 0 0
 216.094080439808 -NAN 0 0
 218.290730718049 -NAN 0 0
 220.486647063336 -NAN 0 0
 222.681835432907 -NAN 0 0
 224.876301784 -NAN 0 0
 227.070052073853 -NAN 0 0
 229.263092259704 -NAN 0 0
 231.455428298791 -NAN 0 0
 233.647066148352 -NAN 0 0
 235.838011765625 -NAN 0 0
 238.028271107848 -NAN 0 0
 240.217850132259 -NAN 0 0
 242.406754796096 -NAN 0 0
 244.594991056597 -NAN 0 0
 246.782564871 -NAN 0 0
 248.969482196543 -NAN 0 0
 251.155748990464 -NAN 0 0
 253.341371210001 -NAN 0 0
 255.526354812392 -NAN 0 0
 257.710705754875 -NAN 0 0
 259.894429994688 -NAN 0 0
 262.077533489069 -NAN 0 0
 264.260022195256 -NAN 0 0
 266.441902070487 -NAN 0 0
 268.623179072 -NAN 0 0
 270.803859157033 -NAN 0 0
 272.983948282824 -NAN 0 0
 275.163452406611 -NAN 0 0
 277.342377485632 -NAN 0 0
 279.520729477125 10.1144171122155 0 0
 281.698514338328 19.9055729435487 0 0
 283.875738026479 21.522809003813 0 0
 286.052406498816 37.5946466295855 0 0
 288.228525712577 57.612751477133 0 0
 290.404101625 71.6156444317157 0 0
 292.579140193323 99.5579643696974 0 0
 294.753647374784 134.595885180186 0 0
 296.927629126621 152.801627972817 0 0
 299.101091406072 180.60235494178 0 0
 301.274040170375 213.591025464217 0 0
 303.446481376768 221.680996098714 0 0
 305.618420982489 238.11857332021 0 0
 307.789864944776 251.746505828281 0 0
 309.960819220867 258.336844530259 0 0
 312.131289768 271.508892054538 0 0
 314.301282543413 264.93975549595 0 0
 316.470803504344 233.816372510065 0 0
 318.639858608031 214.959828426292 0 0
 320.808453811712 201.777882257634 0 0
 322.976595072625 181.774898482532 0 0
 325.144288348008 166.370674594965 0 0
 327.311539595099 156.45517114767 0 0
 329.478354771136 134.215871688426 0 0
 331.644739833357 120.960827144262 0 0
 333.810700739 115.813206243797 0 0
 335.976243445303 95.2915817999901 0 0
 338.141373909504 82.6068986631467 0 0
 340.306098088841 78.4272095804417 0 0
 342.470421940552 62.3399940238025 0 0
 344.634351421875 54.1083132709952 0 0
 346.797892490048 52.7797212760867 0 0
 348.961051102309 39.9839386084031 0 0
 351.123833215896 34.1145028291086 0 0
 353.286244788047 34.861989705415 0 0
 355.448291776 25.3259948841566 0 0
 357.609980136993 21.4929222390865 0 0
 359.771315828264 26.469513435264 0 0
 361.932304807051 31.4010849111144 0 0
 364.092953030592 44.2158945219774 0 0
 366.253266456125 48.4971039291819 0 0
 368.413251040888 24.152151490742 0 0
 370.572912742119 10.2879708234913 0 0
 372.732257517056 12.9709404892302 0 0
 374.891291322937 5.28488241155104 0 0
 377.050020117 2.81234272915251 0 0
 379.208449856483 9.63382164751191 0 0
 381.366586498624 2.80706868943793 0 0
 383.524436000661 0.285460447100416 0 0
 385.682004319832 7.84893988285567 0 0
 387.839297413375 1.66165823287799 0 0
 389.996321238528 -0.90486390460759 0 0
 392.153081752529 6.95505875340686 0 0
 394.309584912616 1.06353412996107 0 0
 396.465836676027 -1.25462282818441 0 0
 398.621843 8.31302446984655 0 0
 400.777609841773 12.1624373623392 0 0
 402.933143158584 26.6936894270833 0 0
 405.088448907671 39.301999269797 0 0
 407.243533046272 24.1460096000151 0 0
 409.398401531625 7.63717947388815 0 0
 411.553060320968 9.03879411515367 0 0
 413.707515371539 4.39847640260471 0 0
 415.861772640576 3.10314408343774 0 0
 418.015838085317 11.132307383264 0 0
 420.169717663 10.9028594932076 0 0
 422.323417330863 12.5383350327615 0 0
 424.476943046144 23.5310826487343 0 0
 426.630300766081 28.6532794981612 0 0
 428.783496447912 38.4763005022091 0 0
 430.936536048875 68.6641371803748 0 0
 433.089425526208 129.29823476263 0 0
 435.242170837149 187.703897061191 0 0
 437.394777938936 211.429731339848 0 0
 439.547252788807 198.819052044972 0 0
 441.699601344 222.420179279654 0 0
 443.851829561753 279.044143457431 0 0
 446.003943399304 330.809434066565 0 0
 448.155948813891 360.658294698715 0 0
 450.307851762752 364.28585624178 0 0
 452.459658203125 327.658345731779 0 0
 454.611374092248 272.668053600649 0 0
 456.763005387359 229.089049726722 0 0
 458.914558045696 190.641338869878 0 0
 461.066038024497 161.843269508273 0 0
 463.217451281 148.927056427004 0 0
 465.368803772443 129.674795153539 0 0
 467.520101456064 106.929556263539 0 0
 469.671350289101 95.4539506844219 0 0
 471.822556228792 80.0036065363883 0 0
 473.973725232375 65.235546726783 0 0
 476.124863257088 65.4142607970314 0 0
 478.275976260169 61.459080662676 0 0
 480.427070198856 55.083510946293 0 0
 482.578151030387 60.8099119558339 0 0
 484.729224712 60.605517358948 0 0
 486.880297200933 56.6610150009426 0 0
 489.031374454424 64.9948894581548 0 0
 491.182462429711 67.9539182524331 0 0
 493.333567084032 66.3485943512728 0 0
 495.484694374625 76.2345087523956 0 0
 497.635850258728 80.3604165261841 0 0
 499.787040693579 79.0592932268339 0 0
 501.938271636416 88.5792134139946 0 0
 504.089549044477 -NAN 0 0
 506.240878875 -NAN 0 0
 508.392267085223 -NAN 0 0
 510.543719632384 -NAN 0 0
 512.695242473721 -NAN 0 0
 514.846841566472 -NAN 0 0
 516.998522867875 -NAN 0 0
 519.150292335168 -NAN 0 0
 521.302155925589 -NAN 0 0
 523.454119596376 -NAN 0 0
 525.606189304767 -NAN 0 0
 527.758371008 -NAN 0 0
 529.910670663313 -NAN 0 0
 532.063094227944 -NAN 0 0
 534.215647659131 -NAN 0 0
 536.368336914112 -NAN 0 0
 538.521167950125 -NAN 0 0
 540.674146724408 -NAN 0 0
 542.827279194199 -NAN 0 0
 544.980571316736 -NAN 0 0
 547.134029049257 -NAN 0 0
 549.287658349 -NAN 0 0
 551.441465173203 -NAN 0 0
 553.595455479104 -NAN 0 0
 555.749635223941 -NAN 0 0
 557.904010364952 -NAN 0 0
 560.058586859375 -NAN 0 0
 562.213370664448 -NAN 0 0
 564.368367737409 -NAN 0 0
 566.523584035496 -NAN 0 0
 568.679025515947 -NAN 0 0
 570.834698136 -NAN 0 0
 572.990607852893 -NAN 0 0
 575.146760623864 -NAN 0 0
 577.303162406151 -NAN 0 0
 579.459819156992 -NAN 0 0
 581.616736833625 -NAN 0 0
 583.773921393288 -NAN 0 0
 585.931378793219 -NAN 0 0
 588.089114990656 -NAN 0 0
 590.247135942837 -NAN 0 0
 592.405447607 -NAN 0 0
 594.564055940383 -NAN 0 0
 596.722966900224 -NAN 0 0
 598.882186443761 -NAN 0 0
 601.041720528232 -NAN 0 0
 603.201575110875 -NAN 0 0
 605.361756148928 -NAN 0 0
 607.522269599629 -NAN 0 0
 609.683121420216 -NAN 0 0
 611.844317567927 -NAN 0 0
 614.005864 -NAN 0 0
 616.167766673673 -NAN 0 0
 618.330031546184 -NAN 0 0
 620.492664574771 -NAN 0 0
 622.655671716672 -NAN 0 0
 624.819058929125 -NAN 0 0
 626.982832169368 -NAN 0 0
 629.146997394639 -NAN 0 0
 631.311560562176 -NAN 0 0
 633.476527629217 -NAN 0 0
 635.641904553 -NAN 0 0
 637.807697290763 -NAN 0 0
 639.973911799744 -NAN 0 0
 642.140554037181 -NAN 0 0
 644.307629960312 -NAN 0 0
 646.475145526375 -NAN 0 0
 648.643106692608 -NAN 0 0
 650.811519416249 -NAN 0 0
 652.980389654536 -NAN 0 0
 655.149723364707 -NAN 0 0
 657.319526504 -NAN 0 0
 659.489805029653 -NAN 0 0
 661.660564898904 -NAN 0 0
 663.831812068991 -NAN 0 0
 666.003552497152 -NAN 0 0
 668.175792140625 -NAN 0 0
 670.348536956648 -NAN 0 0
 672.521792902459 -NAN 0 0
 674.695565935296 -NAN 0 0
 676.869862012397 -NAN 0 0
 679.044687091 -NAN 0 0
 681.220047128343 -NAN 0 0
 683.395948081664 -NAN 0 0
 685.572395908201 -NAN 0 0
 687.749396565192 -NAN 0 0
 689.926956009875 -NAN 0 0
 692.105080199488 -NAN 0 0
 694.283775091269 -NAN 0 0
 696.463046642456 -NAN 0 0
 698.642900810287 -NAN 0 0
 700.823343552 -NAN 0 0
 703.004380824833 -NAN 0 0
 705.186018586024 -NAN 0 0
 707.368262792811 -NAN 0 0
 709.551119402432 -NAN 0 0
 711.734594372125 -NAN 0 0
 713.918693659128 -NAN 0 0
 716.103423220679 -NAN 0 0
 718.288789014016 -NAN 0 0
 720.474796996377 -NAN 0 0
 722.661453125 -NAN 0 0
 724.848763357123 -NAN 0 0
 727.036733649984 -NAN 0 0
 729.225369960821 -NAN 0 0
 731.414678246872 -NAN 0 0
 733.604664465375 -NAN 0 0
 735.795334573568 -NAN 0 0
[END] of [DATA]
[END] of Spectrum


[Spectrum]
Version            = 1
IDData             = 12ad_2026-06-09_10-08-45_000_412
IDDevice           = SAM_82E6
IDDataType         = SPECTRUM
IDDataTypeSub1     = CALIBRATED
IDDataTypeSub2     = 
IDDataTypeSub3     = 
DateTime           = 2026-06-09 10:08:45
PositionLatitude   = 0
PositionLongitude  = 0
Comment            = 20260609_FrameF
CommentSub1        = UV
CommentSub2        = right
CommentSub3        = 50cm
IDMethodType       = SAM Control
MethodName         = SAM_82E6
Mission            = No Mission
MissionSub         = 1
RecordType         = 0
[Attributes]
CalFactor = 1
IDBasisSpec = 
IDDataBack = DLAB_2024-11-11_10-40-48_641_639
IDDataCal = DLAB_2024-11-12_11-45-27_171_455
IntegrationTime = 256
P31 = -1
P31e = 0
PathLength = +INF
PathLengthCustomOn = 0
RAWDynamic = 65535
Salinity = 0
Temperature = -NAN
Unit1 = $01 $01 Wavelength nm
Unit2 = $03 $06 Intensity mW/(m^2 nm)
Unit3 = $f0 $06 Error mW/(m^2 nm)
Unit4 = $f1 $00 Status 
p999 = 7556
[END] of [Attributes]
[DATA]
 0 7 0 0
 185.260577530984 -NAN 0 0
 187.468128380571 -NAN 0 0
 189.674861895872 -NAN 0 0
 191.880784034125 -NAN 0 0
 194.085900752568 -NAN 0 0
 196.290218008439 -NAN 0 0
 198.493741758976 -NAN 0 0
 200.696477961417 -NAN 0 0
 202.898432573 -NAN 0 0
 205.099611550963 -NAN 0 0
 207.300020852544 -NAN 0 0
 209.499666434981 -NAN 0 0
 211.698554255512 -NAN 0 0
 213.896690271375 -NAN 0 0
 216.094080439808 -NAN 0 0
 218.290730718049 -NAN 0 0
 220.486647063336 -NAN 0 0
 222.681835432907 -NAN 0 0
 224.876301784 -NAN 0 0
 227.070052073853 -NAN 0 0
 229.263092259704 -NAN 0 0
 231.455428298791 -NAN 0 0
 233.647066148352 -NAN 0 0
 235.838011765625 -NAN 0 0
 238.028271107848 -NAN 0 0
 240.217850132259 -NAN 0 0
 242.406754796096 -NAN 0 0
 244.594991056597 -NAN 0 0
 246.782564871 -NAN 0 0
 248.969482196543 -NAN 0 0
 251.155748990464 -NAN 0 0
 253.341371210001 -NAN 0 0
 255.526354812392 -NAN 0 0
 257.710705754875 -NAN 0 0
 259.894429994688 -NAN 0 0
 262.077533489069 -NAN 0 0
 264.260022195256 -NAN 0 0
 266.441902070487 -NAN 0 0
 268.623179072 -NAN 0 0
 270.803859157033 -NAN 0 0
 272.983948282824 -NAN 0 0
 275.163452406611 -NAN 0 0
 277.342377485632 -NAN 0 0
 279.520729477125 15.2015484376679 0 0
 281.698514338328 15.6563901910025 0 0
 283.875738026479 22.957545470525 0 0
 286.052406498816 43.159675647141 0 0
 288.228525712577 52.311759488904 0 0
 290.404101625 71.6665383260414 0 0
 292.579140193323 103.819076051115 0 0
 294.753647374784 127.880827144964 0 0
 296.927629126621 150.617835059212 0 0
 299.101091406072 182.317245667074 0 0
 301.274040170375 205.966356055685 0 0
 303.446481376768 217.639900618916 0 0
 305.618420982489 238.204607429851 0 0
 307.789864944776 243.520235616359 0 0
 309.960819220867 253.365615463156 0 0
 312.131289768 271.264712498269 0 0
 314.301282543413 256.451295836828 0 0
 316.470803504344 229.086942863421 0 0
 318.639858608031 216.741546094378 0 0
 320.808453811712 194.145335561098 0 0
 322.976595072625 177.976692763771 0 0
 325.144288348008 169.929386553254 0 0
 327.311539595099 149.592858599857 0 0
 329.478354771136 130.921195863224 0 0
 331.644739833357 125.729398805361 0 0
 333.810700739 109.870139043014 0 0
 335.976243445303 92.6081211967406 0 0
 338.141373909504 87.8762280398561 0 0
 340.306098088841 73.771718921603 0 0
 342.470421940552 60.0995268329223 0 0
 344.634351421875 59.2453964099935 0 0
 346.797892490048 49.0168687867464 0 0
 348.961051102309 38.0675535530574 0 0
 351.123833215896 38.9794757161903 0 0
 353.286244788047 31.8186274830798 0 0
 355.448291776 23.5339291483723 0 0
 357.609980136993 26.1659980226708 0 0
 359.771315828264 23.8547261117639 0 0
 361.932304807051 29.374086884203 0 0
 364.092953030592 48.970188567766 0 0
 366.253266456125 45.4689442078911 0 0
 368.413251040888 21.8269593745164 0 0
 370.572912742119 16.0969388859464 0 0
 372.732257517056 10.4101898689887 0 0
 374.891291322937 2.73039437233475 0 0
 377.050020117 9.13015507764849 0 0
 379.208449856483 7.1260190255058 0 0
 381.366586498624 -0.0816463067172988 0 0
 383.524436000661 6.70516530330599 0 0
 385.682004319832 5.62010784476576 0 0
 387.839297413375 -1.52771251234993 0 0
 389.996321238528 5.4778614170831 0 0
 392.153081752529 4.71820674652123 0 0
 394.309584912616 -2.3005577789545 0 0
 396.465836676027 4.61622415845863 0 0
 398.621843 6.26967662202711 0 0
 400.777609841773 8.3688715925426 0 0
 402.933143158584 31.5627193461968 0 0
 405.088448907671 36.9458331685651 0 0
 407.243533046272 20.2743043857399 0 0
 409.398401531625 12.297275210591 0 0
 411.553060320968 7.6975963568815 0 0
 413.707515371539 1.2663787559272 0 0
 415.861772640576 7.35499806752041 0 0
 418.015838085317 10.1227831548024 0 0
 420.169717663 7.83679820225413 0 0
 422.323417330863 16.2454790134189 0 0
 424.476943046144 22.6833853631706 0 0
 426.630300766081 25.7779956908863 0 0
 428.783496447912 41.8136127864456 0 0
 430.936536048875 67.7437081102274 0 0
 433.089425526208 125.07855489856 0 0
 435.242170837149 188.595021892655 0 0
 437.394777938936 208.975870708483 0 0
 439.547252788807 195.018461431712 0 0
 441.699601344 225.45235162376 0 0
 443.851829561753 278.674171943553 0 0
 446.003943399304 327.582254569485 0 0
 448.155948813891 363.942467886966 0 0
 450.307851762752 364.203791225951 0 0
 452.459658203125 324.239336278183 0 0
 454.611374092248 276.141890524683 0 0
 456.763005387359 229.193508801239 0 0
 458.914558045696 186.706102483876 0 0
 461.066038024497 165.446055957596 0 0
 463.217451281 149.281234199309 0 0
 465.368803772443 125.550787353889 0 0
 467.520101456064 110.601016751958 0 0
 469.671350289101 96.0666451141256 0 0
 471.822556228792 75.6149039361624 0 0
 473.973725232375 68.9109956298176 0 0
 476.124863257088 66.309927600776 0 0
 478.275976260169 57.1474463684465 0 0
 480.427070198856 58.6712383135683 0 0
 482.578151030387 61.9640083567094 0 0
 484.729224712 56.2189399047683 0 0
 486.880297200933 60.1532973279745 0 0
 489.031374454424 66.5244670330861 0 0
 491.182462429711 63.5400825037515 0 0
 493.333567084032 69.8043754152377 0 0
 495.484694374625 77.936815202912 0 0
 497.635850258728 76.083798806649 0 0
 499.787040693579 82.3555940538064 0 0
 501.938271636416 90.4766019484329 0 0
 504.089549044477 -NAN 0 0
 506.240878875 -NAN 0 0
 508.392267085223 -NAN 0 0
 510.543719632384 -NAN 0 0
 512.695242473721 -NAN 0 0
 514.846841566472 -NAN 0 0
 516.998522867875 -NAN 0 0
 519.150292335168 -NAN 0 0
 521.302155925589 -NAN 0 0
 523.454119596376 -NAN 0 0
 525.606189304767 -NAN 0 0
 527.758371008 -NAN 0 0
 529.910670663313 -NAN 0 0
 532.063094227944 -NAN 0 0
 534.215647659131 -NAN 0 0
 536.368336914112 -NAN 0 0
 538.521167950125 -NAN 0 0
 540.674146724408 -NAN 0 0
 542.827279194199 -NAN 0 0
 544.980571316736 -NAN 0 0
 547.134029049257 -NAN 0 0
 549.287658349 -NAN 0 0
 551.441465173203 -NAN 0 0
 553.595455479104 -NAN 0 0
 555.749635223941 -NAN 0 0
 557.904010364952 -NAN 0 0
 560.058586859375 -NAN 0 0
 562.213370664448 -NAN 0 0
 564.368367737409 -NAN 0 0
 566.523584035496 -NAN 0 0
 568.679025515947 -NAN 0 0
 570.834698136 -NAN 0 0
 572.990607852893 -NAN 0 0
 575.146760623864 -NAN 0 0
 577.303162406151 -NAN 0 0
 579.459819156992 -NAN 0 0
 581.616736833625 -NAN 0 0
 583.773921393288 -NAN 0 0
 585.931378793219 -NAN 0 0
 588.089114990656 -NAN 0 0
 590.247135942837 -NAN 0 0
 592.405447607 -NAN 0 0
 594.564055940383 -NAN 0 0
 596.722966900224 -NAN 0 0
 598.882186443761 -NAN 0 0
 601.041720528232 -NAN 0 0
 603.201575110875 -NAN 0 0
 605.361756148928 -NAN 0 0
 607.522269599629 -NAN 0 0
 609.683121420216 -NAN 0 0
 611.844317567927 -NAN 0 0
 614.005864 -NAN 0 0
 616.167766673673 -NAN 0 0
 618.330031546184 -NAN 0 0
 620.492664574771 -NAN 0 0
 622.655671716672 -NAN 0 0
 624.819058929125 -NAN 0 0
 626.982832169368 -NAN 0 0
 629.146997394639 -NAN 0 0
 631.311560562176 -NAN 0 0
 633.476527629217 -NAN 0 0
 635.641904553 -NAN 0 0
 637.807697290763 -NAN 0 0
 639.973911799744 -NAN 0 0
 642.140554037181 -NAN 0 0
 644.307629960312 -NAN 0 0
 646.475145526375 -NAN 0 0
 648.643106692608 -NAN 0 0
 650.811519416249 -NAN 0 0
 652.980389654536 -NAN 0 0
 655.149723364707 -NAN 0 0
 657.319526504 -NAN 0 0
 659.489805029653 -NAN 0 0
 661.660564898904 -NAN 0 0
 663.831812068991 -NAN 0 0
 666.003552497152 -NAN 0 0
 668.175792140625 -NAN 0 0
 670.348536956648 -NAN 0 0
 672.521792902459 -NAN 0 0
 674.695565935296 -NAN 0 0
 676.869862012397 -NAN 0 0
 679.044687091 -NAN 0 0
 681.220047128343 -NAN 0 0
 683.395948081664 -NAN 0 0
 685.572395908201 -NAN 0 0
 687.749396565192 -NAN 0 0
 689.926956009875 -NAN 0 0
 692.105080199488 -NAN 0 0
 694.283775091269 -NAN 0 0
 696.463046642456 -NAN 0 0
 698.642900810287 -NAN 0 0
 700.823343552 -NAN 0 0
 703.004380824833 -NAN 0 0
 705.186018586024 -NAN 0 0
 707.368262792811 -NAN 0 0
 709.551119402432 -NAN 0 0
 711.734594372125 -NAN 0 0
 713.918693659128 -NAN 0 0
 716.103423220679 -NAN 0 0
 718.288789014016 -NAN 0 0
 720.474796996377 -NAN 0 0
 722.661453125 -NAN 0 0
 724.848763357123 -NAN 0 0
 727.036733649984 -NAN 0 0
 729.225369960821 -NAN 0 0
 731.414678246872 -NAN 0 0
 733.604664465375 -NAN 0 0
 735.795334573568 -NAN 0 0
[END] of [DATA]
[END] of Spectrum


[Spectrum]
Version            = 1
IDData             = 12ad_2026-06-09_10-08-40_000_409
IDDevice           = SAM_82E6
IDDataType         = SPECTRUM
IDDataTypeSub1     = CALIBRATED
IDDataTypeSub2     = 
IDDataTypeSub3     = 
DateTime           = 2026-06-09 10:08:40
PositionLatitude   = 0
PositionLongitude  = 0
Comment            = 20260609_FrameF
CommentSub1        = UV
CommentSub2        = right
CommentSub3        = 50cm
IDMethodType       = SAM Control
MethodName         = SAM_82E6
Mission            = No Mission
MissionSub         = 1
RecordType         = 0
[Attributes]
CalFactor = 1
IDBasisSpec = 
IDDataBack = DLAB_2024-11-11_10-40-48_641_639
IDDataCal = DLAB_2024-11-12_11-45-27_171_455
IntegrationTime = 256
P31 = -1
P31e = 0
PathLength = +INF
PathLengthCustomOn = 0
RAWDynamic = 65535
Salinity = 0
Temperature = -NAN
Unit1 = $01 $01 Wavelength nm
Unit2 = $03 $06 Intensity mW/(m^2 nm)
Unit3 = $f0 $06 Error mW/(m^2 nm)
Unit4 = $f1 $00 Status 
p999 = 7555
[END] of [Attributes]
[DATA]
 0 7 0 0
 185.260577530984 -NAN 0 0
 187.468128380571 -NAN 0 0
 189.674861895872 -NAN 0 0
 191.880784034125 -NAN 0 0
 194.085900752568 -NAN 0 0
 196.290218008439 -NAN 0 0
 198.493741758976 -NAN 0 0
 200.696477961417 -NAN 0 0
 202.898432573 -NAN 0 0
 205.099611550963 -NAN 0 0
 207.300020852544 -NAN 0 0
 209.499666434981 -NAN 0 0
 211.698554255512 -NAN 0 0
 213.896690271375 -NAN 0 0
 216.094080439808 -NAN 0 0
 218.290730718049 -NAN 0 0
 220.486647063336 -NAN 0 0
 222.681835432907 -NAN 0 0
 224.876301784 -NAN 0 0
 227.070052073853 -NAN 0 0
 229.263092259704 -NAN 0 0
 231.455428298791 -NAN 0 0
 233.647066148352 -NAN 0 0
 235.838011765625 -NAN 0 0
 238.028271107848 -NAN 0 0
 240.217850132259 -NAN 0 0
 242.406754796096 -NAN 0 0
 244.594991056597 -NAN 0 0
 246.782564871 -NAN 0 0
 248.969482196543 -NAN 0 0
 251.155748990464 -NAN 0 0
 253.341371210001 -NAN 0 0
 255.526354812392 -NAN 0 0
 257.710705754875 -NAN 0 0
 259.894429994688 -NAN 0 0
 262.077533489069 -NAN 0 0
 264.260022195256 -NAN 0 0
 266.441902070487 -NAN 0 0
 268.623179072 -NAN 0 0
 270.803859157033 -NAN 0 0
 272.983948282824 -NAN 0 0
 275.163452406611 -NAN 0 0
 277.342377485632 -NAN 0 0
 279.520729477125 12.7295886626317 0 0
 281.698514338328 11.3196089017115 0 0
 283.875738026479 25.8863283759981 0 0
 286.052406498816 39.7550335792653 0 0
 288.228525712577 46.47637020024 0 0
 290.404101625 73.426012958442 0 0
 292.579140193323 99.1689247322276 0 0
 294.753647374784 120.396534985039 0 0
 296.927629126621 149.868743303964 0 0
 299.101091406072 176.144115745585 0 0
 301.274040170375 197.010763528665 0 0
 303.446481376768 214.773999392163 0 0
 305.618420982489 231.007854158315 0 0
 307.789864944776 233.788951311612 0 0
 309.960819220867 249.508590128267 0 0
 312.131289768 263.228166918234 0 0
 314.301282543413 245.948861913378 0 0
 316.470803504344 226.133951012236 0 0
 318.639858608031 209.996747730639 0 0
 320.808453811712 184.506816093078 0 0
 322.976595072625 176.349693868323 0 0
 325.144288348008 164.464995169025 0 0
 327.311539595099 140.468519078901 0 0
 329.478354771136 130.619245889176 0 0
 331.644739833357 121.524883587254 0 0
 333.810700739 101.656420513213 0 0
 335.976243445303 92.8363461776237 0 0
 338.141373909504 84.9494470107883 0 0
 340.306098088841 66.9242115239815 0 0
 342.470421940552 60.9532875625856 0 0
 344.634351421875 57.2358348785078 0 0
 346.797892490048 43.2922594939747 0 0
 348.961051102309 39.0193851164548 0 0
 351.123833215896 37.8354346921228 0 0
 353.286244788047 26.9946093993784 0 0
 355.448291776 24.6515499763914 0 0
 357.609980136993 25.6402234558193 0 0
 359.771315828264 19.251151556198 0 0
 361.932304807051 30.4161351656434 0 0
 364.092953030592 48.3955184966887 0 0
 366.253266456125 40.3550562713187 0 0
 368.413251040888 23.2174679028328 0 0
 370.572912742119 16.4749928074164 0 0
 372.732257517056 5.40218088727323 0 0
 374.891291322937 4.63550466263448 0 0
 377.050020117 9.9550572139805 0 0
 379.208449856483 1.94248057019854 0 0
 381.366586498624 1.81919599750422 0 0
 383.524436000661 8.09228771633602 0 0
 385.682004319832 0.390104396101694 0 0
 387.839297413375 0.288712763252995 0 0
 389.996321238528 7.1395612532539 0 0
 392.153081752529 -0.159296233753569 0 0
 394.309584912616 -0.441920862922103 0 0
 396.465836676027 6.56690805317446 0 0
 398.621843 1.66550971817421 0 0
 400.777609841773 9.77861629410569 0 0
 402.933143158584 32.8794611697155 0 0
 405.088448907671 31.8981342582619 0 0
 407.243533046272 21.0702671023906 0 0
 409.398401531625 14.1374802150525 0 0
 411.553060320968 3.95966938090751 0 0
 413.707515371539 2.44476022746757 0 0
 415.861772640576 9.40744126530972 0 0
 418.015838085317 6.95069485368688 0 0
 420.169717663 8.90485842980317 0 0
 422.323417330863 18.3009342459643 0 0
 424.476943046144 19.9867315898279 0 0
 426.630300766081 26.7136929731096 0 0
 428.783496447912 43.7667707966946 0 0
 430.936536048875 64.9362758434483 0 0
 433.089425526208 124.272994371939 0 0
 435.242170837149 187.994012140852 0 0
 437.394777938936 204.231207285754 0 0
 439.547252788807 194.774201298661 0 0
 441.699601344 227.379001657532 0 0
 443.851829561753 276.364779620503 0 0
 446.003943399304 328.278681958303 0 0
 448.155948813891 366.346591460519 0 0
 450.307851762752 361.666990242113 0 0
 452.459658203125 324.793269535634 0 0
 454.611374092248 278.987146499693 0 0
 456.763005387359 226.552744347326 0 0
 458.914558045696 187.240049089636 0 0
 461.066038024497 168.558757485503 0 0
 463.217451281 146.61191785085 0 0
 465.368803772443 125.935005126879 0 0
 467.520101456064 113.950099875437 0 0
 469.671350289101 93.2553952308388 0 0
 471.822556228792 75.757003895821 0 0
 473.973725232375 72.4433024245855 0 0
 476.124863257088 63.4745719958441 0 0
 478.275976260169 57.0918840708405 0 0
 480.427070198856 62.3547572218512 0 0
 482.578151030387 59.2763254424849 0 0
 484.729224712 55.9417752656252 0 0
 486.880297200933 63.8525214328735 0 0
 489.031374454424 63.8401534981481 0 0
 491.182462429711 63.1223763878591 0 0
 493.333567084032 73.3859629419049 0 0
 495.484694374625 75.4010648270128 0 0
 497.635850258728 75.4068688084568 0 0
 499.787040693579 85.8823750177572 0 0
 501.938271636416 87.9915933687289 0 0
 504.089549044477 -NAN 0 0
 506.240878875 -NAN 0 0
 508.392267085223 -NAN 0 0
 510.543719632384 -NAN 0 0
 512.695242473721 -NAN 0 0
 514.846841566472 -NAN 0 0
 516.998522867875 -NAN 0 0
 519.150292335168 -NAN 0 0
 521.302155925589 -NAN 0 0
 523.454119596376 -NAN 0 0
 525.606189304767 -NAN 0 0
 527.758371008 -NAN 0 0
 529.910670663313 -NAN 0 0
 532.063094227944 -NAN 0 0
 534.215647659131 -NAN 0 0
 536.368336914112 -NAN 0 0
 538.521167950125 -NAN 0 0
 540.674146724408 -NAN 0 0
 542.827279194199 -NAN 0 0
 544.980571316736 -NAN 0 0
 547.134029049257 -NAN 0 0
 549.287658349 -NAN 0 0
 551.441465173203 -NAN 0 0
 553.595455479104 -NAN 0 0
 555.749635223941 -NAN 0 0
 557.904010364952 -NAN 0 0
 560.058586859375 -NAN 0 0
 562.213370664448 -NAN 0 0
 564.368367737409 -NAN 0 0
 566.523584035496 -NAN 0 0
 568.679025515947 -NAN 0 0
 570.834698136 -NAN 0 0
 572.990607852893 -NAN 0 0
 575.146760623864 -NAN 0 0
 577.303162406151 -NAN 0 0
 579.459819156992 -NAN 0 0
 581.616736833625 -NAN 0 0
 583.773921393288 -NAN 0 0
 585.931378793219 -NAN 0 0
 588.089114990656 -NAN 0 0
 590.247135942837 -NAN 0 0
 592.405447607 -NAN 0 0
 594.564055940383 -NAN 0 0
 596.722966900224 -NAN 0 0
 598.882186443761 -NAN 0 0
 601.041720528232 -NAN 0 0
 603.201575110875 -NAN 0 0
 605.361756148928 -NAN 0 0
 607.522269599629 -NAN 0 0
 609.683121420216 -NAN 0 0
 611.844317567927 -NAN 0 0
 614.005864 -NAN 0 0
 616.167766673673 -NAN 0 0
 618.330031546184 -NAN 0 0
 620.492664574771 -NAN 0 0
 622.655671716672 -NAN 0 0
 624.819058929125 -NAN 0 0
 626.982832169368 -NAN 0 0
 629.146997394639 -NAN 0 0
 631.311560562176 -NAN 0 0
 633.476527629217 -NAN 0 0
 635.641904553 -NAN 0 0
 637.807697290763 -NAN 0 0
 639.973911799744 -NAN 0 0
 642.140554037181 -NAN 0 0
 644.307629960312 -NAN 0 0
 646.475145526375 -NAN 0 0
 648.643106692608 -NAN 0 0
 650.811519416249 -NAN 0 0
 652.980389654536 -NAN 0 0
 655.149723364707 -NAN 0 0
 657.319526504 -NAN 0 0
 659.489805029653 -NAN 0 0
 661.660564898904 -NAN 0 0
 663.831812068991 -NAN 0 0
 666.003552497152 -NAN 0 0
 668.175792140625 -NAN 0 0
 670.348536956648 -NAN 0 0
 672.521792902459 -NAN 0 0
 674.695565935296 -NAN 0 0
 676.869862012397 -NAN 0 0
 679.044687091 -NAN 0 0
 681.220047128343 -NAN 0 0
 683.395948081664 -NAN 0 0
 685.572395908201 -NAN 0 0
 687.749396565192 -NAN 0 0
 689.926956009875 -NAN 0 0
 692.105080199488 -NAN 0 0
 694.283775091269 -NAN 0 0
 696.463046642456 -NAN 0 0
 698.642900810287 -NAN 0 0
 700.823343552 -NAN 0 0
 703.004380824833 -NAN 0 0
 705.186018586024 -NAN 0 0
 707.368262792811 -NAN 0 0
 709.551119402432 -NAN 0 0
 711.734594372125 -NAN 0 0
 713.918693659128 -NAN 0 0
 716.103423220679 -NAN 0 0
 718.288789014016 -NAN 0 0
 720.474796996377 -NAN 0 0
 722.661453125 -NAN 0 0
 724.848763357123 -NAN 0 0
 727.036733649984 -NAN 0 0
 729.225369960821 -NAN 0 0
 731.414678246872 -NAN 0 0
 733.604664465375 -NAN 0 0
 735.795334573568 -NAN 0 0
[END] of [DATA]
[END] of Spectrum


[Spectrum]
Version            = 1
IDData             = 12ad_2026-06-09_10-08-35_000_406
IDDevice           = SAM_82E6
IDDataType         = SPECTRUM
IDDataTypeSub1     = CALIBRATED
IDDataTypeSub2     = 
IDDataTypeSub3     = 
DateTime           = 2026-06-09 10:08:35
PositionLatitude   = 0
PositionLongitude  = 0
Comment            = 20260609_FrameF
CommentSub1        = UV
CommentSub2        = right
CommentSub3        = 50cm
IDMethodType       = SAM Control
MethodName         = SAM_82E6
Mission            = No Mission
MissionSub         = 1
RecordType         = 0
[Attributes]
CalFactor = 1
IDBasisSpec = 
IDDataBack = DLAB_2024-11-11_10-40-48_641_639
IDDataCal = DLAB_2024-11-12_11-45-27_171_455
IntegrationTime = 256
P31 = -1
P31e = 0
PathLength = +INF
PathLengthCustomOn = 0
RAWDynamic = 65535
Salinity = 0
Temperature = -NAN
Unit1 = $01 $01 Wavelength nm
Unit2 = $03 $06 Intensity mW/(m^2 nm)
Unit3 = $f0 $06 Error mW/(m^2 nm)
Unit4 = $f1 $00 Status 
p999 = 7554
[END] of [Attributes]
[DATA]
 0 7 0 0
 185.260577530984 -NAN 0 0
 187.468128380571 -NAN 0 0
 189.674861895872 -NAN 0 0
 191.880784034125 -NAN 0 0
 194.085900752568 -NAN 0 0
 196.290218008439 -NAN 0 0
 198.493741758976 -NAN 0 0
 200.696477961417 -NAN 0 0
 202.898432573 -NAN 0 0
 205.099611550963 -NAN 0 0
 207.300020852544 -NAN 0 0
 209.499666434981 -NAN 0 0
 211.698554255512 -NAN 0 0
 213.896690271375 -NAN 0 0
 216.094080439808 -NAN 0 0
 218.290730718049 -NAN 0 0
 220.486647063336 -NAN 0 0
 222.681835432907 -NAN 0 0
 224.876301784 -NAN 0 0
 227.070052073853 -NAN 0 0
 229.263092259704 -NAN 0 0
 231.455428298791 -NAN 0 0
 233.647066148352 -NAN 0 0
 235.838011765625 -NAN 0 0
 238.028271107848 -NAN 0 0
 240.217850132259 -NAN 0 0
 242.406754796096 -NAN 0 0
 244.594991056597 -NAN 0 0
 246.782564871 -NAN 0 0
 248.969482196543 -NAN 0 0
 251.155748990464 -NAN 0 0
 253.341371210001 -NAN 0 0
 255.526354812392 -NAN 0 0
 257.710705754875 -NAN 0 0
 259.894429994688 -NAN 0 0
 262.077533489069 -NAN 0 0
 264.260022195256 -NAN 0 0
 266.441902070487 -NAN 0 0
 268.623179072 -NAN 0 0
 270.803859157033 -NAN 0 0
 272.983948282824 -NAN 0 0
 275.163452406611 -NAN 0 0
 277.342377485632 -NAN 0 0
 279.520729477125 5.67609739522349 0 0
 281.698514338328 16.1166093691244 0 0
 283.875738026479 27.3436591177764 0 0
 286.052406498816 30.7345469405822 0 0
 288.228525712577 50.5337781220413 0 0
 290.404101625 73.8666086721753 0 0
 292.579140193323 88.6733119039665 0 0
 294.753647374784 121.759804003197 0 0
 296.927629126621 148.265179088916 0 0
 299.101091406072 164.728592286521 0 0
 301.274040170375 195.419921684334 0 0
 303.446481376768 211.477776106209 0 0
 305.618420982489 218.760898650804 0 0
 307.789864944776 230.841988347181 0 0
 309.960819220867 245.225768216761 0 0
 312.131289768 250.049222388218 0 0
 314.301282543413 242.533710403948 0 0
 316.470803504344 223.172406847043 0 0
 318.639858608031 197.187677101656 0 0
 320.808453811712 183.005331497038 0 0
 322.976595072625 175.548147307903 0 0
 325.144288348008 152.169031782108 0 0
 327.311539595099 140.055109094179 0 0
 329.478354771136 131.578643589968 0 0
 331.644739833357 110.368113628222 0 0
 333.810700739 101.865130967836 0 0
 335.976243445303 95.2523329179274 0 0
 338.141373909504 75.0863072952686 0 0
 340.306098088841 67.5187027509703 0 0
 342.470421940552 63.9309745246321 0 0
 344.634351421875 49.0718339633605 0 0
 346.797892490048 43.9518156606456 0 0
 348.961051102309 42.336338851356 0 0
 351.123833215896 30.9006654708915 0 0
 353.286244788047 27.5409098197976 0 0
 355.448291776 28.2496651541816 0 0
 357.609980136993 19.3823282039251 0 0
 359.771315828264 19.8384299924922 0 0
 361.932304807051 34.504170731294 0 0
 364.092953030592 41.5943151407565 0 0
 366.253266456125 40.4041047511854 0 0
 368.413251040888 28.0690939972721 0 0
 370.572912742119 9.76798968233315 0 0
 372.732257517056 5.79744702987802 0 0
 374.891291322937 10.7662759567536 0 0
 377.050020117 2.81234272915251 0 0
 379.208449856483 2.22796702940013 0 0
 381.366586498624 8.6579884957406 0 0
 383.524436000661 1.02734354095459 0 0
 385.682004319832 0.411439737883027 0 0
 387.839297413375 7.43823065770883 0 0
 389.996321238528 0.245543674279883 0 0
 392.153081752529 -0.400743038467029 0 0
 394.309584912616 6.5739903131503 0 0
 396.465836676027 0.171135118263085 0 0
 398.621843 0.921147287897133 0 0
 400.777609841773 16.3877699595518 0 0
 402.933143158584 26.1462087073912 0 0
 405.088448907671 29.9928091159207 0 0
 407.243533046272 26.8083266866032 0 0
 409.398401531625 8.77155242184385 0 0
 411.553060320968 2.86443140889743 0 0
 413.707515371539 8.3313643382228 0 0
 415.861772640576 4.94023893973846 0 0
 418.015838085317 5.84188927461708 0 0
 420.169717663 14.2574578695485 0 0
 422.323417330863 14.3511641465431 0 0
 424.476943046144 18.7138541997773 0 0
 426.630300766081 31.5898497510431 0 0
 428.783496447912 40.1984851439609 0 0
 430.936536048875 63.1687553819745 0 0
 433.089425526208 127.243448213319 0 0
 435.242170837149 182.007091860587 0 0
 437.394777938936 200.308227488119 0 0
 439.547252788807 198.455088270559 0 0
 441.699601344 223.91448378537 0 0
 443.851829561753 274.47139599066 0 0
 446.003943399304 333.188751718043 0 0
 448.155948813891 363.114185896662 0 0
 450.307851762752 359.480994655613 0 0
 452.459658203125 330.151045390306 0 0
 454.611374092248 275.569415893348 0 0
 456.763005387359 223.949077508662 0 0
 458.914558045696 193.057572014821 0 0
 461.066038024497 165.190315177398 0 0
 463.217451281 143.598810175022 0 0
 465.368803772443 132.021267981444 0 0
 467.520101456064 110.650283724673 0 0
 469.671350289101 90.007898253611 0 0
 471.822556228792 82.138385161106 0 0
 473.973725232375 69.4274083127186 0 0
 476.124863257088 59.9439398114911 0 0
 478.275976260169 63.4693245900628 0 0
 480.427070198856 59.5745748223731 0 0
 482.578151030387 55.3854356422413 0 0
 484.729224712 62.4260867023515 0 0
 486.880297200933 61.3222387218721 0 0
 489.031374454424 59.7482257794034 0 0
 491.182462429711 69.4114222129669 0 0
 493.333567084032 71.2684063750037 0 0
 495.484694374625 71.0346155765009 0 0
 497.635850258728 81.6243117578168 0 0
 499.787040693579 84.1178973653243 0 0
 501.938271636416 83.6005864370736 0 0
 504.089549044477 -NAN 0 0
 506.240878875 -NAN 0 0
 508.392267085223 -NAN 0 0
 510.543719632384 -NAN 0 0
 512.695242473721 -NAN 0 0
 514.846841566472 -NAN 0 0
 516.998522867875 -NAN 0 0
 519.150292335168 -NAN 0 0
 521.302155925589 -NAN 0 0
 523.454119596376 -NAN 0 0
 525.606189304767 -NAN 0 0
 527.758371008 -NAN 0 0
 529.910670663313 -NAN 0 0
 532.063094227944 -NAN 0 0
 534.215647659131 -NAN 0 0
 536.368336914112 -NAN 0 0
 538.521167950125 -NAN 0 0
 540.674146724408 -NAN 0 0
 542.827279194199 -NAN 0 0
 544.980571316736 -NAN 0 0
 547.134029049257 -NAN 0 0
 549.287658349 -NAN 0 0
 551.441465173203 -NAN 0 0
 553.595455479104 -NAN 0 0
 555.749635223941 -NAN 0 0
 557.904010364952 -NAN 0 0
 560.058586859375 -NAN 0 0
 562.213370664448 -NAN 0 0
 564.368367737409 -NAN 0 0
 566.523584035496 -NAN 0 0
 568.679025515947 -NAN 0 0
 570.834698136 -NAN 0 0
 572.990607852893 -NAN 0 0
 575.146760623864 -NAN 0 0
 577.303162406151 -NAN 0 0
 579.459819156992 -NAN 0 0
 581.616736833625 -NAN 0 0
 583.773921393288 -NAN 0 0
 585.931378793219 -NAN 0 0
 588.089114990656 -NAN 0 0
 590.247135942837 -NAN 0 0
 592.405447607 -NAN 0 0
 594.564055940383 -NAN 0 0
 596.722966900224 -NAN 0 0
 598.882186443761 -NAN 0 0
 601.041720528232 -NAN 0 0
 603.201575110875 -NAN 0 0
 605.361756148928 -NAN 0 0
 607.522269599629 -NAN 0 0
 609.683121420216 -NAN 0 0
 611.844317567927 -NAN 0 0
 614.005864 -NAN 0 0
 616.167766673673 -NAN 0 0
 618.330031546184 -NAN 0 0
 620.492664574771 -NAN 0 0
 622.655671716672 -NAN 0 0
 624.819058929125 -NAN 0 0
 626.982832169368 -NAN 0 0
 629.146997394639 -NAN 0 0
 631.311560562176 -NAN 0 0
 633.476527629217 -NAN 0 0
 635.641904553 -NAN 0 0
 637.807697290763 -NAN 0 0
 639.973911799744 -NAN 0 0
 642.140554037181 -NAN 0 0
 644.307629960312 -NAN 0 0
 646.475145526375 -NAN 0 0
 648.643106692608 -NAN 0 0
 650.811519416249 -NAN 0 0
 652.980389654536 -NAN 0 0
 655.149723364707 -NAN 0 0
 657.319526504 -NAN 0 0
 659.489805029653 -NAN 0 0
 661.660564898904 -NAN 0 0
 663.831812068991 -NAN 0 0
 666.003552497152 -NAN 0 0
 668.175792140625 -NAN 0 0
 670.348536956648 -NAN 0 0
 672.521792902459 -NAN 0 0
 674.695565935296 -NAN 0 0
 676.869862012397 -NAN 0 0
 679.044687091 -NAN 0 0
 681.220047128343 -NAN 0 0
 683.395948081664 -NAN 0 0
 685.572395908201 -NAN 0 0
 687.749396565192 -NAN 0 0
 689.926956009875 -NAN 0 0
 692.105080199488 -NAN 0 0
 694.283775091269 -NAN 0 0
 696.463046642456 -NAN 0 0
 698.642900810287 -NAN 0 0
 700.823343552 -NAN 0 0
 703.004380824833 -NAN 0 0
 705.186018586024 -NAN 0 0
 707.368262792811 -NAN 0 0
 709.551119402432 -NAN 0 0
 711.734594372125 -NAN 0 0
 713.918693659128 -NAN 0 0
 716.103423220679 -NAN 0 0
 718.288789014016 -NAN 0 0
 720.474796996377 -NAN 0 0
 722.661453125 -NAN 0 0
 724.848763357123 -NAN 0 0
 727.036733649984 -NAN 0 0
 729.225369960821 -NAN 0 0
 731.414678246872 -NAN 0 0
 733.604664465375 -NAN 0 0
 735.795334573568 -NAN 0 0
[END] of [DATA]
[END] of Spectrum


[Spectrum]
Version            = 1
IDData             = 12ad_2026-06-09_10-08-30_000_403
IDDevice           = SAM_82E6
IDDataType         = SPECTRUM
IDDataTypeSub1     = CALIBRATED
IDDataTypeSub2     = 
IDDataTypeSub3     = 
DateTime           = 2026-06-09 10:08:30
PositionLatitude   = 0
PositionLongitude  = 0
Comment            = 20260609_FrameF
CommentSub1        = UV
CommentSub2        = right
CommentSub3        = 50cm
IDMethodType       = SAM Control
MethodName         = SAM_82E6
Mission            = No Mission
MissionSub         = 1
RecordType         = 0
[Attributes]
CalFactor = 1
IDBasisSpec = 
IDDataBack = DLAB_2024-11-11_10-40-48_641_639
IDDataCal = DLAB_2024-11-12_11-45-27_171_455
IntegrationTime = 256
P31 = -1
P31e = 0
PathLength = +INF
PathLengthCustomOn = 0
RAWDynamic = 65535
Salinity = 0
Temperature = -NAN
Unit1 = $01 $01 Wavelength nm
Unit2 = $03 $06 Intensity mW/(m^2 nm)
Unit3 = $f0 $06 Error mW/(m^2 nm)
Unit4 = $f1 $00 Status 
p999 = 7553
[END] of [Attributes]
[DATA]
 0 7 0 0
 185.260577530984 -NAN 0 0
 187.468128380571 -NAN 0 0
 189.674861895872 -NAN 0 0
 191.880784034125 -NAN 0 0
 194.085900752568 -NAN 0 0
 196.290218008439 -NAN 0 0
 198.493741758976 -NAN 0 0
 200.696477961417 -NAN 0 0
 202.898432573 -NAN 0 0
 205.099611550963 -NAN 0 0
 207.300020852544 -NAN 0 0
 209.499666434981 -NAN 0 0
 211.698554255512 -NAN 0 0
 213.896690271375 -NAN 0 0
 216.094080439808 -NAN 0 0
 218.290730718049 -NAN 0 0
 220.486647063336 -NAN 0 0
 222.681835432907 -NAN 0 0
 224.876301784 -NAN 0 0
 227.070052073853 -NAN 0 0
 229.263092259704 -NAN 0 0
 231.455428298791 -NAN 0 0
 233.647066148352 -NAN 0 0
 235.838011765625 -NAN 0 0
 238.028271107848 -NAN 0 0
 240.217850132259 -NAN 0 0
 242.406754796096 -NAN 0 0
 244.594991056597 -NAN 0 0
 246.782564871 -NAN 0 0
 248.969482196543 -NAN 0 0
 251.155748990464 -NAN 0 0
 253.341371210001 -NAN 0 0
 255.526354812392 -NAN 0 0
 257.710705754875 -NAN 0 0
 259.894429994688 -NAN 0 0
 262.077533489069 -NAN 0 0
 264.260022195256 -NAN 0 0
 266.441902070487 -NAN 0 0
 268.623179072 -NAN 0 0
 270.803859157033 -NAN 0 0
 272.983948282824 -NAN 0 0
 275.163452406611 -NAN 0 0
 277.342377485632 -NAN 0 0
 279.520729477125 10.2713274052405 0 0
 281.698514338328 12.2217430860982 0 0
 283.875738026479 28.7798077266801 0 0
 286.052406498816 35.6607518601141 0 0
 288.228525712577 45.4405277117293 0 0
 290.404101625 73.8927826749714 0 0
 292.579140193323 92.0097496644411 0 0
 294.753647374784 115.21857645523 0 0
 296.927629126621 145.876973001422 0 0
 299.101091406072 165.490103873362 0 0
 301.274040170375 187.587549365419 0 0
 303.446481376768 206.906969462168 0 0
 305.618420982489 217.589759333305 0 0
 307.789864944776 222.308943245599 0 0
 309.960819220867 239.69149342271 0 0
 312.131289768 248.195933313685 0 0
 314.301282543413 233.554548008368 0 0
 316.470803504344 217.916399009311 0 0
 318.639858608031 197.685528897721 0 0
 320.808453811712 175.362135973579 0 0
 322.976595072625 171.321043868216 0 0
 325.144288348008 154.35190094273 0 0
 327.311539595099 133.313007960363 0 0
 329.478354771136 128.325616037048 0 0
 331.644739833357 113.752452286177 0 0
 333.810700739 96.2299486930207 0 0
 335.976243445303 92.465662291476 0 0
 338.141373909504 79.1309950897577 0 0
 340.306098088841 63.2066054264424 0 0
 342.470421940552 61.6564616604831 0 0
 344.634351421875 53.0896994784399 0 0
 346.797892490048 40.5489407128217 0 0
 348.961051102309 40.5251988412949 0 0
 351.123833215896 34.8197335973694 0 0
 353.286244788047 24.9500718978097 0 0
 355.448291776 26.681338717943 0 0
 357.609980136993 23.4011305448489 0 0
 359.771315828264 17.553852339216 0 0
 361.932304807051 32.5968600201645 0 0
 364.092953030592 45.4352337690569 0 0
 366.253266456125 37.7554868383865 0 0
 368.413251040888 25.8433105116673 0 0
 370.572912742119 14.6286829583766 0 0
 372.732257517056 3.84851100000491 0 0
 374.891291322937 8.56403837347131 0 0
 377.050020117 8.34939486165532 0 0
 379.208449856483 0.225363484706635 0 0
 381.366586498624 5.89788067407173 0 0
 383.524436000661 6.60425783268598 0 0
 385.682004319832 -1.55994584271213 0 0
 387.839297413375 4.45430582898826 0 0
 389.996321238528 5.65625184750888 0 0
 392.153081752529 -2.12417367900794 0 0
 394.309584912616 3.45671665940851 0 0
 396.465836676027 5.22170140313643 0 0
 398.621843 -0.571558120412523 0 0
 400.777609841773 12.8647087081363 0 0
 402.933143158584 30.1724731667935 0 0
 405.088448907671 27.9142725970029 0 0
 407.243533046272 23.0981900237676 0 0
 409.398401531625 12.6799828516185 0 0
 411.553060320968 1.9015484788221 0 0
 413.707515371539 5.28623994146996 0 0
 415.861772640576 8.6052431780584 0 0
 418.015838085317 5.08990676753517 0 0
 420.169717663 11.413712037828 0 0
 422.323417330863 17.5400953603317 0 0
 424.476943046144 18.1786065943377 0 0
 426.630300766081 28.894109333715 0 0
 428.783496447912 43.1345444230706 0 0
 430.936536048875 62.4864677632798 0 0
 433.089425526208 122.886134892439 0 0
 435.242170837149 182.064635347462 0 0
 437.394777938936 197.833584975186 0 0
 439.547252788807 194.859126179358 0 0
 441.699601344 226.414854690973 0 0
 443.851829561753 274.433729207573 0 0
 446.003943399304 330.178029382353 0 0
 448.155948813891 366.059675982945 0 0
 450.307851762752 359.683902661786 0 0
 452.459658203125 326.749635822817 0 0
 454.611374092248 278.787446046902 0 0
 456.763005387359 224.432322759933 0 0
 458.914558045696 189.2221387327 0 0
 461.066038024497 168.418151000773 0 0
 463.217451281 144.318590809062 0 0
 465.368803772443 127.993314625041 0 0
 467.520101456064 114.072196286078 0 0
 469.671350289101 90.9139499102575 0 0
 471.822556228792 77.9967178753635 0 0
 473.973725232375 72.7670238078965 0 0
 476.124863257088 61.0599251491605 0 0
 478.275976260169 59.2288100367691 0 0
 480.427070198856 62.8225763756096 0 0
 482.578151030387 56.842007985706 0 0
 484.729224712 58.0104516650358 0 0
 486.880297200933 64.493481642159 0 0
 489.031374454424 61.2185000540631 0 0
 491.182462429711 65.1394278458851 0 0
 493.333567084032 74.3946413065802 0 0
 495.484694374625 72.9173355194973 0 0
 497.635850258728 77.408036258542 0 0
 499.787040693579 87.0043349298402 0 0
 501.938271636416 85.6540279139359 0 0
 504.089549044477 -NAN 0 0
 506.240878875 -NAN 0 0
 508.392267085223 -NAN 0 0
 510.543719632384 -NAN 0 0
 512.695242473721 -NAN 0 0
 514.846841566472 -NAN 0 0
 516.998522867875 -NAN 0 0
 519.150292335168 -NAN 0 0
 521.302155925589 -NAN 0 0
 523.454119596376 -NAN 0 0
 525.606189304767 -NAN 0 0
 527.758371008 -NAN 0 0
 529.910670663313 -NAN 0 0
 532.063094227944 -NAN 0 0
 534.215647659131 -NAN 0 0
 536.368336914112 -NAN 0 0
 538.521167950125 -NAN 0 0
 540.674146724408 -NAN 0 0
 542.827279194199 -NAN 0 0
 544.980571316736 -NAN 0 0
 547.134029049257 -NAN 0 0
 549.287658349 -NAN 0 0
 551.441465173203 -NAN 0 0
 553.595455479104 -NAN 0 0
 555.749635223941 -NAN 0 0
 557.904010364952 -NAN 0 0
 560.058586859375 -NAN 0 0
 562.213370664448 -NAN 0 0
 564.368367737409 -NAN 0 0
 566.523584035496 -NAN 0 0
 568.679025515947 -NAN 0 0
 570.834698136 -NAN 0 0
 572.990607852893 -NAN 0 0
 575.146760623864 -NAN 0 0
 577.303162406151 -NAN 0 0
 579.459819156992 -NAN 0 0
 581.616736833625 -NAN 0 0
 583.773921393288 -NAN 0 0
 585.931378793219 -NAN 0 0
 588.089114990656 -NAN 0 0
 590.247135942837 -NAN 0 0
 592.405447607 -NAN 0 0
 594.564055940383 -NAN 0 0
 596.722966900224 -NAN 0 0
 598.882186443761 -NAN 0 0
 601.041720528232 -NAN 0 0
 603.201575110875 -NAN 0 0
 605.361756148928 -NAN 0 0
 607.522269599629 -NAN 0 0
 609.683121420216 -NAN 0 0
 611.844317567927 -NAN 0 0
 614.005864 -NAN 0 0
 616.167766673673 -NAN 0 0
 618.330031546184 -NAN 0 0
 620.492664574771 -NAN 0 0
 622.655671716672 -NAN 0 0
 624.819058929125 -NAN 0 0
 626.982832169368 -NAN 0 0
 629.146997394639 -NAN 0 0
 631.311560562176 -NAN 0 0
 633.476527629217 -NAN 0 0
 635.641904553 -NAN 0 0
 637.807697290763 -NAN 0 0
 639.973911799744 -NAN 0 0
 642.140554037181 -NAN 0 0
 644.307629960312 -NAN 0 0
 646.475145526375 -NAN 0 0
 648.643106692608 -NAN 0 0
 650.811519416249 -NAN 0 0
 652.980389654536 -NAN 0 0
 655.149723364707 -NAN 0 0
 657.319526504 -NAN 0 0
 659.489805029653 -NAN 0 0
 661.660564898904 -NAN 0 0
 663.831812068991 -NAN 0 0
 666.003552497152 -NAN 0 0
 668.175792140625 -NAN 0 0
 670.348536956648 -NAN 0 0
 672.521792902459 -NAN 0 0
 674.695565935296 -NAN 0 0
 676.869862012397 -NAN 0 0
 679.044687091 -NAN 0 0
 681.220047128343 -NAN 0 0
 683.395948081664 -NAN 0 0
 685.572395908201 -NAN 0 0
 687.749396565192 -NAN 0 0
 689.926956009875 -NAN 0 0
 692.105080199488 -NAN 0 0
 694.283775091269 -NAN 0 0
 696.463046642456 -NAN 0 0
 698.642900810287 -NAN 0 0
 700.823343552 -NAN 0 0
 703.004380824833 -NAN 0 0
 705.186018586024 -NAN 0 0
 707.368262792811 -NAN 0 0
 709.551119402432 -NAN 0 0
 711.734594372125 -NAN 0 0
 713.918693659128 -NAN 0 0
 716.103423220679 -NAN 0 0
 718.288789014016 -NAN 0 0
 720.474796996377 -NAN 0 0
 722.661453125 -NAN 0 0
 724.848763357123 -NAN 0 0
 727.036733649984 -NAN 0 0
 729.225369960821 -NAN 0 0
 731.414678246872 -NAN 0 0
 733.604664465375 -NAN 0 0
 735.795334573568 -NAN 0 0
[END] of [DATA]
[END] of Spectrum


[Spectrum]
Version            = 1
IDData             = 12ad_2026-06-09_10-08-25_000_400
IDDevice           = SAM_82E6
IDDataType         = SPECTRUM
IDDataTypeSub1     = CALIBRATED
IDDataTypeSub2     = 
IDDataTypeSub3     = 
DateTime           = 2026-06-09 10:08:25
PositionLatitude   = 0
PositionLongitude  = 0
Comment            = 20260609_FrameF
CommentSub1        = UV
CommentSub2        = right
CommentSub3        = 50cm
IDMethodType       = SAM Control
MethodName         = SAM_82E6
Mission            = No Mission
MissionSub         = 1
RecordType         = 0
[Attributes]
CalFactor = 1
IDBasisSpec = 
IDDataBack = DLAB_2024-11-11_10-40-48_641_639
IDDataCal = DLAB_2024-11-12_11-45-27_171_455
IntegrationTime = 256
P31 = -1
P31e = 0
PathLength = +INF
PathLengthCustomOn = 0
RAWDynamic = 65535
Salinity = 0
Temperature = -NAN
Unit1 = $01 $01 Wavelength nm
Unit2 = $03 $06 Intensity mW/(m^2 nm)
Unit3 = $f0 $06 Error mW/(m^2 nm)
Unit4 = $f1 $00 Status 
p999 = 7552
[END] of [Attributes]
[DATA]
 0 7 0 0
 185.260577530984 -NAN 0 0
 187.468128380571 -NAN 0 0
 189.674861895872 -NAN 0 0
 191.880784034125 -NAN 0 0
 194.085900752568 -NAN 0 0
 196.290218008439 -NAN 0 0
 198.493741758976 -NAN 0 0
 200.696477961417 -NAN 0 0
 202.898432573 -NAN 0 0
 205.099611550963 -NAN 0 0
 207.300020852544 -NAN 0 0
 209.499666434981 -NAN 0 0
 211.698554255512 -NAN 0 0
 213.896690271375 -NAN 0 0
 216.094080439808 -NAN 0 0
 218.290730718049 -NAN 0 0
 220.486647063336 -NAN 0 0
 222.681835432907 -NAN 0 0
 224.876301784 -NAN 0 0
 227.070052073853 -NAN 0 0
 229.263092259704 -NAN 0 0
 231.455428298791 -NAN 0 0
 233.647066148352 -NAN 0 0
 235.838011765625 -NAN 0 0
 238.028271107848 -NAN 0 0
 240.217850132259 -NAN 0 0
 242.406754796096 -NAN 0 0
 244.594991056597 -NAN 0 0
 246.782564871 -NAN 0 0
 248.969482196543 -NAN 0 0
 251.155748990464 -NAN 0 0
 253.341371210001 -NAN 0 0
 255.526354812392 -NAN 0 0
 257.710705754875 -NAN 0 0
 259.894429994688 -NAN 0 0
 262.077533489069 -NAN 0 0
 264.260022195256 -NAN 0 0
 266.441902070487 -NAN 0 0
 268.623179072 -NAN 0 0
 270.803859157033 -NAN 0 0
 272.983948282824 -NAN 0 0
 275.163452406611 -NAN 0 0
 277.342377485632 -NAN 0 0
 279.520729477125 11.7215022959355 0 0
 281.698514338328 10.5083418561869 0 0
 283.875738026479 25.8361973281947 0 0
 286.052406498816 36.4759785215692 0 0
 288.228525712577 42.7635267576737 0 0
 290.404101625 69.7100316170372 0 0
 292.579140193323 91.1266578786628 0 0
 294.753647374784 110.813273910109 0 0
 296.927629126621 139.916614959029 0 0
 299.101091406072 162.308796860733 0 0
 301.274040170375 181.409258045114 0 0
 303.446481376768 199.518863955928 0 0
 305.618420982489 212.870250706267 0 0
 307.789864944776 215.318858259781 0 0
 309.960819220867 231.466811071582 0 0
 312.131289768 242.589368156512 0 0
 314.301282543413 226.306217421364 0 0
 316.470803504344 209.992680080532 0 0
 318.639858608031 193.464080141167 0 0
 320.808453811712 169.58048850647 0 0
 322.976595072625 164.339854571368 0 0
 325.144288348008 151.524421279318 0 0
 327.311539595099 128.647485703705 0 0
 329.478354771136 122.186214471124 0 0
 331.644739833357 111.785657051228 0 0
 333.810700739 92.7581020879302 0 0
 335.976243445303 87.4076443234334 0 0
 338.141373909504 78.0868196122567 0 0
 340.306098088841 60.5850076982945 0 0
 342.470421940552 57.689486000184 0 0
 344.634351421875 52.6074298618412 0 0
 346.797892490048 38.9332697001434 0 0
 348.961051102309 37.3025030315661 0 0
 351.123833215896 34.7329790187342 0 0
 353.286244788047 23.9823241470672 0 0
 355.448291776 23.9840969217371 0 0
 357.609980136993 23.59762674244 0 0
 359.771315828264 16.8799879796221 0 0
 361.932304807051 29.8138554160438 0 0
 364.092953030592 45.3070902463314 0 0
 366.253266456125 36.9712950709948 0 0
 368.413251040888 23.0653242059682 0 0
 370.572912742119 15.2434915781759 0 0
 372.732257517056 3.85307678053005 0 0
 374.891291322937 5.85829775298564 0 0
 377.050020117 9.27292660124441 0 0
 379.208449856483 0.608111262116608 0 0
 381.366586498624 3.2571938001402 0 0
 383.524436000661 7.58135481932342 0 0
 385.682004319832 -0.838100112443702 0 0
 387.839297413375 1.75587998079343 0 0
 389.996321238528 6.74836649046982 0 0
 392.153081752529 -1.407465204097 0 0
 394.309584912616 0.896488625768873 0 0
 396.465836676027 6.28967734136523 0 0
 398.621843 0.36453402675411 0 0
 400.777609841773 10.1538112631103 0 0
 402.933143158584 30.336590651053 0 0
 405.088448907671 27.9738523967473 0 0
 407.243533046272 20.3972628054016 0 0
 409.398401531625 13.3543045484588 0 0
 411.553060320968 2.83851187985187 0 0
 413.707515371539 3.47624175858639 0 0
 415.861772640576 9.39876609515496 0 0
 418.015838085317 6.18151013239068 0 0
 420.169717663 9.82486602173536 0 0
 422.323417330863 18.3096321634294 0 0
 424.476943046144 19.1962871575824 0 0
 426.630300766081 27.4521514832038 0 0
 428.783496447912 43.7140852655593 0 0
 430.936536048875 63.0307322223956 0 0
 433.089425526208 120.098247783474 0 0
 435.242170837149 179.988674136944 0 0
 437.394777938936 196.498349084406 0 0
 439.547252788807 192.5762645054 0 0
 441.699601344 226.758018679496 0 0
 443.851829561753 275.393395136669 0 0
 446.003943399304 328.879714194968 0 0
 448.155948813891 366.512862050733 0 0
 450.307851762752 360.782762241881 0 0
 452.459658203125 325.469012531136 0 0
 454.611374092248 279.278614065315 0 0
 456.763005387359 225.604314525893 0 0
 458.914558045696 188.030988687888 0 0
 461.066038024497 169.054446288556 0 0
 463.217451281 145.565483523585 0 0
 465.368803772443 126.78102310779 0 0
 467.520101456064 114.500069233897 0 0
 469.671350289101 92.3401423327567 0 0
 471.822556228792 76.751157075125 0 0
 473.973725232375 73.226730194061 0 0
 476.124863257088 62.4886742347383 0 0
 478.275976260169 58.0125513421727 0 0
 480.427070198856 63.3176849800038 0 0
 482.578151030387 58.3326228245543 0 0
 484.729224712 56.8978815107337 0 0
 486.880297200933 64.8195547678252 0 0
 489.031374454424 62.853816532309 0 0
 491.182462429711 63.9572301890077 0 0
 493.333567084032 74.5287977557451 0 0
 495.484694374625 74.3755856811067 0 0
 497.635850258728 76.3553387978201 0 0
 499.787040693579 87.0962008334943 0 0
 501.938271636416 87.110701414425 0 0
 504.089549044477 -NAN 0 0
 506.240878875 -NAN 0 0
 508.392267085223 -NAN 0 0
 510.543719632384 -NAN 0 0
 512.695242473721 -NAN 0 0
 514.846841566472 -NAN 0 0
 516.998522867875 -NAN 0 0
 519.150292335168 -NAN 0 0
 521.302155925589 -NAN 0 0
 523.454119596376 -NAN 0 0
 525.606189304767 -NAN 0 0
 527.758371008 -NAN 0 0
 529.910670663313 -NAN 0 0
 532.063094227944 -NAN 0 0
 534.215647659131 -NAN 0 0
 536.368336914112 -NAN 0 0
 538.521167950125 -NAN 0 0
 540.674146724408 -NAN 0 0
 542.827279194199 -NAN 0 0
 544.980571316736 -NAN 0 0
 547.134029049257 -NAN 0 0
 549.287658349 -NAN 0 0
 551.441465173203 -NAN 0 0
 553.595455479104 -NAN 0 0
 555.749635223941 -NAN 0 0
 557.904010364952 -NAN 0 0
 560.058586859375 -NAN 0 0
 562.213370664448 -NAN 0 0
 564.368367737409 -NAN 0 0
 566.523584035496 -NAN 0 0
 568.679025515947 -NAN 0 0
 570.834698136 -NAN 0 0
 572.990607852893 -NAN 0 0
 575.146760623864 -NAN 0 0
 577.303162406151 -NAN 0 0
 579.459819156992 -NAN 0 0
 581.616736833625 -NAN 0 0
 583.773921393288 -NAN 0 0
 585.931378793219 -NAN 0 0
 588.089114990656 -NAN 0 0
 590.247135942837 -NAN 0 0
 592.405447607 -NAN 0 0
 594.564055940383 -NAN 0 0
 596.722966900224 -NAN 0 0
 598.882186443761 -NAN 0 0
 601.041720528232 -NAN 0 0
 603.201575110875 -NAN 0 0
 605.361756148928 -NAN 0 0
 607.522269599629 -NAN 0 0
 609.683121420216 -NAN 0 0
 611.844317567927 -NAN 0 0
 614.005864 -NAN 0 0
 616.167766673673 -NAN 0 0
 618.330031546184 -NAN 0 0
 620.492664574771 -NAN 0 0
 622.655671716672 -NAN 0 0
 624.819058929125 -NAN 0 0
 626.982832169368 -NAN 0 0
 629.146997394639 -NAN 0 0
 631.311560562176 -NAN 0 0
 633.476527629217 -NAN 0 0
 635.641904553 -NAN 0 0
 637.807697290763 -NAN 0 0
 639.973911799744 -NAN 0 0
 642.140554037181 -NAN 0 0
 644.307629960312 -NAN 0 0
 646.475145526375 -NAN 0 0
 648.643106692608 -NAN 0 0
 650.811519416249 -NAN 0 0
 652.980389654536 -NAN 0 0
 655.149723364707 -NAN 0 0
 657.319526504 -NAN 0 0
 659.489805029653 -NAN 0 0
 661.660564898904 -NAN 0 0
 663.831812068991 -NAN 0 0
 666.003552497152 -NAN 0 0
 668.175792140625 -NAN 0 0
 670.348536956648 -NAN 0 0
 672.521792902459 -NAN 0 0
 674.695565935296 -NAN 0 0
 676.869862012397 -NAN 0 0
 679.044687091 -NAN 0 0
 681.220047128343 -NAN 0 0
 683.395948081664 -NAN 0 0
 685.572395908201 -NAN 0 0
 687.749396565192 -NAN 0 0
 689.926956009875 -NAN 0 0
 692.105080199488 -NAN 0 0
 694.283775091269 -NAN 0 0
 696.463046642456 -NAN 0 0
 698.642900810287 -NAN 0 0
 700.823343552 -NAN 0 0
 703.004380824833 -NAN 0 0
 705.186018586024 -NAN 0 0
 707.368262792811 -NAN 0 0
 709.551119402432 -NAN 0 0
 711.734594372125 -NAN 0 0
 713.918693659128 -NAN 0 0
 716.103423220679 -NAN 0 0
 718.288789014016 -NAN 0 0
 720.474796996377 -NAN 0 0
 722.661453125 -NAN 0 0
 724.848763357123 -NAN 0 0
 727.036733649984 -NAN 0 0
 729.225369960821 -NAN 0 0
 731.414678246872 -NAN 0 0
 733.604664465375 -NAN 0 0
 735.795334573568 -NAN 0 0
[END] of [DATA]
[END] of Spectrum


