[Spectrum]
Version            = 1
IDData             = 12ad_2026-06-05_13-29-15_000_559
IDDevice           = SAM_82E6
IDDataType         = SPECTRUM
IDDataTypeSub1     = CALIBRATED
IDDataTypeSub2     = 
IDDataTypeSub3     = 
DateTime           = 2026-06-05 13:29:15
PositionLatitude   = 0
PositionLongitude  = 0
Comment            = 20260605_FrameB
CommentSub1        = UV
CommentSub2        = centre
CommentSub3        = 50cm
IDMethodType       = SAM Control
MethodName         = SAM_82E6
Mission            = No Mission
MissionSub         = 1
RecordType         = 0
[Attributes]
CalFactor = 1
IDBasisSpec = 
IDDataBack = DLAB_2024-11-11_10-40-48_641_639
IDDataCal = DLAB_2024-11-12_11-45-27_171_455
IntegrationTime = 512
P31 = -1
P31e = 0
PathLength = +INF
PathLengthCustomOn = 0
RAWDynamic = 65535
Salinity = 0
Temperature = -NAN
Unit1 = $01 $01 Wavelength nm
Unit2 = $03 $06 Intensity mW/(m^2 nm)
Unit3 = $f0 $06 Error mW/(m^2 nm)
Unit4 = $f1 $00 Status 
p999 = 6700
[END] of [Attributes]
[DATA]
 0 8 0 0
 185.260577530984 -NAN 0 0
 187.468128380571 -NAN 0 0
 189.674861895872 -NAN 0 0
 191.880784034125 -NAN 0 0
 194.085900752568 -NAN 0 0
 196.290218008439 -NAN 0 0
 198.493741758976 -NAN 0 0
 200.696477961417 -NAN 0 0
 202.898432573 -NAN 0 0
 205.099611550963 -NAN 0 0
 207.300020852544 -NAN 0 0
 209.499666434981 -NAN 0 0
 211.698554255512 -NAN 0 0
 213.896690271375 -NAN 0 0
 216.094080439808 -NAN 0 0
 218.290730718049 -NAN 0 0
 220.486647063336 -NAN 0 0
 222.681835432907 -NAN 0 0
 224.876301784 -NAN 0 0
 227.070052073853 -NAN 0 0
 229.263092259704 -NAN 0 0
 231.455428298791 -NAN 0 0
 233.647066148352 -NAN 0 0
 235.838011765625 -NAN 0 0
 238.028271107848 -NAN 0 0
 240.217850132259 -NAN 0 0
 242.406754796096 -NAN 0 0
 244.594991056597 -NAN 0 0
 246.782564871 -NAN 0 0
 248.969482196543 -NAN 0 0
 251.155748990464 -NAN 0 0
 253.341371210001 -NAN 0 0
 255.526354812392 -NAN 0 0
 257.710705754875 -NAN 0 0
 259.894429994688 -NAN 0 0
 262.077533489069 -NAN 0 0
 264.260022195256 -NAN 0 0
 266.441902070487 -NAN 0 0
 268.623179072 -NAN 0 0
 270.803859157033 -NAN 0 0
 272.983948282824 -NAN 0 0
 275.163452406611 -NAN 0 0
 277.342377485632 -NAN 0 0
 279.520729477125 7.41774567490824 0 0
 281.698514338328 9.34212383481906 0 0
 283.875738026479 15.349145389898 0 0
 286.052406498816 24.6371422499726 0 0
 288.228525712577 32.2836782863657 0 0
 290.404101625 46.6374851891439 0 0
 292.579140193323 63.5693009910957 0 0
 294.753647374784 80.821794625083 0 0
 296.927629126621 97.6427628406415 0 0
 299.101091406072 115.005168642748 0 0
 301.274040170375 131.79232956323 0 0
 303.446481376768 141.801010821732 0 0
 305.618420982489 152.337836463386 0 0
 307.789864944776 157.204491568838 0 0
 309.960819220867 165.970316729722 0 0
 312.131289768 174.341805190886 0 0
 314.301282543413 165.752291189267 0 0
 316.470803504344 151.19145260852 0 0
 318.639858608031 139.416746570097 0 0
 320.808453811712 125.744637590004 0 0
 322.976595072625 118.739877213732 0 0
 325.144288348008 109.043889687425 0 0
 327.311539595099 96.5227598933239 0 0
 329.478354771136 88.5163115959212 0 0
 331.644739833357 80.1908114871636 0 0
 333.810700739 70.3807673363651 0 0
 335.976243445303 63.4943514416134 0 0
 338.141373909504 55.4888052238332 0 0
 340.306098088841 46.745432498681 0 0
 342.470421940552 42.04172114546 0 0
 344.634351421875 36.9708672177616 0 0
 346.797892490048 30.5353098059709 0 0
 348.961051102309 27.4363215058733 0 0
 351.123833215896 23.8992588054072 0 0
 353.286244788047 19.3476412485598 0 0
 355.448291776 17.8360644274337 0 0
 357.609980136993 15.7592141587746 0 0
 359.771315828264 14.0292595870894 0 0
 361.932304807051 22.0129666071371 0 0
 364.092953030592 30.7888063005744 0 0
 366.253266456125 28.1046926673242 0 0
 368.413251040888 17.3463412922974 0 0
 370.572912742119 8.94449700060206 0 0
 372.732257517056 4.59983883863657 0 0
 374.891291322937 5.19037765407665 0 0
 377.050020117 4.19376942758684 0 0
 379.208449856483 2.07885640501208 0 0
 381.366586498624 3.5302616193118 0 0
 383.524436000661 2.62092339378891 0 0
 385.682004319832 0.879646073112285 0 0
 387.839297413375 2.63527466241198 0 0
 389.996321238528 1.8062080565864 0 0
 392.153081752529 0.320586264758068 0 0
 394.309584912616 2.12891492493671 0 0
 396.465836676027 1.3719009783339 0 0
 398.621843 1.352543334473 0 0
 400.777609841773 8.98019452873675 0 0
 402.933143158584 19.0142085568799 0 0
 405.088448907671 21.2866715375758 0 0
 407.243533046272 15.9803496523407 0 0
 409.398401531625 5.91557183389661 0 0
 411.553060320968 1.39775134494371 0 0
 413.707515371539 1.90012591344663 0 0
 415.861772640576 0.911189402578307 0 0
 418.015838085317 0.449599297205468 0 0
 420.169717663 1.96180745444109 0 0
 422.323417330863 1.28046303487677 0 0
 424.476943046144 1.13429603187992 0 0
 426.630300766081 2.94755213294683 0 0
 428.783496447912 4.02026208864458 0 0
 430.936536048875 12.2971310695116 0 0
 433.089425526208 43.9871290160949 0 0
 435.242170837149 69.2570844859321 0 0
 437.394777938936 63.5168228687321 0 0
 439.547252788807 33.8238786565968 0 0
 441.699601344 19.5744839596676 0 0
 443.851829561753 18.148410399249 0 0
 446.003943399304 21.8616291692651 0 0
 448.155948813891 22.9170663618917 0 0
 450.307851762752 22.7508100649272 0 0
 452.459658203125 21.7289040488545 0 0
 454.611374092248 17.3786873784716 0 0
 456.763005387359 14.3302808257598 0 0
 458.914558045696 13.2259165156123 0 0
 461.066038024497 10.3154059908332 0 0
 463.217451281 9.24089368260393 0 0
 465.368803772443 9.30777777738585 0 0
 467.520101456064 6.7076015046647 0 0
 469.671350289101 5.77403192554593 0 0
 471.822556228792 6.0336765099415 0 0
 473.973725232375 3.92755267332705 0 0
 476.124863257088 3.86743978493855 0 0
 478.275976260169 4.76893555871791 0 0
 480.427070198856 3.10957440992491 0 0
 482.578151030387 3.46118354884206 0 0
 484.729224712 4.55882121116156 0 0
 486.880297200933 2.9890566074117 0 0
 489.031374454424 3.78002992377219 0 0
 491.182462429711 4.96015843337544 0 0
 493.333567084032 3.51769905109651 0 0
 495.484694374625 4.25399976841485 0 0
 497.635850258728 5.31093841873861 0 0
 499.787040693579 3.93696272178823 0 0
 501.938271636416 4.87973635236938 0 0
 504.089549044477 -NAN 0 0
 506.240878875 -NAN 0 0
 508.392267085223 -NAN 0 0
 510.543719632384 -NAN 0 0
 512.695242473721 -NAN 0 0
 514.846841566472 -NAN 0 0
 516.998522867875 -NAN 0 0
 519.150292335168 -NAN 0 0
 521.302155925589 -NAN 0 0
 523.454119596376 -NAN 0 0
 525.606189304767 -NAN 0 0
 527.758371008 -NAN 0 0
 529.910670663313 -NAN 0 0
 532.063094227944 -NAN 0 0
 534.215647659131 -NAN 0 0
 536.368336914112 -NAN 0 0
 538.521167950125 -NAN 0 0
 540.674146724408 -NAN 0 0
 542.827279194199 -NAN 0 0
 544.980571316736 -NAN 0 0
 547.134029049257 -NAN 0 0
 549.287658349 -NAN 0 0
 551.441465173203 -NAN 0 0
 553.595455479104 -NAN 0 0
 555.749635223941 -NAN 0 0
 557.904010364952 -NAN 0 0
 560.058586859375 -NAN 0 0
 562.213370664448 -NAN 0 0
 564.368367737409 -NAN 0 0
 566.523584035496 -NAN 0 0
 568.679025515947 -NAN 0 0
 570.834698136 -NAN 0 0
 572.990607852893 -NAN 0 0
 575.146760623864 -NAN 0 0
 577.303162406151 -NAN 0 0
 579.459819156992 -NAN 0 0
 581.616736833625 -NAN 0 0
 583.773921393288 -NAN 0 0
 585.931378793219 -NAN 0 0
 588.089114990656 -NAN 0 0
 590.247135942837 -NAN 0 0
 592.405447607 -NAN 0 0
 594.564055940383 -NAN 0 0
 596.722966900224 -NAN 0 0
 598.882186443761 -NAN 0 0
 601.041720528232 -NAN 0 0
 603.201575110875 -NAN 0 0
 605.361756148928 -NAN 0 0
 607.522269599629 -NAN 0 0
 609.683121420216 -NAN 0 0
 611.844317567927 -NAN 0 0
 614.005864 -NAN 0 0
 616.167766673673 -NAN 0 0
 618.330031546184 -NAN 0 0
 620.492664574771 -NAN 0 0
 622.655671716672 -NAN 0 0
 624.819058929125 -NAN 0 0
 626.982832169368 -NAN 0 0
 629.146997394639 -NAN 0 0
 631.311560562176 -NAN 0 0
 633.476527629217 -NAN 0 0
 635.641904553 -NAN 0 0
 637.807697290763 -NAN 0 0
 639.973911799744 -NAN 0 0
 642.140554037181 -NAN 0 0
 644.307629960312 -NAN 0 0
 646.475145526375 -NAN 0 0
 648.643106692608 -NAN 0 0
 650.811519416249 -NAN 0 0
 652.980389654536 -NAN 0 0
 655.149723364707 -NAN 0 0
 657.319526504 -NAN 0 0
 659.489805029653 -NAN 0 0
 661.660564898904 -NAN 0 0
 663.831812068991 -NAN 0 0
 666.003552497152 -NAN 0 0
 668.175792140625 -NAN 0 0
 670.348536956648 -NAN 0 0
 672.521792902459 -NAN 0 0
 674.695565935296 -NAN 0 0
 676.869862012397 -NAN 0 0
 679.044687091 -NAN 0 0
 681.220047128343 -NAN 0 0
 683.395948081664 -NAN 0 0
 685.572395908201 -NAN 0 0
 687.749396565192 -NAN 0 0
 689.926956009875 -NAN 0 0
 692.105080199488 -NAN 0 0
 694.283775091269 -NAN 0 0
 696.463046642456 -NAN 0 0
 698.642900810287 -NAN 0 0
 700.823343552 -NAN 0 0
 703.004380824833 -NAN 0 0
 705.186018586024 -NAN 0 0
 707.368262792811 -NAN 0 0
 709.551119402432 -NAN 0 0
 711.734594372125 -NAN 0 0
 713.918693659128 -NAN 0 0
 716.103423220679 -NAN 0 0
 718.288789014016 -NAN 0 0
 720.474796996377 -NAN 0 0
 722.661453125 -NAN 0 0
 724.848763357123 -NAN 0 0
 727.036733649984 -NAN 0 0
 729.225369960821 -NAN 0 0
 731.414678246872 -NAN 0 0
 733.604664465375 -NAN 0 0
 735.795334573568 -NAN 0 0
[END] of [DATA]
[END] of Spectrum


[Spectrum]
Version            = 1
IDData             = 12ad_2026-06-05_13-29-20_000_562
IDDevice           = SAM_82E6
IDDataType         = SPECTRUM
IDDataTypeSub1     = CALIBRATED
IDDataTypeSub2     = 
IDDataTypeSub3     = 
DateTime           = 2026-06-05 13:29:20
PositionLatitude   = 0
PositionLongitude  = 0
Comment            = 20260605_FrameB
CommentSub1        = UV
CommentSub2        = centre
CommentSub3        = 50cm
IDMethodType       = SAM Control
MethodName         = SAM_82E6
Mission            = No Mission
MissionSub         = 1
RecordType         = 0
[Attributes]
CalFactor = 1
IDBasisSpec = 
IDDataBack = DLAB_2024-11-11_10-40-48_641_639
IDDataCal = DLAB_2024-11-12_11-45-27_171_455
IntegrationTime = 512
P31 = -1
P31e = 0
PathLength = +INF
PathLengthCustomOn = 0
RAWDynamic = 65535
Salinity = 0
Temperature = -NAN
Unit1 = $01 $01 Wavelength nm
Unit2 = $03 $06 Intensity mW/(m^2 nm)
Unit3 = $f0 $06 Error mW/(m^2 nm)
Unit4 = $f1 $00 Status 
p999 = 6701
[END] of [Attributes]
[DATA]
 0 8 0 0
 185.260577530984 -NAN 0 0
 187.468128380571 -NAN 0 0
 189.674861895872 -NAN 0 0
 191.880784034125 -NAN 0 0
 194.085900752568 -NAN 0 0
 196.290218008439 -NAN 0 0
 198.493741758976 -NAN 0 0
 200.696477961417 -NAN 0 0
 202.898432573 -NAN 0 0
 205.099611550963 -NAN 0 0
 207.300020852544 -NAN 0 0
 209.499666434981 -NAN 0 0
 211.698554255512 -NAN 0 0
 213.896690271375 -NAN 0 0
 216.094080439808 -NAN 0 0
 218.290730718049 -NAN 0 0
 220.486647063336 -NAN 0 0
 222.681835432907 -NAN 0 0
 224.876301784 -NAN 0 0
 227.070052073853 -NAN 0 0
 229.263092259704 -NAN 0 0
 231.455428298791 -NAN 0 0
 233.647066148352 -NAN 0 0
 235.838011765625 -NAN 0 0
 238.028271107848 -NAN 0 0
 240.217850132259 -NAN 0 0
 242.406754796096 -NAN 0 0
 244.594991056597 -NAN 0 0
 246.782564871 -NAN 0 0
 248.969482196543 -NAN 0 0
 251.155748990464 -NAN 0 0
 253.341371210001 -NAN 0 0
 255.526354812392 -NAN 0 0
 257.710705754875 -NAN 0 0
 259.894429994688 -NAN 0 0
 262.077533489069 -NAN 0 0
 264.260022195256 -NAN 0 0
 266.441902070487 -NAN 0 0
 268.623179072 -NAN 0 0
 270.803859157033 -NAN 0 0
 272.983948282824 -NAN 0 0
 275.163452406611 -NAN 0 0
 277.342377485632 -NAN 0 0
 279.520729477125 5.55941722438037 0 0
 281.698514338328 11.0918065482329 0 0
 283.875738026479 16.4064868558927 0 0
 286.052406498816 23.0585933850269 0 0
 288.228525712577 35.0778025093504 0 0
 290.404101625 48.5376450865733 0 0
 292.579140193323 63.2990171125275 0 0
 294.753647374784 85.0926180727799 0 0
 296.927629126621 100.953050092964 0 0
 299.101091406072 116.750150397099 0 0
 301.274040170375 137.459776155625 0 0
 303.446481376768 146.295091261055 0 0
 305.618420982489 155.548253035988 0 0
 307.789864944776 163.603740943997 0 0
 309.960819220867 171.127156360362 0 0
 312.131289768 178.257961415321 0 0
 314.301282543413 172.66137409058 0 0
 316.470803504344 155.707379844739 0 0
 318.639858608031 142.099292972536 0 0
 320.808453811712 131.778861920676 0 0
 322.976595072625 122.102505656896 0 0
 325.144288348008 110.670574758015 0 0
 327.311539595099 101.908451139325 0 0
 329.478354771136 90.7679213161921 0 0
 331.644739833357 81.0061765422242 0 0
 333.810700739 75.0327161396684 0 0
 335.976243445303 64.6939862535482 0 0
 338.141373909504 55.7946145180172 0 0
 340.306098088841 50.4735575619945 0 0
 342.470421940552 42.6038021166379 0 0
 344.634351421875 36.9277962024591 0 0
 346.797892490048 33.5489137378431 0 0
 348.961051102309 27.4591631503169 0 0
 351.123833215896 23.7400221755896 0 0
 353.286244788047 21.7539255854061 0 0
 355.448291776 17.5039514046706 0 0
 357.609980136993 15.4478720909293 0 0
 359.771315828264 16.2673174741206 0 0
 361.932304807051 21.5355899049704 0 0
 364.092953030592 30.8161849827426 0 0
 366.253266456125 30.7080575183414 0 0
 368.413251040888 16.513794010849 0 0
 370.572912742119 8.55670913264897 0 0
 372.732257517056 6.83283164260932 0 0
 374.891291322937 3.74675579507218 0 0
 377.050020117 3.66234208975756 0 0
 379.208449856483 4.34210628806977 0 0
 381.366586498624 1.87285432393947 0 0
 383.524436000661 2.20770019544006 0 0
 385.682004319832 3.10954487829126 0 0
 387.839297413375 0.756861394759418 0 0
 389.996321238528 1.53686659962465 0 0
 392.153081752529 2.39612682883944 0 0
 394.309584912616 0.204482534804117 0 0
 396.465836676027 1.26550614099307 0 0
 398.621843 3.24761577840035 0 0
 400.777609841773 7.34383726790488 0 0
 402.933143158584 19.7007772603364 0 0
 405.088448907671 23.7432633837376 0 0
 407.243533046272 14.7207683533424 0 0
 409.398401531625 6.24242020097172 0 0
 411.553060320968 2.83407928960648 0 0
 413.707515371539 0.236232183942614 0 0
 415.861772640576 1.12883411263727 0 0
 418.015838085317 1.59256355878651 0 0
 420.169717663 0.43516246577212 0 0
 422.323417330863 1.55398964989811 0 0
 424.476943046144 2.09450183152229 0 0
 426.630300766081 1.473008883539 0 0
 428.783496447912 4.46176683955866 0 0
 430.936536048875 13.4369551619748 0 0
 433.089425526208 44.0140485010297 0 0
 435.242170837149 71.9774128671829 0 0
 437.394777938936 66.2266603298018 0 0
 439.547252788807 33.3157447870967 0 0
 441.699601344 20.3415684920983 0 0
 443.851829561753 18.8617774189371 0 0
 446.003943399304 20.388565463248 0 0
 448.155948813891 23.6214131497273 0 0
 450.307851762752 23.4138683384312 0 0
 452.459658203125 20.1632089177409 0 0
 454.611374092248 18.2233727460527 0 0
 456.763005387359 14.911883570092 0 0
 458.914558045696 11.5434856919493 0 0
 461.066038024497 11.3900776558285 0 0
 463.217451281 9.77086203544483 0 0
 465.368803772443 7.53314554980387 0 0
 467.520101456064 7.88063741479907 0 0
 469.671350289101 6.22408088164007 0 0
 471.822556228792 4.28448066037447 0 0
 473.973725232375 5.28217250944399 0 0
 476.124863257088 4.17328398090202 0 0
 478.275976260169 2.9906642238363 0 0
 480.427070198856 4.50996876959794 0 0
 482.578151030387 3.66404333690696 0 0
 484.729224712 2.77541204619156 0 0
 486.880297200933 4.49106240325479 0 0
 489.031374454424 3.87765658318167 0 0
 491.182462429711 3.32367745393319 0 0
 493.333567084032 5.14288474958965 0 0
 495.484694374625 4.22605227954909 0 0
 497.635850258728 3.74780063117894 0 0
 499.787040693579 5.52885206410173 0 0
 501.938271636416 4.74117210176873 0 0
 504.089549044477 -NAN 0 0
 506.240878875 -NAN 0 0
 508.392267085223 -NAN 0 0
 510.543719632384 -NAN 0 0
 512.695242473721 -NAN 0 0
 514.846841566472 -NAN 0 0
 516.998522867875 -NAN 0 0
 519.150292335168 -NAN 0 0
 521.302155925589 -NAN 0 0
 523.454119596376 -NAN 0 0
 525.606189304767 -NAN 0 0
 527.758371008 -NAN 0 0
 529.910670663313 -NAN 0 0
 532.063094227944 -NAN 0 0
 534.215647659131 -NAN 0 0
 536.368336914112 -NAN 0 0
 538.521167950125 -NAN 0 0
 540.674146724408 -NAN 0 0
 542.827279194199 -NAN 0 0
 544.980571316736 -NAN 0 0
 547.134029049257 -NAN 0 0
 549.287658349 -NAN 0 0
 551.441465173203 -NAN 0 0
 553.595455479104 -NAN 0 0
 555.749635223941 -NAN 0 0
 557.904010364952 -NAN 0 0
 560.058586859375 -NAN 0 0
 562.213370664448 -NAN 0 0
 564.368367737409 -NAN 0 0
 566.523584035496 -NAN 0 0
 568.679025515947 -NAN 0 0
 570.834698136 -NAN 0 0
 572.990607852893 -NAN 0 0
 575.146760623864 -NAN 0 0
 577.303162406151 -NAN 0 0
 579.459819156992 -NAN 0 0
 581.616736833625 -NAN 0 0
 583.773921393288 -NAN 0 0
 585.931378793219 -NAN 0 0
 588.089114990656 -NAN 0 0
 590.247135942837 -NAN 0 0
 592.405447607 -NAN 0 0
 594.564055940383 -NAN 0 0
 596.722966900224 -NAN 0 0
 598.882186443761 -NAN 0 0
 601.041720528232 -NAN 0 0
 603.201575110875 -NAN 0 0
 605.361756148928 -NAN 0 0
 607.522269599629 -NAN 0 0
 609.683121420216 -NAN 0 0
 611.844317567927 -NAN 0 0
 614.005864 -NAN 0 0
 616.167766673673 -NAN 0 0
 618.330031546184 -NAN 0 0
 620.492664574771 -NAN 0 0
 622.655671716672 -NAN 0 0
 624.819058929125 -NAN 0 0
 626.982832169368 -NAN 0 0
 629.146997394639 -NAN 0 0
 631.311560562176 -NAN 0 0
 633.476527629217 -NAN 0 0
 635.641904553 -NAN 0 0
 637.807697290763 -NAN 0 0
 639.973911799744 -NAN 0 0
 642.140554037181 -NAN 0 0
 644.307629960312 -NAN 0 0
 646.475145526375 -NAN 0 0
 648.643106692608 -NAN 0 0
 650.811519416249 -NAN 0 0
 652.980389654536 -NAN 0 0
 655.149723364707 -NAN 0 0
 657.319526504 -NAN 0 0
 659.489805029653 -NAN 0 0
 661.660564898904 -NAN 0 0
 663.831812068991 -NAN 0 0
 666.003552497152 -NAN 0 0
 668.175792140625 -NAN 0 0
 670.348536956648 -NAN 0 0
 672.521792902459 -NAN 0 0
 674.695565935296 -NAN 0 0
 676.869862012397 -NAN 0 0
 679.044687091 -NAN 0 0
 681.220047128343 -NAN 0 0
 683.395948081664 -NAN 0 0
 685.572395908201 -NAN 0 0
 687.749396565192 -NAN 0 0
 689.926956009875 -NAN 0 0
 692.105080199488 -NAN 0 0
 694.283775091269 -NAN 0 0
 696.463046642456 -NAN 0 0
 698.642900810287 -NAN 0 0
 700.823343552 -NAN 0 0
 703.004380824833 -NAN 0 0
 705.186018586024 -NAN 0 0
 707.368262792811 -NAN 0 0
 709.551119402432 -NAN 0 0
 711.734594372125 -NAN 0 0
 713.918693659128 -NAN 0 0
 716.103423220679 -NAN 0 0
 718.288789014016 -NAN 0 0
 720.474796996377 -NAN 0 0
 722.661453125 -NAN 0 0
 724.848763357123 -NAN 0 0
 727.036733649984 -NAN 0 0
 729.225369960821 -NAN 0 0
 731.414678246872 -NAN 0 0
 733.604664465375 -NAN 0 0
 735.795334573568 -NAN 0 0
[END] of [DATA]
[END] of Spectrum


[Spectrum]
Version            = 1
IDData             = 12ad_2026-06-05_13-29-25_000_565
IDDevice           = SAM_82E6
IDDataType         = SPECTRUM
IDDataTypeSub1     = CALIBRATED
IDDataTypeSub2     = 
IDDataTypeSub3     = 
DateTime           = 2026-06-05 13:29:25
PositionLatitude   = 0
PositionLongitude  = 0
Comment            = 20260605_FrameB
CommentSub1        = UV
CommentSub2        = centre
CommentSub3        = 50cm
IDMethodType       = SAM Control
MethodName         = SAM_82E6
Mission            = No Mission
MissionSub         = 1
RecordType         = 0
[Attributes]
CalFactor = 1
IDBasisSpec = 
IDDataBack = DLAB_2024-11-11_10-40-48_641_639
IDDataCal = DLAB_2024-11-12_11-45-27_171_455
IntegrationTime = 512
P31 = -1
P31e = 0
PathLength = +INF
PathLengthCustomOn = 0
RAWDynamic = 65535
Salinity = 0
Temperature = -NAN
Unit1 = $01 $01 Wavelength nm
Unit2 = $03 $06 Intensity mW/(m^2 nm)
Unit3 = $f0 $06 Error mW/(m^2 nm)
Unit4 = $f1 $00 Status 
p999 = 6702
[END] of [Attributes]
[DATA]
 0 8 0 0
 185.260577530984 -NAN 0 0
 187.468128380571 -NAN 0 0
 189.674861895872 -NAN 0 0
 191.880784034125 -NAN 0 0
 194.085900752568 -NAN 0 0
 196.290218008439 -NAN 0 0
 198.493741758976 -NAN 0 0
 200.696477961417 -NAN 0 0
 202.898432573 -NAN 0 0
 205.099611550963 -NAN 0 0
 207.300020852544 -NAN 0 0
 209.499666434981 -NAN 0 0
 211.698554255512 -NAN 0 0
 213.896690271375 -NAN 0 0
 216.094080439808 -NAN 0 0
 218.290730718049 -NAN 0 0
 220.486647063336 -NAN 0 0
 222.681835432907 -NAN 0 0
 224.876301784 -NAN 0 0
 227.070052073853 -NAN 0 0
 229.263092259704 -NAN 0 0
 231.455428298791 -NAN 0 0
 233.647066148352 -NAN 0 0
 235.838011765625 -NAN 0 0
 238.028271107848 -NAN 0 0
 240.217850132259 -NAN 0 0
 242.406754796096 -NAN 0 0
 244.594991056597 -NAN 0 0
 246.782564871 -NAN 0 0
 248.969482196543 -NAN 0 0
 251.155748990464 -NAN 0 0
 253.341371210001 -NAN 0 0
 255.526354812392 -NAN 0 0
 257.710705754875 -NAN 0 0
 259.894429994688 -NAN 0 0
 262.077533489069 -NAN 0 0
 264.260022195256 -NAN 0 0
 266.441902070487 -NAN 0 0
 268.623179072 -NAN 0 0
 270.803859157033 -NAN 0 0
 272.983948282824 -NAN 0 0
 275.163452406611 -NAN 0 0
 277.342377485632 -NAN 0 0
 279.520729477125 7.94918589354638 0 0
 281.698514338328 11.2238580737736 0 0
 283.875738026479 14.9668078915099 0 0
 286.052406498816 26.419679264401 0 0
 288.228525712577 35.7576189143274 0 0
 290.404101625 48.1479432671655 0 0
 292.579140193323 67.9766549275402 0 0
 294.753647374784 87.2819240913974 0 0
 296.927629126621 102.663899483128 0 0
 299.101091406072 122.801724478436 0 0
 301.274040170375 141.247743479343 0 0
 303.446481376768 149.742582580509 0 0
 305.618420982489 162.586918631058 0 0
 307.789864944776 168.122524379664 0 0
 309.960819220867 175.365129140068 0 0
 312.131289768 186.159476825991 0 0
 314.301282543413 177.237002687654 0 0
 316.470803504344 159.591352163695 0 0
 318.639858608031 149.147047661788 0 0
 320.808453811712 134.716607047857 0 0
 322.976595072625 124.89596573106 0 0
 325.144288348008 117.105130213632 0 0
 327.311539595099 103.66617657082 0 0
 329.478354771136 92.6718423348192 0 0
 331.644739833357 86.5186809135692 0 0
 333.810700739 75.6751298794293 0 0
 335.976243445303 66.0117311272457 0 0
 338.141373909504 60.3034583250336 0 0
 340.306098088841 50.3785475485488 0 0
 342.470421940552 43.3370935408886 0 0
 344.634351421875 40.5180954342437 0 0
 346.797892490048 33.0131753497139 0 0
 348.961051102309 27.9611010585969 0 0
 351.123833215896 26.5128104501643 0 0
 353.286244788047 20.8434248847075 0 0
 355.448291776 17.8400981888438 0 0
 357.609980136993 17.7678122112628 0 0
 359.771315828264 15.1271798505459 0 0
 361.932304807051 21.997319412184 0 0
 364.092953030592 33.4451029798024 0 0
 366.253266456125 29.5857815861546 0 0
 368.413251040888 17.0017449111518 0 0
 370.572912742119 10.7126212795039 0 0
 372.732257517056 4.87476405168594 0 0
 374.891291322937 4.08825051189373 0 0
 377.050020117 5.74459923824112 0 0
 379.208449856483 2.03372435447654 0 0
 381.366586498624 2.31449984071956 0 0
 383.524436000661 4.18676572837481 0 0
 385.682004319832 0.654558217319222 0 0
 387.839297413375 1.47379679995059 0 0
 389.996321238528 3.25896634530969 0 0
 392.153081752529 -0.123800742192999 0 0
 394.309584912616 0.992664587237518 0 0
 396.465836676027 2.78456933911486 0 0
 398.621843 0.915678218307711 0 0
 400.777609841773 8.56956086681928 0 0
 402.933143158584 21.7164441229991 0 0
 405.088448907671 22.3250184599252 0 0
 407.243533046272 16.2574515981 0 0
 409.398401531625 7.5079908282617 0 0
 411.553060320968 0.850959577950762 0 0
 413.707515371539 1.23112131112972 0 0
 415.861772640576 1.91623338021283 0 0
 418.015838085317 -0.24561590296928 0 0
 420.169717663 1.41193145155103 0 0
 422.323417330863 2.15323038473148 0 0
 424.476943046144 0.422629750517983 0 0
 426.630300766081 2.53516340916249 0 0
 428.783496447912 4.94520927325646 0 0
 430.936536048875 12.2594322065222 0 0
 433.089425526208 46.5622914734319 0 0
 435.242170837149 74.7267127956451 0 0
 437.394777938936 67.019569041956 0 0
 439.547252788807 35.3155235253998 0 0
 441.699601344 20.8351492708013 0 0
 443.851829561753 17.4471804541113 0 0
 446.003943399304 21.714686412472 0 0
 448.155948813891 23.7850514878542 0 0
 450.307851762752 21.8654547979941 0 0
 452.459658203125 21.6615150112633 0 0
 454.611374092248 18.2509504276287 0 0
 456.763005387359 13.3147336083169 0 0
 458.914558045696 13.2655882494047 0 0
 461.066038024497 11.2637355970853 0 0
 463.217451281 8.16044374817424 0 0
 465.368803772443 9.39723507480597 0 0
 467.520101456064 7.63698010408867 0 0
 469.671350289101 4.63821985776053 0 0
 471.822556228792 6.28863662986746 0 0
 473.973725232375 4.86816148861085 0 0
 476.124863257088 2.67589294003108 0 0
 478.275976260169 5.08314035168012 0 0
 480.427070198856 4.01597402033169 0 0
 482.578151030387 2.19965796171489 0 0
 484.729224712 4.95026038398358 0 0
 486.880297200933 3.80871383839589 0 0
 489.031374454424 2.56571093094538 0 0
 491.182462429711 5.48201186292289 0 0
 493.333567084032 4.27337282595674 0 0
 495.484694374625 3.09763782811771 0 0
 497.635850258728 5.8828180971141 0 0
 499.787040693579 4.56724979449184 0 0
 501.938271636416 3.7214468400669 0 0
 504.089549044477 -NAN 0 0
 506.240878875 -NAN 0 0
 508.392267085223 -NAN 0 0
 510.543719632384 -NAN 0 0
 512.695242473721 -NAN 0 0
 514.846841566472 -NAN 0 0
 516.998522867875 -NAN 0 0
 519.150292335168 -NAN 0 0
 521.302155925589 -NAN 0 0
 523.454119596376 -NAN 0 0
 525.606189304767 -NAN 0 0
 527.758371008 -NAN 0 0
 529.910670663313 -NAN 0 0
 532.063094227944 -NAN 0 0
 534.215647659131 -NAN 0 0
 536.368336914112 -NAN 0 0
 538.521167950125 -NAN 0 0
 540.674146724408 -NAN 0 0
 542.827279194199 -NAN 0 0
 544.980571316736 -NAN 0 0
 547.134029049257 -NAN 0 0
 549.287658349 -NAN 0 0
 551.441465173203 -NAN 0 0
 553.595455479104 -NAN 0 0
 555.749635223941 -NAN 0 0
 557.904010364952 -NAN 0 0
 560.058586859375 -NAN 0 0
 562.213370664448 -NAN 0 0
 564.368367737409 -NAN 0 0
 566.523584035496 -NAN 0 0
 568.679025515947 -NAN 0 0
 570.834698136 -NAN 0 0
 572.990607852893 -NAN 0 0
 575.146760623864 -NAN 0 0
 577.303162406151 -NAN 0 0
 579.459819156992 -NAN 0 0
 581.616736833625 -NAN 0 0
 583.773921393288 -NAN 0 0
 585.931378793219 -NAN 0 0
 588.089114990656 -NAN 0 0
 590.247135942837 -NAN 0 0
 592.405447607 -NAN 0 0
 594.564055940383 -NAN 0 0
 596.722966900224 -NAN 0 0
 598.882186443761 -NAN 0 0
 601.041720528232 -NAN 0 0
 603.201575110875 -NAN 0 0
 605.361756148928 -NAN 0 0
 607.522269599629 -NAN 0 0
 609.683121420216 -NAN 0 0
 611.844317567927 -NAN 0 0
 614.005864 -NAN 0 0
 616.167766673673 -NAN 0 0
 618.330031546184 -NAN 0 0
 620.492664574771 -NAN 0 0
 622.655671716672 -NAN 0 0
 624.819058929125 -NAN 0 0
 626.982832169368 -NAN 0 0
 629.146997394639 -NAN 0 0
 631.311560562176 -NAN 0 0
 633.476527629217 -NAN 0 0
 635.641904553 -NAN 0 0
 637.807697290763 -NAN 0 0
 639.973911799744 -NAN 0 0
 642.140554037181 -NAN 0 0
 644.307629960312 -NAN 0 0
 646.475145526375 -NAN 0 0
 648.643106692608 -NAN 0 0
 650.811519416249 -NAN 0 0
 652.980389654536 -NAN 0 0
 655.149723364707 -NAN 0 0
 657.319526504 -NAN 0 0
 659.489805029653 -NAN 0 0
 661.660564898904 -NAN 0 0
 663.831812068991 -NAN 0 0
 666.003552497152 -NAN 0 0
 668.175792140625 -NAN 0 0
 670.348536956648 -NAN 0 0
 672.521792902459 -NAN 0 0
 674.695565935296 -NAN 0 0
 676.869862012397 -NAN 0 0
 679.044687091 -NAN 0 0
 681.220047128343 -NAN 0 0
 683.395948081664 -NAN 0 0
 685.572395908201 -NAN 0 0
 687.749396565192 -NAN 0 0
 689.926956009875 -NAN 0 0
 692.105080199488 -NAN 0 0
 694.283775091269 -NAN 0 0
 696.463046642456 -NAN 0 0
 698.642900810287 -NAN 0 0
 700.823343552 -NAN 0 0
 703.004380824833 -NAN 0 0
 705.186018586024 -NAN 0 0
 707.368262792811 -NAN 0 0
 709.551119402432 -NAN 0 0
 711.734594372125 -NAN 0 0
 713.918693659128 -NAN 0 0
 716.103423220679 -NAN 0 0
 718.288789014016 -NAN 0 0
 720.474796996377 -NAN 0 0
 722.661453125 -NAN 0 0
 724.848763357123 -NAN 0 0
 727.036733649984 -NAN 0 0
 729.225369960821 -NAN 0 0
 731.414678246872 -NAN 0 0
 733.604664465375 -NAN 0 0
 735.795334573568 -NAN 0 0
[END] of [DATA]
[END] of Spectrum


[Spectrum]
Version            = 1
IDData             = 12ad_2026-06-05_13-29-30_000_568
IDDevice           = SAM_82E6
IDDataType         = SPECTRUM
IDDataTypeSub1     = CALIBRATED
IDDataTypeSub2     = 
IDDataTypeSub3     = 
DateTime           = 2026-06-05 13:29:30
PositionLatitude   = 0
PositionLongitude  = 0
Comment            = 20260605_FrameB
CommentSub1        = UV
CommentSub2        = centre
CommentSub3        = 50cm
IDMethodType       = SAM Control
MethodName         = SAM_82E6
Mission            = No Mission
MissionSub         = 1
RecordType         = 0
[Attributes]
CalFactor = 1
IDBasisSpec = 
IDDataBack = DLAB_2024-11-11_10-40-48_641_639
IDDataCal = DLAB_2024-11-12_11-45-27_171_455
IntegrationTime = 512
P31 = -1
P31e = 0
PathLength = +INF
PathLengthCustomOn = 0
RAWDynamic = 65535
Salinity = 0
Temperature = -NAN
Unit1 = $01 $01 Wavelength nm
Unit2 = $03 $06 Intensity mW/(m^2 nm)
Unit3 = $f0 $06 Error mW/(m^2 nm)
Unit4 = $f1 $00 Status 
p999 = 6703
[END] of [Attributes]
[DATA]
 0 8 0 0
 185.260577530984 -NAN 0 0
 187.468128380571 -NAN 0 0
 189.674861895872 -NAN 0 0
 191.880784034125 -NAN 0 0
 194.085900752568 -NAN 0 0
 196.290218008439 -NAN 0 0
 198.493741758976 -NAN 0 0
 200.696477961417 -NAN 0 0
 202.898432573 -NAN 0 0
 205.099611550963 -NAN 0 0
 207.300020852544 -NAN 0 0
 209.499666434981 -NAN 0 0
 211.698554255512 -NAN 0 0
 213.896690271375 -NAN 0 0
 216.094080439808 -NAN 0 0
 218.290730718049 -NAN 0 0
 220.486647063336 -NAN 0 0
 222.681835432907 -NAN 0 0
 224.876301784 -NAN 0 0
 227.070052073853 -NAN 0 0
 229.263092259704 -NAN 0 0
 231.455428298791 -NAN 0 0
 233.647066148352 -NAN 0 0
 235.838011765625 -NAN 0 0
 238.028271107848 -NAN 0 0
 240.217850132259 -NAN 0 0
 242.406754796096 -NAN 0 0
 244.594991056597 -NAN 0 0
 246.782564871 -NAN 0 0
 248.969482196543 -NAN 0 0
 251.155748990464 -NAN 0 0
 253.341371210001 -NAN 0 0
 255.526354812392 -NAN 0 0
 257.710705754875 -NAN 0 0
 259.894429994688 -NAN 0 0
 262.077533489069 -NAN 0 0
 264.260022195256 -NAN 0 0
 266.441902070487 -NAN 0 0
 268.623179072 -NAN 0 0
 270.803859157033 -NAN 0 0
 272.983948282824 -NAN 0 0
 275.163452406611 -NAN 0 0
 277.342377485632 -NAN 0 0
 279.520729477125 9.21131749656867 0 0
 281.698514338328 10.4956135220295 0 0
 283.875738026479 15.6990036178782 0 0
 286.052406498816 28.4203601895748 0 0
 288.228525712577 35.6558971761749 0 0
 290.404101625 49.9619470720579 0 0
 292.579140193323 71.0861528994907 0 0
 294.753647374784 88.7430583051355 0 0
 296.927629126621 106.110356380791 0 0
 299.101091406072 127.312995389208 0 0
 301.274040170375 144.454954900007 0 0
 303.446481376768 154.594627626184 0 0
 305.618420982489 168.090413082207 0 0
 307.789864944776 172.192903403442 0 0
 309.960819220867 181.133916261849 0 0
 312.131289768 192.287596012336 0 0
 314.301282543413 181.644024894239 0 0
 316.470803504344 164.925552586646 0 0
 318.639858608031 154.25999847176 0 0
 320.808453811712 137.593121420235 0 0
 322.976595072625 129.611731328196 0 0
 325.144288348008 121.102004070234 0 0
 327.311539595099 105.46861478435 0 0
 329.478354771136 96.354739555226 0 0
 331.644739833357 89.4581404084813 0 0
 333.810700739 76.8156362999035 0 0
 335.976243445303 68.9241435425276 0 0
 338.141373909504 62.3398462771201 0 0
 340.306098088841 50.8685277607473 0 0
 342.470421940552 45.6188083743829 0 0
 344.634351421875 41.8718457400287 0 0
 346.797892490048 33.003511523096 0 0
 348.961051102309 29.7057400785058 0 0
 351.123833215896 27.4458419507125 0 0
 353.286244788047 20.6089845845276 0 0
 355.448291776 19.2304012881842 0 0
 357.609980136993 18.3664028077393 0 0
 359.771315828264 14.6635955903943 0 0
 361.932304807051 23.4461947624058 0 0
 364.092953030592 34.2083190270485 0 0
 366.253266456125 29.355720859161 0 0
 368.413251040888 18.5631877921208 0 0
 370.572912742119 10.9286520917725 0 0
 372.732257517056 3.97204401643012 0 0
 374.891291322937 5.48111872696114 0 0
 377.050020117 5.81426070627584 0 0
 379.208449856483 1.05271451182794 0 0
 381.366586498624 3.75956397162402 0 0
 383.524436000661 4.09864934557987 0 0
 385.682004319832 -0.3425134219284 0 0
 387.839297413375 2.85878565088808 0 0
 389.996321238528 3.10866889605332 0 0
 392.153081752529 -0.902952356253966 0 0
 394.309584912616 2.33175589431295 0 0
 396.465836676027 2.57446470764685 0 0
 398.621843 0.302010439335964 0 0
 400.777609841773 10.1275628524951 0 0
 402.933143158584 22.0769956617778 0 0
 405.088448907671 22.6192321102094 0 0
 407.243533046272 17.9426353496954 0 0
 409.398401531625 7.46273049346953 0 0
 411.553060320968 0.519520493772483 0 0
 413.707515371539 2.27267901144713 0 0
 415.861772640576 1.6049478628952 0 0
 418.015838085317 -0.532155642595918 0 0
 420.169717663 2.3324120550986 0 0
 422.323417330863 1.86986138942067 0 0
 424.476943046144 0.259747601930623 0 0
 426.630300766081 3.35174055767108 0 0
 428.783496447912 4.69569059779953 0 0
 430.936536048875 12.5161140823959 0 0
 433.089425526208 48.7490442195665 0 0
 435.242170837149 76.7595163910066 0 0
 437.394777938936 68.9950467456751 0 0
 439.547252788807 36.9214125789491 0 0
 441.699601344 20.6806227322564 0 0
 443.851829561753 17.466850885279 0 0
 446.003943399304 22.4855476868274 0 0
 448.155948813891 23.3121235294071 0 0
 450.307851762752 21.8866474119721 0 0
 452.459658203125 22.4085838609856 0 0
 454.611374092248 17.7341066367136 0 0
 456.763005387359 13.3772138024206 0 0
 458.914558045696 14.0974471202474 0 0
 461.066038024497 10.6503652796384 0 0
 463.217451281 8.30637329951995 0 0
 465.368803772443 10.2580306623706 0 0
 467.520101456064 6.95366861295356 0 0
 469.671350289101 4.78543972072818 0 0
 471.822556228792 7.07674486766645 0 0
 473.973725232375 4.10125011624309 0 0
 476.124863257088 2.85635485475342 0 0
 478.275976260169 5.89935050351299 0 0
 480.427070198856 3.13491461408682 0 0
 482.578151030387 2.51217923081076 0 0
 484.729224712 5.66552396886893 0 0
 486.880297200933 3.01953857198941 0 0
 489.031374454424 2.82865952648954 0 0
 491.182462429711 6.12644081712059 0 0
 493.333567084032 3.47789744895838 0 0
 495.484694374625 3.45237724124547 0 0
 497.635850258728 6.43686939223087 0 0
 499.787040693579 3.81003557088156 0 0
 501.938271636416 4.03247649772583 0 0
 504.089549044477 -NAN 0 0
 506.240878875 -NAN 0 0
 508.392267085223 -NAN 0 0
 510.543719632384 -NAN 0 0
 512.695242473721 -NAN 0 0
 514.846841566472 -NAN 0 0
 516.998522867875 -NAN 0 0
 519.150292335168 -NAN 0 0
 521.302155925589 -NAN 0 0
 523.454119596376 -NAN 0 0
 525.606189304767 -NAN 0 0
 527.758371008 -NAN 0 0
 529.910670663313 -NAN 0 0
 532.063094227944 -NAN 0 0
 534.215647659131 -NAN 0 0
 536.368336914112 -NAN 0 0
 538.521167950125 -NAN 0 0
 540.674146724408 -NAN 0 0
 542.827279194199 -NAN 0 0
 544.980571316736 -NAN 0 0
 547.134029049257 -NAN 0 0
 549.287658349 -NAN 0 0
 551.441465173203 -NAN 0 0
 553.595455479104 -NAN 0 0
 555.749635223941 -NAN 0 0
 557.904010364952 -NAN 0 0
 560.058586859375 -NAN 0 0
 562.213370664448 -NAN 0 0
 564.368367737409 -NAN 0 0
 566.523584035496 -NAN 0 0
 568.679025515947 -NAN 0 0
 570.834698136 -NAN 0 0
 572.990607852893 -NAN 0 0
 575.146760623864 -NAN 0 0
 577.303162406151 -NAN 0 0
 579.459819156992 -NAN 0 0
 581.616736833625 -NAN 0 0
 583.773921393288 -NAN 0 0
 585.931378793219 -NAN 0 0
 588.089114990656 -NAN 0 0
 590.247135942837 -NAN 0 0
 592.405447607 -NAN 0 0
 594.564055940383 -NAN 0 0
 596.722966900224 -NAN 0 0
 598.882186443761 -NAN 0 0
 601.041720528232 -NAN 0 0
 603.201575110875 -NAN 0 0
 605.361756148928 -NAN 0 0
 607.522269599629 -NAN 0 0
 609.683121420216 -NAN 0 0
 611.844317567927 -NAN 0 0
 614.005864 -NAN 0 0
 616.167766673673 -NAN 0 0
 618.330031546184 -NAN 0 0
 620.492664574771 -NAN 0 0
 622.655671716672 -NAN 0 0
 624.819058929125 -NAN 0 0
 626.982832169368 -NAN 0 0
 629.146997394639 -NAN 0 0
 631.311560562176 -NAN 0 0
 633.476527629217 -NAN 0 0
 635.641904553 -NAN 0 0
 637.807697290763 -NAN 0 0
 639.973911799744 -NAN 0 0
 642.140554037181 -NAN 0 0
 644.307629960312 -NAN 0 0
 646.475145526375 -NAN 0 0
 648.643106692608 -NAN 0 0
 650.811519416249 -NAN 0 0
 652.980389654536 -NAN 0 0
 655.149723364707 -NAN 0 0
 657.319526504 -NAN 0 0
 659.489805029653 -NAN 0 0
 661.660564898904 -NAN 0 0
 663.831812068991 -NAN 0 0
 666.003552497152 -NAN 0 0
 668.175792140625 -NAN 0 0
 670.348536956648 -NAN 0 0
 672.521792902459 -NAN 0 0
 674.695565935296 -NAN 0 0
 676.869862012397 -NAN 0 0
 679.044687091 -NAN 0 0
 681.220047128343 -NAN 0 0
 683.395948081664 -NAN 0 0
 685.572395908201 -NAN 0 0
 687.749396565192 -NAN 0 0
 689.926956009875 -NAN 0 0
 692.105080199488 -NAN 0 0
 694.283775091269 -NAN 0 0
 696.463046642456 -NAN 0 0
 698.642900810287 -NAN 0 0
 700.823343552 -NAN 0 0
 703.004380824833 -NAN 0 0
 705.186018586024 -NAN 0 0
 707.368262792811 -NAN 0 0
 709.551119402432 -NAN 0 0
 711.734594372125 -NAN 0 0
 713.918693659128 -NAN 0 0
 716.103423220679 -NAN 0 0
 718.288789014016 -NAN 0 0
 720.474796996377 -NAN 0 0
 722.661453125 -NAN 0 0
 724.848763357123 -NAN 0 0
 727.036733649984 -NAN 0 0
 729.225369960821 -NAN 0 0
 731.414678246872 -NAN 0 0
 733.604664465375 -NAN 0 0
 735.795334573568 -NAN 0 0
[END] of [DATA]
[END] of Spectrum


[Spectrum]
Version            = 1
IDData             = 12ad_2026-06-05_13-29-35_000_571
IDDevice           = SAM_82E6
IDDataType         = SPECTRUM
IDDataTypeSub1     = CALIBRATED
IDDataTypeSub2     = 
IDDataTypeSub3     = 
DateTime           = 2026-06-05 13:29:35
PositionLatitude   = 0
PositionLongitude  = 0
Comment            = 20260605_FrameB
CommentSub1        = UV
CommentSub2        = centre
CommentSub3        = 50cm
IDMethodType       = SAM Control
MethodName         = SAM_82E6
Mission            = No Mission
MissionSub         = 1
RecordType         = 0
[Attributes]
CalFactor = 1
IDBasisSpec = 
IDDataBack = DLAB_2024-11-11_10-40-48_641_639
IDDataCal = DLAB_2024-11-12_11-45-27_171_455
IntegrationTime = 512
P31 = -1
P31e = 0
PathLength = +INF
PathLengthCustomOn = 0
RAWDynamic = 65535
Salinity = 0
Temperature = -NAN
Unit1 = $01 $01 Wavelength nm
Unit2 = $03 $06 Intensity mW/(m^2 nm)
Unit3 = $f0 $06 Error mW/(m^2 nm)
Unit4 = $f1 $00 Status 
p999 = 6704
[END] of [Attributes]
[DATA]
 0 8 0 0
 185.260577530984 -NAN 0 0
 187.468128380571 -NAN 0 0
 189.674861895872 -NAN 0 0
 191.880784034125 -NAN 0 0
 194.085900752568 -NAN 0 0
 196.290218008439 -NAN 0 0
 198.493741758976 -NAN 0 0
 200.696477961417 -NAN 0 0
 202.898432573 -NAN 0 0
 205.099611550963 -NAN 0 0
 207.300020852544 -NAN 0 0
 209.499666434981 -NAN 0 0
 211.698554255512 -NAN 0 0
 213.896690271375 -NAN 0 0
 216.094080439808 -NAN 0 0
 218.290730718049 -NAN 0 0
 220.486647063336 -NAN 0 0
 222.681835432907 -NAN 0 0
 224.876301784 -NAN 0 0
 227.070052073853 -NAN 0 0
 229.263092259704 -NAN 0 0
 231.455428298791 -NAN 0 0
 233.647066148352 -NAN 0 0
 235.838011765625 -NAN 0 0
 238.028271107848 -NAN 0 0
 240.217850132259 -NAN 0 0
 242.406754796096 -NAN 0 0
 244.594991056597 -NAN 0 0
 246.782564871 -NAN 0 0
 248.969482196543 -NAN 0 0
 251.155748990464 -NAN 0 0
 253.341371210001 -NAN 0 0
 255.526354812392 -NAN 0 0
 257.710705754875 -NAN 0 0
 259.894429994688 -NAN 0 0
 262.077533489069 -NAN 0 0
 264.260022195256 -NAN 0 0
 266.441902070487 -NAN 0 0
 268.623179072 -NAN 0 0
 270.803859157033 -NAN 0 0
 272.983948282824 -NAN 0 0
 275.163452406611 -NAN 0 0
 277.342377485632 -NAN 0 0
 279.520729477125 6.73873506163947 0 0
 281.698514338328 12.5770593503536 0 0
 283.875738026479 17.3307339203248 0 0
 286.052406498816 26.1191415637399 0 0
 288.228525712577 38.8006748556783 0 0
 290.404101625 52.4928277313085 0 0
 292.579140193323 70.2157471888472 0 0
 294.753647374784 93.5336622846048 0 0
 296.927629126621 109.954212802848 0 0
 299.101091406072 128.550600683313 0 0
 301.274040170375 150.67269816977 0 0
 303.446481376768 159.572274288124 0 0
 305.618420982489 170.876842808231 0 0
 307.789864944776 179.176040525907 0 0
 309.960819220867 186.769236690199 0 0
 312.131289768 195.820885444051 0 0
 314.301282543413 189.07317130001 0 0
 316.470803504344 169.927434522414 0 0
 318.639858608031 156.348531781607 0 0
 320.808453811712 144.228671696174 0 0
 322.976595072625 133.17298863392 0 0
 325.144288348008 122.263457932483 0 0
 327.311539595099 111.5363592055 0 0
 329.478354771136 98.9703997983945 0 0
 331.644739833357 89.7431295561875 0 0
 333.810700739 82.0630019852779 0 0
 335.976243445303 70.5515184858309 0 0
 338.141373909504 62.1994057287004 0 0
 340.306098088841 55.0632198543745 0 0
 342.470421940552 46.3658490128383 0 0
 344.634351421875 41.4405068130577 0 0
 346.797892490048 36.5084606395714 0 0
 348.961051102309 29.8190808965045 0 0
 351.123833215896 26.8906126474468 0 0
 353.286244788047 23.5863763968121 0 0
 355.448291776 18.9679378791018 0 0
 357.609980136993 17.7051690093059 0 0
 359.771315828264 17.4359585382847 0 0
 361.932304807051 23.064622815303 0 0
 364.092953030592 33.9175969380457 0 0
 366.253266456125 32.6075182922247 0 0
 368.413251040888 17.6945745745632 0 0
 370.572912742119 10.1474243869407 0 0
 372.732257517056 6.97045731272419 0 0
 374.891291322937 3.99144885988132 0 0
 377.050020117 5.01211924761855 0 0
 379.208449856483 4.18117029391201 0 0
 381.366586498624 1.93927780966319 0 0
 383.524436000661 3.40650937104542 0 0
 385.682004319832 2.72195283593038 0 0
 387.839297413375 0.804326485814565 0 0
 389.996321238528 2.60159058594541 0 0
 392.153081752529 1.9680444193331 0 0
 394.309584912616 0.280846193863409 0 0
 396.465836676027 2.25293078281241 0 0
 398.621843 2.95172839524208 0 0
 400.777609841773 8.23012971635067 0 0
 402.933143158584 22.7372675482583 0 0
 405.088448907671 25.8021447109871 0 0
 407.243533046272 16.556828619885 0 0
 409.398401531625 7.70908421449021 0 0
 411.553060320968 2.58315618927185 0 0
 413.707515371539 0.381541150280177 0 0
 415.861772640576 1.78304400313103 0 0
 418.015838085317 1.14334002187614 0 0
 420.169717663 0.547739230234775 0 0
 422.323417330863 2.13675012006074 0 0
 424.476943046144 1.72479929808014 0 0
 426.630300766081 1.72333380221499 0 0
 428.783496447912 5.15005061831063 0 0
 430.936536048875 14.1134746486275 0 0
 433.089425526208 48.5988618299301 0 0
 435.242170837149 79.5855409686352 0 0
 437.394777938936 72.2098439637039 0 0
 439.547252788807 36.127162742341 0 0
 441.699601344 21.50462727955 0 0
 443.851829561753 18.5696505901062 0 0
 446.003943399304 20.7521792719062 0 0
 448.155948813891 24.0732830914718 0 0
 450.307851762752 22.9408672307088 0 0
 452.459658203125 20.5318802161779 0 0
 454.611374092248 18.6275284243212 0 0
 456.763005387359 14.4086251316476 0 0
 458.914558045696 11.9721400231154 0 0
 461.066038024497 11.8414448495644 0 0
 463.217451281 9.25413639989687 0 0
 465.368803772443 8.04350075101481 0 0
 467.520101456064 8.27798625995758 0 0
 469.671350289101 5.65143891465558 0 0
 471.822556228792 4.83757742643034 0 0
 473.973725232375 5.56185016713446 0 0
 476.124863257088 3.61252349128935 0 0
 478.275976260169 3.56795649596316 0 0
 480.427070198856 4.76281388365304 0 0
 482.578151030387 3.06355604128704 0 0
 484.729224712 3.40126768296624 0 0
 486.880297200933 4.72485068203431 0 0
 489.031374454424 3.28574251065886 0 0
 491.182462429711 3.98932677230725 0 0
 493.333567084032 5.28038119333955 0 0
 495.484694374625 3.72521114244983 0 0
 497.635850258728 4.40662796329305 0 0
 499.787040693579 5.61908721206964 0 0
 501.938271636416 4.17669094106941 0 0
 504.089549044477 -NAN 0 0
 506.240878875 -NAN 0 0
 508.392267085223 -NAN 0 0
 510.543719632384 -NAN 0 0
 512.695242473721 -NAN 0 0
 514.846841566472 -NAN 0 0
 516.998522867875 -NAN 0 0
 519.150292335168 -NAN 0 0
 521.302155925589 -NAN 0 0
 523.454119596376 -NAN 0 0
 525.606189304767 -NAN 0 0
 527.758371008 -NAN 0 0
 529.910670663313 -NAN 0 0
 532.063094227944 -NAN 0 0
 534.215647659131 -NAN 0 0
 536.368336914112 -NAN 0 0
 538.521167950125 -NAN 0 0
 540.674146724408 -NAN 0 0
 542.827279194199 -NAN 0 0
 544.980571316736 -NAN 0 0
 547.134029049257 -NAN 0 0
 549.287658349 -NAN 0 0
 551.441465173203 -NAN 0 0
 553.595455479104 -NAN 0 0
 555.749635223941 -NAN 0 0
 557.904010364952 -NAN 0 0
 560.058586859375 -NAN 0 0
 562.213370664448 -NAN 0 0
 564.368367737409 -NAN 0 0
 566.523584035496 -NAN 0 0
 568.679025515947 -NAN 0 0
 570.834698136 -NAN 0 0
 572.990607852893 -NAN 0 0
 575.146760623864 -NAN 0 0
 577.303162406151 -NAN 0 0
 579.459819156992 -NAN 0 0
 581.616736833625 -NAN 0 0
 583.773921393288 -NAN 0 0
 585.931378793219 -NAN 0 0
 588.089114990656 -NAN 0 0
 590.247135942837 -NAN 0 0
 592.405447607 -NAN 0 0
 594.564055940383 -NAN 0 0
 596.722966900224 -NAN 0 0
 598.882186443761 -NAN 0 0
 601.041720528232 -NAN 0 0
 603.201575110875 -NAN 0 0
 605.361756148928 -NAN 0 0
 607.522269599629 -NAN 0 0
 609.683121420216 -NAN 0 0
 611.844317567927 -NAN 0 0
 614.005864 -NAN 0 0
 616.167766673673 -NAN 0 0
 618.330031546184 -NAN 0 0
 620.492664574771 -NAN 0 0
 622.655671716672 -NAN 0 0
 624.819058929125 -NAN 0 0
 626.982832169368 -NAN 0 0
 629.146997394639 -NAN 0 0
 631.311560562176 -NAN 0 0
 633.476527629217 -NAN 0 0
 635.641904553 -NAN 0 0
 637.807697290763 -NAN 0 0
 639.973911799744 -NAN 0 0
 642.140554037181 -NAN 0 0
 644.307629960312 -NAN 0 0
 646.475145526375 -NAN 0 0
 648.643106692608 -NAN 0 0
 650.811519416249 -NAN 0 0
 652.980389654536 -NAN 0 0
 655.149723364707 -NAN 0 0
 657.319526504 -NAN 0 0
 659.489805029653 -NAN 0 0
 661.660564898904 -NAN 0 0
 663.831812068991 -NAN 0 0
 666.003552497152 -NAN 0 0
 668.175792140625 -NAN 0 0
 670.348536956648 -NAN 0 0
 672.521792902459 -NAN 0 0
 674.695565935296 -NAN 0 0
 676.869862012397 -NAN 0 0
 679.044687091 -NAN 0 0
 681.220047128343 -NAN 0 0
 683.395948081664 -NAN 0 0
 685.572395908201 -NAN 0 0
 687.749396565192 -NAN 0 0
 689.926956009875 -NAN 0 0
 692.105080199488 -NAN 0 0
 694.283775091269 -NAN 0 0
 696.463046642456 -NAN 0 0
 698.642900810287 -NAN 0 0
 700.823343552 -NAN 0 0
 703.004380824833 -NAN 0 0
 705.186018586024 -NAN 0 0
 707.368262792811 -NAN 0 0
 709.551119402432 -NAN 0 0
 711.734594372125 -NAN 0 0
 713.918693659128 -NAN 0 0
 716.103423220679 -NAN 0 0
 718.288789014016 -NAN 0 0
 720.474796996377 -NAN 0 0
 722.661453125 -NAN 0 0
 724.848763357123 -NAN 0 0
 727.036733649984 -NAN 0 0
 729.225369960821 -NAN 0 0
 731.414678246872 -NAN 0 0
 733.604664465375 -NAN 0 0
 735.795334573568 -NAN 0 0
[END] of [DATA]
[END] of Spectrum


[Spectrum]
Version            = 1
IDData             = 12ad_2026-06-05_13-29-40_000_574
IDDevice           = SAM_82E6
IDDataType         = SPECTRUM
IDDataTypeSub1     = CALIBRATED
IDDataTypeSub2     = 
IDDataTypeSub3     = 
DateTime           = 2026-06-05 13:29:40
PositionLatitude   = 0
PositionLongitude  = 0
Comment            = 20260605_FrameB
CommentSub1        = UV
CommentSub2        = centre
CommentSub3        = 50cm
IDMethodType       = SAM Control
MethodName         = SAM_82E6
Mission            = No Mission
MissionSub         = 1
RecordType         = 0
[Attributes]
CalFactor = 1
IDBasisSpec = 
IDDataBack = DLAB_2024-11-11_10-40-48_641_639
IDDataCal = DLAB_2024-11-12_11-45-27_171_455
IntegrationTime = 512
P31 = -1
P31e = 0
PathLength = +INF
PathLengthCustomOn = 0
RAWDynamic = 65535
Salinity = 0
Temperature = -NAN
Unit1 = $01 $01 Wavelength nm
Unit2 = $03 $06 Intensity mW/(m^2 nm)
Unit3 = $f0 $06 Error mW/(m^2 nm)
Unit4 = $f1 $00 Status 
p999 = 6705
[END] of [Attributes]
[DATA]
 0 8 0 0
 185.260577530984 -NAN 0 0
 187.468128380571 -NAN 0 0
 189.674861895872 -NAN 0 0
 191.880784034125 -NAN 0 0
 194.085900752568 -NAN 0 0
 196.290218008439 -NAN 0 0
 198.493741758976 -NAN 0 0
 200.696477961417 -NAN 0 0
 202.898432573 -NAN 0 0
 205.099611550963 -NAN 0 0
 207.300020852544 -NAN 0 0
 209.499666434981 -NAN 0 0
 211.698554255512 -NAN 0 0
 213.896690271375 -NAN 0 0
 216.094080439808 -NAN 0 0
 218.290730718049 -NAN 0 0
 220.486647063336 -NAN 0 0
 222.681835432907 -NAN 0 0
 224.876301784 -NAN 0 0
 227.070052073853 -NAN 0 0
 229.263092259704 -NAN 0 0
 231.455428298791 -NAN 0 0
 233.647066148352 -NAN 0 0
 235.838011765625 -NAN 0 0
 238.028271107848 -NAN 0 0
 240.217850132259 -NAN 0 0
 242.406754796096 -NAN 0 0
 244.594991056597 -NAN 0 0
 246.782564871 -NAN 0 0
 248.969482196543 -NAN 0 0
 251.155748990464 -NAN 0 0
 253.341371210001 -NAN 0 0
 255.526354812392 -NAN 0 0
 257.710705754875 -NAN 0 0
 259.894429994688 -NAN 0 0
 262.077533489069 -NAN 0 0
 264.260022195256 -NAN 0 0
 266.441902070487 -NAN 0 0
 268.623179072 -NAN 0 0
 270.803859157033 -NAN 0 0
 272.983948282824 -NAN 0 0
 275.163452406611 -NAN 0 0
 277.342377485632 -NAN 0 0
 279.520729477125 6.73499910228173 0 0
 281.698514338328 13.2673881175365 0 0
 283.875738026479 17.6569387665949 0 0
 286.052406498816 26.6178599220833 0 0
 288.228525712577 40.2147502860518 0 0
 290.404101625 53.8298830408064 0 0
 292.579140193323 71.9748829408846 0 0
 294.753647374784 96.3135813366911 0 0
 296.927629126621 112.767115826156 0 0
 299.101091406072 131.930925591094 0 0
 301.274040170375 155.024016124723 0 0
 303.446481376768 163.815424541911 0 0
 305.618420982489 175.40331240176 0 0
 307.789864944776 184.410988338132 0 0
 309.960819220867 191.624290295407 0 0
 312.131289768 200.967222773972 0 0
 314.301282543413 194.527297331669 0 0
 316.470803504344 174.426562570403 0 0
 318.639858608031 160.524311962553 0 0
 320.808453811712 148.489533568447 0 0
 322.976595072625 136.630185508994 0 0
 325.144288348008 125.494450777372 0 0
 327.311539595099 115.06793598988 0 0
 329.478354771136 101.308652799396 0 0
 331.644739833357 92.1969971526704 0 0
 333.810700739 84.7162891477698 0 0
 335.976243445303 72.2283179472871 0 0
 338.141373909504 63.8762658768323 0 0
 340.306098088841 57.2579511649699 0 0
 342.470421940552 47.3459715682877 0 0
 344.634351421875 42.5458914101641 0 0
 346.797892490048 38.0975561290504 0 0
 348.961051102309 30.4037113403652 0 0
 351.123833215896 27.5672983608019 0 0
 353.286244788047 24.6037382575927 0 0
 355.448291776 19.3083873421124 0 0
 357.609980136993 18.2079208609083 0 0
 359.771315828264 18.0667988366117 0 0
 361.932304807051 23.323213300318 0 0
 364.092953030592 34.6610551734178 0 0
 366.253266456125 33.4711218841624 0 0
 368.413251040888 17.8164107620922 0 0
 370.572912742119 10.465818636418 0 0
 372.732257517056 7.40094519080861 0 0
 374.891291322937 3.7514614309339 0 0
 377.050020117 5.1879972114686 0 0
 379.208449856483 4.54852419361994 0 0
 381.366586498624 1.67429049959514 0 0
 383.524436000661 3.65167188769263 0 0
 385.682004319832 2.94810745881251 0 0
 387.839297413375 0.570543201513096 0 0
 389.996321238528 2.76804149937419 0 0
 392.153081752529 2.28858586696994 0 0
 394.309584912616 -0.0116538930690563 0 0
 396.465836676027 2.40597824599039 0 0
 398.621843 3.27614303731471 0 0
 400.777609841773 8.232080470089 0 0
 402.933143158584 23.5603896025176 0 0
 405.088448907671 26.7879754180979 0 0
 407.243533046272 16.8526416295059 0 0
 409.398401531625 8.08720853047544 0 0
 411.553060320968 2.70889347910986 0 0
 413.707515371539 0.278127834820963 0 0
 415.861772640576 1.94991345257834 0 0
 418.015838085317 1.14923792389246 0 0
 420.169717663 0.451244860695357 0 0
 422.323417330863 2.31940638682813 0 0
 424.476943046144 1.69817006397867 0 0
 426.630300766081 1.60032931631386 0 0
 428.783496447912 5.34856969962856 0 0
 430.936536048875 14.4113574676591 0 0
 433.089425526208 49.9007124096355 0 0
 435.242170837149 81.9891803683008 0 0
 437.394777938936 74.1821244548739 0 0
 439.547252788807 36.8453845905161 0 0
 441.699601344 21.8683400099015 0 0
 443.851829561753 18.5596061146163 0 0
 446.003943399304 20.6841621006396 0 0
 448.155948813891 24.2601729897078 0 0
 450.307851762752 22.852940428034 0 0
 452.459658203125 20.45823858747 0 0
 454.611374092248 18.8386403315579 0 0
 456.763005387359 14.3266198768865 0 0
 458.914558045696 11.8972876952052 0 0
 461.066038024497 12.0172029554773 0 0
 463.217451281 9.13417296089026 0 0
 465.368803772443 7.95958505608974 0 0
 467.520101456064 8.44345902701146 0 0
 469.671350289101 5.54102401742984 0 0
 471.822556228792 4.72608361192896 0 0
 473.973725232375 5.72701413821151 0 0
 476.124863257088 3.46970393914714 0 0
 478.275976260169 3.46961122920045 0 0
 480.427070198856 4.95495389323236 0 0
 482.578151030387 2.90952770151837 0 0
 484.729224712 3.32247692869371 0 0
 486.880297200933 4.87250643705296 0 0
 489.031374454424 3.13133014391377 0 0
 491.182462429711 3.91058805260025 0 0
 493.333567084032 5.37724103630506 0 0
 495.484694374625 3.53760324689552 0 0
 497.635850258728 4.36877693422072 0 0
 499.787040693579 5.73324011010134 0 0
 501.938271636416 4.02332856661821 0 0
 504.089549044477 -NAN 0 0
 506.240878875 -NAN 0 0
 508.392267085223 -NAN 0 0
 510.543719632384 -NAN 0 0
 512.695242473721 -NAN 0 0
 514.846841566472 -NAN 0 0
 516.998522867875 -NAN 0 0
 519.150292335168 -NAN 0 0
 521.302155925589 -NAN 0 0
 523.454119596376 -NAN 0 0
 525.606189304767 -NAN 0 0
 527.758371008 -NAN 0 0
 529.910670663313 -NAN 0 0
 532.063094227944 -NAN 0 0
 534.215647659131 -NAN 0 0
 536.368336914112 -NAN 0 0
 538.521167950125 -NAN 0 0
 540.674146724408 -NAN 0 0
 542.827279194199 -NAN 0 0
 544.980571316736 -NAN 0 0
 547.134029049257 -NAN 0 0
 549.287658349 -NAN 0 0
 551.441465173203 -NAN 0 0
 553.595455479104 -NAN 0 0
 555.749635223941 -NAN 0 0
 557.904010364952 -NAN 0 0
 560.058586859375 -NAN 0 0
 562.213370664448 -NAN 0 0
 564.368367737409 -NAN 0 0
 566.523584035496 -NAN 0 0
 568.679025515947 -NAN 0 0
 570.834698136 -NAN 0 0
 572.990607852893 -NAN 0 0
 575.146760623864 -NAN 0 0
 577.303162406151 -NAN 0 0
 579.459819156992 -NAN 0 0
 581.616736833625 -NAN 0 0
 583.773921393288 -NAN 0 0
 585.931378793219 -NAN 0 0
 588.089114990656 -NAN 0 0
 590.247135942837 -NAN 0 0
 592.405447607 -NAN 0 0
 594.564055940383 -NAN 0 0
 596.722966900224 -NAN 0 0
 598.882186443761 -NAN 0 0
 601.041720528232 -NAN 0 0
 603.201575110875 -NAN 0 0
 605.361756148928 -NAN 0 0
 607.522269599629 -NAN 0 0
 609.683121420216 -NAN 0 0
 611.844317567927 -NAN 0 0
 614.005864 -NAN 0 0
 616.167766673673 -NAN 0 0
 618.330031546184 -NAN 0 0
 620.492664574771 -NAN 0 0
 622.655671716672 -NAN 0 0
 624.819058929125 -NAN 0 0
 626.982832169368 -NAN 0 0
 629.146997394639 -NAN 0 0
 631.311560562176 -NAN 0 0
 633.476527629217 -NAN 0 0
 635.641904553 -NAN 0 0
 637.807697290763 -NAN 0 0
 639.973911799744 -NAN 0 0
 642.140554037181 -NAN 0 0
 644.307629960312 -NAN 0 0
 646.475145526375 -NAN 0 0
 648.643106692608 -NAN 0 0
 650.811519416249 -NAN 0 0
 652.980389654536 -NAN 0 0
 655.149723364707 -NAN 0 0
 657.319526504 -NAN 0 0
 659.489805029653 -NAN 0 0
 661.660564898904 -NAN 0 0
 663.831812068991 -NAN 0 0
 666.003552497152 -NAN 0 0
 668.175792140625 -NAN 0 0
 670.348536956648 -NAN 0 0
 672.521792902459 -NAN 0 0
 674.695565935296 -NAN 0 0
 676.869862012397 -NAN 0 0
 679.044687091 -NAN 0 0
 681.220047128343 -NAN 0 0
 683.395948081664 -NAN 0 0
 685.572395908201 -NAN 0 0
 687.749396565192 -NAN 0 0
 689.926956009875 -NAN 0 0
 692.105080199488 -NAN 0 0
 694.283775091269 -NAN 0 0
 696.463046642456 -NAN 0 0
 698.642900810287 -NAN 0 0
 700.823343552 -NAN 0 0
 703.004380824833 -NAN 0 0
 705.186018586024 -NAN 0 0
 707.368262792811 -NAN 0 0
 709.551119402432 -NAN 0 0
 711.734594372125 -NAN 0 0
 713.918693659128 -NAN 0 0
 716.103423220679 -NAN 0 0
 718.288789014016 -NAN 0 0
 720.474796996377 -NAN 0 0
 722.661453125 -NAN 0 0
 724.848763357123 -NAN 0 0
 727.036733649984 -NAN 0 0
 729.225369960821 -NAN 0 0
 731.414678246872 -NAN 0 0
 733.604664465375 -NAN 0 0
 735.795334573568 -NAN 0 0
[END] of [DATA]
[END] of Spectrum


[Spectrum]
Version            = 1
IDData             = 12ad_2026-06-05_13-29-45_000_577
IDDevice           = SAM_82E6
IDDataType         = SPECTRUM
IDDataTypeSub1     = CALIBRATED
IDDataTypeSub2     = 
IDDataTypeSub3     = 
DateTime           = 2026-06-05 13:29:45
PositionLatitude   = 0
PositionLongitude  = 0
Comment            = 20260605_FrameB
CommentSub1        = UV
CommentSub2        = centre
CommentSub3        = 50cm
IDMethodType       = SAM Control
MethodName         = SAM_82E6
Mission            = No Mission
MissionSub         = 1
RecordType         = 0
[Attributes]
CalFactor = 1
IDBasisSpec = 
IDDataBack = DLAB_2024-11-11_10-40-48_641_639
IDDataCal = DLAB_2024-11-12_11-45-27_171_455
IntegrationTime = 512
P31 = -1
P31e = 0
PathLength = +INF
PathLengthCustomOn = 0
RAWDynamic = 65535
Salinity = 0
Temperature = -NAN
Unit1 = $01 $01 Wavelength nm
Unit2 = $03 $06 Intensity mW/(m^2 nm)
Unit3 = $f0 $06 Error mW/(m^2 nm)
Unit4 = $f1 $00 Status 
p999 = 6706
[END] of [Attributes]
[DATA]
 0 8 0 0
 185.260577530984 -NAN 0 0
 187.468128380571 -NAN 0 0
 189.674861895872 -NAN 0 0
 191.880784034125 -NAN 0 0
 194.085900752568 -NAN 0 0
 196.290218008439 -NAN 0 0
 198.493741758976 -NAN 0 0
 200.696477961417 -NAN 0 0
 202.898432573 -NAN 0 0
 205.099611550963 -NAN 0 0
 207.300020852544 -NAN 0 0
 209.499666434981 -NAN 0 0
 211.698554255512 -NAN 0 0
 213.896690271375 -NAN 0 0
 216.094080439808 -NAN 0 0
 218.290730718049 -NAN 0 0
 220.486647063336 -NAN 0 0
 222.681835432907 -NAN 0 0
 224.876301784 -NAN 0 0
 227.070052073853 -NAN 0 0
 229.263092259704 -NAN 0 0
 231.455428298791 -NAN 0 0
 233.647066148352 -NAN 0 0
 235.838011765625 -NAN 0 0
 238.028271107848 -NAN 0 0
 240.217850132259 -NAN 0 0
 242.406754796096 -NAN 0 0
 244.594991056597 -NAN 0 0
 246.782564871 -NAN 0 0
 248.969482196543 -NAN 0 0
 251.155748990464 -NAN 0 0
 253.341371210001 -NAN 0 0
 255.526354812392 -NAN 0 0
 257.710705754875 -NAN 0 0
 259.894429994688 -NAN 0 0
 262.077533489069 -NAN 0 0
 264.260022195256 -NAN 0 0
 266.441902070487 -NAN 0 0
 268.623179072 -NAN 0 0
 270.803859157033 -NAN 0 0
 272.983948282824 -NAN 0 0
 275.163452406611 -NAN 0 0
 277.342377485632 -NAN 0 0
 279.520729477125 7.63100668824575 0 0
 281.698514338328 12.8901914331951 0 0
 283.875738026479 17.8913543704081 0 0
 286.052406498816 28.0675550627118 0 0
 288.228525712577 40.4654728800897 0 0
 290.404101625 55.006986110995 0 0
 292.579140193323 74.5431083737467 0 0
 294.753647374784 98.0436737452765 0 0
 296.927629126621 115.548912496917 0 0
 299.101091406072 135.81832902814 0 0
 301.274040170375 158.151163295016 0 0
 303.446481376768 167.78115905195 0 0
 305.618420982489 180.309945217269 0 0
 307.789864944776 188.162300098623 0 0
 309.960819220867 196.428550907974 0 0
 312.131289768 206.536654634569 0 0
 314.301282543413 198.498268528367 0 0
 316.470803504344 178.813288777138 0 0
 318.639858608031 165.218526959556 0 0
 320.808453811712 151.328111494915 0 0
 322.976595072625 140.166833929091 0 0
 325.144288348008 129.372219669853 0 0
 327.311539595099 116.907757021178 0 0
 329.478354771136 104.179408710295 0 0
 331.644739833357 95.2208430445657 0 0
 333.810700739 85.8678971881707 0 0
 335.976243445303 74.3731966688985 0 0
 338.141373909504 66.1507005584903 0 0
 340.306098088841 57.550446277792 0 0
 342.470421940552 48.9775449872455 0 0
 344.634351421875 44.1750447043066 0 0
 346.797892490048 38.0643367250514 0 0
 348.961051102309 31.6001508936272 0 0
 351.123833215896 28.7757056851472 0 0
 353.286244788047 24.4707070174906 0 0
 355.448291776 20.1791419718347 0 0
 357.609980136993 19.0554780292646 0 0
 359.771315828264 17.8968537946071 0 0
 361.932304807051 24.207142559074 0 0
 364.092953030592 35.5902368404052 0 0
 366.253266456125 33.4284964195164 0 0
 368.413251040888 18.6995715841309 0 0
 370.572912742119 11.0416914702852 0 0
 372.732257517056 6.8132640117873 0 0
 374.891291322937 4.50705210358629 0 0
 377.050020117 5.59079223456048 0 0
 379.208449856483 3.84880247989056 0 0
 381.366586498624 2.35407127902305 0 0
 383.524436000661 3.87480530864111 0 0
 385.682004319832 2.31373662984754 0 0
 387.839297413375 1.24568098920794 0 0
 389.996321238528 2.97592956002785 0 0
 392.153081752529 1.46364261753228 0 0
 394.309584912616 0.662664489159865 0 0
 396.465836676027 2.55634066595472 0 0
 398.621843 2.61868923303255 0 0
 400.777609841773 9.18534879688397 0 0
 402.933143158584 24.2726214647096 0 0
 405.088448907671 26.9089776918056 0 0
 407.243533046272 18.0174796051416 0 0
 409.398401531625 8.22585411300336 0 0
 411.553060320968 2.26660704731123 0 0
 413.707515371539 0.726252201810888 0 0
 415.861772640576 1.84836293135505 0 0
 418.015838085317 0.768331752004567 0 0
 420.169717663 0.850939675699316 0 0
 422.323417330863 2.19534661666782 0 0
 424.476943046144 1.37418104907738 0 0
 426.630300766081 1.99610164463436 0 0
 428.783496447912 5.24952090109414 0 0
 430.936536048875 14.4406101373012 0 0
 433.089425526208 51.536121719962 0 0
 435.242170837149 83.9164875710585 0 0
 437.394777938936 75.7895230638883 0 0
 439.547252788807 37.9732678870029 0 0
 441.699601344 21.8605314880069 0 0
 443.851829561753 18.355786966134 0 0
 446.003943399304 21.0379369474164 0 0
 448.155948813891 23.9715026774089 0 0
 450.307851762752 22.6739304759218 0 0
 452.459658203125 20.853772869964 0 0
 454.611374092248 18.5642899476039 0 0
 456.763005387359 14.1108679566223 0 0
 458.914558045696 12.3503937868219 0 0
 461.066038024497 11.6269690159721 0 0
 463.217451281 8.97941493134926 0 0
 465.368803772443 8.45305156398243 0 0
 467.520101456064 8.02843833294428 0 0
 469.671350289101 5.41870163128759 0 0
 471.822556228792 5.2616911521807 0 0
 473.973725232375 5.32511514192403 0 0
 476.124863257088 3.34958051738411 0 0
 478.275976260169 4.00412053217064 0 0
 480.427070198856 4.49827329075398 0 0
 482.578151030387 2.87381098505027 0 0
 484.729224712 3.81477944297808 0 0
 486.880297200933 4.42897986989467 0 0
 489.031374454424 3.09552437771202 0 0
 491.182462429711 4.44277244891776 0 0
 493.333567084032 4.95584505282867 0 0
 495.484694374625 3.54701131245429 0 0
 497.635850258728 4.84218908044426 0 0
 499.787040693579 5.28260795549049 0 0
 501.938271636416 4.04216254242801 0 0
 504.089549044477 -NAN 0 0
 506.240878875 -NAN 0 0
 508.392267085223 -NAN 0 0
 510.543719632384 -NAN 0 0
 512.695242473721 -NAN 0 0
 514.846841566472 -NAN 0 0
 516.998522867875 -NAN 0 0
 519.150292335168 -NAN 0 0
 521.302155925589 -NAN 0 0
 523.454119596376 -NAN 0 0
 525.606189304767 -NAN 0 0
 527.758371008 -NAN 0 0
 529.910670663313 -NAN 0 0
 532.063094227944 -NAN 0 0
 534.215647659131 -NAN 0 0
 536.368336914112 -NAN 0 0
 538.521167950125 -NAN 0 0
 540.674146724408 -NAN 0 0
 542.827279194199 -NAN 0 0
 544.980571316736 -NAN 0 0
 547.134029049257 -NAN 0 0
 549.287658349 -NAN 0 0
 551.441465173203 -NAN 0 0
 553.595455479104 -NAN 0 0
 555.749635223941 -NAN 0 0
 557.904010364952 -NAN 0 0
 560.058586859375 -NAN 0 0
 562.213370664448 -NAN 0 0
 564.368367737409 -NAN 0 0
 566.523584035496 -NAN 0 0
 568.679025515947 -NAN 0 0
 570.834698136 -NAN 0 0
 572.990607852893 -NAN 0 0
 575.146760623864 -NAN 0 0
 577.303162406151 -NAN 0 0
 579.459819156992 -NAN 0 0
 581.616736833625 -NAN 0 0
 583.773921393288 -NAN 0 0
 585.931378793219 -NAN 0 0
 588.089114990656 -NAN 0 0
 590.247135942837 -NAN 0 0
 592.405447607 -NAN 0 0
 594.564055940383 -NAN 0 0
 596.722966900224 -NAN 0 0
 598.882186443761 -NAN 0 0
 601.041720528232 -NAN 0 0
 603.201575110875 -NAN 0 0
 605.361756148928 -NAN 0 0
 607.522269599629 -NAN 0 0
 609.683121420216 -NAN 0 0
 611.844317567927 -NAN 0 0
 614.005864 -NAN 0 0
 616.167766673673 -NAN 0 0
 618.330031546184 -NAN 0 0
 620.492664574771 -NAN 0 0
 622.655671716672 -NAN 0 0
 624.819058929125 -NAN 0 0
 626.982832169368 -NAN 0 0
 629.146997394639 -NAN 0 0
 631.311560562176 -NAN 0 0
 633.476527629217 -NAN 0 0
 635.641904553 -NAN 0 0
 637.807697290763 -NAN 0 0
 639.973911799744 -NAN 0 0
 642.140554037181 -NAN 0 0
 644.307629960312 -NAN 0 0
 646.475145526375 -NAN 0 0
 648.643106692608 -NAN 0 0
 650.811519416249 -NAN 0 0
 652.980389654536 -NAN 0 0
 655.149723364707 -NAN 0 0
 657.319526504 -NAN 0 0
 659.489805029653 -NAN 0 0
 661.660564898904 -NAN 0 0
 663.831812068991 -NAN 0 0
 666.003552497152 -NAN 0 0
 668.175792140625 -NAN 0 0
 670.348536956648 -NAN 0 0
 672.521792902459 -NAN 0 0
 674.695565935296 -NAN 0 0
 676.869862012397 -NAN 0 0
 679.044687091 -NAN 0 0
 681.220047128343 -NAN 0 0
 683.395948081664 -NAN 0 0
 685.572395908201 -NAN 0 0
 687.749396565192 -NAN 0 0
 689.926956009875 -NAN 0 0
 692.105080199488 -NAN 0 0
 694.283775091269 -NAN 0 0
 696.463046642456 -NAN 0 0
 698.642900810287 -NAN 0 0
 700.823343552 -NAN 0 0
 703.004380824833 -NAN 0 0
 705.186018586024 -NAN 0 0
 707.368262792811 -NAN 0 0
 709.551119402432 -NAN 0 0
 711.734594372125 -NAN 0 0
 713.918693659128 -NAN 0 0
 716.103423220679 -NAN 0 0
 718.288789014016 -NAN 0 0
 720.474796996377 -NAN 0 0
 722.661453125 -NAN 0 0
 724.848763357123 -NAN 0 0
 727.036733649984 -NAN 0 0
 729.225369960821 -NAN 0 0
 731.414678246872 -NAN 0 0
 733.604664465375 -NAN 0 0
 735.795334573568 -NAN 0 0
[END] of [DATA]
[END] of Spectrum


[Spectrum]
Version            = 1
IDData             = 12ad_2026-06-05_13-29-50_000_580
IDDevice           = SAM_82E6
IDDataType         = SPECTRUM
IDDataTypeSub1     = CALIBRATED
IDDataTypeSub2     = 
IDDataTypeSub3     = 
DateTime           = 2026-06-05 13:29:50
PositionLatitude   = 0
PositionLongitude  = 0
Comment            = 20260605_FrameB
CommentSub1        = UV
CommentSub2        = centre
CommentSub3        = 50cm
IDMethodType       = SAM Control
MethodName         = SAM_82E6
Mission            = No Mission
MissionSub         = 1
RecordType         = 0
[Attributes]
CalFactor = 1
IDBasisSpec = 
IDDataBack = DLAB_2024-11-11_10-40-48_641_639
IDDataCal = DLAB_2024-11-12_11-45-27_171_455
IntegrationTime = 512
P31 = -1
P31e = 0
PathLength = +INF
PathLengthCustomOn = 0
RAWDynamic = 65535
Salinity = 0
Temperature = -NAN
Unit1 = $01 $01 Wavelength nm
Unit2 = $03 $06 Intensity mW/(m^2 nm)
Unit3 = $f0 $06 Error mW/(m^2 nm)
Unit4 = $f1 $00 Status 
p999 = 6707
[END] of [Attributes]
[DATA]
 0 8 0 0
 185.260577530984 -NAN 0 0
 187.468128380571 -NAN 0 0
 189.674861895872 -NAN 0 0
 191.880784034125 -NAN 0 0
 194.085900752568 -NAN 0 0
 196.290218008439 -NAN 0 0
 198.493741758976 -NAN 0 0
 200.696477961417 -NAN 0 0
 202.898432573 -NAN 0 0
 205.099611550963 -NAN 0 0
 207.300020852544 -NAN 0 0
 209.499666434981 -NAN 0 0
 211.698554255512 -NAN 0 0
 213.896690271375 -NAN 0 0
 216.094080439808 -NAN 0 0
 218.290730718049 -NAN 0 0
 220.486647063336 -NAN 0 0
 222.681835432907 -NAN 0 0
 224.876301784 -NAN 0 0
 227.070052073853 -NAN 0 0
 229.263092259704 -NAN 0 0
 231.455428298791 -NAN 0 0
 233.647066148352 -NAN 0 0
 235.838011765625 -NAN 0 0
 238.028271107848 -NAN 0 0
 240.217850132259 -NAN 0 0
 242.406754796096 -NAN 0 0
 244.594991056597 -NAN 0 0
 246.782564871 -NAN 0 0
 248.969482196543 -NAN 0 0
 251.155748990464 -NAN 0 0
 253.341371210001 -NAN 0 0
 255.526354812392 -NAN 0 0
 257.710705754875 -NAN 0 0
 259.894429994688 -NAN 0 0
 262.077533489069 -NAN 0 0
 264.260022195256 -NAN 0 0
 266.441902070487 -NAN 0 0
 268.623179072 -NAN 0 0
 270.803859157033 -NAN 0 0
 272.983948282824 -NAN 0 0
 275.163452406611 -NAN 0 0
 277.342377485632 -NAN 0 0
 279.520729477125 8.20260846997957 0 0
 281.698514338328 11.1251462898298 0 0
 283.875738026479 20.0010948047268 0 0
 286.052406498816 29.1390372998514 0 0
 288.228525712577 39.2920911399925 0 0
 290.404101625 58.2198449542092 0 0
 292.579140193323 76.6045955831654 0 0
 294.753647374784 98.4317126676136 0 0
 296.927629126621 120.108215027587 0 0
 299.101091406072 139.137876015845 0 0
 301.274040170375 160.375557033588 0 0
 303.446481376768 173.44797632139 0 0
 305.618420982489 184.631546087214 0 0
 307.789864944776 191.351369378413 0 0
 309.960819220867 202.813878504273 0 0
 312.131289768 211.301531736033 0 0
 314.301282543413 201.930862078193 0 0
 316.470803504344 185.047925689259 0 0
 318.639858608031 168.871369788821 0 0
 320.808453811712 153.514448772393 0 0
 322.976595072625 145.811409180889 0 0
 325.144288348008 131.951383529278 0 0
 327.311539595099 118.23374755728 0 0
 329.478354771136 109.125884762986 0 0
 331.644739833357 96.7930948620407 0 0
 333.810700739 86.5539772996435 0 0
 335.976243445303 78.572827049607 0 0
 338.141373909504 66.8458812731681 0 0
 340.306098088841 57.794757740938 0 0
 342.470421940552 52.3421741204815 0 0
 344.634351421875 44.3221778076757 0 0
 346.797892490048 38.0589008225788 0 0
 348.961051102309 34.2752255061887 0 0
 351.123833215896 28.5137628283646 0 0
 353.286244788047 24.3038727573626 0 0
 355.448291776 22.4299808386586 0 0
 357.609980136993 18.462776964596 0 0
 359.771315828264 17.6935651051207 0 0
 361.932304807051 26.4751622907021 0 0
 364.092953030592 35.0669370802003 0 0
 366.253266456125 33.4337516137878 0 0
 368.413251040888 20.9853639382203 0 0
 370.572912742119 9.80391027557176 0 0
 372.732257517056 6.43169521075793 0 0
 374.891291322937 6.65483875761157 0 0
 377.050020117 3.98306072971942 0 0
 379.208449856483 3.42057279108817 0 0
 381.366586498624 4.50364833829512 0 0
 383.524436000661 1.98172431053046 0 0
 385.682004319832 2.04491132340275 0 0
 387.839297413375 3.29872328589175 0 0
 389.996321238528 1.02276504422439 0 0
 392.153081752529 1.40119947838225 0 0
 394.309584912616 2.50357412719636 0 0
 396.465836676027 0.611026857666182 0 0
 398.621843 2.61271841139931 0 0
 400.777609841773 11.1458563039009 0 0
 402.933143158584 22.9837606037678 0 0
 405.088448907671 27.9150778153243 0 0
 407.243533046272 19.9741222832365 0 0
 409.398401531625 6.61710702317527 0 0
 411.553060320968 2.58425914795463 0 0
 413.707515371539 1.91948276480181 0 0
 415.861772640576 0.240904932091918 0 0
 418.015838085317 1.10008874042306 0 0
 420.169717663 1.83433082409367 0 0
 422.323417330863 0.67916226695955 0 0
 424.476943046144 1.78160833082996 0 0
 426.630300766081 2.81958430814091 0 0
 428.783496447912 3.89149865054983 0 0
 430.936536048875 15.2267241327538 0 0
 433.089425526208 53.5399029293966 0 0
 435.242170837149 84.6861317080088 0 0
 437.394777938936 78.2461812562333 0 0
 439.547252788807 39.3672491430051 0 0
 441.699601344 20.6954178263724 0 0
 443.851829561753 19.0676891664797 0 0
 446.003943399304 21.6038911460691 0 0
 448.155948813891 22.5027060123989 0 0
 450.307851762752 23.4936788208591 0 0
 452.459658203125 21.3748221296897 0 0
 454.611374092248 16.9509955754099 0 0
 456.763005387359 15.1344692615863 0 0
 458.914558045696 12.7950166146089 0 0
 461.066038024497 9.99929612208255 0 0
 463.217451281 10.082455383514 0 0
 465.368803772443 8.79029765868128 0 0
 467.520101456064 6.34639962318301 0 0
 469.671350289101 6.70471043426978 0 0
 471.822556228792 5.47812032150691 0 0
 473.973725232375 3.66026231346736 0 0
 476.124863257088 4.75950842167183 0 0
 478.275976260169 4.12913570178426 0 0
 480.427070198856 2.85422312183182 0 0
 482.578151030387 4.39567795080819 0 0
 484.729224712 3.83992542838421 0 0
 486.880297200933 2.82322353406689 0 0
 489.031374454424 4.69167829917476 0 0
 491.182462429711 4.27691854996047 0 0
 493.333567084032 3.46787746520333 0 0
 495.484694374625 5.19065570713364 0 0
 497.635850258728 4.5805232707703 0 0
 499.787040693579 3.91277317911009 0 0
 501.938271636416 5.65488898534114 0 0
 504.089549044477 -NAN 0 0
 506.240878875 -NAN 0 0
 508.392267085223 -NAN 0 0
 510.543719632384 -NAN 0 0
 512.695242473721 -NAN 0 0
 514.846841566472 -NAN 0 0
 516.998522867875 -NAN 0 0
 519.150292335168 -NAN 0 0
 521.302155925589 -NAN 0 0
 523.454119596376 -NAN 0 0
 525.606189304767 -NAN 0 0
 527.758371008 -NAN 0 0
 529.910670663313 -NAN 0 0
 532.063094227944 -NAN 0 0
 534.215647659131 -NAN 0 0
 536.368336914112 -NAN 0 0
 538.521167950125 -NAN 0 0
 540.674146724408 -NAN 0 0
 542.827279194199 -NAN 0 0
 544.980571316736 -NAN 0 0
 547.134029049257 -NAN 0 0
 549.287658349 -NAN 0 0
 551.441465173203 -NAN 0 0
 553.595455479104 -NAN 0 0
 555.749635223941 -NAN 0 0
 557.904010364952 -NAN 0 0
 560.058586859375 -NAN 0 0
 562.213370664448 -NAN 0 0
 564.368367737409 -NAN 0 0
 566.523584035496 -NAN 0 0
 568.679025515947 -NAN 0 0
 570.834698136 -NAN 0 0
 572.990607852893 -NAN 0 0
 575.146760623864 -NAN 0 0
 577.303162406151 -NAN 0 0
 579.459819156992 -NAN 0 0
 581.616736833625 -NAN 0 0
 583.773921393288 -NAN 0 0
 585.931378793219 -NAN 0 0
 588.089114990656 -NAN 0 0
 590.247135942837 -NAN 0 0
 592.405447607 -NAN 0 0
 594.564055940383 -NAN 0 0
 596.722966900224 -NAN 0 0
 598.882186443761 -NAN 0 0
 601.041720528232 -NAN 0 0
 603.201575110875 -NAN 0 0
 605.361756148928 -NAN 0 0
 607.522269599629 -NAN 0 0
 609.683121420216 -NAN 0 0
 611.844317567927 -NAN 0 0
 614.005864 -NAN 0 0
 616.167766673673 -NAN 0 0
 618.330031546184 -NAN 0 0
 620.492664574771 -NAN 0 0
 622.655671716672 -NAN 0 0
 624.819058929125 -NAN 0 0
 626.982832169368 -NAN 0 0
 629.146997394639 -NAN 0 0
 631.311560562176 -NAN 0 0
 633.476527629217 -NAN 0 0
 635.641904553 -NAN 0 0
 637.807697290763 -NAN 0 0
 639.973911799744 -NAN 0 0
 642.140554037181 -NAN 0 0
 644.307629960312 -NAN 0 0
 646.475145526375 -NAN 0 0
 648.643106692608 -NAN 0 0
 650.811519416249 -NAN 0 0
 652.980389654536 -NAN 0 0
 655.149723364707 -NAN 0 0
 657.319526504 -NAN 0 0
 659.489805029653 -NAN 0 0
 661.660564898904 -NAN 0 0
 663.831812068991 -NAN 0 0
 666.003552497152 -NAN 0 0
 668.175792140625 -NAN 0 0
 670.348536956648 -NAN 0 0
 672.521792902459 -NAN 0 0
 674.695565935296 -NAN 0 0
 676.869862012397 -NAN 0 0
 679.044687091 -NAN 0 0
 681.220047128343 -NAN 0 0
 683.395948081664 -NAN 0 0
 685.572395908201 -NAN 0 0
 687.749396565192 -NAN 0 0
 689.926956009875 -NAN 0 0
 692.105080199488 -NAN 0 0
 694.283775091269 -NAN 0 0
 696.463046642456 -NAN 0 0
 698.642900810287 -NAN 0 0
 700.823343552 -NAN 0 0
 703.004380824833 -NAN 0 0
 705.186018586024 -NAN 0 0
 707.368262792811 -NAN 0 0
 709.551119402432 -NAN 0 0
 711.734594372125 -NAN 0 0
 713.918693659128 -NAN 0 0
 716.103423220679 -NAN 0 0
 718.288789014016 -NAN 0 0
 720.474796996377 -NAN 0 0
 722.661453125 -NAN 0 0
 724.848763357123 -NAN 0 0
 727.036733649984 -NAN 0 0
 729.225369960821 -NAN 0 0
 731.414678246872 -NAN 0 0
 733.604664465375 -NAN 0 0
 735.795334573568 -NAN 0 0
[END] of [DATA]
[END] of Spectrum


[Spectrum]
Version            = 1
IDData             = 12ad_2026-06-05_13-29-55_000_583
IDDevice           = SAM_82E6
IDDataType         = SPECTRUM
IDDataTypeSub1     = CALIBRATED
IDDataTypeSub2     = 
IDDataTypeSub3     = 
DateTime           = 2026-06-05 13:29:55
PositionLatitude   = 0
PositionLongitude  = 0
Comment            = 20260605_FrameB
CommentSub1        = UV
CommentSub2        = centre
CommentSub3        = 50cm
IDMethodType       = SAM Control
MethodName         = SAM_82E6
Mission            = No Mission
MissionSub         = 1
RecordType         = 0
[Attributes]
CalFactor = 1
IDBasisSpec = 
IDDataBack = DLAB_2024-11-11_10-40-48_641_639
IDDataCal = DLAB_2024-11-12_11-45-27_171_455
IntegrationTime = 512
P31 = -1
P31e = 0
PathLength = +INF
PathLengthCustomOn = 0
RAWDynamic = 65535
Salinity = 0
Temperature = -NAN
Unit1 = $01 $01 Wavelength nm
Unit2 = $03 $06 Intensity mW/(m^2 nm)
Unit3 = $f0 $06 Error mW/(m^2 nm)
Unit4 = $f1 $00 Status 
p999 = 6708
[END] of [Attributes]
[DATA]
 0 8 0 0
 185.260577530984 -NAN 0 0
 187.468128380571 -NAN 0 0
 189.674861895872 -NAN 0 0
 191.880784034125 -NAN 0 0
 194.085900752568 -NAN 0 0
 196.290218008439 -NAN 0 0
 198.493741758976 -NAN 0 0
 200.696477961417 -NAN 0 0
 202.898432573 -NAN 0 0
 205.099611550963 -NAN 0 0
 207.300020852544 -NAN 0 0
 209.499666434981 -NAN 0 0
 211.698554255512 -NAN 0 0
 213.896690271375 -NAN 0 0
 216.094080439808 -NAN 0 0
 218.290730718049 -NAN 0 0
 220.486647063336 -NAN 0 0
 222.681835432907 -NAN 0 0
 224.876301784 -NAN 0 0
 227.070052073853 -NAN 0 0
 229.263092259704 -NAN 0 0
 231.455428298791 -NAN 0 0
 233.647066148352 -NAN 0 0
 235.838011765625 -NAN 0 0
 238.028271107848 -NAN 0 0
 240.217850132259 -NAN 0 0
 242.406754796096 -NAN 0 0
 244.594991056597 -NAN 0 0
 246.782564871 -NAN 0 0
 248.969482196543 -NAN 0 0
 251.155748990464 -NAN 0 0
 253.341371210001 -NAN 0 0
 255.526354812392 -NAN 0 0
 257.710705754875 -NAN 0 0
 259.894429994688 -NAN 0 0
 262.077533489069 -NAN 0 0
 264.260022195256 -NAN 0 0
 266.441902070487 -NAN 0 0
 268.623179072 -NAN 0 0
 270.803859157033 -NAN 0 0
 272.983948282824 -NAN 0 0
 275.163452406611 -NAN 0 0
 277.342377485632 -NAN 0 0
 279.520729477125 8.42770002128325 0 0
 281.698514338328 11.449718480082 0 0
 283.875738026479 20.338949824078 0 0
 286.052406498816 29.8130693169138 0 0
 288.228525712577 40.2215556136043 0 0
 290.404101625 59.424939666277 0 0
 292.579140193323 78.3055868241679 0 0
 294.753647374784 100.730176019763 0 0
 296.927629126621 122.725909818066 0 0
 299.101091406072 142.270620278609 0 0
 301.274040170375 163.97931856388 0 0
 303.446481376768 177.213567386382 0 0
 305.618420982489 188.731340268238 0 0
 307.789864944776 195.599453368763 0 0
 309.960819220867 207.186668854874 0 0
 312.131289768 215.95585288633 0 0
 314.301282543413 206.348058808342 0 0
 316.470803504344 189.034831216102 0 0
 318.639858608031 172.612012062742 0 0
 320.808453811712 156.953687092445 0 0
 322.976595072625 148.995447425503 0 0
 325.144288348008 134.927924859908 0 0
 327.311539595099 120.860440252761 0 0
 329.478354771136 111.48979607459 0 0
 331.644739833357 98.9993550042179 0 0
 333.810700739 88.540057104538 0 0
 335.976243445303 80.2550777446831 0 0
 338.141373909504 68.401611448288 0 0
 340.306098088841 59.1394887526711 0 0
 342.470421940552 53.5039827207787 0 0
 344.634351421875 45.4039833818063 0 0
 346.797892490048 38.956730714297 0 0
 348.961051102309 34.9995080293693 0 0
 351.123833215896 29.1795342560203 0 0
 353.286244788047 24.8738898128 0 0
 355.448291776 22.909998446458 0 0
 357.609980136993 18.9020824962677 0 0
 359.771315828264 18.0719079438871 0 0
 361.932304807051 26.9503428953315 0 0
 364.092953030592 35.6418894057329 0 0
 366.253266456125 34.0494852092566 0 0
 368.413251040888 21.3135942643246 0 0
 370.572912742119 10.0365829963436 0 0
 372.732257517056 6.59117140195738 0 0
 374.891291322937 6.75869886341654 0 0
 377.050020117 4.11445191447799 0 0
 379.208449856483 3.55386977755362 0 0
 381.366586498624 4.56830524195173 0 0
 383.524436000661 2.10430556885406 0 0
 385.682004319832 2.12278532090461 0 0
 387.839297413375 3.280658213923 0 0
 389.996321238528 1.12495326322813 0 0
 392.153081752529 1.37726294170807 0 0
 394.309584912616 2.54755141299389 0 0
 396.465836676027 0.61807509610201 0 0
 398.621843 2.74507162426943 0 0
 400.777609841773 11.3516608232942 0 0
 402.933143158584 23.6576561424166 0 0
 405.088448907671 28.6291140751475 0 0
 407.243533046272 20.4347708554474 0 0
 409.398401531625 6.83452850486678 0 0
 411.553060320968 2.65953607805503 0 0
 413.707515371539 1.92505117409577 0 0
 415.861772640576 0.23248491400054 0 0
 418.015838085317 1.07870884561387 0 0
 420.169717663 1.80524060974723 0 0
 422.323417330863 0.696329209324906 0 0
 424.476943046144 1.77428529145205 0 0
 426.630300766081 2.7930412348675 0 0
 428.783496447912 3.93385781758263 0 0
 430.936536048875 15.5128646829854 0 0
 433.089425526208 54.7209194301089 0 0
 435.242170837149 86.7043496278778 0 0
 437.394777938936 79.9696786459336 0 0
 439.547252788807 40.0521076451924 0 0
 441.699601344 20.8920692856642 0 0
 443.851829561753 19.1059837292849 0 0
 446.003943399304 21.5968327603717 0 0
 448.155948813891 22.5586413692653 0 0
 450.307851762752 23.4943551808796 0 0
 452.459658203125 21.375516862036 0 0
 454.611374092248 16.9945017454823 0 0
 456.763005387359 15.1264151740651 0 0
 458.914558045696 12.8137296965865 0 0
 461.066038024497 10.0229852580969 0 0
 463.217451281 10.1112777682104 0 0
 465.368803772443 8.7768394811933 0 0
 467.520101456064 6.38575965029777 0 0
 469.671350289101 6.71526479944577 0 0
 471.822556228792 5.46910243945166 0 0
 473.973725232375 3.65613321419044 0 0
 476.124863257088 4.7553566905049 0 0
 478.275976260169 4.10496610232562 0 0
 480.427070198856 2.88513260163371 0 0
 482.578151030387 4.37140174508378 0 0
 484.729224712 3.79550085416672 0 0
 486.880297200933 2.85426480074695 0 0
 489.031374454424 4.687482310948 0 0
 491.182462429711 4.29283382309273 0 0
 493.333567084032 3.49376242323722 0 0
 495.484694374625 5.18152434938542 0 0
 497.635850258728 4.53197521174274 0 0
 499.787040693579 3.95272669342118 0 0
 501.938271636416 5.68959731219062 0 0
 504.089549044477 -NAN 0 0
 506.240878875 -NAN 0 0
 508.392267085223 -NAN 0 0
 510.543719632384 -NAN 0 0
 512.695242473721 -NAN 0 0
 514.846841566472 -NAN 0 0
 516.998522867875 -NAN 0 0
 519.150292335168 -NAN 0 0
 521.302155925589 -NAN 0 0
 523.454119596376 -NAN 0 0
 525.606189304767 -NAN 0 0
 527.758371008 -NAN 0 0
 529.910670663313 -NAN 0 0
 532.063094227944 -NAN 0 0
 534.215647659131 -NAN 0 0
 536.368336914112 -NAN 0 0
 538.521167950125 -NAN 0 0
 540.674146724408 -NAN 0 0
 542.827279194199 -NAN 0 0
 544.980571316736 -NAN 0 0
 547.134029049257 -NAN 0 0
 549.287658349 -NAN 0 0
 551.441465173203 -NAN 0 0
 553.595455479104 -NAN 0 0
 555.749635223941 -NAN 0 0
 557.904010364952 -NAN 0 0
 560.058586859375 -NAN 0 0
 562.213370664448 -NAN 0 0
 564.368367737409 -NAN 0 0
 566.523584035496 -NAN 0 0
 568.679025515947 -NAN 0 0
 570.834698136 -NAN 0 0
 572.990607852893 -NAN 0 0
 575.146760623864 -NAN 0 0
 577.303162406151 -NAN 0 0
 579.459819156992 -NAN 0 0
 581.616736833625 -NAN 0 0
 583.773921393288 -NAN 0 0
 585.931378793219 -NAN 0 0
 588.089114990656 -NAN 0 0
 590.247135942837 -NAN 0 0
 592.405447607 -NAN 0 0
 594.564055940383 -NAN 0 0
 596.722966900224 -NAN 0 0
 598.882186443761 -NAN 0 0
 601.041720528232 -NAN 0 0
 603.201575110875 -NAN 0 0
 605.361756148928 -NAN 0 0
 607.522269599629 -NAN 0 0
 609.683121420216 -NAN 0 0
 611.844317567927 -NAN 0 0
 614.005864 -NAN 0 0
 616.167766673673 -NAN 0 0
 618.330031546184 -NAN 0 0
 620.492664574771 -NAN 0 0
 622.655671716672 -NAN 0 0
 624.819058929125 -NAN 0 0
 626.982832169368 -NAN 0 0
 629.146997394639 -NAN 0 0
 631.311560562176 -NAN 0 0
 633.476527629217 -NAN 0 0
 635.641904553 -NAN 0 0
 637.807697290763 -NAN 0 0
 639.973911799744 -NAN 0 0
 642.140554037181 -NAN 0 0
 644.307629960312 -NAN 0 0
 646.475145526375 -NAN 0 0
 648.643106692608 -NAN 0 0
 650.811519416249 -NAN 0 0
 652.980389654536 -NAN 0 0
 655.149723364707 -NAN 0 0
 657.319526504 -NAN 0 0
 659.489805029653 -NAN 0 0
 661.660564898904 -NAN 0 0
 663.831812068991 -NAN 0 0
 666.003552497152 -NAN 0 0
 668.175792140625 -NAN 0 0
 670.348536956648 -NAN 0 0
 672.521792902459 -NAN 0 0
 674.695565935296 -NAN 0 0
 676.869862012397 -NAN 0 0
 679.044687091 -NAN 0 0
 681.220047128343 -NAN 0 0
 683.395948081664 -NAN 0 0
 685.572395908201 -NAN 0 0
 687.749396565192 -NAN 0 0
 689.926956009875 -NAN 0 0
 692.105080199488 -NAN 0 0
 694.283775091269 -NAN 0 0
 696.463046642456 -NAN 0 0
 698.642900810287 -NAN 0 0
 700.823343552 -NAN 0 0
 703.004380824833 -NAN 0 0
 705.186018586024 -NAN 0 0
 707.368262792811 -NAN 0 0
 709.551119402432 -NAN 0 0
 711.734594372125 -NAN 0 0
 713.918693659128 -NAN 0 0
 716.103423220679 -NAN 0 0
 718.288789014016 -NAN 0 0
 720.474796996377 -NAN 0 0
 722.661453125 -NAN 0 0
 724.848763357123 -NAN 0 0
 727.036733649984 -NAN 0 0
 729.225369960821 -NAN 0 0
 731.414678246872 -NAN 0 0
 733.604664465375 -NAN 0 0
 735.795334573568 -NAN 0 0
[END] of [DATA]
[END] of Spectrum


[Spectrum]
Version            = 1
IDData             = 12ad_2026-06-05_13-30-00_000_586
IDDevice           = SAM_82E6
IDDataType         = SPECTRUM
IDDataTypeSub1     = CALIBRATED
IDDataTypeSub2     = 
IDDataTypeSub3     = 
DateTime           = 2026-06-05 13:30:00
PositionLatitude   = 0
PositionLongitude  = 0
Comment            = 20260605_FrameB
CommentSub1        = UV
CommentSub2        = centre
CommentSub3        = 50cm
IDMethodType       = SAM Control
MethodName         = SAM_82E6
Mission            = No Mission
MissionSub         = 1
RecordType         = 0
[Attributes]
CalFactor = 1
IDBasisSpec = 
IDDataBack = DLAB_2024-11-11_10-40-48_641_639
IDDataCal = DLAB_2024-11-12_11-45-27_171_455
IntegrationTime = 512
P31 = -1
P31e = 0
PathLength = +INF
PathLengthCustomOn = 0
RAWDynamic = 65535
Salinity = 0
Temperature = -NAN
Unit1 = $01 $01 Wavelength nm
Unit2 = $03 $06 Intensity mW/(m^2 nm)
Unit3 = $f0 $06 Error mW/(m^2 nm)
Unit4 = $f1 $00 Status 
p999 = 6709
[END] of [Attributes]
[DATA]
 0 8 0 0
 185.260577530984 -NAN 0 0
 187.468128380571 -NAN 0 0
 189.674861895872 -NAN 0 0
 191.880784034125 -NAN 0 0
 194.085900752568 -NAN 0 0
 196.290218008439 -NAN 0 0
 198.493741758976 -NAN 0 0
 200.696477961417 -NAN 0 0
 202.898432573 -NAN 0 0
 205.099611550963 -NAN 0 0
 207.300020852544 -NAN 0 0
 209.499666434981 -NAN 0 0
 211.698554255512 -NAN 0 0
 213.896690271375 -NAN 0 0
 216.094080439808 -NAN 0 0
 218.290730718049 -NAN 0 0
 220.486647063336 -NAN 0 0
 222.681835432907 -NAN 0 0
 224.876301784 -NAN 0 0
 227.070052073853 -NAN 0 0
 229.263092259704 -NAN 0 0
 231.455428298791 -NAN 0 0
 233.647066148352 -NAN 0 0
 235.838011765625 -NAN 0 0
 238.028271107848 -NAN 0 0
 240.217850132259 -NAN 0 0
 242.406754796096 -NAN 0 0
 244.594991056597 -NAN 0 0
 246.782564871 -NAN 0 0
 248.969482196543 -NAN 0 0
 251.155748990464 -NAN 0 0
 253.341371210001 -NAN 0 0
 255.526354812392 -NAN 0 0
 257.710705754875 -NAN 0 0
 259.894429994688 -NAN 0 0
 262.077533489069 -NAN 0 0
 264.260022195256 -NAN 0 0
 266.441902070487 -NAN 0 0
 268.623179072 -NAN 0 0
 270.803859157033 -NAN 0 0
 272.983948282824 -NAN 0 0
 275.163452406611 -NAN 0 0
 277.342377485632 -NAN 0 0
 279.520729477125 7.29819497546064 0 0
 281.698514338328 12.97027218507 0 0
 283.875738026479 21.0598484129131 0 0
 286.052406498816 28.9927611001335 0 0
 288.228525712577 42.6421031714726 0 0
 290.404101625 60.8739615432912 0 0
 292.579140193323 78.6953312435896 0 0
 294.753647374784 104.49011577165 0 0
 296.927629126621 125.333764843964 0 0
 299.101091406072 144.3108516349 0 0
 301.274040170375 168.900369083068 0 0
 303.446481376768 180.990353378042 0 0
 305.618420982489 191.917828604096 0 0
 307.789864944776 201.234170549395 0 0
 309.960819220867 211.531631129719 0 0
 312.131289768 219.700126957678 0 0
 314.301282543413 212.231840435075 0 0
 316.470803504344 192.841832708983 0 0
 318.639858608031 175.456971357308 0 0
 320.808453811712 162.125689218255 0 0
 322.976595072625 151.738283506378 0 0
 325.144288348008 136.788849693269 0 0
 327.311539595099 125.402086113288 0 0
 329.478354771136 113.346862786899 0 0
 331.644739833357 100.221477297368 0 0
 333.810700739 92.3863983551573 0 0
 335.976243445303 81.2392071208477 0 0
 338.141373909504 69.1185604479709 0 0
 340.306098088841 62.2144199735455 0 0
 342.470421940552 53.8542603207556 0 0
 344.634351421875 45.7743312360131 0 0
 346.797892490048 41.3944309786594 0 0
 348.961051102309 34.9601857047575 0 0
 351.123833215896 29.3933423143343 0 0
 353.286244788047 26.8437335443114 0 0
 355.448291776 22.6071974232747 0 0
 357.609980136993 18.9909608853689 0 0
 359.771315828264 19.8407346627254 0 0
 361.932304807051 26.4831231442748 0 0
 364.092953030592 35.9845463145186 0 0
 366.253266456125 36.0435394800256 0 0
 368.413251040888 20.6286445533405 0 0
 370.572912742119 10.0730067960866 0 0
 372.732257517056 8.28442372242277 0 0
 374.891291322937 5.65421890330277 0 0
 377.050020117 4.11100332695152 0 0
 379.208449856483 5.27588491504163 0 0
 381.366586498624 3.22923603507449 0 0
 383.524436000661 2.26703663062859 0 0
 385.682004319832 3.73218126927649 0 0
 387.839297413375 1.88716815264728 0 0
 389.996321238528 1.34267386729108 0 0
 392.153081752529 2.89740647368276 0 0
 394.309584912616 1.0959600724829 0 0
 396.465836676027 0.971158278696824 0 0
 398.621843 4.1389267633177 0 0
 400.777609841773 10.2364799362182 0 0
 402.933143158584 24.726637593945 0 0
 405.088448907671 30.5774349492631 0 0
 407.243533046272 19.6619742178635 0 0
 409.398401531625 7.52775641750638 0 0
 411.553060320968 3.68914800843913 0 0
 413.707515371539 0.757806521143314 0 0
 415.861772640576 0.739727215990239 0 0
 418.015838085317 1.89458529120601 0 0
 420.169717663 0.747113626121365 0 0
 422.323417330863 1.20080842230151 0 0
 424.476943046144 2.45910042842833 0 0
 426.630300766081 1.83921697577449 0 0
 428.783496447912 4.51213420732404 0 0
 430.936536048875 16.3710803289644 0 0
 433.089425526208 55.0504301178825 0 0
 435.242170837149 89.2306685447001 0 0
 437.394777938936 82.1977361410243 0 0
 439.547252788807 39.9336172164112 0 0
 441.699601344 21.7074433613901 0 0
 443.851829561753 19.5521258489608 0 0
 446.003943399304 20.6437368007358 0 0
 448.155948813891 23.2711042677051 0 0
 450.307851762752 23.8126952972304 0 0
 452.459658203125 20.3894600851862 0 0
 454.611374092248 17.8094697837789 0 0
 456.763005387359 15.3919559990057 0 0
 458.914558045696 11.7333610970817 0 0
 461.066038024497 10.9649468170333 0 0
 463.217451281 10.2862893653758 0 0
 465.368803772443 7.69596310882515 0 0
 467.520101456064 7.44821262710973 0 0
 469.671350289101 6.76614225208901 0 0
 471.822556228792 4.39898043556094 0 0
 473.973725232375 4.81283155830004 0 0
 476.124863257088 4.76255302452757 0 0
 478.275976260169 3.03205813555281 0 0
 480.427070198856 4.11037324242936 0 0
 482.578151030387 4.23299946876989 0 0
 484.729224712 2.77177984829956 0 0
 486.880297200933 4.11996545834997 0 0
 489.031374454424 4.46313680709011 0 0
 491.182462429711 3.34015115770168 0 0
 493.333567084032 4.83866690947097 0 0
 495.484694374625 4.82512468939434 0 0
 497.635850258728 3.65536732105303 0 0
 499.787040693579 5.20242913425394 0 0
 501.938271636416 5.28009286672619 0 0
 504.089549044477 -NAN 0 0
 506.240878875 -NAN 0 0
 508.392267085223 -NAN 0 0
 510.543719632384 -NAN 0 0
 512.695242473721 -NAN 0 0
 514.846841566472 -NAN 0 0
 516.998522867875 -NAN 0 0
 519.150292335168 -NAN 0 0
 521.302155925589 -NAN 0 0
 523.454119596376 -NAN 0 0
 525.606189304767 -NAN 0 0
 527.758371008 -NAN 0 0
 529.910670663313 -NAN 0 0
 532.063094227944 -NAN 0 0
 534.215647659131 -NAN 0 0
 536.368336914112 -NAN 0 0
 538.521167950125 -NAN 0 0
 540.674146724408 -NAN 0 0
 542.827279194199 -NAN 0 0
 544.980571316736 -NAN 0 0
 547.134029049257 -NAN 0 0
 549.287658349 -NAN 0 0
 551.441465173203 -NAN 0 0
 553.595455479104 -NAN 0 0
 555.749635223941 -NAN 0 0
 557.904010364952 -NAN 0 0
 560.058586859375 -NAN 0 0
 562.213370664448 -NAN 0 0
 564.368367737409 -NAN 0 0
 566.523584035496 -NAN 0 0
 568.679025515947 -NAN 0 0
 570.834698136 -NAN 0 0
 572.990607852893 -NAN 0 0
 575.146760623864 -NAN 0 0
 577.303162406151 -NAN 0 0
 579.459819156992 -NAN 0 0
 581.616736833625 -NAN 0 0
 583.773921393288 -NAN 0 0
 585.931378793219 -NAN 0 0
 588.089114990656 -NAN 0 0
 590.247135942837 -NAN 0 0
 592.405447607 -NAN 0 0
 594.564055940383 -NAN 0 0
 596.722966900224 -NAN 0 0
 598.882186443761 -NAN 0 0
 601.041720528232 -NAN 0 0
 603.201575110875 -NAN 0 0
 605.361756148928 -NAN 0 0
 607.522269599629 -NAN 0 0
 609.683121420216 -NAN 0 0
 611.844317567927 -NAN 0 0
 614.005864 -NAN 0 0
 616.167766673673 -NAN 0 0
 618.330031546184 -NAN 0 0
 620.492664574771 -NAN 0 0
 622.655671716672 -NAN 0 0
 624.819058929125 -NAN 0 0
 626.982832169368 -NAN 0 0
 629.146997394639 -NAN 0 0
 631.311560562176 -NAN 0 0
 633.476527629217 -NAN 0 0
 635.641904553 -NAN 0 0
 637.807697290763 -NAN 0 0
 639.973911799744 -NAN 0 0
 642.140554037181 -NAN 0 0
 644.307629960312 -NAN 0 0
 646.475145526375 -NAN 0 0
 648.643106692608 -NAN 0 0
 650.811519416249 -NAN 0 0
 652.980389654536 -NAN 0 0
 655.149723364707 -NAN 0 0
 657.319526504 -NAN 0 0
 659.489805029653 -NAN 0 0
 661.660564898904 -NAN 0 0
 663.831812068991 -NAN 0 0
 666.003552497152 -NAN 0 0
 668.175792140625 -NAN 0 0
 670.348536956648 -NAN 0 0
 672.521792902459 -NAN 0 0
 674.695565935296 -NAN 0 0
 676.869862012397 -NAN 0 0
 679.044687091 -NAN 0 0
 681.220047128343 -NAN 0 0
 683.395948081664 -NAN 0 0
 685.572395908201 -NAN 0 0
 687.749396565192 -NAN 0 0
 689.926956009875 -NAN 0 0
 692.105080199488 -NAN 0 0
 694.283775091269 -NAN 0 0
 696.463046642456 -NAN 0 0
 698.642900810287 -NAN 0 0
 700.823343552 -NAN 0 0
 703.004380824833 -NAN 0 0
 705.186018586024 -NAN 0 0
 707.368262792811 -NAN 0 0
 709.551119402432 -NAN 0 0
 711.734594372125 -NAN 0 0
 713.918693659128 -NAN 0 0
 716.103423220679 -NAN 0 0
 718.288789014016 -NAN 0 0
 720.474796996377 -NAN 0 0
 722.661453125 -NAN 0 0
 724.848763357123 -NAN 0 0
 727.036733649984 -NAN 0 0
 729.225369960821 -NAN 0 0
 731.414678246872 -NAN 0 0
 733.604664465375 -NAN 0 0
 735.795334573568 -NAN 0 0
[END] of [DATA]
[END] of Spectrum


