[Spectrum]
Version            = 1
IDData             = 12ad_2026-06-09_10-26-30_000_667
IDDevice           = SAM_82E6
IDDataType         = SPECTRUM
IDDataTypeSub1     = CALIBRATED
IDDataTypeSub2     = 
IDDataTypeSub3     = 
DateTime           = 2026-06-09 10:26:30
PositionLatitude   = 0
PositionLongitude  = 0
Comment            = 20260609_FrameF
CommentSub1        = UV
CommentSub2        = centre
CommentSub3        = 33.5cm
IDMethodType       = SAM Control
MethodName         = SAM_82E6
Mission            = No Mission
MissionSub         = 1
RecordType         = 0
[Attributes]
CalFactor = 1
IDBasisSpec = 
IDDataBack = DLAB_2024-11-11_10-40-48_641_639
IDDataCal = DLAB_2024-11-12_11-45-27_171_455
IntegrationTime = 128
P31 = -1
P31e = 0
PathLength = +INF
PathLengthCustomOn = 0
RAWDynamic = 65535
Salinity = 0
Temperature = -NAN
Unit1 = $01 $01 Wavelength nm
Unit2 = $03 $06 Intensity mW/(m^2 nm)
Unit3 = $f0 $06 Error mW/(m^2 nm)
Unit4 = $f1 $00 Status 
p999 = 7601
[END] of [Attributes]
[DATA]
 0 6 0 0
 185.260577530984 -NAN 0 0
 187.468128380571 -NAN 0 0
 189.674861895872 -NAN 0 0
 191.880784034125 -NAN 0 0
 194.085900752568 -NAN 0 0
 196.290218008439 -NAN 0 0
 198.493741758976 -NAN 0 0
 200.696477961417 -NAN 0 0
 202.898432573 -NAN 0 0
 205.099611550963 -NAN 0 0
 207.300020852544 -NAN 0 0
 209.499666434981 -NAN 0 0
 211.698554255512 -NAN 0 0
 213.896690271375 -NAN 0 0
 216.094080439808 -NAN 0 0
 218.290730718049 -NAN 0 0
 220.486647063336 -NAN 0 0
 222.681835432907 -NAN 0 0
 224.876301784 -NAN 0 0
 227.070052073853 -NAN 0 0
 229.263092259704 -NAN 0 0
 231.455428298791 -NAN 0 0
 233.647066148352 -NAN 0 0
 235.838011765625 -NAN 0 0
 238.028271107848 -NAN 0 0
 240.217850132259 -NAN 0 0
 242.406754796096 -NAN 0 0
 244.594991056597 -NAN 0 0
 246.782564871 -NAN 0 0
 248.969482196543 -NAN 0 0
 251.155748990464 -NAN 0 0
 253.341371210001 -NAN 0 0
 255.526354812392 -NAN 0 0
 257.710705754875 -NAN 0 0
 259.894429994688 -NAN 0 0
 262.077533489069 -NAN 0 0
 264.260022195256 -NAN 0 0
 266.441902070487 -NAN 0 0
 268.623179072 -NAN 0 0
 270.803859157033 -NAN 0 0
 272.983948282824 -NAN 0 0
 275.163452406611 -NAN 0 0
 277.342377485632 -NAN 0 0
 279.520729477125 0.543374779412919 0 0
 281.698514338328 11.895498166587 0 0
 283.875738026479 18.8710679430784 0 0
 286.052406498816 14.6635677936827 0 0
 288.228525712577 31.9989357015451 0 0
 290.404101625 46.3064367099402 0 0
 292.579140193323 48.2245264699681 0 0
 294.753647374784 73.0063178192527 0 0
 296.927629126621 88.6527143222867 0 0
 299.101091406072 92.5761325817734 0 0
 301.274040170375 114.676886098253 0 0
 303.446481376768 124.520676208792 0 0
 305.618420982489 123.73654251518 0 0
 307.789864944776 134.639799660232 0 0
 309.960819220867 143.808934854554 0 0
 312.131289768 141.110699353271 0 0
 314.301282543413 141.203803106252 0 0
 316.470803504344 131.359846583611 0 0
 318.639858608031 110.761870586822 0 0
 320.808453811712 107.247489898854 0 0
 322.976595072625 104.865930592168 0 0
 325.144288348008 84.7327669038212 0 0
 327.311539595099 82.7099824603877 0 0
 329.478354771136 80.1100591823039 0 0
 331.644739833357 60.6095733206505 0 0
 333.810700739 60.7606120655223 0 0
 335.976243445303 59.1917015840484 0 0
 338.141373909504 40.5394904766337 0 0
 340.306098088841 40.5949197800066 0 0
 342.470421940552 40.7331305449644 0 0
 344.634351421875 25.6686632273 0 0
 346.797892490048 26.654359130244 0 0
 348.961051102309 27.803343889915 0 0
 351.123833215896 15.7253953255074 0 0
 353.286244788047 17.07530923167 0 0
 355.448291776 19.5384385539535 0 0
 357.609980136993 9.125403173104 0 0
 359.771315828264 12.1911339687141 0 0
 361.932304807051 22.6629644988461 0 0
 364.092953030592 20.6385384109224 0 0
 366.253266456125 23.0121749587876 0 0
 368.413251040888 19.4210610875525 0 0
 370.572912742119 3.08208885977195 0 0
 372.732257517056 4.02280128418863 0 0
 374.891291322937 10.1425549350148 0 0
 377.050020117 -1.06992217880883 0 0
 379.208449856483 1.74319968051303 0 0
 381.366586498624 9.28274345148479 0 0
 383.524436000661 -2.03403713443418 0 0
 385.682004319832 0.420182708337555 0 0
 387.839297413375 8.71508181941656 0 0
 389.996321238528 -2.41014392745013 0 0
 392.153081752529 -0.0471206753679472 0 0
 394.309584912616 8.09845708227815 0 0
 396.465836676027 -2.06325266182892 0 0
 398.621843 0.748980230323324 0 0
 400.777609841773 14.1942989767236 0 0
 402.933143158584 14.288915365049 0 0
 405.088448907671 18.9339249164065 0 0
 407.243533046272 20.9518888543024 0 0
 409.398401531625 4.77774990515372 0 0
 411.553060320968 3.29462680621384 0 0
 413.707515371539 11.092746728536 0 0
 415.861772640576 5.30856512806 0 0
 418.015838085317 8.92823262262723 0 0
 420.169717663 19.7840255414976 0 0
 422.323417330863 18.9679673544973 0 0
 424.476943046144 27.5566299347888 0 0
 426.630300766081 45.0498888367541 0 0
 428.783496447912 55.1677433207446 0 0
 430.936536048875 81.6345976490026 0 0
 433.089425526208 139.157687029185 0 0
 435.242170837149 188.926972893367 0 0
 437.394777938936 226.734916792991 0 0
 439.547252788807 262.626918829869 0 0
 441.699601344 318.670943559112 0 0
 443.851829561753 399.788581129629 0 0
 446.003943399304 483.042805912565 0 0
 448.155948813891 521.184062547563 0 0
 450.307851762752 513.430584753118 0 0
 452.459658203125 466.761593692683 0 0
 454.611374092248 385.159624155059 0 0
 456.763005387359 313.383501918703 0 0
 458.914558045696 268.897323089672 0 0
 461.066038024497 227.018806012429 0 0
 463.217451281 198.360628674934 0 0
 465.368803772443 180.713443240238 0 0
 467.520101456064 147.602279798032 0 0
 469.671350289101 121.017202606134 0 0
 471.822556228792 109.722312074676 0 0
 473.973725232375 88.8902382834589 0 0
 476.124863257088 78.1432635570839 0 0
 478.275976260169 82.4364918368517 0 0
 480.427070198856 73.1982647832178 0 0
 482.578151030387 69.4873185975179 0 0
 484.729224712 78.0879777634866 0 0
 486.880297200933 72.5506485233301 0 0
 489.031374454424 71.9862588273548 0 0
 491.182462429711 84.4862410382782 0 0
 493.333567084032 82.5403924303811 0 0
 495.484694374625 84.1798024434822 0 0
 497.635850258728 97.8672179006877 0 0
 499.787040693579 97.0447758217111 0 0
 501.938271636416 98.3361756684662 0 0
 504.089549044477 -NAN 0 0
 506.240878875 -NAN 0 0
 508.392267085223 -NAN 0 0
 510.543719632384 -NAN 0 0
 512.695242473721 -NAN 0 0
 514.846841566472 -NAN 0 0
 516.998522867875 -NAN 0 0
 519.150292335168 -NAN 0 0
 521.302155925589 -NAN 0 0
 523.454119596376 -NAN 0 0
 525.606189304767 -NAN 0 0
 527.758371008 -NAN 0 0
 529.910670663313 -NAN 0 0
 532.063094227944 -NAN 0 0
 534.215647659131 -NAN 0 0
 536.368336914112 -NAN 0 0
 538.521167950125 -NAN 0 0
 540.674146724408 -NAN 0 0
 542.827279194199 -NAN 0 0
 544.980571316736 -NAN 0 0
 547.134029049257 -NAN 0 0
 549.287658349 -NAN 0 0
 551.441465173203 -NAN 0 0
 553.595455479104 -NAN 0 0
 555.749635223941 -NAN 0 0
 557.904010364952 -NAN 0 0
 560.058586859375 -NAN 0 0
 562.213370664448 -NAN 0 0
 564.368367737409 -NAN 0 0
 566.523584035496 -NAN 0 0
 568.679025515947 -NAN 0 0
 570.834698136 -NAN 0 0
 572.990607852893 -NAN 0 0
 575.146760623864 -NAN 0 0
 577.303162406151 -NAN 0 0
 579.459819156992 -NAN 0 0
 581.616736833625 -NAN 0 0
 583.773921393288 -NAN 0 0
 585.931378793219 -NAN 0 0
 588.089114990656 -NAN 0 0
 590.247135942837 -NAN 0 0
 592.405447607 -NAN 0 0
 594.564055940383 -NAN 0 0
 596.722966900224 -NAN 0 0
 598.882186443761 -NAN 0 0
 601.041720528232 -NAN 0 0
 603.201575110875 -NAN 0 0
 605.361756148928 -NAN 0 0
 607.522269599629 -NAN 0 0
 609.683121420216 -NAN 0 0
 611.844317567927 -NAN 0 0
 614.005864 -NAN 0 0
 616.167766673673 -NAN 0 0
 618.330031546184 -NAN 0 0
 620.492664574771 -NAN 0 0
 622.655671716672 -NAN 0 0
 624.819058929125 -NAN 0 0
 626.982832169368 -NAN 0 0
 629.146997394639 -NAN 0 0
 631.311560562176 -NAN 0 0
 633.476527629217 -NAN 0 0
 635.641904553 -NAN 0 0
 637.807697290763 -NAN 0 0
 639.973911799744 -NAN 0 0
 642.140554037181 -NAN 0 0
 644.307629960312 -NAN 0 0
 646.475145526375 -NAN 0 0
 648.643106692608 -NAN 0 0
 650.811519416249 -NAN 0 0
 652.980389654536 -NAN 0 0
 655.149723364707 -NAN 0 0
 657.319526504 -NAN 0 0
 659.489805029653 -NAN 0 0
 661.660564898904 -NAN 0 0
 663.831812068991 -NAN 0 0
 666.003552497152 -NAN 0 0
 668.175792140625 -NAN 0 0
 670.348536956648 -NAN 0 0
 672.521792902459 -NAN 0 0
 674.695565935296 -NAN 0 0
 676.869862012397 -NAN 0 0
 679.044687091 -NAN 0 0
 681.220047128343 -NAN 0 0
 683.395948081664 -NAN 0 0
 685.572395908201 -NAN 0 0
 687.749396565192 -NAN 0 0
 689.926956009875 -NAN 0 0
 692.105080199488 -NAN 0 0
 694.283775091269 -NAN 0 0
 696.463046642456 -NAN 0 0
 698.642900810287 -NAN 0 0
 700.823343552 -NAN 0 0
 703.004380824833 -NAN 0 0
 705.186018586024 -NAN 0 0
 707.368262792811 -NAN 0 0
 709.551119402432 -NAN 0 0
 711.734594372125 -NAN 0 0
 713.918693659128 -NAN 0 0
 716.103423220679 -NAN 0 0
 718.288789014016 -NAN 0 0
 720.474796996377 -NAN 0 0
 722.661453125 -NAN 0 0
 724.848763357123 -NAN 0 0
 727.036733649984 -NAN 0 0
 729.225369960821 -NAN 0 0
 731.414678246872 -NAN 0 0
 733.604664465375 -NAN 0 0
 735.795334573568 -NAN 0 0
[END] of [DATA]
[END] of Spectrum


[Spectrum]
Version            = 1
IDData             = 12ad_2026-06-09_10-26-25_000_664
IDDevice           = SAM_82E6
IDDataType         = SPECTRUM
IDDataTypeSub1     = CALIBRATED
IDDataTypeSub2     = 
IDDataTypeSub3     = 
DateTime           = 2026-06-09 10:26:25
PositionLatitude   = 0
PositionLongitude  = 0
Comment            = 20260609_FrameF
CommentSub1        = UV
CommentSub2        = centre
CommentSub3        = 33.5cm
IDMethodType       = SAM Control
MethodName         = SAM_82E6
Mission            = No Mission
MissionSub         = 1
RecordType         = 0
[Attributes]
CalFactor = 1
IDBasisSpec = 
IDDataBack = DLAB_2024-11-11_10-40-48_641_639
IDDataCal = DLAB_2024-11-12_11-45-27_171_455
IntegrationTime = 128
P31 = -1
P31e = 0
PathLength = +INF
PathLengthCustomOn = 0
RAWDynamic = 65535
Salinity = 0
Temperature = -NAN
Unit1 = $01 $01 Wavelength nm
Unit2 = $03 $06 Intensity mW/(m^2 nm)
Unit3 = $f0 $06 Error mW/(m^2 nm)
Unit4 = $f1 $00 Status 
p999 = 7600
[END] of [Attributes]
[DATA]
 0 6 0 0
 185.260577530984 -NAN 0 0
 187.468128380571 -NAN 0 0
 189.674861895872 -NAN 0 0
 191.880784034125 -NAN 0 0
 194.085900752568 -NAN 0 0
 196.290218008439 -NAN 0 0
 198.493741758976 -NAN 0 0
 200.696477961417 -NAN 0 0
 202.898432573 -NAN 0 0
 205.099611550963 -NAN 0 0
 207.300020852544 -NAN 0 0
 209.499666434981 -NAN 0 0
 211.698554255512 -NAN 0 0
 213.896690271375 -NAN 0 0
 216.094080439808 -NAN 0 0
 218.290730718049 -NAN 0 0
 220.486647063336 -NAN 0 0
 222.681835432907 -NAN 0 0
 224.876301784 -NAN 0 0
 227.070052073853 -NAN 0 0
 229.263092259704 -NAN 0 0
 231.455428298791 -NAN 0 0
 233.647066148352 -NAN 0 0
 235.838011765625 -NAN 0 0
 238.028271107848 -NAN 0 0
 240.217850132259 -NAN 0 0
 242.406754796096 -NAN 0 0
 244.594991056597 -NAN 0 0
 246.782564871 -NAN 0 0
 248.969482196543 -NAN 0 0
 251.155748990464 -NAN 0 0
 253.341371210001 -NAN 0 0
 255.526354812392 -NAN 0 0
 257.710705754875 -NAN 0 0
 259.894429994688 -NAN 0 0
 262.077533489069 -NAN 0 0
 264.260022195256 -NAN 0 0
 266.441902070487 -NAN 0 0
 268.623179072 -NAN 0 0
 270.803859157033 -NAN 0 0
 272.983948282824 -NAN 0 0
 275.163452406611 -NAN 0 0
 277.342377485632 -NAN 0 0
 279.520729477125 11.9019365467205 0 0
 281.698514338328 7.1586399781332 0 0
 283.875738026479 9.66248871135694 0 0
 286.052406498816 27.8276998318187 0 0
 288.228525712577 27.0919363610898 0 0
 290.404101625 35.8557390379871 0 0
 292.579140193323 60.3961107799378 0 0
 294.753647374784 68.1951826798715 0 0
 296.927629126621 78.9792735032443 0 0
 299.101091406072 102.072980524698 0 0
 301.274040170375 110.41027379949 0 0
 303.446481376768 115.000073695983 0 0
 305.618420982489 131.687169672453 0 0
 307.789864944776 130.651726094655 0 0
 309.960819220867 133.979950427315 0 0
 312.131289768 149.1663742073 0 0
 314.301282543413 137.263064779572 0 0
 316.470803504344 120.64379713109 0 0
 318.639858608031 120.388291749489 0 0
 320.808453811712 104.126052507264 0 0
 322.976595072625 92.7344530891142 0 0
 325.144288348008 95.9257461381489 0 0
 327.311539595099 80.5124591728055 0 0
 329.478354771136 67.3047028937409 0 0
 331.644739833357 72.1941971170179 0 0
 333.810700739 59.3144410430651 0 0
 335.976243445303 46.703288776618 0 0
 338.141373909504 51.5036840917644 0 0
 340.306098088841 40.0995104241827 0 0
 342.470421940552 29.4600843460819 0 0
 344.634351421875 35.5542472066551 0 0
 346.797892490048 26.8222681177298 0 0
 348.961051102309 17.9716061980059 0 0
 351.123833215896 24.1019696729608 0 0
 353.286244788047 17.5801736920574 0 0
 355.448291776 10.1037395332069 0 0
 357.609980136993 17.0034550841556 0 0
 359.771315828264 13.2506014774133 0 0
 361.932304807051 12.6169163145492 0 0
 364.092953030592 28.6398877109708 0 0
 366.253266456125 24.5198318042123 0 0
 368.413251040888 8.56976044504206 0 0
 370.572912742119 11.5311544070444 0 0
 372.732257517056 6.29395096826432 0 0
 374.891291322937 -2.18217762050921 0 0
 377.050020117 8.08538798646799 0 0
 379.208449856483 4.73381028499241 0 0
 381.366586498624 -4.0033669589141 0 0
 383.524436000661 6.75912512931253 0 0
 385.682004319832 4.0230107571453 0 0
 387.839297413375 -4.96194874641423 0 0
 389.996321238528 6.07815033288809 0 0
 392.153081752529 3.56764326876174 0 0
 394.309584912616 -5.01563772438624 0 0
 396.465836676027 5.32464374052568 0 0
 398.621843 4.77862140813348 0 0
 400.777609841773 1.31282179131555 0 0
 402.933143158584 20.7611006323349 0 0
 405.088448907671 22.6647259849368 0 0
 407.243533046272 8.77841130576676 0 0
 409.398401531625 10.361385637869 0 0
 411.553060320968 7.18035024568164 0 0
 413.707515371539 0.319730881159228 0 0
 415.861772640576 9.8961992275443 0 0
 418.015838085317 12.4266715019796 0 0
 420.169717663 10.0730970775552 0 0
 422.323417330863 22.918653024178 0 0
 424.476943046144 31.0352955495783 0 0
 426.630300766081 36.0338758175445 0 0
 428.783496447912 58.4713368650544 0 0
 430.936536048875 84.7897658760343 0 0
 433.089425526208 130.205845076572 0 0
 435.242170837149 190.951384730226 0 0
 437.394777938936 229.306274985532 0 0
 439.547252788807 253.844068549087 0 0
 441.699601344 321.211589998697 0 0
 443.851829561753 403.475740674041 0 0
 446.003943399304 474.075661610102 0 0
 448.155948813891 523.564495852325 0 0
 450.307851762752 517.549166371741 0 0
 452.459658203125 456.769489933285 0 0
 454.611374092248 387.226048364182 0 0
 456.763005387359 318.281363384611 0 0
 458.914558045696 258.077668598004 0 0
 461.066038024497 228.976089035378 0 0
 463.217451281 203.42194329207 0 0
 465.368803772443 169.384296653688 0 0
 467.520101456064 149.351257329417 0 0
 469.671350289101 126.603979905958 0 0
 471.822556228792 97.7542162415819 0 0
 473.973725232375 90.3117495278621 0 0
 476.124863257088 84.2557189631086 0 0
 478.275976260169 70.6495060227044 0 0
 480.427070198856 74.1550663381664 0 0
 482.578151030387 75.5089337645615 0 0
 484.729224712 66.3945357499625 0 0
 486.880297200933 73.008157643047 0 0
 489.031374454424 78.4659835796793 0 0
 491.182462429711 72.7603145389339 0 0
 493.333567084032 82.6350256102899 0 0
 495.484694374625 90.7687688283484 0 0
 497.635850258728 86.6249137005657 0 0
 499.787040693579 96.5501132635737 0 0
 501.938271636416 104.742956125364 0 0
 504.089549044477 -NAN 0 0
 506.240878875 -NAN 0 0
 508.392267085223 -NAN 0 0
 510.543719632384 -NAN 0 0
 512.695242473721 -NAN 0 0
 514.846841566472 -NAN 0 0
 516.998522867875 -NAN 0 0
 519.150292335168 -NAN 0 0
 521.302155925589 -NAN 0 0
 523.454119596376 -NAN 0 0
 525.606189304767 -NAN 0 0
 527.758371008 -NAN 0 0
 529.910670663313 -NAN 0 0
 532.063094227944 -NAN 0 0
 534.215647659131 -NAN 0 0
 536.368336914112 -NAN 0 0
 538.521167950125 -NAN 0 0
 540.674146724408 -NAN 0 0
 542.827279194199 -NAN 0 0
 544.980571316736 -NAN 0 0
 547.134029049257 -NAN 0 0
 549.287658349 -NAN 0 0
 551.441465173203 -NAN 0 0
 553.595455479104 -NAN 0 0
 555.749635223941 -NAN 0 0
 557.904010364952 -NAN 0 0
 560.058586859375 -NAN 0 0
 562.213370664448 -NAN 0 0
 564.368367737409 -NAN 0 0
 566.523584035496 -NAN 0 0
 568.679025515947 -NAN 0 0
 570.834698136 -NAN 0 0
 572.990607852893 -NAN 0 0
 575.146760623864 -NAN 0 0
 577.303162406151 -NAN 0 0
 579.459819156992 -NAN 0 0
 581.616736833625 -NAN 0 0
 583.773921393288 -NAN 0 0
 585.931378793219 -NAN 0 0
 588.089114990656 -NAN 0 0
 590.247135942837 -NAN 0 0
 592.405447607 -NAN 0 0
 594.564055940383 -NAN 0 0
 596.722966900224 -NAN 0 0
 598.882186443761 -NAN 0 0
 601.041720528232 -NAN 0 0
 603.201575110875 -NAN 0 0
 605.361756148928 -NAN 0 0
 607.522269599629 -NAN 0 0
 609.683121420216 -NAN 0 0
 611.844317567927 -NAN 0 0
 614.005864 -NAN 0 0
 616.167766673673 -NAN 0 0
 618.330031546184 -NAN 0 0
 620.492664574771 -NAN 0 0
 622.655671716672 -NAN 0 0
 624.819058929125 -NAN 0 0
 626.982832169368 -NAN 0 0
 629.146997394639 -NAN 0 0
 631.311560562176 -NAN 0 0
 633.476527629217 -NAN 0 0
 635.641904553 -NAN 0 0
 637.807697290763 -NAN 0 0
 639.973911799744 -NAN 0 0
 642.140554037181 -NAN 0 0
 644.307629960312 -NAN 0 0
 646.475145526375 -NAN 0 0
 648.643106692608 -NAN 0 0
 650.811519416249 -NAN 0 0
 652.980389654536 -NAN 0 0
 655.149723364707 -NAN 0 0
 657.319526504 -NAN 0 0
 659.489805029653 -NAN 0 0
 661.660564898904 -NAN 0 0
 663.831812068991 -NAN 0 0
 666.003552497152 -NAN 0 0
 668.175792140625 -NAN 0 0
 670.348536956648 -NAN 0 0
 672.521792902459 -NAN 0 0
 674.695565935296 -NAN 0 0
 676.869862012397 -NAN 0 0
 679.044687091 -NAN 0 0
 681.220047128343 -NAN 0 0
 683.395948081664 -NAN 0 0
 685.572395908201 -NAN 0 0
 687.749396565192 -NAN 0 0
 689.926956009875 -NAN 0 0
 692.105080199488 -NAN 0 0
 694.283775091269 -NAN 0 0
 696.463046642456 -NAN 0 0
 698.642900810287 -NAN 0 0
 700.823343552 -NAN 0 0
 703.004380824833 -NAN 0 0
 705.186018586024 -NAN 0 0
 707.368262792811 -NAN 0 0
 709.551119402432 -NAN 0 0
 711.734594372125 -NAN 0 0
 713.918693659128 -NAN 0 0
 716.103423220679 -NAN 0 0
 718.288789014016 -NAN 0 0
 720.474796996377 -NAN 0 0
 722.661453125 -NAN 0 0
 724.848763357123 -NAN 0 0
 727.036733649984 -NAN 0 0
 729.225369960821 -NAN 0 0
 731.414678246872 -NAN 0 0
 733.604664465375 -NAN 0 0
 735.795334573568 -NAN 0 0
[END] of [DATA]
[END] of Spectrum


[Spectrum]
Version            = 1
IDData             = 12ad_2026-06-09_10-26-20_000_661
IDDevice           = SAM_82E6
IDDataType         = SPECTRUM
IDDataTypeSub1     = CALIBRATED
IDDataTypeSub2     = 
IDDataTypeSub3     = 
DateTime           = 2026-06-09 10:26:20
PositionLatitude   = 0
PositionLongitude  = 0
Comment            = 20260609_FrameF
CommentSub1        = UV
CommentSub2        = centre
CommentSub3        = 33.5cm
IDMethodType       = SAM Control
MethodName         = SAM_82E6
Mission            = No Mission
MissionSub         = 1
RecordType         = 0
[Attributes]
CalFactor = 1
IDBasisSpec = 
IDDataBack = DLAB_2024-11-11_10-40-48_641_639
IDDataCal = DLAB_2024-11-12_11-45-27_171_455
IntegrationTime = 128
P31 = -1
P31e = 0
PathLength = +INF
PathLengthCustomOn = 0
RAWDynamic = 65535
Salinity = 0
Temperature = -NAN
Unit1 = $01 $01 Wavelength nm
Unit2 = $03 $06 Intensity mW/(m^2 nm)
Unit3 = $f0 $06 Error mW/(m^2 nm)
Unit4 = $f1 $00 Status 
p999 = 7599
[END] of [Attributes]
[DATA]
 0 6 0 0
 185.260577530984 -NAN 0 0
 187.468128380571 -NAN 0 0
 189.674861895872 -NAN 0 0
 191.880784034125 -NAN 0 0
 194.085900752568 -NAN 0 0
 196.290218008439 -NAN 0 0
 198.493741758976 -NAN 0 0
 200.696477961417 -NAN 0 0
 202.898432573 -NAN 0 0
 205.099611550963 -NAN 0 0
 207.300020852544 -NAN 0 0
 209.499666434981 -NAN 0 0
 211.698554255512 -NAN 0 0
 213.896690271375 -NAN 0 0
 216.094080439808 -NAN 0 0
 218.290730718049 -NAN 0 0
 220.486647063336 -NAN 0 0
 222.681835432907 -NAN 0 0
 224.876301784 -NAN 0 0
 227.070052073853 -NAN 0 0
 229.263092259704 -NAN 0 0
 231.455428298791 -NAN 0 0
 233.647066148352 -NAN 0 0
 235.838011765625 -NAN 0 0
 238.028271107848 -NAN 0 0
 240.217850132259 -NAN 0 0
 242.406754796096 -NAN 0 0
 244.594991056597 -NAN 0 0
 246.782564871 -NAN 0 0
 248.969482196543 -NAN 0 0
 251.155748990464 -NAN 0 0
 253.341371210001 -NAN 0 0
 255.526354812392 -NAN 0 0
 257.710705754875 -NAN 0 0
 259.894429994688 -NAN 0 0
 262.077533489069 -NAN 0 0
 264.260022195256 -NAN 0 0
 266.441902070487 -NAN 0 0
 268.623179072 -NAN 0 0
 270.803859157033 -NAN 0 0
 272.983948282824 -NAN 0 0
 275.163452406611 -NAN 0 0
 277.342377485632 -NAN 0 0
 279.520729477125 1.57574488193435 0 0
 281.698514338328 15.168022606471 0 0
 283.875738026479 15.1359518461756 0 0
 286.052406498816 15.4490310596617 0 0
 288.228525712577 35.2239446111406 0 0
 290.404101625 41.7274403318993 0 0
 292.579140193323 48.0990752825232 0 0
 294.753647374784 75.0279526985888 0 0
 296.927629126621 83.6261816798679 0 0
 299.101091406072 90.7754377340185 0 0
 301.274040170375 114.886909711546 0 0
 303.446481376768 118.820547206343 0 0
 305.618420982489 120.679105343785 0 0
 307.789864944776 134.140622400751 0 0
 309.960819220867 137.818603828695 0 0
 312.131289768 137.769827912901 0 0
 314.301282543413 140.681704697081 0 0
 316.470803504344 125.555268890198 0 0
 318.639858608031 107.683422659218 0 0
 320.808453811712 108.303054867524 0 0
 322.976595072625 99.6024415120787 0 0
 325.144288348008 82.3954222139752 0 0
 327.311539595099 85.0071932620164 0 0
 329.478354771136 75.2922465421998 0 0
 331.644739833357 58.7190219356075 0 0
 333.810700739 63.7728516056455 0 0
 335.976243445303 54.7972804553251 0 0
 338.141373909504 38.8471818681756 0 0
 340.306098088841 43.6746015015533 0 0
 342.470421940552 37.3167781773393 0 0
 344.634351421875 24.4023125000121 0 0
 346.797892490048 29.7431597129865 0 0
 348.961051102309 25.098199264415 0 0
 351.123833215896 14.4973982575993 0 0
 353.286244788047 19.8831407338244 0 0
 355.448291776 17.1967055966892 0 0
 357.609980136993 7.95070928341749 0 0
 359.771315828264 15.2899419814677 0 0
 361.932304807051 20.2329825738435 0 0
 364.092953030592 19.0545264075405 0 0
 366.253266456125 26.0823762342497 0 0
 368.413251040888 16.8473473947752 0 0
 370.572912742119 1.45557780228453 0 0
 372.732257517056 7.78109091073778 0 0
 374.891291322937 7.74805851509683 0 0
 377.050020117 -2.88112034771171 0 0
 379.208449856483 5.69942624993896 0 0
 381.366586498624 6.56220706811941 0 0
 383.524436000661 -4.48850476486744 0 0
 385.682004319832 4.82521960812341 0 0
 387.839297413375 6.06412106227687 0 0
 389.996321238528 -4.93710758363885 0 0
 392.153081752529 4.07551413384868 0 0
 394.309584912616 5.69436545867939 0 0
 396.465836676027 -4.6717721438887 0 0
 398.621843 4.76269921711151 0 0
 400.777609841773 11.5971954997665 0 0
 402.933143158584 11.1193568466464 0 0
 405.088448907671 21.8097251473678 0 0
 407.243533046272 18.2800677352767 0 0
 409.398401531625 2.11827554939091 0 0
 411.553060320968 6.41269100246007 0 0
 413.707515371539 9.18463847713981 0 0
 415.861772640576 2.97647526881158 0 0
 418.015838085317 11.4594155713016 0 0
 420.169717663 18.218357094559 0 0
 422.323417330863 16.8594090469018 0 0
 424.476943046144 29.8103507809104 0 0
 426.630300766081 43.5436233778244 0 0
 428.783496447912 52.9987853749652 0 0
 430.936536048875 83.3411407146027 0 0
 433.089425526208 136.885115774687 0 0
 435.242170837149 185.072358487851 0 0
 437.394777938936 226.980302856128 0 0
 439.547252788807 260.837025868144 0 0
 441.699601344 316.319345544342 0 0
 443.851829561753 401.582357044198 0 0
 446.003943399304 481.596050735057 0 0
 448.155948813891 518.815913085877 0 0
 450.307851762752 515.379403425735 0 0
 452.459658203125 465.261898134468 0 0
 454.611374092248 382.421826042742 0 0
 456.763005387359 315.33503173141 0 0
 458.914558045696 267.515050100929 0 0
 461.066038024497 224.012068791854 0 0
 463.217451281 200.249923008727 0 0
 465.368803772443 179.251515724877 0 0
 467.520101456064 144.538088299384 0 0
 469.671350289101 122.986268273326 0 0
 471.822556228792 108.326453240184 0 0
 473.973725232375 85.6805517788616 0 0
 476.124863257088 80.0176317879116 0 0
 478.275976260169 81.1374453188222 0 0
 480.427070198856 69.8711795158936 0 0
 482.578151030387 71.3166841691184 0 0
 484.729224712 77.0027887932933 0 0
 486.880297200933 69.1691080125621 0 0
 489.031374454424 73.5986372366278 0 0
 491.182462429711 83.462079251451 0 0
 493.333567084032 79.1747912202117 0 0
 495.484694374625 85.8145921882239 0 0
 497.635850258728 97.1178772381832 0 0
 499.787040693579 93.5625688465155 0 0
 501.938271636416 99.5189493493214 0 0
 504.089549044477 -NAN 0 0
 506.240878875 -NAN 0 0
 508.392267085223 -NAN 0 0
 510.543719632384 -NAN 0 0
 512.695242473721 -NAN 0 0
 514.846841566472 -NAN 0 0
 516.998522867875 -NAN 0 0
 519.150292335168 -NAN 0 0
 521.302155925589 -NAN 0 0
 523.454119596376 -NAN 0 0
 525.606189304767 -NAN 0 0
 527.758371008 -NAN 0 0
 529.910670663313 -NAN 0 0
 532.063094227944 -NAN 0 0
 534.215647659131 -NAN 0 0
 536.368336914112 -NAN 0 0
 538.521167950125 -NAN 0 0
 540.674146724408 -NAN 0 0
 542.827279194199 -NAN 0 0
 544.980571316736 -NAN 0 0
 547.134029049257 -NAN 0 0
 549.287658349 -NAN 0 0
 551.441465173203 -NAN 0 0
 553.595455479104 -NAN 0 0
 555.749635223941 -NAN 0 0
 557.904010364952 -NAN 0 0
 560.058586859375 -NAN 0 0
 562.213370664448 -NAN 0 0
 564.368367737409 -NAN 0 0
 566.523584035496 -NAN 0 0
 568.679025515947 -NAN 0 0
 570.834698136 -NAN 0 0
 572.990607852893 -NAN 0 0
 575.146760623864 -NAN 0 0
 577.303162406151 -NAN 0 0
 579.459819156992 -NAN 0 0
 581.616736833625 -NAN 0 0
 583.773921393288 -NAN 0 0
 585.931378793219 -NAN 0 0
 588.089114990656 -NAN 0 0
 590.247135942837 -NAN 0 0
 592.405447607 -NAN 0 0
 594.564055940383 -NAN 0 0
 596.722966900224 -NAN 0 0
 598.882186443761 -NAN 0 0
 601.041720528232 -NAN 0 0
 603.201575110875 -NAN 0 0
 605.361756148928 -NAN 0 0
 607.522269599629 -NAN 0 0
 609.683121420216 -NAN 0 0
 611.844317567927 -NAN 0 0
 614.005864 -NAN 0 0
 616.167766673673 -NAN 0 0
 618.330031546184 -NAN 0 0
 620.492664574771 -NAN 0 0
 622.655671716672 -NAN 0 0
 624.819058929125 -NAN 0 0
 626.982832169368 -NAN 0 0
 629.146997394639 -NAN 0 0
 631.311560562176 -NAN 0 0
 633.476527629217 -NAN 0 0
 635.641904553 -NAN 0 0
 637.807697290763 -NAN 0 0
 639.973911799744 -NAN 0 0
 642.140554037181 -NAN 0 0
 644.307629960312 -NAN 0 0
 646.475145526375 -NAN 0 0
 648.643106692608 -NAN 0 0
 650.811519416249 -NAN 0 0
 652.980389654536 -NAN 0 0
 655.149723364707 -NAN 0 0
 657.319526504 -NAN 0 0
 659.489805029653 -NAN 0 0
 661.660564898904 -NAN 0 0
 663.831812068991 -NAN 0 0
 666.003552497152 -NAN 0 0
 668.175792140625 -NAN 0 0
 670.348536956648 -NAN 0 0
 672.521792902459 -NAN 0 0
 674.695565935296 -NAN 0 0
 676.869862012397 -NAN 0 0
 679.044687091 -NAN 0 0
 681.220047128343 -NAN 0 0
 683.395948081664 -NAN 0 0
 685.572395908201 -NAN 0 0
 687.749396565192 -NAN 0 0
 689.926956009875 -NAN 0 0
 692.105080199488 -NAN 0 0
 694.283775091269 -NAN 0 0
 696.463046642456 -NAN 0 0
 698.642900810287 -NAN 0 0
 700.823343552 -NAN 0 0
 703.004380824833 -NAN 0 0
 705.186018586024 -NAN 0 0
 707.368262792811 -NAN 0 0
 709.551119402432 -NAN 0 0
 711.734594372125 -NAN 0 0
 713.918693659128 -NAN 0 0
 716.103423220679 -NAN 0 0
 718.288789014016 -NAN 0 0
 720.474796996377 -NAN 0 0
 722.661453125 -NAN 0 0
 724.848763357123 -NAN 0 0
 727.036733649984 -NAN 0 0
 729.225369960821 -NAN 0 0
 731.414678246872 -NAN 0 0
 733.604664465375 -NAN 0 0
 735.795334573568 -NAN 0 0
[END] of [DATA]
[END] of Spectrum


[Spectrum]
Version            = 1
IDData             = 12ad_2026-06-09_10-26-15_000_658
IDDevice           = SAM_82E6
IDDataType         = SPECTRUM
IDDataTypeSub1     = CALIBRATED
IDDataTypeSub2     = 
IDDataTypeSub3     = 
DateTime           = 2026-06-09 10:26:15
PositionLatitude   = 0
PositionLongitude  = 0
Comment            = 20260609_FrameF
CommentSub1        = UV
CommentSub2        = centre
CommentSub3        = 33.5cm
IDMethodType       = SAM Control
MethodName         = SAM_82E6
Mission            = No Mission
MissionSub         = 1
RecordType         = 0
[Attributes]
CalFactor = 1
IDBasisSpec = 
IDDataBack = DLAB_2024-11-11_10-40-48_641_639
IDDataCal = DLAB_2024-11-12_11-45-27_171_455
IntegrationTime = 128
P31 = -1
P31e = 0
PathLength = +INF
PathLengthCustomOn = 0
RAWDynamic = 65535
Salinity = 0
Temperature = -NAN
Unit1 = $01 $01 Wavelength nm
Unit2 = $03 $06 Intensity mW/(m^2 nm)
Unit3 = $f0 $06 Error mW/(m^2 nm)
Unit4 = $f1 $00 Status 
p999 = 7598
[END] of [Attributes]
[DATA]
 0 6 0 0
 185.260577530984 -NAN 0 0
 187.468128380571 -NAN 0 0
 189.674861895872 -NAN 0 0
 191.880784034125 -NAN 0 0
 194.085900752568 -NAN 0 0
 196.290218008439 -NAN 0 0
 198.493741758976 -NAN 0 0
 200.696477961417 -NAN 0 0
 202.898432573 -NAN 0 0
 205.099611550963 -NAN 0 0
 207.300020852544 -NAN 0 0
 209.499666434981 -NAN 0 0
 211.698554255512 -NAN 0 0
 213.896690271375 -NAN 0 0
 216.094080439808 -NAN 0 0
 218.290730718049 -NAN 0 0
 220.486647063336 -NAN 0 0
 222.681835432907 -NAN 0 0
 224.876301784 -NAN 0 0
 227.070052073853 -NAN 0 0
 229.263092259704 -NAN 0 0
 231.455428298791 -NAN 0 0
 233.647066148352 -NAN 0 0
 235.838011765625 -NAN 0 0
 238.028271107848 -NAN 0 0
 240.217850132259 -NAN 0 0
 242.406754796096 -NAN 0 0
 244.594991056597 -NAN 0 0
 246.782564871 -NAN 0 0
 248.969482196543 -NAN 0 0
 251.155748990464 -NAN 0 0
 253.341371210001 -NAN 0 0
 255.526354812392 -NAN 0 0
 257.710705754875 -NAN 0 0
 259.894429994688 -NAN 0 0
 262.077533489069 -NAN 0 0
 264.260022195256 -NAN 0 0
 266.441902070487 -NAN 0 0
 268.623179072 -NAN 0 0
 270.803859157033 -NAN 0 0
 272.983948282824 -NAN 0 0
 275.163452406611 -NAN 0 0
 277.342377485632 -NAN 0 0
 279.520729477125 5.08132007927794 0 0
 281.698514338328 13.6004010309932 0 0
 283.875738026479 7.87612883892516 0 0
 286.052406498816 18.9349780127404 0 0
 288.228525712577 33.5319252765194 0 0
 290.404101625 33.5451562356032 0 0
 292.579140193323 50.8745066092551 0 0
 294.753647374784 73.0419051631002 0 0
 296.927629126621 75.841975660502 0 0
 299.101091406072 92.2209988526993 0 0
 301.274040170375 112.764626900983 0 0
 303.446481376768 111.51490189165 0 0
 305.618420982489 121.59644403784 0 0
 307.789864944776 132.012438410114 0 0
 309.960819220867 129.947851373106 0 0
 312.131289768 138.24355875709 0 0
 314.301282543413 138.847964850172 0 0
 316.470803504344 117.206988658859 0 0
 318.639858608031 109.058625682456 0 0
 320.808453811712 107.449817610377 0 0
 322.976595072625 90.7024622473485 0 0
 325.144288348008 84.2245857235706 0 0
 327.311539595099 84.9119037265308 0 0
 329.478354771136 66.3601795759063 0 0
 331.644739833357 60.7280103690478 0 0
 333.810700739 63.9963642201706 0 0
 335.976243445303 46.6436886223747 0 0
 338.141373909504 41.081590993534 0 0
 340.306098088841 44.6613483554821 0 0
 342.470421940552 30.0427891385668 0 0
 344.634351421875 26.3804353341967 0 0
 346.797892490048 31.0344885448019 0 0
 348.961051102309 19.0067085664636 0 0
 351.123833215896 16.4194319545894 0 0
 353.286244788047 21.5002335950652 0 0
 355.448291776 11.6279635113619 0 0
 357.609980136993 9.86641335693541 0 0
 359.771315828264 17.0980281562121 0 0
 361.932304807051 14.7262679991086 0 0
 364.092953030592 20.8304714405553 0 0
 366.253266456125 28.5079403457503 0 0
 368.413251040888 10.9204108691095 0 0
 370.572912742119 3.6347258213893 0 0
 372.732257517056 11.1480279208465 0 0
 374.891291322937 1.44116199301073 0 0
 377.050020117 -0.512630434531013 0 0
 379.208449856483 9.71442944331815 0 0
 381.366586498624 0.136088140762355 0 0
 383.524436000661 -1.9203385759891 0 0
 385.682004319832 9.03397136352102 0 0
 387.839297413375 -0.403883136730439 0 0
 389.996321238528 -2.55060883329719 0 0
 392.153081752529 8.38131548457206 0 0
 394.309584912616 -0.211545387495462 0 0
 396.465836676027 -2.6566472120453 0 0
 398.621843 9.09486202433909 0 0
 400.777609841773 5.96471920597528 0 0
 402.933143158584 12.8391053110495 0 0
 405.088448907671 25.8427247877974 0 0
 407.243533046272 13.1562062473452 0 0
 409.398401531625 3.57004375652209 0 0
 411.553060320968 10.4109162275724 0 0
 413.707515371539 4.8773413070899 0 0
 415.861772640576 4.15936023461854 0 0
 418.015838085317 15.2350558454214 0 0
 420.169717663 14.4106135906751 0 0
 422.323417330863 17.7557523309383 0 0
 424.476943046144 33.491398574871 0 0
 426.630300766081 40.2246602319306 0 0
 428.783496447912 53.7330109368672 0 0
 430.936536048875 86.6693529028975 0 0
 433.089425526208 133.291263334816 0 0
 435.242170837149 184.833393174302 0 0
 437.394777938936 229.489315403963 0 0
 439.547252788807 257.392310945421 0 0
 441.699601344 316.621001074373 0 0
 443.851829561753 405.143960644987 0 0
 446.003943399304 478.737618418052 0 0
 448.155948813891 519.074751207847 0 0
 450.307851762752 519.443876242713 0 0
 452.459658203125 462.017034922345 0 0
 454.611374092248 382.719474812855 0 0
 456.763005387359 319.875584587287 0 0
 458.914558045696 264.036911930699 0 0
 461.066038024497 223.927501123502 0 0
 463.217451281 205.136745350944 0 0
 465.368803772443 175.686945891393 0 0
 467.520101456064 144.179296215481 0 0
 469.671350289101 127.982001123295 0 0
 471.822556228792 104.713835035016 0 0
 473.973725232375 85.1531281645555 0 0
 476.124863257088 85.2067421824122 0 0
 478.275976260169 77.5647895827533 0 0
 480.427070198856 69.0569514173285 0 0
 482.578151030387 76.4877950252654 0 0
 484.729224712 73.5102908202203 0 0
 486.880297200933 68.0896549550395 0 0
 489.031374454424 78.822922311503 0 0
 491.182462429711 80.0523017866926 0 0
 493.333567084032 77.7196669126724 0 0
 495.484694374625 90.9425413333751 0 0
 497.635850258728 93.9263223520551 0 0
 499.787040693579 92.0437917174652 0 0
 501.938271636416 104.524482005971 0 0
 504.089549044477 -NAN 0 0
 506.240878875 -NAN 0 0
 508.392267085223 -NAN 0 0
 510.543719632384 -NAN 0 0
 512.695242473721 -NAN 0 0
 514.846841566472 -NAN 0 0
 516.998522867875 -NAN 0 0
 519.150292335168 -NAN 0 0
 521.302155925589 -NAN 0 0
 523.454119596376 -NAN 0 0
 525.606189304767 -NAN 0 0
 527.758371008 -NAN 0 0
 529.910670663313 -NAN 0 0
 532.063094227944 -NAN 0 0
 534.215647659131 -NAN 0 0
 536.368336914112 -NAN 0 0
 538.521167950125 -NAN 0 0
 540.674146724408 -NAN 0 0
 542.827279194199 -NAN 0 0
 544.980571316736 -NAN 0 0
 547.134029049257 -NAN 0 0
 549.287658349 -NAN 0 0
 551.441465173203 -NAN 0 0
 553.595455479104 -NAN 0 0
 555.749635223941 -NAN 0 0
 557.904010364952 -NAN 0 0
 560.058586859375 -NAN 0 0
 562.213370664448 -NAN 0 0
 564.368367737409 -NAN 0 0
 566.523584035496 -NAN 0 0
 568.679025515947 -NAN 0 0
 570.834698136 -NAN 0 0
 572.990607852893 -NAN 0 0
 575.146760623864 -NAN 0 0
 577.303162406151 -NAN 0 0
 579.459819156992 -NAN 0 0
 581.616736833625 -NAN 0 0
 583.773921393288 -NAN 0 0
 585.931378793219 -NAN 0 0
 588.089114990656 -NAN 0 0
 590.247135942837 -NAN 0 0
 592.405447607 -NAN 0 0
 594.564055940383 -NAN 0 0
 596.722966900224 -NAN 0 0
 598.882186443761 -NAN 0 0
 601.041720528232 -NAN 0 0
 603.201575110875 -NAN 0 0
 605.361756148928 -NAN 0 0
 607.522269599629 -NAN 0 0
 609.683121420216 -NAN 0 0
 611.844317567927 -NAN 0 0
 614.005864 -NAN 0 0
 616.167766673673 -NAN 0 0
 618.330031546184 -NAN 0 0
 620.492664574771 -NAN 0 0
 622.655671716672 -NAN 0 0
 624.819058929125 -NAN 0 0
 626.982832169368 -NAN 0 0
 629.146997394639 -NAN 0 0
 631.311560562176 -NAN 0 0
 633.476527629217 -NAN 0 0
 635.641904553 -NAN 0 0
 637.807697290763 -NAN 0 0
 639.973911799744 -NAN 0 0
 642.140554037181 -NAN 0 0
 644.307629960312 -NAN 0 0
 646.475145526375 -NAN 0 0
 648.643106692608 -NAN 0 0
 650.811519416249 -NAN 0 0
 652.980389654536 -NAN 0 0
 655.149723364707 -NAN 0 0
 657.319526504 -NAN 0 0
 659.489805029653 -NAN 0 0
 661.660564898904 -NAN 0 0
 663.831812068991 -NAN 0 0
 666.003552497152 -NAN 0 0
 668.175792140625 -NAN 0 0
 670.348536956648 -NAN 0 0
 672.521792902459 -NAN 0 0
 674.695565935296 -NAN 0 0
 676.869862012397 -NAN 0 0
 679.044687091 -NAN 0 0
 681.220047128343 -NAN 0 0
 683.395948081664 -NAN 0 0
 685.572395908201 -NAN 0 0
 687.749396565192 -NAN 0 0
 689.926956009875 -NAN 0 0
 692.105080199488 -NAN 0 0
 694.283775091269 -NAN 0 0
 696.463046642456 -NAN 0 0
 698.642900810287 -NAN 0 0
 700.823343552 -NAN 0 0
 703.004380824833 -NAN 0 0
 705.186018586024 -NAN 0 0
 707.368262792811 -NAN 0 0
 709.551119402432 -NAN 0 0
 711.734594372125 -NAN 0 0
 713.918693659128 -NAN 0 0
 716.103423220679 -NAN 0 0
 718.288789014016 -NAN 0 0
 720.474796996377 -NAN 0 0
 722.661453125 -NAN 0 0
 724.848763357123 -NAN 0 0
 727.036733649984 -NAN 0 0
 729.225369960821 -NAN 0 0
 731.414678246872 -NAN 0 0
 733.604664465375 -NAN 0 0
 735.795334573568 -NAN 0 0
[END] of [DATA]
[END] of Spectrum


[Spectrum]
Version            = 1
IDData             = 12ad_2026-06-09_10-26-10_000_655
IDDevice           = SAM_82E6
IDDataType         = SPECTRUM
IDDataTypeSub1     = CALIBRATED
IDDataTypeSub2     = 
IDDataTypeSub3     = 
DateTime           = 2026-06-09 10:26:10
PositionLatitude   = 0
PositionLongitude  = 0
Comment            = 20260609_FrameF
CommentSub1        = UV
CommentSub2        = centre
CommentSub3        = 33.5cm
IDMethodType       = SAM Control
MethodName         = SAM_82E6
Mission            = No Mission
MissionSub         = 1
RecordType         = 0
[Attributes]
CalFactor = 1
IDBasisSpec = 
IDDataBack = DLAB_2024-11-11_10-40-48_641_639
IDDataCal = DLAB_2024-11-12_11-45-27_171_455
IntegrationTime = 128
P31 = -1
P31e = 0
PathLength = +INF
PathLengthCustomOn = 0
RAWDynamic = 65535
Salinity = 0
Temperature = -NAN
Unit1 = $01 $01 Wavelength nm
Unit2 = $03 $06 Intensity mW/(m^2 nm)
Unit3 = $f0 $06 Error mW/(m^2 nm)
Unit4 = $f1 $00 Status 
p999 = 7597
[END] of [Attributes]
[DATA]
 0 6 0 0
 185.260577530984 -NAN 0 0
 187.468128380571 -NAN 0 0
 189.674861895872 -NAN 0 0
 191.880784034125 -NAN 0 0
 194.085900752568 -NAN 0 0
 196.290218008439 -NAN 0 0
 198.493741758976 -NAN 0 0
 200.696477961417 -NAN 0 0
 202.898432573 -NAN 0 0
 205.099611550963 -NAN 0 0
 207.300020852544 -NAN 0 0
 209.499666434981 -NAN 0 0
 211.698554255512 -NAN 0 0
 213.896690271375 -NAN 0 0
 216.094080439808 -NAN 0 0
 218.290730718049 -NAN 0 0
 220.486647063336 -NAN 0 0
 222.681835432907 -NAN 0 0
 224.876301784 -NAN 0 0
 227.070052073853 -NAN 0 0
 229.263092259704 -NAN 0 0
 231.455428298791 -NAN 0 0
 233.647066148352 -NAN 0 0
 235.838011765625 -NAN 0 0
 238.028271107848 -NAN 0 0
 240.217850132259 -NAN 0 0
 242.406754796096 -NAN 0 0
 244.594991056597 -NAN 0 0
 246.782564871 -NAN 0 0
 248.969482196543 -NAN 0 0
 251.155748990464 -NAN 0 0
 253.341371210001 -NAN 0 0
 255.526354812392 -NAN 0 0
 257.710705754875 -NAN 0 0
 259.894429994688 -NAN 0 0
 262.077533489069 -NAN 0 0
 264.260022195256 -NAN 0 0
 266.441902070487 -NAN 0 0
 268.623179072 -NAN 0 0
 270.803859157033 -NAN 0 0
 272.983948282824 -NAN 0 0
 275.163452406611 -NAN 0 0
 277.342377485632 -NAN 0 0
 279.520729477125 1.47860993863318 0 0
 281.698514338328 5.88780747491016 0 0
 283.875738026479 19.1944485049652 0 0
 286.052406498816 15.0221804123459 0 0
 288.228525712577 24.3583437358085 0 0
 290.404101625 44.9642920110098 0 0
 292.579140193323 47.0249875877696 0 0
 294.753647374784 63.3908912604608 0 0
 296.927629126621 84.8526607232062 0 0
 299.101091406072 88.6231843289586 0 0
 301.274040170375 103.60133146358 0 0
 303.446481376768 118.322509493157 0 0
 305.618420982489 118.1174397292 0 0
 307.789864944776 122.782469168958 0 0
 309.960819220867 136.469887768751 0 0
 312.131289768 134.785661169937 0 0
 314.301282543413 128.59785911111 0 0
 316.470803504344 124.932171726729 0 0
 318.639858608031 106.286350177238 0 0
 320.808453811712 96.4349372626544 0 0
 322.976595072625 99.8977481396017 0 0
 325.144288348008 82.3607734971399 0 0
 327.311539595099 72.9127522196192 0 0
 329.478354771136 76.7023380466206 0 0
 331.644739833357 59.7227759207752 0 0
 333.810700739 52.3870302087767 0 0
 335.976243445303 56.6986707419179 0 0
 338.141373909504 40.861099332515 0 0
 340.306098088841 33.8451369676436 0 0
 342.470421940552 39.2652382474912 0 0
 344.634351421875 26.7488968665655 0 0
 346.797892490048 21.4081092550578 0 0
 348.961051102309 27.0481239495767 0 0
 351.123833215896 17.1907081440048 0 0
 353.286244788047 12.8106766083978 0 0
 355.448291776 19.0683708909656 0 0
 357.609980136993 10.9318832021843 0 0
 359.771315828264 8.42975541244919 0 0
 361.932304807051 21.9854684085946 0 0
 364.092953030592 22.3399682677269 0 0
 366.253266456125 18.6550349973005 0 0
 368.413251040888 18.8040001974802 0 0
 370.572912742119 5.76614610289984 0 0
 372.732257517056 0.235812465767196 0 0
 374.891291322937 9.94222929404472 0 0
 377.050020117 2.20071823129684 0 0
 379.208449856483 -2.01710480906867 0 0
 381.366586498624 8.97041174201791 0 0
 383.524436000661 1.51477912103301 0 0
 385.682004319832 -3.14566408138255 0 0
 387.839297413375 8.29993938123274 0 0
 389.996321238528 1.24896686986595 0 0
 392.153081752529 -3.47594282736198 0 0
 394.309584912616 7.45345689058092 0 0
 396.465836676027 1.53067767963997 0 0
 398.621843 -2.48189769788469 0 0
 400.777609841773 12.9237080418277 0 0
 402.933143158584 16.4725016614135 0 0
 405.088448907671 14.7264854499211 0 0
 407.243533046272 19.1069185573496 0 0
 409.398401531625 7.51514078663469 0 0
 411.553060320968 0.728041951362415 0 0
 413.707515371539 9.86557538508663 0 0
 415.861772640576 7.96724962842854 0 0
 418.015838085317 6.46389256347121 0 0
 420.169717663 18.5532493182546 0 0
 422.323417330863 21.5178305271649 0 0
 424.476943046144 25.5070665501119 0 0
 426.630300766081 43.7870427815024 0 0
 428.783496447912 57.3485028254982 0 0
 430.936536048875 79.1386445124973 0 0
 433.089425526208 135.728994737486 0 0
 435.242170837149 187.541933132894 0 0
 437.394777938936 221.666535599675 0 0
 439.547252788807 259.856750102391 0 0
 441.699601344 320.604991139941 0 0
 443.851829561753 397.810656497745 0 0
 446.003943399304 481.359915649904 0 0
 448.155948813891 523.564495852325 0 0
 450.307851762752 511.478158827057 0 0
 452.459658203125 464.522702918004 0 0
 454.611374092248 387.585509179207 0 0
 456.763005387359 311.252341547948 0 0
 458.914558045696 266.467117510186 0 0
 461.066038024497 229.728028062415 0 0
 463.217451281 195.999789741064 0 0
 465.368803772443 177.801199186172 0 0
 467.520101456064 150.238062838288 0 0
 469.671350289101 118.693077269431 0 0
 471.822556228792 106.529435288808 0 0
 473.973725232375 91.6198481787923 0 0
 476.124863257088 75.8459723113854 0 0
 478.275976260169 79.050525420739 0 0
 480.427070198856 75.95951164552 0 0
 482.578151030387 66.9302249278799 0 0
 484.729224712 74.6021853865219 0 0
 486.880297200933 75.1424544655892 0 0
 489.031374454424 69.6040564447441 0 0
 491.182462429711 80.7414051917879 0 0
 493.333567084032 84.8795019714218 0 0
 495.484694374625 81.723743917022 0 0
 497.635850258728 94.1687883643735 0 0
 499.787040693579 99.1723684069305 0 0
 501.938271636416 95.8899112675709 0 0
 504.089549044477 -NAN 0 0
 506.240878875 -NAN 0 0
 508.392267085223 -NAN 0 0
 510.543719632384 -NAN 0 0
 512.695242473721 -NAN 0 0
 514.846841566472 -NAN 0 0
 516.998522867875 -NAN 0 0
 519.150292335168 -NAN 0 0
 521.302155925589 -NAN 0 0
 523.454119596376 -NAN 0 0
 525.606189304767 -NAN 0 0
 527.758371008 -NAN 0 0
 529.910670663313 -NAN 0 0
 532.063094227944 -NAN 0 0
 534.215647659131 -NAN 0 0
 536.368336914112 -NAN 0 0
 538.521167950125 -NAN 0 0
 540.674146724408 -NAN 0 0
 542.827279194199 -NAN 0 0
 544.980571316736 -NAN 0 0
 547.134029049257 -NAN 0 0
 549.287658349 -NAN 0 0
 551.441465173203 -NAN 0 0
 553.595455479104 -NAN 0 0
 555.749635223941 -NAN 0 0
 557.904010364952 -NAN 0 0
 560.058586859375 -NAN 0 0
 562.213370664448 -NAN 0 0
 564.368367737409 -NAN 0 0
 566.523584035496 -NAN 0 0
 568.679025515947 -NAN 0 0
 570.834698136 -NAN 0 0
 572.990607852893 -NAN 0 0
 575.146760623864 -NAN 0 0
 577.303162406151 -NAN 0 0
 579.459819156992 -NAN 0 0
 581.616736833625 -NAN 0 0
 583.773921393288 -NAN 0 0
 585.931378793219 -NAN 0 0
 588.089114990656 -NAN 0 0
 590.247135942837 -NAN 0 0
 592.405447607 -NAN 0 0
 594.564055940383 -NAN 0 0
 596.722966900224 -NAN 0 0
 598.882186443761 -NAN 0 0
 601.041720528232 -NAN 0 0
 603.201575110875 -NAN 0 0
 605.361756148928 -NAN 0 0
 607.522269599629 -NAN 0 0
 609.683121420216 -NAN 0 0
 611.844317567927 -NAN 0 0
 614.005864 -NAN 0 0
 616.167766673673 -NAN 0 0
 618.330031546184 -NAN 0 0
 620.492664574771 -NAN 0 0
 622.655671716672 -NAN 0 0
 624.819058929125 -NAN 0 0
 626.982832169368 -NAN 0 0
 629.146997394639 -NAN 0 0
 631.311560562176 -NAN 0 0
 633.476527629217 -NAN 0 0
 635.641904553 -NAN 0 0
 637.807697290763 -NAN 0 0
 639.973911799744 -NAN 0 0
 642.140554037181 -NAN 0 0
 644.307629960312 -NAN 0 0
 646.475145526375 -NAN 0 0
 648.643106692608 -NAN 0 0
 650.811519416249 -NAN 0 0
 652.980389654536 -NAN 0 0
 655.149723364707 -NAN 0 0
 657.319526504 -NAN 0 0
 659.489805029653 -NAN 0 0
 661.660564898904 -NAN 0 0
 663.831812068991 -NAN 0 0
 666.003552497152 -NAN 0 0
 668.175792140625 -NAN 0 0
 670.348536956648 -NAN 0 0
 672.521792902459 -NAN 0 0
 674.695565935296 -NAN 0 0
 676.869862012397 -NAN 0 0
 679.044687091 -NAN 0 0
 681.220047128343 -NAN 0 0
 683.395948081664 -NAN 0 0
 685.572395908201 -NAN 0 0
 687.749396565192 -NAN 0 0
 689.926956009875 -NAN 0 0
 692.105080199488 -NAN 0 0
 694.283775091269 -NAN 0 0
 696.463046642456 -NAN 0 0
 698.642900810287 -NAN 0 0
 700.823343552 -NAN 0 0
 703.004380824833 -NAN 0 0
 705.186018586024 -NAN 0 0
 707.368262792811 -NAN 0 0
 709.551119402432 -NAN 0 0
 711.734594372125 -NAN 0 0
 713.918693659128 -NAN 0 0
 716.103423220679 -NAN 0 0
 718.288789014016 -NAN 0 0
 720.474796996377 -NAN 0 0
 722.661453125 -NAN 0 0
 724.848763357123 -NAN 0 0
 727.036733649984 -NAN 0 0
 729.225369960821 -NAN 0 0
 731.414678246872 -NAN 0 0
 733.604664465375 -NAN 0 0
 735.795334573568 -NAN 0 0
[END] of [DATA]
[END] of Spectrum


[Spectrum]
Version            = 1
IDData             = 12ad_2026-06-09_10-26-05_000_652
IDDevice           = SAM_82E6
IDDataType         = SPECTRUM
IDDataTypeSub1     = CALIBRATED
IDDataTypeSub2     = 
IDDataTypeSub3     = 
DateTime           = 2026-06-09 10:26:05
PositionLatitude   = 0
PositionLongitude  = 0
Comment            = 20260609_FrameF
CommentSub1        = UV
CommentSub2        = centre
CommentSub3        = 33.5cm
IDMethodType       = SAM Control
MethodName         = SAM_82E6
Mission            = No Mission
MissionSub         = 1
RecordType         = 0
[Attributes]
CalFactor = 1
IDBasisSpec = 
IDDataBack = DLAB_2024-11-11_10-40-48_641_639
IDDataCal = DLAB_2024-11-12_11-45-27_171_455
IntegrationTime = 128
P31 = -1
P31e = 0
PathLength = +INF
PathLengthCustomOn = 0
RAWDynamic = 65535
Salinity = 0
Temperature = -NAN
Unit1 = $01 $01 Wavelength nm
Unit2 = $03 $06 Intensity mW/(m^2 nm)
Unit3 = $f0 $06 Error mW/(m^2 nm)
Unit4 = $f1 $00 Status 
p999 = 7596
[END] of [Attributes]
[DATA]
 0 6 0 0
 185.260577530984 -NAN 0 0
 187.468128380571 -NAN 0 0
 189.674861895872 -NAN 0 0
 191.880784034125 -NAN 0 0
 194.085900752568 -NAN 0 0
 196.290218008439 -NAN 0 0
 198.493741758976 -NAN 0 0
 200.696477961417 -NAN 0 0
 202.898432573 -NAN 0 0
 205.099611550963 -NAN 0 0
 207.300020852544 -NAN 0 0
 209.499666434981 -NAN 0 0
 211.698554255512 -NAN 0 0
 213.896690271375 -NAN 0 0
 216.094080439808 -NAN 0 0
 218.290730718049 -NAN 0 0
 220.486647063336 -NAN 0 0
 222.681835432907 -NAN 0 0
 224.876301784 -NAN 0 0
 227.070052073853 -NAN 0 0
 229.263092259704 -NAN 0 0
 231.455428298791 -NAN 0 0
 233.647066148352 -NAN 0 0
 235.838011765625 -NAN 0 0
 238.028271107848 -NAN 0 0
 240.217850132259 -NAN 0 0
 242.406754796096 -NAN 0 0
 244.594991056597 -NAN 0 0
 246.782564871 -NAN 0 0
 248.969482196543 -NAN 0 0
 251.155748990464 -NAN 0 0
 253.341371210001 -NAN 0 0
 255.526354812392 -NAN 0 0
 257.710705754875 -NAN 0 0
 259.894429994688 -NAN 0 0
 262.077533489069 -NAN 0 0
 264.260022195256 -NAN 0 0
 266.441902070487 -NAN 0 0
 268.623179072 -NAN 0 0
 270.803859157033 -NAN 0 0
 272.983948282824 -NAN 0 0
 275.163452406611 -NAN 0 0
 277.342377485632 -NAN 0 0
 279.520729477125 8.48851501353444 0 0
 281.698514338328 3.43374100520887 0 0
 283.875738026479 18.2723196538206 0 0
 286.052406498816 23.0118372564909 0 0
 288.228525712577 21.6691648271853 0 0
 290.404101625 43.0463192505665 0 0
 292.579140193323 54.2236304448646 0 0
 294.753647374784 60.0087248509555 0 0
 296.927629126621 82.2409967561804 0 0
 299.101091406072 93.8083751182252 0 0
 301.274040170375 100.232831190719 0 0
 303.446481376768 115.073250289806 0 0
 305.618420982489 122.022312880567 0 0
 307.789864944776 119.23692105397 0 0
 309.960819220867 132.690672975781 0 0
 312.131289768 138.608140214375 0 0
 314.301282543413 124.845494820701 0 0
 316.470803504344 120.681671664556 0 0
 318.639858608031 111.536306714034 0 0
 320.808453811712 92.9061822412874 0 0
 322.976595072625 95.4358056199322 0 0
 325.144288348008 88.4084182814297 0 0
 327.311539595099 69.5805504633321 0 0
 329.478354771136 71.9826963340395 0 0
 331.644739833357 66.297512569934 0 0
 333.810700739 49.3688698046926 0 0
 335.976243445303 52.0862002684018 0 0
 338.141373909504 47.1233433865521 0 0
 340.306098088841 31.3708047603366 0 0
 342.470421940552 34.9217960077777 0 0
 344.634351421875 32.6052973998128 0 0
 346.797892490048 19.4016572535187 0 0
 348.961051102309 23.1077957156825 0 0
 351.123833215896 22.2426231553716 0 0
 353.286244788047 11.1957645871587 0 0
 355.448291776 15.4229262459639 0 0
 357.609980136993 15.957260070278 0 0
 359.771315828264 7.01103699217083 0 0
 361.932304807051 18.0072377198081 0 0
 364.092953030592 27.3539364124305 0 0
 366.253266456125 17.3248869361551 0 0
 368.413251040888 14.2809075042384 0 0
 370.572912742119 11.3214035602488 0 0
 372.732257517056 -0.921286770174868 0 0
 374.891291322937 4.90182105245427 0 0
 377.050020117 8.40127860389279 0 0
 379.208449856483 -3.05689127567053 0 0
 381.366586498624 3.23961951627942 0 0
 383.524436000661 7.41715553631346 0 0
 385.682004319832 -3.81843852555391 0 0
 387.839297413375 2.4525235369166 0 0
 389.996321238528 7.15832545885203 0 0
 392.153081752529 -3.98242606713447 0 0
 394.309584912616 1.89936433078638 0 0
 396.465836676027 6.74368907893906 0 0
 398.621843 -2.58406509027566 0 0
 400.777609841773 7.3692618975695 0 0
 402.933143158584 21.3022447696232 0 0
 405.088448907671 14.5655585681373 0 0
 407.243533046272 13.6052717800227 0 0
 409.398401531625 11.8819037206339 0 0
 411.553060320968 1.09973902746251 0 0
 413.707515371539 5.10644157518416 0 0
 415.861772640576 11.9119005282076 0 0
 418.015838085317 7.23750071127966 0 0
 420.169717663 14.308443081751 0 0
 422.323417330863 24.7928253453451 0 0
 424.476943046144 26.1417299628638 0 0
 426.630300766081 39.8983746482771 0 0
 428.783496447912 60.3789745764025 0 0
 430.936536048875 79.935470753171 0 0
 433.089425526208 131.294768602507 0 0
 435.242170837149 189.480029739441 0 0
 437.394777938936 221.878350931046 0 0
 439.547252788807 255.921897296792 0 0
 441.699601344 323.293588520687 0 0
 443.851829561753 399.117275351054 0 0
 446.003943399304 477.45940893538 0 0
 448.155948813891 526.671430733329 0 0
 450.307851762752 513.064448528646 0 0
 452.459658203125 460.399698020156 0 0
 454.611374092248 390.76455019674 0 0
 456.763005387359 313.198013842457 0 0
 458.914558045696 261.881164886884 0 0
 461.066038024497 233.060809305552 0 0
 463.217451281 198.425024633535 0 0
 465.368803772443 172.91297801387 0 0
 467.520101456064 153.934156813065 0 0
 469.671350289101 121.376592271614 0 0
 471.822556228792 101.585449769301 0 0
 473.973725232375 95.2215238414125 0 0
 476.124863257088 78.9293246580217 0 0
 478.275976260169 74.2243842506776 0 0
 480.427070198856 79.5427835922833 0 0
 482.578151030387 70.4003271622337 0 0
 484.729224712 69.9496192867129 0 0
 486.880297200933 78.6403298136446 0 0
 489.031374454424 73.2036548782146 0 0
 491.182462429711 76.1321187204293 0 0
 493.333567084032 88.5612893356395 0 0
 495.484694374625 85.7824940821999 0 0
 497.635850258728 89.6211792193061 0 0
 499.787040693579 102.57195042736 0 0
 501.938271636416 99.9526689065413 0 0
 504.089549044477 -NAN 0 0
 506.240878875 -NAN 0 0
 508.392267085223 -NAN 0 0
 510.543719632384 -NAN 0 0
 512.695242473721 -NAN 0 0
 514.846841566472 -NAN 0 0
 516.998522867875 -NAN 0 0
 519.150292335168 -NAN 0 0
 521.302155925589 -NAN 0 0
 523.454119596376 -NAN 0 0
 525.606189304767 -NAN 0 0
 527.758371008 -NAN 0 0
 529.910670663313 -NAN 0 0
 532.063094227944 -NAN 0 0
 534.215647659131 -NAN 0 0
 536.368336914112 -NAN 0 0
 538.521167950125 -NAN 0 0
 540.674146724408 -NAN 0 0
 542.827279194199 -NAN 0 0
 544.980571316736 -NAN 0 0
 547.134029049257 -NAN 0 0
 549.287658349 -NAN 0 0
 551.441465173203 -NAN 0 0
 553.595455479104 -NAN 0 0
 555.749635223941 -NAN 0 0
 557.904010364952 -NAN 0 0
 560.058586859375 -NAN 0 0
 562.213370664448 -NAN 0 0
 564.368367737409 -NAN 0 0
 566.523584035496 -NAN 0 0
 568.679025515947 -NAN 0 0
 570.834698136 -NAN 0 0
 572.990607852893 -NAN 0 0
 575.146760623864 -NAN 0 0
 577.303162406151 -NAN 0 0
 579.459819156992 -NAN 0 0
 581.616736833625 -NAN 0 0
 583.773921393288 -NAN 0 0
 585.931378793219 -NAN 0 0
 588.089114990656 -NAN 0 0
 590.247135942837 -NAN 0 0
 592.405447607 -NAN 0 0
 594.564055940383 -NAN 0 0
 596.722966900224 -NAN 0 0
 598.882186443761 -NAN 0 0
 601.041720528232 -NAN 0 0
 603.201575110875 -NAN 0 0
 605.361756148928 -NAN 0 0
 607.522269599629 -NAN 0 0
 609.683121420216 -NAN 0 0
 611.844317567927 -NAN 0 0
 614.005864 -NAN 0 0
 616.167766673673 -NAN 0 0
 618.330031546184 -NAN 0 0
 620.492664574771 -NAN 0 0
 622.655671716672 -NAN 0 0
 624.819058929125 -NAN 0 0
 626.982832169368 -NAN 0 0
 629.146997394639 -NAN 0 0
 631.311560562176 -NAN 0 0
 633.476527629217 -NAN 0 0
 635.641904553 -NAN 0 0
 637.807697290763 -NAN 0 0
 639.973911799744 -NAN 0 0
 642.140554037181 -NAN 0 0
 644.307629960312 -NAN 0 0
 646.475145526375 -NAN 0 0
 648.643106692608 -NAN 0 0
 650.811519416249 -NAN 0 0
 652.980389654536 -NAN 0 0
 655.149723364707 -NAN 0 0
 657.319526504 -NAN 0 0
 659.489805029653 -NAN 0 0
 661.660564898904 -NAN 0 0
 663.831812068991 -NAN 0 0
 666.003552497152 -NAN 0 0
 668.175792140625 -NAN 0 0
 670.348536956648 -NAN 0 0
 672.521792902459 -NAN 0 0
 674.695565935296 -NAN 0 0
 676.869862012397 -NAN 0 0
 679.044687091 -NAN 0 0
 681.220047128343 -NAN 0 0
 683.395948081664 -NAN 0 0
 685.572395908201 -NAN 0 0
 687.749396565192 -NAN 0 0
 689.926956009875 -NAN 0 0
 692.105080199488 -NAN 0 0
 694.283775091269 -NAN 0 0
 696.463046642456 -NAN 0 0
 698.642900810287 -NAN 0 0
 700.823343552 -NAN 0 0
 703.004380824833 -NAN 0 0
 705.186018586024 -NAN 0 0
 707.368262792811 -NAN 0 0
 709.551119402432 -NAN 0 0
 711.734594372125 -NAN 0 0
 713.918693659128 -NAN 0 0
 716.103423220679 -NAN 0 0
 718.288789014016 -NAN 0 0
 720.474796996377 -NAN 0 0
 722.661453125 -NAN 0 0
 724.848763357123 -NAN 0 0
 727.036733649984 -NAN 0 0
 729.225369960821 -NAN 0 0
 731.414678246872 -NAN 0 0
 733.604664465375 -NAN 0 0
 735.795334573568 -NAN 0 0
[END] of [DATA]
[END] of Spectrum


[Spectrum]
Version            = 1
IDData             = 12ad_2026-06-09_10-26-00_000_649
IDDevice           = SAM_82E6
IDDataType         = SPECTRUM
IDDataTypeSub1     = CALIBRATED
IDDataTypeSub2     = 
IDDataTypeSub3     = 
DateTime           = 2026-06-09 10:26:00
PositionLatitude   = 0
PositionLongitude  = 0
Comment            = 20260609_FrameF
CommentSub1        = UV
CommentSub2        = centre
CommentSub3        = 33.5cm
IDMethodType       = SAM Control
MethodName         = SAM_82E6
Mission            = No Mission
MissionSub         = 1
RecordType         = 0
[Attributes]
CalFactor = 1
IDBasisSpec = 
IDDataBack = DLAB_2024-11-11_10-40-48_641_639
IDDataCal = DLAB_2024-11-12_11-45-27_171_455
IntegrationTime = 128
P31 = -1
P31e = 0
PathLength = +INF
PathLengthCustomOn = 0
RAWDynamic = 65535
Salinity = 0
Temperature = -NAN
Unit1 = $01 $01 Wavelength nm
Unit2 = $03 $06 Intensity mW/(m^2 nm)
Unit3 = $f0 $06 Error mW/(m^2 nm)
Unit4 = $f1 $00 Status 
p999 = 7595
[END] of [Attributes]
[DATA]
 0 6 0 0
 185.260577530984 -NAN 0 0
 187.468128380571 -NAN 0 0
 189.674861895872 -NAN 0 0
 191.880784034125 -NAN 0 0
 194.085900752568 -NAN 0 0
 196.290218008439 -NAN 0 0
 198.493741758976 -NAN 0 0
 200.696477961417 -NAN 0 0
 202.898432573 -NAN 0 0
 205.099611550963 -NAN 0 0
 207.300020852544 -NAN 0 0
 209.499666434981 -NAN 0 0
 211.698554255512 -NAN 0 0
 213.896690271375 -NAN 0 0
 216.094080439808 -NAN 0 0
 218.290730718049 -NAN 0 0
 220.486647063336 -NAN 0 0
 222.681835432907 -NAN 0 0
 224.876301784 -NAN 0 0
 227.070052073853 -NAN 0 0
 229.263092259704 -NAN 0 0
 231.455428298791 -NAN 0 0
 233.647066148352 -NAN 0 0
 235.838011765625 -NAN 0 0
 238.028271107848 -NAN 0 0
 240.217850132259 -NAN 0 0
 242.406754796096 -NAN 0 0
 244.594991056597 -NAN 0 0
 246.782564871 -NAN 0 0
 248.969482196543 -NAN 0 0
 251.155748990464 -NAN 0 0
 253.341371210001 -NAN 0 0
 255.526354812392 -NAN 0 0
 257.710705754875 -NAN 0 0
 259.894429994688 -NAN 0 0
 262.077533489069 -NAN 0 0
 264.260022195256 -NAN 0 0
 266.441902070487 -NAN 0 0
 268.623179072 -NAN 0 0
 270.803859157033 -NAN 0 0
 272.983948282824 -NAN 0 0
 275.163452406611 -NAN 0 0
 277.342377485632 -NAN 0 0
 279.520729477125 9.78489291066932 0 0
 281.698514338328 2.55906307860783 0 0
 283.875738026479 14.7857405826474 0 0
 286.052406498816 24.1050975878813 0 0
 288.228525712577 20.3754362419499 0 0
 290.404101625 38.9588124805846 0 0
 292.579140193323 54.5999840071995 0 0
 294.753647374784 58.4524629296251 0 0
 296.927629126621 77.8035803416177 0 0
 299.101091406072 93.4830344872278 0 0
 301.274040170375 98.0989448656106 0 0
 303.446481376768 110.567974923816 0 0
 305.618420982489 120.973772169308 0 0
 307.789864944776 116.982606620896 0 0
 309.960819220867 127.824271999876 0 0
 312.131289768 137.207202207214 0 0
 314.301282543413 122.811752910591 0 0
 316.470803504344 115.751873518287 0 0
 318.639858608031 110.652523293113 0 0
 320.808453811712 91.3447979938096 0 0
 322.976595072625 90.6476195879514 0 0
 325.144288348008 88.3781006541988 0 0
 327.311539595099 68.9692314433709 0 0
 329.478354771136 67.1053861621034 0 0
 331.644739833357 66.8260378984073 0 0
 333.810700739 49.2312097176009 0 0
 335.976243445303 47.7644622546094 0 0
 338.141373909504 47.6752747418417 0 0
 340.306098088841 31.7332000973366 0 0
 342.470421940552 31.0995144588709 0 0
 344.634351421875 33.3937799281241 0 0
 346.797892490048 20.093828835025 0 0
 348.961051102309 19.9192178052491 0 0
 351.123833215896 23.0250934839657 0 0
 353.286244788047 11.9579681677435 0 0
 355.448291776 12.3798566382006 0 0
 357.609980136993 16.6864911904936 0 0
 359.771315828264 8.09201653150347 0 0
 361.932304807051 15.2170957986912 0 0
 364.092953030592 28.2853761150607 0 0
 366.253266456125 18.6246716526212 0 0
 368.413251040888 11.3968449158648 0 0
 370.572912742119 12.6967159988192 0 0
 372.732257517056 0.882848791615297 0 0
 374.891291322937 1.89693643790248 0 0
 377.050020117 9.76278095934378 0 0
 379.208449856483 -0.945131143635256 0 0
 381.366586498624 0.1572871255678 0 0
 383.524436000661 9.10131543328127 0 0
 385.682004319832 -1.49288627138863 0 0
 387.839297413375 -0.535651896973085 0 0
 389.996321238528 8.67113249482493 0 0
 392.153081752529 -1.66370416669658 0 0
 394.309584912616 -1.09927292405973 0 0
 396.465836676027 8.21375023841176 0 0
 398.621843 -0.271366844334566 0 0
 400.777609841773 4.36900264802519 0 0
 402.933143158584 22.2793457762959 0 0
 405.088448907671 16.3971767417226 0 0
 407.243533046272 11.3349960314864 0 0
 409.398401531625 12.847839473287 0 0
 411.553060320968 3.12146229301587 0 0
 413.707515371539 3.25136579325427 0 0
 415.861772640576 12.7355313887824 0 0
 418.015838085317 9.09239089541505 0 0
 420.169717663 12.7900757963514 0 0
 422.323417330863 25.6800129267868 0 0
 424.476943046144 28.0244168138381 0 0
 426.630300766081 38.4197312493392 0 0
 428.783496447912 61.1047704533229 0 0
 430.936536048875 81.4755620084132 0 0
 433.089425526208 129.558158220997 0 0
 435.242170837149 188.930968968844 0 0
 437.394777938936 222.53777601928 0 0
 439.547252788807 254.288913162259 0 0
 441.699601344 323.720180401031 0 0
 443.851829561753 400.66663569537 0 0
 446.003943399304 476.332633909491 0 0
 448.155948813891 527.158397369578 0 0
 450.307851762752 515.107055790784 0 0
 452.459658203125 459.146400867429 0 0
 454.611374092248 391.309447146499 0 0
 456.763005387359 315.338936743541 0 0
 458.914558045696 260.818261830558 0 0
 461.066038024497 233.241152405533 0 0
 463.217451281 200.534511599963 0 0
 465.368803772443 171.731825024925 0 0
 467.520101456064 154.008057272137 0 0
 469.671350289101 123.47772281588 0 0
 471.822556228792 100.303270902535 0 0
 473.973725232375 95.4758763568712 0 0
 476.124863257088 81.2775438060345 0 0
 478.275976260169 73.0009024573924 0 0
 480.427070198856 79.4993432422915 0 0
 482.578151030387 72.8078570816615 0 0
 484.729224712 68.5783248825656 0 0
 486.880297200933 78.5967042496618 0 0
 489.031374454424 75.6373280497404 0 0
 491.182462429711 74.9828684710889 0 0
 493.333567084032 88.1771899583625 0 0
 495.484694374625 88.1500061092835 0 0
 497.635850258728 88.4922311348008 0 0
 499.787040693579 102.001185937202 0 0
 501.938271636416 102.390323489923 0 0
 504.089549044477 -NAN 0 0
 506.240878875 -NAN 0 0
 508.392267085223 -NAN 0 0
 510.543719632384 -NAN 0 0
 512.695242473721 -NAN 0 0
 514.846841566472 -NAN 0 0
 516.998522867875 -NAN 0 0
 519.150292335168 -NAN 0 0
 521.302155925589 -NAN 0 0
 523.454119596376 -NAN 0 0
 525.606189304767 -NAN 0 0
 527.758371008 -NAN 0 0
 529.910670663313 -NAN 0 0
 532.063094227944 -NAN 0 0
 534.215647659131 -NAN 0 0
 536.368336914112 -NAN 0 0
 538.521167950125 -NAN 0 0
 540.674146724408 -NAN 0 0
 542.827279194199 -NAN 0 0
 544.980571316736 -NAN 0 0
 547.134029049257 -NAN 0 0
 549.287658349 -NAN 0 0
 551.441465173203 -NAN 0 0
 553.595455479104 -NAN 0 0
 555.749635223941 -NAN 0 0
 557.904010364952 -NAN 0 0
 560.058586859375 -NAN 0 0
 562.213370664448 -NAN 0 0
 564.368367737409 -NAN 0 0
 566.523584035496 -NAN 0 0
 568.679025515947 -NAN 0 0
 570.834698136 -NAN 0 0
 572.990607852893 -NAN 0 0
 575.146760623864 -NAN 0 0
 577.303162406151 -NAN 0 0
 579.459819156992 -NAN 0 0
 581.616736833625 -NAN 0 0
 583.773921393288 -NAN 0 0
 585.931378793219 -NAN 0 0
 588.089114990656 -NAN 0 0
 590.247135942837 -NAN 0 0
 592.405447607 -NAN 0 0
 594.564055940383 -NAN 0 0
 596.722966900224 -NAN 0 0
 598.882186443761 -NAN 0 0
 601.041720528232 -NAN 0 0
 603.201575110875 -NAN 0 0
 605.361756148928 -NAN 0 0
 607.522269599629 -NAN 0 0
 609.683121420216 -NAN 0 0
 611.844317567927 -NAN 0 0
 614.005864 -NAN 0 0
 616.167766673673 -NAN 0 0
 618.330031546184 -NAN 0 0
 620.492664574771 -NAN 0 0
 622.655671716672 -NAN 0 0
 624.819058929125 -NAN 0 0
 626.982832169368 -NAN 0 0
 629.146997394639 -NAN 0 0
 631.311560562176 -NAN 0 0
 633.476527629217 -NAN 0 0
 635.641904553 -NAN 0 0
 637.807697290763 -NAN 0 0
 639.973911799744 -NAN 0 0
 642.140554037181 -NAN 0 0
 644.307629960312 -NAN 0 0
 646.475145526375 -NAN 0 0
 648.643106692608 -NAN 0 0
 650.811519416249 -NAN 0 0
 652.980389654536 -NAN 0 0
 655.149723364707 -NAN 0 0
 657.319526504 -NAN 0 0
 659.489805029653 -NAN 0 0
 661.660564898904 -NAN 0 0
 663.831812068991 -NAN 0 0
 666.003552497152 -NAN 0 0
 668.175792140625 -NAN 0 0
 670.348536956648 -NAN 0 0
 672.521792902459 -NAN 0 0
 674.695565935296 -NAN 0 0
 676.869862012397 -NAN 0 0
 679.044687091 -NAN 0 0
 681.220047128343 -NAN 0 0
 683.395948081664 -NAN 0 0
 685.572395908201 -NAN 0 0
 687.749396565192 -NAN 0 0
 689.926956009875 -NAN 0 0
 692.105080199488 -NAN 0 0
 694.283775091269 -NAN 0 0
 696.463046642456 -NAN 0 0
 698.642900810287 -NAN 0 0
 700.823343552 -NAN 0 0
 703.004380824833 -NAN 0 0
 705.186018586024 -NAN 0 0
 707.368262792811 -NAN 0 0
 709.551119402432 -NAN 0 0
 711.734594372125 -NAN 0 0
 713.918693659128 -NAN 0 0
 716.103423220679 -NAN 0 0
 718.288789014016 -NAN 0 0
 720.474796996377 -NAN 0 0
 722.661453125 -NAN 0 0
 724.848763357123 -NAN 0 0
 727.036733649984 -NAN 0 0
 729.225369960821 -NAN 0 0
 731.414678246872 -NAN 0 0
 733.604664465375 -NAN 0 0
 735.795334573568 -NAN 0 0
[END] of [DATA]
[END] of Spectrum


[Spectrum]
Version            = 1
IDData             = 12ad_2026-06-09_10-25-55_000_646
IDDevice           = SAM_82E6
IDDataType         = SPECTRUM
IDDataTypeSub1     = CALIBRATED
IDDataTypeSub2     = 
IDDataTypeSub3     = 
DateTime           = 2026-06-09 10:25:55
PositionLatitude   = 0
PositionLongitude  = 0
Comment            = 20260609_FrameF
CommentSub1        = UV
CommentSub2        = centre
CommentSub3        = 33.5cm
IDMethodType       = SAM Control
MethodName         = SAM_82E6
Mission            = No Mission
MissionSub         = 1
RecordType         = 0
[Attributes]
CalFactor = 1
IDBasisSpec = 
IDDataBack = DLAB_2024-11-11_10-40-48_641_639
IDDataCal = DLAB_2024-11-12_11-45-27_171_455
IntegrationTime = 128
P31 = -1
P31e = 0
PathLength = +INF
PathLengthCustomOn = 0
RAWDynamic = 65535
Salinity = 0
Temperature = -NAN
Unit1 = $01 $01 Wavelength nm
Unit2 = $03 $06 Intensity mW/(m^2 nm)
Unit3 = $f0 $06 Error mW/(m^2 nm)
Unit4 = $f1 $00 Status 
p999 = 7594
[END] of [Attributes]
[DATA]
 0 6 0 0
 185.260577530984 -NAN 0 0
 187.468128380571 -NAN 0 0
 189.674861895872 -NAN 0 0
 191.880784034125 -NAN 0 0
 194.085900752568 -NAN 0 0
 196.290218008439 -NAN 0 0
 198.493741758976 -NAN 0 0
 200.696477961417 -NAN 0 0
 202.898432573 -NAN 0 0
 205.099611550963 -NAN 0 0
 207.300020852544 -NAN 0 0
 209.499666434981 -NAN 0 0
 211.698554255512 -NAN 0 0
 213.896690271375 -NAN 0 0
 216.094080439808 -NAN 0 0
 218.290730718049 -NAN 0 0
 220.486647063336 -NAN 0 0
 222.681835432907 -NAN 0 0
 224.876301784 -NAN 0 0
 227.070052073853 -NAN 0 0
 229.263092259704 -NAN 0 0
 231.455428298791 -NAN 0 0
 233.647066148352 -NAN 0 0
 235.838011765625 -NAN 0 0
 238.028271107848 -NAN 0 0
 240.217850132259 -NAN 0 0
 242.406754796096 -NAN 0 0
 244.594991056597 -NAN 0 0
 246.782564871 -NAN 0 0
 248.969482196543 -NAN 0 0
 251.155748990464 -NAN 0 0
 253.341371210001 -NAN 0 0
 255.526354812392 -NAN 0 0
 257.710705754875 -NAN 0 0
 259.894429994688 -NAN 0 0
 262.077533489069 -NAN 0 0
 264.260022195256 -NAN 0 0
 266.441902070487 -NAN 0 0
 268.623179072 -NAN 0 0
 270.803859157033 -NAN 0 0
 272.983948282824 -NAN 0 0
 275.163452406611 -NAN 0 0
 277.342377485632 -NAN 0 0
 279.520729477125 2.16602646045686 0 0
 281.698514338328 13.8108990073501 0 0
 283.875738026479 9.01855187196651 0 0
 286.052406498816 14.752132043636 0 0
 288.228525712577 32.5247367987559 0 0
 290.404101625 33.2557880935803 0 0
 292.579140193323 44.4285708768299 0 0
 294.753647374784 69.1971032835776 0 0
 296.927629126621 72.4812199382281 0 0
 299.101091406072 83.8753562194577 0 0
 301.274040170375 106.121614823089 0 0
 303.446481376768 105.439060228376 0 0
 305.618420982489 111.471304759371 0 0
 307.789864944776 123.949710212541 0 0
 309.960819220867 123.060537711226 0 0
 312.131289768 126.96066285524 0 0
 314.301282543413 130.411831312237 0 0
 316.470803504344 111.136067472041 0 0
 318.639858608031 99.4707976822749 0 0
 320.808453811712 100.883484709432 0 0
 322.976595072625 86.7017605554292 0 0
 325.144288348008 76.0893557499557 0 0
 327.311539595099 79.7648028174573 0 0
 329.478354771136 64.4041982169262 0 0
 331.644739833357 54.2509842848168 0 0
 333.810700739 60.3979591479153 0 0
 335.976243445303 45.831091397447 0 0
 338.141373909504 36.1507233385162 0 0
 340.306098088841 42.0702895602276 0 0
 342.470421940552 30.2536104230389 0 0
 344.634351421875 22.7800757192758 0 0
 346.797892490048 29.0763556763523 0 0
 348.961051102309 19.6717184679866 0 0
 351.123833215896 13.5369411160631 0 0
 353.286244788047 20.1055864139951 0 0
 355.448291776 12.7111629086817 0 0
 357.609980136993 7.53308793703851 0 0
 359.771315828264 15.7997771074813 0 0
 361.932304807051 15.8517679869657 0 0
 364.092953030592 18.2280853622977 0 0
 366.253266456125 26.4677571474877 0 0
 368.413251040888 12.5776254795789 0 0
 370.572912742119 1.68919251787732 0 0
 372.732257517056 9.62044820800757 0 0
 374.891291322937 3.69045593491012 0 0
 377.050020117 -2.57488577536103 0 0
 379.208449856483 8.22682107992948 0 0
 381.366586498624 2.78030817882813 0 0
 383.524436000661 -3.76367645478003 0 0
 385.682004319832 7.1379706572199 0 0
 387.839297413375 2.65513571664454 0 0
 389.996321238528 -4.29658761297623 0 0
 392.153081752529 6.60654270739668 0 0
 394.309584912616 2.41345539266769 0 0
 396.465836676027 -4.37373234717368 0 0
 398.621843 6.9201561005884 0 0
 400.777609841773 7.97659656143477 0 0
 402.933143158584 9.94075251953144 0 0
 405.088448907671 22.4583464724201 0 0
 407.243533046272 14.502214841323 0 0
 409.398401531625 1.60952646970168 0 0
 411.553060320968 8.30536810212704 0 0
 413.707515371539 6.86181631451748 0 0
 415.861772640576 2.79888943270251 0 0
 418.015838085317 13.5177833750004 0 0
 420.169717663 16.1125093828458 0 0
 422.323417330863 16.6341787630683 0 0
 424.476943046144 31.6850488616543 0 0
 426.630300766081 41.7153882821149 0 0
 428.783496447912 52.5638136299119 0 0
 430.936536048875 84.4585102930448 0 0
 433.089425526208 132.226628065965 0 0
 435.242170837149 179.783152985943 0 0
 437.394777938936 224.352194140842 0 0
 439.547252788807 257.333267933127 0 0
 441.699601344 315.273825560145 0 0
 443.851829561753 403.515918576001 0 0
 446.003943399304 480.276774281054 0 0
 448.155948813891 518.094676013811 0 0
 450.307851762752 517.332731165157 0 0
 452.459658203125 463.533404056871 0 0
 454.611374092248 381.314914961555 0 0
 456.763005387359 317.607748791931 0 0
 458.914558045696 265.509007712934 0 0
 461.066038024497 222.716043802166 0 0
 463.217451281 202.630496187975 0 0
 465.368803772443 177.091874066805 0 0
 467.520101456064 142.867295311655 0 0
 469.671350289101 125.389416036475 0 0
 471.822556228792 106.05066773242 0 0
 473.973725232375 83.863748097014 0 0
 476.124863257088 82.4953849483324 0 0
 478.275976260169 78.8238312465063 0 0
 480.427070198856 68.0333185547001 0 0
 482.578151030387 73.6940781090263 0 0
 484.729224712 74.6759469437132 0 0
 486.880297200933 66.9005786854575 0 0
 489.031374454424 76.1028030103632 0 0
 491.182462429711 81.1568775851355 0 0
 493.333567084032 76.8167550431893 0 0
 495.484694374625 87.9729131105301 0 0
 497.635850258728 94.9521400964792 0 0
 499.787040693579 91.2208036811795 0 0
 501.938271636416 101.966289977406 0 0
 504.089549044477 -NAN 0 0
 506.240878875 -NAN 0 0
 508.392267085223 -NAN 0 0
 510.543719632384 -NAN 0 0
 512.695242473721 -NAN 0 0
 514.846841566472 -NAN 0 0
 516.998522867875 -NAN 0 0
 519.150292335168 -NAN 0 0
 521.302155925589 -NAN 0 0
 523.454119596376 -NAN 0 0
 525.606189304767 -NAN 0 0
 527.758371008 -NAN 0 0
 529.910670663313 -NAN 0 0
 532.063094227944 -NAN 0 0
 534.215647659131 -NAN 0 0
 536.368336914112 -NAN 0 0
 538.521167950125 -NAN 0 0
 540.674146724408 -NAN 0 0
 542.827279194199 -NAN 0 0
 544.980571316736 -NAN 0 0
 547.134029049257 -NAN 0 0
 549.287658349 -NAN 0 0
 551.441465173203 -NAN 0 0
 553.595455479104 -NAN 0 0
 555.749635223941 -NAN 0 0
 557.904010364952 -NAN 0 0
 560.058586859375 -NAN 0 0
 562.213370664448 -NAN 0 0
 564.368367737409 -NAN 0 0
 566.523584035496 -NAN 0 0
 568.679025515947 -NAN 0 0
 570.834698136 -NAN 0 0
 572.990607852893 -NAN 0 0
 575.146760623864 -NAN 0 0
 577.303162406151 -NAN 0 0
 579.459819156992 -NAN 0 0
 581.616736833625 -NAN 0 0
 583.773921393288 -NAN 0 0
 585.931378793219 -NAN 0 0
 588.089114990656 -NAN 0 0
 590.247135942837 -NAN 0 0
 592.405447607 -NAN 0 0
 594.564055940383 -NAN 0 0
 596.722966900224 -NAN 0 0
 598.882186443761 -NAN 0 0
 601.041720528232 -NAN 0 0
 603.201575110875 -NAN 0 0
 605.361756148928 -NAN 0 0
 607.522269599629 -NAN 0 0
 609.683121420216 -NAN 0 0
 611.844317567927 -NAN 0 0
 614.005864 -NAN 0 0
 616.167766673673 -NAN 0 0
 618.330031546184 -NAN 0 0
 620.492664574771 -NAN 0 0
 622.655671716672 -NAN 0 0
 624.819058929125 -NAN 0 0
 626.982832169368 -NAN 0 0
 629.146997394639 -NAN 0 0
 631.311560562176 -NAN 0 0
 633.476527629217 -NAN 0 0
 635.641904553 -NAN 0 0
 637.807697290763 -NAN 0 0
 639.973911799744 -NAN 0 0
 642.140554037181 -NAN 0 0
 644.307629960312 -NAN 0 0
 646.475145526375 -NAN 0 0
 648.643106692608 -NAN 0 0
 650.811519416249 -NAN 0 0
 652.980389654536 -NAN 0 0
 655.149723364707 -NAN 0 0
 657.319526504 -NAN 0 0
 659.489805029653 -NAN 0 0
 661.660564898904 -NAN 0 0
 663.831812068991 -NAN 0 0
 666.003552497152 -NAN 0 0
 668.175792140625 -NAN 0 0
 670.348536956648 -NAN 0 0
 672.521792902459 -NAN 0 0
 674.695565935296 -NAN 0 0
 676.869862012397 -NAN 0 0
 679.044687091 -NAN 0 0
 681.220047128343 -NAN 0 0
 683.395948081664 -NAN 0 0
 685.572395908201 -NAN 0 0
 687.749396565192 -NAN 0 0
 689.926956009875 -NAN 0 0
 692.105080199488 -NAN 0 0
 694.283775091269 -NAN 0 0
 696.463046642456 -NAN 0 0
 698.642900810287 -NAN 0 0
 700.823343552 -NAN 0 0
 703.004380824833 -NAN 0 0
 705.186018586024 -NAN 0 0
 707.368262792811 -NAN 0 0
 709.551119402432 -NAN 0 0
 711.734594372125 -NAN 0 0
 713.918693659128 -NAN 0 0
 716.103423220679 -NAN 0 0
 718.288789014016 -NAN 0 0
 720.474796996377 -NAN 0 0
 722.661453125 -NAN 0 0
 724.848763357123 -NAN 0 0
 727.036733649984 -NAN 0 0
 729.225369960821 -NAN 0 0
 731.414678246872 -NAN 0 0
 733.604664465375 -NAN 0 0
 735.795334573568 -NAN 0 0
[END] of [DATA]
[END] of Spectrum


[Spectrum]
Version            = 1
IDData             = 12ad_2026-06-09_10-25-50_000_643
IDDevice           = SAM_82E6
IDDataType         = SPECTRUM
IDDataTypeSub1     = CALIBRATED
IDDataTypeSub2     = 
IDDataTypeSub3     = 
DateTime           = 2026-06-09 10:25:50
PositionLatitude   = 0
PositionLongitude  = 0
Comment            = 20260609_FrameF
CommentSub1        = UV
CommentSub2        = centre
CommentSub3        = 33.5cm
IDMethodType       = SAM Control
MethodName         = SAM_82E6
Mission            = No Mission
MissionSub         = 1
RecordType         = 0
[Attributes]
CalFactor = 1
IDBasisSpec = 
IDDataBack = DLAB_2024-11-11_10-40-48_641_639
IDDataCal = DLAB_2024-11-12_11-45-27_171_455
IntegrationTime = 128
P31 = -1
P31e = 0
PathLength = +INF
PathLengthCustomOn = 0
RAWDynamic = 65535
Salinity = 0
Temperature = -NAN
Unit1 = $01 $01 Wavelength nm
Unit2 = $03 $06 Intensity mW/(m^2 nm)
Unit3 = $f0 $06 Error mW/(m^2 nm)
Unit4 = $f1 $00 Status 
p999 = 7593
[END] of [Attributes]
[DATA]
 0 6 0 0
 185.260577530984 -NAN 0 0
 187.468128380571 -NAN 0 0
 189.674861895872 -NAN 0 0
 191.880784034125 -NAN 0 0
 194.085900752568 -NAN 0 0
 196.290218008439 -NAN 0 0
 198.493741758976 -NAN 0 0
 200.696477961417 -NAN 0 0
 202.898432573 -NAN 0 0
 205.099611550963 -NAN 0 0
 207.300020852544 -NAN 0 0
 209.499666434981 -NAN 0 0
 211.698554255512 -NAN 0 0
 213.896690271375 -NAN 0 0
 216.094080439808 -NAN 0 0
 218.290730718049 -NAN 0 0
 220.486647063336 -NAN 0 0
 222.681835432907 -NAN 0 0
 224.876301784 -NAN 0 0
 227.070052073853 -NAN 0 0
 229.263092259704 -NAN 0 0
 231.455428298791 -NAN 0 0
 233.647066148352 -NAN 0 0
 235.838011765625 -NAN 0 0
 238.028271107848 -NAN 0 0
 240.217850132259 -NAN 0 0
 242.406754796096 -NAN 0 0
 244.594991056597 -NAN 0 0
 246.782564871 -NAN 0 0
 248.969482196543 -NAN 0 0
 251.155748990464 -NAN 0 0
 253.341371210001 -NAN 0 0
 255.526354812392 -NAN 0 0
 257.710705754875 -NAN 0 0
 259.894429994688 -NAN 0 0
 262.077533489069 -NAN 0 0
 264.260022195256 -NAN 0 0
 266.441902070487 -NAN 0 0
 268.623179072 -NAN 0 0
 270.803859157033 -NAN 0 0
 272.983948282824 -NAN 0 0
 275.163452406611 -NAN 0 0
 277.342377485632 -NAN 0 0
 279.520729477125 6.01530991871229 0 0
 281.698514338328 3.35529455439264 0 0
 283.875738026479 18.8230551085624 0 0
 286.052406498816 19.4228073239584 0 0
 288.228525712577 20.4227153596828 0 0
 290.404101625 42.4094185158628 0 0
 292.579140193323 49.1153708572178 0 0
 294.753647374784 56.8715636164002 0 0
 296.927629126621 79.1252829131655 0 0
 299.101091406072 86.8939929165876 0 0
 301.274040170375 94.5239020338214 0 0
 303.446481376768 110.210829458439 0 0
 305.618420982489 113.827563937186 0 0
 307.789864944776 112.74654777866 0 0
 309.960819220867 126.828945484485 0 0
 312.131289768 129.648888477013 0 0
 314.301282543413 117.994261353366 0 0
 316.470803504344 115.63824991789 0 0
 318.639858608031 103.817674216907 0 0
 320.808453811712 87.7707854580229 0 0
 322.976595072625 92.0861847305994 0 0
 325.144288348008 81.825162082728 0 0
 327.311539595099 65.5344101873301 0 0
 329.478354771136 70.0728255622292 0 0
 331.644739833357 61.1455009646485 0 0
 333.810700739 46.3492291846182 0 0
 335.976243445303 51.1355051251054 0 0
 338.141373909504 43.0702291591578 0 0
 340.306098088841 29.2127201692131 0 0
 342.470421940552 34.8432290694651 0 0
 344.634351421875 29.383459700397 0 0
 346.797892490048 17.9158439110184 0 0
 348.961051102309 23.3923042996384 0 0
 351.123833215896 19.878420960821 0 0
 353.286244788047 10.1489613863555 0 0
 355.448291776 15.939247706454 0 0
 357.609980136993 13.8691533383831 0 0
 359.771315828264 6.23015028017531 0 0
 361.932304807051 18.5935957622624 0 0
 364.092953030592 24.989773094482 0 0
 366.253266456125 15.9725502769747 0 0
 368.413251040888 15.2119541910274 0 0
 370.572912742119 9.55045329688408 0 0
 372.732257517056 -1.72747316004206 0 0
 374.891291322937 6.2489773762936 0 0
 377.050020117 6.65491388048757 0 0
 379.208449856483 -3.94693729553431 0 0
 381.366586498624 5.06273220954765 0 0
 383.524436000661 5.82253325412115 0 0
 385.682004319832 -4.90227388804562 0 0
 387.839297413375 4.25478012862247 0 0
 389.996321238528 5.38003975082817 0 0
 392.153081752529 -5.06477381240171 0 0
 394.309584912616 3.48663752980451 0 0
 396.465836676027 5.23737983608209 0 0
 398.621843 -4.12055652389573 0 0
 400.777609841773 8.46168399103166 0 0
 402.933143158584 19.0134712053548 0 0
 405.088448907671 12.1921941741958 0 0
 407.243533046272 14.4535066750802 0 0
 409.398401531625 10.3694064566929 0 0
 411.553060320968 -0.256900152368706 0 0
 413.707515371539 6.51286266542946 0 0
 415.861772640576 10.8035199649062 0 0
 418.015838085317 5.9930433858343 0 0
 420.169717663 15.5798983039175 0 0
 422.323417330863 23.9138778962389 0 0
 424.476943046144 25.0179762837815 0 0
 426.630300766081 40.8565148542438 0 0
 428.783496447912 59.3269498906922 0 0
 430.936536048875 78.2248075932552 0 0
 433.089425526208 130.371814833313 0 0
 435.242170837149 185.231402291852 0 0
 437.394777938936 217.845067300471 0 0
 439.547252788807 255.698666181819 0 0
 441.699601344 322.105049293368 0 0
 443.851829561753 397.816515775114 0 0
 446.003943399304 478.516883447149 0 0
 448.155948813891 525.718555477534 0 0
 450.307851762752 511.679263206508 0 0
 452.459658203125 461.461249045304 0 0
 454.611374092248 389.78316511445 0 0
 456.763005387359 311.610626411011 0 0
 458.914558045696 263.024908457352 0 0
 461.066038024497 231.880937498902 0 0
 463.217451281 196.567928279043 0 0
 465.368803772443 174.141630452773 0 0
 467.520101456064 152.655357564765 0 0
 469.671350289101 119.402114109459 0 0
 471.822556228792 102.720063293344 0 0
 473.973725232375 94.0257366908147 0 0
 476.124863257088 76.7704244512207 0 0
 478.275976260169 75.2578429861501 0 0
 480.427070198856 78.1727417848482 0 0
 482.578151030387 68.2238397524589 0 0
 484.729224712 70.7878188002505 0 0
 486.880297200933 77.5262000257766 0 0
 489.031374454424 71.021741000295 0 0
 491.182462429711 77.1104891950865 0 0
 493.333567084032 87.4323711659035 0 0
 495.484694374625 83.6042501975339 0 0
 497.635850258728 90.4835244033889 0 0
 499.787040693579 101.528266788213 0 0
 501.938271636416 97.7184212619049 0 0
 504.089549044477 -NAN 0 0
 506.240878875 -NAN 0 0
 508.392267085223 -NAN 0 0
 510.543719632384 -NAN 0 0
 512.695242473721 -NAN 0 0
 514.846841566472 -NAN 0 0
 516.998522867875 -NAN 0 0
 519.150292335168 -NAN 0 0
 521.302155925589 -NAN 0 0
 523.454119596376 -NAN 0 0
 525.606189304767 -NAN 0 0
 527.758371008 -NAN 0 0
 529.910670663313 -NAN 0 0
 532.063094227944 -NAN 0 0
 534.215647659131 -NAN 0 0
 536.368336914112 -NAN 0 0
 538.521167950125 -NAN 0 0
 540.674146724408 -NAN 0 0
 542.827279194199 -NAN 0 0
 544.980571316736 -NAN 0 0
 547.134029049257 -NAN 0 0
 549.287658349 -NAN 0 0
 551.441465173203 -NAN 0 0
 553.595455479104 -NAN 0 0
 555.749635223941 -NAN 0 0
 557.904010364952 -NAN 0 0
 560.058586859375 -NAN 0 0
 562.213370664448 -NAN 0 0
 564.368367737409 -NAN 0 0
 566.523584035496 -NAN 0 0
 568.679025515947 -NAN 0 0
 570.834698136 -NAN 0 0
 572.990607852893 -NAN 0 0
 575.146760623864 -NAN 0 0
 577.303162406151 -NAN 0 0
 579.459819156992 -NAN 0 0
 581.616736833625 -NAN 0 0
 583.773921393288 -NAN 0 0
 585.931378793219 -NAN 0 0
 588.089114990656 -NAN 0 0
 590.247135942837 -NAN 0 0
 592.405447607 -NAN 0 0
 594.564055940383 -NAN 0 0
 596.722966900224 -NAN 0 0
 598.882186443761 -NAN 0 0
 601.041720528232 -NAN 0 0
 603.201575110875 -NAN 0 0
 605.361756148928 -NAN 0 0
 607.522269599629 -NAN 0 0
 609.683121420216 -NAN 0 0
 611.844317567927 -NAN 0 0
 614.005864 -NAN 0 0
 616.167766673673 -NAN 0 0
 618.330031546184 -NAN 0 0
 620.492664574771 -NAN 0 0
 622.655671716672 -NAN 0 0
 624.819058929125 -NAN 0 0
 626.982832169368 -NAN 0 0
 629.146997394639 -NAN 0 0
 631.311560562176 -NAN 0 0
 633.476527629217 -NAN 0 0
 635.641904553 -NAN 0 0
 637.807697290763 -NAN 0 0
 639.973911799744 -NAN 0 0
 642.140554037181 -NAN 0 0
 644.307629960312 -NAN 0 0
 646.475145526375 -NAN 0 0
 648.643106692608 -NAN 0 0
 650.811519416249 -NAN 0 0
 652.980389654536 -NAN 0 0
 655.149723364707 -NAN 0 0
 657.319526504 -NAN 0 0
 659.489805029653 -NAN 0 0
 661.660564898904 -NAN 0 0
 663.831812068991 -NAN 0 0
 666.003552497152 -NAN 0 0
 668.175792140625 -NAN 0 0
 670.348536956648 -NAN 0 0
 672.521792902459 -NAN 0 0
 674.695565935296 -NAN 0 0
 676.869862012397 -NAN 0 0
 679.044687091 -NAN 0 0
 681.220047128343 -NAN 0 0
 683.395948081664 -NAN 0 0
 685.572395908201 -NAN 0 0
 687.749396565192 -NAN 0 0
 689.926956009875 -NAN 0 0
 692.105080199488 -NAN 0 0
 694.283775091269 -NAN 0 0
 696.463046642456 -NAN 0 0
 698.642900810287 -NAN 0 0
 700.823343552 -NAN 0 0
 703.004380824833 -NAN 0 0
 705.186018586024 -NAN 0 0
 707.368262792811 -NAN 0 0
 709.551119402432 -NAN 0 0
 711.734594372125 -NAN 0 0
 713.918693659128 -NAN 0 0
 716.103423220679 -NAN 0 0
 718.288789014016 -NAN 0 0
 720.474796996377 -NAN 0 0
 722.661453125 -NAN 0 0
 724.848763357123 -NAN 0 0
 727.036733649984 -NAN 0 0
 729.225369960821 -NAN 0 0
 731.414678246872 -NAN 0 0
 733.604664465375 -NAN 0 0
 735.795334573568 -NAN 0 0
[END] of [DATA]
[END] of Spectrum


[Spectrum]
Version            = 1
IDData             = 12ad_2026-06-09_10-25-45_000_640
IDDevice           = SAM_82E6
IDDataType         = SPECTRUM
IDDataTypeSub1     = CALIBRATED
IDDataTypeSub2     = 
IDDataTypeSub3     = 
DateTime           = 2026-06-09 10:25:45
PositionLatitude   = 0
PositionLongitude  = 0
Comment            = 20260609_FrameF
CommentSub1        = UV
CommentSub2        = centre
CommentSub3        = 33.5cm
IDMethodType       = SAM Control
MethodName         = SAM_82E6
Mission            = No Mission
MissionSub         = 1
RecordType         = 0
[Attributes]
CalFactor = 1
IDBasisSpec = 
IDDataBack = DLAB_2024-11-11_10-40-48_641_639
IDDataCal = DLAB_2024-11-12_11-45-27_171_455
IntegrationTime = 128
P31 = -1
P31e = 0
PathLength = +INF
PathLengthCustomOn = 0
RAWDynamic = 65535
Salinity = 0
Temperature = -NAN
Unit1 = $01 $01 Wavelength nm
Unit2 = $03 $06 Intensity mW/(m^2 nm)
Unit3 = $f0 $06 Error mW/(m^2 nm)
Unit4 = $f1 $00 Status 
p999 = 7592
[END] of [Attributes]
[DATA]
 0 6 0 0
 185.260577530984 -NAN 0 0
 187.468128380571 -NAN 0 0
 189.674861895872 -NAN 0 0
 191.880784034125 -NAN 0 0
 194.085900752568 -NAN 0 0
 196.290218008439 -NAN 0 0
 198.493741758976 -NAN 0 0
 200.696477961417 -NAN 0 0
 202.898432573 -NAN 0 0
 205.099611550963 -NAN 0 0
 207.300020852544 -NAN 0 0
 209.499666434981 -NAN 0 0
 211.698554255512 -NAN 0 0
 213.896690271375 -NAN 0 0
 216.094080439808 -NAN 0 0
 218.290730718049 -NAN 0 0
 220.486647063336 -NAN 0 0
 222.681835432907 -NAN 0 0
 224.876301784 -NAN 0 0
 227.070052073853 -NAN 0 0
 229.263092259704 -NAN 0 0
 231.455428298791 -NAN 0 0
 233.647066148352 -NAN 0 0
 235.838011765625 -NAN 0 0
 238.028271107848 -NAN 0 0
 240.217850132259 -NAN 0 0
 242.406754796096 -NAN 0 0
 244.594991056597 -NAN 0 0
 246.782564871 -NAN 0 0
 248.969482196543 -NAN 0 0
 251.155748990464 -NAN 0 0
 253.341371210001 -NAN 0 0
 255.526354812392 -NAN 0 0
 257.710705754875 -NAN 0 0
 259.894429994688 -NAN 0 0
 262.077533489069 -NAN 0 0
 264.260022195256 -NAN 0 0
 266.441902070487 -NAN 0 0
 268.623179072 -NAN 0 0
 270.803859157033 -NAN 0 0
 272.983948282824 -NAN 0 0
 275.163452406611 -NAN 0 0
 277.342377485632 -NAN 0 0
 279.520729477125 9.72760820051734 0 0
 281.698514338328 2.40478505866923 0 0
 283.875738026479 11.1876022783343 0 0
 286.052406498816 23.5156371701595 0 0
 288.228525712577 19.2006218013154 0 0
 290.404101625 34.0235588422642 0 0
 292.579140193323 52.251650543342 0 0
 294.753647374784 55.2605519353044 0 0
 296.927629126621 71.0033507804167 0 0
 299.101091406072 88.6446353595738 0 0
 301.274040170375 92.6360102170992 0 0
 303.446481376768 102.221474476083 0 0
 305.618420982489 114.613700614038 0 0
 307.789864944776 110.487957737367 0 0
 309.960819220867 118.67072630458 0 0
 312.131289768 130.046102225228 0 0
 314.301282543413 116.165172717229 0 0
 316.470803504344 106.964981754232 0 0
 318.639858608031 105.035931712704 0 0
 320.808453811712 86.6832740085862 0 0
 322.976595072625 82.8880863942745 0 0
 325.144288348008 83.9979253676065 0 0
 327.311539595099 65.5769239800852 0 0
 329.478354771136 60.6915522306033 0 0
 331.644739833357 63.5867846247393 0 0
 333.810700739 46.978320980467 0 0
 335.976243445303 42.5429072779723 0 0
 338.141373909504 45.7147246859019 0 0
 340.306098088841 30.5225010688572 0 0
 342.470421940552 27.3387770116424 0 0
 344.634351421875 31.8872375534558 0 0
 346.797892490048 19.7121076836184 0 0
 348.961051102309 16.9099034334873 0 0
 351.123833215896 22.167622422874 0 0
 353.286244788047 12.0255742077954 0 0
 355.448291776 10.1811877522804 0 0
 357.609980136993 16.2517366606734 0 0
 359.771315828264 8.41039458487906 0 0
 361.932304807051 12.8738597264112 0 0
 364.092953030592 27.3189368599681 0 0
 366.253266456125 18.5919726660434 0 0
 368.413251040888 9.1589384265257 0 0
 370.572912742119 12.3450379323354 0 0
 372.732257517056 1.76208766988469 0 0
 374.891291322937 -0.00414045023006092 0 0
 377.050020117 9.74898660923789 0 0
 379.208449856483 -0.0270962552223077 0 0
 381.366586498624 -1.53580512756036 0 0
 383.524436000661 8.95919223522491 0 0
 385.682004319832 -0.431808606797005 0 0
 387.839297413375 -2.33507475189954 0 0
 389.996321238528 8.35368180761056 0 0
 392.153081752529 -0.403740381180356 0 0
 394.309584912616 -2.53654607849711 0 0
 396.465836676027 7.98283652203796 0 0
 398.621843 0.64681283793235 0 0
 400.777609841773 2.62372830347015 0 0
 402.933143158584 21.0576526888348 0 0
 405.088448907671 16.3627801563032 0 0
 407.243533046272 9.07778832755177 0 0
 409.398401531625 12.2588822053585 0 0
 411.553060320968 4.00382923924756 0 0
 413.707515371539 2.13344133690543 0 0
 415.861772640576 12.3211644378612 0 0
 418.015838085317 10.1087960095624 0 0
 420.169717663 11.8099957292647 0 0
 422.323417330863 25.3412519307771 0 0
 424.476943046144 28.8144174255152 0 0
 426.630300766081 37.618691509576 0 0
 428.783496447912 60.5197503155961 0 0
 430.936536048875 81.7788009500553 0 0
 433.089425526208 126.620898330965 0 0
 435.242170837149 185.139492555872 0 0
 437.394777938936 220.328502147914 0 0
 439.547252788807 252.300862145575 0 0
 441.699601344 322.765074880876 0 0
 443.851829561753 401.471867813809 0 0
 446.003943399304 475.215270064532 0 0
 448.155948813891 526.186218931806 0 0
 450.307851762752 515.649947433966 0 0
 452.459658203125 458.053355309249 0 0
 454.611374092248 390.170203611051 0 0
 456.763005387359 316.225374497387 0 0
 458.914558045696 259.550762411277 0 0
 461.066038024497 232.222264835023 0 0
 463.217451281 201.739339212497 0 0
 465.368803772443 170.619282352585 0 0
 467.520101456064 152.551468513605 0 0
 469.671350289101 124.830846556391 0 0
 471.822556228792 99.1511681526874 0 0
 473.973725232375 93.8991109796556 0 0
 476.124863257088 82.3824578605921 0 0
 478.275976260169 71.729637088166 0 0
 480.427070198856 77.7439075605697 0 0
 482.578151030387 73.9820441355503 0 0
 484.729224712 67.3802583778826 0 0
 486.880297200933 76.7331096446537 0 0
 489.031374454424 76.6935981526922 0 0
 491.182462429711 73.5443511521866 0 0
 493.333567084032 86.262259729619 0 0
 495.484694374625 89.1948548019281 0 0
 497.635850258728 87.2371129533878 0 0
 499.787040693579 100.248667159801 0 0
 501.938271636416 103.096328525994 0 0
 504.089549044477 -NAN 0 0
 506.240878875 -NAN 0 0
 508.392267085223 -NAN 0 0
 510.543719632384 -NAN 0 0
 512.695242473721 -NAN 0 0
 514.846841566472 -NAN 0 0
 516.998522867875 -NAN 0 0
 519.150292335168 -NAN 0 0
 521.302155925589 -NAN 0 0
 523.454119596376 -NAN 0 0
 525.606189304767 -NAN 0 0
 527.758371008 -NAN 0 0
 529.910670663313 -NAN 0 0
 532.063094227944 -NAN 0 0
 534.215647659131 -NAN 0 0
 536.368336914112 -NAN 0 0
 538.521167950125 -NAN 0 0
 540.674146724408 -NAN 0 0
 542.827279194199 -NAN 0 0
 544.980571316736 -NAN 0 0
 547.134029049257 -NAN 0 0
 549.287658349 -NAN 0 0
 551.441465173203 -NAN 0 0
 553.595455479104 -NAN 0 0
 555.749635223941 -NAN 0 0
 557.904010364952 -NAN 0 0
 560.058586859375 -NAN 0 0
 562.213370664448 -NAN 0 0
 564.368367737409 -NAN 0 0
 566.523584035496 -NAN 0 0
 568.679025515947 -NAN 0 0
 570.834698136 -NAN 0 0
 572.990607852893 -NAN 0 0
 575.146760623864 -NAN 0 0
 577.303162406151 -NAN 0 0
 579.459819156992 -NAN 0 0
 581.616736833625 -NAN 0 0
 583.773921393288 -NAN 0 0
 585.931378793219 -NAN 0 0
 588.089114990656 -NAN 0 0
 590.247135942837 -NAN 0 0
 592.405447607 -NAN 0 0
 594.564055940383 -NAN 0 0
 596.722966900224 -NAN 0 0
 598.882186443761 -NAN 0 0
 601.041720528232 -NAN 0 0
 603.201575110875 -NAN 0 0
 605.361756148928 -NAN 0 0
 607.522269599629 -NAN 0 0
 609.683121420216 -NAN 0 0
 611.844317567927 -NAN 0 0
 614.005864 -NAN 0 0
 616.167766673673 -NAN 0 0
 618.330031546184 -NAN 0 0
 620.492664574771 -NAN 0 0
 622.655671716672 -NAN 0 0
 624.819058929125 -NAN 0 0
 626.982832169368 -NAN 0 0
 629.146997394639 -NAN 0 0
 631.311560562176 -NAN 0 0
 633.476527629217 -NAN 0 0
 635.641904553 -NAN 0 0
 637.807697290763 -NAN 0 0
 639.973911799744 -NAN 0 0
 642.140554037181 -NAN 0 0
 644.307629960312 -NAN 0 0
 646.475145526375 -NAN 0 0
 648.643106692608 -NAN 0 0
 650.811519416249 -NAN 0 0
 652.980389654536 -NAN 0 0
 655.149723364707 -NAN 0 0
 657.319526504 -NAN 0 0
 659.489805029653 -NAN 0 0
 661.660564898904 -NAN 0 0
 663.831812068991 -NAN 0 0
 666.003552497152 -NAN 0 0
 668.175792140625 -NAN 0 0
 670.348536956648 -NAN 0 0
 672.521792902459 -NAN 0 0
 674.695565935296 -NAN 0 0
 676.869862012397 -NAN 0 0
 679.044687091 -NAN 0 0
 681.220047128343 -NAN 0 0
 683.395948081664 -NAN 0 0
 685.572395908201 -NAN 0 0
 687.749396565192 -NAN 0 0
 689.926956009875 -NAN 0 0
 692.105080199488 -NAN 0 0
 694.283775091269 -NAN 0 0
 696.463046642456 -NAN 0 0
 698.642900810287 -NAN 0 0
 700.823343552 -NAN 0 0
 703.004380824833 -NAN 0 0
 705.186018586024 -NAN 0 0
 707.368262792811 -NAN 0 0
 709.551119402432 -NAN 0 0
 711.734594372125 -NAN 0 0
 713.918693659128 -NAN 0 0
 716.103423220679 -NAN 0 0
 718.288789014016 -NAN 0 0
 720.474796996377 -NAN 0 0
 722.661453125 -NAN 0 0
 724.848763357123 -NAN 0 0
 727.036733649984 -NAN 0 0
 729.225369960821 -NAN 0 0
 731.414678246872 -NAN 0 0
 733.604664465375 -NAN 0 0
 735.795334573568 -NAN 0 0
[END] of [DATA]
[END] of Spectrum


