[Spectrum]
Version            = 1
IDData             = 12ad_2026-06-05_12-45-15_000_109
IDDevice           = SAM_82E6
IDDataType         = SPECTRUM
IDDataTypeSub1     = CALIBRATED
IDDataTypeSub2     = 
IDDataTypeSub3     = 
DateTime           = 2026-06-05 12:45:15
PositionLatitude   = 0
PositionLongitude  = 0
Comment            = 20260605_FrameB
CommentSub1        = UV
CommentSub2        = left
CommentSub3        = 17cm
IDMethodType       = SAM Control
MethodName         = SAM_82E6
Mission            = No Mission
MissionSub         = 1
RecordType         = 0
[Attributes]
CalFactor = 1
IDBasisSpec = 
IDDataBack = DLAB_2024-11-11_10-40-48_641_639
IDDataCal = DLAB_2024-11-12_11-45-27_171_455
IntegrationTime = 128
P31 = -1
P31e = 0
PathLength = +INF
PathLengthCustomOn = 0
RAWDynamic = 65535
Salinity = 0
Temperature = -NAN
Unit1 = $01 $01 Wavelength nm
Unit2 = $03 $06 Intensity mW/(m^2 nm)
Unit3 = $f0 $06 Error mW/(m^2 nm)
Unit4 = $f1 $00 Status 
p999 = 6630
[END] of [Attributes]
[DATA]
 0 6 0 0
 185.260577530984 -NAN 0 0
 187.468128380571 -NAN 0 0
 189.674861895872 -NAN 0 0
 191.880784034125 -NAN 0 0
 194.085900752568 -NAN 0 0
 196.290218008439 -NAN 0 0
 198.493741758976 -NAN 0 0
 200.696477961417 -NAN 0 0
 202.898432573 -NAN 0 0
 205.099611550963 -NAN 0 0
 207.300020852544 -NAN 0 0
 209.499666434981 -NAN 0 0
 211.698554255512 -NAN 0 0
 213.896690271375 -NAN 0 0
 216.094080439808 -NAN 0 0
 218.290730718049 -NAN 0 0
 220.486647063336 -NAN 0 0
 222.681835432907 -NAN 0 0
 224.876301784 -NAN 0 0
 227.070052073853 -NAN 0 0
 229.263092259704 -NAN 0 0
 231.455428298791 -NAN 0 0
 233.647066148352 -NAN 0 0
 235.838011765625 -NAN 0 0
 238.028271107848 -NAN 0 0
 240.217850132259 -NAN 0 0
 242.406754796096 -NAN 0 0
 244.594991056597 -NAN 0 0
 246.782564871 -NAN 0 0
 248.969482196543 -NAN 0 0
 251.155748990464 -NAN 0 0
 253.341371210001 -NAN 0 0
 255.526354812392 -NAN 0 0
 257.710705754875 -NAN 0 0
 259.894429994688 -NAN 0 0
 262.077533489069 -NAN 0 0
 264.260022195256 -NAN 0 0
 266.441902070487 -NAN 0 0
 268.623179072 -NAN 0 0
 270.803859157033 -NAN 0 0
 272.983948282824 -NAN 0 0
 275.163452406611 -NAN 0 0
 277.342377485632 -NAN 0 0
 279.520729477125 2.06391023801204 0 0
 281.698514338328 8.66742671549883 0 0
 283.875738026479 11.6733791922604 0 0
 286.052406498816 12.9605208232698 0 0
 288.228525712577 23.8454369434339 0 0
 290.404101625 31.3567187796008 0 0
 292.579140193323 38.1475541211583 0 0
 294.753647374784 54.8690911529821 0 0
 296.927629126621 62.8699918242826 0 0
 299.101091406072 70.5852510294091 0 0
 301.274040170375 86.0382518459361 0 0
 303.446481376768 89.7792691501776 0 0
 305.618420982489 94.0192856185315 0 0
 307.789864944776 101.524145107797 0 0
 309.960819220867 103.733263659907 0 0
 312.131289768 106.532848733151 0 0
 314.301282543413 106.183674400257 0 0
 316.470803504344 94.0363264918244 0 0
 318.639858608031 85.7033301848991 0 0
 320.808453811712 83.139876850201 0 0
 322.976595072625 74.1835719925239 0 0
 325.144288348008 67.8111998193953 0 0
 327.311539595099 65.9492861649057 0 0
 329.478354771136 55.2862014636574 0 0
 331.644739833357 50.238929270356 0 0
 333.810700739 49.4325190922726 0 0
 335.976243445303 39.5367336444295 0 0
 338.141373909504 35.2771831273453 0 0
 340.306098088841 34.0433007099732 0 0
 342.470421940552 25.7622004495034 0 0
 344.634351421875 23.8766574811378 0 0
 346.797892490048 23.3457064919444 0 0
 348.961051102309 16.4958624861042 0 0
 351.123833215896 16.0041293910581 0 0
 353.286244788047 15.6981087706133 0 0
 355.448291776 10.1639770369307 0 0
 357.609980136993 10.9340248501145 0 0
 359.771315828264 11.9555772332774 0 0
 361.932304807051 11.2158060857632 0 0
 364.092953030592 18.7248532037005 0 0
 366.253266456125 18.8885991871417 0 0
 368.413251040888 8.37579238529436 0 0
 370.572912742119 7.23817000975332 0 0
 372.732257517056 5.56864411912814 0 0
 374.891291322937 0.869763352659722 0 0
 377.050020117 4.66163029018699 0 0
 379.208449856483 3.77938986746553 0 0
 381.366586498624 -0.311917071459371 0 0
 383.524436000661 3.89676392045753 0 0
 385.682004319832 2.79693978277804 0 0
 387.839297413375 -1.03155583337014 0 0
 389.996321238528 3.78014447323008 0 0
 392.153081752529 2.19666945808991 0 0
 394.309584912616 -1.03654563268959 0 0
 396.465836676027 3.80490928160047 0 0
 398.621843 2.72731246480306 0 0
 400.777609841773 5.15450615332417 0 0
 402.933143158584 19.4861802526816 0 0
 405.088448907671 19.9031715555472 0 0
 407.243533046272 12.7796089620045 0 0
 409.398401531625 9.82742827044742 0 0
 411.553060320968 4.93913820225315 0 0
 413.707515371539 4.5792988286895 0 0
 415.861772640576 10.2289175181854 0 0
 418.015838085317 10.7477353946646 0 0
 420.169717663 15.0472872249891 0 0
 422.323417330863 24.5355501024297 0 0
 424.476943046144 30.8932729677037 0 0
 426.630300766081 43.2449598541627 0 0
 428.783496447912 63.2526541866481 0 0
 430.936536048875 88.247349025845 0 0
 433.089425526208 140.335667497762 0 0
 435.242170837149 198.922756092575 0 0
 437.394777938936 238.271258972954 0 0
 439.547252788807 276.353205975568 0 0
 441.699601344 347.326575012772 0 0
 443.851829561753 433.70124150236 0 0
 446.003943399304 519.230507712132 0 0
 448.155948813891 570.030764541453 0 0
 450.307851762752 560.89212011693 0 0
 452.459658203125 505.241428889599 0 0
 454.611374092248 424.492054764146 0 0
 456.763005387359 343.974390703679 0 0
 458.914558045696 288.457733419181 0 0
 461.066038024497 250.399219092919 0 0
 463.217451281 216.997026822949 0 0
 465.368803772443 191.046156921011 0 0
 467.520101456064 162.944657714193 0 0
 469.671350289101 132.471124444816 0 0
 471.822556228792 113.496705618532 0 0
 473.973725232375 98.0832649136075 0 0
 476.124863257088 85.1148505325843 0 0
 478.275976260169 83.0532333402788 0 0
 480.427070198856 79.7510745012186 0 0
 482.578151030387 74.7477212448352 0 0
 484.729224712 77.8432235055336 0 0
 486.880297200933 77.6011465074906 0 0
 489.031374454424 76.8368212174993 0 0
 491.182462429711 84.22154491671 0 0
 493.333567084032 86.7855255479385 0 0
 495.484694374625 89.2966832762113 0 0
 497.635850258728 98.0614101367979 0 0
 499.787040693579 101.092311434778 0 0
 501.938271636416 103.931480824759 0 0
 504.089549044477 -NAN 0 0
 506.240878875 -NAN 0 0
 508.392267085223 -NAN 0 0
 510.543719632384 -NAN 0 0
 512.695242473721 -NAN 0 0
 514.846841566472 -NAN 0 0
 516.998522867875 -NAN 0 0
 519.150292335168 -NAN 0 0
 521.302155925589 -NAN 0 0
 523.454119596376 -NAN 0 0
 525.606189304767 -NAN 0 0
 527.758371008 -NAN 0 0
 529.910670663313 -NAN 0 0
 532.063094227944 -NAN 0 0
 534.215647659131 -NAN 0 0
 536.368336914112 -NAN 0 0
 538.521167950125 -NAN 0 0
 540.674146724408 -NAN 0 0
 542.827279194199 -NAN 0 0
 544.980571316736 -NAN 0 0
 547.134029049257 -NAN 0 0
 549.287658349 -NAN 0 0
 551.441465173203 -NAN 0 0
 553.595455479104 -NAN 0 0
 555.749635223941 -NAN 0 0
 557.904010364952 -NAN 0 0
 560.058586859375 -NAN 0 0
 562.213370664448 -NAN 0 0
 564.368367737409 -NAN 0 0
 566.523584035496 -NAN 0 0
 568.679025515947 -NAN 0 0
 570.834698136 -NAN 0 0
 572.990607852893 -NAN 0 0
 575.146760623864 -NAN 0 0
 577.303162406151 -NAN 0 0
 579.459819156992 -NAN 0 0
 581.616736833625 -NAN 0 0
 583.773921393288 -NAN 0 0
 585.931378793219 -NAN 0 0
 588.089114990656 -NAN 0 0
 590.247135942837 -NAN 0 0
 592.405447607 -NAN 0 0
 594.564055940383 -NAN 0 0
 596.722966900224 -NAN 0 0
 598.882186443761 -NAN 0 0
 601.041720528232 -NAN 0 0
 603.201575110875 -NAN 0 0
 605.361756148928 -NAN 0 0
 607.522269599629 -NAN 0 0
 609.683121420216 -NAN 0 0
 611.844317567927 -NAN 0 0
 614.005864 -NAN 0 0
 616.167766673673 -NAN 0 0
 618.330031546184 -NAN 0 0
 620.492664574771 -NAN 0 0
 622.655671716672 -NAN 0 0
 624.819058929125 -NAN 0 0
 626.982832169368 -NAN 0 0
 629.146997394639 -NAN 0 0
 631.311560562176 -NAN 0 0
 633.476527629217 -NAN 0 0
 635.641904553 -NAN 0 0
 637.807697290763 -NAN 0 0
 639.973911799744 -NAN 0 0
 642.140554037181 -NAN 0 0
 644.307629960312 -NAN 0 0
 646.475145526375 -NAN 0 0
 648.643106692608 -NAN 0 0
 650.811519416249 -NAN 0 0
 652.980389654536 -NAN 0 0
 655.149723364707 -NAN 0 0
 657.319526504 -NAN 0 0
 659.489805029653 -NAN 0 0
 661.660564898904 -NAN 0 0
 663.831812068991 -NAN 0 0
 666.003552497152 -NAN 0 0
 668.175792140625 -NAN 0 0
 670.348536956648 -NAN 0 0
 672.521792902459 -NAN 0 0
 674.695565935296 -NAN 0 0
 676.869862012397 -NAN 0 0
 679.044687091 -NAN 0 0
 681.220047128343 -NAN 0 0
 683.395948081664 -NAN 0 0
 685.572395908201 -NAN 0 0
 687.749396565192 -NAN 0 0
 689.926956009875 -NAN 0 0
 692.105080199488 -NAN 0 0
 694.283775091269 -NAN 0 0
 696.463046642456 -NAN 0 0
 698.642900810287 -NAN 0 0
 700.823343552 -NAN 0 0
 703.004380824833 -NAN 0 0
 705.186018586024 -NAN 0 0
 707.368262792811 -NAN 0 0
 709.551119402432 -NAN 0 0
 711.734594372125 -NAN 0 0
 713.918693659128 -NAN 0 0
 716.103423220679 -NAN 0 0
 718.288789014016 -NAN 0 0
 720.474796996377 -NAN 0 0
 722.661453125 -NAN 0 0
 724.848763357123 -NAN 0 0
 727.036733649984 -NAN 0 0
 729.225369960821 -NAN 0 0
 731.414678246872 -NAN 0 0
 733.604664465375 -NAN 0 0
 735.795334573568 -NAN 0 0
[END] of [DATA]
[END] of Spectrum


[Spectrum]
Version            = 1
IDData             = 12ad_2026-06-05_12-45-10_000_106
IDDevice           = SAM_82E6
IDDataType         = SPECTRUM
IDDataTypeSub1     = CALIBRATED
IDDataTypeSub2     = 
IDDataTypeSub3     = 
DateTime           = 2026-06-05 12:45:10
PositionLatitude   = 0
PositionLongitude  = 0
Comment            = 20260605_FrameB
CommentSub1        = UV
CommentSub2        = left
CommentSub3        = 17cm
IDMethodType       = SAM Control
MethodName         = SAM_82E6
Mission            = No Mission
MissionSub         = 1
RecordType         = 0
[Attributes]
CalFactor = 1
IDBasisSpec = 
IDDataBack = DLAB_2024-11-11_10-40-48_641_639
IDDataCal = DLAB_2024-11-12_11-45-27_171_455
IntegrationTime = 128
P31 = -1
P31e = 0
PathLength = +INF
PathLengthCustomOn = 0
RAWDynamic = 65535
Salinity = 0
Temperature = -NAN
Unit1 = $01 $01 Wavelength nm
Unit2 = $03 $06 Intensity mW/(m^2 nm)
Unit3 = $f0 $06 Error mW/(m^2 nm)
Unit4 = $f1 $00 Status 
p999 = 6629
[END] of [Attributes]
[DATA]
 0 6 0 0
 185.260577530984 -NAN 0 0
 187.468128380571 -NAN 0 0
 189.674861895872 -NAN 0 0
 191.880784034125 -NAN 0 0
 194.085900752568 -NAN 0 0
 196.290218008439 -NAN 0 0
 198.493741758976 -NAN 0 0
 200.696477961417 -NAN 0 0
 202.898432573 -NAN 0 0
 205.099611550963 -NAN 0 0
 207.300020852544 -NAN 0 0
 209.499666434981 -NAN 0 0
 211.698554255512 -NAN 0 0
 213.896690271375 -NAN 0 0
 216.094080439808 -NAN 0 0
 218.290730718049 -NAN 0 0
 220.486647063336 -NAN 0 0
 222.681835432907 -NAN 0 0
 224.876301784 -NAN 0 0
 227.070052073853 -NAN 0 0
 229.263092259704 -NAN 0 0
 231.455428298791 -NAN 0 0
 233.647066148352 -NAN 0 0
 235.838011765625 -NAN 0 0
 238.028271107848 -NAN 0 0
 240.217850132259 -NAN 0 0
 242.406754796096 -NAN 0 0
 244.594991056597 -NAN 0 0
 246.782564871 -NAN 0 0
 248.969482196543 -NAN 0 0
 251.155748990464 -NAN 0 0
 253.341371210001 -NAN 0 0
 255.526354812392 -NAN 0 0
 257.710705754875 -NAN 0 0
 259.894429994688 -NAN 0 0
 262.077533489069 -NAN 0 0
 264.260022195256 -NAN 0 0
 266.441902070487 -NAN 0 0
 268.623179072 -NAN 0 0
 270.803859157033 -NAN 0 0
 272.983948282824 -NAN 0 0
 275.163452406611 -NAN 0 0
 277.342377485632 -NAN 0 0
 279.520729477125 3.8683786077992 0 0
 281.698514338328 9.47934748144688 0 0
 283.875738026479 8.89004693252675 0 0
 286.052406498816 15.0381510147965 0 0
 288.228525712577 24.3998920513919 0 0
 290.404101625 28.2027514426777 0 0
 292.579140193323 40.2153843681444 0 0
 294.753647374784 54.5611237543019 0 0
 296.927629126621 60.3446638561667 0 0
 299.101091406072 72.7839816674686 0 0
 301.274040170375 85.4221052235148 0 0
 303.446481376768 87.469291598888 0 0
 305.618420982489 96.1583086695008 0 0
 307.789864944776 100.552513140198 0 0
 309.960819220867 101.661557981291 0 0
 312.131289768 108.66970116335 0 0
 314.301282543413 104.645286437378 0 0
 316.470803504344 92.3759558150514 0 0
 318.639858608031 88.3546804476623 0 0
 320.808453811712 81.0433890498792 0 0
 322.976595072625 72.6268841988667 0 0
 325.144288348008 70.8386314528772 0 0
 327.311539595099 63.5347959349871 0 0
 329.478354771136 54.2018589460174 0 0
 331.644739833357 53.476702080919 0 0
 333.810700739 47.0745350198321 0 0
 335.976243445303 38.8171708066134 0 0
 338.141373909504 38.373897220001 0 0
 340.306098088841 31.8078508221868 0 0
 342.470421940552 25.6797051642752 0 0
 344.634351421875 26.6495505830941 0 0
 346.797892490048 21.1604736979744 0 0
 348.961051102309 16.7769014531827 0 0
 351.123833215896 18.2306436737101 0 0
 353.286244788047 13.4507531488889 0 0
 355.448291776 10.9868643645868 0 0
 357.609980136993 12.7940460774485 0 0
 359.771315828264 9.487071718085 0 0
 361.932304807051 12.4115811948133 0 0
 364.092953030592 20.1982214605882 0 0
 366.253266456125 16.3766163253999 0 0
 368.413251040888 9.73963030539539 0 0
 370.572912742119 8.58333861405372 0 0
 372.732257517056 3.04441974308768 0 0
 374.891291322937 2.89049783841871 0 0
 377.050020117 5.76655773366848 0 0
 379.208449856483 0.970706908555792 0 0
 381.366586498624 1.9139763331123 0 0
 383.524436000661 4.88167768298808 0 0
 385.682004319832 -0.313753048940295 0 0
 387.839297413375 1.81209902476954 0 0
 389.996321238528 3.96977209612362 0 0
 392.153081752529 -0.613271803661579 0 0
 394.309584912616 1.74936428620563 0 0
 396.465836676027 3.40618036437363 0 0
 398.621843 0.231509022109311 0 0
 400.777609841773 8.02211414866237 0 0
 402.933143158584 18.4938714482396 0 0
 405.088448907671 17.7914669006893 0 0
 407.243533046272 15.3563897566541 0 0
 409.398401531625 8.76524269190709 0 0
 411.553060320968 3.38065758347143 0 0
 413.707515371539 7.03258086619884 0 0
 415.861772640576 9.11747513012349 0 0
 418.015838085317 9.71265359079895 0 0
 420.169717663 17.23543895778 0 0
 422.323417330863 23.3736914431424 0 0
 424.476943046144 30.1183622553508 0 0
 426.630300766081 45.4124283741469 0 0
 428.783496447912 62.1677537295093 0 0
 430.936536048875 87.9581184048766 0 0
 433.089425526208 142.281156890195 0 0
 435.242170837149 197.405046626252 0 0
 437.394777938936 238.091415767072 0 0
 439.547252788807 278.253096878004 0 0
 441.699601344 345.780487677651 0 0
 443.851829561753 434.100509403083 0 0
 446.003943399304 521.194022278886 0 0
 448.155948813891 568.522484095126 0 0
 450.307851762752 561.565774697423 0 0
 452.459658203125 506.967144037811 0 0
 454.611374092248 422.686192098189 0 0
 456.763005387359 344.809087046782 0 0
 458.914558045696 290.155384216186 0 0
 461.066038024497 248.170911976214 0 0
 463.217451281 218.072023873787 0 0
 465.368803772443 192.632638549595 0 0
 467.520101456064 160.698726371073 0 0
 469.671350289101 133.747390756866 0 0
 471.822556228792 114.529663017589 0 0
 473.973725232375 95.4571577734824 0 0
 476.124863257088 86.7987926938891 0 0
 478.275976260169 83.6033000865787 0 0
 480.427070198856 77.1546781978598 0 0
 482.578151030387 76.8873757907523 0 0
 484.729224712 78.0946833595949 0 0
 486.880297200933 75.0943544847877 0 0
 489.031374454424 79.0220918860003 0 0
 491.182462429711 83.9099406216993 0 0
 493.333567084032 84.7113889106426 0 0
 495.484694374625 91.7372461652807 0 0
 497.635850258728 97.6368203324213 0 0
 499.787040693579 99.1451891454944 0 0
 501.938271636416 106.362678045007 0 0
 504.089549044477 -NAN 0 0
 506.240878875 -NAN 0 0
 508.392267085223 -NAN 0 0
 510.543719632384 -NAN 0 0
 512.695242473721 -NAN 0 0
 514.846841566472 -NAN 0 0
 516.998522867875 -NAN 0 0
 519.150292335168 -NAN 0 0
 521.302155925589 -NAN 0 0
 523.454119596376 -NAN 0 0
 525.606189304767 -NAN 0 0
 527.758371008 -NAN 0 0
 529.910670663313 -NAN 0 0
 532.063094227944 -NAN 0 0
 534.215647659131 -NAN 0 0
 536.368336914112 -NAN 0 0
 538.521167950125 -NAN 0 0
 540.674146724408 -NAN 0 0
 542.827279194199 -NAN 0 0
 544.980571316736 -NAN 0 0
 547.134029049257 -NAN 0 0
 549.287658349 -NAN 0 0
 551.441465173203 -NAN 0 0
 553.595455479104 -NAN 0 0
 555.749635223941 -NAN 0 0
 557.904010364952 -NAN 0 0
 560.058586859375 -NAN 0 0
 562.213370664448 -NAN 0 0
 564.368367737409 -NAN 0 0
 566.523584035496 -NAN 0 0
 568.679025515947 -NAN 0 0
 570.834698136 -NAN 0 0
 572.990607852893 -NAN 0 0
 575.146760623864 -NAN 0 0
 577.303162406151 -NAN 0 0
 579.459819156992 -NAN 0 0
 581.616736833625 -NAN 0 0
 583.773921393288 -NAN 0 0
 585.931378793219 -NAN 0 0
 588.089114990656 -NAN 0 0
 590.247135942837 -NAN 0 0
 592.405447607 -NAN 0 0
 594.564055940383 -NAN 0 0
 596.722966900224 -NAN 0 0
 598.882186443761 -NAN 0 0
 601.041720528232 -NAN 0 0
 603.201575110875 -NAN 0 0
 605.361756148928 -NAN 0 0
 607.522269599629 -NAN 0 0
 609.683121420216 -NAN 0 0
 611.844317567927 -NAN 0 0
 614.005864 -NAN 0 0
 616.167766673673 -NAN 0 0
 618.330031546184 -NAN 0 0
 620.492664574771 -NAN 0 0
 622.655671716672 -NAN 0 0
 624.819058929125 -NAN 0 0
 626.982832169368 -NAN 0 0
 629.146997394639 -NAN 0 0
 631.311560562176 -NAN 0 0
 633.476527629217 -NAN 0 0
 635.641904553 -NAN 0 0
 637.807697290763 -NAN 0 0
 639.973911799744 -NAN 0 0
 642.140554037181 -NAN 0 0
 644.307629960312 -NAN 0 0
 646.475145526375 -NAN 0 0
 648.643106692608 -NAN 0 0
 650.811519416249 -NAN 0 0
 652.980389654536 -NAN 0 0
 655.149723364707 -NAN 0 0
 657.319526504 -NAN 0 0
 659.489805029653 -NAN 0 0
 661.660564898904 -NAN 0 0
 663.831812068991 -NAN 0 0
 666.003552497152 -NAN 0 0
 668.175792140625 -NAN 0 0
 670.348536956648 -NAN 0 0
 672.521792902459 -NAN 0 0
 674.695565935296 -NAN 0 0
 676.869862012397 -NAN 0 0
 679.044687091 -NAN 0 0
 681.220047128343 -NAN 0 0
 683.395948081664 -NAN 0 0
 685.572395908201 -NAN 0 0
 687.749396565192 -NAN 0 0
 689.926956009875 -NAN 0 0
 692.105080199488 -NAN 0 0
 694.283775091269 -NAN 0 0
 696.463046642456 -NAN 0 0
 698.642900810287 -NAN 0 0
 700.823343552 -NAN 0 0
 703.004380824833 -NAN 0 0
 705.186018586024 -NAN 0 0
 707.368262792811 -NAN 0 0
 709.551119402432 -NAN 0 0
 711.734594372125 -NAN 0 0
 713.918693659128 -NAN 0 0
 716.103423220679 -NAN 0 0
 718.288789014016 -NAN 0 0
 720.474796996377 -NAN 0 0
 722.661453125 -NAN 0 0
 724.848763357123 -NAN 0 0
 727.036733649984 -NAN 0 0
 729.225369960821 -NAN 0 0
 731.414678246872 -NAN 0 0
 733.604664465375 -NAN 0 0
 735.795334573568 -NAN 0 0
[END] of [DATA]
[END] of Spectrum


[Spectrum]
Version            = 1
IDData             = 12ad_2026-06-05_12-45-05_000_103
IDDevice           = SAM_82E6
IDDataType         = SPECTRUM
IDDataTypeSub1     = CALIBRATED
IDDataTypeSub2     = 
IDDataTypeSub3     = 
DateTime           = 2026-06-05 12:45:05
PositionLatitude   = 0
PositionLongitude  = 0
Comment            = 20260605_FrameB
CommentSub1        = UV
CommentSub2        = left
CommentSub3        = 17cm
IDMethodType       = SAM Control
MethodName         = SAM_82E6
Mission            = No Mission
MissionSub         = 1
RecordType         = 0
[Attributes]
CalFactor = 1
IDBasisSpec = 
IDDataBack = DLAB_2024-11-11_10-40-48_641_639
IDDataCal = DLAB_2024-11-12_11-45-27_171_455
IntegrationTime = 128
P31 = -1
P31e = 0
PathLength = +INF
PathLengthCustomOn = 0
RAWDynamic = 65535
Salinity = 0
Temperature = -NAN
Unit1 = $01 $01 Wavelength nm
Unit2 = $03 $06 Intensity mW/(m^2 nm)
Unit3 = $f0 $06 Error mW/(m^2 nm)
Unit4 = $f1 $00 Status 
p999 = 6628
[END] of [Attributes]
[DATA]
 0 6 0 0
 185.260577530984 -NAN 0 0
 187.468128380571 -NAN 0 0
 189.674861895872 -NAN 0 0
 191.880784034125 -NAN 0 0
 194.085900752568 -NAN 0 0
 196.290218008439 -NAN 0 0
 198.493741758976 -NAN 0 0
 200.696477961417 -NAN 0 0
 202.898432573 -NAN 0 0
 205.099611550963 -NAN 0 0
 207.300020852544 -NAN 0 0
 209.499666434981 -NAN 0 0
 211.698554255512 -NAN 0 0
 213.896690271375 -NAN 0 0
 216.094080439808 -NAN 0 0
 218.290730718049 -NAN 0 0
 220.486647063336 -NAN 0 0
 222.681835432907 -NAN 0 0
 224.876301784 -NAN 0 0
 227.070052073853 -NAN 0 0
 229.263092259704 -NAN 0 0
 231.455428298791 -NAN 0 0
 233.647066148352 -NAN 0 0
 235.838011765625 -NAN 0 0
 238.028271107848 -NAN 0 0
 240.217850132259 -NAN 0 0
 242.406754796096 -NAN 0 0
 244.594991056597 -NAN 0 0
 246.782564871 -NAN 0 0
 248.969482196543 -NAN 0 0
 251.155748990464 -NAN 0 0
 253.341371210001 -NAN 0 0
 255.526354812392 -NAN 0 0
 257.710705754875 -NAN 0 0
 259.894429994688 -NAN 0 0
 262.077533489069 -NAN 0 0
 264.260022195256 -NAN 0 0
 266.441902070487 -NAN 0 0
 268.623179072 -NAN 0 0
 270.803859157033 -NAN 0 0
 272.983948282824 -NAN 0 0
 275.163452406611 -NAN 0 0
 277.342377485632 -NAN 0 0
 279.520729477125 6.23324088124697 0 0
 281.698514338328 7.6319335647245 0 0
 283.875738026479 8.34354790435988 0 0
 286.052406498816 18.1088623041599 0 0
 288.228525712577 22.1691773147236 0 0
 290.404101625 28.3467084580559 0 0
 292.579140193323 42.9682626724144 0 0
 294.753647374784 52.2821650040686 0 0
 296.927629126621 60.3103833860113 0 0
 299.101091406072 74.3177303564564 0 0
 301.274040170375 83.0932798540241 0 0
 303.446481376768 87.6953745081632 0 0
 305.618420982489 97.0777982162975 0 0
 307.789864944776 98.2340645838501 0 0
 309.960819220867 102.07978964411 0 0
 312.131289768 109.69255469629 0 0
 314.301282543413 102.269680535517 0 0
 316.470803504344 93.0686932497316 0 0
 318.639858608031 89.3851178860288 0 0
 320.808453811712 78.5635434803557 0 0
 322.976595072625 74.0317000126549 0 0
 325.144288348008 71.5012881623518 0 0
 327.311539595099 60.6189361491291 0 0
 329.478354771136 56.1161920327151 0 0
 331.644739833357 53.9696962948731 0 0
 333.810700739 44.2369609665563 0 0
 335.976243445303 40.7926978704358 0 0
 338.141373909504 38.260140375781 0 0
 340.306098088841 29.3769517638835 0 0
 342.470421940552 27.765657376474 0 0
 344.634351421875 26.0497002385893 0 0
 346.797892490048 19.1274461732361 0 0
 348.961051102309 18.5151795088161 0 0
 351.123833215896 17.5556370812318 0 0
 353.286244788047 12.008127487782 0 0
 355.448291776 12.6810441568198 0 0
 357.609980136993 12.0905147323947 0 0
 359.771315828264 8.27701999495144 0 0
 361.932304807051 14.2991270281073 0 0
 364.092953030592 19.3548451480249 0 0
 366.253266456125 15.1469008658862 0 0
 368.413251040888 12.1072529346908 0 0
 370.572912742119 7.03469912843056 0 0
 372.732257517056 1.90558362924616 0 0
 374.891291322937 5.51624264925524 0 0
 377.050020117 4.21469334675626 0 0
 379.208449856483 0.328362375352219 0 0
 381.366586498624 4.6995229365477 0 0
 383.524436000661 2.74556601620105 0 0
 385.682004319832 -0.275349433733896 0 0
 387.839297413375 4.37521394174747 0 0
 389.996321238528 1.7827335120848 0 0
 392.153081752529 -0.525851408851532 0 0
 394.309584912616 3.99527404461015 0 0
 396.465836676027 1.4608665560851 0 0
 398.621843 0.768882969100786 0 0
 400.777609841773 9.8831332150247 0 0
 402.933143158584 16.2697310244905 0 0
 405.088448907671 18.2447647585384 0 0
 407.243533046272 16.8853509750561 0 0
 409.398401531625 6.91930853114281 0 0
 411.553060320968 4.28398074467612 0 0
 413.707515371539 8.18762805117406 0 0
 415.861772640576 7.32630764523029 0 0
 418.015838085317 10.7477353946646 0 0
 420.169717663 18.2486298379439 0 0
 422.323417330863 21.7833459024157 0 0
 424.476943046144 31.3086890196868 0 0
 426.630300766081 45.777557479664 0 0
 428.783496447912 60.5669565514934 0 0
 430.936536048875 88.9741336631503 0 0
 433.089425526208 142.201005641818 0 0
 435.242170837149 195.858565416492 0 0
 437.394777938936 238.889919601187 0 0
 439.547252788807 278.027439337868 0 0
 441.699601344 344.426736566037 0 0
 443.851829561753 435.192846112609 0 0
 446.003943399304 520.816719479784 0 0
 448.155948813891 567.061584186379 0 0
 450.307851762752 563.034828662112 0 0
 452.459658203125 506.625335723431 0 0
 454.611374092248 421.462313608938 0 0
 456.763005387359 346.592701337836 0 0
 458.914558045696 289.499677823692 0 0
 461.066038024497 247.098023364467 0 0
 463.217451281 220.081800968833 0 0
 465.368803772443 191.54015120057 0 0
 467.520101456064 159.917951955654 0 0
 469.671350289101 135.842026307178 0 0
 471.822556228792 113.437679481443 0 0
 473.973725232375 95.1301331107499 0 0
 476.124863257088 88.8414444280162 0 0
 478.275976260169 82.4331580989953 0 0
 480.427070198856 76.7436656556292 0 0
 482.578151030387 78.8462144595496 0 0
 484.729224712 76.8977344542633 0 0
 486.880297200933 75.1849614253673 0 0
 489.031374454424 80.9656736326395 0 0
 491.182462429711 82.4926436669733 0 0
 493.333567084032 84.9618885045189 0 0
 495.484694374625 93.5801201835575 0 0
 497.635850258728 96.1063222003661 0 0
 499.787040693579 99.5854931807595 0 0
 501.938271636416 107.786526616227 0 0
 504.089549044477 -NAN 0 0
 506.240878875 -NAN 0 0
 508.392267085223 -NAN 0 0
 510.543719632384 -NAN 0 0
 512.695242473721 -NAN 0 0
 514.846841566472 -NAN 0 0
 516.998522867875 -NAN 0 0
 519.150292335168 -NAN 0 0
 521.302155925589 -NAN 0 0
 523.454119596376 -NAN 0 0
 525.606189304767 -NAN 0 0
 527.758371008 -NAN 0 0
 529.910670663313 -NAN 0 0
 532.063094227944 -NAN 0 0
 534.215647659131 -NAN 0 0
 536.368336914112 -NAN 0 0
 538.521167950125 -NAN 0 0
 540.674146724408 -NAN 0 0
 542.827279194199 -NAN 0 0
 544.980571316736 -NAN 0 0
 547.134029049257 -NAN 0 0
 549.287658349 -NAN 0 0
 551.441465173203 -NAN 0 0
 553.595455479104 -NAN 0 0
 555.749635223941 -NAN 0 0
 557.904010364952 -NAN 0 0
 560.058586859375 -NAN 0 0
 562.213370664448 -NAN 0 0
 564.368367737409 -NAN 0 0
 566.523584035496 -NAN 0 0
 568.679025515947 -NAN 0 0
 570.834698136 -NAN 0 0
 572.990607852893 -NAN 0 0
 575.146760623864 -NAN 0 0
 577.303162406151 -NAN 0 0
 579.459819156992 -NAN 0 0
 581.616736833625 -NAN 0 0
 583.773921393288 -NAN 0 0
 585.931378793219 -NAN 0 0
 588.089114990656 -NAN 0 0
 590.247135942837 -NAN 0 0
 592.405447607 -NAN 0 0
 594.564055940383 -NAN 0 0
 596.722966900224 -NAN 0 0
 598.882186443761 -NAN 0 0
 601.041720528232 -NAN 0 0
 603.201575110875 -NAN 0 0
 605.361756148928 -NAN 0 0
 607.522269599629 -NAN 0 0
 609.683121420216 -NAN 0 0
 611.844317567927 -NAN 0 0
 614.005864 -NAN 0 0
 616.167766673673 -NAN 0 0
 618.330031546184 -NAN 0 0
 620.492664574771 -NAN 0 0
 622.655671716672 -NAN 0 0
 624.819058929125 -NAN 0 0
 626.982832169368 -NAN 0 0
 629.146997394639 -NAN 0 0
 631.311560562176 -NAN 0 0
 633.476527629217 -NAN 0 0
 635.641904553 -NAN 0 0
 637.807697290763 -NAN 0 0
 639.973911799744 -NAN 0 0
 642.140554037181 -NAN 0 0
 644.307629960312 -NAN 0 0
 646.475145526375 -NAN 0 0
 648.643106692608 -NAN 0 0
 650.811519416249 -NAN 0 0
 652.980389654536 -NAN 0 0
 655.149723364707 -NAN 0 0
 657.319526504 -NAN 0 0
 659.489805029653 -NAN 0 0
 661.660564898904 -NAN 0 0
 663.831812068991 -NAN 0 0
 666.003552497152 -NAN 0 0
 668.175792140625 -NAN 0 0
 670.348536956648 -NAN 0 0
 672.521792902459 -NAN 0 0
 674.695565935296 -NAN 0 0
 676.869862012397 -NAN 0 0
 679.044687091 -NAN 0 0
 681.220047128343 -NAN 0 0
 683.395948081664 -NAN 0 0
 685.572395908201 -NAN 0 0
 687.749396565192 -NAN 0 0
 689.926956009875 -NAN 0 0
 692.105080199488 -NAN 0 0
 694.283775091269 -NAN 0 0
 696.463046642456 -NAN 0 0
 698.642900810287 -NAN 0 0
 700.823343552 -NAN 0 0
 703.004380824833 -NAN 0 0
 705.186018586024 -NAN 0 0
 707.368262792811 -NAN 0 0
 709.551119402432 -NAN 0 0
 711.734594372125 -NAN 0 0
 713.918693659128 -NAN 0 0
 716.103423220679 -NAN 0 0
 718.288789014016 -NAN 0 0
 720.474796996377 -NAN 0 0
 722.661453125 -NAN 0 0
 724.848763357123 -NAN 0 0
 727.036733649984 -NAN 0 0
 729.225369960821 -NAN 0 0
 731.414678246872 -NAN 0 0
 733.604664465375 -NAN 0 0
 735.795334573568 -NAN 0 0
[END] of [DATA]
[END] of Spectrum


[Spectrum]
Version            = 1
IDData             = 12ad_2026-06-05_12-45-00_000_100
IDDevice           = SAM_82E6
IDDataType         = SPECTRUM
IDDataTypeSub1     = CALIBRATED
IDDataTypeSub2     = 
IDDataTypeSub3     = 
DateTime           = 2026-06-05 12:45:00
PositionLatitude   = 0
PositionLongitude  = 0
Comment            = 20260605_FrameB
CommentSub1        = UV
CommentSub2        = left
CommentSub3        = 17cm
IDMethodType       = SAM Control
MethodName         = SAM_82E6
Mission            = No Mission
MissionSub         = 1
RecordType         = 0
[Attributes]
CalFactor = 1
IDBasisSpec = 
IDDataBack = DLAB_2024-11-11_10-40-48_641_639
IDDataCal = DLAB_2024-11-12_11-45-27_171_455
IntegrationTime = 128
P31 = -1
P31e = 0
PathLength = +INF
PathLengthCustomOn = 0
RAWDynamic = 65535
Salinity = 0
Temperature = -NAN
Unit1 = $01 $01 Wavelength nm
Unit2 = $03 $06 Intensity mW/(m^2 nm)
Unit3 = $f0 $06 Error mW/(m^2 nm)
Unit4 = $f1 $00 Status 
p999 = 6627
[END] of [Attributes]
[DATA]
 0 6 0 0
 185.260577530984 -NAN 0 0
 187.468128380571 -NAN 0 0
 189.674861895872 -NAN 0 0
 191.880784034125 -NAN 0 0
 194.085900752568 -NAN 0 0
 196.290218008439 -NAN 0 0
 198.493741758976 -NAN 0 0
 200.696477961417 -NAN 0 0
 202.898432573 -NAN 0 0
 205.099611550963 -NAN 0 0
 207.300020852544 -NAN 0 0
 209.499666434981 -NAN 0 0
 211.698554255512 -NAN 0 0
 213.896690271375 -NAN 0 0
 216.094080439808 -NAN 0 0
 218.290730718049 -NAN 0 0
 220.486647063336 -NAN 0 0
 222.681835432907 -NAN 0 0
 224.876301784 -NAN 0 0
 227.070052073853 -NAN 0 0
 229.263092259704 -NAN 0 0
 231.455428298791 -NAN 0 0
 233.647066148352 -NAN 0 0
 235.838011765625 -NAN 0 0
 238.028271107848 -NAN 0 0
 240.217850132259 -NAN 0 0
 242.406754796096 -NAN 0 0
 244.594991056597 -NAN 0 0
 246.782564871 -NAN 0 0
 248.969482196543 -NAN 0 0
 251.155748990464 -NAN 0 0
 253.341371210001 -NAN 0 0
 255.526354812392 -NAN 0 0
 257.710705754875 -NAN 0 0
 259.894429994688 -NAN 0 0
 262.077533489069 -NAN 0 0
 264.260022195256 -NAN 0 0
 266.441902070487 -NAN 0 0
 268.623179072 -NAN 0 0
 270.803859157033 -NAN 0 0
 272.983948282824 -NAN 0 0
 275.163452406611 -NAN 0 0
 277.342377485632 -NAN 0 0
 279.520729477125 6.48479547800129 0 0
 281.698514338328 7.26062036419431 0 0
 283.875738026479 8.57796350817306 0 0
 286.052406498816 18.1408035090611 0 0
 288.228525712577 21.7880789717861 0 0
 290.404101625 28.4310469115098 0 0
 292.579140193323 42.8724123269508 0 0
 294.753647374784 51.7456173583681 0 0
 296.927629126621 60.2697546806419 0 0
 299.101091406072 74.0436338541509 0 0
 301.274040170375 82.3251271910431 0 0
 303.446481376768 87.3851931253895 0 0
 305.618420982489 96.7143041030609 0 0
 307.789864944776 97.3725295278718 0 0
 309.960819220867 101.870133461715 0 0
 312.131289768 109.190692566817 0 0
 314.301282543413 101.416183358833 0 0
 316.470803504344 93.0735802863078 0 0
 318.639858608031 88.8113662037423 0 0
 320.808453811712 77.7302727736881 0 0
 322.976595072625 74.1385728873775 0 0
 325.144288348008 70.935359120709 0 0
 327.311539595099 60.0706548218738 0 0
 329.478354771136 56.1756895645472 0 0
 331.644739833357 53.2561130782789 0 0
 333.810700739 43.8965112888028 0 0
 335.976243445303 41.0078398906313 0 0
 338.141373909504 37.6590548285444 0 0
 340.306098088841 29.1136382980483 0 0
 342.470421940552 28.1480164762619 0 0
 344.634351421875 25.8962793957599 0 0
 346.797892490048 18.7843803283011 0 0
 348.961051102309 18.9986127937494 0 0
 351.123833215896 17.2578729790773 0 0
 353.286244788047 12.0124891677854 0 0
 355.448291776 13.1306740953299 0 0
 357.609980136993 11.6900265694569 0 0
 359.771315828264 8.35876571135869 0 0
 361.932304807051 14.7383465355637 0 0
 364.092953030592 18.8309808789093 0 0
 366.253266456125 15.4458630288829 0 0
 368.413251040888 12.4830660504519 0 0
 370.572912742119 6.90407584659374 0 0
 372.732257517056 2.35694364687407 0 0
 374.891291322937 5.90882712686111 0 0
 377.050020117 3.79810397355849 0 0
 379.208449856483 0.611049947698891 0 0
 381.366586498624 5.01044138036089 0 0
 383.524436000661 2.36751830937115 0 0
 385.682004319832 0.139978552942716 0 0
 387.839297413375 4.68692498748276 0 0
 389.996321238528 1.45966422863655 0 0
 392.153081752529 -0.0457330500535 0 0
 394.309584912616 4.22163774825019 0 0
 396.465836676027 1.03125964190129 0 0
 398.621843 1.29962266983311 0 0
 400.777609841773 10.2160618530322 0 0
 402.933143158584 15.8641897506445 0 0
 405.088448907671 18.7361445502447 0 0
 407.243533046272 16.9756392832135 0 0
 409.398401531625 6.65576734121371 0 0
 411.553060320968 4.86413701182345 0 0
 413.707515371539 8.28732909377064 0 0
 415.861772640576 7.1099386954882 0 0
 418.015838085317 11.1055414503219 0 0
 420.169717663 18.0310444948648 0 0
 422.323417330863 21.6551660660877 0 0
 424.476943046144 31.6477679339122 0 0
 426.630300766081 45.7499354196721 0 0
 428.783496447912 60.3882472298823 0 0
 430.936536048875 89.3185735479503 0 0
 433.089425526208 141.971076808088 0 0
 435.242170837149 195.545273099063 0 0
 437.394777938936 239.195253399617 0 0
 439.547252788807 277.797737755794 0 0
 441.699601344 344.267278329454 0 0
 443.851829561753 435.874196366673 0 0
 446.003943399304 520.650740470655 0 0
 448.155948813891 566.954539268141 0 0
 450.307851762752 563.541647770863 0 0
 452.459658203125 506.112160096963 0 0
 454.611374092248 421.791343878775 0 0
 456.763005387359 347.123782987717 0 0
 458.914558045696 289.108449656481 0 0
 461.066038024497 247.212138772364 0 0
 463.217451281 220.6842147751 0 0
 465.368803772443 191.411374914019 0 0
 467.520101456064 160.115019846514 0 0
 469.671350289101 136.391935795322 0 0
 471.822556228792 113.028868828271 0 0
 473.973725232375 95.2732752190167 0 0
 476.124863257088 89.4835788485006 0 0
 478.275976260169 82.1775715300075 0 0
 480.427070198856 77.2694052760434 0 0
 482.578151030387 79.3931266804673 0 0
 484.729224712 76.2987012019218 0 0
 486.880297200933 75.7733472370325 0 0
 489.031374454424 81.312541992719 0 0
 491.182462429711 81.9543165336574 0 0
 493.333567084032 85.3671411808343 0 0
 495.484694374625 93.6443163956056 0 0
 497.635850258728 95.6564983766079 0 0
 499.787040693579 100.098637636673 0 0
 501.938271636416 107.887691972006 0 0
 504.089549044477 -NAN 0 0
 506.240878875 -NAN 0 0
 508.392267085223 -NAN 0 0
 510.543719632384 -NAN 0 0
 512.695242473721 -NAN 0 0
 514.846841566472 -NAN 0 0
 516.998522867875 -NAN 0 0
 519.150292335168 -NAN 0 0
 521.302155925589 -NAN 0 0
 523.454119596376 -NAN 0 0
 525.606189304767 -NAN 0 0
 527.758371008 -NAN 0 0
 529.910670663313 -NAN 0 0
 532.063094227944 -NAN 0 0
 534.215647659131 -NAN 0 0
 536.368336914112 -NAN 0 0
 538.521167950125 -NAN 0 0
 540.674146724408 -NAN 0 0
 542.827279194199 -NAN 0 0
 544.980571316736 -NAN 0 0
 547.134029049257 -NAN 0 0
 549.287658349 -NAN 0 0
 551.441465173203 -NAN 0 0
 553.595455479104 -NAN 0 0
 555.749635223941 -NAN 0 0
 557.904010364952 -NAN 0 0
 560.058586859375 -NAN 0 0
 562.213370664448 -NAN 0 0
 564.368367737409 -NAN 0 0
 566.523584035496 -NAN 0 0
 568.679025515947 -NAN 0 0
 570.834698136 -NAN 0 0
 572.990607852893 -NAN 0 0
 575.146760623864 -NAN 0 0
 577.303162406151 -NAN 0 0
 579.459819156992 -NAN 0 0
 581.616736833625 -NAN 0 0
 583.773921393288 -NAN 0 0
 585.931378793219 -NAN 0 0
 588.089114990656 -NAN 0 0
 590.247135942837 -NAN 0 0
 592.405447607 -NAN 0 0
 594.564055940383 -NAN 0 0
 596.722966900224 -NAN 0 0
 598.882186443761 -NAN 0 0
 601.041720528232 -NAN 0 0
 603.201575110875 -NAN 0 0
 605.361756148928 -NAN 0 0
 607.522269599629 -NAN 0 0
 609.683121420216 -NAN 0 0
 611.844317567927 -NAN 0 0
 614.005864 -NAN 0 0
 616.167766673673 -NAN 0 0
 618.330031546184 -NAN 0 0
 620.492664574771 -NAN 0 0
 622.655671716672 -NAN 0 0
 624.819058929125 -NAN 0 0
 626.982832169368 -NAN 0 0
 629.146997394639 -NAN 0 0
 631.311560562176 -NAN 0 0
 633.476527629217 -NAN 0 0
 635.641904553 -NAN 0 0
 637.807697290763 -NAN 0 0
 639.973911799744 -NAN 0 0
 642.140554037181 -NAN 0 0
 644.307629960312 -NAN 0 0
 646.475145526375 -NAN 0 0
 648.643106692608 -NAN 0 0
 650.811519416249 -NAN 0 0
 652.980389654536 -NAN 0 0
 655.149723364707 -NAN 0 0
 657.319526504 -NAN 0 0
 659.489805029653 -NAN 0 0
 661.660564898904 -NAN 0 0
 663.831812068991 -NAN 0 0
 666.003552497152 -NAN 0 0
 668.175792140625 -NAN 0 0
 670.348536956648 -NAN 0 0
 672.521792902459 -NAN 0 0
 674.695565935296 -NAN 0 0
 676.869862012397 -NAN 0 0
 679.044687091 -NAN 0 0
 681.220047128343 -NAN 0 0
 683.395948081664 -NAN 0 0
 685.572395908201 -NAN 0 0
 687.749396565192 -NAN 0 0
 689.926956009875 -NAN 0 0
 692.105080199488 -NAN 0 0
 694.283775091269 -NAN 0 0
 696.463046642456 -NAN 0 0
 698.642900810287 -NAN 0 0
 700.823343552 -NAN 0 0
 703.004380824833 -NAN 0 0
 705.186018586024 -NAN 0 0
 707.368262792811 -NAN 0 0
 709.551119402432 -NAN 0 0
 711.734594372125 -NAN 0 0
 713.918693659128 -NAN 0 0
 716.103423220679 -NAN 0 0
 718.288789014016 -NAN 0 0
 720.474796996377 -NAN 0 0
 722.661453125 -NAN 0 0
 724.848763357123 -NAN 0 0
 727.036733649984 -NAN 0 0
 729.225369960821 -NAN 0 0
 731.414678246872 -NAN 0 0
 733.604664465375 -NAN 0 0
 735.795334573568 -NAN 0 0
[END] of [DATA]
[END] of Spectrum


[Spectrum]
Version            = 1
IDData             = 12ad_2026-06-05_12-44-55_000_097
IDDevice           = SAM_82E6
IDDataType         = SPECTRUM
IDDataTypeSub1     = CALIBRATED
IDDataTypeSub2     = 
IDDataTypeSub3     = 
DateTime           = 2026-06-05 12:44:55
PositionLatitude   = 0
PositionLongitude  = 0
Comment            = 20260605_FrameB
CommentSub1        = UV
CommentSub2        = left
CommentSub3        = 17cm
IDMethodType       = SAM Control
MethodName         = SAM_82E6
Mission            = No Mission
MissionSub         = 1
RecordType         = 0
[Attributes]
CalFactor = 1
IDBasisSpec = 
IDDataBack = DLAB_2024-11-11_10-40-48_641_639
IDDataCal = DLAB_2024-11-12_11-45-27_171_455
IntegrationTime = 128
P31 = -1
P31e = 0
PathLength = +INF
PathLengthCustomOn = 0
RAWDynamic = 65535
Salinity = 0
Temperature = -NAN
Unit1 = $01 $01 Wavelength nm
Unit2 = $03 $06 Intensity mW/(m^2 nm)
Unit3 = $f0 $06 Error mW/(m^2 nm)
Unit4 = $f1 $00 Status 
p999 = 6626
[END] of [Attributes]
[DATA]
 0 6 0 0
 185.260577530984 -NAN 0 0
 187.468128380571 -NAN 0 0
 189.674861895872 -NAN 0 0
 191.880784034125 -NAN 0 0
 194.085900752568 -NAN 0 0
 196.290218008439 -NAN 0 0
 198.493741758976 -NAN 0 0
 200.696477961417 -NAN 0 0
 202.898432573 -NAN 0 0
 205.099611550963 -NAN 0 0
 207.300020852544 -NAN 0 0
 209.499666434981 -NAN 0 0
 211.698554255512 -NAN 0 0
 213.896690271375 -NAN 0 0
 216.094080439808 -NAN 0 0
 218.290730718049 -NAN 0 0
 220.486647063336 -NAN 0 0
 222.681835432907 -NAN 0 0
 224.876301784 -NAN 0 0
 227.070052073853 -NAN 0 0
 229.263092259704 -NAN 0 0
 231.455428298791 -NAN 0 0
 233.647066148352 -NAN 0 0
 235.838011765625 -NAN 0 0
 238.028271107848 -NAN 0 0
 240.217850132259 -NAN 0 0
 242.406754796096 -NAN 0 0
 244.594991056597 -NAN 0 0
 246.782564871 -NAN 0 0
 248.969482196543 -NAN 0 0
 251.155748990464 -NAN 0 0
 253.341371210001 -NAN 0 0
 255.526354812392 -NAN 0 0
 257.710705754875 -NAN 0 0
 259.894429994688 -NAN 0 0
 262.077533489069 -NAN 0 0
 264.260022195256 -NAN 0 0
 266.441902070487 -NAN 0 0
 268.623179072 -NAN 0 0
 270.803859157033 -NAN 0 0
 272.983948282824 -NAN 0 0
 275.163452406611 -NAN 0 0
 277.342377485632 -NAN 0 0
 279.520729477125 7.26810162334023 0 0
 281.698514338328 5.96494648487946 0 0
 283.875738026479 9.28827103057083 0 0
 286.052406498816 18.6097584719284 0 0
 288.228525712577 20.2909069102457 0 0
 290.404101625 29.3195088953088 0 0
 292.579140193323 42.8202584625074 0 0
 294.753647374784 49.9703563979762 0 0
 296.927629126621 60.9769480834778 0 0
 299.101091406072 73.5061663648475 0 0
 301.274040170375 80.9036966590918 0 0
 303.446481376768 87.9345636730485 0 0
 305.618420982489 95.9389216899142 0 0
 307.789864944776 96.0054038000849 0 0
 309.960819220867 102.316463375783 0 0
 312.131289768 108.44014987543 0 0
 314.301282543413 100.284776338514 0 0
 316.470803504344 93.6001584773962 0 0
 318.639858608031 87.8606879678462 0 0
 320.808453811712 76.5788683627178 0 0
 322.976595072625 74.9471505579763 0 0
 325.144288348008 70.0243866072483 0 0
 327.311539595099 58.9081224889501 0 0
 329.478354771136 57.5128965924736 0 0
 331.644739833357 52.2419958513765 0 0
 333.810700739 42.9358511111419 0 0
 335.976243445303 42.47167782534 0 0
 338.141373909504 36.6211991757224 0 0
 340.306098088841 28.5992269395352 0 0
 342.470421940552 29.0423701240534 0 0
 344.634351421875 24.7632287450286 0 0
 346.797892490048 18.9353776192056 0 0
 348.961051102309 19.9967059155136 0 0
 351.123833215896 16.3097293906377 0 0
 353.286244788047 11.9721436277544 0 0
 355.448291776 13.9815288354291 0 0
 357.609980136993 10.9757869847524 0 0
 359.771315828264 8.43513342010756 0 0
 361.932304807051 15.5476084780521 0 0
 364.092953030592 17.874702784209 0 0
 366.253266456125 15.6969445329621 0 0
 368.413251040888 13.3328886122216 0 0
 370.572912742119 5.63677881415759 0 0
 372.732257517056 2.6608941789761 0 0
 374.891291322937 6.41569133253719 0 0
 377.050020117 2.38142421768396 0 0
 379.208449856483 1.41572991848768 0 0
 381.366586498624 5.41604862297172 0 0
 383.524436000661 1.03582394358309 0 0
 385.682004319832 0.881026090814345 0 0
 387.839297413375 4.81302627416658 0 0
 389.996321238528 0.295210159164371 0 0
 392.153081752529 0.802106017072503 0 0
 394.309584912616 4.22027411148128 0 0
 396.465836676027 -0.154186936924639 0 0
 398.621843 2.03867770310287 0 0
 400.777609841773 9.88703472250135 0 0
 402.933143158584 14.699525904818 0 0
 405.088448907671 19.3761667289422 0 0
 407.243533046272 16.3329290896194 0 0
 409.398401531625 5.45837367392714 0 0
 411.553060320968 5.53804476700791 0 0
 413.707515371539 7.71351777414567 0 0
 415.861772640576 6.26385445333637 0 0
 418.015838085317 11.9361626509549 0 0
 420.169717663 17.5022175088596 0 0
 422.323417330863 21.0444807030108 0 0
 424.476943046144 32.4936899372024 0 0
 426.630300766081 45.1275758804811 0 0
 428.783496447912 60.0535887361107 0 0
 430.936536048875 90.0000371477819 0 0
 433.089425526208 141.285338349749 0 0
 435.242170837149 195.012196630376 0 0
 437.394777938936 239.71240252942 0 0
 439.547252788807 277.331055316158 0 0
 441.699601344 344.162890720969 0 0
 443.851829561753 436.581494849086 0 0
 446.003943399304 520.172481367032 0 0
 448.155948813891 567.174771026156 0 0
 450.307851762752 564.173818936761 0 0
 452.459658203125 505.611026497832 0 0
 454.611374092248 421.721924197567 0 0
 456.763005387359 347.913571691308 0 0
 458.914558045696 288.442762953599 0 0
 461.066038024497 247.5045595051 0 0
 463.217451281 221.113174950942 0 0
 465.368803772443 190.55532927145 0 0
 467.520101456064 160.499516437921 0 0
 469.671350289101 136.994887734094 0 0
 471.822556228792 112.221085211443 0 0
 473.973725232375 95.9262234513413 0 0
 476.124863257088 89.7415397450055 0 0
 478.275976260169 81.3163559171137 0 0
 480.427070198856 77.8697731900332 0 0
 482.578151030387 79.6130077162241 0 0
 484.729224712 75.4727952812495 0 0
 486.880297200933 76.3360051519899 0 0
 489.031374454424 81.4524082669446 0 0
 491.182462429711 81.008335035901 0 0
 493.333567084032 86.0073068096294 0 0
 495.484694374625 93.5635177149244 0 0
 497.635850258728 94.8062216365772 0 0
 499.787040693579 100.880313195576 0 0
 501.938271636416 107.518546046134 0 0
 504.089549044477 -NAN 0 0
 506.240878875 -NAN 0 0
 508.392267085223 -NAN 0 0
 510.543719632384 -NAN 0 0
 512.695242473721 -NAN 0 0
 514.846841566472 -NAN 0 0
 516.998522867875 -NAN 0 0
 519.150292335168 -NAN 0 0
 521.302155925589 -NAN 0 0
 523.454119596376 -NAN 0 0
 525.606189304767 -NAN 0 0
 527.758371008 -NAN 0 0
 529.910670663313 -NAN 0 0
 532.063094227944 -NAN 0 0
 534.215647659131 -NAN 0 0
 536.368336914112 -NAN 0 0
 538.521167950125 -NAN 0 0
 540.674146724408 -NAN 0 0
 542.827279194199 -NAN 0 0
 544.980571316736 -NAN 0 0
 547.134029049257 -NAN 0 0
 549.287658349 -NAN 0 0
 551.441465173203 -NAN 0 0
 553.595455479104 -NAN 0 0
 555.749635223941 -NAN 0 0
 557.904010364952 -NAN 0 0
 560.058586859375 -NAN 0 0
 562.213370664448 -NAN 0 0
 564.368367737409 -NAN 0 0
 566.523584035496 -NAN 0 0
 568.679025515947 -NAN 0 0
 570.834698136 -NAN 0 0
 572.990607852893 -NAN 0 0
 575.146760623864 -NAN 0 0
 577.303162406151 -NAN 0 0
 579.459819156992 -NAN 0 0
 581.616736833625 -NAN 0 0
 583.773921393288 -NAN 0 0
 585.931378793219 -NAN 0 0
 588.089114990656 -NAN 0 0
 590.247135942837 -NAN 0 0
 592.405447607 -NAN 0 0
 594.564055940383 -NAN 0 0
 596.722966900224 -NAN 0 0
 598.882186443761 -NAN 0 0
 601.041720528232 -NAN 0 0
 603.201575110875 -NAN 0 0
 605.361756148928 -NAN 0 0
 607.522269599629 -NAN 0 0
 609.683121420216 -NAN 0 0
 611.844317567927 -NAN 0 0
 614.005864 -NAN 0 0
 616.167766673673 -NAN 0 0
 618.330031546184 -NAN 0 0
 620.492664574771 -NAN 0 0
 622.655671716672 -NAN 0 0
 624.819058929125 -NAN 0 0
 626.982832169368 -NAN 0 0
 629.146997394639 -NAN 0 0
 631.311560562176 -NAN 0 0
 633.476527629217 -NAN 0 0
 635.641904553 -NAN 0 0
 637.807697290763 -NAN 0 0
 639.973911799744 -NAN 0 0
 642.140554037181 -NAN 0 0
 644.307629960312 -NAN 0 0
 646.475145526375 -NAN 0 0
 648.643106692608 -NAN 0 0
 650.811519416249 -NAN 0 0
 652.980389654536 -NAN 0 0
 655.149723364707 -NAN 0 0
 657.319526504 -NAN 0 0
 659.489805029653 -NAN 0 0
 661.660564898904 -NAN 0 0
 663.831812068991 -NAN 0 0
 666.003552497152 -NAN 0 0
 668.175792140625 -NAN 0 0
 670.348536956648 -NAN 0 0
 672.521792902459 -NAN 0 0
 674.695565935296 -NAN 0 0
 676.869862012397 -NAN 0 0
 679.044687091 -NAN 0 0
 681.220047128343 -NAN 0 0
 683.395948081664 -NAN 0 0
 685.572395908201 -NAN 0 0
 687.749396565192 -NAN 0 0
 689.926956009875 -NAN 0 0
 692.105080199488 -NAN 0 0
 694.283775091269 -NAN 0 0
 696.463046642456 -NAN 0 0
 698.642900810287 -NAN 0 0
 700.823343552 -NAN 0 0
 703.004380824833 -NAN 0 0
 705.186018586024 -NAN 0 0
 707.368262792811 -NAN 0 0
 709.551119402432 -NAN 0 0
 711.734594372125 -NAN 0 0
 713.918693659128 -NAN 0 0
 716.103423220679 -NAN 0 0
 718.288789014016 -NAN 0 0
 720.474796996377 -NAN 0 0
 722.661453125 -NAN 0 0
 724.848763357123 -NAN 0 0
 727.036733649984 -NAN 0 0
 729.225369960821 -NAN 0 0
 731.414678246872 -NAN 0 0
 733.604664465375 -NAN 0 0
 735.795334573568 -NAN 0 0
[END] of [DATA]
[END] of Spectrum


[Spectrum]
Version            = 1
IDData             = 12ad_2026-06-05_12-44-50_000_094
IDDevice           = SAM_82E6
IDDataType         = SPECTRUM
IDDataTypeSub1     = CALIBRATED
IDDataTypeSub2     = 
IDDataTypeSub3     = 
DateTime           = 2026-06-05 12:44:50
PositionLatitude   = 0
PositionLongitude  = 0
Comment            = 20260605_FrameB
CommentSub1        = UV
CommentSub2        = left
CommentSub3        = 17cm
IDMethodType       = SAM Control
MethodName         = SAM_82E6
Mission            = No Mission
MissionSub         = 1
RecordType         = 0
[Attributes]
CalFactor = 1
IDBasisSpec = 
IDDataBack = DLAB_2024-11-11_10-40-48_641_639
IDDataCal = DLAB_2024-11-12_11-45-27_171_455
IntegrationTime = 128
P31 = -1
P31e = 0
PathLength = +INF
PathLengthCustomOn = 0
RAWDynamic = 65535
Salinity = 0
Temperature = -NAN
Unit1 = $01 $01 Wavelength nm
Unit2 = $03 $06 Intensity mW/(m^2 nm)
Unit3 = $f0 $06 Error mW/(m^2 nm)
Unit4 = $f1 $00 Status 
p999 = 6625
[END] of [Attributes]
[DATA]
 0 6 0 0
 185.260577530984 -NAN 0 0
 187.468128380571 -NAN 0 0
 189.674861895872 -NAN 0 0
 191.880784034125 -NAN 0 0
 194.085900752568 -NAN 0 0
 196.290218008439 -NAN 0 0
 198.493741758976 -NAN 0 0
 200.696477961417 -NAN 0 0
 202.898432573 -NAN 0 0
 205.099611550963 -NAN 0 0
 207.300020852544 -NAN 0 0
 209.499666434981 -NAN 0 0
 211.698554255512 -NAN 0 0
 213.896690271375 -NAN 0 0
 216.094080439808 -NAN 0 0
 218.290730718049 -NAN 0 0
 220.486647063336 -NAN 0 0
 222.681835432907 -NAN 0 0
 224.876301784 -NAN 0 0
 227.070052073853 -NAN 0 0
 229.263092259704 -NAN 0 0
 231.455428298791 -NAN 0 0
 233.647066148352 -NAN 0 0
 235.838011765625 -NAN 0 0
 238.028271107848 -NAN 0 0
 240.217850132259 -NAN 0 0
 242.406754796096 -NAN 0 0
 244.594991056597 -NAN 0 0
 246.782564871 -NAN 0 0
 248.969482196543 -NAN 0 0
 251.155748990464 -NAN 0 0
 253.341371210001 -NAN 0 0
 255.526354812392 -NAN 0 0
 257.710705754875 -NAN 0 0
 259.894429994688 -NAN 0 0
 262.077533489069 -NAN 0 0
 264.260022195256 -NAN 0 0
 266.441902070487 -NAN 0 0
 268.623179072 -NAN 0 0
 270.803859157033 -NAN 0 0
 272.983948282824 -NAN 0 0
 275.163452406611 -NAN 0 0
 277.342377485632 -NAN 0 0
 279.520729477125 2.88831193628609 0 0
 281.698514338328 9.39174894470209 0 0
 283.875738026479 10.1171984970668 0 0
 286.052406498816 13.6080561589937 0 0
 288.228525712577 24.3554783347338 0 0
 290.404101625 29.518722138812 0 0
 292.579140193323 38.2180323163521 0 0
 294.753647374784 54.1984065958563 0 0
 296.927629126621 60.3053047978401 0 0
 299.101091406072 69.9155021846451 0 0
 301.274040170375 84.4671359763345 0 0
 303.446481376768 86.5900802850402 0 0
 305.618420982489 92.8535234328851 0 0
 307.789864944776 99.5188848534355 0 0
 309.960819220867 100.519255997828 0 0
 312.131289768 105.475112406459 0 0
 314.301282543413 103.834812960336 0 0
 316.470803504344 91.0625647351905 0 0
 318.639858608031 85.211910582582 0 0
 320.808453811712 80.906285403255 0 0
 322.976595072625 71.7986194197663 0 0
 325.144288348008 67.7274654203767 0 0
 327.311539595099 63.7268409988118 0 0
 329.478354771136 53.4864011257364 0 0
 331.644739833357 50.7926224716137 0 0
 333.810700739 47.7746771832121 0 0
 335.976243445303 37.9871296341024 0 0
 338.141373909504 36.0552237655908 0 0
 340.306098088841 32.6941585190444 0 0
 342.470421940552 24.8612995568525 0 0
 344.634351421875 24.890241082125 0 0
 346.797892490048 22.079745205001 0 0
 348.961051102309 15.9083406948456 0 0
 351.123833215896 17.0675726130387 0 0
 353.286244788047 14.5357210497214 0 0
 355.448291776 10.0822261390198 0 0
 357.609980136993 11.9898572796777 0 0
 359.771315828264 10.6540993799516 0 0
 361.932304807051 11.4485924247151 0 0
 364.092953030592 19.5738746053706 0 0
 366.253266456125 17.7067643865454 0 0
 368.413251040888 8.69826428462491 0 0
 370.572912742119 8.09224531407103 0 0
 372.732257517056 4.53025517683967 0 0
 374.891291322937 1.56619746019342 0 0
 377.050020117 5.62447592757785 0 0
 379.208449856483 2.74100284429113 0 0
 381.366586498624 0.445593318921845 0 0
 383.524436000661 4.91436601854104 0 0
 385.682004319832 1.40872021087265 0 0
 387.839297413375 0.186950981776909 0 0
 389.996321238528 4.60888741772777 0 0
 392.153081752529 0.617551850251295 0 0
 394.309584912616 0.111636526737611 0 0
 396.465836676027 4.28284697362995 0 0
 398.621843 1.28900787581846 0 0
 400.777609841773 6.36657447607029 0 0
 402.933143158584 18.8880068737587 0 0
 405.088448907671 18.1514025981142 0 0
 407.243533046272 13.4591472812943 0 0
 409.398401531625 9.61659531850414 0 0
 411.553060320968 4.04132983446241 0 0
 413.707515371539 5.62509912656421 0 0
 415.861772640576 9.91252895960031 0 0
 418.015838085317 9.89450556963575 0 0
 420.169717663 16.0481798031529 0 0
 422.323417330863 24.2517233219891 0 0
 424.476943046144 30.4423512702521 0 0
 426.630300766081 44.2980508913514 0 0
 428.783496447912 62.7789058906792 0 0
 430.936536048875 87.7545857456766 0 0
 433.089425526208 140.784190645248 0 0
 435.242170837149 197.351499214855 0 0
 437.394777938936 237.030740503938 0 0
 439.547252788807 277.121573943773 0 0
 441.699601344 346.539147225932 0 0
 443.851829561753 433.712960057099 0 0
 446.003943399304 520.474494718694 0 0
 448.155948813891 569.553449496193 0 0
 450.307851762752 561.164467751881 0 0
 452.459658203125 506.454894721138 0 0
 454.611374092248 424.008969859298 0 0
 456.763005387359 344.357081892564 0 0
 458.914558045696 289.603473051728 0 0
 461.066038024497 249.588184586793 0 0
 463.217451281 217.235915056468 0 0
 465.368803772443 192.371919346494 0 0
 467.520101456064 162.11140326262 0 0
 469.671350289101 132.992888959157 0 0
 471.822556228792 114.613829916771 0 0
 473.973725232375 97.0085980084662 0 0
 476.124863257088 85.9872676417941 0 0
 478.275976260169 84.1289194219319 0 0
 480.427070198856 78.4634579732551 0 0
 482.578151030387 75.8482425710085 0 0
 484.729224712 78.6836582177739 0 0
 486.880297200933 76.3885795496102 0 0
 489.031374454424 78.1213530799873 0 0
 491.182462429711 84.5990440267946 0 0
 493.333567084032 85.8391937488501 0 0
 495.484694374625 90.5474025799067 0 0
 497.635850258728 98.4717372345676 0 0
 499.787040693579 100.07037120478 0 0
 501.938271636416 104.915152475625 0 0
 504.089549044477 -NAN 0 0
 506.240878875 -NAN 0 0
 508.392267085223 -NAN 0 0
 510.543719632384 -NAN 0 0
 512.695242473721 -NAN 0 0
 514.846841566472 -NAN 0 0
 516.998522867875 -NAN 0 0
 519.150292335168 -NAN 0 0
 521.302155925589 -NAN 0 0
 523.454119596376 -NAN 0 0
 525.606189304767 -NAN 0 0
 527.758371008 -NAN 0 0
 529.910670663313 -NAN 0 0
 532.063094227944 -NAN 0 0
 534.215647659131 -NAN 0 0
 536.368336914112 -NAN 0 0
 538.521167950125 -NAN 0 0
 540.674146724408 -NAN 0 0
 542.827279194199 -NAN 0 0
 544.980571316736 -NAN 0 0
 547.134029049257 -NAN 0 0
 549.287658349 -NAN 0 0
 551.441465173203 -NAN 0 0
 553.595455479104 -NAN 0 0
 555.749635223941 -NAN 0 0
 557.904010364952 -NAN 0 0
 560.058586859375 -NAN 0 0
 562.213370664448 -NAN 0 0
 564.368367737409 -NAN 0 0
 566.523584035496 -NAN 0 0
 568.679025515947 -NAN 0 0
 570.834698136 -NAN 0 0
 572.990607852893 -NAN 0 0
 575.146760623864 -NAN 0 0
 577.303162406151 -NAN 0 0
 579.459819156992 -NAN 0 0
 581.616736833625 -NAN 0 0
 583.773921393288 -NAN 0 0
 585.931378793219 -NAN 0 0
 588.089114990656 -NAN 0 0
 590.247135942837 -NAN 0 0
 592.405447607 -NAN 0 0
 594.564055940383 -NAN 0 0
 596.722966900224 -NAN 0 0
 598.882186443761 -NAN 0 0
 601.041720528232 -NAN 0 0
 603.201575110875 -NAN 0 0
 605.361756148928 -NAN 0 0
 607.522269599629 -NAN 0 0
 609.683121420216 -NAN 0 0
 611.844317567927 -NAN 0 0
 614.005864 -NAN 0 0
 616.167766673673 -NAN 0 0
 618.330031546184 -NAN 0 0
 620.492664574771 -NAN 0 0
 622.655671716672 -NAN 0 0
 624.819058929125 -NAN 0 0
 626.982832169368 -NAN 0 0
 629.146997394639 -NAN 0 0
 631.311560562176 -NAN 0 0
 633.476527629217 -NAN 0 0
 635.641904553 -NAN 0 0
 637.807697290763 -NAN 0 0
 639.973911799744 -NAN 0 0
 642.140554037181 -NAN 0 0
 644.307629960312 -NAN 0 0
 646.475145526375 -NAN 0 0
 648.643106692608 -NAN 0 0
 650.811519416249 -NAN 0 0
 652.980389654536 -NAN 0 0
 655.149723364707 -NAN 0 0
 657.319526504 -NAN 0 0
 659.489805029653 -NAN 0 0
 661.660564898904 -NAN 0 0
 663.831812068991 -NAN 0 0
 666.003552497152 -NAN 0 0
 668.175792140625 -NAN 0 0
 670.348536956648 -NAN 0 0
 672.521792902459 -NAN 0 0
 674.695565935296 -NAN 0 0
 676.869862012397 -NAN 0 0
 679.044687091 -NAN 0 0
 681.220047128343 -NAN 0 0
 683.395948081664 -NAN 0 0
 685.572395908201 -NAN 0 0
 687.749396565192 -NAN 0 0
 689.926956009875 -NAN 0 0
 692.105080199488 -NAN 0 0
 694.283775091269 -NAN 0 0
 696.463046642456 -NAN 0 0
 698.642900810287 -NAN 0 0
 700.823343552 -NAN 0 0
 703.004380824833 -NAN 0 0
 705.186018586024 -NAN 0 0
 707.368262792811 -NAN 0 0
 709.551119402432 -NAN 0 0
 711.734594372125 -NAN 0 0
 713.918693659128 -NAN 0 0
 716.103423220679 -NAN 0 0
 718.288789014016 -NAN 0 0
 720.474796996377 -NAN 0 0
 722.661453125 -NAN 0 0
 724.848763357123 -NAN 0 0
 727.036733649984 -NAN 0 0
 729.225369960821 -NAN 0 0
 731.414678246872 -NAN 0 0
 733.604664465375 -NAN 0 0
 735.795334573568 -NAN 0 0
[END] of [DATA]
[END] of Spectrum


[Spectrum]
Version            = 1
IDData             = 12ad_2026-06-05_12-44-45_000_091
IDDevice           = SAM_82E6
IDDataType         = SPECTRUM
IDDataTypeSub1     = CALIBRATED
IDDataTypeSub2     = 
IDDataTypeSub3     = 
DateTime           = 2026-06-05 12:44:45
PositionLatitude   = 0
PositionLongitude  = 0
Comment            = 20260605_FrameB
CommentSub1        = UV
CommentSub2        = left
CommentSub3        = 17cm
IDMethodType       = SAM Control
MethodName         = SAM_82E6
Mission            = No Mission
MissionSub         = 1
RecordType         = 0
[Attributes]
CalFactor = 1
IDBasisSpec = 
IDDataBack = DLAB_2024-11-11_10-40-48_641_639
IDDataCal = DLAB_2024-11-12_11-45-27_171_455
IntegrationTime = 128
P31 = -1
P31e = 0
PathLength = +INF
PathLengthCustomOn = 0
RAWDynamic = 65535
Salinity = 0
Temperature = -NAN
Unit1 = $01 $01 Wavelength nm
Unit2 = $03 $06 Intensity mW/(m^2 nm)
Unit3 = $f0 $06 Error mW/(m^2 nm)
Unit4 = $f1 $00 Status 
p999 = 6624
[END] of [Attributes]
[DATA]
 0 6 0 0
 185.260577530984 -NAN 0 0
 187.468128380571 -NAN 0 0
 189.674861895872 -NAN 0 0
 191.880784034125 -NAN 0 0
 194.085900752568 -NAN 0 0
 196.290218008439 -NAN 0 0
 198.493741758976 -NAN 0 0
 200.696477961417 -NAN 0 0
 202.898432573 -NAN 0 0
 205.099611550963 -NAN 0 0
 207.300020852544 -NAN 0 0
 209.499666434981 -NAN 0 0
 211.698554255512 -NAN 0 0
 213.896690271375 -NAN 0 0
 216.094080439808 -NAN 0 0
 218.290730718049 -NAN 0 0
 220.486647063336 -NAN 0 0
 222.681835432907 -NAN 0 0
 224.876301784 -NAN 0 0
 227.070052073853 -NAN 0 0
 229.263092259704 -NAN 0 0
 231.455428298791 -NAN 0 0
 233.647066148352 -NAN 0 0
 235.838011765625 -NAN 0 0
 238.028271107848 -NAN 0 0
 240.217850132259 -NAN 0 0
 242.406754796096 -NAN 0 0
 244.594991056597 -NAN 0 0
 246.782564871 -NAN 0 0
 248.969482196543 -NAN 0 0
 251.155748990464 -NAN 0 0
 253.341371210001 -NAN 0 0
 255.526354812392 -NAN 0 0
 257.710705754875 -NAN 0 0
 259.894429994688 -NAN 0 0
 262.077533489069 -NAN 0 0
 264.260022195256 -NAN 0 0
 266.441902070487 -NAN 0 0
 268.623179072 -NAN 0 0
 270.803859157033 -NAN 0 0
 272.983948282824 -NAN 0 0
 275.163452406611 -NAN 0 0
 277.342377485632 -NAN 0 0
 279.520729477125 7.01779234637182 0 0
 281.698514338328 6.4081689319912 0 0
 283.875738026479 8.97901189060043 0 0
 286.052406498816 18.2395308696647 0 0
 288.228525712577 20.3381860279786 0 0
 290.404101625 28.6346224888124 0 0
 292.579140193323 42.4354475167492 0 0
 294.753647374784 49.8184258146273 0 0
 296.927629126621 60.1047005650787 0 0
 299.101091406072 72.9448643970827 0 0
 301.274040170375 80.3571711239498 0 0
 303.446481376768 86.7124053374017 0 0
 305.618420982489 95.1807460986958 0 0
 307.789864944776 95.2903083255819 0 0
 309.960819220867 101.223873682992 0 0
 312.131289768 107.302520698531 0 0
 314.301282543413 99.4650004399278 0 0
 316.470803504344 92.408943311941 0 0
 318.639858608031 87.0232163419079 0 0
 320.808453811712 76.0237982593945 0 0
 322.976595072625 73.9051400294307 0 0
 325.144288348008 69.2404593888503 0 0
 327.311539595099 58.6662336681021 0 0
 329.478354771136 56.410704815284 0 0
 331.644739833357 51.811181087831 0 0
 333.810700739 42.611683809281 0 0
 335.976243445303 41.4730118261892 0 0
 338.141373909504 36.4653101669765 0 0
 340.306098088841 28.2042567407824 0 0
 342.470421940552 28.5670401472623 0 0
 344.634351421875 24.7820919634093 0 0
 346.797892490048 18.5838559259799 0 0
 348.961051102309 19.6393353771299 0 0
 351.123833215896 16.2660722478407 0 0
 353.286244788047 11.8314794476465 0 0
 355.448291776 13.5716986761652 0 0
 357.609980136993 10.9725745128572 0 0
 359.771315828264 8.39318496037227 0 0
 361.932304807051 15.1490167750354 0 0
 364.092953030592 18.1151835801607 0 0
 366.253266456125 15.4622125221718 0 0
 368.413251040888 13.0455734237203 0 0
 370.572912742119 6.03995259751934 0 0
 372.732257517056 2.63349949582527 0 0
 374.891291322937 6.24225503934829 0 0
 377.050020117 2.57592455417696 0 0
 379.208449856483 1.18482175295698 0 0
 381.366586498624 5.3863700442441 0 0
 383.524436000661 1.13388895024198 0 0
 385.682004319832 0.569530100806886 0 0
 387.839297413375 4.68125751392394 0 0
 389.996321238528 0.594400408618621 0 0
 392.153081752529 0.673056862829102 0 0
 394.309584912616 4.31436504853647 0 0
 396.465836676027 0.155935554251793 0 0
 398.621843 1.81974757655079 0 0
 400.777609841773 9.83631512530489 0 0
 402.933143158584 14.6957239553757 0 0
 405.088448907671 18.9081274773419 0 0
 407.243533046272 16.3721332234246 0 0
 409.398401531625 5.7436856578069 0 0
 411.553060320968 5.39576309692805 0 0
 413.707515371539 7.86306933804053 0 0
 415.861772640576 6.59146970271 0 0
 418.015838085317 11.632420697114 0 0
 420.169717663 17.5845215299373 0 0
 422.323417330863 21.2394971682813 0 0
 424.476943046144 32.395161771027 0 0
 426.630300766081 45.3269726260472 0 0
 428.783496447912 60.1269269954511 0 0
 430.936536048875 89.7454153190661 0 0
 433.089425526208 141.078888164534 0 0
 435.242170837149 194.549451090091 0 0
 437.394777938936 239.163281274127 0 0
 439.547252788807 277.022899320488 0 0
 441.699601344 344.101244495485 0 0
 443.851829561753 436.292716178751 0 0
 446.003943399304 520.370116166562 0 0
 448.155948813891 567.298486874284 0 0
 450.307851762752 564.106182934703 0 0
 452.459658203125 505.908371942048 0 0
 454.611374092248 421.650602607284 0 0
 456.763005387359 347.69977227711 0 0
 458.914558045696 288.673308123563 0 0
 461.066038024497 247.373123008504 0 0
 463.217451281 221.091363416577 0 0
 465.368803772443 190.685161101334 0 0
 467.520101456064 160.264962806951 0 0
 469.671350289101 136.8942153278 0 0
 471.822556228792 112.178455223545 0 0
 473.973725232375 95.546346317864 0 0
 476.124863257088 89.8378599080782 0 0
 478.275976260169 81.4130343149482 0 0
 480.427070198856 77.7661846631296 0 0
 482.578151030387 79.5092060089887 0 0
 484.729224712 75.6303767897946 0 0
 486.880297200933 76.1111657068479 0 0
 489.031374454424 81.3886292458978 0 0
 491.182462429711 81.3065369956424 0 0
 493.333567084032 85.8436470749635 0 0
 495.484694374625 93.7195809200758 0 0
 497.635850258728 94.9806655096932 0 0
 499.787040693579 100.700930070098 0 0
 501.938271636416 107.883387063249 0 0
 504.089549044477 -NAN 0 0
 506.240878875 -NAN 0 0
 508.392267085223 -NAN 0 0
 510.543719632384 -NAN 0 0
 512.695242473721 -NAN 0 0
 514.846841566472 -NAN 0 0
 516.998522867875 -NAN 0 0
 519.150292335168 -NAN 0 0
 521.302155925589 -NAN 0 0
 523.454119596376 -NAN 0 0
 525.606189304767 -NAN 0 0
 527.758371008 -NAN 0 0
 529.910670663313 -NAN 0 0
 532.063094227944 -NAN 0 0
 534.215647659131 -NAN 0 0
 536.368336914112 -NAN 0 0
 538.521167950125 -NAN 0 0
 540.674146724408 -NAN 0 0
 542.827279194199 -NAN 0 0
 544.980571316736 -NAN 0 0
 547.134029049257 -NAN 0 0
 549.287658349 -NAN 0 0
 551.441465173203 -NAN 0 0
 553.595455479104 -NAN 0 0
 555.749635223941 -NAN 0 0
 557.904010364952 -NAN 0 0
 560.058586859375 -NAN 0 0
 562.213370664448 -NAN 0 0
 564.368367737409 -NAN 0 0
 566.523584035496 -NAN 0 0
 568.679025515947 -NAN 0 0
 570.834698136 -NAN 0 0
 572.990607852893 -NAN 0 0
 575.146760623864 -NAN 0 0
 577.303162406151 -NAN 0 0
 579.459819156992 -NAN 0 0
 581.616736833625 -NAN 0 0
 583.773921393288 -NAN 0 0
 585.931378793219 -NAN 0 0
 588.089114990656 -NAN 0 0
 590.247135942837 -NAN 0 0
 592.405447607 -NAN 0 0
 594.564055940383 -NAN 0 0
 596.722966900224 -NAN 0 0
 598.882186443761 -NAN 0 0
 601.041720528232 -NAN 0 0
 603.201575110875 -NAN 0 0
 605.361756148928 -NAN 0 0
 607.522269599629 -NAN 0 0
 609.683121420216 -NAN 0 0
 611.844317567927 -NAN 0 0
 614.005864 -NAN 0 0
 616.167766673673 -NAN 0 0
 618.330031546184 -NAN 0 0
 620.492664574771 -NAN 0 0
 622.655671716672 -NAN 0 0
 624.819058929125 -NAN 0 0
 626.982832169368 -NAN 0 0
 629.146997394639 -NAN 0 0
 631.311560562176 -NAN 0 0
 633.476527629217 -NAN 0 0
 635.641904553 -NAN 0 0
 637.807697290763 -NAN 0 0
 639.973911799744 -NAN 0 0
 642.140554037181 -NAN 0 0
 644.307629960312 -NAN 0 0
 646.475145526375 -NAN 0 0
 648.643106692608 -NAN 0 0
 650.811519416249 -NAN 0 0
 652.980389654536 -NAN 0 0
 655.149723364707 -NAN 0 0
 657.319526504 -NAN 0 0
 659.489805029653 -NAN 0 0
 661.660564898904 -NAN 0 0
 663.831812068991 -NAN 0 0
 666.003552497152 -NAN 0 0
 668.175792140625 -NAN 0 0
 670.348536956648 -NAN 0 0
 672.521792902459 -NAN 0 0
 674.695565935296 -NAN 0 0
 676.869862012397 -NAN 0 0
 679.044687091 -NAN 0 0
 681.220047128343 -NAN 0 0
 683.395948081664 -NAN 0 0
 685.572395908201 -NAN 0 0
 687.749396565192 -NAN 0 0
 689.926956009875 -NAN 0 0
 692.105080199488 -NAN 0 0
 694.283775091269 -NAN 0 0
 696.463046642456 -NAN 0 0
 698.642900810287 -NAN 0 0
 700.823343552 -NAN 0 0
 703.004380824833 -NAN 0 0
 705.186018586024 -NAN 0 0
 707.368262792811 -NAN 0 0
 709.551119402432 -NAN 0 0
 711.734594372125 -NAN 0 0
 713.918693659128 -NAN 0 0
 716.103423220679 -NAN 0 0
 718.288789014016 -NAN 0 0
 720.474796996377 -NAN 0 0
 722.661453125 -NAN 0 0
 724.848763357123 -NAN 0 0
 727.036733649984 -NAN 0 0
 729.225369960821 -NAN 0 0
 731.414678246872 -NAN 0 0
 733.604664465375 -NAN 0 0
 735.795334573568 -NAN 0 0
[END] of [DATA]
[END] of Spectrum


[Spectrum]
Version            = 1
IDData             = 12ad_2026-06-05_12-44-40_000_088
IDDevice           = SAM_82E6
IDDataType         = SPECTRUM
IDDataTypeSub1     = CALIBRATED
IDDataTypeSub2     = 
IDDataTypeSub3     = 
DateTime           = 2026-06-05 12:44:40
PositionLatitude   = 0
PositionLongitude  = 0
Comment            = 20260605_FrameB
CommentSub1        = UV
CommentSub2        = left
CommentSub3        = 17cm
IDMethodType       = SAM Control
MethodName         = SAM_82E6
Mission            = No Mission
MissionSub         = 1
RecordType         = 0
[Attributes]
CalFactor = 1
IDBasisSpec = 
IDDataBack = DLAB_2024-11-11_10-40-48_641_639
IDDataCal = DLAB_2024-11-12_11-45-27_171_455
IntegrationTime = 128
P31 = -1
P31e = 0
PathLength = +INF
PathLengthCustomOn = 0
RAWDynamic = 65535
Salinity = 0
Temperature = -NAN
Unit1 = $01 $01 Wavelength nm
Unit2 = $03 $06 Intensity mW/(m^2 nm)
Unit3 = $f0 $06 Error mW/(m^2 nm)
Unit4 = $f1 $00 Status 
p999 = 6623
[END] of [Attributes]
[DATA]
 0 6 0 0
 185.260577530984 -NAN 0 0
 187.468128380571 -NAN 0 0
 189.674861895872 -NAN 0 0
 191.880784034125 -NAN 0 0
 194.085900752568 -NAN 0 0
 196.290218008439 -NAN 0 0
 198.493741758976 -NAN 0 0
 200.696477961417 -NAN 0 0
 202.898432573 -NAN 0 0
 205.099611550963 -NAN 0 0
 207.300020852544 -NAN 0 0
 209.499666434981 -NAN 0 0
 211.698554255512 -NAN 0 0
 213.896690271375 -NAN 0 0
 216.094080439808 -NAN 0 0
 218.290730718049 -NAN 0 0
 220.486647063336 -NAN 0 0
 222.681835432907 -NAN 0 0
 224.876301784 -NAN 0 0
 227.070052073853 -NAN 0 0
 229.263092259704 -NAN 0 0
 231.455428298791 -NAN 0 0
 233.647066148352 -NAN 0 0
 235.838011765625 -NAN 0 0
 238.028271107848 -NAN 0 0
 240.217850132259 -NAN 0 0
 242.406754796096 -NAN 0 0
 244.594991056597 -NAN 0 0
 246.782564871 -NAN 0 0
 248.969482196543 -NAN 0 0
 251.155748990464 -NAN 0 0
 253.341371210001 -NAN 0 0
 255.526354812392 -NAN 0 0
 257.710705754875 -NAN 0 0
 259.894429994688 -NAN 0 0
 262.077533489069 -NAN 0 0
 264.260022195256 -NAN 0 0
 266.441902070487 -NAN 0 0
 268.623179072 -NAN 0 0
 270.803859157033 -NAN 0 0
 272.983948282824 -NAN 0 0
 275.163452406611 -NAN 0 0
 277.342377485632 -NAN 0 0
 279.520729477125 5.86960750376053 0 0
 281.698514338328 7.79144134805085 0 0
 283.875738026479 7.95662094384896 0 0
 286.052406498816 17.3713108455327 0 0
 288.228525712577 21.9829262448669 0 0
 290.404101625 27.3201059039445 0 0
 292.579140193323 41.516411851422 0 0
 294.753647374784 51.3651065279988 0 0
 296.927629126621 58.5912812900691 0 0
 299.101091406072 72.2965665829339 0 0
 301.274040170375 81.3133007225847 0 0
 303.446481376768 85.3122203630503 0 0
 305.618420982489 94.5569988037927 0 0
 307.789864944776 96.0941226706137 0 0
 309.960819220867 99.46881368191 0 0
 312.131289768 107.176492540457 0 0
 314.301282543413 100.234775822714 0 0
 316.470803504344 90.490781455772 0 0
 318.639858608031 87.1801618693494 0 0
 320.808453811712 76.7612295237616 0 0
 322.976595072625 71.7986194197663 0 0
 325.144288348008 69.7804018928666 0 0
 327.311539595099 59.3200664808184 0 0
 329.478354771136 54.1022005801986 0 0
 331.644739833357 52.6313576479828 0 0
 333.810700739 43.2985040287489 0 0
 335.976243445303 39.4262553097345 0 0
 338.141373909504 37.3950265975153 0 0
 340.306098088841 28.7118816697637 0 0
 342.470421940552 26.5819155058979 0 0
 344.634351421875 25.5919528058854 0 0
 346.797892490048 18.6877420621222 0 0
 348.961051102309 17.802751509967 0 0
 351.123833215896 17.269067118256 0 0
 353.286244788047 11.8271177676431 0 0
 355.448291776 12.2120521635413 0 0
 357.609980136993 12.0284069424204 0 0
 359.771315828264 8.21463510611434 0 0
 361.932304807051 13.8599075206509 0 0
 364.092953030592 19.2690397936008 0 0
 366.253266456125 14.953042588318 0 0
 368.413251040888 11.6877970054864 0 0
 370.572912742119 7.52704842150784 0 0
 372.732257517056 1.82992212340102 0 0
 374.891291322937 5.05105693264006 0 0
 377.050020117 4.18434577652331 0 0
 379.208449856483 0.196814693171095 0 0
 381.366586498624 4.54123718333371 0 0
 383.524436000661 3.04686719608052 0 0
 385.682004319832 -0.537062959584911 0 0
 387.839297413375 3.96148837195336 0 0
 389.996321238528 2.28278857690036 0 0
 392.153081752529 -0.456470143129274 0 0
 394.309584912616 3.79345580281059 0 0
 396.465836676027 1.86630808134606 0 0
 398.621843 0.596392566362782 0 0
 400.777609841773 9.73747693589641 0 0
 402.933143158584 16.1506032752982 0 0
 405.088448907671 17.554376151191 0 0
 407.243533046272 16.3459971342212 0 0
 409.398401531625 6.93535016879067 0 0
 411.553060320968 4.23986239736454 0 0
 413.707515371539 8.22156883163247 0 0
 415.861772640576 7.41407995503132 0 0
 418.015838085317 10.5137852813503 0 0
 420.169717663 18.0575331453266 0 0
 422.323417330863 21.8620849447315 0 0
 424.476943046144 31.0335202673048 0 0
 426.630300766081 45.8207169484012 0 0
 428.783496447912 60.6697987082696 0 0
 430.936536048875 88.5258674015924 0 0
 433.089425526208 141.54198426627 0 0
 435.242170837149 194.747656433771 0 0
 437.394777938936 237.793275696877 0 0
 439.547252788807 277.660240329905 0 0
 441.699601344 344.379063484997 0 0
 443.851829561753 435.129231101173 0 0
 446.003943399304 520.921098031917 0 0
 448.155948813891 567.216009642199 0 0
 450.307851762752 562.787731801262 0 0
 452.459658203125 506.738345518429 0 0
 454.611374092248 421.561212880797 0 0
 456.763005387359 346.465788443562 0 0
 458.914558045696 289.585508493029 0 0
 461.066038024497 247.020587909108 0 0
 463.217451281 219.909385982901 0 0
 465.368803772443 191.725926827071 0 0
 467.520101456064 159.740162445421 0 0
 469.671350289101 135.857181293072 0 0
 471.822556228792 113.512008691111 0 0
 473.973725232375 94.9077122963661 0 0
 476.124863257088 88.7772309859677 0 0
 478.275976260169 82.5887325322923 0 0
 480.427070198856 76.9597535504605 0 0
 482.578151030387 78.7814779109512 0 0
 484.729224712 76.9938479984823 0 0
 486.880297200933 75.0798126301267 0 0
 489.031374454424 80.8604941944218 0 0
 491.182462429711 82.7294182567305 0 0
 493.333567084032 84.8371953733449 0 0
 495.484694374625 93.4760780467899 0 0
 497.635850258728 96.1414304012448 0 0
 499.787040693579 99.6007135671638 0 0
 501.938271636416 107.704733349853 0 0
 504.089549044477 -NAN 0 0
 506.240878875 -NAN 0 0
 508.392267085223 -NAN 0 0
 510.543719632384 -NAN 0 0
 512.695242473721 -NAN 0 0
 514.846841566472 -NAN 0 0
 516.998522867875 -NAN 0 0
 519.150292335168 -NAN 0 0
 521.302155925589 -NAN 0 0
 523.454119596376 -NAN 0 0
 525.606189304767 -NAN 0 0
 527.758371008 -NAN 0 0
 529.910670663313 -NAN 0 0
 532.063094227944 -NAN 0 0
 534.215647659131 -NAN 0 0
 536.368336914112 -NAN 0 0
 538.521167950125 -NAN 0 0
 540.674146724408 -NAN 0 0
 542.827279194199 -NAN 0 0
 544.980571316736 -NAN 0 0
 547.134029049257 -NAN 0 0
 549.287658349 -NAN 0 0
 551.441465173203 -NAN 0 0
 553.595455479104 -NAN 0 0
 555.749635223941 -NAN 0 0
 557.904010364952 -NAN 0 0
 560.058586859375 -NAN 0 0
 562.213370664448 -NAN 0 0
 564.368367737409 -NAN 0 0
 566.523584035496 -NAN 0 0
 568.679025515947 -NAN 0 0
 570.834698136 -NAN 0 0
 572.990607852893 -NAN 0 0
 575.146760623864 -NAN 0 0
 577.303162406151 -NAN 0 0
 579.459819156992 -NAN 0 0
 581.616736833625 -NAN 0 0
 583.773921393288 -NAN 0 0
 585.931378793219 -NAN 0 0
 588.089114990656 -NAN 0 0
 590.247135942837 -NAN 0 0
 592.405447607 -NAN 0 0
 594.564055940383 -NAN 0 0
 596.722966900224 -NAN 0 0
 598.882186443761 -NAN 0 0
 601.041720528232 -NAN 0 0
 603.201575110875 -NAN 0 0
 605.361756148928 -NAN 0 0
 607.522269599629 -NAN 0 0
 609.683121420216 -NAN 0 0
 611.844317567927 -NAN 0 0
 614.005864 -NAN 0 0
 616.167766673673 -NAN 0 0
 618.330031546184 -NAN 0 0
 620.492664574771 -NAN 0 0
 622.655671716672 -NAN 0 0
 624.819058929125 -NAN 0 0
 626.982832169368 -NAN 0 0
 629.146997394639 -NAN 0 0
 631.311560562176 -NAN 0 0
 633.476527629217 -NAN 0 0
 635.641904553 -NAN 0 0
 637.807697290763 -NAN 0 0
 639.973911799744 -NAN 0 0
 642.140554037181 -NAN 0 0
 644.307629960312 -NAN 0 0
 646.475145526375 -NAN 0 0
 648.643106692608 -NAN 0 0
 650.811519416249 -NAN 0 0
 652.980389654536 -NAN 0 0
 655.149723364707 -NAN 0 0
 657.319526504 -NAN 0 0
 659.489805029653 -NAN 0 0
 661.660564898904 -NAN 0 0
 663.831812068991 -NAN 0 0
 666.003552497152 -NAN 0 0
 668.175792140625 -NAN 0 0
 670.348536956648 -NAN 0 0
 672.521792902459 -NAN 0 0
 674.695565935296 -NAN 0 0
 676.869862012397 -NAN 0 0
 679.044687091 -NAN 0 0
 681.220047128343 -NAN 0 0
 683.395948081664 -NAN 0 0
 685.572395908201 -NAN 0 0
 687.749396565192 -NAN 0 0
 689.926956009875 -NAN 0 0
 692.105080199488 -NAN 0 0
 694.283775091269 -NAN 0 0
 696.463046642456 -NAN 0 0
 698.642900810287 -NAN 0 0
 700.823343552 -NAN 0 0
 703.004380824833 -NAN 0 0
 705.186018586024 -NAN 0 0
 707.368262792811 -NAN 0 0
 709.551119402432 -NAN 0 0
 711.734594372125 -NAN 0 0
 713.918693659128 -NAN 0 0
 716.103423220679 -NAN 0 0
 718.288789014016 -NAN 0 0
 720.474796996377 -NAN 0 0
 722.661453125 -NAN 0 0
 724.848763357123 -NAN 0 0
 727.036733649984 -NAN 0 0
 729.225369960821 -NAN 0 0
 731.414678246872 -NAN 0 0
 733.604664465375 -NAN 0 0
 735.795334573568 -NAN 0 0
[END] of [DATA]
[END] of Spectrum


[Spectrum]
Version            = 1
IDData             = 12ad_2026-06-05_12-44-35_000_085
IDDevice           = SAM_82E6
IDDataType         = SPECTRUM
IDDataTypeSub1     = CALIBRATED
IDDataTypeSub2     = 
IDDataTypeSub3     = 
DateTime           = 2026-06-05 12:44:35
PositionLatitude   = 0
PositionLongitude  = 0
Comment            = 20260605_FrameB
CommentSub1        = UV
CommentSub2        = left
CommentSub3        = 17cm
IDMethodType       = SAM Control
MethodName         = SAM_82E6
Mission            = No Mission
MissionSub         = 1
RecordType         = 0
[Attributes]
CalFactor = 1
IDBasisSpec = 
IDDataBack = DLAB_2024-11-11_10-40-48_641_639
IDDataCal = DLAB_2024-11-12_11-45-27_171_455
IntegrationTime = 128
P31 = -1
P31e = 0
PathLength = +INF
PathLengthCustomOn = 0
RAWDynamic = 65535
Salinity = 0
Temperature = -NAN
Unit1 = $01 $01 Wavelength nm
Unit2 = $03 $06 Intensity mW/(m^2 nm)
Unit3 = $f0 $06 Error mW/(m^2 nm)
Unit4 = $f1 $00 Status 
p999 = 6622
[END] of [Attributes]
[DATA]
 0 6 0 0
 185.260577530984 -NAN 0 0
 187.468128380571 -NAN 0 0
 189.674861895872 -NAN 0 0
 191.880784034125 -NAN 0 0
 194.085900752568 -NAN 0 0
 196.290218008439 -NAN 0 0
 198.493741758976 -NAN 0 0
 200.696477961417 -NAN 0 0
 202.898432573 -NAN 0 0
 205.099611550963 -NAN 0 0
 207.300020852544 -NAN 0 0
 209.499666434981 -NAN 0 0
 211.698554255512 -NAN 0 0
 213.896690271375 -NAN 0 0
 216.094080439808 -NAN 0 0
 218.290730718049 -NAN 0 0
 220.486647063336 -NAN 0 0
 222.681835432907 -NAN 0 0
 224.876301784 -NAN 0 0
 227.070052073853 -NAN 0 0
 229.263092259704 -NAN 0 0
 231.455428298791 -NAN 0 0
 233.647066148352 -NAN 0 0
 235.838011765625 -NAN 0 0
 238.028271107848 -NAN 0 0
 240.217850132259 -NAN 0 0
 242.406754796096 -NAN 0 0
 244.594991056597 -NAN 0 0
 246.782564871 -NAN 0 0
 248.969482196543 -NAN 0 0
 251.155748990464 -NAN 0 0
 253.341371210001 -NAN 0 0
 255.526354812392 -NAN 0 0
 257.710705754875 -NAN 0 0
 259.894429994688 -NAN 0 0
 262.077533489069 -NAN 0 0
 264.260022195256 -NAN 0 0
 266.441902070487 -NAN 0 0
 268.623179072 -NAN 0 0
 270.803859157033 -NAN 0 0
 272.983948282824 -NAN 0 0
 275.163452406611 -NAN 0 0
 277.342377485632 -NAN 0 0
 279.520729477125 2.17225305938642 0 0
 281.698514338328 6.94552712008242 0 0
 283.875738026479 12.2029325141275 0 0
 286.052406498816 12.3028223768955 0 0
 288.228525712577 21.8812045067144 0 0
 290.404101625 31.3523564458014 0 0
 292.579140193323 36.1642977084047 0 0
 294.753647374784 51.7113987585147 0 0
 296.927629126621 61.5635250172483 0 0
 299.101091406072 67.5356295102793 0 0
 301.274040170375 82.2125730999416 0 0
 303.446481376768 87.2399321257103 0 0
 305.618420982489 90.1638820802082 0 0
 307.789864944776 97.3458069765077 0 0
 309.960819220867 100.851031502959 0 0
 312.131289768 102.478567897969 0 0
 314.301282543413 102.015026745743 0 0
 316.470803504344 91.9214614134624 0 0
 318.639858608031 82.0639949625037 0 0
 320.808453811712 79.5419044538392 0 0
 322.976595072625 72.8378175042403 0 0
 325.144288348008 64.4026323007254 0 0
 327.311539595099 63.0949980788999 0 0
 329.478354771136 54.79980914093 0 0
 331.644739833357 47.1699292537592 0 0
 333.810700739 47.6962257357298 0 0
 335.976243445303 39.0613860727813 0 0
 338.141373909504 32.8714365329148 0 0
 340.306098088841 33.3551567554451 0 0
 342.470421940552 25.6875618581064 0 0
 344.634351421875 22.1751951832028 0 0
 346.797892490048 22.7332614800358 0 0
 348.961051102309 16.5132105704918 0 0
 351.123833215896 14.6104590633046 0 0
 353.286244788047 15.45930679043 0 0
 355.448291776 10.4511808493283 0 0
 357.609980136993 9.67794833908233 0 0
 359.771315828264 11.8168246356915 0 0
 361.932304807051 11.6078094961681 0 0
 364.092953030592 17.2785813745257 0 0
 366.253266456125 19.0112203868083 0 0
 368.413251040888 8.45944111106056 0 0
 370.572912742119 5.76489010980525 0 0
 372.732257517056 6.19872183159716 0 0
 374.891291322937 1.15613490652976 0 0
 377.050020117 3.16770217371949 0 0
 379.208449856483 4.50570100631663 0 0
 381.366586498624 -0.367034431953526 0 0
 383.524436000661 2.61339144200864 0 0
 385.682004319832 3.50954019827456 0 0
 387.839297413375 -1.03580643853926 0 0
 389.996321238528 2.73929952090332 0 0
 392.153081752529 2.69205169534683 0 0
 394.309584912616 -1.31063662324169 0 0
 396.465836676027 2.83426615986644 0 0
 398.621843 3.41594722650324 0 0
 400.777609841773 4.68242374864945 0 0
 402.933143158584 17.3837022110862 0 0
 405.088448907671 19.5678048477077 0 0
 407.243533046272 11.5571527897157 0 0
 409.398401531625 8.77211767947045 0 0
 411.553060320968 5.5711335274916 0 0
 413.707515371539 4.09882465532516 0 0
 415.861772640576 9.71146913366072 0 0
 418.015838085317 11.5410032158609 0 0
 420.169717663 14.5676534469844 0 0
 422.323417330863 24.3020796862608 0 0
 424.476943046144 31.6415544459552 0 0
 426.630300766081 42.9005472936395 0 0
 428.783496447912 63.2652987141205 0 0
 430.936536048875 88.6601824762871 0 0
 433.089425526208 138.86137029276 0 0
 435.242170837149 196.992651636983 0 0
 437.394777938936 237.175414371781 0 0
 439.547252788807 275.389915185955 0 0
 441.699601344 347.087387657897 0 0
 443.851829561753 434.512332898169 0 0
 446.003943399304 518.812137941699 0 0
 448.155948813891 570.201860927162 0 0
 450.307851762752 561.830907825488 0 0
 452.459658203125 504.788463399811 0 0
 454.611374092248 425.019834532237 0 0
 456.763005387359 344.674364128246 0 0
 458.914558045696 287.772086095523 0 0
 461.066038024497 250.799641908129 0 0
 463.217451281 217.367822907151 0 0
 465.368803772443 190.434997331557 0 0
 467.520101456064 163.249898740797 0 0
 469.671350289101 132.838091603243 0 0
 471.822556228792 112.706411227508 0 0
 473.973725232375 98.3376174290662 0 0
 476.124863257088 85.3905254820681 0 0
 478.275976260169 82.3298122254481 0 0
 480.427070198856 80.2289183511289 0 0
 482.578151030387 75.0055512918393 0 0
 484.729224712 77.2363670577325 0 0
 486.880297200933 78.181702089723 0 0
 489.031374454424 76.9140274008718 0 0
 491.182462429711 83.4542612225439 0 0
 493.333567084032 87.5036243837173 0 0
 495.484694374625 89.1937479706859 0 0
 497.635850258728 97.3866744011607 0 0
 499.787040693579 101.676121970426 0 0
 501.938271636416 103.657042891531 0 0
 504.089549044477 -NAN 0 0
 506.240878875 -NAN 0 0
 508.392267085223 -NAN 0 0
 510.543719632384 -NAN 0 0
 512.695242473721 -NAN 0 0
 514.846841566472 -NAN 0 0
 516.998522867875 -NAN 0 0
 519.150292335168 -NAN 0 0
 521.302155925589 -NAN 0 0
 523.454119596376 -NAN 0 0
 525.606189304767 -NAN 0 0
 527.758371008 -NAN 0 0
 529.910670663313 -NAN 0 0
 532.063094227944 -NAN 0 0
 534.215647659131 -NAN 0 0
 536.368336914112 -NAN 0 0
 538.521167950125 -NAN 0 0
 540.674146724408 -NAN 0 0
 542.827279194199 -NAN 0 0
 544.980571316736 -NAN 0 0
 547.134029049257 -NAN 0 0
 549.287658349 -NAN 0 0
 551.441465173203 -NAN 0 0
 553.595455479104 -NAN 0 0
 555.749635223941 -NAN 0 0
 557.904010364952 -NAN 0 0
 560.058586859375 -NAN 0 0
 562.213370664448 -NAN 0 0
 564.368367737409 -NAN 0 0
 566.523584035496 -NAN 0 0
 568.679025515947 -NAN 0 0
 570.834698136 -NAN 0 0
 572.990607852893 -NAN 0 0
 575.146760623864 -NAN 0 0
 577.303162406151 -NAN 0 0
 579.459819156992 -NAN 0 0
 581.616736833625 -NAN 0 0
 583.773921393288 -NAN 0 0
 585.931378793219 -NAN 0 0
 588.089114990656 -NAN 0 0
 590.247135942837 -NAN 0 0
 592.405447607 -NAN 0 0
 594.564055940383 -NAN 0 0
 596.722966900224 -NAN 0 0
 598.882186443761 -NAN 0 0
 601.041720528232 -NAN 0 0
 603.201575110875 -NAN 0 0
 605.361756148928 -NAN 0 0
 607.522269599629 -NAN 0 0
 609.683121420216 -NAN 0 0
 611.844317567927 -NAN 0 0
 614.005864 -NAN 0 0
 616.167766673673 -NAN 0 0
 618.330031546184 -NAN 0 0
 620.492664574771 -NAN 0 0
 622.655671716672 -NAN 0 0
 624.819058929125 -NAN 0 0
 626.982832169368 -NAN 0 0
 629.146997394639 -NAN 0 0
 631.311560562176 -NAN 0 0
 633.476527629217 -NAN 0 0
 635.641904553 -NAN 0 0
 637.807697290763 -NAN 0 0
 639.973911799744 -NAN 0 0
 642.140554037181 -NAN 0 0
 644.307629960312 -NAN 0 0
 646.475145526375 -NAN 0 0
 648.643106692608 -NAN 0 0
 650.811519416249 -NAN 0 0
 652.980389654536 -NAN 0 0
 655.149723364707 -NAN 0 0
 657.319526504 -NAN 0 0
 659.489805029653 -NAN 0 0
 661.660564898904 -NAN 0 0
 663.831812068991 -NAN 0 0
 666.003552497152 -NAN 0 0
 668.175792140625 -NAN 0 0
 670.348536956648 -NAN 0 0
 672.521792902459 -NAN 0 0
 674.695565935296 -NAN 0 0
 676.869862012397 -NAN 0 0
 679.044687091 -NAN 0 0
 681.220047128343 -NAN 0 0
 683.395948081664 -NAN 0 0
 685.572395908201 -NAN 0 0
 687.749396565192 -NAN 0 0
 689.926956009875 -NAN 0 0
 692.105080199488 -NAN 0 0
 694.283775091269 -NAN 0 0
 696.463046642456 -NAN 0 0
 698.642900810287 -NAN 0 0
 700.823343552 -NAN 0 0
 703.004380824833 -NAN 0 0
 705.186018586024 -NAN 0 0
 707.368262792811 -NAN 0 0
 709.551119402432 -NAN 0 0
 711.734594372125 -NAN 0 0
 713.918693659128 -NAN 0 0
 716.103423220679 -NAN 0 0
 718.288789014016 -NAN 0 0
 720.474796996377 -NAN 0 0
 722.661453125 -NAN 0 0
 724.848763357123 -NAN 0 0
 727.036733649984 -NAN 0 0
 729.225369960821 -NAN 0 0
 731.414678246872 -NAN 0 0
 733.604664465375 -NAN 0 0
 735.795334573568 -NAN 0 0
[END] of [DATA]
[END] of Spectrum


[Spectrum]
Version            = 1
IDData             = 12ad_2026-06-05_12-44-30_000_082
IDDevice           = SAM_82E6
IDDataType         = SPECTRUM
IDDataTypeSub1     = CALIBRATED
IDDataTypeSub2     = 
IDDataTypeSub3     = 
DateTime           = 2026-06-05 12:44:30
PositionLatitude   = 0
PositionLongitude  = 0
Comment            = 20260605_FrameB
CommentSub1        = UV
CommentSub2        = left
CommentSub3        = 17cm
IDMethodType       = SAM Control
MethodName         = SAM_82E6
Mission            = No Mission
MissionSub         = 1
RecordType         = 0
[Attributes]
CalFactor = 1
IDBasisSpec = 
IDDataBack = DLAB_2024-11-11_10-40-48_641_639
IDDataCal = DLAB_2024-11-12_11-45-27_171_455
IntegrationTime = 128
P31 = -1
P31e = 0
PathLength = +INF
PathLengthCustomOn = 0
RAWDynamic = 65535
Salinity = 0
Temperature = -NAN
Unit1 = $01 $01 Wavelength nm
Unit2 = $03 $06 Intensity mW/(m^2 nm)
Unit3 = $f0 $06 Error mW/(m^2 nm)
Unit4 = $f1 $00 Status 
p999 = 6621
[END] of [Attributes]
[DATA]
 0 6 0 0
 185.260577530984 -NAN 0 0
 187.468128380571 -NAN 0 0
 189.674861895872 -NAN 0 0
 191.880784034125 -NAN 0 0
 194.085900752568 -NAN 0 0
 196.290218008439 -NAN 0 0
 198.493741758976 -NAN 0 0
 200.696477961417 -NAN 0 0
 202.898432573 -NAN 0 0
 205.099611550963 -NAN 0 0
 207.300020852544 -NAN 0 0
 209.499666434981 -NAN 0 0
 211.698554255512 -NAN 0 0
 213.896690271375 -NAN 0 0
 216.094080439808 -NAN 0 0
 218.290730718049 -NAN 0 0
 220.486647063336 -NAN 0 0
 222.681835432907 -NAN 0 0
 224.876301784 -NAN 0 0
 227.070052073853 -NAN 0 0
 229.263092259704 -NAN 0 0
 231.455428298791 -NAN 0 0
 233.647066148352 -NAN 0 0
 235.838011765625 -NAN 0 0
 238.028271107848 -NAN 0 0
 240.217850132259 -NAN 0 0
 242.406754796096 -NAN 0 0
 244.594991056597 -NAN 0 0
 246.782564871 -NAN 0 0
 248.969482196543 -NAN 0 0
 251.155748990464 -NAN 0 0
 253.341371210001 -NAN 0 0
 255.526354812392 -NAN 0 0
 257.710705754875 -NAN 0 0
 259.894429994688 -NAN 0 0
 262.077533489069 -NAN 0 0
 264.260022195256 -NAN 0 0
 266.441902070487 -NAN 0 0
 268.623179072 -NAN 0 0
 270.803859157033 -NAN 0 0
 272.983948282824 -NAN 0 0
 275.163452406611 -NAN 0 0
 277.342377485632 -NAN 0 0
 279.520729477125 2.5097347213687 0 0
 281.698514338328 6.33495224456271 0 0
 283.875738026479 12.3314374535673 0 0
 286.052406498816 12.6440125201581 0 0
 288.228525712577 20.9026700396981 0 0
 290.404101625 31.2491145458837 0 0
 292.579140193323 36.2418237231178 0 0
 294.753647374784 50.7026344348379 0 0
 296.927629126621 61.5190873707505 0 0
 299.101091406072 67.193604744359 0 0
 301.274040170375 81.0858718374725 0 0
 303.446481376768 87.1820461634322 0 0
 305.618420982489 89.6616579651742 0 0
 307.789864944776 96.3463835554907 0 0
 309.960819220867 100.63813321465 0 0
 312.131289768 101.831548336429 0 0
 314.301282543413 101.199902057929 0 0
 316.470803504344 91.5488248745251 0 0
 318.639858608031 81.4632280664773 0 0
 320.808453811712 78.6327608553505 0 0
 322.976595072625 72.8898477195658 0 0
 325.144288348008 64.0402644704899 0 0
 327.311539595099 62.1992764453357 0 0
 329.478354771136 54.8012965792258 0 0
 331.644739833357 46.7983330144125 0 0
 333.810700739 47.0049648682912 0 0
 335.976243445303 39.5338263198323 0 0
 338.141373909504 32.3166963666568 0 0
 340.306098088841 32.5991485055987 0 0
 342.470421940552 26.0188524479911 0 0
 344.634351421875 21.6105561796752 0 0
 346.797892490048 22.6040077990215 0 0
 348.961051102309 16.7849972258969 0 0
 351.123833215896 14.027244412092 0 0
 353.286244788047 15.4015145303857 0 0
 355.448291776 10.6071529571847 0 0
 357.609980136993 9.29352253562066 0 0
 359.771315828264 11.7210960993725 0 0
 361.932304807051 11.6484373006078 0 0
 364.092953030592 16.8122970142999 0 0
 366.253266456125 18.9283050994147 0 0
 368.413251040888 8.74433169881499 0 0
 370.572912742119 5.26877283744422 0 0
 372.732257517056 6.20002634031863 0 0
 374.891291322937 1.35108267794363 0 0
 377.050020117 2.54833585396518 0 0
 379.208449856483 4.75900026668667 0 0
 381.366586498624 -0.00947822156836439 0 0
 383.524436000661 2.00084045838575 0 0
 385.682004319832 3.8437938861821 0 0
 387.839297413375 -0.75384962898779 0 0
 389.996321238528 2.13389577670247 0 0
 392.153081752529 3.24293894518157 0 0
 394.309584912616 -1.16200021542986 0 0
 396.465836676027 2.47312784763068 0 0
 398.621843 3.84717323334825 0 0
 400.777609841773 4.54326998198225 0 0
 402.933143158584 17.0427940777594 0 0
 405.088448907671 19.768042112828 0 0
 407.243533046272 11.5155726478011 0 0
 409.398401531625 8.58763884652008 0 0
 411.553060320968 6.0487146371395 0 0
 413.707515371539 4.09988530471448 0 0
 415.861772640576 9.4001836163431 0 0
 418.015838085317 11.7543106721181 0 0
 420.169717663 14.4834573794451 0 0
 422.323417330863 24.1546728744836 0 0
 424.476943046144 32.0099255176923 0 0
 426.630300766081 42.777111213051 0 0
 428.783496447912 62.9474995903122 0 0
 430.936536048875 88.8389945695924 0 0
 433.089425526208 138.497856045068 0 0
 435.242170837149 196.748891032861 0 0
 437.394777938936 237.190601131389 0 0
 439.547252788807 274.968526016023 0 0
 441.699601344 347.176980172266 0 0
 443.851829561753 434.633703643672 0 0
 446.003943399304 518.735992932356 0 0
 448.155948813891 570.376466982322 0 0
 450.307851762752 561.831809638849 0 0
 452.459658203125 504.522612488627 0 0
 454.611374092248 425.106371395114 0 0
 456.763005387359 344.815920818012 0 0
 458.914558045696 287.557509422181 0 0
 461.066038024497 250.708960914354 0 0
 463.217451281 217.593208762254 0 0
 465.368803772443 189.980058155297 0 0
 467.520101456064 163.385918426336 0 0
 469.671350289101 133.034023920869 0 0
 471.822556228792 112.13691831226 0 0
 473.973725232375 98.7351120527916 0 0
 476.124863257088 85.4713458487843 0 0
 478.275976260169 81.8308627929457 0 0
 480.427070198856 80.3904273446883 0 0
 482.578151030387 74.946395480189 0 0
 484.729224712 76.6943313723116 0 0
 486.880297200933 78.2432253209808 0 0
 489.031374454424 76.7741611266462 0 0
 491.182462429711 82.9728940141224 0 0
 493.333567084032 87.4446178127153 0 0
 495.484694374625 89.0553940654099 0 0
 497.635850258728 97.1112944505185 0 0
 499.787040693579 101.872899823223 0 0
 501.938271636416 103.541886582294 0 0
 504.089549044477 -NAN 0 0
 506.240878875 -NAN 0 0
 508.392267085223 -NAN 0 0
 510.543719632384 -NAN 0 0
 512.695242473721 -NAN 0 0
 514.846841566472 -NAN 0 0
 516.998522867875 -NAN 0 0
 519.150292335168 -NAN 0 0
 521.302155925589 -NAN 0 0
 523.454119596376 -NAN 0 0
 525.606189304767 -NAN 0 0
 527.758371008 -NAN 0 0
 529.910670663313 -NAN 0 0
 532.063094227944 -NAN 0 0
 534.215647659131 -NAN 0 0
 536.368336914112 -NAN 0 0
 538.521167950125 -NAN 0 0
 540.674146724408 -NAN 0 0
 542.827279194199 -NAN 0 0
 544.980571316736 -NAN 0 0
 547.134029049257 -NAN 0 0
 549.287658349 -NAN 0 0
 551.441465173203 -NAN 0 0
 553.595455479104 -NAN 0 0
 555.749635223941 -NAN 0 0
 557.904010364952 -NAN 0 0
 560.058586859375 -NAN 0 0
 562.213370664448 -NAN 0 0
 564.368367737409 -NAN 0 0
 566.523584035496 -NAN 0 0
 568.679025515947 -NAN 0 0
 570.834698136 -NAN 0 0
 572.990607852893 -NAN 0 0
 575.146760623864 -NAN 0 0
 577.303162406151 -NAN 0 0
 579.459819156992 -NAN 0 0
 581.616736833625 -NAN 0 0
 583.773921393288 -NAN 0 0
 585.931378793219 -NAN 0 0
 588.089114990656 -NAN 0 0
 590.247135942837 -NAN 0 0
 592.405447607 -NAN 0 0
 594.564055940383 -NAN 0 0
 596.722966900224 -NAN 0 0
 598.882186443761 -NAN 0 0
 601.041720528232 -NAN 0 0
 603.201575110875 -NAN 0 0
 605.361756148928 -NAN 0 0
 607.522269599629 -NAN 0 0
 609.683121420216 -NAN 0 0
 611.844317567927 -NAN 0 0
 614.005864 -NAN 0 0
 616.167766673673 -NAN 0 0
 618.330031546184 -NAN 0 0
 620.492664574771 -NAN 0 0
 622.655671716672 -NAN 0 0
 624.819058929125 -NAN 0 0
 626.982832169368 -NAN 0 0
 629.146997394639 -NAN 0 0
 631.311560562176 -NAN 0 0
 633.476527629217 -NAN 0 0
 635.641904553 -NAN 0 0
 637.807697290763 -NAN 0 0
 639.973911799744 -NAN 0 0
 642.140554037181 -NAN 0 0
 644.307629960312 -NAN 0 0
 646.475145526375 -NAN 0 0
 648.643106692608 -NAN 0 0
 650.811519416249 -NAN 0 0
 652.980389654536 -NAN 0 0
 655.149723364707 -NAN 0 0
 657.319526504 -NAN 0 0
 659.489805029653 -NAN 0 0
 661.660564898904 -NAN 0 0
 663.831812068991 -NAN 0 0
 666.003552497152 -NAN 0 0
 668.175792140625 -NAN 0 0
 670.348536956648 -NAN 0 0
 672.521792902459 -NAN 0 0
 674.695565935296 -NAN 0 0
 676.869862012397 -NAN 0 0
 679.044687091 -NAN 0 0
 681.220047128343 -NAN 0 0
 683.395948081664 -NAN 0 0
 685.572395908201 -NAN 0 0
 687.749396565192 -NAN 0 0
 689.926956009875 -NAN 0 0
 692.105080199488 -NAN 0 0
 694.283775091269 -NAN 0 0
 696.463046642456 -NAN 0 0
 698.642900810287 -NAN 0 0
 700.823343552 -NAN 0 0
 703.004380824833 -NAN 0 0
 705.186018586024 -NAN 0 0
 707.368262792811 -NAN 0 0
 709.551119402432 -NAN 0 0
 711.734594372125 -NAN 0 0
 713.918693659128 -NAN 0 0
 716.103423220679 -NAN 0 0
 718.288789014016 -NAN 0 0
 720.474796996377 -NAN 0 0
 722.661453125 -NAN 0 0
 724.848763357123 -NAN 0 0
 727.036733649984 -NAN 0 0
 729.225369960821 -NAN 0 0
 731.414678246872 -NAN 0 0
 733.604664465375 -NAN 0 0
 735.795334573568 -NAN 0 0
[END] of [DATA]
[END] of Spectrum


