[Spectrum]
Version            = 1
IDData             = 12ad_2026-06-05_14-46-05_000_486
IDDevice           = SAM_82E6
IDDataType         = SPECTRUM
IDDataTypeSub1     = CALIBRATED
IDDataTypeSub2     = 
IDDataTypeSub3     = 
DateTime           = 2026-06-05 14:46:05
PositionLatitude   = 0
PositionLongitude  = 0
Comment            = 20260605_FrameB
CommentSub1        = UV
CommentSub2        = right
CommentSub3        = 50cm
IDMethodType       = SAM Control
MethodName         = SAM_82E6
Mission            = No Mission
MissionSub         = 1
RecordType         = 0
[Attributes]
CalFactor = 1
IDBasisSpec = 
IDDataBack = DLAB_2024-11-11_10-40-48_641_639
IDDataCal = DLAB_2024-11-12_11-45-27_171_455
IntegrationTime = 256
P31 = -1
P31e = 0
PathLength = +INF
PathLengthCustomOn = 0
RAWDynamic = 65535
Salinity = 0
Temperature = -NAN
Unit1 = $01 $01 Wavelength nm
Unit2 = $03 $06 Intensity mW/(m^2 nm)
Unit3 = $f0 $06 Error mW/(m^2 nm)
Unit4 = $f1 $00 Status 
p999 = 6859
[END] of [Attributes]
[DATA]
 0 7 0 0
 185.260577530984 -NAN 0 0
 187.468128380571 -NAN 0 0
 189.674861895872 -NAN 0 0
 191.880784034125 -NAN 0 0
 194.085900752568 -NAN 0 0
 196.290218008439 -NAN 0 0
 198.493741758976 -NAN 0 0
 200.696477961417 -NAN 0 0
 202.898432573 -NAN 0 0
 205.099611550963 -NAN 0 0
 207.300020852544 -NAN 0 0
 209.499666434981 -NAN 0 0
 211.698554255512 -NAN 0 0
 213.896690271375 -NAN 0 0
 216.094080439808 -NAN 0 0
 218.290730718049 -NAN 0 0
 220.486647063336 -NAN 0 0
 222.681835432907 -NAN 0 0
 224.876301784 -NAN 0 0
 227.070052073853 -NAN 0 0
 229.263092259704 -NAN 0 0
 231.455428298791 -NAN 0 0
 233.647066148352 -NAN 0 0
 235.838011765625 -NAN 0 0
 238.028271107848 -NAN 0 0
 240.217850132259 -NAN 0 0
 242.406754796096 -NAN 0 0
 244.594991056597 -NAN 0 0
 246.782564871 -NAN 0 0
 248.969482196543 -NAN 0 0
 251.155748990464 -NAN 0 0
 253.341371210001 -NAN 0 0
 255.526354812392 -NAN 0 0
 257.710705754875 -NAN 0 0
 259.894429994688 -NAN 0 0
 262.077533489069 -NAN 0 0
 264.260022195256 -NAN 0 0
 266.441902070487 -NAN 0 0
 268.623179072 -NAN 0 0
 270.803859157033 -NAN 0 0
 272.983948282824 -NAN 0 0
 275.163452406611 -NAN 0 0
 277.342377485632 -NAN 0 0
 279.520729477125 17.8441170233742 0 0
 281.698514338328 21.2666188652104 0 0
 283.875738026479 29.0170476148765 0 0
 286.052406498816 54.1459982601966 0 0
 288.228525712577 68.5170352669739 0 0
 290.404101625 93.2048344046512 0 0
 292.579140193323 133.755394241634 0 0
 294.753647374784 166.706619282572 0 0
 296.927629126621 197.031052355565 0 0
 299.101091406072 237.143696471717 0 0
 301.274040170375 268.769218187382 0 0
 303.446481376768 285.737820393339 0 0
 305.618420982489 311.790656832855 0 0
 307.789864944776 318.920586545276 0 0
 309.960819220867 333.89736494628 0 0
 312.131289768 355.582051255369 0 0
 314.301282543413 335.39862187743 0 0
 316.470803504344 303.680225644656 0 0
 318.639858608031 285.477254920045 0 0
 320.808453811712 254.269943467596 0 0
 322.976595072625 237.84940838305 0 0
 325.144288348008 224.459248369298 0 0
 327.311539595099 194.95067749098 0 0
 329.478354771136 176.996084513999 0 0
 331.644739833357 166.298529270774 0 0
 333.810700739 141.973063439177 0 0
 335.976243445303 126.804073109439 0 0
 338.141373909504 116.47694572554 0 0
 340.306098088841 94.0957180835422 0 0
 342.470421940552 83.9262603251823 0 0
 344.634351421875 78.4607282004204 0 0
 346.797892490048 61.169130758741 0 0
 348.961051102309 54.6049041302376 0 0
 351.123833215896 51.6613159917883 0 0
 353.286244788047 38.2248449879952 0 0
 355.448291776 35.352312245048 0 0
 357.609980136993 34.6255073467577 0 0
 359.771315828264 26.6695753201555 0 0
 361.932304807051 41.3494067550022 0 0
 364.092953030592 60.511008737809 0 0
 366.253266456125 50.9320106082761 0 0
 368.413251040888 32.7352381345778 0 0
 370.572912742119 20.582090226709 0 0
 372.732257517056 7.1084782949533 0 0
 374.891291322937 9.99992954498867 0 0
 377.050020117 11.5110599059245 0 0
 379.208449856483 1.8081340011625 0 0
 381.366586498624 6.89847275688871 0 0
 383.524436000661 8.32679099312901 0 0
 385.682004319832 -0.860146632284413 0 0
 387.839297413375 5.50845591092943 0 0
 389.996321238528 6.57489233174869 0 0
 392.153081752529 -2.01593890448122 0 0
 394.309584912616 4.79035341940828 0 0
 396.465836676027 5.50765850539002 0 0
 398.621843 0.308142933551301 0 0
 400.777609841773 19.8601116137708 0 0
 402.933143158584 43.0686856750961 0 0
 405.088448907671 43.4885550951348 0 0
 407.243533046272 35.7646892550048 0 0
 409.398401531625 16.0074768322885 0 0
 411.553060320968 2.81148939212353 0 0
 413.707515371539 7.87952769837024 0 0
 415.861772640576 7.79385961652558 0 0
 418.015838085317 5.14888578769846 0 0
 420.169717663 14.3227334724722 0 0
 422.323417330863 17.1747828267969 0 0
 424.476943046144 19.2783939627286 0 0
 426.630300766081 33.1953819880684 0 0
 428.783496447912 45.2031891175683 0 0
 430.936536048875 71.9396121614275 0 0
 433.089425526208 155.971598692341 0 0
 435.242170837149 228.701233814192 0 0
 437.394777938936 243.324324425626 0 0
 439.547252788807 224.69444998058 0 0
 441.699601344 245.261338745729 0 0
 443.851829561753 298.078424510767 0 0
 446.003943399304 363.324208617732 0 0
 448.155948813891 398.481124948767 0 0
 450.307851762752 395.993614006352 0 0
 452.459658203125 364.445812933106 0 0
 454.611374092248 304.015318961688 0 0
 456.763005387359 247.4582267932 0 0
 458.914558045696 213.076078591141 0 0
 461.066038024497 181.308097655293 0 0
 463.217451281 159.084999574058 0 0
 465.368803772443 146.106438208866 0 0
 467.520101456064 120.864612393882 0 0
 469.671350289101 100.195296271174 0 0
 471.822556228792 90.9890264946128 0 0
 473.973725232375 74.3889340038731 0 0
 476.124863257088 67.035096644599 0 0
 478.275976260169 70.3968318555851 0 0
 480.427070198856 62.9295064678972 0 0
 482.578151030387 62.2731811836364 0 0
 484.729224712 69.0310988690271 0 0
 486.880297200933 64.0874283158577 0 0
 489.031374454424 67.0458885033992 0 0
 491.182462429711 76.6553844260108 0 0
 493.333567084032 74.2810814906896 0 0
 495.484694374625 79.5384000103875 0 0
 497.635850258728 89.6981008286374 0 0
 499.787040693579 87.637068136073 0 0
 501.938271636416 93.2930885023893 0 0
 504.089549044477 -NAN 0 0
 506.240878875 -NAN 0 0
 508.392267085223 -NAN 0 0
 510.543719632384 -NAN 0 0
 512.695242473721 -NAN 0 0
 514.846841566472 -NAN 0 0
 516.998522867875 -NAN 0 0
 519.150292335168 -NAN 0 0
 521.302155925589 -NAN 0 0
 523.454119596376 -NAN 0 0
 525.606189304767 -NAN 0 0
 527.758371008 -NAN 0 0
 529.910670663313 -NAN 0 0
 532.063094227944 -NAN 0 0
 534.215647659131 -NAN 0 0
 536.368336914112 -NAN 0 0
 538.521167950125 -NAN 0 0
 540.674146724408 -NAN 0 0
 542.827279194199 -NAN 0 0
 544.980571316736 -NAN 0 0
 547.134029049257 -NAN 0 0
 549.287658349 -NAN 0 0
 551.441465173203 -NAN 0 0
 553.595455479104 -NAN 0 0
 555.749635223941 -NAN 0 0
 557.904010364952 -NAN 0 0
 560.058586859375 -NAN 0 0
 562.213370664448 -NAN 0 0
 564.368367737409 -NAN 0 0
 566.523584035496 -NAN 0 0
 568.679025515947 -NAN 0 0
 570.834698136 -NAN 0 0
 572.990607852893 -NAN 0 0
 575.146760623864 -NAN 0 0
 577.303162406151 -NAN 0 0
 579.459819156992 -NAN 0 0
 581.616736833625 -NAN 0 0
 583.773921393288 -NAN 0 0
 585.931378793219 -NAN 0 0
 588.089114990656 -NAN 0 0
 590.247135942837 -NAN 0 0
 592.405447607 -NAN 0 0
 594.564055940383 -NAN 0 0
 596.722966900224 -NAN 0 0
 598.882186443761 -NAN 0 0
 601.041720528232 -NAN 0 0
 603.201575110875 -NAN 0 0
 605.361756148928 -NAN 0 0
 607.522269599629 -NAN 0 0
 609.683121420216 -NAN 0 0
 611.844317567927 -NAN 0 0
 614.005864 -NAN 0 0
 616.167766673673 -NAN 0 0
 618.330031546184 -NAN 0 0
 620.492664574771 -NAN 0 0
 622.655671716672 -NAN 0 0
 624.819058929125 -NAN 0 0
 626.982832169368 -NAN 0 0
 629.146997394639 -NAN 0 0
 631.311560562176 -NAN 0 0
 633.476527629217 -NAN 0 0
 635.641904553 -NAN 0 0
 637.807697290763 -NAN 0 0
 639.973911799744 -NAN 0 0
 642.140554037181 -NAN 0 0
 644.307629960312 -NAN 0 0
 646.475145526375 -NAN 0 0
 648.643106692608 -NAN 0 0
 650.811519416249 -NAN 0 0
 652.980389654536 -NAN 0 0
 655.149723364707 -NAN 0 0
 657.319526504 -NAN 0 0
 659.489805029653 -NAN 0 0
 661.660564898904 -NAN 0 0
 663.831812068991 -NAN 0 0
 666.003552497152 -NAN 0 0
 668.175792140625 -NAN 0 0
 670.348536956648 -NAN 0 0
 672.521792902459 -NAN 0 0
 674.695565935296 -NAN 0 0
 676.869862012397 -NAN 0 0
 679.044687091 -NAN 0 0
 681.220047128343 -NAN 0 0
 683.395948081664 -NAN 0 0
 685.572395908201 -NAN 0 0
 687.749396565192 -NAN 0 0
 689.926956009875 -NAN 0 0
 692.105080199488 -NAN 0 0
 694.283775091269 -NAN 0 0
 696.463046642456 -NAN 0 0
 698.642900810287 -NAN 0 0
 700.823343552 -NAN 0 0
 703.004380824833 -NAN 0 0
 705.186018586024 -NAN 0 0
 707.368262792811 -NAN 0 0
 709.551119402432 -NAN 0 0
 711.734594372125 -NAN 0 0
 713.918693659128 -NAN 0 0
 716.103423220679 -NAN 0 0
 718.288789014016 -NAN 0 0
 720.474796996377 -NAN 0 0
 722.661453125 -NAN 0 0
 724.848763357123 -NAN 0 0
 727.036733649984 -NAN 0 0
 729.225369960821 -NAN 0 0
 731.414678246872 -NAN 0 0
 733.604664465375 -NAN 0 0
 735.795334573568 -NAN 0 0
[END] of [DATA]
[END] of Spectrum


[Spectrum]
Version            = 1
IDData             = 12ad_2026-06-05_14-46-00_000_483
IDDevice           = SAM_82E6
IDDataType         = SPECTRUM
IDDataTypeSub1     = CALIBRATED
IDDataTypeSub2     = 
IDDataTypeSub3     = 
DateTime           = 2026-06-05 14:46:00
PositionLatitude   = 0
PositionLongitude  = 0
Comment            = 20260605_FrameB
CommentSub1        = UV
CommentSub2        = right
CommentSub3        = 50cm
IDMethodType       = SAM Control
MethodName         = SAM_82E6
Mission            = No Mission
MissionSub         = 1
RecordType         = 0
[Attributes]
CalFactor = 1
IDBasisSpec = 
IDDataBack = DLAB_2024-11-11_10-40-48_641_639
IDDataCal = DLAB_2024-11-12_11-45-27_171_455
IntegrationTime = 256
P31 = -1
P31e = 0
PathLength = +INF
PathLengthCustomOn = 0
RAWDynamic = 65535
Salinity = 0
Temperature = -NAN
Unit1 = $01 $01 Wavelength nm
Unit2 = $03 $06 Intensity mW/(m^2 nm)
Unit3 = $f0 $06 Error mW/(m^2 nm)
Unit4 = $f1 $00 Status 
p999 = 6858
[END] of [Attributes]
[DATA]
 0 7 0 0
 185.260577530984 -NAN 0 0
 187.468128380571 -NAN 0 0
 189.674861895872 -NAN 0 0
 191.880784034125 -NAN 0 0
 194.085900752568 -NAN 0 0
 196.290218008439 -NAN 0 0
 198.493741758976 -NAN 0 0
 200.696477961417 -NAN 0 0
 202.898432573 -NAN 0 0
 205.099611550963 -NAN 0 0
 207.300020852544 -NAN 0 0
 209.499666434981 -NAN 0 0
 211.698554255512 -NAN 0 0
 213.896690271375 -NAN 0 0
 216.094080439808 -NAN 0 0
 218.290730718049 -NAN 0 0
 220.486647063336 -NAN 0 0
 222.681835432907 -NAN 0 0
 224.876301784 -NAN 0 0
 227.070052073853 -NAN 0 0
 229.263092259704 -NAN 0 0
 231.455428298791 -NAN 0 0
 233.647066148352 -NAN 0 0
 235.838011765625 -NAN 0 0
 238.028271107848 -NAN 0 0
 240.217850132259 -NAN 0 0
 242.406754796096 -NAN 0 0
 244.594991056597 -NAN 0 0
 246.782564871 -NAN 0 0
 248.969482196543 -NAN 0 0
 251.155748990464 -NAN 0 0
 253.341371210001 -NAN 0 0
 255.526354812392 -NAN 0 0
 257.710705754875 -NAN 0 0
 259.894429994688 -NAN 0 0
 262.077533489069 -NAN 0 0
 264.260022195256 -NAN 0 0
 266.441902070487 -NAN 0 0
 268.623179072 -NAN 0 0
 270.803859157033 -NAN 0 0
 272.983948282824 -NAN 0 0
 275.163452406611 -NAN 0 0
 277.342377485632 -NAN 0 0
 279.520729477125 17.7837190137574 0 0
 281.698514338328 18.1437964023007 0 0
 283.875738026479 30.3211609288613 0 0
 286.052406498816 53.3830390249434 0 0
 288.228525712577 64.5276806206972 0 0
 290.404101625 93.5400070515672 0 0
 292.579140193323 131.340106492343 0 0
 294.753647374784 161.429426813188 0 0
 296.927629126621 195.621109314543 0 0
 299.101091406072 232.924397922097 0 0
 301.274040170375 262.415713797424 0 0
 303.446481376768 283.060321590981 0 0
 305.618420982489 306.376422770459 0 0
 307.789864944776 312.259723392263 0 0
 309.960819220867 330.518550233607 0 0
 312.131289768 349.471373465901 0 0
 314.301282543413 328.456108398692 0 0
 316.470803504344 300.915995581227 0 0
 318.639858608031 279.950070832727 0 0
 320.808453811712 248.251359601466 0 0
 322.976595072625 236.528262780393 0 0
 325.144288348008 219.542739820026 0 0
 327.311539595099 189.813105535455 0 0
 329.478354771136 176.763300420706 0 0
 331.644739833357 161.949668899933 0 0
 333.810700739 137.784792294814 0 0
 335.976243445303 127.243805954771 0 0
 338.141373909504 112.895009538094 0 0
 340.306098088841 90.9027029888139 0 0
 342.470421940552 85.0059010024943 0 0
 344.634351421875 75.6721157498136 0 0
 346.797892490048 58.9035674060098 0 0
 348.961051102309 55.8186917678872 0 0
 351.123833215896 49.2898376067716 0 0
 353.286244788047 36.6311961567725 0 0
 355.448291776 36.7426153443885 0 0
 357.609980136993 32.5593525061469 0 0
 359.771315828264 25.4751198192312 0 0
 361.932304807051 42.6698103992931 0 0
 364.092953030592 58.2106349267679 0 0
 366.253266456125 49.8348428264972 0 0
 368.413251040888 34.4112434008353 0 0
 370.572912742119 18.4186421212865 0 0
 372.732257517056 6.55210532524722 0 0
 374.891291322937 12.0159583948859 0 0
 377.050020117 9.27154716623382 0 0
 379.208449856483 1.56393112307094 0 0
 381.366586498624 9.09398094990591 0 0
 383.524436000661 5.99383869703393 0 0
 385.682004319832 -0.685908007736861 0 0
 387.839297413375 7.65855369230809 0 0
 389.996321238528 4.20595169463792 0 0
 392.153081752529 -1.59618224686155 0 0
 394.309584912616 6.70012671427502 0 0
 396.465836676027 3.26766120440353 0 0
 398.621843 0.900581124493755 0 0
 400.777609841773 21.342034203652 0 0
 402.933143158584 40.2470055306645 0 0
 405.088448907671 43.473199476644 0 0
 407.243533046272 36.6586623061684 0 0
 409.398401531625 13.8687827844508 0 0
 411.553060320968 3.6315391727776 0 0
 413.707515371539 9.02131676597889 0 0
 415.861772640576 5.98074905418212 0 0
 418.015838085317 6.02128379428041 0 0
 420.169717663 15.1963859260963 0 0
 422.323417330863 15.5070715991437 0 0
 424.476943046144 20.0741642417944 0 0
 426.630300766081 33.8293945838185 0 0
 428.783496447912 43.5918548333253 0 0
 430.936536048875 72.4706923187328 0 0
 433.089425526208 155.087101330196 0 0
 435.242170837149 225.051618080668 0 0
 437.394777938936 242.177724075238 0 0
 439.547252788807 224.20390769351 0 0
 441.699601344 243.416472704432 0 0
 443.851829561753 298.904164099998 0 0
 446.003943399304 363.506015522061 0 0
 448.155948813891 396.914496247826 0 0
 450.307851762752 396.867020246255 0 0
 452.459658203125 364.317519026489 0 0
 454.611374092248 302.300272454024 0 0
 456.763005387359 248.517949460381 0 0
 458.914558045696 212.641436073742 0 0
 461.066038024497 179.55306381509 0 0
 463.217451281 160.277882774915 0 0
 465.368803772443 145.561250077687 0 0
 467.520101456064 119.048696040873 0 0
 469.671350289101 101.477516327683 0 0
 471.822556228792 90.2473740128561 0 0
 473.973725232375 72.7301371876893 0 0
 476.124863257088 68.4560958319985 0 0
 478.275976260169 69.5028344871037 0 0
 480.427070198856 61.2214096291153 0 0
 482.578151030387 63.7158016847307 0 0
 484.729224712 67.9811142784025 0 0
 486.880297200933 62.5431952112877 0 0
 489.031374454424 68.5928094963346 0 0
 491.182462429711 75.5055757460341 0 0
 493.333567084032 72.9244870234083 0 0
 495.484694374625 81.1781704957191 0 0
 497.635850258728 88.4106172745392 0 0
 499.787040693579 86.3808426724956 0 0
 501.938271636416 94.8681469936828 0 0
 504.089549044477 -NAN 0 0
 506.240878875 -NAN 0 0
 508.392267085223 -NAN 0 0
 510.543719632384 -NAN 0 0
 512.695242473721 -NAN 0 0
 514.846841566472 -NAN 0 0
 516.998522867875 -NAN 0 0
 519.150292335168 -NAN 0 0
 521.302155925589 -NAN 0 0
 523.454119596376 -NAN 0 0
 525.606189304767 -NAN 0 0
 527.758371008 -NAN 0 0
 529.910670663313 -NAN 0 0
 532.063094227944 -NAN 0 0
 534.215647659131 -NAN 0 0
 536.368336914112 -NAN 0 0
 538.521167950125 -NAN 0 0
 540.674146724408 -NAN 0 0
 542.827279194199 -NAN 0 0
 544.980571316736 -NAN 0 0
 547.134029049257 -NAN 0 0
 549.287658349 -NAN 0 0
 551.441465173203 -NAN 0 0
 553.595455479104 -NAN 0 0
 555.749635223941 -NAN 0 0
 557.904010364952 -NAN 0 0
 560.058586859375 -NAN 0 0
 562.213370664448 -NAN 0 0
 564.368367737409 -NAN 0 0
 566.523584035496 -NAN 0 0
 568.679025515947 -NAN 0 0
 570.834698136 -NAN 0 0
 572.990607852893 -NAN 0 0
 575.146760623864 -NAN 0 0
 577.303162406151 -NAN 0 0
 579.459819156992 -NAN 0 0
 581.616736833625 -NAN 0 0
 583.773921393288 -NAN 0 0
 585.931378793219 -NAN 0 0
 588.089114990656 -NAN 0 0
 590.247135942837 -NAN 0 0
 592.405447607 -NAN 0 0
 594.564055940383 -NAN 0 0
 596.722966900224 -NAN 0 0
 598.882186443761 -NAN 0 0
 601.041720528232 -NAN 0 0
 603.201575110875 -NAN 0 0
 605.361756148928 -NAN 0 0
 607.522269599629 -NAN 0 0
 609.683121420216 -NAN 0 0
 611.844317567927 -NAN 0 0
 614.005864 -NAN 0 0
 616.167766673673 -NAN 0 0
 618.330031546184 -NAN 0 0
 620.492664574771 -NAN 0 0
 622.655671716672 -NAN 0 0
 624.819058929125 -NAN 0 0
 626.982832169368 -NAN 0 0
 629.146997394639 -NAN 0 0
 631.311560562176 -NAN 0 0
 633.476527629217 -NAN 0 0
 635.641904553 -NAN 0 0
 637.807697290763 -NAN 0 0
 639.973911799744 -NAN 0 0
 642.140554037181 -NAN 0 0
 644.307629960312 -NAN 0 0
 646.475145526375 -NAN 0 0
 648.643106692608 -NAN 0 0
 650.811519416249 -NAN 0 0
 652.980389654536 -NAN 0 0
 655.149723364707 -NAN 0 0
 657.319526504 -NAN 0 0
 659.489805029653 -NAN 0 0
 661.660564898904 -NAN 0 0
 663.831812068991 -NAN 0 0
 666.003552497152 -NAN 0 0
 668.175792140625 -NAN 0 0
 670.348536956648 -NAN 0 0
 672.521792902459 -NAN 0 0
 674.695565935296 -NAN 0 0
 676.869862012397 -NAN 0 0
 679.044687091 -NAN 0 0
 681.220047128343 -NAN 0 0
 683.395948081664 -NAN 0 0
 685.572395908201 -NAN 0 0
 687.749396565192 -NAN 0 0
 689.926956009875 -NAN 0 0
 692.105080199488 -NAN 0 0
 694.283775091269 -NAN 0 0
 696.463046642456 -NAN 0 0
 698.642900810287 -NAN 0 0
 700.823343552 -NAN 0 0
 703.004380824833 -NAN 0 0
 705.186018586024 -NAN 0 0
 707.368262792811 -NAN 0 0
 709.551119402432 -NAN 0 0
 711.734594372125 -NAN 0 0
 713.918693659128 -NAN 0 0
 716.103423220679 -NAN 0 0
 718.288789014016 -NAN 0 0
 720.474796996377 -NAN 0 0
 722.661453125 -NAN 0 0
 724.848763357123 -NAN 0 0
 727.036733649984 -NAN 0 0
 729.225369960821 -NAN 0 0
 731.414678246872 -NAN 0 0
 733.604664465375 -NAN 0 0
 735.795334573568 -NAN 0 0
[END] of [DATA]
[END] of Spectrum


[Spectrum]
Version            = 1
IDData             = 12ad_2026-06-05_14-45-55_000_480
IDDevice           = SAM_82E6
IDDataType         = SPECTRUM
IDDataTypeSub1     = CALIBRATED
IDDataTypeSub2     = 
IDDataTypeSub3     = 
DateTime           = 2026-06-05 14:45:55
PositionLatitude   = 0
PositionLongitude  = 0
Comment            = 20260605_FrameB
CommentSub1        = UV
CommentSub2        = right
CommentSub3        = 50cm
IDMethodType       = SAM Control
MethodName         = SAM_82E6
Mission            = No Mission
MissionSub         = 1
RecordType         = 0
[Attributes]
CalFactor = 1
IDBasisSpec = 
IDDataBack = DLAB_2024-11-11_10-40-48_641_639
IDDataCal = DLAB_2024-11-12_11-45-27_171_455
IntegrationTime = 256
P31 = -1
P31e = 0
PathLength = +INF
PathLengthCustomOn = 0
RAWDynamic = 65535
Salinity = 0
Temperature = -NAN
Unit1 = $01 $01 Wavelength nm
Unit2 = $03 $06 Intensity mW/(m^2 nm)
Unit3 = $f0 $06 Error mW/(m^2 nm)
Unit4 = $f1 $00 Status 
p999 = 6857
[END] of [Attributes]
[DATA]
 0 7 0 0
 185.260577530984 -NAN 0 0
 187.468128380571 -NAN 0 0
 189.674861895872 -NAN 0 0
 191.880784034125 -NAN 0 0
 194.085900752568 -NAN 0 0
 196.290218008439 -NAN 0 0
 198.493741758976 -NAN 0 0
 200.696477961417 -NAN 0 0
 202.898432573 -NAN 0 0
 205.099611550963 -NAN 0 0
 207.300020852544 -NAN 0 0
 209.499666434981 -NAN 0 0
 211.698554255512 -NAN 0 0
 213.896690271375 -NAN 0 0
 216.094080439808 -NAN 0 0
 218.290730718049 -NAN 0 0
 220.486647063336 -NAN 0 0
 222.681835432907 -NAN 0 0
 224.876301784 -NAN 0 0
 227.070052073853 -NAN 0 0
 229.263092259704 -NAN 0 0
 231.455428298791 -NAN 0 0
 233.647066148352 -NAN 0 0
 235.838011765625 -NAN 0 0
 238.028271107848 -NAN 0 0
 240.217850132259 -NAN 0 0
 242.406754796096 -NAN 0 0
 244.594991056597 -NAN 0 0
 246.782564871 -NAN 0 0
 248.969482196543 -NAN 0 0
 251.155748990464 -NAN 0 0
 253.341371210001 -NAN 0 0
 255.526354812392 -NAN 0 0
 257.710705754875 -NAN 0 0
 259.894429994688 -NAN 0 0
 262.077533489069 -NAN 0 0
 264.260022195256 -NAN 0 0
 266.441902070487 -NAN 0 0
 268.623179072 -NAN 0 0
 270.803859157033 -NAN 0 0
 272.983948282824 -NAN 0 0
 275.163452406611 -NAN 0 0
 277.342377485632 -NAN 0 0
 279.520729477125 17.5857131677973 0 0
 281.698514338328 17.3357979588934 0 0
 283.875738026479 30.1093396001145 0 0
 286.052406498816 52.3812466894064 0 0
 288.228525712577 62.8041418742541 0 0
 290.404101625 92.3011042525545 0 0
 292.579140193323 129.124272035449 0 0
 294.753647374784 158.427771234052 0 0
 296.927629126621 192.905334290008 0 0
 299.101091406072 229.216944797434 0 0
 301.274040170375 257.918191559185 0 0
 303.446481376768 278.885979179147 0 0
 305.618420982489 301.549909219554 0 0
 307.789864944776 307.096926468721 0 0
 309.960819220867 325.950423001728 0 0
 312.131289768 343.843991157618 0 0
 314.301282543413 323.080471548813 0 0
 316.470803504344 296.675269592207 0 0
 318.639858608031 275.380640394428 0 0
 320.808453811712 243.882678356605 0 0
 322.976595072625 233.330513870929 0 0
 325.144288348008 215.856982566674 0 0
 327.311539595099 186.387080236536 0 0
 329.478354771136 174.585690755652 0 0
 331.644739833357 159.089414181137 0 0
 333.810700739 135.178131936015 0 0
 335.976243445303 125.795958305347 0 0
 338.141373909504 110.687284116936 0 0
 340.306098088841 89.1110855924095 0 0
 342.470421940552 84.0198859266715 0 0
 344.634351421875 74.1253318425999 0 0
 346.797892490048 57.7656518217535 0 0
 348.961051102309 55.3537631063006 0 0
 351.123833215896 48.1648266193079 0 0
 353.286244788047 35.9475028162479 0 0
 355.448291776 36.4844546141434 0 0
 357.609980136993 31.7626594761316 0 0
 359.771315828264 24.9943259345728 0 0
 361.932304807051 42.6335747899279 0 0
 364.092953030592 57.2283894221761 0 0
 366.253266456125 49.2497645309451 0 0
 368.413251040888 34.3712374885123 0 0
 370.572912742119 17.8006935187507 0 0
 372.732257517056 6.47383480195914 0 0
 374.891291322937 12.3708977855981 0 0
 377.050020117 8.64252480140541 0 0
 379.208449856483 1.63110440758896 0 0
 381.366586498624 9.41620551894866 0 0
 383.524436000661 5.57599649474825 0 0
 385.682004319832 -0.592032503898997 0 0
 387.839297413375 7.98159968516103 0 0
 389.996321238528 3.70449198076389 0 0
 392.153081752529 -1.3672240699781 0 0
 394.309584912616 6.96194497390688 0 0
 396.465836676027 2.81254637969006 0 0
 398.621843 1.01203646164754 0 0
 400.777609841773 21.240595009259 0 0
 402.933143158584 38.8592939842228 0 0
 405.088448907671 42.7361297890845 0 0
 407.243533046272 36.213160785655 0 0
 409.398401531625 13.0678467333185 0 0
 411.553060320968 3.80360072729278 0 0
 413.707515371539 9.11041131468221 0 0
 415.861772640576 5.57046453627496 0 0
 418.015838085317 6.29848518904786 0 0
 420.169717663 15.1736813685576 0 0
 422.323417330863 15.0895715608183 0 0
 424.476943046144 20.3005127316569 0 0
 426.630300766081 33.8708276738063 0 0
 428.783496447912 43.146767466294 0 0
 430.936536048875 72.3619218287959 0 0
 433.089425526208 153.821683136117 0 0
 435.242170837149 222.586838726198 0 0
 437.394777938936 240.58311431642 0 0
 439.547252788807 223.434730916917 0 0
 441.699601344 242.967688182914 0 0
 443.851829561753 299.185409413715 0 0
 446.003943399304 363.331480893905 0 0
 448.155948813891 396.703916080799 0 0
 450.307851762752 397.405402822633 0 0
 452.459658203125 364.128551828296 0 0
 454.611374092248 302.012133229282 0 0
 456.763005387359 248.802039092946 0 0
 458.914558045696 212.608501049462 0 0
 461.066038024497 179.189320952418 0 0
 463.217451281 160.682954127405 0 0
 465.368803772443 145.307919677913 0 0
 467.520101456064 118.704898253014 0 0
 469.671350289101 101.821751007269 0 0
 471.822556228792 89.9948733153088 0 0
 473.973725232375 72.3469567747906 0 0
 476.124863257088 68.9875174213649 0 0
 478.275976260169 69.0961184686275 0 0
 480.427070198856 60.9841584868521 0 0
 482.578151030387 64.1310085136723 0 0
 484.729224712 67.5821313099586 0 0
 486.880297200933 62.2143255751098 0 0
 489.031374454424 69.0392626436627 0 0
 491.182462429711 75.0565975145133 0 0
 493.333567084032 72.5971675540766 0 0
 495.484694374625 81.719410973159 0 0
 497.635850258728 87.9695705010007 0 0
 499.787040693579 86.1884135015279 0 0
 501.938271636416 95.3266197762527 0 0
 504.089549044477 -NAN 0 0
 506.240878875 -NAN 0 0
 508.392267085223 -NAN 0 0
 510.543719632384 -NAN 0 0
 512.695242473721 -NAN 0 0
 514.846841566472 -NAN 0 0
 516.998522867875 -NAN 0 0
 519.150292335168 -NAN 0 0
 521.302155925589 -NAN 0 0
 523.454119596376 -NAN 0 0
 525.606189304767 -NAN 0 0
 527.758371008 -NAN 0 0
 529.910670663313 -NAN 0 0
 532.063094227944 -NAN 0 0
 534.215647659131 -NAN 0 0
 536.368336914112 -NAN 0 0
 538.521167950125 -NAN 0 0
 540.674146724408 -NAN 0 0
 542.827279194199 -NAN 0 0
 544.980571316736 -NAN 0 0
 547.134029049257 -NAN 0 0
 549.287658349 -NAN 0 0
 551.441465173203 -NAN 0 0
 553.595455479104 -NAN 0 0
 555.749635223941 -NAN 0 0
 557.904010364952 -NAN 0 0
 560.058586859375 -NAN 0 0
 562.213370664448 -NAN 0 0
 564.368367737409 -NAN 0 0
 566.523584035496 -NAN 0 0
 568.679025515947 -NAN 0 0
 570.834698136 -NAN 0 0
 572.990607852893 -NAN 0 0
 575.146760623864 -NAN 0 0
 577.303162406151 -NAN 0 0
 579.459819156992 -NAN 0 0
 581.616736833625 -NAN 0 0
 583.773921393288 -NAN 0 0
 585.931378793219 -NAN 0 0
 588.089114990656 -NAN 0 0
 590.247135942837 -NAN 0 0
 592.405447607 -NAN 0 0
 594.564055940383 -NAN 0 0
 596.722966900224 -NAN 0 0
 598.882186443761 -NAN 0 0
 601.041720528232 -NAN 0 0
 603.201575110875 -NAN 0 0
 605.361756148928 -NAN 0 0
 607.522269599629 -NAN 0 0
 609.683121420216 -NAN 0 0
 611.844317567927 -NAN 0 0
 614.005864 -NAN 0 0
 616.167766673673 -NAN 0 0
 618.330031546184 -NAN 0 0
 620.492664574771 -NAN 0 0
 622.655671716672 -NAN 0 0
 624.819058929125 -NAN 0 0
 626.982832169368 -NAN 0 0
 629.146997394639 -NAN 0 0
 631.311560562176 -NAN 0 0
 633.476527629217 -NAN 0 0
 635.641904553 -NAN 0 0
 637.807697290763 -NAN 0 0
 639.973911799744 -NAN 0 0
 642.140554037181 -NAN 0 0
 644.307629960312 -NAN 0 0
 646.475145526375 -NAN 0 0
 648.643106692608 -NAN 0 0
 650.811519416249 -NAN 0 0
 652.980389654536 -NAN 0 0
 655.149723364707 -NAN 0 0
 657.319526504 -NAN 0 0
 659.489805029653 -NAN 0 0
 661.660564898904 -NAN 0 0
 663.831812068991 -NAN 0 0
 666.003552497152 -NAN 0 0
 668.175792140625 -NAN 0 0
 670.348536956648 -NAN 0 0
 672.521792902459 -NAN 0 0
 674.695565935296 -NAN 0 0
 676.869862012397 -NAN 0 0
 679.044687091 -NAN 0 0
 681.220047128343 -NAN 0 0
 683.395948081664 -NAN 0 0
 685.572395908201 -NAN 0 0
 687.749396565192 -NAN 0 0
 689.926956009875 -NAN 0 0
 692.105080199488 -NAN 0 0
 694.283775091269 -NAN 0 0
 696.463046642456 -NAN 0 0
 698.642900810287 -NAN 0 0
 700.823343552 -NAN 0 0
 703.004380824833 -NAN 0 0
 705.186018586024 -NAN 0 0
 707.368262792811 -NAN 0 0
 709.551119402432 -NAN 0 0
 711.734594372125 -NAN 0 0
 713.918693659128 -NAN 0 0
 716.103423220679 -NAN 0 0
 718.288789014016 -NAN 0 0
 720.474796996377 -NAN 0 0
 722.661453125 -NAN 0 0
 724.848763357123 -NAN 0 0
 727.036733649984 -NAN 0 0
 729.225369960821 -NAN 0 0
 731.414678246872 -NAN 0 0
 733.604664465375 -NAN 0 0
 735.795334573568 -NAN 0 0
[END] of [DATA]
[END] of Spectrum


[Spectrum]
Version            = 1
IDData             = 12ad_2026-06-05_14-45-50_000_477
IDDevice           = SAM_82E6
IDDataType         = SPECTRUM
IDDataTypeSub1     = CALIBRATED
IDDataTypeSub2     = 
IDDataTypeSub3     = 
DateTime           = 2026-06-05 14:45:50
PositionLatitude   = 0
PositionLongitude  = 0
Comment            = 20260605_FrameB
CommentSub1        = UV
CommentSub2        = right
CommentSub3        = 50cm
IDMethodType       = SAM Control
MethodName         = SAM_82E6
Mission            = No Mission
MissionSub         = 1
RecordType         = 0
[Attributes]
CalFactor = 1
IDBasisSpec = 
IDDataBack = DLAB_2024-11-11_10-40-48_641_639
IDDataCal = DLAB_2024-11-12_11-45-27_171_455
IntegrationTime = 256
P31 = -1
P31e = 0
PathLength = +INF
PathLengthCustomOn = 0
RAWDynamic = 65535
Salinity = 0
Temperature = -NAN
Unit1 = $01 $01 Wavelength nm
Unit2 = $03 $06 Intensity mW/(m^2 nm)
Unit3 = $f0 $06 Error mW/(m^2 nm)
Unit4 = $f1 $00 Status 
p999 = 6856
[END] of [Attributes]
[DATA]
 0 7 0 0
 185.260577530984 -NAN 0 0
 187.468128380571 -NAN 0 0
 189.674861895872 -NAN 0 0
 191.880784034125 -NAN 0 0
 194.085900752568 -NAN 0 0
 196.290218008439 -NAN 0 0
 198.493741758976 -NAN 0 0
 200.696477961417 -NAN 0 0
 202.898432573 -NAN 0 0
 205.099611550963 -NAN 0 0
 207.300020852544 -NAN 0 0
 209.499666434981 -NAN 0 0
 211.698554255512 -NAN 0 0
 213.896690271375 -NAN 0 0
 216.094080439808 -NAN 0 0
 218.290730718049 -NAN 0 0
 220.486647063336 -NAN 0 0
 222.681835432907 -NAN 0 0
 224.876301784 -NAN 0 0
 227.070052073853 -NAN 0 0
 229.263092259704 -NAN 0 0
 231.455428298791 -NAN 0 0
 233.647066148352 -NAN 0 0
 235.838011765625 -NAN 0 0
 238.028271107848 -NAN 0 0
 240.217850132259 -NAN 0 0
 242.406754796096 -NAN 0 0
 244.594991056597 -NAN 0 0
 246.782564871 -NAN 0 0
 248.969482196543 -NAN 0 0
 251.155748990464 -NAN 0 0
 253.341371210001 -NAN 0 0
 255.526354812392 -NAN 0 0
 257.710705754875 -NAN 0 0
 259.894429994688 -NAN 0 0
 262.077533489069 -NAN 0 0
 264.260022195256 -NAN 0 0
 266.441902070487 -NAN 0 0
 268.623179072 -NAN 0 0
 270.803859157033 -NAN 0 0
 272.983948282824 -NAN 0 0
 275.163452406611 -NAN 0 0
 277.342377485632 -NAN 0 0
 279.520729477125 13.5035549095763 0 0
 281.698514338328 16.0858845092214 0 0
 283.875738026479 36.2959345417141 0 0
 286.052406498816 46.8641294792027 0 0
 288.228525712577 61.3313257218488 0 0
 290.404101625 97.493735585036 0 0
 292.579140193323 122.169483733725 0 0
 294.753647374784 155.653327157942 0 0
 296.927629126621 195.268147436647 0 0
 299.101091406072 221.213326930113 0 0
 301.274040170375 254.031014186094 0 0
 303.446481376768 278.89362449492 0 0
 305.618420982489 292.36254173618 0 0
 307.789864944776 302.582953092299 0 0
 309.960819220867 324.703292927067 0 0
 312.131289768 333.876514155664 0 0
 314.301282543413 318.902521472755 0 0
 316.470803504344 296.364942769616 0 0
 318.639858608031 265.548389031838 0 0
 320.808453811712 241.591849464952 0 0
 322.976595072625 234.276901301039 0 0
 325.144288348008 206.317035864696 0 0
 327.311539595099 185.816809016476 0 0
 329.478354771136 176.202536183189 0 0
 331.644739833357 150.479040762648 0 0
 333.810700739 135.774658980078 0 0
 335.976243445303 127.78166100526 0 0
 338.141373909504 103.125964990016 0 0
 340.306098088841 90.7941201163045 0 0
 342.470421940552 85.9028735482295 0 0
 344.634351421875 67.7281857157739 0 0
 346.797892490048 59.9267250491787 0 0
 348.961051102309 56.7982802663046 0 0
 351.123833215896 42.8129086779509 0 0
 353.286244788047 38.3202567380685 0 0
 355.448291776 37.7601988894376 0 0
 357.609980136993 26.797248750082 0 0
 359.771315828264 27.905979280815 0 0
 361.932304807051 43.4516211225655 0 0
 364.092953030592 51.9524891429146 0 0
 366.253266456125 52.3795246748167 0 0
 368.413251040888 34.9798122759707 0 0
 370.572912742119 12.462722866765 0 0
 372.732257517056 10.8974238764569 0 0
 374.891291322937 12.8159164913774 0 0
 377.050020117 3.04063922340493 0 0
 379.208449856483 6.6663018595856 0 0
 381.366586498624 9.43881776940781 0 0
 383.524436000661 -0.0293424365944114 0 0
 385.682004319832 4.83283373303458 0 0
 387.839297413375 7.29016791098457 0 0
 389.996321238528 -1.49411418463603 0 0
 392.153081752529 4.13748555242592 0 0
 394.309584912616 6.02649015043056 0 0
 396.465836676027 -2.02321644809137 0 0
 398.621843 6.45477209265751 0 0
 400.777609841773 19.4706111173519 0 0
 402.933143158584 33.9522445706862 0 0
 405.088448907671 46.934970109215 0 0
 407.243533046272 33.8692287857271 0 0
 409.398401531625 9.34274930523366 0 0
 411.553060320968 8.44705678183704 0 0
 413.707515371539 7.2754878711495 0 0
 415.861772640576 2.73011176678334 0 0
 418.015838085317 10.5695492325393 0 0
 420.169717663 13.3412343705394 0 0
 422.323417330863 12.9453060131028 0 0
 424.476943046144 24.20524609207 0 0
 426.630300766081 31.9657687237444 0 0
 428.783496447912 41.3849633051285 0 0
 430.936536048875 75.6604693380171 0 0
 433.089425526208 150.417279101502 0 0
 435.242170837149 218.808948969849 0 0
 437.394777938936 241.991486444258 0 0
 439.547252788807 220.353979768607 0 0
 441.699601344 241.619690719012 0 0
 443.851829561753 302.807279867444 0 0
 446.003943399304 361.081353089738 0 0
 448.155948813891 395.730860225664 0 0
 450.307851762752 401.291316594178 0 0
 452.459658203125 361.408906269976 0 0
 454.611374092248 301.505274461006 0 0
 456.763005387359 253.149293848315 0 0
 458.914558045696 209.534565449947 0 0
 461.066038024497 179.141433236604 0 0
 463.217451281 165.158473250171 0 0
 465.368803772443 142.028346544175 0 0
 467.520101456064 119.00157111045 0 0
 469.671350289101 106.408299238107 0 0
 471.822556228792 86.5396581423787 0 0
 473.973725232375 73.0979022966209 0 0
 476.124863257088 73.429316205819 0 0
 478.275976260169 65.4934590918512 0 0
 480.427070198856 62.0545732648563 0 0
 482.578151030387 68.5788558613403 0 0
 484.729224712 63.8281150886619 0 0
 486.880297200933 63.6718668538166 0 0
 489.031374454424 73.0248919939959 0 0
 491.182462429711 71.2045429858689 0 0
 493.333567084032 74.328398080644 0 0
 495.484694374625 85.3033305354295 0 0
 497.635850258728 84.0078294580964 0 0
 499.787040693579 88.2507758593006 0 0
 501.938271636416 98.5014899841898 0 0
 504.089549044477 -NAN 0 0
 506.240878875 -NAN 0 0
 508.392267085223 -NAN 0 0
 510.543719632384 -NAN 0 0
 512.695242473721 -NAN 0 0
 514.846841566472 -NAN 0 0
 516.998522867875 -NAN 0 0
 519.150292335168 -NAN 0 0
 521.302155925589 -NAN 0 0
 523.454119596376 -NAN 0 0
 525.606189304767 -NAN 0 0
 527.758371008 -NAN 0 0
 529.910670663313 -NAN 0 0
 532.063094227944 -NAN 0 0
 534.215647659131 -NAN 0 0
 536.368336914112 -NAN 0 0
 538.521167950125 -NAN 0 0
 540.674146724408 -NAN 0 0
 542.827279194199 -NAN 0 0
 544.980571316736 -NAN 0 0
 547.134029049257 -NAN 0 0
 549.287658349 -NAN 0 0
 551.441465173203 -NAN 0 0
 553.595455479104 -NAN 0 0
 555.749635223941 -NAN 0 0
 557.904010364952 -NAN 0 0
 560.058586859375 -NAN 0 0
 562.213370664448 -NAN 0 0
 564.368367737409 -NAN 0 0
 566.523584035496 -NAN 0 0
 568.679025515947 -NAN 0 0
 570.834698136 -NAN 0 0
 572.990607852893 -NAN 0 0
 575.146760623864 -NAN 0 0
 577.303162406151 -NAN 0 0
 579.459819156992 -NAN 0 0
 581.616736833625 -NAN 0 0
 583.773921393288 -NAN 0 0
 585.931378793219 -NAN 0 0
 588.089114990656 -NAN 0 0
 590.247135942837 -NAN 0 0
 592.405447607 -NAN 0 0
 594.564055940383 -NAN 0 0
 596.722966900224 -NAN 0 0
 598.882186443761 -NAN 0 0
 601.041720528232 -NAN 0 0
 603.201575110875 -NAN 0 0
 605.361756148928 -NAN 0 0
 607.522269599629 -NAN 0 0
 609.683121420216 -NAN 0 0
 611.844317567927 -NAN 0 0
 614.005864 -NAN 0 0
 616.167766673673 -NAN 0 0
 618.330031546184 -NAN 0 0
 620.492664574771 -NAN 0 0
 622.655671716672 -NAN 0 0
 624.819058929125 -NAN 0 0
 626.982832169368 -NAN 0 0
 629.146997394639 -NAN 0 0
 631.311560562176 -NAN 0 0
 633.476527629217 -NAN 0 0
 635.641904553 -NAN 0 0
 637.807697290763 -NAN 0 0
 639.973911799744 -NAN 0 0
 642.140554037181 -NAN 0 0
 644.307629960312 -NAN 0 0
 646.475145526375 -NAN 0 0
 648.643106692608 -NAN 0 0
 650.811519416249 -NAN 0 0
 652.980389654536 -NAN 0 0
 655.149723364707 -NAN 0 0
 657.319526504 -NAN 0 0
 659.489805029653 -NAN 0 0
 661.660564898904 -NAN 0 0
 663.831812068991 -NAN 0 0
 666.003552497152 -NAN 0 0
 668.175792140625 -NAN 0 0
 670.348536956648 -NAN 0 0
 672.521792902459 -NAN 0 0
 674.695565935296 -NAN 0 0
 676.869862012397 -NAN 0 0
 679.044687091 -NAN 0 0
 681.220047128343 -NAN 0 0
 683.395948081664 -NAN 0 0
 685.572395908201 -NAN 0 0
 687.749396565192 -NAN 0 0
 689.926956009875 -NAN 0 0
 692.105080199488 -NAN 0 0
 694.283775091269 -NAN 0 0
 696.463046642456 -NAN 0 0
 698.642900810287 -NAN 0 0
 700.823343552 -NAN 0 0
 703.004380824833 -NAN 0 0
 705.186018586024 -NAN 0 0
 707.368262792811 -NAN 0 0
 709.551119402432 -NAN 0 0
 711.734594372125 -NAN 0 0
 713.918693659128 -NAN 0 0
 716.103423220679 -NAN 0 0
 718.288789014016 -NAN 0 0
 720.474796996377 -NAN 0 0
 722.661453125 -NAN 0 0
 724.848763357123 -NAN 0 0
 727.036733649984 -NAN 0 0
 729.225369960821 -NAN 0 0
 731.414678246872 -NAN 0 0
 733.604664465375 -NAN 0 0
 735.795334573568 -NAN 0 0
[END] of [DATA]
[END] of Spectrum


[Spectrum]
Version            = 1
IDData             = 12ad_2026-06-05_14-45-45_000_474
IDDevice           = SAM_82E6
IDDataType         = SPECTRUM
IDDataTypeSub1     = CALIBRATED
IDDataTypeSub2     = 
IDDataTypeSub3     = 
DateTime           = 2026-06-05 14:45:45
PositionLatitude   = 0
PositionLongitude  = 0
Comment            = 20260605_FrameB
CommentSub1        = UV
CommentSub2        = right
CommentSub3        = 50cm
IDMethodType       = SAM Control
MethodName         = SAM_82E6
Mission            = No Mission
MissionSub         = 1
RecordType         = 0
[Attributes]
CalFactor = 1
IDBasisSpec = 
IDDataBack = DLAB_2024-11-11_10-40-48_641_639
IDDataCal = DLAB_2024-11-12_11-45-27_171_455
IntegrationTime = 256
P31 = -1
P31e = 0
PathLength = +INF
PathLengthCustomOn = 0
RAWDynamic = 65535
Salinity = 0
Temperature = -NAN
Unit1 = $01 $01 Wavelength nm
Unit2 = $03 $06 Intensity mW/(m^2 nm)
Unit3 = $f0 $06 Error mW/(m^2 nm)
Unit4 = $f1 $00 Status 
p999 = 6855
[END] of [Attributes]
[DATA]
 0 7 0 0
 185.260577530984 -NAN 0 0
 187.468128380571 -NAN 0 0
 189.674861895872 -NAN 0 0
 191.880784034125 -NAN 0 0
 194.085900752568 -NAN 0 0
 196.290218008439 -NAN 0 0
 198.493741758976 -NAN 0 0
 200.696477961417 -NAN 0 0
 202.898432573 -NAN 0 0
 205.099611550963 -NAN 0 0
 207.300020852544 -NAN 0 0
 209.499666434981 -NAN 0 0
 211.698554255512 -NAN 0 0
 213.896690271375 -NAN 0 0
 216.094080439808 -NAN 0 0
 218.290730718049 -NAN 0 0
 220.486647063336 -NAN 0 0
 222.681835432907 -NAN 0 0
 224.876301784 -NAN 0 0
 227.070052073853 -NAN 0 0
 229.263092259704 -NAN 0 0
 231.455428298791 -NAN 0 0
 233.647066148352 -NAN 0 0
 235.838011765625 -NAN 0 0
 238.028271107848 -NAN 0 0
 240.217850132259 -NAN 0 0
 242.406754796096 -NAN 0 0
 244.594991056597 -NAN 0 0
 246.782564871 -NAN 0 0
 248.969482196543 -NAN 0 0
 251.155748990464 -NAN 0 0
 253.341371210001 -NAN 0 0
 255.526354812392 -NAN 0 0
 257.710705754875 -NAN 0 0
 259.894429994688 -NAN 0 0
 262.077533489069 -NAN 0 0
 264.260022195256 -NAN 0 0
 266.441902070487 -NAN 0 0
 268.623179072 -NAN 0 0
 270.803859157033 -NAN 0 0
 272.983948282824 -NAN 0 0
 275.163452406611 -NAN 0 0
 277.342377485632 -NAN 0 0
 279.520729477125 17.4231989357358 0 0
 281.698514338328 18.5889800106828 0 0
 283.875738026479 27.688221812538 0 0
 286.052406498816 51.2901641674412 0 0
 288.228525712577 62.5655972347838 0 0
 290.404101625 87.661762256956 0 0
 292.579140193323 125.375536833091 0 0
 294.753647374784 154.615134838391 0 0
 296.927629126621 184.752295804711 0 0
 299.101091406072 222.154192967375 0 0
 301.274040170375 250.185029289643 0 0
 303.446481376768 267.960276846133 0 0
 305.618420982489 291.817838279511 0 0
 307.789864944776 297.452757681421 0 0
 309.960819220867 313.252715192179 0 0
 312.131289768 333.053392748244 0 0
 314.301282543413 313.028623668912 0 0
 316.470803504344 284.816264460421 0 0
 318.639858608031 266.957682681938 0 0
 320.808453811712 236.724670009792 0 0
 322.976595072625 223.262667205447 0 0
 325.144288348008 209.652696708359 0 0
 327.311539595099 180.997357510188 0 0
 329.478354771136 166.158609090783 0 0
 331.644739833357 155.005556706085 0 0
 333.810700739 131.388038893024 0 0
 335.976243445303 119.261019441908 0 0
 338.141373909504 108.393187758499 0 0
 340.306098088841 86.6740787475275 0 0
 342.470421940552 79.1703416593278 0 0
 344.634351421875 72.8407466708774 0 0
 346.797892490048 56.1838042022379 0 0
 348.961051102309 51.6742344076994 0 0
 351.123833215896 47.6963518946775 0 0
 353.286244788047 34.9415903654761 0 0
 355.448291776 33.7398833507259 0 0
 357.609980136993 31.8831271722024 0 0
 359.771315828264 24.3408980040807 0 0
 361.932304807051 39.9208453070002 0 0
 364.092953030592 57.1826642004106 0 0
 366.253266456125 48.0988769855027 0 0
 368.413251040888 31.8672310672068 0 0
 370.572912742119 18.7897880807363 0 0
 372.732257517056 6.13922831490262 0 0
 374.891291322937 10.3683136095914 0 0
 377.050020117 10.2378413911512 0 0
 379.208449856483 1.18398223251589 0 0
 381.366586498624 7.57825353631663 0 0
 383.524436000661 7.29639780722043 0 0
 385.682004319832 -1.02087287370379 0 0
 387.839297413375 6.20272142188531 0 0
 389.996321238528 5.55652176435746 0 0
 392.153081752529 -1.98541114756342 0 0
 394.309584912616 5.5198990907783 0 0
 396.465836676027 4.64307459059511 0 0
 398.621843 0.182092254627375 0 0
 400.777609841773 19.315201069532 0 0
 402.933143158584 39.1843606615399 0 0
 405.088448907671 39.9776464833931 0 0
 407.243533046272 33.8769508120826 0 0
 409.398401531625 14.454875474228 0 0
 411.553060320968 2.86553436758022 0 0
 413.707515371539 8.31333329860427 0 0
 415.861772640576 7.23762811836786 0 0
 418.015838085317 5.53323240242921 0 0
 420.169717663 14.7266853920147 0 0
 422.323417330863 16.6840371677126 0 0
 424.476943046144 19.5775290258019 0 0
 426.630300766081 33.4552019898666 0 0
 428.783496447912 44.5085830750801 0 0
 430.936536048875 70.919476808838 0 0
 433.089425526208 150.65570882521 0 0
 435.242170837149 219.051510751328 0 0
 437.394777938936 235.457582948789 0 0
 439.547252788807 221.51664182576 0 0
 441.699601344 243.881285244576 0 0
 443.851829561753 298.17970630529 0 0
 446.003943399304 363.481632007834 0 0
 448.155948813891 398.113487073833 0 0
 450.307851762752 396.362455670906 0 0
 452.459658203125 364.441181384131 0 0
 454.611374092248 303.574076056472 0 0
 456.763005387359 247.769651510686 0 0
 458.914558045696 212.954318804407 0 0
 461.066038024497 180.816993846307 0 0
 463.217451281 159.500457371483 0 0
 465.368803772443 145.958662142332 0 0
 467.520101456064 120.290545059637 0 0
 469.671350289101 100.589325904411 0 0
 471.822556228792 90.92453497446 0 0
 473.973725232375 73.977125169321 0 0
 476.124863257088 67.5078404334728 0 0
 478.275976260169 70.1012404323209 0 0
 480.427070198856 62.422702384659 0 0
 482.578151030387 62.679458833461 0 0
 484.729224712 68.7036422590718 0 0
 486.880297200933 63.6388680297783 0 0
 489.031374454424 67.3524753765018 0 0
 491.182462429711 76.2577818130222 0 0
 493.333567084032 73.8446555315806 0 0
 495.484694374625 79.9114021390117 0 0
 497.635850258728 89.2680253678734 0 0
 499.787040693579 87.3478807943927 0 0
 501.938271636416 93.6364049757222 0 0
 504.089549044477 -NAN 0 0
 506.240878875 -NAN 0 0
 508.392267085223 -NAN 0 0
 510.543719632384 -NAN 0 0
 512.695242473721 -NAN 0 0
 514.846841566472 -NAN 0 0
 516.998522867875 -NAN 0 0
 519.150292335168 -NAN 0 0
 521.302155925589 -NAN 0 0
 523.454119596376 -NAN 0 0
 525.606189304767 -NAN 0 0
 527.758371008 -NAN 0 0
 529.910670663313 -NAN 0 0
 532.063094227944 -NAN 0 0
 534.215647659131 -NAN 0 0
 536.368336914112 -NAN 0 0
 538.521167950125 -NAN 0 0
 540.674146724408 -NAN 0 0
 542.827279194199 -NAN 0 0
 544.980571316736 -NAN 0 0
 547.134029049257 -NAN 0 0
 549.287658349 -NAN 0 0
 551.441465173203 -NAN 0 0
 553.595455479104 -NAN 0 0
 555.749635223941 -NAN 0 0
 557.904010364952 -NAN 0 0
 560.058586859375 -NAN 0 0
 562.213370664448 -NAN 0 0
 564.368367737409 -NAN 0 0
 566.523584035496 -NAN 0 0
 568.679025515947 -NAN 0 0
 570.834698136 -NAN 0 0
 572.990607852893 -NAN 0 0
 575.146760623864 -NAN 0 0
 577.303162406151 -NAN 0 0
 579.459819156992 -NAN 0 0
 581.616736833625 -NAN 0 0
 583.773921393288 -NAN 0 0
 585.931378793219 -NAN 0 0
 588.089114990656 -NAN 0 0
 590.247135942837 -NAN 0 0
 592.405447607 -NAN 0 0
 594.564055940383 -NAN 0 0
 596.722966900224 -NAN 0 0
 598.882186443761 -NAN 0 0
 601.041720528232 -NAN 0 0
 603.201575110875 -NAN 0 0
 605.361756148928 -NAN 0 0
 607.522269599629 -NAN 0 0
 609.683121420216 -NAN 0 0
 611.844317567927 -NAN 0 0
 614.005864 -NAN 0 0
 616.167766673673 -NAN 0 0
 618.330031546184 -NAN 0 0
 620.492664574771 -NAN 0 0
 622.655671716672 -NAN 0 0
 624.819058929125 -NAN 0 0
 626.982832169368 -NAN 0 0
 629.146997394639 -NAN 0 0
 631.311560562176 -NAN 0 0
 633.476527629217 -NAN 0 0
 635.641904553 -NAN 0 0
 637.807697290763 -NAN 0 0
 639.973911799744 -NAN 0 0
 642.140554037181 -NAN 0 0
 644.307629960312 -NAN 0 0
 646.475145526375 -NAN 0 0
 648.643106692608 -NAN 0 0
 650.811519416249 -NAN 0 0
 652.980389654536 -NAN 0 0
 655.149723364707 -NAN 0 0
 657.319526504 -NAN 0 0
 659.489805029653 -NAN 0 0
 661.660564898904 -NAN 0 0
 663.831812068991 -NAN 0 0
 666.003552497152 -NAN 0 0
 668.175792140625 -NAN 0 0
 670.348536956648 -NAN 0 0
 672.521792902459 -NAN 0 0
 674.695565935296 -NAN 0 0
 676.869862012397 -NAN 0 0
 679.044687091 -NAN 0 0
 681.220047128343 -NAN 0 0
 683.395948081664 -NAN 0 0
 685.572395908201 -NAN 0 0
 687.749396565192 -NAN 0 0
 689.926956009875 -NAN 0 0
 692.105080199488 -NAN 0 0
 694.283775091269 -NAN 0 0
 696.463046642456 -NAN 0 0
 698.642900810287 -NAN 0 0
 700.823343552 -NAN 0 0
 703.004380824833 -NAN 0 0
 705.186018586024 -NAN 0 0
 707.368262792811 -NAN 0 0
 709.551119402432 -NAN 0 0
 711.734594372125 -NAN 0 0
 713.918693659128 -NAN 0 0
 716.103423220679 -NAN 0 0
 718.288789014016 -NAN 0 0
 720.474796996377 -NAN 0 0
 722.661453125 -NAN 0 0
 724.848763357123 -NAN 0 0
 727.036733649984 -NAN 0 0
 729.225369960821 -NAN 0 0
 731.414678246872 -NAN 0 0
 733.604664465375 -NAN 0 0
 735.795334573568 -NAN 0 0
[END] of [DATA]
[END] of Spectrum


[Spectrum]
Version            = 1
IDData             = 12ad_2026-06-05_14-45-40_000_471
IDDevice           = SAM_82E6
IDDataType         = SPECTRUM
IDDataTypeSub1     = CALIBRATED
IDDataTypeSub2     = 
IDDataTypeSub3     = 
DateTime           = 2026-06-05 14:45:40
PositionLatitude   = 0
PositionLongitude  = 0
Comment            = 20260605_FrameB
CommentSub1        = UV
CommentSub2        = right
CommentSub3        = 50cm
IDMethodType       = SAM Control
MethodName         = SAM_82E6
Mission            = No Mission
MissionSub         = 1
RecordType         = 0
[Attributes]
CalFactor = 1
IDBasisSpec = 
IDDataBack = DLAB_2024-11-11_10-40-48_641_639
IDDataCal = DLAB_2024-11-12_11-45-27_171_455
IntegrationTime = 256
P31 = -1
P31e = 0
PathLength = +INF
PathLengthCustomOn = 0
RAWDynamic = 65535
Salinity = 0
Temperature = -NAN
Unit1 = $01 $01 Wavelength nm
Unit2 = $03 $06 Intensity mW/(m^2 nm)
Unit3 = $f0 $06 Error mW/(m^2 nm)
Unit4 = $f1 $00 Status 
p999 = 6854
[END] of [Attributes]
[DATA]
 0 7 0 0
 185.260577530984 -NAN 0 0
 187.468128380571 -NAN 0 0
 189.674861895872 -NAN 0 0
 191.880784034125 -NAN 0 0
 194.085900752568 -NAN 0 0
 196.290218008439 -NAN 0 0
 198.493741758976 -NAN 0 0
 200.696477961417 -NAN 0 0
 202.898432573 -NAN 0 0
 205.099611550963 -NAN 0 0
 207.300020852544 -NAN 0 0
 209.499666434981 -NAN 0 0
 211.698554255512 -NAN 0 0
 213.896690271375 -NAN 0 0
 216.094080439808 -NAN 0 0
 218.290730718049 -NAN 0 0
 220.486647063336 -NAN 0 0
 222.681835432907 -NAN 0 0
 224.876301784 -NAN 0 0
 227.070052073853 -NAN 0 0
 229.263092259704 -NAN 0 0
 231.455428298791 -NAN 0 0
 233.647066148352 -NAN 0 0
 235.838011765625 -NAN 0 0
 238.028271107848 -NAN 0 0
 240.217850132259 -NAN 0 0
 242.406754796096 -NAN 0 0
 244.594991056597 -NAN 0 0
 246.782564871 -NAN 0 0
 248.969482196543 -NAN 0 0
 251.155748990464 -NAN 0 0
 253.341371210001 -NAN 0 0
 255.526354812392 -NAN 0 0
 257.710705754875 -NAN 0 0
 259.894429994688 -NAN 0 0
 262.077533489069 -NAN 0 0
 264.260022195256 -NAN 0 0
 266.441902070487 -NAN 0 0
 268.623179072 -NAN 0 0
 270.803859157033 -NAN 0 0
 272.983948282824 -NAN 0 0
 275.163452406611 -NAN 0 0
 277.342377485632 -NAN 0 0
 279.520729477125 10.3410653132516 0 0
 281.698514338328 24.026626493095 0 0
 283.875738026479 27.2956462832605 0 0
 286.052406498816 42.6152232908709 0 0
 288.228525712577 67.9955322713751 0 0
 290.404101625 85.4384261305589 0 0
 292.579140193323 116.078053323125 0 0
 294.753647374784 158.312112366547 0 0
 296.927629126621 180.468506682326 0 0
 299.101091406072 212.438067822605 0 0
 301.274040170375 251.460255538307 0 0
 303.446481376768 261.857130483672 0 0
 305.618420982489 281.888426600476 0 0
 307.789864944776 297.530787531404 0 0
 309.960819220867 305.959057589162 0 0
 312.131289768 322.68420099243 0 0
 314.301282543413 313.51118678652 0 0
 316.470803504344 277.274345264159 0 0
 318.639858608031 257.268226020544 0 0
 320.808453811712 239.229806543256 0 0
 322.976595072625 215.80969041558 0 0
 325.144288348008 201.091576256977 0 0
 327.311539595099 185.313240471257 0 0
 329.478354771136 159.158724470737 0 0
 331.644739833357 148.078469837944 0 0
 333.810700739 136.758262505588 0 0
 335.976243445303 112.590163153549 0 0
 338.141373909504 102.921623992065 0 0
 340.306098088841 92.2090906736921 0 0
 342.470421940552 73.1259252051471 0 0
 344.634351421875 69.1297228414566 0 0
 346.797892490048 61.4252221641151 0 0
 348.961051102309 46.3876948253306 0 0
 351.123833215896 45.2392383449434 0 0
 353.286244788047 39.8790121292645 0 0
 355.448291776 28.7455488901939 0 0
 357.609980136993 30.2651121609752 0 0
 359.771315828264 29.3273867049226 0 0
 361.932304807051 34.4866019509957 0 0
 364.092953030592 55.8730035276215 0 0
 366.253266456125 53.229114415364 0 0
 368.413251040888 25.7911815956101 0 0
 370.572912742119 18.4858377518468 0 0
 372.732257517056 12.1751901691348 0 0
 374.891291322937 3.69034408812445 0 0
 377.050020117 10.6364981092113 0 0
 379.208449856483 7.60882700797907 0 0
 381.366586498624 0.316894607625056 0 0
 383.524436000661 8.30831497738168 0 0
 385.682004319832 5.09952550530124 0 0
 387.839297413375 -1.24292196601905 0 0
 389.996321238528 7.37835159319391 0 0
 392.153081752529 3.67332488474401 0 0
 394.309584912616 -1.76873943907729 0 0
 396.465836676027 6.84346750418028 0 0
 398.621843 5.21085091906613 0 0
 400.777609841773 11.8724253065748 0 0
 402.933143158584 41.0333754069815 0 0
 405.088448907671 43.2735764362633 0 0
 407.243533046272 26.6930902932971 0 0
 409.398401531625 17.0238291604064 0 0
 411.553060320968 6.15235124229326 0 0
 413.707515371539 2.41506204456646 0 0
 415.861772640576 10.0861457538875 0 0
 418.015838085317 8.0998027632016 0 0
 420.169717663 9.3721939058078 0 0
 422.323417330863 19.5277983936751 0 0
 424.476943046144 21.4957215222448 0 0
 426.630300766081 28.6938493987742 0 0
 428.783496447912 47.2861642765348 0 0
 430.936536048875 72.0030616138907 0 0
 433.089425526208 144.637888328351 0 0
 435.242170837149 219.634937771031 0 0
 437.394777938936 234.429679114283 0 0
 439.547252788807 216.196300252228 0 0
 441.699601344 246.90770394097 0 0
 443.851829561753 298.760611804455 0 0
 446.003943399304 358.808552895149 0 0
 448.155948813891 401.699491834822 0 0
 450.307851762752 396.59061445118 0 0
 452.459658203125 359.38167728347 0 0
 454.611374092248 307.725943565461 0 0
 456.763005387359 247.779414041015 0 0
 458.914558045696 207.88931128248 0 0
 461.066038024497 185.467196718114 0 0
 463.217451281 158.940627989452 0 0
 465.368803772443 140.839276980237 0 0
 467.520101456064 125.371469376165 0 0
 469.671350289101 99.5771893465088 0 0
 471.822556228792 85.7805164348178 0 0
 473.973725232375 79.2106208661825 0 0
 476.124863257088 66.0641451156941 0 0
 478.275976260169 65.4217837279394 0 0
 480.427070198856 68.0075719964312 0 0
 482.578151030387 60.8121442506132 0 0
 484.729224712 64.3494751860822 0 0
 486.880297200933 69.3079541391306 0 0
 489.031374454424 65.0776902924963 0 0
 491.182462429711 72.3387156080314 0 0
 493.333567084032 79.4769997334486 0 0
 495.484694374625 77.2029860893279 0 0
 497.635850258728 85.9316491531207 0 0
 499.787040693579 92.8380916044888 0 0
 501.938271636416 90.6057492111287 0 0
 504.089549044477 -NAN 0 0
 506.240878875 -NAN 0 0
 508.392267085223 -NAN 0 0
 510.543719632384 -NAN 0 0
 512.695242473721 -NAN 0 0
 514.846841566472 -NAN 0 0
 516.998522867875 -NAN 0 0
 519.150292335168 -NAN 0 0
 521.302155925589 -NAN 0 0
 523.454119596376 -NAN 0 0
 525.606189304767 -NAN 0 0
 527.758371008 -NAN 0 0
 529.910670663313 -NAN 0 0
 532.063094227944 -NAN 0 0
 534.215647659131 -NAN 0 0
 536.368336914112 -NAN 0 0
 538.521167950125 -NAN 0 0
 540.674146724408 -NAN 0 0
 542.827279194199 -NAN 0 0
 544.980571316736 -NAN 0 0
 547.134029049257 -NAN 0 0
 549.287658349 -NAN 0 0
 551.441465173203 -NAN 0 0
 553.595455479104 -NAN 0 0
 555.749635223941 -NAN 0 0
 557.904010364952 -NAN 0 0
 560.058586859375 -NAN 0 0
 562.213370664448 -NAN 0 0
 564.368367737409 -NAN 0 0
 566.523584035496 -NAN 0 0
 568.679025515947 -NAN 0 0
 570.834698136 -NAN 0 0
 572.990607852893 -NAN 0 0
 575.146760623864 -NAN 0 0
 577.303162406151 -NAN 0 0
 579.459819156992 -NAN 0 0
 581.616736833625 -NAN 0 0
 583.773921393288 -NAN 0 0
 585.931378793219 -NAN 0 0
 588.089114990656 -NAN 0 0
 590.247135942837 -NAN 0 0
 592.405447607 -NAN 0 0
 594.564055940383 -NAN 0 0
 596.722966900224 -NAN 0 0
 598.882186443761 -NAN 0 0
 601.041720528232 -NAN 0 0
 603.201575110875 -NAN 0 0
 605.361756148928 -NAN 0 0
 607.522269599629 -NAN 0 0
 609.683121420216 -NAN 0 0
 611.844317567927 -NAN 0 0
 614.005864 -NAN 0 0
 616.167766673673 -NAN 0 0
 618.330031546184 -NAN 0 0
 620.492664574771 -NAN 0 0
 622.655671716672 -NAN 0 0
 624.819058929125 -NAN 0 0
 626.982832169368 -NAN 0 0
 629.146997394639 -NAN 0 0
 631.311560562176 -NAN 0 0
 633.476527629217 -NAN 0 0
 635.641904553 -NAN 0 0
 637.807697290763 -NAN 0 0
 639.973911799744 -NAN 0 0
 642.140554037181 -NAN 0 0
 644.307629960312 -NAN 0 0
 646.475145526375 -NAN 0 0
 648.643106692608 -NAN 0 0
 650.811519416249 -NAN 0 0
 652.980389654536 -NAN 0 0
 655.149723364707 -NAN 0 0
 657.319526504 -NAN 0 0
 659.489805029653 -NAN 0 0
 661.660564898904 -NAN 0 0
 663.831812068991 -NAN 0 0
 666.003552497152 -NAN 0 0
 668.175792140625 -NAN 0 0
 670.348536956648 -NAN 0 0
 672.521792902459 -NAN 0 0
 674.695565935296 -NAN 0 0
 676.869862012397 -NAN 0 0
 679.044687091 -NAN 0 0
 681.220047128343 -NAN 0 0
 683.395948081664 -NAN 0 0
 685.572395908201 -NAN 0 0
 687.749396565192 -NAN 0 0
 689.926956009875 -NAN 0 0
 692.105080199488 -NAN 0 0
 694.283775091269 -NAN 0 0
 696.463046642456 -NAN 0 0
 698.642900810287 -NAN 0 0
 700.823343552 -NAN 0 0
 703.004380824833 -NAN 0 0
 705.186018586024 -NAN 0 0
 707.368262792811 -NAN 0 0
 709.551119402432 -NAN 0 0
 711.734594372125 -NAN 0 0
 713.918693659128 -NAN 0 0
 716.103423220679 -NAN 0 0
 718.288789014016 -NAN 0 0
 720.474796996377 -NAN 0 0
 722.661453125 -NAN 0 0
 724.848763357123 -NAN 0 0
 727.036733649984 -NAN 0 0
 729.225369960821 -NAN 0 0
 731.414678246872 -NAN 0 0
 733.604664465375 -NAN 0 0
 735.795334573568 -NAN 0 0
[END] of [DATA]
[END] of Spectrum


[Spectrum]
Version            = 1
IDData             = 12ad_2026-06-05_14-45-35_000_468
IDDevice           = SAM_82E6
IDDataType         = SPECTRUM
IDDataTypeSub1     = CALIBRATED
IDDataTypeSub2     = 
IDDataTypeSub3     = 
DateTime           = 2026-06-05 14:45:35
PositionLatitude   = 0
PositionLongitude  = 0
Comment            = 20260605_FrameB
CommentSub1        = UV
CommentSub2        = right
CommentSub3        = 50cm
IDMethodType       = SAM Control
MethodName         = SAM_82E6
Mission            = No Mission
MissionSub         = 1
RecordType         = 0
[Attributes]
CalFactor = 1
IDBasisSpec = 
IDDataBack = DLAB_2024-11-11_10-40-48_641_639
IDDataCal = DLAB_2024-11-12_11-45-27_171_455
IntegrationTime = 256
P31 = -1
P31e = 0
PathLength = +INF
PathLengthCustomOn = 0
RAWDynamic = 65535
Salinity = 0
Temperature = -NAN
Unit1 = $01 $01 Wavelength nm
Unit2 = $03 $06 Intensity mW/(m^2 nm)
Unit3 = $f0 $06 Error mW/(m^2 nm)
Unit4 = $f1 $00 Status 
p999 = 6853
[END] of [Attributes]
[DATA]
 0 7 0 0
 185.260577530984 -NAN 0 0
 187.468128380571 -NAN 0 0
 189.674861895872 -NAN 0 0
 191.880784034125 -NAN 0 0
 194.085900752568 -NAN 0 0
 196.290218008439 -NAN 0 0
 198.493741758976 -NAN 0 0
 200.696477961417 -NAN 0 0
 202.898432573 -NAN 0 0
 205.099611550963 -NAN 0 0
 207.300020852544 -NAN 0 0
 209.499666434981 -NAN 0 0
 211.698554255512 -NAN 0 0
 213.896690271375 -NAN 0 0
 216.094080439808 -NAN 0 0
 218.290730718049 -NAN 0 0
 220.486647063336 -NAN 0 0
 222.681835432907 -NAN 0 0
 224.876301784 -NAN 0 0
 227.070052073853 -NAN 0 0
 229.263092259704 -NAN 0 0
 231.455428298791 -NAN 0 0
 233.647066148352 -NAN 0 0
 235.838011765625 -NAN 0 0
 238.028271107848 -NAN 0 0
 240.217850132259 -NAN 0 0
 242.406754796096 -NAN 0 0
 244.594991056597 -NAN 0 0
 246.782564871 -NAN 0 0
 248.969482196543 -NAN 0 0
 251.155748990464 -NAN 0 0
 253.341371210001 -NAN 0 0
 255.526354812392 -NAN 0 0
 257.710705754875 -NAN 0 0
 259.894429994688 -NAN 0 0
 262.077533489069 -NAN 0 0
 264.260022195256 -NAN 0 0
 266.441902070487 -NAN 0 0
 268.623179072 -NAN 0 0
 270.803859157033 -NAN 0 0
 272.983948282824 -NAN 0 0
 275.163452406611 -NAN 0 0
 277.342377485632 -NAN 0 0
 279.520729477125 7.53660515537671 0 0
 281.698514338328 21.211706349639 0 0
 283.875738026479 31.7919070214603 0 0
 286.052406498816 38.3786580226144 0 0
 288.228525712577 64.4596273451726 0 0
 290.404101625 88.8773992757056 0 0
 292.579140193323 110.26501178354 0 0
 294.753647374784 153.505083459148 0 0
 296.927629126621 181.128723144579 0 0
 299.101091406072 204.80984299105 0 0
 301.274040170375 245.359127589736 0 0
 303.446481376768 260.19372820915 0 0
 305.618420982489 272.923672375801 0 0
 307.789864944776 290.871527731473 0 0
 309.960819220867 303.282158806724 0 0
 312.131289768 312.574942312643 0 0
 314.301282543413 306.957630808601 0 0
 316.470803504344 275.611531069098 0 0
 318.639858608031 247.945404402764 0 0
 320.808453811712 234.566951454667 0 0
 322.976595072625 215.882813961443 0 0
 325.144288348008 192.279252608539 0 0
 327.311539595099 182.262509342865 0 0
 329.478354771136 160.547991839016 0 0
 331.644739833357 139.974414801354 0 0
 333.810700739 135.316532131101 0 0
 335.976243445303 114.536616971399 0 0
 338.141373909504 96.0934045278963 0 0
 340.306098088841 92.0597892239918 0 0
 342.470421940552 75.2799687638835 0 0
 344.634351421875 63.1626580937095 0 0
 346.797892490048 61.977268259662 0 0
 348.961051102309 48.363063367594 0 0
 351.123833215896 40.2500105129777 0 0
 353.286244788047 40.9269057500685 0 0
 355.448291776 30.5827927537711 0 0
 357.609980136993 25.6466483996097 0 0
 359.771315828264 30.9805862591059 0 0
 361.932304807051 36.2335975419036 0 0
 364.092953030592 50.7901652958143 0 0
 366.253266456125 54.9294617174077 0 0
 368.413251040888 27.5344695325925 0 0
 370.572912742119 13.3739458568863 0 0
 372.732257517056 15.1077257749947 0 0
 374.891291322937 5.52688654158205 0 0
 377.050020117 4.96012304063903 0 0
 379.208449856483 11.0318656315432 0 0
 381.366586498624 1.8658337640762 0 0
 383.524436000661 2.67739387038888 0 0
 385.682004319832 8.78342785287805 0 0
 387.839297413375 -0.0725886761220016 0 0
 389.996321238528 1.68671360827078 0 0
 392.153081752529 7.47958112226713 0 0
 394.309584912616 -1.23146655212442 0 0
 396.465836676027 1.51231420348065 0 0
 398.621843 8.92204827643689 0 0
 400.777609841773 11.6591428978513 0 0
 402.933143158584 35.1568288856569 0 0
 405.088448907671 45.8471780953252 0 0
 407.243533046272 25.5787424899863 0 0
 409.398401531625 12.4118583366471 0 0
 411.553060320968 9.47556575353835 0 0
 413.707515371539 1.77336916402468 0 0
 415.861772640576 6.33643103052701 0 0
 418.015838085317 11.3003975907293 0 0
 420.169717663 8.48482411533747 0 0
 422.323417330863 16.4853584214042 0 0
 424.476943046144 24.5137013870787 0 0
 426.630300766081 27.5734295903555 0 0
 428.783496447912 44.6518877197682 0 0
 430.936536048875 74.5080789578907 0 0
 433.089425526208 141.692532352624 0 0
 435.242170837149 214.612670111015 0 0
 437.394777938936 234.809348104478 0 0
 439.547252788807 213.683332592003 0 0
 441.699601344 244.620218000703 0 0
 443.851829561753 301.847613938347 0 0
 446.003943399304 357.012728461328 0 0
 448.155948813891 399.841999278175 0 0
 450.307851762752 399.884036844701 0 0
 452.459658203125 357.378995506533 0 0
 454.611374092248 306.123585170443 0 0
 456.763005387359 251.362262671647 0 0
 458.914558045696 205.444135237411 0 0
 461.066038024497 184.034640793978 0 0
 463.217451281 162.845931285252 0 0
 465.368803772443 138.120197355998 0 0
 467.520101456064 124.347573160608 0 0
 469.671350289101 103.686355521694 0 0
 471.822556228792 82.7975103585995 0 0
 473.973725232375 78.6039185457595 0 0
 476.124863257088 70.2867324945346 0 0
 478.275976260169 62.1791680396504 0 0
 480.427070198856 67.7346774900721 0 0
 482.578151030387 64.8983598440417 0 0
 484.729224712 60.9776779429586 0 0
 486.880297200933 69.5070656875648 0 0
 489.031374454424 69.164023360272 0 0
 491.182462429711 68.8183688773015 0 0
 493.333567084032 80.0759720956951 0 0
 495.484694374625 81.145518974074 0 0
 497.635850258728 82.1871401031533 0 0
 499.787040693579 93.8339397435082 0 0
 501.938271636416 94.274607698877 0 0
 504.089549044477 -NAN 0 0
 506.240878875 -NAN 0 0
 508.392267085223 -NAN 0 0
 510.543719632384 -NAN 0 0
 512.695242473721 -NAN 0 0
 514.846841566472 -NAN 0 0
 516.998522867875 -NAN 0 0
 519.150292335168 -NAN 0 0
 521.302155925589 -NAN 0 0
 523.454119596376 -NAN 0 0
 525.606189304767 -NAN 0 0
 527.758371008 -NAN 0 0
 529.910670663313 -NAN 0 0
 532.063094227944 -NAN 0 0
 534.215647659131 -NAN 0 0
 536.368336914112 -NAN 0 0
 538.521167950125 -NAN 0 0
 540.674146724408 -NAN 0 0
 542.827279194199 -NAN 0 0
 544.980571316736 -NAN 0 0
 547.134029049257 -NAN 0 0
 549.287658349 -NAN 0 0
 551.441465173203 -NAN 0 0
 553.595455479104 -NAN 0 0
 555.749635223941 -NAN 0 0
 557.904010364952 -NAN 0 0
 560.058586859375 -NAN 0 0
 562.213370664448 -NAN 0 0
 564.368367737409 -NAN 0 0
 566.523584035496 -NAN 0 0
 568.679025515947 -NAN 0 0
 570.834698136 -NAN 0 0
 572.990607852893 -NAN 0 0
 575.146760623864 -NAN 0 0
 577.303162406151 -NAN 0 0
 579.459819156992 -NAN 0 0
 581.616736833625 -NAN 0 0
 583.773921393288 -NAN 0 0
 585.931378793219 -NAN 0 0
 588.089114990656 -NAN 0 0
 590.247135942837 -NAN 0 0
 592.405447607 -NAN 0 0
 594.564055940383 -NAN 0 0
 596.722966900224 -NAN 0 0
 598.882186443761 -NAN 0 0
 601.041720528232 -NAN 0 0
 603.201575110875 -NAN 0 0
 605.361756148928 -NAN 0 0
 607.522269599629 -NAN 0 0
 609.683121420216 -NAN 0 0
 611.844317567927 -NAN 0 0
 614.005864 -NAN 0 0
 616.167766673673 -NAN 0 0
 618.330031546184 -NAN 0 0
 620.492664574771 -NAN 0 0
 622.655671716672 -NAN 0 0
 624.819058929125 -NAN 0 0
 626.982832169368 -NAN 0 0
 629.146997394639 -NAN 0 0
 631.311560562176 -NAN 0 0
 633.476527629217 -NAN 0 0
 635.641904553 -NAN 0 0
 637.807697290763 -NAN 0 0
 639.973911799744 -NAN 0 0
 642.140554037181 -NAN 0 0
 644.307629960312 -NAN 0 0
 646.475145526375 -NAN 0 0
 648.643106692608 -NAN 0 0
 650.811519416249 -NAN 0 0
 652.980389654536 -NAN 0 0
 655.149723364707 -NAN 0 0
 657.319526504 -NAN 0 0
 659.489805029653 -NAN 0 0
 661.660564898904 -NAN 0 0
 663.831812068991 -NAN 0 0
 666.003552497152 -NAN 0 0
 668.175792140625 -NAN 0 0
 670.348536956648 -NAN 0 0
 672.521792902459 -NAN 0 0
 674.695565935296 -NAN 0 0
 676.869862012397 -NAN 0 0
 679.044687091 -NAN 0 0
 681.220047128343 -NAN 0 0
 683.395948081664 -NAN 0 0
 685.572395908201 -NAN 0 0
 687.749396565192 -NAN 0 0
 689.926956009875 -NAN 0 0
 692.105080199488 -NAN 0 0
 694.283775091269 -NAN 0 0
 696.463046642456 -NAN 0 0
 698.642900810287 -NAN 0 0
 700.823343552 -NAN 0 0
 703.004380824833 -NAN 0 0
 705.186018586024 -NAN 0 0
 707.368262792811 -NAN 0 0
 709.551119402432 -NAN 0 0
 711.734594372125 -NAN 0 0
 713.918693659128 -NAN 0 0
 716.103423220679 -NAN 0 0
 718.288789014016 -NAN 0 0
 720.474796996377 -NAN 0 0
 722.661453125 -NAN 0 0
 724.848763357123 -NAN 0 0
 727.036733649984 -NAN 0 0
 729.225369960821 -NAN 0 0
 731.414678246872 -NAN 0 0
 733.604664465375 -NAN 0 0
 735.795334573568 -NAN 0 0
[END] of [DATA]
[END] of Spectrum


[Spectrum]
Version            = 1
IDData             = 12ad_2026-06-05_14-45-30_000_465
IDDevice           = SAM_82E6
IDDataType         = SPECTRUM
IDDataTypeSub1     = CALIBRATED
IDDataTypeSub2     = 
IDDataTypeSub3     = 
DateTime           = 2026-06-05 14:45:30
PositionLatitude   = 0
PositionLongitude  = 0
Comment            = 20260605_FrameB
CommentSub1        = UV
CommentSub2        = right
CommentSub3        = 50cm
IDMethodType       = SAM Control
MethodName         = SAM_82E6
Mission            = No Mission
MissionSub         = 1
RecordType         = 0
[Attributes]
CalFactor = 1
IDBasisSpec = 
IDDataBack = DLAB_2024-11-11_10-40-48_641_639
IDDataCal = DLAB_2024-11-12_11-45-27_171_455
IntegrationTime = 256
P31 = -1
P31e = 0
PathLength = +INF
PathLengthCustomOn = 0
RAWDynamic = 65535
Salinity = 0
Temperature = -NAN
Unit1 = $01 $01 Wavelength nm
Unit2 = $03 $06 Intensity mW/(m^2 nm)
Unit3 = $f0 $06 Error mW/(m^2 nm)
Unit4 = $f1 $00 Status 
p999 = 6852
[END] of [Attributes]
[DATA]
 0 7 0 0
 185.260577530984 -NAN 0 0
 187.468128380571 -NAN 0 0
 189.674861895872 -NAN 0 0
 191.880784034125 -NAN 0 0
 194.085900752568 -NAN 0 0
 196.290218008439 -NAN 0 0
 198.493741758976 -NAN 0 0
 200.696477961417 -NAN 0 0
 202.898432573 -NAN 0 0
 205.099611550963 -NAN 0 0
 207.300020852544 -NAN 0 0
 209.499666434981 -NAN 0 0
 211.698554255512 -NAN 0 0
 213.896690271375 -NAN 0 0
 216.094080439808 -NAN 0 0
 218.290730718049 -NAN 0 0
 220.486647063336 -NAN 0 0
 222.681835432907 -NAN 0 0
 224.876301784 -NAN 0 0
 227.070052073853 -NAN 0 0
 229.263092259704 -NAN 0 0
 231.455428298791 -NAN 0 0
 233.647066148352 -NAN 0 0
 235.838011765625 -NAN 0 0
 238.028271107848 -NAN 0 0
 240.217850132259 -NAN 0 0
 242.406754796096 -NAN 0 0
 244.594991056597 -NAN 0 0
 246.782564871 -NAN 0 0
 248.969482196543 -NAN 0 0
 251.155748990464 -NAN 0 0
 253.341371210001 -NAN 0 0
 255.526354812392 -NAN 0 0
 257.710705754875 -NAN 0 0
 259.894429994688 -NAN 0 0
 262.077533489069 -NAN 0 0
 264.260022195256 -NAN 0 0
 266.441902070487 -NAN 0 0
 268.623179072 -NAN 0 0
 270.803859157033 -NAN 0 0
 272.983948282824 -NAN 0 0
 275.163452406611 -NAN 0 0
 277.342377485632 -NAN 0 0
 279.520729477125 15.8223403509453 0 0
 281.698514338328 14.3195319250091 0 0
 283.875738026479 27.8174328230735 0 0
 286.052406498816 47.2024158765652 0 0
 288.228525712577 55.4114071014807 0 0
 290.404101625 84.1958880533801 0 0
 292.579140193323 116.687689711551 0 0
 294.753647374784 142.126030263915 0 0
 296.927629126621 175.532753803467 0 0
 299.101091406072 207.644358342066 0 0
 301.274040170375 232.840675921201 0 0
 303.446481376768 253.649884001797 0 0
 305.618420982489 273.178010712429 0 0
 307.789864944776 277.559955994965 0 0
 309.960819220867 296.418080237223 0 0
 312.131289768 311.92961062822 0 0
 314.301282543413 292.340619555863 0 0
 316.470803504344 270.061690157221 0 0
 318.639858608031 249.23377281041 0 0
 320.808453811712 220.026643843991 0 0
 322.976595072625 212.418585976191 0 0
 325.144288348008 194.920495418961 0 0
 327.311539595099 167.594517845931 0 0
 329.478354771136 159.079146521911 0 0
 331.644739833357 143.522344632408 0 0
 333.810700739 121.292225731643 0 0
 335.976243445303 114.932739947772 0 0
 338.141373909504 99.509620868207 0 0
 340.306098088841 79.7376691230391 0 0
 342.470421940552 77.0156433761055 0 0
 344.634351421875 66.3008688583044 0 0
 346.797892490048 51.5542272631057 0 0
 348.961051102309 50.9473496718606 0 0
 351.123833215896 42.9326859671634 0 0
 353.286244788047 31.9303955331656 0 0
 355.448291776 33.8673502112844 0 0
 357.609980136993 28.1068664593679 0 0
 359.771315828264 22.4161090631496 0 0
 361.932304807051 40.228847986604 0 0
 364.092953030592 52.5711909090253 0 0
 366.253266456125 45.6937497406132 0 0
 368.413251040888 32.7637271933532 0 0
 370.572912742119 15.4909222178091 0 0
 372.732257517056 5.68330251674957 0 0
 374.891291322937 12.2821629379201 0 0
 377.050020117 6.88788346793665 0 0
 379.208449856483 1.34981627866975 0 0
 381.366586498624 9.72995049406924 0 0
 383.524436000661 3.9984289963227 0 0
 385.682004319832 -0.493889931704865 0 0
 387.839297413375 8.32164809869044 0 0
 389.996321238528 2.28439178265005 0 0
 392.153081752529 -1.20903478413135 0 0
 394.309584912616 7.24012687476573 0 0
 396.465836676027 1.46733972965203 0 0
 398.621843 1.01999755715853 0 0
 400.777609841773 19.8906734223379 0 0
 402.933143158584 33.4377140794941 0 0
 405.088448907671 37.9562328652613 0 0
 407.243533046272 32.959217679825 0 0
 409.398401531625 10.8369132690056 0 0
 411.553060320968 3.6216125446325 0 0
 413.707515371539 9.09768352201031 0 0
 415.861772640576 4.57537148911207 0 0
 418.015838085317 6.56094182877449 0 0
 420.169717663 15.2134143442503 0 0
 422.323417330863 14.3369728075211 0 0
 424.476943046144 20.5455016853905 0 0
 426.630300766081 33.7361701313461 0 0
 428.783496447912 42.1200318355287 0 0
 430.936536048875 70.7649732719959 0 0
 433.089425526208 145.825988904046 0 0
 435.242170837149 208.982599370884 0 0
 437.394777938936 229.437631370574 0 0
 439.547252788807 218.409604404854 0 0
 441.699601344 240.938294440003 0 0
 443.851829561753 299.092498015434 0 0
 446.003943399304 363.020911923216 0 0
 448.155948813891 395.68260227072 0 0
 450.307851762752 397.532558506501 0 0
 452.459658203125 363.57554488064 0 0
 454.611374092248 301.281800144787 0 0
 456.763005387359 249.229637921343 0 0
 458.914558045696 212.048605636693 0 0
 461.066038024497 178.379305333863 0 0
 463.217451281 161.10983701426 0 0
 465.368803772443 144.763259318399 0 0
 467.520101456064 117.872714822588 0 0
 469.671350289101 102.451765420852 0 0
 471.822556228792 89.5193849887588 0 0
 473.973725232375 71.6400549785808 0 0
 476.124863257088 69.6418302532723 0 0
 478.275976260169 68.5327167709021 0 0
 480.427070198856 60.2690634946786 0 0
 482.578151030387 64.8207876004625 0 0
 484.729224712 66.9953916504824 0 0
 486.880297200933 61.667328119018 0 0
 489.031374454424 69.6703392729687 0 0
 491.182462429711 74.4501418435786 0 0
 493.333567084032 72.0427284529636 0 0
 495.484694374625 82.2739334255053 0 0
 497.635850258728 87.4528216693176 0 0
 499.787040693579 85.7350634207734 0 0
 501.938271636416 95.9723560897315 0 0
 504.089549044477 -NAN 0 0
 506.240878875 -NAN 0 0
 508.392267085223 -NAN 0 0
 510.543719632384 -NAN 0 0
 512.695242473721 -NAN 0 0
 514.846841566472 -NAN 0 0
 516.998522867875 -NAN 0 0
 519.150292335168 -NAN 0 0
 521.302155925589 -NAN 0 0
 523.454119596376 -NAN 0 0
 525.606189304767 -NAN 0 0
 527.758371008 -NAN 0 0
 529.910670663313 -NAN 0 0
 532.063094227944 -NAN 0 0
 534.215647659131 -NAN 0 0
 536.368336914112 -NAN 0 0
 538.521167950125 -NAN 0 0
 540.674146724408 -NAN 0 0
 542.827279194199 -NAN 0 0
 544.980571316736 -NAN 0 0
 547.134029049257 -NAN 0 0
 549.287658349 -NAN 0 0
 551.441465173203 -NAN 0 0
 553.595455479104 -NAN 0 0
 555.749635223941 -NAN 0 0
 557.904010364952 -NAN 0 0
 560.058586859375 -NAN 0 0
 562.213370664448 -NAN 0 0
 564.368367737409 -NAN 0 0
 566.523584035496 -NAN 0 0
 568.679025515947 -NAN 0 0
 570.834698136 -NAN 0 0
 572.990607852893 -NAN 0 0
 575.146760623864 -NAN 0 0
 577.303162406151 -NAN 0 0
 579.459819156992 -NAN 0 0
 581.616736833625 -NAN 0 0
 583.773921393288 -NAN 0 0
 585.931378793219 -NAN 0 0
 588.089114990656 -NAN 0 0
 590.247135942837 -NAN 0 0
 592.405447607 -NAN 0 0
 594.564055940383 -NAN 0 0
 596.722966900224 -NAN 0 0
 598.882186443761 -NAN 0 0
 601.041720528232 -NAN 0 0
 603.201575110875 -NAN 0 0
 605.361756148928 -NAN 0 0
 607.522269599629 -NAN 0 0
 609.683121420216 -NAN 0 0
 611.844317567927 -NAN 0 0
 614.005864 -NAN 0 0
 616.167766673673 -NAN 0 0
 618.330031546184 -NAN 0 0
 620.492664574771 -NAN 0 0
 622.655671716672 -NAN 0 0
 624.819058929125 -NAN 0 0
 626.982832169368 -NAN 0 0
 629.146997394639 -NAN 0 0
 631.311560562176 -NAN 0 0
 633.476527629217 -NAN 0 0
 635.641904553 -NAN 0 0
 637.807697290763 -NAN 0 0
 639.973911799744 -NAN 0 0
 642.140554037181 -NAN 0 0
 644.307629960312 -NAN 0 0
 646.475145526375 -NAN 0 0
 648.643106692608 -NAN 0 0
 650.811519416249 -NAN 0 0
 652.980389654536 -NAN 0 0
 655.149723364707 -NAN 0 0
 657.319526504 -NAN 0 0
 659.489805029653 -NAN 0 0
 661.660564898904 -NAN 0 0
 663.831812068991 -NAN 0 0
 666.003552497152 -NAN 0 0
 668.175792140625 -NAN 0 0
 670.348536956648 -NAN 0 0
 672.521792902459 -NAN 0 0
 674.695565935296 -NAN 0 0
 676.869862012397 -NAN 0 0
 679.044687091 -NAN 0 0
 681.220047128343 -NAN 0 0
 683.395948081664 -NAN 0 0
 685.572395908201 -NAN 0 0
 687.749396565192 -NAN 0 0
 689.926956009875 -NAN 0 0
 692.105080199488 -NAN 0 0
 694.283775091269 -NAN 0 0
 696.463046642456 -NAN 0 0
 698.642900810287 -NAN 0 0
 700.823343552 -NAN 0 0
 703.004380824833 -NAN 0 0
 705.186018586024 -NAN 0 0
 707.368262792811 -NAN 0 0
 709.551119402432 -NAN 0 0
 711.734594372125 -NAN 0 0
 713.918693659128 -NAN 0 0
 716.103423220679 -NAN 0 0
 718.288789014016 -NAN 0 0
 720.474796996377 -NAN 0 0
 722.661453125 -NAN 0 0
 724.848763357123 -NAN 0 0
 727.036733649984 -NAN 0 0
 729.225369960821 -NAN 0 0
 731.414678246872 -NAN 0 0
 733.604664465375 -NAN 0 0
 735.795334573568 -NAN 0 0
[END] of [DATA]
[END] of Spectrum


[Spectrum]
Version            = 1
IDData             = 12ad_2026-06-05_14-45-25_000_462
IDDevice           = SAM_82E6
IDDataType         = SPECTRUM
IDDataTypeSub1     = CALIBRATED
IDDataTypeSub2     = 
IDDataTypeSub3     = 
DateTime           = 2026-06-05 14:45:25
PositionLatitude   = 0
PositionLongitude  = 0
Comment            = 20260605_FrameB
CommentSub1        = UV
CommentSub2        = right
CommentSub3        = 50cm
IDMethodType       = SAM Control
MethodName         = SAM_82E6
Mission            = No Mission
MissionSub         = 1
RecordType         = 0
[Attributes]
CalFactor = 1
IDBasisSpec = 
IDDataBack = DLAB_2024-11-11_10-40-48_641_639
IDDataCal = DLAB_2024-11-12_11-45-27_171_455
IntegrationTime = 256
P31 = -1
P31e = 0
PathLength = +INF
PathLengthCustomOn = 0
RAWDynamic = 65535
Salinity = 0
Temperature = -NAN
Unit1 = $01 $01 Wavelength nm
Unit2 = $03 $06 Intensity mW/(m^2 nm)
Unit3 = $f0 $06 Error mW/(m^2 nm)
Unit4 = $f1 $00 Status 
p999 = 6851
[END] of [Attributes]
[DATA]
 0 7 0 0
 185.260577530984 -NAN 0 0
 187.468128380571 -NAN 0 0
 189.674861895872 -NAN 0 0
 191.880784034125 -NAN 0 0
 194.085900752568 -NAN 0 0
 196.290218008439 -NAN 0 0
 198.493741758976 -NAN 0 0
 200.696477961417 -NAN 0 0
 202.898432573 -NAN 0 0
 205.099611550963 -NAN 0 0
 207.300020852544 -NAN 0 0
 209.499666434981 -NAN 0 0
 211.698554255512 -NAN 0 0
 213.896690271375 -NAN 0 0
 216.094080439808 -NAN 0 0
 218.290730718049 -NAN 0 0
 220.486647063336 -NAN 0 0
 222.681835432907 -NAN 0 0
 224.876301784 -NAN 0 0
 227.070052073853 -NAN 0 0
 229.263092259704 -NAN 0 0
 231.455428298791 -NAN 0 0
 233.647066148352 -NAN 0 0
 235.838011765625 -NAN 0 0
 238.028271107848 -NAN 0 0
 240.217850132259 -NAN 0 0
 242.406754796096 -NAN 0 0
 244.594991056597 -NAN 0 0
 246.782564871 -NAN 0 0
 248.969482196543 -NAN 0 0
 251.155748990464 -NAN 0 0
 253.341371210001 -NAN 0 0
 255.526354812392 -NAN 0 0
 257.710705754875 -NAN 0 0
 259.894429994688 -NAN 0 0
 262.077533489069 -NAN 0 0
 264.260022195256 -NAN 0 0
 266.441902070487 -NAN 0 0
 268.623179072 -NAN 0 0
 270.803859157033 -NAN 0 0
 272.983948282824 -NAN 0 0
 275.163452406611 -NAN 0 0
 277.342377485632 -NAN 0 0
 279.520729477125 16.0209688567983 0 0
 281.698514338328 15.0222813802379 0 0
 283.875738026479 26.0473125858457 0 0
 286.052406498816 46.8329142107766 0 0
 288.228525712577 54.9952075953778 0 0
 290.404101625 81.2345904592612 0 0
 292.579140193323 114.717824155884 0 0
 294.753647374784 139.69582530233 0 0
 296.927629126621 170.513204219784 0 0
 299.101091406072 203.55495770006 0 0
 301.274040170375 228.232340119042 0 0
 303.446481376768 246.943303787284 0 0
 305.618420982489 267.542238817706 0 0
 307.789864944776 271.679391341783 0 0
 309.960819220867 288.780219056408 0 0
 312.131289768 305.658021886925 0 0
 314.301282543413 286.142299800665 0 0
 316.470803504344 262.823378108257 0 0
 318.639858608031 244.252038752889 0 0
 320.808453811712 215.530842227745 0 0
 322.976595072625 206.17566324815 0 0
 325.144288348008 191.3567305228 0 0
 327.311539595099 164.200011393365 0 0
 329.478354771136 154.055323677839 0 0
 331.644739833357 141.120293244599 0 0
 333.810700739 118.744033904458 0 0
 335.976243445303 111.069632389194 0 0
 338.141373909504 98.1915863212875 0 0
 340.306098088841 78.1218202515092 0 0
 342.470421940552 74.089679648448 0 0
 344.634351421875 65.6299670578991 0 0
 346.797892490048 50.2248471139824 0 0
 348.961051102309 48.7273731397327 0 0
 351.123833215896 42.6679445755862 0 0
 353.286244788047 31.0346155024783 0 0
 355.448291776 32.1995243269306 0 0
 357.609980136993 28.1812887249406 0 0
 359.771315828264 21.5615436462344 0 0
 361.932304807051 38.6350301989216 0 0
 364.092953030592 52.4464344397639 0 0
 366.253266456125 44.5241770599836 0 0
 368.413251040888 31.2441086752673 0 0
 370.572912742119 15.9964594383796 0 0
 372.732257517056 5.03430942781927 0 0
 374.891291322937 11.2260838038125 0 0
 377.050020117 7.877628088034 0 0
 379.208449856483 0.792138072827435 0 0
 381.366586498624 8.74702423192347 0 0
 383.524436000661 5.10770055715255 0 0
 385.682004319832 -1.08630125516654 0 0
 387.839297413375 7.38722339567942 0 0
 389.996321238528 3.49449694652253 0 0
 392.153081752529 -1.81195798325778 0 0
 394.309584912616 6.62308123683128 0 0
 396.465836676027 2.61183939946982 0 0
 398.621843 0.383773340905657 0 0
 400.777609841773 18.8691287147016 0 0
 402.933143158584 33.6740686031575 0 0
 405.088448907671 36.3279230804944 0 0
 407.243533046272 31.8870440204561 0 0
 409.398401531625 11.5559223850078 0 0
 411.553060320968 3.14237699696041 0 0
 413.707515371539 8.91366085296237 0 0
 415.861772640576 5.5464802423177 0 0
 418.015838085317 6.12498857140086 0 0
 420.169717663 15.1599640317113 0 0
 422.323417330863 15.1010161890619 0 0
 424.476943046144 20.1438440710266 0 0
 426.630300766081 33.7417808622819 0 0
 428.783496447912 42.7931421813137 0 0
 430.936536048875 69.8729728526274 0 0
 433.089425526208 144.126215712447 0 0
 435.242170837149 206.844299382918 0 0
 437.394777938936 226.50059199274 0 0
 439.547252788807 217.599582804688 0 0
 441.699601344 241.350502201068 0 0
 443.851829561753 298.465136817128 0 0
 446.003943399304 363.203574389448 0 0
 448.155948813891 396.406910303555 0 0
 450.307851762752 396.929696274828 0 0
 452.459658203125 363.915037420532 0 0
 454.611374092248 301.869965525985 0 0
 456.763005387359 248.515508827798 0 0
 458.914558045696 212.486242247209 0 0
 461.066038024497 179.092017189434 0 0
 463.217451281 160.378111968544 0 0
 465.368803772443 145.27361451961 0 0
 467.520101456064 118.612254923887 0 0
 469.671350289101 101.630689935109 0 0
 471.822556228792 89.9003221883052 0 0
 473.973725232375 72.3309909242531 0 0
 476.124863257088 68.7223601908373 0 0
 478.275976260169 69.1700163244435 0 0
 480.427070198856 60.7975877529127 0 0
 482.578151030387 63.9239631728963 0 0
 484.729224712 67.6162180901758 0 0
 486.880297200933 62.1377011870887 0 0
 489.031374454424 68.7410677470137 0 0
 491.182462429711 75.0102477717071 0 0
 493.333567084032 72.3906445555696 0 0
 495.484694374625 81.3447485976714 0 0
 497.635850258728 87.9635362789747 0 0
 499.787040693579 86.0063124499059 0 0
 501.938271636416 95.0882354538602 0 0
 504.089549044477 -NAN 0 0
 506.240878875 -NAN 0 0
 508.392267085223 -NAN 0 0
 510.543719632384 -NAN 0 0
 512.695242473721 -NAN 0 0
 514.846841566472 -NAN 0 0
 516.998522867875 -NAN 0 0
 519.150292335168 -NAN 0 0
 521.302155925589 -NAN 0 0
 523.454119596376 -NAN 0 0
 525.606189304767 -NAN 0 0
 527.758371008 -NAN 0 0
 529.910670663313 -NAN 0 0
 532.063094227944 -NAN 0 0
 534.215647659131 -NAN 0 0
 536.368336914112 -NAN 0 0
 538.521167950125 -NAN 0 0
 540.674146724408 -NAN 0 0
 542.827279194199 -NAN 0 0
 544.980571316736 -NAN 0 0
 547.134029049257 -NAN 0 0
 549.287658349 -NAN 0 0
 551.441465173203 -NAN 0 0
 553.595455479104 -NAN 0 0
 555.749635223941 -NAN 0 0
 557.904010364952 -NAN 0 0
 560.058586859375 -NAN 0 0
 562.213370664448 -NAN 0 0
 564.368367737409 -NAN 0 0
 566.523584035496 -NAN 0 0
 568.679025515947 -NAN 0 0
 570.834698136 -NAN 0 0
 572.990607852893 -NAN 0 0
 575.146760623864 -NAN 0 0
 577.303162406151 -NAN 0 0
 579.459819156992 -NAN 0 0
 581.616736833625 -NAN 0 0
 583.773921393288 -NAN 0 0
 585.931378793219 -NAN 0 0
 588.089114990656 -NAN 0 0
 590.247135942837 -NAN 0 0
 592.405447607 -NAN 0 0
 594.564055940383 -NAN 0 0
 596.722966900224 -NAN 0 0
 598.882186443761 -NAN 0 0
 601.041720528232 -NAN 0 0
 603.201575110875 -NAN 0 0
 605.361756148928 -NAN 0 0
 607.522269599629 -NAN 0 0
 609.683121420216 -NAN 0 0
 611.844317567927 -NAN 0 0
 614.005864 -NAN 0 0
 616.167766673673 -NAN 0 0
 618.330031546184 -NAN 0 0
 620.492664574771 -NAN 0 0
 622.655671716672 -NAN 0 0
 624.819058929125 -NAN 0 0
 626.982832169368 -NAN 0 0
 629.146997394639 -NAN 0 0
 631.311560562176 -NAN 0 0
 633.476527629217 -NAN 0 0
 635.641904553 -NAN 0 0
 637.807697290763 -NAN 0 0
 639.973911799744 -NAN 0 0
 642.140554037181 -NAN 0 0
 644.307629960312 -NAN 0 0
 646.475145526375 -NAN 0 0
 648.643106692608 -NAN 0 0
 650.811519416249 -NAN 0 0
 652.980389654536 -NAN 0 0
 655.149723364707 -NAN 0 0
 657.319526504 -NAN 0 0
 659.489805029653 -NAN 0 0
 661.660564898904 -NAN 0 0
 663.831812068991 -NAN 0 0
 666.003552497152 -NAN 0 0
 668.175792140625 -NAN 0 0
 670.348536956648 -NAN 0 0
 672.521792902459 -NAN 0 0
 674.695565935296 -NAN 0 0
 676.869862012397 -NAN 0 0
 679.044687091 -NAN 0 0
 681.220047128343 -NAN 0 0
 683.395948081664 -NAN 0 0
 685.572395908201 -NAN 0 0
 687.749396565192 -NAN 0 0
 689.926956009875 -NAN 0 0
 692.105080199488 -NAN 0 0
 694.283775091269 -NAN 0 0
 696.463046642456 -NAN 0 0
 698.642900810287 -NAN 0 0
 700.823343552 -NAN 0 0
 703.004380824833 -NAN 0 0
 705.186018586024 -NAN 0 0
 707.368262792811 -NAN 0 0
 709.551119402432 -NAN 0 0
 711.734594372125 -NAN 0 0
 713.918693659128 -NAN 0 0
 716.103423220679 -NAN 0 0
 718.288789014016 -NAN 0 0
 720.474796996377 -NAN 0 0
 722.661453125 -NAN 0 0
 724.848763357123 -NAN 0 0
 727.036733649984 -NAN 0 0
 729.225369960821 -NAN 0 0
 731.414678246872 -NAN 0 0
 733.604664465375 -NAN 0 0
 735.795334573568 -NAN 0 0
[END] of [DATA]
[END] of Spectrum


[Spectrum]
Version            = 1
IDData             = 12ad_2026-06-05_14-45-20_000_459
IDDevice           = SAM_82E6
IDDataType         = SPECTRUM
IDDataTypeSub1     = CALIBRATED
IDDataTypeSub2     = 
IDDataTypeSub3     = 
DateTime           = 2026-06-05 14:45:20
PositionLatitude   = 0
PositionLongitude  = 0
Comment            = 20260605_FrameB
CommentSub1        = UV
CommentSub2        = right
CommentSub3        = 50cm
IDMethodType       = SAM Control
MethodName         = SAM_82E6
Mission            = No Mission
MissionSub         = 1
RecordType         = 0
[Attributes]
CalFactor = 1
IDBasisSpec = 
IDDataBack = DLAB_2024-11-11_10-40-48_641_639
IDDataCal = DLAB_2024-11-12_11-45-27_171_455
IntegrationTime = 256
P31 = -1
P31e = 0
PathLength = +INF
PathLengthCustomOn = 0
RAWDynamic = 65535
Salinity = 0
Temperature = -NAN
Unit1 = $01 $01 Wavelength nm
Unit2 = $03 $06 Intensity mW/(m^2 nm)
Unit3 = $f0 $06 Error mW/(m^2 nm)
Unit4 = $f1 $00 Status 
p999 = 6850
[END] of [Attributes]
[DATA]
 0 7 0 0
 185.260577530984 -NAN 0 0
 187.468128380571 -NAN 0 0
 189.674861895872 -NAN 0 0
 191.880784034125 -NAN 0 0
 194.085900752568 -NAN 0 0
 196.290218008439 -NAN 0 0
 198.493741758976 -NAN 0 0
 200.696477961417 -NAN 0 0
 202.898432573 -NAN 0 0
 205.099611550963 -NAN 0 0
 207.300020852544 -NAN 0 0
 209.499666434981 -NAN 0 0
 211.698554255512 -NAN 0 0
 213.896690271375 -NAN 0 0
 216.094080439808 -NAN 0 0
 218.290730718049 -NAN 0 0
 220.486647063336 -NAN 0 0
 222.681835432907 -NAN 0 0
 224.876301784 -NAN 0 0
 227.070052073853 -NAN 0 0
 229.263092259704 -NAN 0 0
 231.455428298791 -NAN 0 0
 233.647066148352 -NAN 0 0
 235.838011765625 -NAN 0 0
 238.028271107848 -NAN 0 0
 240.217850132259 -NAN 0 0
 242.406754796096 -NAN 0 0
 244.594991056597 -NAN 0 0
 246.782564871 -NAN 0 0
 248.969482196543 -NAN 0 0
 251.155748990464 -NAN 0 0
 253.341371210001 -NAN 0 0
 255.526354812392 -NAN 0 0
 257.710705754875 -NAN 0 0
 259.894429994688 -NAN 0 0
 262.077533489069 -NAN 0 0
 264.260022195256 -NAN 0 0
 266.441902070487 -NAN 0 0
 268.623179072 -NAN 0 0
 270.803859157033 -NAN 0 0
 272.983948282824 -NAN 0 0
 275.163452406611 -NAN 0 0
 277.342377485632 -NAN 0 0
 279.520729477125 8.03909168899239 0 0
 281.698514338328 22.7041500764179 0 0
 283.875738026479 27.1890295477912 0 0
 286.052406498816 37.2004631236459 0 0
 288.228525712577 62.9875275430361 0 0
 290.404101625 80.0284051637436 0 0
 292.579140193323 104.008662396186 0 0
 294.753647374784 145.446603193684 0 0
 296.927629126621 166.260521449947 0 0
 299.101091406072 192.216300434035 0 0
 301.274040170375 230.580311287535 0 0
 303.446481376768 240.23781576074 0 0
 305.618420982489 255.66469226847 0 0
 307.789864944776 272.610939482335 0 0
 309.960819220867 280.423691064805 0 0
 312.131289768 293.037764682657 0 0
 314.301282543413 287.647547886793 0 0
 316.470803504344 254.222804613671 0 0
 318.639858608031 232.926875221479 0 0
 320.808453811712 219.889540197367 0 0
 322.976595072625 198.124338982039 0 0
 325.144288348008 181.232808572494 0 0
 327.311539595099 171.019077151997 0 0
 329.478354771136 146.12802128036 0 0
 331.644739833357 132.790467584501 0 0
 333.810700739 126.695014095992 0 0
 335.976243445303 103.427002854208 0 0
 338.141373909504 91.6674206444476 0 0
 340.306098088841 85.9133199970089 0 0
 342.470421940552 67.2995320047838 0 0
 344.634351421875 60.9990469454484 0 0
 346.797892490048 57.7463241685177 0 0
 348.961051102309 42.6156430099957 0 0
 351.123833215896 39.4826522722748 0 0
 353.286244788047 37.9222534377631 0 0
 355.448291776 26.3602513097008 0 0
 357.609980136993 26.0305387910889 0 0
 359.771315828264 28.4717456864757 0 0
 361.932304807051 32.1505031957119 0 0
 364.092953030592 50.6360543631973 0 0
 366.253266456125 51.3331571043283 0 0
 368.413251040888 23.85574404944 0 0
 370.572912742119 15.3276431155131 0 0
 372.732257517056 13.133351825053 0 0
 374.891291322937 3.08062812718519 0 0
 377.050020117 8.08661249213818 0 0
 379.208449856483 9.05235290340279 0 0
 381.366586498624 -0.209546848376814 0 0
 383.524436000661 6.03931812041196 0 0
 385.682004319832 6.92511958372395 0 0
 387.839297413375 -1.83446451872125 0 0
 389.996321238528 5.33809883576527 0 0
 392.153081752529 5.55425099847445 0 0
 394.309584912616 -2.52214875390334 0 0
 396.465836676027 5.12302606503483 0 0
 398.621843 6.85415371745858 0 0
 400.777609841773 9.64401428616124 0 0
 402.933143158584 35.8506846588778 0 0
 405.088448907671 40.8369468941396 0 0
 407.243533046272 22.8291071053775 0 0
 409.398401531625 14.740760373738 0 0
 411.553060320968 7.61763185237926 0 0
 413.707515371539 1.54267792184643 0 0
 415.861772640576 9.18239714541288 0 0
 418.015838085317 9.89227348433084 0 0
 420.169717663 8.65368926203145 0 0
 422.323417330863 18.9560247666263 0 0
 424.476943046144 23.1303126755071 0 0
 426.630300766081 27.8207333462199 0 0
 428.783496447912 46.6307562692113 0 0
 430.936536048875 71.8741026618064 0 0
 433.089425526208 136.882243037127 0 0
 435.242170837149 207.871690388162 0 0
 437.394777938936 225.765632758037 0 0
 439.547252788807 211.272679192807 0 0
 441.699601344 245.528883364327 0 0
 443.851829561753 300.151353139993 0 0
 446.003943399304 357.850751345048 0 0
 448.155948813891 401.601659798891 0 0
 450.307851762752 398.170140552563 0 0
 452.459658203125 358.411367773136 0 0
 454.611374092248 307.842435496256 0 0
 456.763005387359 249.462962396199 0 0
 458.914558045696 206.754050975841 0 0
 461.066038024497 185.903790042078 0 0
 463.217451281 160.815900622581 0 0
 465.368803772443 139.610096769668 0 0
 467.520101456064 126.032824933808 0 0
 469.671350289101 101.502413804509 0 0
 471.822556228792 84.5174664087752 0 0
 473.973725232375 80.1878410283884 0 0
 476.124863257088 68.0331728171277 0 0
 478.275976260169 63.9877208267273 0 0
 480.427070198856 69.0362172071355 0 0
 482.578151030387 62.5762151999204 0 0
 484.729224712 62.8569212523098 0 0
 486.880297200933 70.5020641276337 0 0
 489.031374454424 66.7051742593856 0 0
 491.182462429711 70.7466298641686 0 0
 493.333567084032 80.8057609125215 0 0
 495.484694374625 78.7829876875803 0 0
 497.635850258728 84.1307081611718 0 0
 499.787040693579 94.2334748866191 0 0
 501.938271636416 92.0452030765916 0 0
 504.089549044477 -NAN 0 0
 506.240878875 -NAN 0 0
 508.392267085223 -NAN 0 0
 510.543719632384 -NAN 0 0
 512.695242473721 -NAN 0 0
 514.846841566472 -NAN 0 0
 516.998522867875 -NAN 0 0
 519.150292335168 -NAN 0 0
 521.302155925589 -NAN 0 0
 523.454119596376 -NAN 0 0
 525.606189304767 -NAN 0 0
 527.758371008 -NAN 0 0
 529.910670663313 -NAN 0 0
 532.063094227944 -NAN 0 0
 534.215647659131 -NAN 0 0
 536.368336914112 -NAN 0 0
 538.521167950125 -NAN 0 0
 540.674146724408 -NAN 0 0
 542.827279194199 -NAN 0 0
 544.980571316736 -NAN 0 0
 547.134029049257 -NAN 0 0
 549.287658349 -NAN 0 0
 551.441465173203 -NAN 0 0
 553.595455479104 -NAN 0 0
 555.749635223941 -NAN 0 0
 557.904010364952 -NAN 0 0
 560.058586859375 -NAN 0 0
 562.213370664448 -NAN 0 0
 564.368367737409 -NAN 0 0
 566.523584035496 -NAN 0 0
 568.679025515947 -NAN 0 0
 570.834698136 -NAN 0 0
 572.990607852893 -NAN 0 0
 575.146760623864 -NAN 0 0
 577.303162406151 -NAN 0 0
 579.459819156992 -NAN 0 0
 581.616736833625 -NAN 0 0
 583.773921393288 -NAN 0 0
 585.931378793219 -NAN 0 0
 588.089114990656 -NAN 0 0
 590.247135942837 -NAN 0 0
 592.405447607 -NAN 0 0
 594.564055940383 -NAN 0 0
 596.722966900224 -NAN 0 0
 598.882186443761 -NAN 0 0
 601.041720528232 -NAN 0 0
 603.201575110875 -NAN 0 0
 605.361756148928 -NAN 0 0
 607.522269599629 -NAN 0 0
 609.683121420216 -NAN 0 0
 611.844317567927 -NAN 0 0
 614.005864 -NAN 0 0
 616.167766673673 -NAN 0 0
 618.330031546184 -NAN 0 0
 620.492664574771 -NAN 0 0
 622.655671716672 -NAN 0 0
 624.819058929125 -NAN 0 0
 626.982832169368 -NAN 0 0
 629.146997394639 -NAN 0 0
 631.311560562176 -NAN 0 0
 633.476527629217 -NAN 0 0
 635.641904553 -NAN 0 0
 637.807697290763 -NAN 0 0
 639.973911799744 -NAN 0 0
 642.140554037181 -NAN 0 0
 644.307629960312 -NAN 0 0
 646.475145526375 -NAN 0 0
 648.643106692608 -NAN 0 0
 650.811519416249 -NAN 0 0
 652.980389654536 -NAN 0 0
 655.149723364707 -NAN 0 0
 657.319526504 -NAN 0 0
 659.489805029653 -NAN 0 0
 661.660564898904 -NAN 0 0
 663.831812068991 -NAN 0 0
 666.003552497152 -NAN 0 0
 668.175792140625 -NAN 0 0
 670.348536956648 -NAN 0 0
 672.521792902459 -NAN 0 0
 674.695565935296 -NAN 0 0
 676.869862012397 -NAN 0 0
 679.044687091 -NAN 0 0
 681.220047128343 -NAN 0 0
 683.395948081664 -NAN 0 0
 685.572395908201 -NAN 0 0
 687.749396565192 -NAN 0 0
 689.926956009875 -NAN 0 0
 692.105080199488 -NAN 0 0
 694.283775091269 -NAN 0 0
 696.463046642456 -NAN 0 0
 698.642900810287 -NAN 0 0
 700.823343552 -NAN 0 0
 703.004380824833 -NAN 0 0
 705.186018586024 -NAN 0 0
 707.368262792811 -NAN 0 0
 709.551119402432 -NAN 0 0
 711.734594372125 -NAN 0 0
 713.918693659128 -NAN 0 0
 716.103423220679 -NAN 0 0
 718.288789014016 -NAN 0 0
 720.474796996377 -NAN 0 0
 722.661453125 -NAN 0 0
 724.848763357123 -NAN 0 0
 727.036733649984 -NAN 0 0
 729.225369960821 -NAN 0 0
 731.414678246872 -NAN 0 0
 733.604664465375 -NAN 0 0
 735.795334573568 -NAN 0 0
[END] of [DATA]
[END] of Spectrum


