[Spectrum]
Version            = 1
IDData             = 12ad_2026-06-09_14-07-50_000_440
IDDevice           = SAM_82E6
IDDataType         = SPECTRUM
IDDataTypeSub1     = CALIBRATED
IDDataTypeSub2     = 
IDDataTypeSub3     = 
DateTime           = 2026-06-09 14:07:50
PositionLatitude   = 0
PositionLongitude  = 0
Comment            = 20260609_FrameE
CommentSub1        = UV
CommentSub2        = right
CommentSub3        = 33.5cm
IDMethodType       = SAM Control
MethodName         = SAM_82E6
Mission            = No Mission
MissionSub         = 1
RecordType         = 0
[Attributes]
CalFactor = 1
IDBasisSpec = 
IDDataBack = DLAB_2024-11-11_10-40-48_641_639
IDDataCal = DLAB_2024-11-12_11-45-27_171_455
IntegrationTime = 128
P31 = -1
P31e = 0
PathLength = +INF
PathLengthCustomOn = 0
RAWDynamic = 65535
Salinity = 0
Temperature = -NAN
Unit1 = $01 $01 Wavelength nm
Unit2 = $03 $06 Intensity mW/(m^2 nm)
Unit3 = $f0 $06 Error mW/(m^2 nm)
Unit4 = $f1 $00 Status 
p999 = 7892
[END] of [Attributes]
[DATA]
 0 6 0 0
 185.260577530984 -NAN 0 0
 187.468128380571 -NAN 0 0
 189.674861895872 -NAN 0 0
 191.880784034125 -NAN 0 0
 194.085900752568 -NAN 0 0
 196.290218008439 -NAN 0 0
 198.493741758976 -NAN 0 0
 200.696477961417 -NAN 0 0
 202.898432573 -NAN 0 0
 205.099611550963 -NAN 0 0
 207.300020852544 -NAN 0 0
 209.499666434981 -NAN 0 0
 211.698554255512 -NAN 0 0
 213.896690271375 -NAN 0 0
 216.094080439808 -NAN 0 0
 218.290730718049 -NAN 0 0
 220.486647063336 -NAN 0 0
 222.681835432907 -NAN 0 0
 224.876301784 -NAN 0 0
 227.070052073853 -NAN 0 0
 229.263092259704 -NAN 0 0
 231.455428298791 -NAN 0 0
 233.647066148352 -NAN 0 0
 235.838011765625 -NAN 0 0
 238.028271107848 -NAN 0 0
 240.217850132259 -NAN 0 0
 242.406754796096 -NAN 0 0
 244.594991056597 -NAN 0 0
 246.782564871 -NAN 0 0
 248.969482196543 -NAN 0 0
 251.155748990464 -NAN 0 0
 253.341371210001 -NAN 0 0
 255.526354812392 -NAN 0 0
 257.710705754875 -NAN 0 0
 259.894429994688 -NAN 0 0
 262.077533489069 -NAN 0 0
 264.260022195256 -NAN 0 0
 266.441902070487 -NAN 0 0
 268.623179072 -NAN 0 0
 270.803859157033 -NAN 0 0
 272.983948282824 -NAN 0 0
 275.163452406611 -NAN 0 0
 277.342377485632 -NAN 0 0
 279.520729477125 6.38890585448603 0 0
 281.698514338328 14.3848655391556 0 0
 283.875738026479 9.58764517519971 0 0
 286.052406498816 23.7000250348163 0 0
 288.228525712577 34.9073177923842 0 0
 290.404101625 37.4014593142201 0 0
 292.579140193323 60.473636794651 0 0
 294.753647374784 77.4109359923762 0 0
 296.927629126621 83.8255162655864 0 0
 299.101091406072 107.308223718734 0 0
 301.274040170375 121.522959680712 0 0
 303.446481376768 124.221416705693 0 0
 305.618420982489 141.289651734849 0 0
 307.789864944776 143.312870930961 0 0
 309.960819220867 146.314002023585 0 0
 312.131289768 161.360723752363 0 0
 314.301282543413 149.738774873094 0 0
 316.470803504344 133.664084329302 0 0
 318.639858608031 131.782279753999 0 0
 320.808453811712 113.42380951377 0 0
 322.976595072625 105.594353606725 0 0
 325.144288348008 105.802074132736 0 0
 327.311539595099 86.002602409627 0 0
 329.478354771136 79.7292749785785 0 0
 331.644739833357 79.52396994971 0 0
 333.810700739 61.5007200606385 0 0
 335.976243445303 58.2962456080995 0 0
 338.141373909504 56.1059208634799 0 0
 340.306098088841 39.3923644669655 0 0
 342.470421940552 40.2800612006953 0 0
 344.634351421875 37.9096344084529 0 0
 346.797892490048 24.6491151070321 0 0
 348.961051102309 27.6738115264879 0 0
 351.123833215896 24.9292165582699 0 0
 353.286244788047 14.7745230299046 0 0
 355.448291776 19.8439287514101 0 0
 357.609980136993 16.5226551238372 0 0
 359.771315828264 9.863532254171 0 0
 361.932304807051 23.15269424966 0 0
 364.092953030592 26.9136194620963 0 0
 366.253266456125 20.9474675205916 0 0
 368.413251040888 20.2236039347587 0 0
 370.572912742119 8.16383692046237 0 0
 372.732257517056 1.95124143449754 0 0
 374.891291322937 11.0083919335703 0 0
 377.050020117 2.67386443992875 0 0
 379.208449856483 0.377342895313275 0 0
 381.366586498624 9.83674358773374 0 0
 383.524436000661 -0.146641064245781 0 0
 385.682004319832 0.414493283862534 0 0
 387.839297413375 8.78592523890185 0 0
 389.996321238528 -2.01122359484446 0 0
 392.153081752529 1.12125983939489 0 0
 394.309584912616 7.3320932181474 0 0
 396.465836676027 -2.64859208240435 0 0
 398.621843 3.65743379033645 0 0
 400.777609841773 13.884779383576 0 0
 402.933143158584 15.9719116515099 0 0
 405.088448907671 26.4250098409694 0 0
 407.243533046272 21.6528112465769 0 0
 409.398401531625 5.41254042350469 0 0
 411.553060320968 10.3381209545083 0 0
 413.707515371539 11.2985127100651 0 0
 415.861772640576 8.26220541369016 0 0
 418.015838085317 20.8675522710154 0 0
 420.169717663 25.8593867295577 0 0
 422.323417330863 31.4728259585526 0 0
 424.476943046144 51.7270980875616 0 0
 426.630300766081 66.5502097828979 0 0
 428.783496447912 89.0163003960744 0 0
 430.936536048875 133.841136743236 0 0
 433.089425526208 198.874415113185 0 0
 435.242170837149 273.12428320252 0 0
 437.394777938936 336.910861231849 0 0
 439.547252788807 384.828160493259 0 0
 441.699601344 477.537376377959 0 0
 443.851829561753 600.790254237011 0 0
 446.003943399304 705.386233192783 0 0
 448.155948813891 772.06049936934 0 0
 450.307851762752 771.152610619862 0 0
 452.459658203125 691.400982094605 0 0
 454.611374092248 587.600727922463 0 0
 456.763005387359 487.52361290989 0 0
 458.914558045696 399.747176525118 0 0
 461.066038024497 348.223633625141 0 0
 463.217451281 306.996610834741 0 0
 465.368803772443 260.033302496075 0 0
 467.520101456064 227.641832079394 0 0
 469.671350289101 191.002927463376 0 0
 471.822556228792 154.02689334301 0 0
 473.973725232375 139.921500973705 0 0
 476.124863257088 124.193158532305 0 0
 478.275976260169 110.195415720834 0 0
 480.427070198856 113.874026347377 0 0
 482.578151030387 107.815819957347 0 0
 484.729224712 102.62598912246 0 0
 486.880297200933 112.050800199227 0 0
 489.031374454424 109.584551199588 0 0
 491.182462429711 111.802434039608 0 0
 493.333567084032 125.782188991076 0 0
 495.484694374625 125.674905713872 0 0
 497.635850258728 131.968252266667 0 0
 499.787040693579 146.217495611938 0 0
 501.938271636416 145.173582939457 0 0
 504.089549044477 -NAN 0 0
 506.240878875 -NAN 0 0
 508.392267085223 -NAN 0 0
 510.543719632384 -NAN 0 0
 512.695242473721 -NAN 0 0
 514.846841566472 -NAN 0 0
 516.998522867875 -NAN 0 0
 519.150292335168 -NAN 0 0
 521.302155925589 -NAN 0 0
 523.454119596376 -NAN 0 0
 525.606189304767 -NAN 0 0
 527.758371008 -NAN 0 0
 529.910670663313 -NAN 0 0
 532.063094227944 -NAN 0 0
 534.215647659131 -NAN 0 0
 536.368336914112 -NAN 0 0
 538.521167950125 -NAN 0 0
 540.674146724408 -NAN 0 0
 542.827279194199 -NAN 0 0
 544.980571316736 -NAN 0 0
 547.134029049257 -NAN 0 0
 549.287658349 -NAN 0 0
 551.441465173203 -NAN 0 0
 553.595455479104 -NAN 0 0
 555.749635223941 -NAN 0 0
 557.904010364952 -NAN 0 0
 560.058586859375 -NAN 0 0
 562.213370664448 -NAN 0 0
 564.368367737409 -NAN 0 0
 566.523584035496 -NAN 0 0
 568.679025515947 -NAN 0 0
 570.834698136 -NAN 0 0
 572.990607852893 -NAN 0 0
 575.146760623864 -NAN 0 0
 577.303162406151 -NAN 0 0
 579.459819156992 -NAN 0 0
 581.616736833625 -NAN 0 0
 583.773921393288 -NAN 0 0
 585.931378793219 -NAN 0 0
 588.089114990656 -NAN 0 0
 590.247135942837 -NAN 0 0
 592.405447607 -NAN 0 0
 594.564055940383 -NAN 0 0
 596.722966900224 -NAN 0 0
 598.882186443761 -NAN 0 0
 601.041720528232 -NAN 0 0
 603.201575110875 -NAN 0 0
 605.361756148928 -NAN 0 0
 607.522269599629 -NAN 0 0
 609.683121420216 -NAN 0 0
 611.844317567927 -NAN 0 0
 614.005864 -NAN 0 0
 616.167766673673 -NAN 0 0
 618.330031546184 -NAN 0 0
 620.492664574771 -NAN 0 0
 622.655671716672 -NAN 0 0
 624.819058929125 -NAN 0 0
 626.982832169368 -NAN 0 0
 629.146997394639 -NAN 0 0
 631.311560562176 -NAN 0 0
 633.476527629217 -NAN 0 0
 635.641904553 -NAN 0 0
 637.807697290763 -NAN 0 0
 639.973911799744 -NAN 0 0
 642.140554037181 -NAN 0 0
 644.307629960312 -NAN 0 0
 646.475145526375 -NAN 0 0
 648.643106692608 -NAN 0 0
 650.811519416249 -NAN 0 0
 652.980389654536 -NAN 0 0
 655.149723364707 -NAN 0 0
 657.319526504 -NAN 0 0
 659.489805029653 -NAN 0 0
 661.660564898904 -NAN 0 0
 663.831812068991 -NAN 0 0
 666.003552497152 -NAN 0 0
 668.175792140625 -NAN 0 0
 670.348536956648 -NAN 0 0
 672.521792902459 -NAN 0 0
 674.695565935296 -NAN 0 0
 676.869862012397 -NAN 0 0
 679.044687091 -NAN 0 0
 681.220047128343 -NAN 0 0
 683.395948081664 -NAN 0 0
 685.572395908201 -NAN 0 0
 687.749396565192 -NAN 0 0
 689.926956009875 -NAN 0 0
 692.105080199488 -NAN 0 0
 694.283775091269 -NAN 0 0
 696.463046642456 -NAN 0 0
 698.642900810287 -NAN 0 0
 700.823343552 -NAN 0 0
 703.004380824833 -NAN 0 0
 705.186018586024 -NAN 0 0
 707.368262792811 -NAN 0 0
 709.551119402432 -NAN 0 0
 711.734594372125 -NAN 0 0
 713.918693659128 -NAN 0 0
 716.103423220679 -NAN 0 0
 718.288789014016 -NAN 0 0
 720.474796996377 -NAN 0 0
 722.661453125 -NAN 0 0
 724.848763357123 -NAN 0 0
 727.036733649984 -NAN 0 0
 729.225369960821 -NAN 0 0
 731.414678246872 -NAN 0 0
 733.604664465375 -NAN 0 0
 735.795334573568 -NAN 0 0
[END] of [DATA]
[END] of Spectrum


[Spectrum]
Version            = 1
IDData             = 12ad_2026-06-09_14-07-45_000_437
IDDevice           = SAM_82E6
IDDataType         = SPECTRUM
IDDataTypeSub1     = CALIBRATED
IDDataTypeSub2     = 
IDDataTypeSub3     = 
DateTime           = 2026-06-09 14:07:45
PositionLatitude   = 0
PositionLongitude  = 0
Comment            = 20260609_FrameE
CommentSub1        = UV
CommentSub2        = right
CommentSub3        = 33.5cm
IDMethodType       = SAM Control
MethodName         = SAM_82E6
Mission            = No Mission
MissionSub         = 1
RecordType         = 0
[Attributes]
CalFactor = 1
IDBasisSpec = 
IDDataBack = DLAB_2024-11-11_10-40-48_641_639
IDDataCal = DLAB_2024-11-12_11-45-27_171_455
IntegrationTime = 128
P31 = -1
P31e = 0
PathLength = +INF
PathLengthCustomOn = 0
RAWDynamic = 65535
Salinity = 0
Temperature = -NAN
Unit1 = $01 $01 Wavelength nm
Unit2 = $03 $06 Intensity mW/(m^2 nm)
Unit3 = $f0 $06 Error mW/(m^2 nm)
Unit4 = $f1 $00 Status 
p999 = 7891
[END] of [Attributes]
[DATA]
 0 6 0 0
 185.260577530984 -NAN 0 0
 187.468128380571 -NAN 0 0
 189.674861895872 -NAN 0 0
 191.880784034125 -NAN 0 0
 194.085900752568 -NAN 0 0
 196.290218008439 -NAN 0 0
 198.493741758976 -NAN 0 0
 200.696477961417 -NAN 0 0
 202.898432573 -NAN 0 0
 205.099611550963 -NAN 0 0
 207.300020852544 -NAN 0 0
 209.499666434981 -NAN 0 0
 211.698554255512 -NAN 0 0
 213.896690271375 -NAN 0 0
 216.094080439808 -NAN 0 0
 218.290730718049 -NAN 0 0
 220.486647063336 -NAN 0 0
 222.681835432907 -NAN 0 0
 224.876301784 -NAN 0 0
 227.070052073853 -NAN 0 0
 229.263092259704 -NAN 0 0
 231.455428298791 -NAN 0 0
 233.647066148352 -NAN 0 0
 235.838011765625 -NAN 0 0
 238.028271107848 -NAN 0 0
 240.217850132259 -NAN 0 0
 242.406754796096 -NAN 0 0
 244.594991056597 -NAN 0 0
 246.782564871 -NAN 0 0
 248.969482196543 -NAN 0 0
 251.155748990464 -NAN 0 0
 253.341371210001 -NAN 0 0
 255.526354812392 -NAN 0 0
 257.710705754875 -NAN 0 0
 259.894429994688 -NAN 0 0
 262.077533489069 -NAN 0 0
 264.260022195256 -NAN 0 0
 266.441902070487 -NAN 0 0
 268.623179072 -NAN 0 0
 270.803859157033 -NAN 0 0
 272.983948282824 -NAN 0 0
 275.163452406611 -NAN 0 0
 277.342377485632 -NAN 0 0
 279.520729477125 4.03774209868329 0 0
 281.698514338328 6.88015507773556 0 0
 283.875738026479 21.1304954497114 0 0
 286.052406498816 18.0319130378071 0 0
 288.228525712577 28.7724940914122 0 0
 290.404101625 48.5544927278669 0 0
 292.579140193323 51.7991805301978 0 0
 294.753647374784 73.151404682631 0 0
 296.927629126621 92.238197571135 0 0
 299.101091406072 97.3573289611202 0 0
 301.274040170375 118.998034915385 0 0
 303.446481376768 129.649590904232 0 0
 305.618420982489 130.606366170078 0 0
 307.789864944776 142.680080914659 0 0
 309.960819220867 150.031616804202 0 0
 312.131289768 149.473567842605 0 0
 314.301282543413 151.457397253393 0 0
 316.470803504344 136.679385896833 0 0
 318.639858608031 118.956485421272 0 0
 320.808453811712 118.721600907599 0 0
 322.976595072625 107.495565799159 0 0
 325.144288348008 92.6038004115672 0 0
 327.311539595099 94.7135319458602 0 0
 329.478354771136 79.4645109619256 0 0
 331.644739833357 67.82831142047 0 0
 333.810700739 71.9214406318757 0 0
 335.976243445303 55.6563948738085 0 0
 338.141373909504 47.286254422719 0 0
 340.306098088841 50.3890948803508 0 0
 342.470421940552 35.3329629849468 0 0
 344.634351421875 31.7325591627345 0 0
 346.797892490048 34.5883607835303 0 0
 348.961051102309 21.4724496274152 0 0
 351.123833215896 21.1635081385407 0 0
 353.286244788047 23.1576719963369 0 0
 355.448291776 12.3723269502351 0 0
 357.609980136993 15.0406347561744 0 0
 359.771315828264 17.3970453820176 0 0
 361.932304807051 14.1421060541916 0 0
 364.092953030592 27.4645801589248 0 0
 366.253266456125 27.5503271674015 0 0
 368.413251040888 9.57718205535669 0 0
 370.572912742119 11.399275132113 0 0
 372.732257517056 7.89458316950549 0 0
 374.891291322937 -0.822921090168333 0 0
 377.050020117 8.71027204626465 0 0
 379.208449856483 4.86395852374608 0 0
 381.366586498624 -2.37104512889488 0 0
 383.524436000661 8.40064806686343 0 0
 385.682004319832 2.4399283969704 0 0
 387.839297413375 -2.30532051571572 0 0
 389.996321238528 8.45903048699586 0 0
 392.153081752529 0.599512721163507 0 0
 394.309584912616 -1.57518215641138 0 0
 396.465836676027 8.10769103147263 0 0
 398.621843 0.603026812621934 0 0
 400.777609841773 6.86466693058935 0 0
 402.933143158584 26.1712746887366 0 0
 405.088448907671 20.877331992605 0 0
 407.243533046272 16.9506911980647 0 0
 409.398401531625 14.5929404831219 0 0
 411.553060320968 3.90787183384486 0 0
 413.707515371539 9.14327315095612 0 0
 415.861772640576 15.9800450266602 0 0
 418.015838085317 13.6150987582698 0 0
 420.169717663 25.6569377581711 0 0
 422.323417330863 37.2097892044898 0 0
 424.476943046144 44.2354068936798 0 0
 426.630300766081 68.0901396274426 0 0
 428.783496447912 93.0996398011872 0 0
 430.936536048875 126.560106068373 0 0
 433.089425526208 201.251425873145 0 0
 435.242170837149 274.938501469267 0 0
 437.394777938936 329.330270278148 0 0
 439.547252788807 388.920730934438 0 0
 441.699601344 478.914964030092 0 0
 443.851829561753 594.072174213525 0 0
 446.003943399304 711.440189216467 0 0
 448.155948813891 772.346537429551 0 0
 450.307851762752 764.726288611036 0 0
 452.459658203125 698.772555443756 0 0
 454.611374092248 585.890911664753 0 0
 456.763005387359 482.025355828767 0 0
 458.914558045696 408.138621499377 0 0
 461.066038024497 344.557676146447 0 0
 463.217451281 302.642613117722 0 0
 465.368803772443 268.908310834816 0 0
 467.520101456064 221.706232888374 0 0
 469.671350289101 188.316164964217 0 0
 471.822556228792 162.37144020481 0 0
 473.973725232375 132.21384899011 0 0
 476.124863257088 123.378312095276 0 0
 478.275976260169 117.63854110814 0 0
 480.427070198856 104.713681774738 0 0
 482.578151030387 109.123944697991 0 0
 484.729224712 108.763844760257 0 0
 486.880297200933 102.32789245209 0 0
 489.031374454424 112.970433966042 0 0
 491.182462429711 116.30785241263 0 0
 493.333567084032 116.125151314261 0 0
 495.484694374625 131.474701423044 0 0
 497.635850258728 134.853707526384 0 0
 499.787040693579 137.178760428742 0 0
 501.938271636416 152.188431758214 0 0
 504.089549044477 -NAN 0 0
 506.240878875 -NAN 0 0
 508.392267085223 -NAN 0 0
 510.543719632384 -NAN 0 0
 512.695242473721 -NAN 0 0
 514.846841566472 -NAN 0 0
 516.998522867875 -NAN 0 0
 519.150292335168 -NAN 0 0
 521.302155925589 -NAN 0 0
 523.454119596376 -NAN 0 0
 525.606189304767 -NAN 0 0
 527.758371008 -NAN 0 0
 529.910670663313 -NAN 0 0
 532.063094227944 -NAN 0 0
 534.215647659131 -NAN 0 0
 536.368336914112 -NAN 0 0
 538.521167950125 -NAN 0 0
 540.674146724408 -NAN 0 0
 542.827279194199 -NAN 0 0
 544.980571316736 -NAN 0 0
 547.134029049257 -NAN 0 0
 549.287658349 -NAN 0 0
 551.441465173203 -NAN 0 0
 553.595455479104 -NAN 0 0
 555.749635223941 -NAN 0 0
 557.904010364952 -NAN 0 0
 560.058586859375 -NAN 0 0
 562.213370664448 -NAN 0 0
 564.368367737409 -NAN 0 0
 566.523584035496 -NAN 0 0
 568.679025515947 -NAN 0 0
 570.834698136 -NAN 0 0
 572.990607852893 -NAN 0 0
 575.146760623864 -NAN 0 0
 577.303162406151 -NAN 0 0
 579.459819156992 -NAN 0 0
 581.616736833625 -NAN 0 0
 583.773921393288 -NAN 0 0
 585.931378793219 -NAN 0 0
 588.089114990656 -NAN 0 0
 590.247135942837 -NAN 0 0
 592.405447607 -NAN 0 0
 594.564055940383 -NAN 0 0
 596.722966900224 -NAN 0 0
 598.882186443761 -NAN 0 0
 601.041720528232 -NAN 0 0
 603.201575110875 -NAN 0 0
 605.361756148928 -NAN 0 0
 607.522269599629 -NAN 0 0
 609.683121420216 -NAN 0 0
 611.844317567927 -NAN 0 0
 614.005864 -NAN 0 0
 616.167766673673 -NAN 0 0
 618.330031546184 -NAN 0 0
 620.492664574771 -NAN 0 0
 622.655671716672 -NAN 0 0
 624.819058929125 -NAN 0 0
 626.982832169368 -NAN 0 0
 629.146997394639 -NAN 0 0
 631.311560562176 -NAN 0 0
 633.476527629217 -NAN 0 0
 635.641904553 -NAN 0 0
 637.807697290763 -NAN 0 0
 639.973911799744 -NAN 0 0
 642.140554037181 -NAN 0 0
 644.307629960312 -NAN 0 0
 646.475145526375 -NAN 0 0
 648.643106692608 -NAN 0 0
 650.811519416249 -NAN 0 0
 652.980389654536 -NAN 0 0
 655.149723364707 -NAN 0 0
 657.319526504 -NAN 0 0
 659.489805029653 -NAN 0 0
 661.660564898904 -NAN 0 0
 663.831812068991 -NAN 0 0
 666.003552497152 -NAN 0 0
 668.175792140625 -NAN 0 0
 670.348536956648 -NAN 0 0
 672.521792902459 -NAN 0 0
 674.695565935296 -NAN 0 0
 676.869862012397 -NAN 0 0
 679.044687091 -NAN 0 0
 681.220047128343 -NAN 0 0
 683.395948081664 -NAN 0 0
 685.572395908201 -NAN 0 0
 687.749396565192 -NAN 0 0
 689.926956009875 -NAN 0 0
 692.105080199488 -NAN 0 0
 694.283775091269 -NAN 0 0
 696.463046642456 -NAN 0 0
 698.642900810287 -NAN 0 0
 700.823343552 -NAN 0 0
 703.004380824833 -NAN 0 0
 705.186018586024 -NAN 0 0
 707.368262792811 -NAN 0 0
 709.551119402432 -NAN 0 0
 711.734594372125 -NAN 0 0
 713.918693659128 -NAN 0 0
 716.103423220679 -NAN 0 0
 718.288789014016 -NAN 0 0
 720.474796996377 -NAN 0 0
 722.661453125 -NAN 0 0
 724.848763357123 -NAN 0 0
 727.036733649984 -NAN 0 0
 729.225369960821 -NAN 0 0
 731.414678246872 -NAN 0 0
 733.604664465375 -NAN 0 0
 735.795334573568 -NAN 0 0
[END] of [DATA]
[END] of Spectrum


[Spectrum]
Version            = 1
IDData             = 12ad_2026-06-09_14-07-40_000_434
IDDevice           = SAM_82E6
IDDataType         = SPECTRUM
IDDataTypeSub1     = CALIBRATED
IDDataTypeSub2     = 
IDDataTypeSub3     = 
DateTime           = 2026-06-09 14:07:40
PositionLatitude   = 0
PositionLongitude  = 0
Comment            = 20260609_FrameE
CommentSub1        = UV
CommentSub2        = right
CommentSub3        = 33.5cm
IDMethodType       = SAM Control
MethodName         = SAM_82E6
Mission            = No Mission
MissionSub         = 1
RecordType         = 0
[Attributes]
CalFactor = 1
IDBasisSpec = 
IDDataBack = DLAB_2024-11-11_10-40-48_641_639
IDDataCal = DLAB_2024-11-12_11-45-27_171_455
IntegrationTime = 128
P31 = -1
P31e = 0
PathLength = +INF
PathLengthCustomOn = 0
RAWDynamic = 65535
Salinity = 0
Temperature = -NAN
Unit1 = $01 $01 Wavelength nm
Unit2 = $03 $06 Intensity mW/(m^2 nm)
Unit3 = $f0 $06 Error mW/(m^2 nm)
Unit4 = $f1 $00 Status 
p999 = 7890
[END] of [Attributes]
[DATA]
 0 6 0 0
 185.260577530984 -NAN 0 0
 187.468128380571 -NAN 0 0
 189.674861895872 -NAN 0 0
 191.880784034125 -NAN 0 0
 194.085900752568 -NAN 0 0
 196.290218008439 -NAN 0 0
 198.493741758976 -NAN 0 0
 200.696477961417 -NAN 0 0
 202.898432573 -NAN 0 0
 205.099611550963 -NAN 0 0
 207.300020852544 -NAN 0 0
 209.499666434981 -NAN 0 0
 211.698554255512 -NAN 0 0
 213.896690271375 -NAN 0 0
 216.094080439808 -NAN 0 0
 218.290730718049 -NAN 0 0
 220.486647063336 -NAN 0 0
 222.681835432907 -NAN 0 0
 224.876301784 -NAN 0 0
 227.070052073853 -NAN 0 0
 229.263092259704 -NAN 0 0
 231.455428298791 -NAN 0 0
 233.647066148352 -NAN 0 0
 235.838011765625 -NAN 0 0
 238.028271107848 -NAN 0 0
 240.217850132259 -NAN 0 0
 242.406754796096 -NAN 0 0
 244.594991056597 -NAN 0 0
 246.782564871 -NAN 0 0
 248.969482196543 -NAN 0 0
 251.155748990464 -NAN 0 0
 253.341371210001 -NAN 0 0
 255.526354812392 -NAN 0 0
 257.710705754875 -NAN 0 0
 259.894429994688 -NAN 0 0
 262.077533489069 -NAN 0 0
 264.260022195256 -NAN 0 0
 266.441902070487 -NAN 0 0
 268.623179072 -NAN 0 0
 270.803859157033 -NAN 0 0
 272.983948282824 -NAN 0 0
 275.163452406611 -NAN 0 0
 277.342377485632 -NAN 0 0
 279.520729477125 11.980391693233 0 0
 281.698514338328 7.73522139163255 0 0
 283.875738026479 11.9882869009974 0 0
 286.052406498816 28.2327723848837 0 0
 288.228525712577 26.7953673498565 0 0
 290.404101625 40.5016245342846 0 0
 292.579140193323 61.9057537209891 0 0
 294.753647374784 68.404600510974 0 0
 296.927629126621 86.3952818802001 0 0
 299.101091406072 105.151203417982 0 0
 301.274040170375 112.530235907143 0 0
 303.446481376768 125.64562981533 0 0
 305.618420982489 136.84598997185 0 0
 307.789864944776 134.759516690343 0 0
 309.960819220867 147.781595300352 0 0
 312.131289768 155.070568362781 0 0
 314.301282543413 141.522411044142 0 0
 316.470803504344 136.532774799547 0 0
 318.639858608031 124.591087144175 0 0
 320.808453811712 107.300734033465 0 0
 322.976595072625 110.440194742174 0 0
 325.144288348008 97.8097701160668 0 0
 327.311539595099 82.2408647472281 0 0
 329.478354771136 85.4707868003758 0 0
 331.644739833357 71.1948845211651 0 0
 333.810700739 60.2070112851753 0 0
 335.976243445303 63.8812161593912 0 0
 338.141373909504 48.1288977132376 0 0
 340.306098088841 40.5026243383737 0 0
 342.470421940552 44.4388711353742 0 0
 344.634351421875 30.5404037610771 0 0
 346.797892490048 27.0723196314676 0 0
 348.961051102309 30.0354640811143 0 0
 351.123833215896 18.5507960542221 0 0
 353.286244788047 18.0610489124263 0 0
 355.448291776 20.8012747927354 0 0
 357.609980136993 10.5174743277006 0 0
 359.771315828264 14.0734366491441 0 0
 361.932304807051 22.5092376712363 0 0
 364.092953030592 21.0495008979011 0 0
 366.253266456125 26.0228173658402 0 0
 368.413251040888 18.2693757328006 0 0
 370.572912742119 2.88364195082754 0 0
 372.732257517056 8.84165650129121 0 0
 374.891291322937 7.4858873742299 0 0
 377.050020117 -1.63549053315017 0 0
 379.208449856483 8.02110289609304 0 0
 381.366586498624 4.93836483202238 0 0
 383.524436000661 -2.56557789516495 0 0
 385.682004319832 8.33701686533081 0 0
 387.839297413375 2.88041779060777 0 0
 389.996321238528 -2.27810691595389 0 0
 392.153081752529 8.4007422389743 0 0
 394.309584912616 1.18209139033661 0 0
 396.465836676027 -1.35708629663929 0 0
 398.621843 9.59110364452381 0 0
 400.777609841773 6.96610612498227 0 0
 402.933143158584 18.1035379721629 0 0
 405.088448907671 29.8400993933283 0 0
 407.243533046272 14.8835641428825 0 0
 409.398401531625 8.49482651441462 0 0
 411.553060320968 12.4910963033136 0 0
 413.707515371539 5.65585795885465 0 0
 415.861772640576 12.3854627578318 0 0
 418.015838085317 21.2823713794971 0 0
 420.169717663 21.1671115048959 0 0
 422.323417330863 35.5013351002896 0 0
 424.476943046144 50.9832548149937 0 0
 426.630300766081 62.8125997902528 0 0
 428.783496447912 93.241258508879 0 0
 430.936536048875 131.78603369852 0 0
 433.089425526208 194.917048425623 0 0
 435.242170837149 275.446802269995 0 0
 437.394777938936 332.903155301666 0 0
 439.547252788807 382.621731211928 0 0
 441.699601344 481.790143986634 0 0
 443.851829561753 597.437073502637 0 0
 446.003943399304 704.99267471753 0 0
 448.155948813891 776.78977895381 0 0
 450.307851762752 767.069199722309 0 0
 452.459658203125 691.791884828124 0 0
 454.611374092248 592.212857427409 0 0
 456.763005387359 482.857123412773 0 0
 458.914558045696 401.569581201973 0 0
 461.066038024497 352.009819837156 0 0
 463.217451281 301.901020949317 0 0
 465.368803772443 263.005712520087 0 0
 467.520101456064 230.040919446389 0 0
 469.671350289101 185.47785260612 0 0
 471.822556228792 158.206818310199 0 0
 473.973725232375 140.881654192233 0 0
 476.124863257088 118.821371966459 0 0
 478.275976260169 115.004888201614 0 0
 480.427070198856 113.241356634676 0 0
 482.578151030387 102.701632618071 0 0
 484.729224712 108.106696341644 0 0
 486.880297200933 109.985856837376 0 0
 489.031374454424 105.605635430418 0 0
 491.182462429711 117.822316298058 0 0
 493.333567084032 122.584700841685 0 0
 495.484694374625 122.974237482884 0 0
 497.635850258728 137.901538215165 0 0
 499.787040693579 142.077550509988 0 0
 501.938271636416 143.884262766878 0 0
 504.089549044477 -NAN 0 0
 506.240878875 -NAN 0 0
 508.392267085223 -NAN 0 0
 510.543719632384 -NAN 0 0
 512.695242473721 -NAN 0 0
 514.846841566472 -NAN 0 0
 516.998522867875 -NAN 0 0
 519.150292335168 -NAN 0 0
 521.302155925589 -NAN 0 0
 523.454119596376 -NAN 0 0
 525.606189304767 -NAN 0 0
 527.758371008 -NAN 0 0
 529.910670663313 -NAN 0 0
 532.063094227944 -NAN 0 0
 534.215647659131 -NAN 0 0
 536.368336914112 -NAN 0 0
 538.521167950125 -NAN 0 0
 540.674146724408 -NAN 0 0
 542.827279194199 -NAN 0 0
 544.980571316736 -NAN 0 0
 547.134029049257 -NAN 0 0
 549.287658349 -NAN 0 0
 551.441465173203 -NAN 0 0
 553.595455479104 -NAN 0 0
 555.749635223941 -NAN 0 0
 557.904010364952 -NAN 0 0
 560.058586859375 -NAN 0 0
 562.213370664448 -NAN 0 0
 564.368367737409 -NAN 0 0
 566.523584035496 -NAN 0 0
 568.679025515947 -NAN 0 0
 570.834698136 -NAN 0 0
 572.990607852893 -NAN 0 0
 575.146760623864 -NAN 0 0
 577.303162406151 -NAN 0 0
 579.459819156992 -NAN 0 0
 581.616736833625 -NAN 0 0
 583.773921393288 -NAN 0 0
 585.931378793219 -NAN 0 0
 588.089114990656 -NAN 0 0
 590.247135942837 -NAN 0 0
 592.405447607 -NAN 0 0
 594.564055940383 -NAN 0 0
 596.722966900224 -NAN 0 0
 598.882186443761 -NAN 0 0
 601.041720528232 -NAN 0 0
 603.201575110875 -NAN 0 0
 605.361756148928 -NAN 0 0
 607.522269599629 -NAN 0 0
 609.683121420216 -NAN 0 0
 611.844317567927 -NAN 0 0
 614.005864 -NAN 0 0
 616.167766673673 -NAN 0 0
 618.330031546184 -NAN 0 0
 620.492664574771 -NAN 0 0
 622.655671716672 -NAN 0 0
 624.819058929125 -NAN 0 0
 626.982832169368 -NAN 0 0
 629.146997394639 -NAN 0 0
 631.311560562176 -NAN 0 0
 633.476527629217 -NAN 0 0
 635.641904553 -NAN 0 0
 637.807697290763 -NAN 0 0
 639.973911799744 -NAN 0 0
 642.140554037181 -NAN 0 0
 644.307629960312 -NAN 0 0
 646.475145526375 -NAN 0 0
 648.643106692608 -NAN 0 0
 650.811519416249 -NAN 0 0
 652.980389654536 -NAN 0 0
 655.149723364707 -NAN 0 0
 657.319526504 -NAN 0 0
 659.489805029653 -NAN 0 0
 661.660564898904 -NAN 0 0
 663.831812068991 -NAN 0 0
 666.003552497152 -NAN 0 0
 668.175792140625 -NAN 0 0
 670.348536956648 -NAN 0 0
 672.521792902459 -NAN 0 0
 674.695565935296 -NAN 0 0
 676.869862012397 -NAN 0 0
 679.044687091 -NAN 0 0
 681.220047128343 -NAN 0 0
 683.395948081664 -NAN 0 0
 685.572395908201 -NAN 0 0
 687.749396565192 -NAN 0 0
 689.926956009875 -NAN 0 0
 692.105080199488 -NAN 0 0
 694.283775091269 -NAN 0 0
 696.463046642456 -NAN 0 0
 698.642900810287 -NAN 0 0
 700.823343552 -NAN 0 0
 703.004380824833 -NAN 0 0
 705.186018586024 -NAN 0 0
 707.368262792811 -NAN 0 0
 709.551119402432 -NAN 0 0
 711.734594372125 -NAN 0 0
 713.918693659128 -NAN 0 0
 716.103423220679 -NAN 0 0
 718.288789014016 -NAN 0 0
 720.474796996377 -NAN 0 0
 722.661453125 -NAN 0 0
 724.848763357123 -NAN 0 0
 727.036733649984 -NAN 0 0
 729.225369960821 -NAN 0 0
 731.414678246872 -NAN 0 0
 733.604664465375 -NAN 0 0
 735.795334573568 -NAN 0 0
[END] of [DATA]
[END] of Spectrum


[Spectrum]
Version            = 1
IDData             = 12ad_2026-06-09_14-07-35_000_431
IDDevice           = SAM_82E6
IDDataType         = SPECTRUM
IDDataTypeSub1     = CALIBRATED
IDDataTypeSub2     = 
IDDataTypeSub3     = 
DateTime           = 2026-06-09 14:07:35
PositionLatitude   = 0
PositionLongitude  = 0
Comment            = 20260609_FrameE
CommentSub1        = UV
CommentSub2        = right
CommentSub3        = 33.5cm
IDMethodType       = SAM Control
MethodName         = SAM_82E6
Mission            = No Mission
MissionSub         = 1
RecordType         = 0
[Attributes]
CalFactor = 1
IDBasisSpec = 
IDDataBack = DLAB_2024-11-11_10-40-48_641_639
IDDataCal = DLAB_2024-11-12_11-45-27_171_455
IntegrationTime = 128
P31 = -1
P31e = 0
PathLength = +INF
PathLengthCustomOn = 0
RAWDynamic = 65535
Salinity = 0
Temperature = -NAN
Unit1 = $01 $01 Wavelength nm
Unit2 = $03 $06 Intensity mW/(m^2 nm)
Unit3 = $f0 $06 Error mW/(m^2 nm)
Unit4 = $f1 $00 Status 
p999 = 7889
[END] of [Attributes]
[DATA]
 0 6 0 0
 185.260577530984 -NAN 0 0
 187.468128380571 -NAN 0 0
 189.674861895872 -NAN 0 0
 191.880784034125 -NAN 0 0
 194.085900752568 -NAN 0 0
 196.290218008439 -NAN 0 0
 198.493741758976 -NAN 0 0
 200.696477961417 -NAN 0 0
 202.898432573 -NAN 0 0
 205.099611550963 -NAN 0 0
 207.300020852544 -NAN 0 0
 209.499666434981 -NAN 0 0
 211.698554255512 -NAN 0 0
 213.896690271375 -NAN 0 0
 216.094080439808 -NAN 0 0
 218.290730718049 -NAN 0 0
 220.486647063336 -NAN 0 0
 222.681835432907 -NAN 0 0
 224.876301784 -NAN 0 0
 227.070052073853 -NAN 0 0
 229.263092259704 -NAN 0 0
 231.455428298791 -NAN 0 0
 233.647066148352 -NAN 0 0
 235.838011765625 -NAN 0 0
 238.028271107848 -NAN 0 0
 240.217850132259 -NAN 0 0
 242.406754796096 -NAN 0 0
 244.594991056597 -NAN 0 0
 246.782564871 -NAN 0 0
 248.969482196543 -NAN 0 0
 251.155748990464 -NAN 0 0
 253.341371210001 -NAN 0 0
 255.526354812392 -NAN 0 0
 257.710705754875 -NAN 0 0
 259.894429994688 -NAN 0 0
 262.077533489069 -NAN 0 0
 264.260022195256 -NAN 0 0
 266.441902070487 -NAN 0 0
 268.623179072 -NAN 0 0
 270.803859157033 -NAN 0 0
 272.983948282824 -NAN 0 0
 275.163452406611 -NAN 0 0
 277.342377485632 -NAN 0 0
 279.520729477125 10.6279744057321 0 0
 281.698514338328 10.3161096234867 0 0
 283.875738026479 9.9209107324281 0 0
 286.052406498816 27.1525789100438 0 0
 288.228525712577 29.3398435042064 0 0
 290.404101625 37.7969775786936 0 0
 292.579140193323 61.2122482802821 0 0
 294.753647374784 69.6528950336242 0 0
 296.927629126621 82.8224951017797 0 0
 299.101091406072 104.693581431524 0 0
 301.274040170375 112.460614819864 0 0
 303.446481376768 121.569584320572 0 0
 305.618420982489 136.045872752181 0 0
 307.789864944776 133.791091428908 0 0
 309.960819220867 143.301004928133 0 0
 312.131289768 154.253635838123 0 0
 314.301282543413 140.008441937816 0 0
 316.470803504344 131.885203015555 0 0
 318.639858608031 124.768615691609 0 0
 320.808453811712 105.44783814899 0 0
 322.976595072625 106.103405983693 0 0
 325.144288348008 98.7366232914103 0 0
 327.311539595099 79.9363239813313 0 0
 329.478354771136 81.7938393331522 0 0
 331.644739833357 72.7849018958998 0 0
 333.810700739 57.5870289824637 0 0
 335.976243445303 61.1250724412108 0 0
 338.141373909504 50.2944909698703 0 0
 340.306098088841 38.1002282841041 0 0
 342.470421940552 42.8989591444477 0 0
 344.634351421875 32.9096239896873 0 0
 346.797892490048 24.8907107724793 0 0
 348.961051102309 29.7370770296483 0 0
 351.123833215896 20.4179784692364 0 0
 353.286244788047 16.0328677108701 0 0
 355.448291776 21.085251596005 0 0
 357.609980136993 12.3421583641872 0 0
 359.771315828264 11.8598486969584 0 0
 361.932304807051 23.4118337590593 0 0
 364.092953030592 22.404322283545 0 0
 366.253266456125 23.2831094190033 0 0
 368.413251040888 19.7459575876299 0 0
 370.572912742119 3.89346039887378 0 0
 372.732257517056 5.52298631387677 0 0
 374.891291322937 9.41385361014367 0 0
 377.050020117 -1.27131969035477 0 0
 379.208449856483 4.88914850544033 0 0
 381.366586498624 7.27025316062126 0 0
 383.524436000661 -2.93225574615035 0 0
 385.682004319832 5.33300074251914 0 0
 387.839297413375 5.3712724197107 0 0
 389.996321238528 -3.42430054766595 0 0
 392.153081752529 6.2693497559865 0 0
 394.309584912616 3.89845583401712 0 0
 396.465836676027 -2.79089937272773 0 0
 398.621843 8.07849549743669 0 0
 400.777609841773 9.7907975380773 0 0
 402.933143158584 15.9972579811252 0 0
 405.088448907671 28.9040208901278 0 0
 407.243533046272 17.2500682198497 0 0
 409.398401531625 6.98232925047368 0 0
 411.553060320968 12.960956702182 0 0
 413.707515371539 7.76867154239058 0 0
 415.861772640576 10.6892118405141 0 0
 418.015838085317 22.1080776617832 0 0
 420.169717663 22.5577656541404 0 0
 422.323417330863 33.7654138883047 0 0
 424.476943046144 51.9206038553656 0 0
 426.630300766081 63.7241277699834 0 0
 428.783496447912 91.339521577018 0 0
 430.936536048875 132.745191655236 0 0
 433.089425526208 194.649877597698 0 0
 435.242170837149 272.795006583181 0 0
 437.394777938936 333.013459134607 0 0
 439.547252788807 381.976302118636 0 0
 441.699601344 480.157751935836 0 0
 443.851829561753 598.712721889853 0 0
 446.003943399304 704.217535633661 0 0
 448.155948813891 775.315717784625 0 0
 450.307851762752 768.816914015476 0 0
 452.459658203125 690.802585966992 0 0
 454.611374092248 591.077417710109 0 0
 456.763005387359 484.555803689966 0 0
 458.914558045696 400.359967582943 0 0
 461.066038024497 351.508527152465 0 0
 463.217451281 304.007391982264 0 0
 465.368803772443 261.612395321331 0 0
 467.520101456064 230.265833887045 0 0
 469.671350289101 187.536765689682 0 0
 471.822556228792 156.252397326587 0 0
 473.973725232375 141.885851136382 0 0
 476.124863257088 120.329280726286 0 0
 478.275976260169 112.737946459287 0 0
 480.427070198856 114.457686434447 0 0
 482.578151030387 103.980737526585 0 0
 484.729224712 105.525041839948 0 0
 486.880297200933 111.751014272371 0 0
 489.031374454424 106.162862666933 0 0
 491.182462429711 115.202159752914 0 0
 493.333567084032 124.381617928425 0 0
 495.484694374625 122.867981683632 0 0
 497.635850258728 135.623893683161 0 0
 499.787040693579 144.10621058358 0 0
 501.938271636416 143.180410185186 0 0
 504.089549044477 -NAN 0 0
 506.240878875 -NAN 0 0
 508.392267085223 -NAN 0 0
 510.543719632384 -NAN 0 0
 512.695242473721 -NAN 0 0
 514.846841566472 -NAN 0 0
 516.998522867875 -NAN 0 0
 519.150292335168 -NAN 0 0
 521.302155925589 -NAN 0 0
 523.454119596376 -NAN 0 0
 525.606189304767 -NAN 0 0
 527.758371008 -NAN 0 0
 529.910670663313 -NAN 0 0
 532.063094227944 -NAN 0 0
 534.215647659131 -NAN 0 0
 536.368336914112 -NAN 0 0
 538.521167950125 -NAN 0 0
 540.674146724408 -NAN 0 0
 542.827279194199 -NAN 0 0
 544.980571316736 -NAN 0 0
 547.134029049257 -NAN 0 0
 549.287658349 -NAN 0 0
 551.441465173203 -NAN 0 0
 553.595455479104 -NAN 0 0
 555.749635223941 -NAN 0 0
 557.904010364952 -NAN 0 0
 560.058586859375 -NAN 0 0
 562.213370664448 -NAN 0 0
 564.368367737409 -NAN 0 0
 566.523584035496 -NAN 0 0
 568.679025515947 -NAN 0 0
 570.834698136 -NAN 0 0
 572.990607852893 -NAN 0 0
 575.146760623864 -NAN 0 0
 577.303162406151 -NAN 0 0
 579.459819156992 -NAN 0 0
 581.616736833625 -NAN 0 0
 583.773921393288 -NAN 0 0
 585.931378793219 -NAN 0 0
 588.089114990656 -NAN 0 0
 590.247135942837 -NAN 0 0
 592.405447607 -NAN 0 0
 594.564055940383 -NAN 0 0
 596.722966900224 -NAN 0 0
 598.882186443761 -NAN 0 0
 601.041720528232 -NAN 0 0
 603.201575110875 -NAN 0 0
 605.361756148928 -NAN 0 0
 607.522269599629 -NAN 0 0
 609.683121420216 -NAN 0 0
 611.844317567927 -NAN 0 0
 614.005864 -NAN 0 0
 616.167766673673 -NAN 0 0
 618.330031546184 -NAN 0 0
 620.492664574771 -NAN 0 0
 622.655671716672 -NAN 0 0
 624.819058929125 -NAN 0 0
 626.982832169368 -NAN 0 0
 629.146997394639 -NAN 0 0
 631.311560562176 -NAN 0 0
 633.476527629217 -NAN 0 0
 635.641904553 -NAN 0 0
 637.807697290763 -NAN 0 0
 639.973911799744 -NAN 0 0
 642.140554037181 -NAN 0 0
 644.307629960312 -NAN 0 0
 646.475145526375 -NAN 0 0
 648.643106692608 -NAN 0 0
 650.811519416249 -NAN 0 0
 652.980389654536 -NAN 0 0
 655.149723364707 -NAN 0 0
 657.319526504 -NAN 0 0
 659.489805029653 -NAN 0 0
 661.660564898904 -NAN 0 0
 663.831812068991 -NAN 0 0
 666.003552497152 -NAN 0 0
 668.175792140625 -NAN 0 0
 670.348536956648 -NAN 0 0
 672.521792902459 -NAN 0 0
 674.695565935296 -NAN 0 0
 676.869862012397 -NAN 0 0
 679.044687091 -NAN 0 0
 681.220047128343 -NAN 0 0
 683.395948081664 -NAN 0 0
 685.572395908201 -NAN 0 0
 687.749396565192 -NAN 0 0
 689.926956009875 -NAN 0 0
 692.105080199488 -NAN 0 0
 694.283775091269 -NAN 0 0
 696.463046642456 -NAN 0 0
 698.642900810287 -NAN 0 0
 700.823343552 -NAN 0 0
 703.004380824833 -NAN 0 0
 705.186018586024 -NAN 0 0
 707.368262792811 -NAN 0 0
 709.551119402432 -NAN 0 0
 711.734594372125 -NAN 0 0
 713.918693659128 -NAN 0 0
 716.103423220679 -NAN 0 0
 718.288789014016 -NAN 0 0
 720.474796996377 -NAN 0 0
 722.661453125 -NAN 0 0
 724.848763357123 -NAN 0 0
 727.036733649984 -NAN 0 0
 729.225369960821 -NAN 0 0
 731.414678246872 -NAN 0 0
 733.604664465375 -NAN 0 0
 735.795334573568 -NAN 0 0
[END] of [DATA]
[END] of Spectrum


[Spectrum]
Version            = 1
IDData             = 12ad_2026-06-09_14-07-30_000_428
IDDevice           = SAM_82E6
IDDataType         = SPECTRUM
IDDataTypeSub1     = CALIBRATED
IDDataTypeSub2     = 
IDDataTypeSub3     = 
DateTime           = 2026-06-09 14:07:30
PositionLatitude   = 0
PositionLongitude  = 0
Comment            = 20260609_FrameE
CommentSub1        = UV
CommentSub2        = right
CommentSub3        = 33.5cm
IDMethodType       = SAM Control
MethodName         = SAM_82E6
Mission            = No Mission
MissionSub         = 1
RecordType         = 0
[Attributes]
CalFactor = 1
IDBasisSpec = 
IDDataBack = DLAB_2024-11-11_10-40-48_641_639
IDDataCal = DLAB_2024-11-12_11-45-27_171_455
IntegrationTime = 128
P31 = -1
P31e = 0
PathLength = +INF
PathLengthCustomOn = 0
RAWDynamic = 65535
Salinity = 0
Temperature = -NAN
Unit1 = $01 $01 Wavelength nm
Unit2 = $03 $06 Intensity mW/(m^2 nm)
Unit3 = $f0 $06 Error mW/(m^2 nm)
Unit4 = $f1 $00 Status 
p999 = 7888
[END] of [Attributes]
[DATA]
 0 6 0 0
 185.260577530984 -NAN 0 0
 187.468128380571 -NAN 0 0
 189.674861895872 -NAN 0 0
 191.880784034125 -NAN 0 0
 194.085900752568 -NAN 0 0
 196.290218008439 -NAN 0 0
 198.493741758976 -NAN 0 0
 200.696477961417 -NAN 0 0
 202.898432573 -NAN 0 0
 205.099611550963 -NAN 0 0
 207.300020852544 -NAN 0 0
 209.499666434981 -NAN 0 0
 211.698554255512 -NAN 0 0
 213.896690271375 -NAN 0 0
 216.094080439808 -NAN 0 0
 218.290730718049 -NAN 0 0
 220.486647063336 -NAN 0 0
 222.681835432907 -NAN 0 0
 224.876301784 -NAN 0 0
 227.070052073853 -NAN 0 0
 229.263092259704 -NAN 0 0
 231.455428298791 -NAN 0 0
 233.647066148352 -NAN 0 0
 235.838011765625 -NAN 0 0
 238.028271107848 -NAN 0 0
 240.217850132259 -NAN 0 0
 242.406754796096 -NAN 0 0
 244.594991056597 -NAN 0 0
 246.782564871 -NAN 0 0
 248.969482196543 -NAN 0 0
 251.155748990464 -NAN 0 0
 253.341371210001 -NAN 0 0
 255.526354812392 -NAN 0 0
 257.710705754875 -NAN 0 0
 259.894429994688 -NAN 0 0
 262.077533489069 -NAN 0 0
 264.260022195256 -NAN 0 0
 266.441902070487 -NAN 0 0
 268.623179072 -NAN 0 0
 270.803859157033 -NAN 0 0
 272.983948282824 -NAN 0 0
 275.163452406611 -NAN 0 0
 277.342377485632 -NAN 0 0
 279.520729477125 6.40135905234515 0 0
 281.698514338328 4.77256043247266 0 0
 283.875738026479 19.7946089364146 0 0
 286.052406498816 19.872887938475 0 0
 288.228525712577 25.070395902876 0 0
 290.404101625 47.1265554642162 0 0
 292.579140193323 51.7597127408893 0 0
 294.753647374784 67.3479301475025 0 0
 296.927629126621 89.0945514931788 0 0
 299.101091406072 94.492424650066 0 0
 301.274040170375 111.362922343761 0 0
 303.446481376768 125.058032688808 0 0
 305.618420982489 125.504543468319 0 0
 307.789864944776 133.972804778184 0 0
 309.960819220867 144.924219288739 0 0
 312.131289768 143.142903402213 0 0
 314.301282543413 142.173580552239 0 0
 316.470803504344 132.20286039301 0 0
 318.639858608031 113.038867173475 0 0
 320.808453811712 110.60985699956 0 0
 322.976595072625 104.924991917673 0 0
 325.144288348008 87.0542309317844 0 0
 327.311539595099 87.8908012050946 0 0
 329.478354771136 78.6464198992343 0 0
 331.644739833357 62.8036196422117 0 0
 333.810700739 67.0308070001474 0 0
 335.976243445303 55.9296833859488 0 0
 338.141373909504 42.8988916900857 0 0
 340.306098088841 47.3216287319614 0 0
 342.470421940552 36.4040922439416 0 0
 344.634351421875 28.2340609270691 0 0
 346.797892490048 33.1846899672821 0 0
 348.961051102309 22.6474932099326 0 0
 351.123833215896 18.2507931242318 0 0
 353.286244788047 22.989747316208 0 0
 355.448291776 13.4652073749391 0 0
 357.609980136993 12.0616024853377 0 0
 359.771315828264 17.7928667456737 0 0
 361.932304807051 14.7636016572424 0 0
 364.092953030592 23.9375284849653 0 0
 366.253266456125 28.211313824652 0 0
 368.413251040888 9.82691593228185 0 0
 370.572912742119 7.95031809438294 0 0
 372.732257517056 9.57218138531326 0 0
 374.891291322937 -1.00576865508066 0 0
 377.050020117 5.41894011100015 0 0
 379.208449856483 6.81478266162359 0 0
 381.366586498624 -3.09746367489477 0 0
 383.524436000661 5.70030730379268 0 0
 385.682004319832 4.781126568442 0 0
 387.839297413375 -3.84970706049512 0 0
 389.996321238528 6.29587093695104 0 0
 392.153081752529 3.30815733496049 0 0
 394.309584912616 -3.23336446741314 0 0
 396.465836676027 6.93432714710812 0 0
 398.621843 3.31245298486044 0 0
 400.777609841773 4.55757550939663 0 0
 402.933143158584 24.7898997246987 0 0
 405.088448907671 22.0591003916587 0 0
 407.243533046272 14.1374975965294 0 0
 409.398401531625 14.7464818720371 0 0
 411.553060320968 5.74319508200677 0 0
 413.707515371539 7.16622268925383 0 0
 415.861772640576 16.8883863722755 0 0
 418.015838085317 14.9146031692009 0 0
 420.169717663 23.7232662744596 0 0
 422.323417330863 38.1400085881273 0 0
 424.476943046144 45.1692053695048 0 0
 426.630300766081 66.2170186842464 0 0
 428.783496447912 94.1230035579599 0 0
 430.936536048875 126.092063354099 0 0
 433.089425526208 197.410642819586 0 0
 435.242170837149 272.916487277695 0 0
 437.394777938936 326.315298844432 0 0
 439.547252788807 386.219310919905 0 0
 441.699601344 480.075556968525 0 0
 443.851829561753 593.310468155542 0 0
 446.003943399304 709.95322262953 0 0
 448.155948813891 774.169810709055 0 0
 450.307851762752 763.629683564343 0 0
 452.459658203125 697.796224919754 0 0
 454.611374092248 588.055284191198 0 0
 456.763005387359 480.609788931106 0 0
 458.914558045696 407.805279132417 0 0
 461.066038024497 346.601564612889 0 0
 463.217451281 301.099187400286 0 0
 465.368803772443 269.011754081391 0 0
 467.520101456064 223.488412075285 0 0
 469.671350289101 186.493236661 0 0
 471.822556228792 163.383629148224 0 0
 473.973725232375 133.966789269807 0 0
 476.124863257088 121.115341827224 0 0
 478.275976260169 118.727562141219 0 0
 480.427070198856 105.925556153998 0 0
 482.578151030387 106.581360944418 0 0
 484.729224712 110.301661467761 0 0
 486.880297200933 102.920752680574 0 0
 489.031374454424 110.683340649905 0 0
 491.182462429711 118.025585049642 0 0
 493.333567084032 115.733258616286 0 0
 495.484694374625 129.033031702732 0 0
 497.635850258728 136.521347068122 0 0
 499.787040693579 136.365556926573 0 0
 501.938271636416 150.376065171717 0 0
 504.089549044477 -NAN 0 0
 506.240878875 -NAN 0 0
 508.392267085223 -NAN 0 0
 510.543719632384 -NAN 0 0
 512.695242473721 -NAN 0 0
 514.846841566472 -NAN 0 0
 516.998522867875 -NAN 0 0
 519.150292335168 -NAN 0 0
 521.302155925589 -NAN 0 0
 523.454119596376 -NAN 0 0
 525.606189304767 -NAN 0 0
 527.758371008 -NAN 0 0
 529.910670663313 -NAN 0 0
 532.063094227944 -NAN 0 0
 534.215647659131 -NAN 0 0
 536.368336914112 -NAN 0 0
 538.521167950125 -NAN 0 0
 540.674146724408 -NAN 0 0
 542.827279194199 -NAN 0 0
 544.980571316736 -NAN 0 0
 547.134029049257 -NAN 0 0
 549.287658349 -NAN 0 0
 551.441465173203 -NAN 0 0
 553.595455479104 -NAN 0 0
 555.749635223941 -NAN 0 0
 557.904010364952 -NAN 0 0
 560.058586859375 -NAN 0 0
 562.213370664448 -NAN 0 0
 564.368367737409 -NAN 0 0
 566.523584035496 -NAN 0 0
 568.679025515947 -NAN 0 0
 570.834698136 -NAN 0 0
 572.990607852893 -NAN 0 0
 575.146760623864 -NAN 0 0
 577.303162406151 -NAN 0 0
 579.459819156992 -NAN 0 0
 581.616736833625 -NAN 0 0
 583.773921393288 -NAN 0 0
 585.931378793219 -NAN 0 0
 588.089114990656 -NAN 0 0
 590.247135942837 -NAN 0 0
 592.405447607 -NAN 0 0
 594.564055940383 -NAN 0 0
 596.722966900224 -NAN 0 0
 598.882186443761 -NAN 0 0
 601.041720528232 -NAN 0 0
 603.201575110875 -NAN 0 0
 605.361756148928 -NAN 0 0
 607.522269599629 -NAN 0 0
 609.683121420216 -NAN 0 0
 611.844317567927 -NAN 0 0
 614.005864 -NAN 0 0
 616.167766673673 -NAN 0 0
 618.330031546184 -NAN 0 0
 620.492664574771 -NAN 0 0
 622.655671716672 -NAN 0 0
 624.819058929125 -NAN 0 0
 626.982832169368 -NAN 0 0
 629.146997394639 -NAN 0 0
 631.311560562176 -NAN 0 0
 633.476527629217 -NAN 0 0
 635.641904553 -NAN 0 0
 637.807697290763 -NAN 0 0
 639.973911799744 -NAN 0 0
 642.140554037181 -NAN 0 0
 644.307629960312 -NAN 0 0
 646.475145526375 -NAN 0 0
 648.643106692608 -NAN 0 0
 650.811519416249 -NAN 0 0
 652.980389654536 -NAN 0 0
 655.149723364707 -NAN 0 0
 657.319526504 -NAN 0 0
 659.489805029653 -NAN 0 0
 661.660564898904 -NAN 0 0
 663.831812068991 -NAN 0 0
 666.003552497152 -NAN 0 0
 668.175792140625 -NAN 0 0
 670.348536956648 -NAN 0 0
 672.521792902459 -NAN 0 0
 674.695565935296 -NAN 0 0
 676.869862012397 -NAN 0 0
 679.044687091 -NAN 0 0
 681.220047128343 -NAN 0 0
 683.395948081664 -NAN 0 0
 685.572395908201 -NAN 0 0
 687.749396565192 -NAN 0 0
 689.926956009875 -NAN 0 0
 692.105080199488 -NAN 0 0
 694.283775091269 -NAN 0 0
 696.463046642456 -NAN 0 0
 698.642900810287 -NAN 0 0
 700.823343552 -NAN 0 0
 703.004380824833 -NAN 0 0
 705.186018586024 -NAN 0 0
 707.368262792811 -NAN 0 0
 709.551119402432 -NAN 0 0
 711.734594372125 -NAN 0 0
 713.918693659128 -NAN 0 0
 716.103423220679 -NAN 0 0
 718.288789014016 -NAN 0 0
 720.474796996377 -NAN 0 0
 722.661453125 -NAN 0 0
 724.848763357123 -NAN 0 0
 727.036733649984 -NAN 0 0
 729.225369960821 -NAN 0 0
 731.414678246872 -NAN 0 0
 733.604664465375 -NAN 0 0
 735.795334573568 -NAN 0 0
[END] of [DATA]
[END] of Spectrum


[Spectrum]
Version            = 1
IDData             = 12ad_2026-06-09_14-07-25_000_425
IDDevice           = SAM_82E6
IDDataType         = SPECTRUM
IDDataTypeSub1     = CALIBRATED
IDDataTypeSub2     = 
IDDataTypeSub3     = 
DateTime           = 2026-06-09 14:07:25
PositionLatitude   = 0
PositionLongitude  = 0
Comment            = 20260609_FrameE
CommentSub1        = UV
CommentSub2        = right
CommentSub3        = 33.5cm
IDMethodType       = SAM Control
MethodName         = SAM_82E6
Mission            = No Mission
MissionSub         = 1
RecordType         = 0
[Attributes]
CalFactor = 1
IDBasisSpec = 
IDDataBack = DLAB_2024-11-11_10-40-48_641_639
IDDataCal = DLAB_2024-11-12_11-45-27_171_455
IntegrationTime = 128
P31 = -1
P31e = 0
PathLength = +INF
PathLengthCustomOn = 0
RAWDynamic = 65535
Salinity = 0
Temperature = -NAN
Unit1 = $01 $01 Wavelength nm
Unit2 = $03 $06 Intensity mW/(m^2 nm)
Unit3 = $f0 $06 Error mW/(m^2 nm)
Unit4 = $f1 $00 Status 
p999 = 7887
[END] of [Attributes]
[DATA]
 0 6 0 0
 185.260577530984 -NAN 0 0
 187.468128380571 -NAN 0 0
 189.674861895872 -NAN 0 0
 191.880784034125 -NAN 0 0
 194.085900752568 -NAN 0 0
 196.290218008439 -NAN 0 0
 198.493741758976 -NAN 0 0
 200.696477961417 -NAN 0 0
 202.898432573 -NAN 0 0
 205.099611550963 -NAN 0 0
 207.300020852544 -NAN 0 0
 209.499666434981 -NAN 0 0
 211.698554255512 -NAN 0 0
 213.896690271375 -NAN 0 0
 216.094080439808 -NAN 0 0
 218.290730718049 -NAN 0 0
 220.486647063336 -NAN 0 0
 222.681835432907 -NAN 0 0
 224.876301784 -NAN 0 0
 227.070052073853 -NAN 0 0
 229.263092259704 -NAN 0 0
 231.455428298791 -NAN 0 0
 233.647066148352 -NAN 0 0
 235.838011765625 -NAN 0 0
 238.028271107848 -NAN 0 0
 240.217850132259 -NAN 0 0
 242.406754796096 -NAN 0 0
 244.594991056597 -NAN 0 0
 246.782564871 -NAN 0 0
 248.969482196543 -NAN 0 0
 251.155748990464 -NAN 0 0
 253.341371210001 -NAN 0 0
 255.526354812392 -NAN 0 0
 257.710705754875 -NAN 0 0
 259.894429994688 -NAN 0 0
 262.077533489069 -NAN 0 0
 264.260022195256 -NAN 0 0
 266.441902070487 -NAN 0 0
 268.623179072 -NAN 0 0
 270.803859157033 -NAN 0 0
 272.983948282824 -NAN 0 0
 275.163452406611 -NAN 0 0
 277.342377485632 -NAN 0 0
 279.520729477125 9.33533246795492 0 0
 281.698514338328 11.2653116783632 0 0
 283.875738026479 8.3534328997014 0 0
 286.052406498816 25.5932673616862 0 0
 288.228525712577 29.8384232912074 0 0
 290.404101625 34.9265619387276 0 0
 292.579140193323 59.0133285902354 0 0
 294.753647374784 68.8727109569678 0 0
 296.927629126621 78.6021883315347 0 0
 299.101091406072 101.332919968473 0 0
 301.274040170375 109.68969554615 0 0
 303.446481376768 116.189466392604 0 0
 305.618420982489 131.96785595516 0 0
 307.789864944776 129.79553554895 0 0
 309.960819220867 137.00483524445 0 0
 312.131289768 149.804391757549 0 0
 314.301282543413 135.724676816693 0 0
 316.470803504344 125.602917496816 0 0
 318.639858608031 121.441885085347 0 0
 320.808453811712 101.957685125216 0 0
 322.976595072625 100.492580060755 0 0
 325.144288348008 96.3285374713589 0 0
 327.311539595099 76.963290474182 0 0
 329.478354771136 77.1441072204739 0 0
 331.644739833357 71.4347195441698 0 0
 333.810700739 54.7716581690414 0 0
 335.976243445303 57.7322246362356 0 0
 338.141373909504 49.8226107271799 0 0
 340.306098088841 35.714119660711 0 0
 342.470421940552 40.526237607408 0 0
 344.634351421875 32.9398051390964 0 0
 346.797892490048 23.0280081918813 0 0
 348.961051102309 28.5157718887641 0 0
 351.123833215896 20.787385062135 0 0
 353.286244788047 14.4692054296704 0 0
 355.448291776 20.317223423526 0 0
 357.609980136993 12.8497289236324 0 0
 359.771315828264 10.530405203809 0 0
 361.932304807051 23.1812435176447 0 0
 364.092953030592 22.5939972775351 0 0
 366.253266456125 21.6504957320135 0 0
 368.413251040888 19.6877671697056 0 0
 370.572912742119 4.35315387149185 0 0
 372.732257517056 4.16890626099304 0 0
 374.891291322937 10.1479328045711 0 0
 377.050020117 -0.865765797241705 0 0
 379.208449856483 3.43652622773814 0 0
 381.366586498624 8.11821255283904 0 0
 383.524436000661 -2.92372835426697 0 0
 385.682004319832 3.83099268111331 0 0
 387.839297413375 6.45092613266657 0 0
 389.996321238528 -3.74456053299726 0 0
 392.153081752529 4.87894919091244 0 0
 394.309584912616 4.88845612825008 0 0
 396.465836676027 -3.77362518892318 0 0
 398.621843 7.29830813736018 0 0
 400.777609841773 10.5945080782673 0 0
 402.933143158584 14.1343027543952 0 0
 405.088448907671 27.2972089712481 0 0
 407.243533046272 17.6207254849169 0 0
 409.398401531625 5.77233143932094 0 0
 411.553060320968 12.6697756099255 0 0
 413.707515371539 8.67234482209571 0 0
 415.861772640576 9.6298204733807 0 0
 418.015838085317 22.3616874484853 0 0
 420.169717663 23.3978342830718 0 0
 422.323417330863 32.9139335469831 0 0
 424.476943046144 52.469166077856 0 0
 426.630300766081 64.3663406647935 0 0
 428.783496447912 90.4189999770215 0 0
 430.936536048875 133.017117880078 0 0
 433.089425526208 193.678347314336 0 0
 435.242170837149 269.289649174392 0 0
 437.394777938936 331.550734393435 0 0
 439.547252788807 381.238668869158 0 0
 441.699601344 478.816330069319 0 0
 443.851829561753 599.486146502574 0 0
 446.003943399304 704.130268319583 0 0
 448.155948813891 774.389165049708 0 0
 450.307851762752 769.520328436874 0 0
 452.459658203125 690.524693028471 0 0
 454.611374092248 590.415553352286 0 0
 456.763005387359 485.528151710704 0 0
 458.914558045696 399.791089890825 0 0
 461.066038024497 350.744361474583 0 0
 463.217451281 305.079273099622 0 0
 465.368803772443 260.915736721954 0 0
 467.520101456064 229.809578878858 0 0
 469.671350289101 188.790299522892 0 0
 471.822556228792 155.530966762166 0 0
 473.973725232375 141.575342870757 0 0
 476.124863257088 121.511693762627 0 0
 478.275976260169 111.824502286643 0 0
 480.427070198856 114.765110449774 0 0
 482.578151030387 104.891513796521 0 0
 484.729224712 104.566141596461 0 0
 486.880297200933 111.959074654443 0 0
 489.031374454424 106.975205987635 0 0
 491.182462429711 113.942340237602 0 0
 493.333567084032 124.849217170327 0 0
 495.484694374625 123.352773767719 0 0
 497.635850258728 134.504819780152 0 0
 499.787040693579 144.680236585111 0 0
 501.938271636416 143.458076799982 0 0
 504.089549044477 -NAN 0 0
 506.240878875 -NAN 0 0
 508.392267085223 -NAN 0 0
 510.543719632384 -NAN 0 0
 512.695242473721 -NAN 0 0
 514.846841566472 -NAN 0 0
 516.998522867875 -NAN 0 0
 519.150292335168 -NAN 0 0
 521.302155925589 -NAN 0 0
 523.454119596376 -NAN 0 0
 525.606189304767 -NAN 0 0
 527.758371008 -NAN 0 0
 529.910670663313 -NAN 0 0
 532.063094227944 -NAN 0 0
 534.215647659131 -NAN 0 0
 536.368336914112 -NAN 0 0
 538.521167950125 -NAN 0 0
 540.674146724408 -NAN 0 0
 542.827279194199 -NAN 0 0
 544.980571316736 -NAN 0 0
 547.134029049257 -NAN 0 0
 549.287658349 -NAN 0 0
 551.441465173203 -NAN 0 0
 553.595455479104 -NAN 0 0
 555.749635223941 -NAN 0 0
 557.904010364952 -NAN 0 0
 560.058586859375 -NAN 0 0
 562.213370664448 -NAN 0 0
 564.368367737409 -NAN 0 0
 566.523584035496 -NAN 0 0
 568.679025515947 -NAN 0 0
 570.834698136 -NAN 0 0
 572.990607852893 -NAN 0 0
 575.146760623864 -NAN 0 0
 577.303162406151 -NAN 0 0
 579.459819156992 -NAN 0 0
 581.616736833625 -NAN 0 0
 583.773921393288 -NAN 0 0
 585.931378793219 -NAN 0 0
 588.089114990656 -NAN 0 0
 590.247135942837 -NAN 0 0
 592.405447607 -NAN 0 0
 594.564055940383 -NAN 0 0
 596.722966900224 -NAN 0 0
 598.882186443761 -NAN 0 0
 601.041720528232 -NAN 0 0
 603.201575110875 -NAN 0 0
 605.361756148928 -NAN 0 0
 607.522269599629 -NAN 0 0
 609.683121420216 -NAN 0 0
 611.844317567927 -NAN 0 0
 614.005864 -NAN 0 0
 616.167766673673 -NAN 0 0
 618.330031546184 -NAN 0 0
 620.492664574771 -NAN 0 0
 622.655671716672 -NAN 0 0
 624.819058929125 -NAN 0 0
 626.982832169368 -NAN 0 0
 629.146997394639 -NAN 0 0
 631.311560562176 -NAN 0 0
 633.476527629217 -NAN 0 0
 635.641904553 -NAN 0 0
 637.807697290763 -NAN 0 0
 639.973911799744 -NAN 0 0
 642.140554037181 -NAN 0 0
 644.307629960312 -NAN 0 0
 646.475145526375 -NAN 0 0
 648.643106692608 -NAN 0 0
 650.811519416249 -NAN 0 0
 652.980389654536 -NAN 0 0
 655.149723364707 -NAN 0 0
 657.319526504 -NAN 0 0
 659.489805029653 -NAN 0 0
 661.660564898904 -NAN 0 0
 663.831812068991 -NAN 0 0
 666.003552497152 -NAN 0 0
 668.175792140625 -NAN 0 0
 670.348536956648 -NAN 0 0
 672.521792902459 -NAN 0 0
 674.695565935296 -NAN 0 0
 676.869862012397 -NAN 0 0
 679.044687091 -NAN 0 0
 681.220047128343 -NAN 0 0
 683.395948081664 -NAN 0 0
 685.572395908201 -NAN 0 0
 687.749396565192 -NAN 0 0
 689.926956009875 -NAN 0 0
 692.105080199488 -NAN 0 0
 694.283775091269 -NAN 0 0
 696.463046642456 -NAN 0 0
 698.642900810287 -NAN 0 0
 700.823343552 -NAN 0 0
 703.004380824833 -NAN 0 0
 705.186018586024 -NAN 0 0
 707.368262792811 -NAN 0 0
 709.551119402432 -NAN 0 0
 711.734594372125 -NAN 0 0
 713.918693659128 -NAN 0 0
 716.103423220679 -NAN 0 0
 718.288789014016 -NAN 0 0
 720.474796996377 -NAN 0 0
 722.661453125 -NAN 0 0
 724.848763357123 -NAN 0 0
 727.036733649984 -NAN 0 0
 729.225369960821 -NAN 0 0
 731.414678246872 -NAN 0 0
 733.604664465375 -NAN 0 0
 735.795334573568 -NAN 0 0
[END] of [DATA]
[END] of Spectrum


[Spectrum]
Version            = 1
IDData             = 12ad_2026-06-09_14-07-20_000_422
IDDevice           = SAM_82E6
IDDataType         = SPECTRUM
IDDataTypeSub1     = CALIBRATED
IDDataTypeSub2     = 
IDDataTypeSub3     = 
DateTime           = 2026-06-09 14:07:20
PositionLatitude   = 0
PositionLongitude  = 0
Comment            = 20260609_FrameE
CommentSub1        = UV
CommentSub2        = right
CommentSub3        = 33.5cm
IDMethodType       = SAM Control
MethodName         = SAM_82E6
Mission            = No Mission
MissionSub         = 1
RecordType         = 0
[Attributes]
CalFactor = 1
IDBasisSpec = 
IDDataBack = DLAB_2024-11-11_10-40-48_641_639
IDDataCal = DLAB_2024-11-12_11-45-27_171_455
IntegrationTime = 128
P31 = -1
P31e = 0
PathLength = +INF
PathLengthCustomOn = 0
RAWDynamic = 65535
Salinity = 0
Temperature = -NAN
Unit1 = $01 $01 Wavelength nm
Unit2 = $03 $06 Intensity mW/(m^2 nm)
Unit3 = $f0 $06 Error mW/(m^2 nm)
Unit4 = $f1 $00 Status 
p999 = 7886
[END] of [Attributes]
[DATA]
 0 6 0 0
 185.260577530984 -NAN 0 0
 187.468128380571 -NAN 0 0
 189.674861895872 -NAN 0 0
 191.880784034125 -NAN 0 0
 194.085900752568 -NAN 0 0
 196.290218008439 -NAN 0 0
 198.493741758976 -NAN 0 0
 200.696477961417 -NAN 0 0
 202.898432573 -NAN 0 0
 205.099611550963 -NAN 0 0
 207.300020852544 -NAN 0 0
 209.499666434981 -NAN 0 0
 211.698554255512 -NAN 0 0
 213.896690271375 -NAN 0 0
 216.094080439808 -NAN 0 0
 218.290730718049 -NAN 0 0
 220.486647063336 -NAN 0 0
 222.681835432907 -NAN 0 0
 224.876301784 -NAN 0 0
 227.070052073853 -NAN 0 0
 229.263092259704 -NAN 0 0
 231.455428298791 -NAN 0 0
 233.647066148352 -NAN 0 0
 235.838011765625 -NAN 0 0
 238.028271107848 -NAN 0 0
 240.217850132259 -NAN 0 0
 242.406754796096 -NAN 0 0
 244.594991056597 -NAN 0 0
 246.782564871 -NAN 0 0
 248.969482196543 -NAN 0 0
 251.155748990464 -NAN 0 0
 253.341371210001 -NAN 0 0
 255.526354812392 -NAN 0 0
 257.710705754875 -NAN 0 0
 259.894429994688 -NAN 0 0
 262.077533489069 -NAN 0 0
 264.260022195256 -NAN 0 0
 266.441902070487 -NAN 0 0
 268.623179072 -NAN 0 0
 270.803859157033 -NAN 0 0
 272.983948282824 -NAN 0 0
 275.163452406611 -NAN 0 0
 277.342377485632 -NAN 0 0
 279.520729477125 10.8857556014159 0 0
 281.698514338328 4.56206245611576 0 0
 283.875738026479 13.2126141811542 0 0
 286.052406498816 25.3362858495267 0 0
 288.228525712577 22.725065123219 0 0
 290.404101625 40.3227688485117 0 0
 292.579140193323 56.1758764517329 0 0
 294.753647374784 61.95371006662 0 0
 296.927629126621 83.0167510993271 0 0
 299.101091406072 96.6601704661257 0 0
 301.274040170375 103.991209552344 0 0
 303.446481376768 119.200628619037 0 0
 305.618420982489 126.028276110764 0 0
 307.789864944776 125.411968223184 0 0
 309.960819220867 139.789804223999 0 0
 312.131289768 142.941483399577 0 0
 314.301282543413 132.58859795359 0 0
 316.470803504344 129.213215767503 0 0
 318.639858608031 113.943233614388 0 0
 320.808453811712 100.883484709432 0 0
 322.976595072625 104.597342183326 0 0
 325.144288348008 88.2510553591361 0 0
 327.311539595099 77.891263950526 0 0
 329.478354771136 80.5488534795656 0 0
 331.644739833357 63.3114184872154 0 0
 333.810700739 57.4138437116065 0 0
 335.976243445303 59.254209062889 0 0
 338.141373909504 42.2177550302499 0 0
 340.306098088841 39.3340011729917 0 0
 342.470421940552 40.3651753838672 0 0
 344.634351421875 26.4244495104183 0 0
 346.797892490048 26.9889691268884 0 0
 348.961051102309 27.0620024170867 0 0
 351.123833215896 15.692932321889 0 0
 353.286244788047 18.7120296529258 0 0
 355.448291776 17.8227453675334 0 0
 357.609980136993 8.99797512126015 0 0
 359.771315828264 15.0059831771057 0 0
 361.932304807051 19.6466245313891 0 0
 364.092953030592 19.6912924587931 0 0
 366.253266456125 26.9512350204589 0 0
 368.413251040888 15.2834799130594 0 0
 370.572912742119 3.20392018994669 0 0
 372.732257517056 10.3248829176003 0 0
 374.891291322937 4.7794745200497 0 0
 377.050020117 -0.340201058207432 0 0
 379.208449856483 9.4107502195596 0 0
 381.366586498624 1.86451203523293 0 0
 383.524436000661 -0.69381537676275 0 0
 385.682004319832 8.82772972630147 0 0
 387.839297413375 -0.175767325987793 0 0
 389.996321238528 -0.301765690685661 0 0
 392.153081752529 8.10517804699747 0 0
 394.309584912616 -1.56290942549114 0 0
 396.465836676027 0.749330104468172 0 0
 398.621843 8.28150343296681 0 0
 400.777609841773 4.32478556328981 0 0
 402.933143158584 18.7232557312588 0 0
 405.088448907671 26.2174018789735 0 0
 407.243533046272 12.0644305210737 0 0
 409.398401531625 10.4988853891364 0 0
 411.553060320968 10.727465369533 0 0
 413.707515371539 4.7808222126613 0 0
 415.861772640576 14.4460708216491 0 0
 418.015838085317 19.6928867860966 0 0
 420.169717663 20.931551720432 0 0
 422.323417330863 37.3333911895204 0 0
 424.476943046144 49.4360963136979 0 0
 426.630300766081 63.079325307049 0 0
 428.783496447912 94.4273151857975 0 0
 430.936536048875 129.652648861804 0 0
 433.089425526208 192.704388205266 0 0
 435.242170837149 271.766416755294 0 0
 437.394777938936 327.193732992273 0 0
 439.547252788807 381.677851823617 0 0
 441.699601344 481.910970588581 0 0
 443.851829561753 595.495978614217 0 0
 446.003943399304 705.950048486679 0 0
 448.155948813891 776.902965793587 0 0
 450.307851762752 765.156453584122 0 0
 452.459658203125 693.111876286096 0 0
 454.611374092248 591.633726114314 0 0
 456.763005387359 480.997361385156 0 0
 458.914558045696 402.991775432268 0 0
 461.066038024497 351.004177805063 0 0
 463.217451281 300.277619605877 0 0
 465.368803772443 264.73785912854 0 0
 467.520101456064 228.925986433424 0 0
 469.671350289101 184.370456136885 0 0
 471.822556228792 160.256336959122 0 0
 473.973725232375 139.457940761549 0 0
 476.124863257088 118.047489276944 0 0
 478.275976260169 117.048469507564 0 0
 480.427070198856 111.640746815745 0 0
 482.578151030387 102.785343672293 0 0
 484.729224712 110.001027242238 0 0
 486.880297200933 108.378422595241 0 0
 489.031374454424 106.193073782166 0 0
 491.182462429711 119.092187564822 0 0
 493.333567084032 120.62412402028 0 0
 495.484694374625 123.894014245159 0 0
 497.635850258728 138.911996121705 0 0
 499.787040693579 140.02605985679 0 0
 501.938271636416 145.127305170324 0 0
 504.089549044477 -NAN 0 0
 506.240878875 -NAN 0 0
 508.392267085223 -NAN 0 0
 510.543719632384 -NAN 0 0
 512.695242473721 -NAN 0 0
 514.846841566472 -NAN 0 0
 516.998522867875 -NAN 0 0
 519.150292335168 -NAN 0 0
 521.302155925589 -NAN 0 0
 523.454119596376 -NAN 0 0
 525.606189304767 -NAN 0 0
 527.758371008 -NAN 0 0
 529.910670663313 -NAN 0 0
 532.063094227944 -NAN 0 0
 534.215647659131 -NAN 0 0
 536.368336914112 -NAN 0 0
 538.521167950125 -NAN 0 0
 540.674146724408 -NAN 0 0
 542.827279194199 -NAN 0 0
 544.980571316736 -NAN 0 0
 547.134029049257 -NAN 0 0
 549.287658349 -NAN 0 0
 551.441465173203 -NAN 0 0
 553.595455479104 -NAN 0 0
 555.749635223941 -NAN 0 0
 557.904010364952 -NAN 0 0
 560.058586859375 -NAN 0 0
 562.213370664448 -NAN 0 0
 564.368367737409 -NAN 0 0
 566.523584035496 -NAN 0 0
 568.679025515947 -NAN 0 0
 570.834698136 -NAN 0 0
 572.990607852893 -NAN 0 0
 575.146760623864 -NAN 0 0
 577.303162406151 -NAN 0 0
 579.459819156992 -NAN 0 0
 581.616736833625 -NAN 0 0
 583.773921393288 -NAN 0 0
 585.931378793219 -NAN 0 0
 588.089114990656 -NAN 0 0
 590.247135942837 -NAN 0 0
 592.405447607 -NAN 0 0
 594.564055940383 -NAN 0 0
 596.722966900224 -NAN 0 0
 598.882186443761 -NAN 0 0
 601.041720528232 -NAN 0 0
 603.201575110875 -NAN 0 0
 605.361756148928 -NAN 0 0
 607.522269599629 -NAN 0 0
 609.683121420216 -NAN 0 0
 611.844317567927 -NAN 0 0
 614.005864 -NAN 0 0
 616.167766673673 -NAN 0 0
 618.330031546184 -NAN 0 0
 620.492664574771 -NAN 0 0
 622.655671716672 -NAN 0 0
 624.819058929125 -NAN 0 0
 626.982832169368 -NAN 0 0
 629.146997394639 -NAN 0 0
 631.311560562176 -NAN 0 0
 633.476527629217 -NAN 0 0
 635.641904553 -NAN 0 0
 637.807697290763 -NAN 0 0
 639.973911799744 -NAN 0 0
 642.140554037181 -NAN 0 0
 644.307629960312 -NAN 0 0
 646.475145526375 -NAN 0 0
 648.643106692608 -NAN 0 0
 650.811519416249 -NAN 0 0
 652.980389654536 -NAN 0 0
 655.149723364707 -NAN 0 0
 657.319526504 -NAN 0 0
 659.489805029653 -NAN 0 0
 661.660564898904 -NAN 0 0
 663.831812068991 -NAN 0 0
 666.003552497152 -NAN 0 0
 668.175792140625 -NAN 0 0
 670.348536956648 -NAN 0 0
 672.521792902459 -NAN 0 0
 674.695565935296 -NAN 0 0
 676.869862012397 -NAN 0 0
 679.044687091 -NAN 0 0
 681.220047128343 -NAN 0 0
 683.395948081664 -NAN 0 0
 685.572395908201 -NAN 0 0
 687.749396565192 -NAN 0 0
 689.926956009875 -NAN 0 0
 692.105080199488 -NAN 0 0
 694.283775091269 -NAN 0 0
 696.463046642456 -NAN 0 0
 698.642900810287 -NAN 0 0
 700.823343552 -NAN 0 0
 703.004380824833 -NAN 0 0
 705.186018586024 -NAN 0 0
 707.368262792811 -NAN 0 0
 709.551119402432 -NAN 0 0
 711.734594372125 -NAN 0 0
 713.918693659128 -NAN 0 0
 716.103423220679 -NAN 0 0
 718.288789014016 -NAN 0 0
 720.474796996377 -NAN 0 0
 722.661453125 -NAN 0 0
 724.848763357123 -NAN 0 0
 727.036733649984 -NAN 0 0
 729.225369960821 -NAN 0 0
 731.414678246872 -NAN 0 0
 733.604664465375 -NAN 0 0
 735.795334573568 -NAN 0 0
[END] of [DATA]
[END] of Spectrum


[Spectrum]
Version            = 1
IDData             = 12ad_2026-06-09_14-07-15_000_419
IDDevice           = SAM_82E6
IDDataType         = SPECTRUM
IDDataTypeSub1     = CALIBRATED
IDDataTypeSub2     = 
IDDataTypeSub3     = 
DateTime           = 2026-06-09 14:07:15
PositionLatitude   = 0
PositionLongitude  = 0
Comment            = 20260609_FrameE
CommentSub1        = UV
CommentSub2        = right
CommentSub3        = 33.5cm
IDMethodType       = SAM Control
MethodName         = SAM_82E6
Mission            = No Mission
MissionSub         = 1
RecordType         = 0
[Attributes]
CalFactor = 1
IDBasisSpec = 
IDDataBack = DLAB_2024-11-11_10-40-48_641_639
IDDataCal = DLAB_2024-11-12_11-45-27_171_455
IntegrationTime = 128
P31 = -1
P31e = 0
PathLength = +INF
PathLengthCustomOn = 0
RAWDynamic = 65535
Salinity = 0
Temperature = -NAN
Unit1 = $01 $01 Wavelength nm
Unit2 = $03 $06 Intensity mW/(m^2 nm)
Unit3 = $f0 $06 Error mW/(m^2 nm)
Unit4 = $f1 $00 Status 
p999 = 7885
[END] of [Attributes]
[DATA]
 0 6 0 0
 185.260577530984 -NAN 0 0
 187.468128380571 -NAN 0 0
 189.674861895872 -NAN 0 0
 191.880784034125 -NAN 0 0
 194.085900752568 -NAN 0 0
 196.290218008439 -NAN 0 0
 198.493741758976 -NAN 0 0
 200.696477961417 -NAN 0 0
 202.898432573 -NAN 0 0
 205.099611550963 -NAN 0 0
 207.300020852544 -NAN 0 0
 209.499666434981 -NAN 0 0
 211.698554255512 -NAN 0 0
 213.896690271375 -NAN 0 0
 216.094080439808 -NAN 0 0
 218.290730718049 -NAN 0 0
 220.486647063336 -NAN 0 0
 222.681835432907 -NAN 0 0
 224.876301784 -NAN 0 0
 227.070052073853 -NAN 0 0
 229.263092259704 -NAN 0 0
 231.455428298791 -NAN 0 0
 233.647066148352 -NAN 0 0
 235.838011765625 -NAN 0 0
 238.028271107848 -NAN 0 0
 240.217850132259 -NAN 0 0
 242.406754796096 -NAN 0 0
 244.594991056597 -NAN 0 0
 246.782564871 -NAN 0 0
 248.969482196543 -NAN 0 0
 251.155748990464 -NAN 0 0
 253.341371210001 -NAN 0 0
 255.526354812392 -NAN 0 0
 257.710705754875 -NAN 0 0
 259.894429994688 -NAN 0 0
 262.077533489069 -NAN 0 0
 264.260022195256 -NAN 0 0
 266.441902070487 -NAN 0 0
 268.623179072 -NAN 0 0
 270.803859157033 -NAN 0 0
 272.983948282824 -NAN 0 0
 275.163452406611 -NAN 0 0
 277.342377485632 -NAN 0 0
 279.520729477125 10.8957181597032 0 0
 281.698514338328 8.6909606507437 0 0
 283.875738026479 9.00443045005005 0 0
 286.052406498816 26.4716504964687 0 0
 288.228525712577 26.1922004236283 0 0
 290.404101625 35.0472531738427 0 0
 292.579140193323 57.7094819791501 0 0
 294.753647374784 63.5907278836044 0 0
 296.927629126621 76.8792772944642 0 0
 299.101091406072 97.441941359658 0 0
 301.274040170375 103.248584621365 0 0
 303.446481376768 113.193594797717 0 0
 305.618420982489 126.249813943091 0 0
 307.789864944776 123.188651949692 0 0
 309.960819220867 133.437438037818 0 0
 312.131289768 143.355575918963 0 0
 314.301282543413 129.060654582936 0 0
 316.470803504344 123.131298748389 0 0
 318.639858608031 115.296567178885 0 0
 320.808453811712 96.9886762626124 0 0
 322.976595072625 99.3690086541319 0 0
 325.144288348008 91.0691509950716 0 0
 327.311539595099 73.443441632631 0 0
 329.478354771136 77.0533734844299 0 0
 331.644739833357 66.8941392012357 0 0
 333.810700739 53.1893072754828 0 0
 335.976243445303 57.669717157395 0 0
 338.141373909504 45.7175334968703 0 0
 340.306098088841 35.2892891720181 0 0
 342.470421940552 40.5170714646049 0 0
 344.634351421875 29.3545360988799 0 0
 346.797892490048 23.3022192721639 0 0
 348.961051102309 28.0705043894834 0 0
 351.123833215896 18.0190744432318 0 0
 353.286244788047 15.1485370901916 0 0
 355.448291776 19.8837285306562 0 0
 357.609980136993 10.394329571717 0 0
 359.771315828264 11.5683606818747 0 0
 361.932304807051 22.1062537731451 0 0
 364.092953030592 20.2083826209805 0 0
 366.253266456125 22.86152605634 0 0
 368.413251040888 18.3481752570731 0 0
 370.572912742119 2.7618106206528 0 0
 372.732257517056 6.6487773405036 0 0
 374.891291322937 8.49289344863674 0 0
 377.050020117 -1.81895538955846 0 0
 379.208449856483 6.19762811011428 0 0
 381.366586498624 6.32760496960583 0 0
 383.524436000661 -3.29182743723293 0 0
 385.682004319832 6.68850612369316 0 0
 387.839297413375 4.29870304870335 0 0
 389.996321238528 -3.37513783061947 0 0
 392.153081752529 7.36696137971264 0 0
 394.309584912616 2.89072826178825 0 0
 396.465836676027 -2.52642261618333 0 0
 398.621843 8.98473353643713 0 0
 400.777609841773 7.8933644019329 0 0
 402.933143158584 14.7641590453373 0 0
 405.088448907671 27.5097307311611 0 0
 407.243533046272 14.7683277495764 0 0
 409.398401531625 6.89868356845271 0 0
 411.553060320968 12.940000487209 0 0
 413.707515371539 6.77484306459281 0 0
 415.861772640576 11.1290939977728 0 0
 418.015838085317 22.0540135599668 0 0
 420.169717663 21.858654486595 0 0
 422.323417330863 34.3907483755335 0 0
 424.476943046144 51.7759183500809 0 0
 426.630300766081 63.1017682307924 0 0
 428.783496447912 91.8242284634631 0 0
 430.936536048875 131.824762585089 0 0
 433.089425526208 191.413872145533 0 0
 435.242170837149 268.43528823732 0 0
 437.394777938936 328.552548325601 0 0
 439.547252788807 380.097440234277 0 0
 441.699601344 480.216110362627 0 0
 443.851829561753 598.516017578176 0 0
 446.003943399304 704.386081328498 0 0
 448.155948813891 775.993961405923 0 0
 450.307851762752 768.54005731372 0 0
 452.459658203125 691.11845760711 0 0
 454.611374092248 591.64133375061 0 0
 456.763005387359 484.238521454283 0 0
 458.914558045696 400.538615138889 0 0
 461.066038024497 351.874307790278 0 0
 463.217451281 303.295920504173 0 0
 465.368803772443 261.99133537766 0 0
 467.520101456064 230.496103433431 0 0
 469.671350289101 186.951133734789 0 0
 471.822556228792 156.703837967656 0 0
 473.973725232375 141.884750043241 0 0
 476.124863257088 119.790109238742 0 0
 478.275976260169 113.436920163171 0 0
 480.427070198856 114.376375010104 0 0
 482.578151030387 103.437173747836 0 0
 484.729224712 106.429179715217 0 0
 486.880297200933 111.327063278795 0 0
 489.031374454424 105.698506636504 0 0
 491.182462429711 115.904665493279 0 0
 493.333567084032 123.839425474124 0 0
 495.484694374625 122.80710596531 0 0
 497.635850258728 136.649711427585 0 0
 499.787040693579 143.537620434336 0 0
 501.938271636416 143.159961868592 0 0
 504.089549044477 -NAN 0 0
 506.240878875 -NAN 0 0
 508.392267085223 -NAN 0 0
 510.543719632384 -NAN 0 0
 512.695242473721 -NAN 0 0
 514.846841566472 -NAN 0 0
 516.998522867875 -NAN 0 0
 519.150292335168 -NAN 0 0
 521.302155925589 -NAN 0 0
 523.454119596376 -NAN 0 0
 525.606189304767 -NAN 0 0
 527.758371008 -NAN 0 0
 529.910670663313 -NAN 0 0
 532.063094227944 -NAN 0 0
 534.215647659131 -NAN 0 0
 536.368336914112 -NAN 0 0
 538.521167950125 -NAN 0 0
 540.674146724408 -NAN 0 0
 542.827279194199 -NAN 0 0
 544.980571316736 -NAN 0 0
 547.134029049257 -NAN 0 0
 549.287658349 -NAN 0 0
 551.441465173203 -NAN 0 0
 553.595455479104 -NAN 0 0
 555.749635223941 -NAN 0 0
 557.904010364952 -NAN 0 0
 560.058586859375 -NAN 0 0
 562.213370664448 -NAN 0 0
 564.368367737409 -NAN 0 0
 566.523584035496 -NAN 0 0
 568.679025515947 -NAN 0 0
 570.834698136 -NAN 0 0
 572.990607852893 -NAN 0 0
 575.146760623864 -NAN 0 0
 577.303162406151 -NAN 0 0
 579.459819156992 -NAN 0 0
 581.616736833625 -NAN 0 0
 583.773921393288 -NAN 0 0
 585.931378793219 -NAN 0 0
 588.089114990656 -NAN 0 0
 590.247135942837 -NAN 0 0
 592.405447607 -NAN 0 0
 594.564055940383 -NAN 0 0
 596.722966900224 -NAN 0 0
 598.882186443761 -NAN 0 0
 601.041720528232 -NAN 0 0
 603.201575110875 -NAN 0 0
 605.361756148928 -NAN 0 0
 607.522269599629 -NAN 0 0
 609.683121420216 -NAN 0 0
 611.844317567927 -NAN 0 0
 614.005864 -NAN 0 0
 616.167766673673 -NAN 0 0
 618.330031546184 -NAN 0 0
 620.492664574771 -NAN 0 0
 622.655671716672 -NAN 0 0
 624.819058929125 -NAN 0 0
 626.982832169368 -NAN 0 0
 629.146997394639 -NAN 0 0
 631.311560562176 -NAN 0 0
 633.476527629217 -NAN 0 0
 635.641904553 -NAN 0 0
 637.807697290763 -NAN 0 0
 639.973911799744 -NAN 0 0
 642.140554037181 -NAN 0 0
 644.307629960312 -NAN 0 0
 646.475145526375 -NAN 0 0
 648.643106692608 -NAN 0 0
 650.811519416249 -NAN 0 0
 652.980389654536 -NAN 0 0
 655.149723364707 -NAN 0 0
 657.319526504 -NAN 0 0
 659.489805029653 -NAN 0 0
 661.660564898904 -NAN 0 0
 663.831812068991 -NAN 0 0
 666.003552497152 -NAN 0 0
 668.175792140625 -NAN 0 0
 670.348536956648 -NAN 0 0
 672.521792902459 -NAN 0 0
 674.695565935296 -NAN 0 0
 676.869862012397 -NAN 0 0
 679.044687091 -NAN 0 0
 681.220047128343 -NAN 0 0
 683.395948081664 -NAN 0 0
 685.572395908201 -NAN 0 0
 687.749396565192 -NAN 0 0
 689.926956009875 -NAN 0 0
 692.105080199488 -NAN 0 0
 694.283775091269 -NAN 0 0
 696.463046642456 -NAN 0 0
 698.642900810287 -NAN 0 0
 700.823343552 -NAN 0 0
 703.004380824833 -NAN 0 0
 705.186018586024 -NAN 0 0
 707.368262792811 -NAN 0 0
 709.551119402432 -NAN 0 0
 711.734594372125 -NAN 0 0
 713.918693659128 -NAN 0 0
 716.103423220679 -NAN 0 0
 718.288789014016 -NAN 0 0
 720.474796996377 -NAN 0 0
 722.661453125 -NAN 0 0
 724.848763357123 -NAN 0 0
 727.036733649984 -NAN 0 0
 729.225369960821 -NAN 0 0
 731.414678246872 -NAN 0 0
 733.604664465375 -NAN 0 0
 735.795334573568 -NAN 0 0
[END] of [DATA]
[END] of Spectrum


[Spectrum]
Version            = 1
IDData             = 12ad_2026-06-09_14-07-10_000_416
IDDevice           = SAM_82E6
IDDataType         = SPECTRUM
IDDataTypeSub1     = CALIBRATED
IDDataTypeSub2     = 
IDDataTypeSub3     = 
DateTime           = 2026-06-09 14:07:10
PositionLatitude   = 0
PositionLongitude  = 0
Comment            = 20260609_FrameE
CommentSub1        = UV
CommentSub2        = right
CommentSub3        = 33.5cm
IDMethodType       = SAM Control
MethodName         = SAM_82E6
Mission            = No Mission
MissionSub         = 1
RecordType         = 0
[Attributes]
CalFactor = 1
IDBasisSpec = 
IDDataBack = DLAB_2024-11-11_10-40-48_641_639
IDDataCal = DLAB_2024-11-12_11-45-27_171_455
IntegrationTime = 128
P31 = -1
P31e = 0
PathLength = +INF
PathLengthCustomOn = 0
RAWDynamic = 65535
Salinity = 0
Temperature = -NAN
Unit1 = $01 $01 Wavelength nm
Unit2 = $03 $06 Intensity mW/(m^2 nm)
Unit3 = $f0 $06 Error mW/(m^2 nm)
Unit4 = $f1 $00 Status 
p999 = 7884
[END] of [Attributes]
[DATA]
 0 6 0 0
 185.260577530984 -NAN 0 0
 187.468128380571 -NAN 0 0
 189.674861895872 -NAN 0 0
 191.880784034125 -NAN 0 0
 194.085900752568 -NAN 0 0
 196.290218008439 -NAN 0 0
 198.493741758976 -NAN 0 0
 200.696477961417 -NAN 0 0
 202.898432573 -NAN 0 0
 205.099611550963 -NAN 0 0
 207.300020852544 -NAN 0 0
 209.499666434981 -NAN 0 0
 211.698554255512 -NAN 0 0
 213.896690271375 -NAN 0 0
 216.094080439808 -NAN 0 0
 218.290730718049 -NAN 0 0
 220.486647063336 -NAN 0 0
 222.681835432907 -NAN 0 0
 224.876301784 -NAN 0 0
 227.070052073853 -NAN 0 0
 229.263092259704 -NAN 0 0
 231.455428298791 -NAN 0 0
 233.647066148352 -NAN 0 0
 235.838011765625 -NAN 0 0
 238.028271107848 -NAN 0 0
 240.217850132259 -NAN 0 0
 242.406754796096 -NAN 0 0
 244.594991056597 -NAN 0 0
 246.782564871 -NAN 0 0
 248.969482196543 -NAN 0 0
 251.155748990464 -NAN 0 0
 253.341371210001 -NAN 0 0
 255.526354812392 -NAN 0 0
 257.710705754875 -NAN 0 0
 259.894429994688 -NAN 0 0
 262.077533489069 -NAN 0 0
 264.260022195256 -NAN 0 0
 266.441902070487 -NAN 0 0
 268.623179072 -NAN 0 0
 270.803859157033 -NAN 0 0
 272.983948282824 -NAN 0 0
 275.163452406611 -NAN 0 0
 277.342377485632 -NAN 0 0
 279.520729477125 0.23951675165028 0 0
 281.698514338328 9.90557319754844 0 0
 283.875738026479 16.3659276950989 0 0
 286.052406498816 12.506084589903 0 0
 288.228525712577 30.0504629707366 0 0
 290.404101625 39.9316129178375 0 0
 292.579140193323 43.643443782371 0 0
 294.753647374784 69.1245598518885 0 0
 296.927629126621 78.3787304520031 0 0
 299.101091406072 85.3137669946001 0 0
 301.274040170375 108.858883904618 0 0
 303.446481376768 111.59353942531 0 0
 305.618420982489 115.692353263672 0 0
 307.789864944776 128.876279782025 0 0
 309.960819220867 129.325367037747 0 0
 312.131289768 133.341963609143 0 0
 314.301282543413 136.147936996956 0 0
 316.470803504344 116.41528873351 0 0
 318.639858608031 106.719880035827 0 0
 320.808453811712 106.108065418171 0 0
 322.976595072625 89.8165423647794 0 0
 325.144288348008 83.9907068849325 0 0
 327.311539595099 83.671673772365 0 0
 329.478354771136 64.8608417737375 0 0
 331.644739833357 62.8865255760898 0 0
 333.810700739 62.3444431750711 0 0
 335.976243445303 44.707410440615 0 0
 338.141373909504 44.9493236970142 0 0
 340.306098088841 42.2915271629654 0 0
 342.470421940552 27.850771559646 0 0
 344.634351421875 31.6998629175413 0 0
 346.797892490048 28.1208448195085 0 0
 348.961051102309 16.8208499336311 0 0
 351.123833215896 22.1821748038063 0 0
 353.286244788047 18.0065279123845 0 0
 355.448291776 9.98218885604985 0 0
 357.609980136993 16.4776805173041 0 0
 359.771315828264 12.5869553323702 0 0
 361.932304807051 12.8881343604035 0 0
 364.092953030592 28.2074738853862 0 0
 366.253266456125 21.6761877928961 0 0
 368.413251040888 9.80751912630708 0 0
 370.572912742119 12.7909154809131 0 0
 372.732257517056 2.88266066162565 0 0
 374.891291322937 0.9329533199456 0 0
 377.050020117 9.76691926437555 0 0
 379.208449856483 -0.48751314285624 0 0
 381.366586498624 0.288720831361555 0 0
 383.524436000661 8.38927821101892 0 0
 385.682004319832 -2.69193247949954 0 0
 387.839297413375 1.1008310931372 0 0
 389.996321238528 7.13304177579955 0 0
 392.153081752529 -3.8575397888344 0 0
 394.309584912616 2.02209163998881 0 0
 396.465836676027 5.97039663340821 0 0
 398.621843 -2.94231438826998 0 0
 400.777609841773 9.87402969757918 0 0
 402.933143158584 20.5038353867389 0 0
 405.088448907671 15.5163784650891 0 0
 407.243533046272 18.5449926394753 0 0
 409.398401531625 10.7681557353683 0 0
 411.553060320968 2.84682558100126 0 0
 413.707515371539 12.494925221224 0 0
 415.861772640576 13.069270287677 0 0
 418.015838085317 13.7310908312576 0 0
 420.169717663 28.4250017314293 0 0
 422.323417330863 34.3184183250341 0 0
 424.476943046144 45.346733596848 0 0
 426.630300766081 70.0720224318567 0 0
 428.783496447912 90.2402906554104 0 0
 430.936536048875 126.523849238394 0 0
 433.089425526208 197.426834990976 0 0
 435.242170837149 263.883758268544 0 0
 437.394777938936 323.669605460127 0 0
 439.547252788807 386.337396944492 0 0
 441.699601344 475.327975656637 0 0
 443.851829561753 595.647482786189 0 0
 446.003943399304 710.925140951026 0 0
 448.155948813891 769.528272860846 0 0
 450.307851762752 767.218900740196 0 0
 452.459658203125 697.381238131564 0 0
 454.611374092248 583.538250139962 0 0
 456.763005387359 484.952162421311 0 0
 458.914558045696 406.154535794236 0 0
 461.066038024497 342.495447703735 0 0
 463.217451281 305.924729717383 0 0
 465.368803772443 266.372895750414 0 0
 467.520101456064 220.386734836527 0 0
 469.671350289101 191.775831743957 0 0
 471.822556228792 159.647493285815 0 0
 473.973725232375 132.046482832752 0 0
 476.124863257088 126.717411081795 0 0
 478.275976260169 114.529274934106 0 0
 480.427070198856 105.526796018175 0 0
 482.578151030387 111.907616287724 0 0
 484.729224712 105.355166738538 0 0
 486.880297200933 103.808924419096 0 0
 489.031374454424 115.015838360318 0 0
 491.182462429711 112.70039050265 0 0
 493.333567084032 118.000001607985 0 0
 495.484694374625 132.103381568618 0 0
 497.635850258728 131.072993144261 0 0
 499.787040693579 139.303091502589 0 0
 501.938271636416 151.90861268904 0 0
 504.089549044477 -NAN 0 0
 506.240878875 -NAN 0 0
 508.392267085223 -NAN 0 0
 510.543719632384 -NAN 0 0
 512.695242473721 -NAN 0 0
 514.846841566472 -NAN 0 0
 516.998522867875 -NAN 0 0
 519.150292335168 -NAN 0 0
 521.302155925589 -NAN 0 0
 523.454119596376 -NAN 0 0
 525.606189304767 -NAN 0 0
 527.758371008 -NAN 0 0
 529.910670663313 -NAN 0 0
 532.063094227944 -NAN 0 0
 534.215647659131 -NAN 0 0
 536.368336914112 -NAN 0 0
 538.521167950125 -NAN 0 0
 540.674146724408 -NAN 0 0
 542.827279194199 -NAN 0 0
 544.980571316736 -NAN 0 0
 547.134029049257 -NAN 0 0
 549.287658349 -NAN 0 0
 551.441465173203 -NAN 0 0
 553.595455479104 -NAN 0 0
 555.749635223941 -NAN 0 0
 557.904010364952 -NAN 0 0
 560.058586859375 -NAN 0 0
 562.213370664448 -NAN 0 0
 564.368367737409 -NAN 0 0
 566.523584035496 -NAN 0 0
 568.679025515947 -NAN 0 0
 570.834698136 -NAN 0 0
 572.990607852893 -NAN 0 0
 575.146760623864 -NAN 0 0
 577.303162406151 -NAN 0 0
 579.459819156992 -NAN 0 0
 581.616736833625 -NAN 0 0
 583.773921393288 -NAN 0 0
 585.931378793219 -NAN 0 0
 588.089114990656 -NAN 0 0
 590.247135942837 -NAN 0 0
 592.405447607 -NAN 0 0
 594.564055940383 -NAN 0 0
 596.722966900224 -NAN 0 0
 598.882186443761 -NAN 0 0
 601.041720528232 -NAN 0 0
 603.201575110875 -NAN 0 0
 605.361756148928 -NAN 0 0
 607.522269599629 -NAN 0 0
 609.683121420216 -NAN 0 0
 611.844317567927 -NAN 0 0
 614.005864 -NAN 0 0
 616.167766673673 -NAN 0 0
 618.330031546184 -NAN 0 0
 620.492664574771 -NAN 0 0
 622.655671716672 -NAN 0 0
 624.819058929125 -NAN 0 0
 626.982832169368 -NAN 0 0
 629.146997394639 -NAN 0 0
 631.311560562176 -NAN 0 0
 633.476527629217 -NAN 0 0
 635.641904553 -NAN 0 0
 637.807697290763 -NAN 0 0
 639.973911799744 -NAN 0 0
 642.140554037181 -NAN 0 0
 644.307629960312 -NAN 0 0
 646.475145526375 -NAN 0 0
 648.643106692608 -NAN 0 0
 650.811519416249 -NAN 0 0
 652.980389654536 -NAN 0 0
 655.149723364707 -NAN 0 0
 657.319526504 -NAN 0 0
 659.489805029653 -NAN 0 0
 661.660564898904 -NAN 0 0
 663.831812068991 -NAN 0 0
 666.003552497152 -NAN 0 0
 668.175792140625 -NAN 0 0
 670.348536956648 -NAN 0 0
 672.521792902459 -NAN 0 0
 674.695565935296 -NAN 0 0
 676.869862012397 -NAN 0 0
 679.044687091 -NAN 0 0
 681.220047128343 -NAN 0 0
 683.395948081664 -NAN 0 0
 685.572395908201 -NAN 0 0
 687.749396565192 -NAN 0 0
 689.926956009875 -NAN 0 0
 692.105080199488 -NAN 0 0
 694.283775091269 -NAN 0 0
 696.463046642456 -NAN 0 0
 698.642900810287 -NAN 0 0
 700.823343552 -NAN 0 0
 703.004380824833 -NAN 0 0
 705.186018586024 -NAN 0 0
 707.368262792811 -NAN 0 0
 709.551119402432 -NAN 0 0
 711.734594372125 -NAN 0 0
 713.918693659128 -NAN 0 0
 716.103423220679 -NAN 0 0
 718.288789014016 -NAN 0 0
 720.474796996377 -NAN 0 0
 722.661453125 -NAN 0 0
 724.848763357123 -NAN 0 0
 727.036733649984 -NAN 0 0
 729.225369960821 -NAN 0 0
 731.414678246872 -NAN 0 0
 733.604664465375 -NAN 0 0
 735.795334573568 -NAN 0 0
[END] of [DATA]
[END] of Spectrum


[Spectrum]
Version            = 1
IDData             = 12ad_2026-06-09_14-07-05_000_413
IDDevice           = SAM_82E6
IDDataType         = SPECTRUM
IDDataTypeSub1     = CALIBRATED
IDDataTypeSub2     = 
IDDataTypeSub3     = 
DateTime           = 2026-06-09 14:07:05
PositionLatitude   = 0
PositionLongitude  = 0
Comment            = 20260609_FrameE
CommentSub1        = UV
CommentSub2        = right
CommentSub3        = 33.5cm
IDMethodType       = SAM Control
MethodName         = SAM_82E6
Mission            = No Mission
MissionSub         = 1
RecordType         = 0
[Attributes]
CalFactor = 1
IDBasisSpec = 
IDDataBack = DLAB_2024-11-11_10-40-48_641_639
IDDataCal = DLAB_2024-11-12_11-45-27_171_455
IntegrationTime = 128
P31 = -1
P31e = 0
PathLength = +INF
PathLengthCustomOn = 0
RAWDynamic = 65535
Salinity = 0
Temperature = -NAN
Unit1 = $01 $01 Wavelength nm
Unit2 = $03 $06 Intensity mW/(m^2 nm)
Unit3 = $f0 $06 Error mW/(m^2 nm)
Unit4 = $f1 $00 Status 
p999 = 7883
[END] of [Attributes]
[DATA]
 0 6 0 0
 185.260577530984 -NAN 0 0
 187.468128380571 -NAN 0 0
 189.674861895872 -NAN 0 0
 191.880784034125 -NAN 0 0
 194.085900752568 -NAN 0 0
 196.290218008439 -NAN 0 0
 198.493741758976 -NAN 0 0
 200.696477961417 -NAN 0 0
 202.898432573 -NAN 0 0
 205.099611550963 -NAN 0 0
 207.300020852544 -NAN 0 0
 209.499666434981 -NAN 0 0
 211.698554255512 -NAN 0 0
 213.896690271375 -NAN 0 0
 216.094080439808 -NAN 0 0
 218.290730718049 -NAN 0 0
 220.486647063336 -NAN 0 0
 222.681835432907 -NAN 0 0
 224.876301784 -NAN 0 0
 227.070052073853 -NAN 0 0
 229.263092259704 -NAN 0 0
 231.455428298791 -NAN 0 0
 233.647066148352 -NAN 0 0
 235.838011765625 -NAN 0 0
 238.028271107848 -NAN 0 0
 240.217850132259 -NAN 0 0
 242.406754796096 -NAN 0 0
 244.594991056597 -NAN 0 0
 246.782564871 -NAN 0 0
 248.969482196543 -NAN 0 0
 251.155748990464 -NAN 0 0
 253.341371210001 -NAN 0 0
 255.526354812392 -NAN 0 0
 257.710705754875 -NAN 0 0
 259.894429994688 -NAN 0 0
 262.077533489069 -NAN 0 0
 264.260022195256 -NAN 0 0
 266.441902070487 -NAN 0 0
 268.623179072 -NAN 0 0
 270.803859157033 -NAN 0 0
 272.983948282824 -NAN 0 0
 275.163452406611 -NAN 0 0
 277.342377485632 -NAN 0 0
 279.520729477125 0.471146231829998 0 0
 281.698514338328 8.92499256234548 0 0
 283.875738026479 16.628586142745 0 0
 286.052406498816 12.4363946883005 0 0
 288.228525712577 28.357010935578 0 0
 290.404101625 39.8879895798441 0 0
 292.579140193323 42.7638759063523 0 0
 294.753647374784 66.8168574777784 0 0
 296.927629126621 77.4493488166784 0 0
 299.101091406072 83.4546776746149 0 0
 301.274040170375 106.275941566558 0 0
 303.446481376768 109.870066812575 0 0
 305.618420982489 113.143592765533 0 0
 307.789864944776 125.938936936084 0 0
 309.960819220867 127.522756149937 0 0
 312.131289768 130.452317984734 0 0
 314.301282543413 133.266511923626 0 0
 316.470803504344 114.971169425235 0 0
 318.639858608031 104.157294046781 0 0
 320.808453811712 103.959664586603 0 0
 322.976595072625 88.8884358211355 0 0
 325.144288348008 82.0503787421572 0 0
 327.311539595099 81.8860944766511 0 0
 329.478354771136 64.3878363956723 0 0
 331.644739833357 60.8701348271247 0 0
 333.810700739 61.2609250702209 0 0
 335.976243445303 44.3498095151549 0 0
 338.141373909504 43.3651543108393 0 0
 340.306098088841 41.8354790984261 0 0
 342.470421940552 27.6936376830208 0 0
 344.634351421875 30.4171640676568 0 0
 346.797892490048 27.8236821510085 0 0
 348.961051102309 16.6612475572656 0 0
 351.123833215896 21.1814187612267 0 0
 353.286244788047 17.9738153123594 0 0
 355.448291776 9.75629821708545 0 0
 357.609980136993 15.7323870376124 0 0
 359.771315828264 12.9031821826825 0 0
 361.932304807051 12.7366036303311 0 0
 364.092953030592 27.2590989154355 0 0
 366.253266456125 22.1036102603054 0 0
 368.413251040888 9.53111464116661 0 0
 370.572912742119 12.2106466712149 0 0
 372.732257517056 3.66536589450642 0 0
 374.891291322937 0.626414755239644 0 0
 377.050020117 9.45240808196134 0 0
 379.208449856483 0.402532877007535 0 0
 381.366586498624 -0.0589425194477351 0 0
 383.524436000661 8.42338777855245 0 0
 385.682004319832 -1.78731398797102 0 0
 387.839297413375 0.24220884897544 0 0
 389.996321238528 7.34373913457015 0 0
 392.153081752529 -3.2247826454474 0 0
 394.309584912616 1.24481868170674 0 0
 396.465836676027 6.22010565227755 0 0
 398.621843 -2.48057084863286 0 0
 400.777609841773 8.71138046953731 0 0
 402.933143158584 20.7623679488157 0 0
 405.088448907671 15.1920678025629 0 0
 407.243533046272 17.4829170145714 0 0
 409.398401531625 11.1875299767337 0 0
 411.553060320968 2.87329658938821 0 0
 413.707515371539 11.8712633803007 0 0
 415.861772640576 13.6816352397773 0 0
 418.015838085317 13.666213909078 0 0
 420.169717663 27.9198253261935 0 0
 422.323417330863 35.1314447154574 0 0
 424.476943046144 44.9845760130679 0 0
 426.630300766081 69.6732289407246 0 0
 428.783496447912 90.8371123521115 0 0
 430.936536048875 125.994829128246 0 0
 433.089425526208 196.499023570365 0 0
 435.242170837149 263.327504562087 0 0
 437.394777938936 322.178105806014 0 0
 439.547252788807 385.716232102827 0 0
 441.699601344 475.850735648735 0 0
 443.851829561753 595.245703766594 0 0
 446.003943399304 711.084275464933 0 0
 448.155948813891 770.133690841047 0 0
 450.307851762752 766.704867124559 0 0
 452.459658203125 697.703593940248 0 0
 454.611374092248 584.228643133898 0 0
 456.763005387359 484.255117755842 0 0
 458.914558045696 406.465921478343 0 0
 461.066038024497 342.960060435887 0 0
 463.217451281 305.220528750747 0 0
 465.368803772443 266.683225490137 0 0
 467.520101456064 220.875120479094 0 0
 469.671350289101 191.041897427103 0 0
 471.822556228792 160.283663874441 0 0
 473.973725232375 132.191827127299 0 0
 476.124863257088 126.006634706017 0 0
 478.275976260169 115.196022505378 0 0
 480.427070198856 105.413182795119 0 0
 482.578151030387 111.211140316596 0 0
 484.729224712 106.086076714343 0 0
 486.880297200933 103.553882660427 0 0
 489.031374454424 114.740581532642 0 0
 491.182462429711 113.410714271921 0 0
 493.333567084032 117.585842279442 0 0
 495.484694374625 131.910792932474 0 0
 497.635850258728 131.849762088702 0 0
 499.787040693579 139.055216638292 0 0
 501.938271636416 152.147535125027 0 0
 504.089549044477 -NAN 0 0
 506.240878875 -NAN 0 0
 508.392267085223 -NAN 0 0
 510.543719632384 -NAN 0 0
 512.695242473721 -NAN 0 0
 514.846841566472 -NAN 0 0
 516.998522867875 -NAN 0 0
 519.150292335168 -NAN 0 0
 521.302155925589 -NAN 0 0
 523.454119596376 -NAN 0 0
 525.606189304767 -NAN 0 0
 527.758371008 -NAN 0 0
 529.910670663313 -NAN 0 0
 532.063094227944 -NAN 0 0
 534.215647659131 -NAN 0 0
 536.368336914112 -NAN 0 0
 538.521167950125 -NAN 0 0
 540.674146724408 -NAN 0 0
 542.827279194199 -NAN 0 0
 544.980571316736 -NAN 0 0
 547.134029049257 -NAN 0 0
 549.287658349 -NAN 0 0
 551.441465173203 -NAN 0 0
 553.595455479104 -NAN 0 0
 555.749635223941 -NAN 0 0
 557.904010364952 -NAN 0 0
 560.058586859375 -NAN 0 0
 562.213370664448 -NAN 0 0
 564.368367737409 -NAN 0 0
 566.523584035496 -NAN 0 0
 568.679025515947 -NAN 0 0
 570.834698136 -NAN 0 0
 572.990607852893 -NAN 0 0
 575.146760623864 -NAN 0 0
 577.303162406151 -NAN 0 0
 579.459819156992 -NAN 0 0
 581.616736833625 -NAN 0 0
 583.773921393288 -NAN 0 0
 585.931378793219 -NAN 0 0
 588.089114990656 -NAN 0 0
 590.247135942837 -NAN 0 0
 592.405447607 -NAN 0 0
 594.564055940383 -NAN 0 0
 596.722966900224 -NAN 0 0
 598.882186443761 -NAN 0 0
 601.041720528232 -NAN 0 0
 603.201575110875 -NAN 0 0
 605.361756148928 -NAN 0 0
 607.522269599629 -NAN 0 0
 609.683121420216 -NAN 0 0
 611.844317567927 -NAN 0 0
 614.005864 -NAN 0 0
 616.167766673673 -NAN 0 0
 618.330031546184 -NAN 0 0
 620.492664574771 -NAN 0 0
 622.655671716672 -NAN 0 0
 624.819058929125 -NAN 0 0
 626.982832169368 -NAN 0 0
 629.146997394639 -NAN 0 0
 631.311560562176 -NAN 0 0
 633.476527629217 -NAN 0 0
 635.641904553 -NAN 0 0
 637.807697290763 -NAN 0 0
 639.973911799744 -NAN 0 0
 642.140554037181 -NAN 0 0
 644.307629960312 -NAN 0 0
 646.475145526375 -NAN 0 0
 648.643106692608 -NAN 0 0
 650.811519416249 -NAN 0 0
 652.980389654536 -NAN 0 0
 655.149723364707 -NAN 0 0
 657.319526504 -NAN 0 0
 659.489805029653 -NAN 0 0
 661.660564898904 -NAN 0 0
 663.831812068991 -NAN 0 0
 666.003552497152 -NAN 0 0
 668.175792140625 -NAN 0 0
 670.348536956648 -NAN 0 0
 672.521792902459 -NAN 0 0
 674.695565935296 -NAN 0 0
 676.869862012397 -NAN 0 0
 679.044687091 -NAN 0 0
 681.220047128343 -NAN 0 0
 683.395948081664 -NAN 0 0
 685.572395908201 -NAN 0 0
 687.749396565192 -NAN 0 0
 689.926956009875 -NAN 0 0
 692.105080199488 -NAN 0 0
 694.283775091269 -NAN 0 0
 696.463046642456 -NAN 0 0
 698.642900810287 -NAN 0 0
 700.823343552 -NAN 0 0
 703.004380824833 -NAN 0 0
 705.186018586024 -NAN 0 0
 707.368262792811 -NAN 0 0
 709.551119402432 -NAN 0 0
 711.734594372125 -NAN 0 0
 713.918693659128 -NAN 0 0
 716.103423220679 -NAN 0 0
 718.288789014016 -NAN 0 0
 720.474796996377 -NAN 0 0
 722.661453125 -NAN 0 0
 724.848763357123 -NAN 0 0
 727.036733649984 -NAN 0 0
 729.225369960821 -NAN 0 0
 731.414678246872 -NAN 0 0
 733.604664465375 -NAN 0 0
 735.795334573568 -NAN 0 0
[END] of [DATA]
[END] of Spectrum


