[Spectrum]
Version            = 1
IDData             = 12ad_2026-06-09_10-01-50_000_307
IDDevice           = SAM_82E6
IDDataType         = SPECTRUM
IDDataTypeSub1     = CALIBRATED
IDDataTypeSub2     = 
IDDataTypeSub3     = 
DateTime           = 2026-06-09 10:01:50
PositionLatitude   = 0
PositionLongitude  = 0
Comment            = 20260609_FrameF
CommentSub1        = UV
CommentSub2        = right
CommentSub3        = 39cm
IDMethodType       = SAM Control
MethodName         = SAM_82E6
Mission            = No Mission
MissionSub         = 1
RecordType         = 0
[Attributes]
CalFactor = 1
IDBasisSpec = 
IDDataBack = DLAB_2024-11-11_10-40-48_641_639
IDDataCal = DLAB_2024-11-12_11-45-27_171_455
IntegrationTime = 128
P31 = -1
P31e = 0
PathLength = +INF
PathLengthCustomOn = 0
RAWDynamic = 65535
Salinity = 0
Temperature = -NAN
Unit1 = $01 $01 Wavelength nm
Unit2 = $03 $06 Intensity mW/(m^2 nm)
Unit3 = $f0 $06 Error mW/(m^2 nm)
Unit4 = $f1 $00 Status 
p999 = 7541
[END] of [Attributes]
[DATA]
 0 6 0 0
 185.260577530984 -NAN 0 0
 187.468128380571 -NAN 0 0
 189.674861895872 -NAN 0 0
 191.880784034125 -NAN 0 0
 194.085900752568 -NAN 0 0
 196.290218008439 -NAN 0 0
 198.493741758976 -NAN 0 0
 200.696477961417 -NAN 0 0
 202.898432573 -NAN 0 0
 205.099611550963 -NAN 0 0
 207.300020852544 -NAN 0 0
 209.499666434981 -NAN 0 0
 211.698554255512 -NAN 0 0
 213.896690271375 -NAN 0 0
 216.094080439808 -NAN 0 0
 218.290730718049 -NAN 0 0
 220.486647063336 -NAN 0 0
 222.681835432907 -NAN 0 0
 224.876301784 -NAN 0 0
 227.070052073853 -NAN 0 0
 229.263092259704 -NAN 0 0
 231.455428298791 -NAN 0 0
 233.647066148352 -NAN 0 0
 235.838011765625 -NAN 0 0
 238.028271107848 -NAN 0 0
 240.217850132259 -NAN 0 0
 242.406754796096 -NAN 0 0
 244.594991056597 -NAN 0 0
 246.782564871 -NAN 0 0
 248.969482196543 -NAN 0 0
 251.155748990464 -NAN 0 0
 253.341371210001 -NAN 0 0
 255.526354812392 -NAN 0 0
 257.710705754875 -NAN 0 0
 259.894429994688 -NAN 0 0
 262.077533489069 -NAN 0 0
 264.260022195256 -NAN 0 0
 266.441902070487 -NAN 0 0
 268.623179072 -NAN 0 0
 270.803859157033 -NAN 0 0
 272.983948282824 -NAN 0 0
 275.163452406611 -NAN 0 0
 277.342377485632 -NAN 0 0
 279.520729477125 12.4025551006573 0 0
 281.698514338328 9.28453879525323 0 0
 283.875738026479 8.37461503257609 0 0
 286.052406498816 27.2876030943988 0 0
 288.228525712577 28.4157516576097 0 0
 290.404101625 33.1161934120014 0 0
 292.579140193323 57.9434695871935 0 0
 294.753647374784 67.1932620761653 0 0
 296.927629126621 73.8448208621881 0 0
 299.101091406072 96.9747855818156 0 0
 301.274040170375 106.866560456977 0 0
 303.446481376768 108.047205094796 0 0
 305.618420982489 124.705501675021 0 0
 307.789864944776 125.848080261446 0 0
 309.960819220867 126.205380447154 0 0
 312.131289768 141.294115333325 0 0
 314.301282543413 132.539760240483 0 0
 316.470803504344 113.217945053514 0 0
 318.639858608031 113.819735494434 0 0
 320.808453811712 101.546374185344 0 0
 322.976595072625 86.4655152534108 0 0
 325.144288348008 90.0094777385262 0 0
 327.311539595099 79.4129645325876 0 0
 329.478354771136 62.5746491130892 0 0
 331.644739833357 67.379731099665 0 0
 333.810700739 59.403254002479 0 0
 335.976243445303 43.0226158365164 0 0
 338.141373909504 47.3663055353183 0 0
 340.306098088841 40.8161573827445 0 0
 342.470421940552 26.7338115866355 0 0
 344.634351421875 32.2795924957735 0 0
 346.797892490048 27.9384400920959 0 0
 348.961051102309 15.9592284090491 0 0
 351.123833215896 21.5900048412508 0 0
 353.286244788047 19.0587832131919 0 0
 355.448291776 8.71612560813984 0 0
 357.609980136993 14.7547247574996 0 0
 359.771315828264 15.0188903954858 0 0
 361.932304807051 11.8329094937395 0 0
 364.092953030592 26.5941074186486 0 0
 366.253266456125 26.5448333301352 0 0
 368.413251040888 7.50778531792339 0 0
 370.572912742119 9.50398155238444 0 0
 372.732257517056 8.95514876005892 0 0
 374.891291322937 -2.56131742422447 0 0
 377.050020117 5.56102191709078 0 0
 379.208449856483 7.58867487700829 0 0
 381.366586498624 -4.30015274619032 0 0
 383.524436000661 4.41409236138266 0 0
 385.682004319832 7.20624375092017 0 0
 387.839297413375 -4.90244027404658 0 0
 389.996321238528 3.45707518978183 0 0
 392.153081752529 6.69812597815006 0 0
 394.309584912616 -4.86018313272983 0 0
 396.465836676027 2.84366381111421 0 0
 398.621843 7.58092702800014 0 0
 400.777609841773 1.43767003056837 0 0
 402.933143158584 17.1872681565671 0 0
 405.088448907671 24.4852881132087 0 0
 407.243533046272 9.40567744664964 0 0
 409.398401531625 8.73888857291418 0 0
 411.553060320968 11.3362985624329 0 0
 413.707515371539 3.60986528684621 0 0
 415.861772640576 11.3536278135429 0 0
 418.015838085317 20.3770434199907 0 0
 420.169717663 18.9165222388736 0 0
 422.323417330863 32.120134132009 0 0
 424.476943046144 49.0792645767382 0 0
 426.630300766081 59.578229203084 0 0
 428.783496447912 87.1390095506603 0 0
 430.936536048875 128.179303134478 0 0
 433.089425526208 185.194459114875 0 0
 435.242170837149 259.821347938203 0 0
 437.394777938936 327.275261912272 0 0
 439.547252788807 386.739374713122 0 0
 441.699601344 493.520187771597 0 0
 443.851829561753 627.567988853427 0 0
 446.003943399304 740.441171033142 0 0
 448.155948813891 809.732413833022 0 0
 450.307851762752 804.547661182429 0 0
 452.459658203125 713.914941663731 0 0
 454.611374092248 597.755971424178 0 0
 456.763005387359 494.522370902534 0 0
 458.914558045696 405.446931787724 0 0
 461.066038024497 350.998064479639 0 0
 463.217451281 315.676562867453 0 0
 465.368803772443 267.334495726222 0 0
 467.520101456064 227.088114146923 0 0
 469.671350289101 196.405679934491 0 0
 471.822556228792 156.944314822463 0 0
 473.973725232375 135.40812019074 0 0
 476.124863257088 130.336613531042 0 0
 478.275976260169 114.681515629546 0 0
 480.427070198856 110.230606223702 0 0
 482.578151030387 116.801922591243 0 0
 484.729224712 108.042993178615 0 0
 486.880297200933 108.472385348435 0 0
 489.031374454424 120.345302873411 0 0
 491.182462429711 117.577723679394 0 0
 493.333567084032 122.821840457222 0 0
 495.484694374625 138.909286876957 0 0
 497.635850258728 138.727678067092 0 0
 499.787040693579 144.305162777292 0 0
 501.938271636416 159.921124112122 0 0
 504.089549044477 -NAN 0 0
 506.240878875 -NAN 0 0
 508.392267085223 -NAN 0 0
 510.543719632384 -NAN 0 0
 512.695242473721 -NAN 0 0
 514.846841566472 -NAN 0 0
 516.998522867875 -NAN 0 0
 519.150292335168 -NAN 0 0
 521.302155925589 -NAN 0 0
 523.454119596376 -NAN 0 0
 525.606189304767 -NAN 0 0
 527.758371008 -NAN 0 0
 529.910670663313 -NAN 0 0
 532.063094227944 -NAN 0 0
 534.215647659131 -NAN 0 0
 536.368336914112 -NAN 0 0
 538.521167950125 -NAN 0 0
 540.674146724408 -NAN 0 0
 542.827279194199 -NAN 0 0
 544.980571316736 -NAN 0 0
 547.134029049257 -NAN 0 0
 549.287658349 -NAN 0 0
 551.441465173203 -NAN 0 0
 553.595455479104 -NAN 0 0
 555.749635223941 -NAN 0 0
 557.904010364952 -NAN 0 0
 560.058586859375 -NAN 0 0
 562.213370664448 -NAN 0 0
 564.368367737409 -NAN 0 0
 566.523584035496 -NAN 0 0
 568.679025515947 -NAN 0 0
 570.834698136 -NAN 0 0
 572.990607852893 -NAN 0 0
 575.146760623864 -NAN 0 0
 577.303162406151 -NAN 0 0
 579.459819156992 -NAN 0 0
 581.616736833625 -NAN 0 0
 583.773921393288 -NAN 0 0
 585.931378793219 -NAN 0 0
 588.089114990656 -NAN 0 0
 590.247135942837 -NAN 0 0
 592.405447607 -NAN 0 0
 594.564055940383 -NAN 0 0
 596.722966900224 -NAN 0 0
 598.882186443761 -NAN 0 0
 601.041720528232 -NAN 0 0
 603.201575110875 -NAN 0 0
 605.361756148928 -NAN 0 0
 607.522269599629 -NAN 0 0
 609.683121420216 -NAN 0 0
 611.844317567927 -NAN 0 0
 614.005864 -NAN 0 0
 616.167766673673 -NAN 0 0
 618.330031546184 -NAN 0 0
 620.492664574771 -NAN 0 0
 622.655671716672 -NAN 0 0
 624.819058929125 -NAN 0 0
 626.982832169368 -NAN 0 0
 629.146997394639 -NAN 0 0
 631.311560562176 -NAN 0 0
 633.476527629217 -NAN 0 0
 635.641904553 -NAN 0 0
 637.807697290763 -NAN 0 0
 639.973911799744 -NAN 0 0
 642.140554037181 -NAN 0 0
 644.307629960312 -NAN 0 0
 646.475145526375 -NAN 0 0
 648.643106692608 -NAN 0 0
 650.811519416249 -NAN 0 0
 652.980389654536 -NAN 0 0
 655.149723364707 -NAN 0 0
 657.319526504 -NAN 0 0
 659.489805029653 -NAN 0 0
 661.660564898904 -NAN 0 0
 663.831812068991 -NAN 0 0
 666.003552497152 -NAN 0 0
 668.175792140625 -NAN 0 0
 670.348536956648 -NAN 0 0
 672.521792902459 -NAN 0 0
 674.695565935296 -NAN 0 0
 676.869862012397 -NAN 0 0
 679.044687091 -NAN 0 0
 681.220047128343 -NAN 0 0
 683.395948081664 -NAN 0 0
 685.572395908201 -NAN 0 0
 687.749396565192 -NAN 0 0
 689.926956009875 -NAN 0 0
 692.105080199488 -NAN 0 0
 694.283775091269 -NAN 0 0
 696.463046642456 -NAN 0 0
 698.642900810287 -NAN 0 0
 700.823343552 -NAN 0 0
 703.004380824833 -NAN 0 0
 705.186018586024 -NAN 0 0
 707.368262792811 -NAN 0 0
 709.551119402432 -NAN 0 0
 711.734594372125 -NAN 0 0
 713.918693659128 -NAN 0 0
 716.103423220679 -NAN 0 0
 718.288789014016 -NAN 0 0
 720.474796996377 -NAN 0 0
 722.661453125 -NAN 0 0
 724.848763357123 -NAN 0 0
 727.036733649984 -NAN 0 0
 729.225369960821 -NAN 0 0
 731.414678246872 -NAN 0 0
 733.604664465375 -NAN 0 0
 735.795334573568 -NAN 0 0
[END] of [DATA]
[END] of Spectrum


[Spectrum]
Version            = 1
IDData             = 12ad_2026-06-09_10-01-45_000_304
IDDevice           = SAM_82E6
IDDataType         = SPECTRUM
IDDataTypeSub1     = CALIBRATED
IDDataTypeSub2     = 
IDDataTypeSub3     = 
DateTime           = 2026-06-09 10:01:45
PositionLatitude   = 0
PositionLongitude  = 0
Comment            = 20260609_FrameF
CommentSub1        = UV
CommentSub2        = right
CommentSub3        = 39cm
IDMethodType       = SAM Control
MethodName         = SAM_82E6
Mission            = No Mission
MissionSub         = 1
RecordType         = 0
[Attributes]
CalFactor = 1
IDBasisSpec = 
IDDataBack = DLAB_2024-11-11_10-40-48_641_639
IDDataCal = DLAB_2024-11-12_11-45-27_171_455
IntegrationTime = 128
P31 = -1
P31e = 0
PathLength = +INF
PathLengthCustomOn = 0
RAWDynamic = 65535
Salinity = 0
Temperature = -NAN
Unit1 = $01 $01 Wavelength nm
Unit2 = $03 $06 Intensity mW/(m^2 nm)
Unit3 = $f0 $06 Error mW/(m^2 nm)
Unit4 = $f1 $00 Status 
p999 = 7540
[END] of [Attributes]
[DATA]
 0 6 0 0
 185.260577530984 -NAN 0 0
 187.468128380571 -NAN 0 0
 189.674861895872 -NAN 0 0
 191.880784034125 -NAN 0 0
 194.085900752568 -NAN 0 0
 196.290218008439 -NAN 0 0
 198.493741758976 -NAN 0 0
 200.696477961417 -NAN 0 0
 202.898432573 -NAN 0 0
 205.099611550963 -NAN 0 0
 207.300020852544 -NAN 0 0
 209.499666434981 -NAN 0 0
 211.698554255512 -NAN 0 0
 213.896690271375 -NAN 0 0
 216.094080439808 -NAN 0 0
 218.290730718049 -NAN 0 0
 220.486647063336 -NAN 0 0
 222.681835432907 -NAN 0 0
 224.876301784 -NAN 0 0
 227.070052073853 -NAN 0 0
 229.263092259704 -NAN 0 0
 231.455428298791 -NAN 0 0
 233.647066148352 -NAN 0 0
 235.838011765625 -NAN 0 0
 238.028271107848 -NAN 0 0
 240.217850132259 -NAN 0 0
 242.406754796096 -NAN 0 0
 244.594991056597 -NAN 0 0
 246.782564871 -NAN 0 0
 248.969482196543 -NAN 0 0
 251.155748990464 -NAN 0 0
 253.341371210001 -NAN 0 0
 255.526354812392 -NAN 0 0
 257.710705754875 -NAN 0 0
 259.894429994688 -NAN 0 0
 262.077533489069 -NAN 0 0
 264.260022195256 -NAN 0 0
 266.441902070487 -NAN 0 0
 268.623179072 -NAN 0 0
 270.803859157033 -NAN 0 0
 272.983948282824 -NAN 0 0
 275.163452406611 -NAN 0 0
 277.342377485632 -NAN 0 0
 279.520729477125 8.99286952682899 0 0
 281.698514338328 1.44512347701726 0 0
 283.875738026479 14.5739192539006 0 0
 286.052406498816 23.1294389654453 0 0
 288.228525712577 18.8711006777228 0 0
 290.404101625 38.8977398073938 0 0
 292.579140193323 53.5766406129855 0 0
 294.753647374784 57.0152817357843 0 0
 296.927629126621 77.2017676433337 0 0
 299.101091406072 92.7894511640025 0 0
 301.274040170375 96.8179168596725 0 0
 303.446481376768 110.128915360876 0 0
 305.618420982489 120.367231696333 0 0
 307.789864944776 115.898739937568 0 0
 309.960819220867 127.48709298489 0 0
 312.131289768 136.87637829227 0 0
 314.301282543413 121.821045016129 0 0
 316.470803504344 115.172759684004 0 0
 318.639858608031 110.135374915806 0 0
 320.808453811712 90.1627782054377 0 0
 322.976595072625 89.6267023899432 0 0
 325.144288348008 87.6158288838228 0 0
 327.311539595099 67.6146540466224 0 0
 329.478354771136 66.1861492952975 0 0
 331.644739833357 66.0443533789846 0 0
 333.810700739 47.8102023669777 0 0
 335.976243445303 46.8660989540633 0 0
 338.141373909504 47.0601451397632 0 0
 340.306098088841 30.8699662608872 0 0
 342.470421940552 30.1724245867826 0 0
 344.634351421875 32.8882456755226 0 0
 346.797892490048 19.2603237892321 0 0
 348.961051102309 18.8922112095057 0 0
 351.123833215896 22.595238539502 0 0
 353.286244788047 11.4018539673168 0 0
 355.448291776 11.5021101553675 0 0
 357.609980136993 16.4102186075044 0 0
 359.771315828264 7.65962471577042 0 0
 361.932304807051 14.3408528813156 0 0
 364.092953030592 28.5631144991177 0 0
 366.253266456125 18.7858309436116 0 0
 368.413251040888 10.2548579641002 0 0
 370.572912742119 12.6665721645492 0 0
 372.732257517056 0.546285541476568 0 0
 374.891291322937 0.485245679388217 0 0
 377.050020117 9.68001485870846 0 0
 379.208449856483 -1.2558075845311 0 0
 381.366586498624 -1.19944790198065 0 0
 383.524436000661 8.83696628489644 0 0
 385.682004319832 -1.68063727906436 0 0
 387.839297413375 -2.12537823022307 0 0
 389.996321238528 8.68798828352658 0 0
 392.153081752529 -1.79691619688331 0 0
 394.309584912616 -2.40836422221901 0 0
 396.465836676027 8.20569510877081 0 0
 398.621843 -0.159911507180777 0 0
 400.777609841773 3.33120165923613 0 0
 402.933143158584 22.3629886640266 0 0
 405.088448907671 16.6772632229952 0 0
 407.243533046272 10.6008095256803 0 0
 409.398401531625 13.9959623963695 0 0
 411.553060320968 5.06046365736001 0 0
 413.707515371539 4.79142870655456 0 0
 415.861772640576 16.5321940918039 0 0
 418.015838085317 14.8192537532702 0 0
 420.169717663 19.7490226819587 0 0
 422.323417330863 36.8810994813345 0 0
 424.476943046144 44.3321597775818 0 0
 426.630300766081 59.8872509992427 0 0
 428.783496447912 91.7197003696906 0 0
 430.936536048875 123.564797500794 0 0
 433.089425526208 184.464192185215 0 0
 435.242170837149 263.114114131593 0 0
 437.394777938936 322.036629150721 0 0
 439.547252788807 385.980712445567 0 0
 441.699601344 498.341744554065 0 0
 443.851829561753 623.242168075782 0 0
 446.003943399304 739.761854882378 0 0
 448.155948813891 814.958311644731 0 0
 450.307851762752 799.95202029596 0 0
 452.459658203125 712.879327312845 0 0
 454.611374092248 603.659497190509 0 0
 456.763005387359 489.705538438354 0 0
 458.914558045696 404.043700147167 0 0
 461.066038024497 357.415018398711 0 0
 463.217451281 311.037976559197 0 0
 465.368803772443 265.508405761186 0 0
 467.520101456064 233.602064756772 0 0
 469.671350289101 191.532269470665 0 0
 471.822556228792 154.699135459857 0 0
 473.973725232375 142.322985113166 0 0
 476.124863257088 125.372250183711 0 0
 478.275976260169 111.798943629745 0 0
 480.427070198856 117.08527068139 0 0
 482.578151030387 111.998024226284 0 0
 484.729224712 104.822071847928 0 0
 486.880297200933 115.134791991549 0 0
 489.031374454424 115.811397728113 0 0
 491.182462429711 114.057376948664 0 0
 493.333567084032 129.53300291005 0 0
 495.484694374625 134.623636307126 0 0
 497.635850258728 134.716566116702 0 0
 499.787040693579 150.662935612429 0 0
 501.938271636416 156.025181687467 0 0
 504.089549044477 -NAN 0 0
 506.240878875 -NAN 0 0
 508.392267085223 -NAN 0 0
 510.543719632384 -NAN 0 0
 512.695242473721 -NAN 0 0
 514.846841566472 -NAN 0 0
 516.998522867875 -NAN 0 0
 519.150292335168 -NAN 0 0
 521.302155925589 -NAN 0 0
 523.454119596376 -NAN 0 0
 525.606189304767 -NAN 0 0
 527.758371008 -NAN 0 0
 529.910670663313 -NAN 0 0
 532.063094227944 -NAN 0 0
 534.215647659131 -NAN 0 0
 536.368336914112 -NAN 0 0
 538.521167950125 -NAN 0 0
 540.674146724408 -NAN 0 0
 542.827279194199 -NAN 0 0
 544.980571316736 -NAN 0 0
 547.134029049257 -NAN 0 0
 549.287658349 -NAN 0 0
 551.441465173203 -NAN 0 0
 553.595455479104 -NAN 0 0
 555.749635223941 -NAN 0 0
 557.904010364952 -NAN 0 0
 560.058586859375 -NAN 0 0
 562.213370664448 -NAN 0 0
 564.368367737409 -NAN 0 0
 566.523584035496 -NAN 0 0
 568.679025515947 -NAN 0 0
 570.834698136 -NAN 0 0
 572.990607852893 -NAN 0 0
 575.146760623864 -NAN 0 0
 577.303162406151 -NAN 0 0
 579.459819156992 -NAN 0 0
 581.616736833625 -NAN 0 0
 583.773921393288 -NAN 0 0
 585.931378793219 -NAN 0 0
 588.089114990656 -NAN 0 0
 590.247135942837 -NAN 0 0
 592.405447607 -NAN 0 0
 594.564055940383 -NAN 0 0
 596.722966900224 -NAN 0 0
 598.882186443761 -NAN 0 0
 601.041720528232 -NAN 0 0
 603.201575110875 -NAN 0 0
 605.361756148928 -NAN 0 0
 607.522269599629 -NAN 0 0
 609.683121420216 -NAN 0 0
 611.844317567927 -NAN 0 0
 614.005864 -NAN 0 0
 616.167766673673 -NAN 0 0
 618.330031546184 -NAN 0 0
 620.492664574771 -NAN 0 0
 622.655671716672 -NAN 0 0
 624.819058929125 -NAN 0 0
 626.982832169368 -NAN 0 0
 629.146997394639 -NAN 0 0
 631.311560562176 -NAN 0 0
 633.476527629217 -NAN 0 0
 635.641904553 -NAN 0 0
 637.807697290763 -NAN 0 0
 639.973911799744 -NAN 0 0
 642.140554037181 -NAN 0 0
 644.307629960312 -NAN 0 0
 646.475145526375 -NAN 0 0
 648.643106692608 -NAN 0 0
 650.811519416249 -NAN 0 0
 652.980389654536 -NAN 0 0
 655.149723364707 -NAN 0 0
 657.319526504 -NAN 0 0
 659.489805029653 -NAN 0 0
 661.660564898904 -NAN 0 0
 663.831812068991 -NAN 0 0
 666.003552497152 -NAN 0 0
 668.175792140625 -NAN 0 0
 670.348536956648 -NAN 0 0
 672.521792902459 -NAN 0 0
 674.695565935296 -NAN 0 0
 676.869862012397 -NAN 0 0
 679.044687091 -NAN 0 0
 681.220047128343 -NAN 0 0
 683.395948081664 -NAN 0 0
 685.572395908201 -NAN 0 0
 687.749396565192 -NAN 0 0
 689.926956009875 -NAN 0 0
 692.105080199488 -NAN 0 0
 694.283775091269 -NAN 0 0
 696.463046642456 -NAN 0 0
 698.642900810287 -NAN 0 0
 700.823343552 -NAN 0 0
 703.004380824833 -NAN 0 0
 705.186018586024 -NAN 0 0
 707.368262792811 -NAN 0 0
 709.551119402432 -NAN 0 0
 711.734594372125 -NAN 0 0
 713.918693659128 -NAN 0 0
 716.103423220679 -NAN 0 0
 718.288789014016 -NAN 0 0
 720.474796996377 -NAN 0 0
 722.661453125 -NAN 0 0
 724.848763357123 -NAN 0 0
 727.036733649984 -NAN 0 0
 729.225369960821 -NAN 0 0
 731.414678246872 -NAN 0 0
 733.604664465375 -NAN 0 0
 735.795334573568 -NAN 0 0
[END] of [DATA]
[END] of Spectrum


[Spectrum]
Version            = 1
IDData             = 12ad_2026-06-09_10-01-40_000_301
IDDevice           = SAM_82E6
IDDataType         = SPECTRUM
IDDataTypeSub1     = CALIBRATED
IDDataTypeSub2     = 
IDDataTypeSub3     = 
DateTime           = 2026-06-09 10:01:40
PositionLatitude   = 0
PositionLongitude  = 0
Comment            = 20260609_FrameF
CommentSub1        = UV
CommentSub2        = right
CommentSub3        = 39cm
IDMethodType       = SAM Control
MethodName         = SAM_82E6
Mission            = No Mission
MissionSub         = 1
RecordType         = 0
[Attributes]
CalFactor = 1
IDBasisSpec = 
IDDataBack = DLAB_2024-11-11_10-40-48_641_639
IDDataCal = DLAB_2024-11-12_11-45-27_171_455
IntegrationTime = 128
P31 = -1
P31e = 0
PathLength = +INF
PathLengthCustomOn = 0
RAWDynamic = 65535
Salinity = 0
Temperature = -NAN
Unit1 = $01 $01 Wavelength nm
Unit2 = $03 $06 Intensity mW/(m^2 nm)
Unit3 = $f0 $06 Error mW/(m^2 nm)
Unit4 = $f1 $00 Status 
p999 = 7539
[END] of [Attributes]
[DATA]
 0 6 0 0
 185.260577530984 -NAN 0 0
 187.468128380571 -NAN 0 0
 189.674861895872 -NAN 0 0
 191.880784034125 -NAN 0 0
 194.085900752568 -NAN 0 0
 196.290218008439 -NAN 0 0
 198.493741758976 -NAN 0 0
 200.696477961417 -NAN 0 0
 202.898432573 -NAN 0 0
 205.099611550963 -NAN 0 0
 207.300020852544 -NAN 0 0
 209.499666434981 -NAN 0 0
 211.698554255512 -NAN 0 0
 213.896690271375 -NAN 0 0
 216.094080439808 -NAN 0 0
 218.290730718049 -NAN 0 0
 220.486647063336 -NAN 0 0
 222.681835432907 -NAN 0 0
 224.876301784 -NAN 0 0
 227.070052073853 -NAN 0 0
 229.263092259704 -NAN 0 0
 231.455428298791 -NAN 0 0
 233.647066148352 -NAN 0 0
 235.838011765625 -NAN 0 0
 238.028271107848 -NAN 0 0
 240.217850132259 -NAN 0 0
 242.406754796096 -NAN 0 0
 244.594991056597 -NAN 0 0
 246.782564871 -NAN 0 0
 248.969482196543 -NAN 0 0
 251.155748990464 -NAN 0 0
 253.341371210001 -NAN 0 0
 255.526354812392 -NAN 0 0
 257.710705754875 -NAN 0 0
 259.894429994688 -NAN 0 0
 262.077533489069 -NAN 0 0
 264.260022195256 -NAN 0 0
 266.441902070487 -NAN 0 0
 268.623179072 -NAN 0 0
 270.803859157033 -NAN 0 0
 272.983948282824 -NAN 0 0
 275.163452406611 -NAN 0 0
 277.342377485632 -NAN 0 0
 279.520729477125 11.7126479392618 0 0
 281.698514338328 8.7014201775192 0 0
 283.875738026479 7.16017274776081 0 0
 286.052406498816 25.6208529477373 0 0
 288.228525712577 27.080474756791 0 0
 290.404101625 30.7140015998313 0 0
 292.579140193323 54.8029612093577 0 0
 294.753647374784 63.9958761058681 0 0
 296.927629126621 69.416291976925 0 0
 299.101091406072 92.1745216196997 0 0
 301.274040170375 101.879369904874 0 0
 303.446481376768 102.586265257232 0 0
 305.618420982489 118.495989811624 0 0
 307.789864944776 120.138005485967 0 0
 309.960819220867 119.45963874349 0 0
 312.131289768 134.391823175955 0 0
 314.301282543413 126.53737273906 0 0
 316.470803504344 107.021182674858 0 0
 318.639858608031 108.08221867157 0 0
 320.808453811712 96.7836863443587 0 0
 322.976595072625 81.5606127924566 0 0
 325.144288348008 85.6235276657947 0 0
 327.311539595099 75.6717507701394 0 0
 329.478354771136 58.4306460209837 0 0
 331.644739833357 63.5749409198995 0 0
 333.810700739 56.5849227570762 0 0
 335.976243445303 39.6791925496941 0 0
 338.141373909504 44.9956690779927 0 0
 340.306098088841 38.8426636748869 0 0
 342.470421940552 24.4763215591209 0 0
 344.634351421875 30.5190254469124 0 0
 346.797892490048 26.6603990218801 0 0
 348.961051102309 14.2359853598849 0 0
 351.123833215896 20.3049176635311 0 0
 353.286244788047 18.0621393324272 0 0
 355.448291776 7.53934294610624 0 0
 357.609980136993 13.7759916534217 0 0
 359.771315828264 14.3068421815174 0 0
 361.932304807051 10.6514090186817 0 0
 364.092953030592 25.176061035008 0 0
 366.253266456125 25.624590422161 0 0
 368.413251040888 6.44338559005788 0 0
 370.572912742119 8.51425899385155 0 0
 372.732257517056 8.42030018425707 0 0
 374.891291322937 -3.33035277076747 0 0
 377.050020117 4.92096407217765 0 0
 379.208449856483 7.41794277885832 0 0
 381.366586498624 -4.82871410067274 0 0
 383.524436000661 3.44765461459945 0 0
 385.682004319832 6.8278970233312 0 0
 387.839297413375 -5.35583815875246 0 0
 389.996321238528 2.7547506605465 0 0
 392.153081752529 6.55381294544776 0 0
 394.309584912616 -5.29654689878292 0 0
 396.465836676027 2.02741067416499 0 0
 398.621843 7.68176757113928 0 0
 400.777609841773 0.834236874179741 0 0
 402.933143158584 15.7323888366446 0 0
 405.088448907671 23.229812745399 0 0
 407.243533046272 8.36260988662092 0 0
 409.398401531625 7.79472361421166 0 0
 411.553060320968 11.2811506282934 0 0
 413.707515371539 3.32773254928568 0 0
 415.861772640576 10.8984365324817 0 0
 418.015838085317 20.3278942365213 0 0
 420.169717663 18.7670505684106 0 0
 422.323417330863 31.6129082082539 0 0
 424.476943046144 49.2106354649721 0 0
 426.630300766081 59.3796956468927 0 0
 428.783496447912 86.5657909719079 0 0
 430.936536048875 127.782126042436 0 0
 433.089425526208 183.434370084851 0 0
 435.242170837149 256.774739994221 0 0
 437.394777938936 325.005241002476 0 0
 439.547252788807 385.679835725386 0 0
 441.699601344 492.828106146838 0 0
 443.851829561753 627.571337011923 0 0
 446.003943399304 740.398392938006 0 0
 448.155948813891 809.341085689298 0 0
 450.307851762752 804.470105233403 0 0
 452.459658203125 713.651869681932 0 0
 454.611374092248 597.33184570063 0 0
 456.763005387359 494.438413141707 0 0
 458.914558045696 405.199420090101 0 0
 461.066038024497 350.561980599461 0 0
 463.217451281 315.811586651616 0 0
 465.368803772443 267.433716799467 0 0
 467.520101456064 226.687552238326 0 0
 469.671350289101 196.585374767231 0 0
 471.822556228792 157.047064024062 0 0
 473.973725232375 135.016131032717 0 0
 476.124863257088 130.38089866349 0 0
 478.275976260169 114.62595333194 0 0
 480.427070198856 109.793975013528 0 0
 482.578151030387 116.705933915735 0 0
 484.729224712 108.107813940995 0 0
 486.880297200933 107.792273991985 0 0
 489.031374454424 120.369919337674 0 0
 491.182462429711 117.662605136099 0 0
 493.333567084032 122.265174693052 0 0
 495.484694374625 138.973483089005 0 0
 497.635850258728 138.613576414236 0 0
 499.787040693579 143.918130094442 0 0
 501.938271636416 159.925429020878 0 0
 504.089549044477 -NAN 0 0
 506.240878875 -NAN 0 0
 508.392267085223 -NAN 0 0
 510.543719632384 -NAN 0 0
 512.695242473721 -NAN 0 0
 514.846841566472 -NAN 0 0
 516.998522867875 -NAN 0 0
 519.150292335168 -NAN 0 0
 521.302155925589 -NAN 0 0
 523.454119596376 -NAN 0 0
 525.606189304767 -NAN 0 0
 527.758371008 -NAN 0 0
 529.910670663313 -NAN 0 0
 532.063094227944 -NAN 0 0
 534.215647659131 -NAN 0 0
 536.368336914112 -NAN 0 0
 538.521167950125 -NAN 0 0
 540.674146724408 -NAN 0 0
 542.827279194199 -NAN 0 0
 544.980571316736 -NAN 0 0
 547.134029049257 -NAN 0 0
 549.287658349 -NAN 0 0
 551.441465173203 -NAN 0 0
 553.595455479104 -NAN 0 0
 555.749635223941 -NAN 0 0
 557.904010364952 -NAN 0 0
 560.058586859375 -NAN 0 0
 562.213370664448 -NAN 0 0
 564.368367737409 -NAN 0 0
 566.523584035496 -NAN 0 0
 568.679025515947 -NAN 0 0
 570.834698136 -NAN 0 0
 572.990607852893 -NAN 0 0
 575.146760623864 -NAN 0 0
 577.303162406151 -NAN 0 0
 579.459819156992 -NAN 0 0
 581.616736833625 -NAN 0 0
 583.773921393288 -NAN 0 0
 585.931378793219 -NAN 0 0
 588.089114990656 -NAN 0 0
 590.247135942837 -NAN 0 0
 592.405447607 -NAN 0 0
 594.564055940383 -NAN 0 0
 596.722966900224 -NAN 0 0
 598.882186443761 -NAN 0 0
 601.041720528232 -NAN 0 0
 603.201575110875 -NAN 0 0
 605.361756148928 -NAN 0 0
 607.522269599629 -NAN 0 0
 609.683121420216 -NAN 0 0
 611.844317567927 -NAN 0 0
 614.005864 -NAN 0 0
 616.167766673673 -NAN 0 0
 618.330031546184 -NAN 0 0
 620.492664574771 -NAN 0 0
 622.655671716672 -NAN 0 0
 624.819058929125 -NAN 0 0
 626.982832169368 -NAN 0 0
 629.146997394639 -NAN 0 0
 631.311560562176 -NAN 0 0
 633.476527629217 -NAN 0 0
 635.641904553 -NAN 0 0
 637.807697290763 -NAN 0 0
 639.973911799744 -NAN 0 0
 642.140554037181 -NAN 0 0
 644.307629960312 -NAN 0 0
 646.475145526375 -NAN 0 0
 648.643106692608 -NAN 0 0
 650.811519416249 -NAN 0 0
 652.980389654536 -NAN 0 0
 655.149723364707 -NAN 0 0
 657.319526504 -NAN 0 0
 659.489805029653 -NAN 0 0
 661.660564898904 -NAN 0 0
 663.831812068991 -NAN 0 0
 666.003552497152 -NAN 0 0
 668.175792140625 -NAN 0 0
 670.348536956648 -NAN 0 0
 672.521792902459 -NAN 0 0
 674.695565935296 -NAN 0 0
 676.869862012397 -NAN 0 0
 679.044687091 -NAN 0 0
 681.220047128343 -NAN 0 0
 683.395948081664 -NAN 0 0
 685.572395908201 -NAN 0 0
 687.749396565192 -NAN 0 0
 689.926956009875 -NAN 0 0
 692.105080199488 -NAN 0 0
 694.283775091269 -NAN 0 0
 696.463046642456 -NAN 0 0
 698.642900810287 -NAN 0 0
 700.823343552 -NAN 0 0
 703.004380824833 -NAN 0 0
 705.186018586024 -NAN 0 0
 707.368262792811 -NAN 0 0
 709.551119402432 -NAN 0 0
 711.734594372125 -NAN 0 0
 713.918693659128 -NAN 0 0
 716.103423220679 -NAN 0 0
 718.288789014016 -NAN 0 0
 720.474796996377 -NAN 0 0
 722.661453125 -NAN 0 0
 724.848763357123 -NAN 0 0
 727.036733649984 -NAN 0 0
 729.225369960821 -NAN 0 0
 731.414678246872 -NAN 0 0
 733.604664465375 -NAN 0 0
 735.795334573568 -NAN 0 0
[END] of [DATA]
[END] of Spectrum


[Spectrum]
Version            = 1
IDData             = 12ad_2026-06-09_10-01-35_000_298
IDDevice           = SAM_82E6
IDDataType         = SPECTRUM
IDDataTypeSub1     = CALIBRATED
IDDataTypeSub2     = 
IDDataTypeSub3     = 
DateTime           = 2026-06-09 10:01:35
PositionLatitude   = 0
PositionLongitude  = 0
Comment            = 20260609_FrameF
CommentSub1        = UV
CommentSub2        = right
CommentSub3        = 39cm
IDMethodType       = SAM Control
MethodName         = SAM_82E6
Mission            = No Mission
MissionSub         = 1
RecordType         = 0
[Attributes]
CalFactor = 1
IDBasisSpec = 
IDDataBack = DLAB_2024-11-11_10-40-48_641_639
IDDataCal = DLAB_2024-11-12_11-45-27_171_455
IntegrationTime = 128
P31 = -1
P31e = 0
PathLength = +INF
PathLengthCustomOn = 0
RAWDynamic = 65535
Salinity = 0
Temperature = -NAN
Unit1 = $01 $01 Wavelength nm
Unit2 = $03 $06 Intensity mW/(m^2 nm)
Unit3 = $f0 $06 Error mW/(m^2 nm)
Unit4 = $f1 $00 Status 
p999 = 7538
[END] of [Attributes]
[DATA]
 0 6 0 0
 185.260577530984 -NAN 0 0
 187.468128380571 -NAN 0 0
 189.674861895872 -NAN 0 0
 191.880784034125 -NAN 0 0
 194.085900752568 -NAN 0 0
 196.290218008439 -NAN 0 0
 198.493741758976 -NAN 0 0
 200.696477961417 -NAN 0 0
 202.898432573 -NAN 0 0
 205.099611550963 -NAN 0 0
 207.300020852544 -NAN 0 0
 209.499666434981 -NAN 0 0
 211.698554255512 -NAN 0 0
 213.896690271375 -NAN 0 0
 216.094080439808 -NAN 0 0
 218.290730718049 -NAN 0 0
 220.486647063336 -NAN 0 0
 222.681835432907 -NAN 0 0
 224.876301784 -NAN 0 0
 227.070052073853 -NAN 0 0
 229.263092259704 -NAN 0 0
 231.455428298791 -NAN 0 0
 233.647066148352 -NAN 0 0
 235.838011765625 -NAN 0 0
 238.028271107848 -NAN 0 0
 240.217850132259 -NAN 0 0
 242.406754796096 -NAN 0 0
 244.594991056597 -NAN 0 0
 246.782564871 -NAN 0 0
 248.969482196543 -NAN 0 0
 251.155748990464 -NAN 0 0
 253.341371210001 -NAN 0 0
 255.526354812392 -NAN 0 0
 257.710705754875 -NAN 0 0
 259.894429994688 -NAN 0 0
 262.077533489069 -NAN 0 0
 264.260022195256 -NAN 0 0
 266.441902070487 -NAN 0 0
 268.623179072 -NAN 0 0
 270.803859157033 -NAN 0 0
 272.983948282824 -NAN 0 0
 275.163452406611 -NAN 0 0
 277.342377485632 -NAN 0 0
 279.520729477125 1.84224331611962 0 0
 281.698514338328 6.34018200795046 0 0
 283.875738026479 19.7847239410731 0 0
 286.052406498816 14.4530462159249 0 0
 288.228525712577 23.1777984930245 0 0
 290.404101625 43.2687982743329 0 0
 292.579140193323 43.8844792099338 0 0
 294.753647374784 58.6167122089212 0 0
 296.927629126621 79.7842297283753 0 0
 299.101091406072 82.2784461625473 0 0
 301.274040170375 95.6482825933812 0 0
 303.446481376768 110.541762412596 0 0
 305.618420982489 109.333357134772 0 0
 307.789864944776 113.185866523086 0 0
 309.960819220867 127.37037717201 0 0
 312.131289768 125.067989981308 0 0
 314.301282543413 118.597755951049 0 0
 316.470803504344 116.910101186853 0 0
 318.639858608031 99.0900118124166 0 0
 320.808453811712 88.8210260132318 0 0
 322.976595072625 94.2081737826578 0 0
 325.144288348008 77.1952272956148 0 0
 327.311539595099 67.1396723620483 0 0
 329.478354771136 72.9331694050572 0 0
 331.644739833357 56.7707324894708 0 0
 333.810700739 48.0233534695712 0 0
 335.976243445303 54.2972206246004 0 0
 338.141373909504 39.2488418366561 0 0
 340.306098088841 31.0409842850894 0 0
 342.470421940552 37.9269813982337 0 0
 344.634351421875 26.4143891272819 0 0
 346.797892490048 19.4995034980248 0 0
 348.961051102309 26.2824951586057 0 0
 351.123833215896 17.4168297554154 0 0
 353.286244788047 11.5785020074524 0 0
 355.448291776 18.9565012411928 0 0
 357.609980136993 11.8228087411261 0 0
 359.771315828264 7.67898554334055 0 0
 361.932304807051 22.1282147485179 0 0
 364.092953030592 23.8076914355077 0 0
 366.253266456125 17.8819375289263 0 0
 368.413251040888 19.201634719963 0 0
 370.572912742119 7.78327101280315 0 0
 372.732257517056 0.0531812447616835 0 0
 374.891291322937 10.6494191406909 0 0
 377.050020117 5.28513491497305 0 0
 379.208449856483 -2.2130268889129 0 0
 381.366586498624 9.43396287643029 0 0
 383.524436000661 4.74381818087341 0 0
 385.682004319832 -3.13997465690752 0 0
 387.839297413375 8.73916858204156 0 0
 389.996321238528 4.46561321376377 0 0
 392.153081752529 -3.62025586006428 0 0
 394.309584912616 7.82709336526388 0 0
 396.465836676027 4.82254065957336 0 0
 398.621843 -2.42882372781146 0 0
 400.777609841773 12.601183423758 0 0
 402.933143158584 18.5078119295281 0 0
 405.088448907671 13.2941133570972 0 0
 407.243533046272 18.4273802380598 0 0
 409.398401531625 10.9640928809242 0 0
 411.553060320968 2.32071428931061 0 0
 413.707515371539 12.2562791086258 0 0
 415.861772640576 14.30930931568 0 0
 418.015838085317 12.0944230217264 0 0
 420.169717663 26.3219920894085 0 0
 422.323417330863 35.2001124849188 0 0
 424.476943046144 41.4721800350833 0 0
 426.630300766081 65.7293166875156 0 0
 428.783496447912 90.0051024444223 0 0
 430.936536048875 120.168191746857 0 0
 433.089425526208 188.019993022321 0 0
 435.242170837149 258.827124359422 0 0
 437.394777938936 316.468683496621 0 0
 439.547252788807 390.027989617041 0 0
 441.699601344 496.832644954234 0 0
 443.851829561753 619.852157597945 0 0
 446.003943399304 745.136494755298 0 0
 448.155948813891 814.247603581016 0 0
 450.307851762752 796.121117139421 0 0
 452.459658203125 718.298239613993 0 0
 454.611374092248 602.923458378792 0 0
 456.763005387359 485.224537017482 0 0
 458.914558045696 409.756429813278 0 0
 461.066038024497 356.736439276751 0 0
 463.217451281 305.877990715173 0 0
 465.368803772443 271.341338215977 0 0
 467.520101456064 233.582786376144 0 0
 469.671350289101 186.076474548922 0 0
 471.822556228792 160.857529096139 0 0
 473.973725232375 142.600460584575 0 0
 476.124863257088 119.951749972174 0 0
 478.275976260169 117.859679052612 0 0
 480.427070198856 117.766950019724 0 0
 482.578151030387 106.211916158451 0 0
 484.729224712 110.5352397322 0 0
 486.880297200933 116.081131148714 0 0
 489.031374454424 109.869878399009 0 0
 491.182462429711 119.465219229817 0 0
 493.333567084032 130.795520863187 0 0
 495.484694374625 128.80613129808 0 0
 497.635850258728 139.791895406227 0 0
 499.787040693579 152.404582685256 0 0
 501.938271636416 150.387903670798 0 0
 504.089549044477 -NAN 0 0
 506.240878875 -NAN 0 0
 508.392267085223 -NAN 0 0
 510.543719632384 -NAN 0 0
 512.695242473721 -NAN 0 0
 514.846841566472 -NAN 0 0
 516.998522867875 -NAN 0 0
 519.150292335168 -NAN 0 0
 521.302155925589 -NAN 0 0
 523.454119596376 -NAN 0 0
 525.606189304767 -NAN 0 0
 527.758371008 -NAN 0 0
 529.910670663313 -NAN 0 0
 532.063094227944 -NAN 0 0
 534.215647659131 -NAN 0 0
 536.368336914112 -NAN 0 0
 538.521167950125 -NAN 0 0
 540.674146724408 -NAN 0 0
 542.827279194199 -NAN 0 0
 544.980571316736 -NAN 0 0
 547.134029049257 -NAN 0 0
 549.287658349 -NAN 0 0
 551.441465173203 -NAN 0 0
 553.595455479104 -NAN 0 0
 555.749635223941 -NAN 0 0
 557.904010364952 -NAN 0 0
 560.058586859375 -NAN 0 0
 562.213370664448 -NAN 0 0
 564.368367737409 -NAN 0 0
 566.523584035496 -NAN 0 0
 568.679025515947 -NAN 0 0
 570.834698136 -NAN 0 0
 572.990607852893 -NAN 0 0
 575.146760623864 -NAN 0 0
 577.303162406151 -NAN 0 0
 579.459819156992 -NAN 0 0
 581.616736833625 -NAN 0 0
 583.773921393288 -NAN 0 0
 585.931378793219 -NAN 0 0
 588.089114990656 -NAN 0 0
 590.247135942837 -NAN 0 0
 592.405447607 -NAN 0 0
 594.564055940383 -NAN 0 0
 596.722966900224 -NAN 0 0
 598.882186443761 -NAN 0 0
 601.041720528232 -NAN 0 0
 603.201575110875 -NAN 0 0
 605.361756148928 -NAN 0 0
 607.522269599629 -NAN 0 0
 609.683121420216 -NAN 0 0
 611.844317567927 -NAN 0 0
 614.005864 -NAN 0 0
 616.167766673673 -NAN 0 0
 618.330031546184 -NAN 0 0
 620.492664574771 -NAN 0 0
 622.655671716672 -NAN 0 0
 624.819058929125 -NAN 0 0
 626.982832169368 -NAN 0 0
 629.146997394639 -NAN 0 0
 631.311560562176 -NAN 0 0
 633.476527629217 -NAN 0 0
 635.641904553 -NAN 0 0
 637.807697290763 -NAN 0 0
 639.973911799744 -NAN 0 0
 642.140554037181 -NAN 0 0
 644.307629960312 -NAN 0 0
 646.475145526375 -NAN 0 0
 648.643106692608 -NAN 0 0
 650.811519416249 -NAN 0 0
 652.980389654536 -NAN 0 0
 655.149723364707 -NAN 0 0
 657.319526504 -NAN 0 0
 659.489805029653 -NAN 0 0
 661.660564898904 -NAN 0 0
 663.831812068991 -NAN 0 0
 666.003552497152 -NAN 0 0
 668.175792140625 -NAN 0 0
 670.348536956648 -NAN 0 0
 672.521792902459 -NAN 0 0
 674.695565935296 -NAN 0 0
 676.869862012397 -NAN 0 0
 679.044687091 -NAN 0 0
 681.220047128343 -NAN 0 0
 683.395948081664 -NAN 0 0
 685.572395908201 -NAN 0 0
 687.749396565192 -NAN 0 0
 689.926956009875 -NAN 0 0
 692.105080199488 -NAN 0 0
 694.283775091269 -NAN 0 0
 696.463046642456 -NAN 0 0
 698.642900810287 -NAN 0 0
 700.823343552 -NAN 0 0
 703.004380824833 -NAN 0 0
 705.186018586024 -NAN 0 0
 707.368262792811 -NAN 0 0
 709.551119402432 -NAN 0 0
 711.734594372125 -NAN 0 0
 713.918693659128 -NAN 0 0
 716.103423220679 -NAN 0 0
 718.288789014016 -NAN 0 0
 720.474796996377 -NAN 0 0
 722.661453125 -NAN 0 0
 724.848763357123 -NAN 0 0
 727.036733649984 -NAN 0 0
 729.225369960821 -NAN 0 0
 731.414678246872 -NAN 0 0
 733.604664465375 -NAN 0 0
 735.795334573568 -NAN 0 0
[END] of [DATA]
[END] of Spectrum


[Spectrum]
Version            = 1
IDData             = 12ad_2026-06-09_10-01-30_000_295
IDDevice           = SAM_82E6
IDDataType         = SPECTRUM
IDDataTypeSub1     = CALIBRATED
IDDataTypeSub2     = 
IDDataTypeSub3     = 
DateTime           = 2026-06-09 10:01:30
PositionLatitude   = 0
PositionLongitude  = 0
Comment            = 20260609_FrameF
CommentSub1        = UV
CommentSub2        = right
CommentSub3        = 39cm
IDMethodType       = SAM Control
MethodName         = SAM_82E6
Mission            = No Mission
MissionSub         = 1
RecordType         = 0
[Attributes]
CalFactor = 1
IDBasisSpec = 
IDDataBack = DLAB_2024-11-11_10-40-48_641_639
IDDataCal = DLAB_2024-11-12_11-45-27_171_455
IntegrationTime = 128
P31 = -1
P31e = 0
PathLength = +INF
PathLengthCustomOn = 0
RAWDynamic = 65535
Salinity = 0
Temperature = -NAN
Unit1 = $01 $01 Wavelength nm
Unit2 = $03 $06 Intensity mW/(m^2 nm)
Unit3 = $f0 $06 Error mW/(m^2 nm)
Unit4 = $f1 $00 Status 
p999 = 7537
[END] of [Attributes]
[DATA]
 0 6 0 0
 185.260577530984 -NAN 0 0
 187.468128380571 -NAN 0 0
 189.674861895872 -NAN 0 0
 191.880784034125 -NAN 0 0
 194.085900752568 -NAN 0 0
 196.290218008439 -NAN 0 0
 198.493741758976 -NAN 0 0
 200.696477961417 -NAN 0 0
 202.898432573 -NAN 0 0
 205.099611550963 -NAN 0 0
 207.300020852544 -NAN 0 0
 209.499666434981 -NAN 0 0
 211.698554255512 -NAN 0 0
 213.896690271375 -NAN 0 0
 216.094080439808 -NAN 0 0
 218.290730718049 -NAN 0 0
 220.486647063336 -NAN 0 0
 222.681835432907 -NAN 0 0
 224.876301784 -NAN 0 0
 227.070052073853 -NAN 0 0
 229.263092259704 -NAN 0 0
 231.455428298791 -NAN 0 0
 233.647066148352 -NAN 0 0
 235.838011765625 -NAN 0 0
 238.028271107848 -NAN 0 0
 240.217850132259 -NAN 0 0
 242.406754796096 -NAN 0 0
 244.594991056597 -NAN 0 0
 246.782564871 -NAN 0 0
 248.969482196543 -NAN 0 0
 251.155748990464 -NAN 0 0
 253.341371210001 -NAN 0 0
 255.526354812392 -NAN 0 0
 257.710705754875 -NAN 0 0
 259.894429994688 -NAN 0 0
 262.077533489069 -NAN 0 0
 264.260022195256 -NAN 0 0
 266.441902070487 -NAN 0 0
 268.623179072 -NAN 0 0
 270.803859157033 -NAN 0 0
 272.983948282824 -NAN 0 0
 275.163452406611 -NAN 0 0
 277.342377485632 -NAN 0 0
 279.520729477125 9.3639748230309 0 0
 281.698514338328 9.85981276790563 0 0
 283.875738026479 5.41194071450346 0 0
 286.052406498816 22.0724754578062 0 0
 288.228525712577 27.2151486073027 0 0
 290.404101625 27.3171976814116 0 0
 292.579140193323 49.8610301623682 0 0
 294.753647374784 62.1289092978692 0 0
 296.927629126621 64.4621292159454 0 0
 299.101091406072 85.4865669634449 0 0
 301.274040170375 97.6858597477537 0 0
 303.446481376768 96.0243999484157 0 0
 305.618420982489 110.699148625336 0 0
 307.789864944776 114.658813554274 0 0
 309.960819220867 112.305391694746 0 0
 312.131289768 125.484333003517 0 0
 314.301282543413 120.786150619332 0 0
 316.470803504344 100.274628681378 0 0
 318.639858608031 100.07542389455 0 0
 320.808453811712 92.5960351571763 0 0
 322.976595072625 75.8710384355127 0 0
 325.144288348008 78.3270853789003 0 0
 327.311539595099 72.6430095345524 0 0
 329.478354771136 54.3134168182026 0 0
 331.644739833357 57.3984488459768 0 0
 333.810700739 54.4859764829265 0 0
 335.976243445303 36.7805899262491 0 0
 338.141373909504 39.7431925670937 0 0
 340.306098088841 37.7731223806697 0 0
 342.470421940552 22.3838221020627 0 0
 344.634351421875 26.2685135718049 0 0
 346.797892490048 26.0564098582621 0 0
 348.961051102309 13.1372733486728 0 0
 351.123833215896 16.9444370820725 0 0
 353.286244788047 17.90948053231 0 0
 355.448291776 6.82724959851369 0 0
 357.609980136993 10.811950918096 0 0
 359.771315828264 14.3498662427844 0 0
 361.932304807051 10.0628548786901 0 0
 364.092953030592 21.7461048936863 0 0
 366.253266456125 25.334970826758 0 0
 368.413251040888 6.27366353777864 0 0
 370.572912742119 5.53504337349622 0 0
 372.732257517056 8.8951413588714 0 0
 374.891291322937 -2.9135678801585 0 0
 377.050020117 1.94690218934853 0 0
 379.208449856483 7.8769602230648 0 0
 381.366586498624 -3.88182611269622 0 0
 383.524436000661 0.255567586253704 0 0
 385.682004319832 7.39683947083341 0 0
 387.839297413375 -4.22801092054659 0 0
 389.996321238528 -0.475942173936025 0 0
 392.153081752529 7.10886307122583 0 0
 394.309584912616 -4.13745564520439 0 0
 396.465836676027 -0.673742798765677 0 0
 398.621843 7.94979112000911 0 0
 400.777609841773 1.68216449910514 0 0
 402.933143158584 12.2928919078382 0 0
 405.088448907671 22.8588210026608 0 0
 407.243533046272 9.15857260327154 0 0
 409.398401531625 5.26243652837115 0 0
 411.553060320968 11.4245352570561 0 0
 413.707515371539 4.72566844441639 0 0
 415.861772640576 8.84497272643889 0 0
 418.015838085317 20.6857002921786 0 0
 420.169717663 20.0649944410388 0 0
 422.323417330863 29.9685440222177 0 0
 424.476943046144 49.4538491364323 0 0
 426.630300766081 60.6106036952788 0 0
 428.783496447912 85.0973398481039 0 0
 430.936536048875 127.681595741131 0 0
 433.089425526208 182.869263303362 0 0
 435.242170837149 252.490947082431 0 0
 437.394777938936 322.605732984444 0 0
 439.547252788807 385.755863713819 0 0
 441.699601344 491.307499251583 0 0
 443.851829561753 627.770552442473 0 0
 446.003943399304 741.495223297299 0 0
 448.155948813891 808.144288406697 0 0
 450.307851762752 804.554875689315 0 0
 452.459658203125 715.106176060189 0 0
 454.611374092248 596.068978075359 0 0
 456.763005387359 494.442318153839 0 0
 458.914558045696 406.712435144927 0 0
 461.066038024497 349.245577858363 0 0
 463.217451281 315.72226322517 0 0
 465.368803772443 269.071920051337 0 0
 467.520101456064 225.400184820859 0 0
 469.671350289101 196.161035162207 0 0
 471.822556228792 158.605791273856 0 0
 473.973725232375 133.752076107407 0 0
 476.124863257088 129.867191127102 0 0
 478.275976260169 116.270597341079 0 0
 480.427070198856 108.515269326589 0 0
 482.578151030387 116.027316302841 0 0
 484.729224712 109.781977769367 0 0
 486.880297200933 106.608790743427 0 0
 489.031374454424 119.427780114491 0 0
 491.182462429711 119.335663322214 0 0
 493.333567084032 121.20750974113 0 0
 495.484694374625 137.70284082295 0 0
 497.635850258728 140.25707906787 0 0
 499.787040693579 142.68962747753 0 0
 501.938271636416 158.767408565373 0 0
 504.089549044477 -NAN 0 0
 506.240878875 -NAN 0 0
 508.392267085223 -NAN 0 0
 510.543719632384 -NAN 0 0
 512.695242473721 -NAN 0 0
 514.846841566472 -NAN 0 0
 516.998522867875 -NAN 0 0
 519.150292335168 -NAN 0 0
 521.302155925589 -NAN 0 0
 523.454119596376 -NAN 0 0
 525.606189304767 -NAN 0 0
 527.758371008 -NAN 0 0
 529.910670663313 -NAN 0 0
 532.063094227944 -NAN 0 0
 534.215647659131 -NAN 0 0
 536.368336914112 -NAN 0 0
 538.521167950125 -NAN 0 0
 540.674146724408 -NAN 0 0
 542.827279194199 -NAN 0 0
 544.980571316736 -NAN 0 0
 547.134029049257 -NAN 0 0
 549.287658349 -NAN 0 0
 551.441465173203 -NAN 0 0
 553.595455479104 -NAN 0 0
 555.749635223941 -NAN 0 0
 557.904010364952 -NAN 0 0
 560.058586859375 -NAN 0 0
 562.213370664448 -NAN 0 0
 564.368367737409 -NAN 0 0
 566.523584035496 -NAN 0 0
 568.679025515947 -NAN 0 0
 570.834698136 -NAN 0 0
 572.990607852893 -NAN 0 0
 575.146760623864 -NAN 0 0
 577.303162406151 -NAN 0 0
 579.459819156992 -NAN 0 0
 581.616736833625 -NAN 0 0
 583.773921393288 -NAN 0 0
 585.931378793219 -NAN 0 0
 588.089114990656 -NAN 0 0
 590.247135942837 -NAN 0 0
 592.405447607 -NAN 0 0
 594.564055940383 -NAN 0 0
 596.722966900224 -NAN 0 0
 598.882186443761 -NAN 0 0
 601.041720528232 -NAN 0 0
 603.201575110875 -NAN 0 0
 605.361756148928 -NAN 0 0
 607.522269599629 -NAN 0 0
 609.683121420216 -NAN 0 0
 611.844317567927 -NAN 0 0
 614.005864 -NAN 0 0
 616.167766673673 -NAN 0 0
 618.330031546184 -NAN 0 0
 620.492664574771 -NAN 0 0
 622.655671716672 -NAN 0 0
 624.819058929125 -NAN 0 0
 626.982832169368 -NAN 0 0
 629.146997394639 -NAN 0 0
 631.311560562176 -NAN 0 0
 633.476527629217 -NAN 0 0
 635.641904553 -NAN 0 0
 637.807697290763 -NAN 0 0
 639.973911799744 -NAN 0 0
 642.140554037181 -NAN 0 0
 644.307629960312 -NAN 0 0
 646.475145526375 -NAN 0 0
 648.643106692608 -NAN 0 0
 650.811519416249 -NAN 0 0
 652.980389654536 -NAN 0 0
 655.149723364707 -NAN 0 0
 657.319526504 -NAN 0 0
 659.489805029653 -NAN 0 0
 661.660564898904 -NAN 0 0
 663.831812068991 -NAN 0 0
 666.003552497152 -NAN 0 0
 668.175792140625 -NAN 0 0
 670.348536956648 -NAN 0 0
 672.521792902459 -NAN 0 0
 674.695565935296 -NAN 0 0
 676.869862012397 -NAN 0 0
 679.044687091 -NAN 0 0
 681.220047128343 -NAN 0 0
 683.395948081664 -NAN 0 0
 685.572395908201 -NAN 0 0
 687.749396565192 -NAN 0 0
 689.926956009875 -NAN 0 0
 692.105080199488 -NAN 0 0
 694.283775091269 -NAN 0 0
 696.463046642456 -NAN 0 0
 698.642900810287 -NAN 0 0
 700.823343552 -NAN 0 0
 703.004380824833 -NAN 0 0
 705.186018586024 -NAN 0 0
 707.368262792811 -NAN 0 0
 709.551119402432 -NAN 0 0
 711.734594372125 -NAN 0 0
 713.918693659128 -NAN 0 0
 716.103423220679 -NAN 0 0
 718.288789014016 -NAN 0 0
 720.474796996377 -NAN 0 0
 722.661453125 -NAN 0 0
 724.848763357123 -NAN 0 0
 727.036733649984 -NAN 0 0
 729.225369960821 -NAN 0 0
 731.414678246872 -NAN 0 0
 733.604664465375 -NAN 0 0
 735.795334573568 -NAN 0 0
[END] of [DATA]
[END] of Spectrum


[Spectrum]
Version            = 1
IDData             = 12ad_2026-06-09_10-01-25_000_292
IDDevice           = SAM_82E6
IDDataType         = SPECTRUM
IDDataTypeSub1     = CALIBRATED
IDDataTypeSub2     = 
IDDataTypeSub3     = 
DateTime           = 2026-06-09 10:01:25
PositionLatitude   = 0
PositionLongitude  = 0
Comment            = 20260609_FrameF
CommentSub1        = UV
CommentSub2        = right
CommentSub3        = 39cm
IDMethodType       = SAM Control
MethodName         = SAM_82E6
Mission            = No Mission
MissionSub         = 1
RecordType         = 0
[Attributes]
CalFactor = 1
IDBasisSpec = 
IDDataBack = DLAB_2024-11-11_10-40-48_641_639
IDDataCal = DLAB_2024-11-12_11-45-27_171_455
IntegrationTime = 128
P31 = -1
P31e = 0
PathLength = +INF
PathLengthCustomOn = 0
RAWDynamic = 65535
Salinity = 0
Temperature = -NAN
Unit1 = $01 $01 Wavelength nm
Unit2 = $03 $06 Intensity mW/(m^2 nm)
Unit3 = $f0 $06 Error mW/(m^2 nm)
Unit4 = $f1 $00 Status 
p999 = 7536
[END] of [Attributes]
[DATA]
 0 6 0 0
 185.260577530984 -NAN 0 0
 187.468128380571 -NAN 0 0
 189.674861895872 -NAN 0 0
 191.880784034125 -NAN 0 0
 194.085900752568 -NAN 0 0
 196.290218008439 -NAN 0 0
 198.493741758976 -NAN 0 0
 200.696477961417 -NAN 0 0
 202.898432573 -NAN 0 0
 205.099611550963 -NAN 0 0
 207.300020852544 -NAN 0 0
 209.499666434981 -NAN 0 0
 211.698554255512 -NAN 0 0
 213.896690271375 -NAN 0 0
 216.094080439808 -NAN 0 0
 218.290730718049 -NAN 0 0
 220.486647063336 -NAN 0 0
 222.681835432907 -NAN 0 0
 224.876301784 -NAN 0 0
 227.070052073853 -NAN 0 0
 229.263092259704 -NAN 0 0
 231.455428298791 -NAN 0 0
 233.647066148352 -NAN 0 0
 235.838011765625 -NAN 0 0
 238.028271107848 -NAN 0 0
 240.217850132259 -NAN 0 0
 242.406754796096 -NAN 0 0
 244.594991056597 -NAN 0 0
 246.782564871 -NAN 0 0
 248.969482196543 -NAN 0 0
 251.155748990464 -NAN 0 0
 253.341371210001 -NAN 0 0
 255.526354812392 -NAN 0 0
 257.710705754875 -NAN 0 0
 259.894429994688 -NAN 0 0
 262.077533489069 -NAN 0 0
 264.260022195256 -NAN 0 0
 266.441902070487 -NAN 0 0
 268.623179072 -NAN 0 0
 270.803859157033 -NAN 0 0
 272.983948282824 -NAN 0 0
 275.163452406611 -NAN 0 0
 277.342377485632 -NAN 0 0
 279.520729477125 -0.748021838578306 0 0
 281.698514338328 11.9517181230053 0 0
 283.875738026479 14.3564493563871 0 0
 286.052406498816 10.1525985378661 0 0
 288.228525712577 28.1664617641092 0 0
 290.404101625 36.4228424319014 0 0
 292.579140193323 37.4258574023737 0 0
 294.753647374784 61.5102370125206 0 0
 296.927629126621 71.6813423012683 0 0
 299.101091406072 73.8148228609219 0 0
 301.274040170375 95.2189525551592 0 0
 303.446481376768 101.09433649361 0 0
 305.618420982489 99.3534004163232 0 0
 307.789864944776 111.174192856397 0 0
 309.960819220867 116.913504899557 0 0
 312.131289768 113.45089441028 0 0
 314.301282543413 116.639596215986 0 0
 316.470803504344 106.825701211809 0 0
 318.639858608031 88.1012520140066 0 0
 320.808453811712 88.6160360949781 0 0
 322.976595072625 84.929920790291 0 0
 325.144288348008 66.4743368281677 0 0
 327.311539595099 68.6027332299649 0 0
 329.478354771136 64.5112937742239 0 0
 331.644739833357 46.2031868462157 0 0
 333.810700739 50.4864328773181 0 0
 335.976243445303 47.3487148372046 0 0
 338.141373909504 29.9067365557737 0 0
 340.306098088841 33.6415440816886 0 0
 342.470421940552 32.6106185724161 0 0
 344.634351421875 18.320810894089 0 0
 346.797892490048 22.1401441213628 0 0
 348.961051102309 22.3363842299157 0 0
 351.123833215896 10.3130290325851 0 0
 353.286244788047 14.0014152493114 0 0
 355.448291776 15.7316434525486 0 0
 357.609980136993 5.16228367836402 0 0
 359.771315828264 10.3400237327027 0 0
 361.932304807051 19.0734430741585 0 0
 364.092953030592 16.0942416799086 0 0
 366.253266456125 20.3927525697188 0 0
 368.413251040888 16.4400144693051 0 0
 370.572912742119 0.219680597213011 0 0
 372.732257517056 3.3040169786598 0 0
 374.891291322937 8.53053853553045 0 0
 377.050020117 -3.3197806810789 0 0
 379.208449856483 1.47590598586841 0 0
 381.366586498624 7.81718696860173 0 0
 383.524436000661 -4.24973779213276 0 0
 385.682004319832 0.225319920068049 0 0
 387.839297413375 7.60284013349745 0 0
 389.996321238528 -3.96789973329409 0 0
 392.153081752529 -0.287179854766961 0 0
 394.309584912616 7.39618414628646 0 0
 396.465836676027 -3.57627451272 0 0
 398.621843 0.447785450157731 0 0
 400.777609841773 12.4477241296764 0 0
 402.933143158584 9.91794082287761 0 0
 405.088448907671 14.7412268436723 0 0
 407.243533046272 18.4582683434821 0 0
 409.398401531625 3.81639747754278 0 0
 411.553060320968 4.49354289440614 0 0
 413.707515371539 13.1429819981017 0 0
 415.861772640576 8.25506115591565 0 0
 418.015838085317 14.0839819685679 0 0
 420.169717663 27.4534358734197 0 0
 422.323417330863 29.752469440979 0 0
 424.476943046144 43.1888779934918 0 0
 426.630300766081 67.1501263983455 0 0
 428.783496447912 85.2322148078104 0 0
 430.936536048875 121.316874042099 0 0
 433.089425526208 188.070188753628 0 0
 435.242170837149 251.482337631931 0 0
 437.394777938936 315.237756665253 0 0
 439.547252788807 390.864297489803 0 0
 441.699601344 492.193560999197 0 0
 443.851829561753 621.199791392838 0 0
 446.003943399304 747.561157187621 0 0
 448.155948813891 809.390221061604 0 0
 450.307851762752 797.426942885812 0 0
 452.459658203125 721.473629591486 0 0
 454.611374092248 597.949966149747 0 0
 456.763005387359 486.567861190711 0 0
 458.914558045696 413.339361242582 0 0
 461.066038024497 351.49935716433 0 0
 463.217451281 307.045427125938 0 0
 465.368803772443 275.415735479005 0 0
 467.520101456064 228.097016066436 0 0
 469.671350289101 186.981443706576 0 0
 471.822556228792 165.312909369743 0 0
 473.973725232375 136.980481195393 0 0
 476.124863257088 120.538527977099 0 0
 478.275976260169 122.589141824839 0 0
 480.427070198856 112.382574330991 0 0
 482.578151030387 106.602567744821 0 0
 484.729224712 115.774545491485 0 0
 486.880297200933 111.036226185577 0 0
 489.031374454424 110.019815044979 0 0
 491.182462429711 124.881996401149 0 0
 493.333567084032 125.714275767847 0 0
 495.484694374625 128.516141512621 0 0
 497.635850258728 145.428955909811 0 0
 499.787040693579 147.736272740988 0 0
 501.938271636416 149.621629912136 0 0
 504.089549044477 -NAN 0 0
 506.240878875 -NAN 0 0
 508.392267085223 -NAN 0 0
 510.543719632384 -NAN 0 0
 512.695242473721 -NAN 0 0
 514.846841566472 -NAN 0 0
 516.998522867875 -NAN 0 0
 519.150292335168 -NAN 0 0
 521.302155925589 -NAN 0 0
 523.454119596376 -NAN 0 0
 525.606189304767 -NAN 0 0
 527.758371008 -NAN 0 0
 529.910670663313 -NAN 0 0
 532.063094227944 -NAN 0 0
 534.215647659131 -NAN 0 0
 536.368336914112 -NAN 0 0
 538.521167950125 -NAN 0 0
 540.674146724408 -NAN 0 0
 542.827279194199 -NAN 0 0
 544.980571316736 -NAN 0 0
 547.134029049257 -NAN 0 0
 549.287658349 -NAN 0 0
 551.441465173203 -NAN 0 0
 553.595455479104 -NAN 0 0
 555.749635223941 -NAN 0 0
 557.904010364952 -NAN 0 0
 560.058586859375 -NAN 0 0
 562.213370664448 -NAN 0 0
 564.368367737409 -NAN 0 0
 566.523584035496 -NAN 0 0
 568.679025515947 -NAN 0 0
 570.834698136 -NAN 0 0
 572.990607852893 -NAN 0 0
 575.146760623864 -NAN 0 0
 577.303162406151 -NAN 0 0
 579.459819156992 -NAN 0 0
 581.616736833625 -NAN 0 0
 583.773921393288 -NAN 0 0
 585.931378793219 -NAN 0 0
 588.089114990656 -NAN 0 0
 590.247135942837 -NAN 0 0
 592.405447607 -NAN 0 0
 594.564055940383 -NAN 0 0
 596.722966900224 -NAN 0 0
 598.882186443761 -NAN 0 0
 601.041720528232 -NAN 0 0
 603.201575110875 -NAN 0 0
 605.361756148928 -NAN 0 0
 607.522269599629 -NAN 0 0
 609.683121420216 -NAN 0 0
 611.844317567927 -NAN 0 0
 614.005864 -NAN 0 0
 616.167766673673 -NAN 0 0
 618.330031546184 -NAN 0 0
 620.492664574771 -NAN 0 0
 622.655671716672 -NAN 0 0
 624.819058929125 -NAN 0 0
 626.982832169368 -NAN 0 0
 629.146997394639 -NAN 0 0
 631.311560562176 -NAN 0 0
 633.476527629217 -NAN 0 0
 635.641904553 -NAN 0 0
 637.807697290763 -NAN 0 0
 639.973911799744 -NAN 0 0
 642.140554037181 -NAN 0 0
 644.307629960312 -NAN 0 0
 646.475145526375 -NAN 0 0
 648.643106692608 -NAN 0 0
 650.811519416249 -NAN 0 0
 652.980389654536 -NAN 0 0
 655.149723364707 -NAN 0 0
 657.319526504 -NAN 0 0
 659.489805029653 -NAN 0 0
 661.660564898904 -NAN 0 0
 663.831812068991 -NAN 0 0
 666.003552497152 -NAN 0 0
 668.175792140625 -NAN 0 0
 670.348536956648 -NAN 0 0
 672.521792902459 -NAN 0 0
 674.695565935296 -NAN 0 0
 676.869862012397 -NAN 0 0
 679.044687091 -NAN 0 0
 681.220047128343 -NAN 0 0
 683.395948081664 -NAN 0 0
 685.572395908201 -NAN 0 0
 687.749396565192 -NAN 0 0
 689.926956009875 -NAN 0 0
 692.105080199488 -NAN 0 0
 694.283775091269 -NAN 0 0
 696.463046642456 -NAN 0 0
 698.642900810287 -NAN 0 0
 700.823343552 -NAN 0 0
 703.004380824833 -NAN 0 0
 705.186018586024 -NAN 0 0
 707.368262792811 -NAN 0 0
 709.551119402432 -NAN 0 0
 711.734594372125 -NAN 0 0
 713.918693659128 -NAN 0 0
 716.103423220679 -NAN 0 0
 718.288789014016 -NAN 0 0
 720.474796996377 -NAN 0 0
 722.661453125 -NAN 0 0
 724.848763357123 -NAN 0 0
 727.036733649984 -NAN 0 0
 729.225369960821 -NAN 0 0
 731.414678246872 -NAN 0 0
 733.604664465375 -NAN 0 0
 735.795334573568 -NAN 0 0
[END] of [DATA]
[END] of Spectrum


[Spectrum]
Version            = 1
IDData             = 12ad_2026-06-09_10-01-20_000_289
IDDevice           = SAM_82E6
IDDataType         = SPECTRUM
IDDataTypeSub1     = CALIBRATED
IDDataTypeSub2     = 
IDDataTypeSub3     = 
DateTime           = 2026-06-09 10:01:20
PositionLatitude   = 0
PositionLongitude  = 0
Comment            = 20260609_FrameF
CommentSub1        = UV
CommentSub2        = right
CommentSub3        = 39cm
IDMethodType       = SAM Control
MethodName         = SAM_82E6
Mission            = No Mission
MissionSub         = 1
RecordType         = 0
[Attributes]
CalFactor = 1
IDBasisSpec = 
IDDataBack = DLAB_2024-11-11_10-40-48_641_639
IDDataCal = DLAB_2024-11-12_11-45-27_171_455
IntegrationTime = 128
P31 = -1
P31e = 0
PathLength = +INF
PathLengthCustomOn = 0
RAWDynamic = 65535
Salinity = 0
Temperature = -NAN
Unit1 = $01 $01 Wavelength nm
Unit2 = $03 $06 Intensity mW/(m^2 nm)
Unit3 = $f0 $06 Error mW/(m^2 nm)
Unit4 = $f1 $00 Status 
p999 = 7535
[END] of [Attributes]
[DATA]
 0 6 0 0
 185.260577530984 -NAN 0 0
 187.468128380571 -NAN 0 0
 189.674861895872 -NAN 0 0
 191.880784034125 -NAN 0 0
 194.085900752568 -NAN 0 0
 196.290218008439 -NAN 0 0
 198.493741758976 -NAN 0 0
 200.696477961417 -NAN 0 0
 202.898432573 -NAN 0 0
 205.099611550963 -NAN 0 0
 207.300020852544 -NAN 0 0
 209.499666434981 -NAN 0 0
 211.698554255512 -NAN 0 0
 213.896690271375 -NAN 0 0
 216.094080439808 -NAN 0 0
 218.290730718049 -NAN 0 0
 220.486647063336 -NAN 0 0
 222.681835432907 -NAN 0 0
 224.876301784 -NAN 0 0
 227.070052073853 -NAN 0 0
 229.263092259704 -NAN 0 0
 231.455428298791 -NAN 0 0
 233.647066148352 -NAN 0 0
 235.838011765625 -NAN 0 0
 238.028271107848 -NAN 0 0
 240.217850132259 -NAN 0 0
 242.406754796096 -NAN 0 0
 244.594991056597 -NAN 0 0
 246.782564871 -NAN 0 0
 248.969482196543 -NAN 0 0
 251.155748990464 -NAN 0 0
 253.341371210001 -NAN 0 0
 255.526354812392 -NAN 0 0
 257.710705754875 -NAN 0 0
 259.894429994688 -NAN 0 0
 262.077533489069 -NAN 0 0
 264.260022195256 -NAN 0 0
 266.441902070487 -NAN 0 0
 268.623179072 -NAN 0 0
 270.803859157033 -NAN 0 0
 272.983948282824 -NAN 0 0
 275.163452406611 -NAN 0 0
 277.342377485632 -NAN 0 0
 279.520729477125 11.4947169767271 0 0
 281.698514338328 7.76659997195904 0 0
 283.875738026479 6.5571880319281 0 0
 286.052406498816 24.0862232395306 0 0
 288.228525712577 24.1477367568167 0 0
 290.404101625 27.318651792678 0 0
 292.579140193323 49.9131840268117 0 0
 294.753647374784 57.104250095403 0 0
 296.927629126621 61.9494977182574 0 0
 299.101091406072 82.9565370747727 0 0
 301.274040170375 90.8989640894821 0 0
 303.446481376768 91.2875807333127 0 0
 305.618420982489 106.499608648445 0 0
 307.789864944776 107.059988848382 0 0
 309.960819220867 106.237250126968 0 0
 312.131289768 120.482590479958 0 0
 314.301282543413 112.917464795596 0 0
 316.470803504344 95.2837425779063 0 0
 318.639858608031 97.2285349418595 0 0
 320.808453811712 86.4876018138895 0 0
 322.976595072625 72.480637107141 0 0
 325.144288348008 77.2111079574976 0 0
 327.311539595099 67.9738222957603 0 0
 329.478354771136 51.8517064386496 0 0
 331.644739833357 57.9062476909805 0 0
 333.810700739 50.8106001791791 0 0
 335.976243445303 35.3167519915404 0 0
 338.141373909504 40.7810482199157 0 0
 340.306098088841 35.0626224256548 0 0
 342.470421940552 21.6544590247276 0 0
 344.634351421875 27.9674607739558 0 0
 346.797892490048 24.0354621167962 0 0
 348.961051102309 12.534716550945 0 0
 351.123833215896 18.8194553945119 0 0
 353.286244788047 16.5955244313019 0 0
 355.448291776 6.6927908848444 0 0
 357.609980136993 13.0296273497649 0 0
 359.771315828264 13.3054571555287 0 0
 361.932304807051 9.60936073724139 0 0
 364.092953030592 23.5965651029116 0 0
 366.253266456125 23.8436634746221 0 0
 368.413251040888 5.83844770371974 0 0
 370.572912742119 8.45271533221689 0 0
 372.732257517056 8.14504884402733 0 0
 374.891291322937 -3.25102919481286 0 0
 377.050020117 5.25064903970833 0 0
 379.208449856483 7.27380010583007 0 0
 381.366586498624 -4.59269873650546 0 0
 383.524436000661 3.86407558490457 0 0
 385.682004319832 6.73259916337458 0 0
 387.839297413375 -5.14472476868629 0 0
 389.996321238528 3.24216388383582 0 0
 392.153081752529 6.66066009466004 0 0
 394.309584912616 -4.97063771101202 0 0
 396.465836676027 2.85574650557563 0 0
 398.621843 7.4973355251348 0 0
 400.777609841773 0.325740399722947 0 0
 402.933143158584 14.6893873729719 0 0
 405.088448907671 21.3343151988919 0 0
 407.243533046272 7.17104181975439 0 0
 409.398401531625 7.92420254665508 0 0
 411.553060320968 11.068279602515 0 0
 413.707515371539 3.54304437531871 0 0
 415.861772640576 11.2893294935723 0 0
 418.015838085317 20.2620343306723 0 0
 420.169717663 18.8909796116426 0 0
 422.323417330863 32.1942953230273 0 0
 424.476943046144 49.1511635088122 0 0
 426.630300766081 59.4306238200027 0 0
 428.783496447912 86.9493416385731 0 0
 430.936536048875 126.940802783152 0 0
 433.089425526208 179.984627970345 0 0
 435.242170837149 251.081930869094 0 0
 437.394777938936 319.64271625465 0 0
 439.547252788807 383.456421467916 0 0
 441.699601344 492.728650236392 0 0
 443.851829561753 627.485121930635 0 0
 446.003943399304 740.171669033784 0 0
 448.155948813891 809.661343026651 0 0
 450.307851762752 804.409683738231 0 0
 452.459658203125 713.789889841397 0 0
 454.611374092248 598.038404921698 0 0
 456.763005387359 494.249996306363 0 0
 458.914558045696 405.096622893104 0 0
 461.066038024497 351.135614301658 0 0
 463.217451281 315.723301869664 0 0
 465.368803772443 267.343995616213 0 0
 467.520101456064 227.117031717864 0 0
 469.671350289101 196.454392389149 0 0
 471.822556228792 156.8361002378 0 0
 473.973725232375 135.53694808818 0 0
 476.124863257088 130.366505995444 0 0
 478.275976260169 114.551499853148 0 0
 480.427070198856 110.300779096766 0 0
 482.578151030387 116.832058570763 0 0
 484.729224712 107.972584419478 0 0
 486.880297200933 108.502587661961 0 0
 489.031374454424 120.41579547562 0 0
 491.182462429711 117.60787893375 0 0
 493.333567084032 122.871940375997 0 0
 495.484694374625 139.078632057015 0 0
 497.635850258728 138.737552248589 0 0
 499.787040693579 144.334516379643 0 0
 501.938271636416 160.027670603846 0 0
 504.089549044477 -NAN 0 0
 506.240878875 -NAN 0 0
 508.392267085223 -NAN 0 0
 510.543719632384 -NAN 0 0
 512.695242473721 -NAN 0 0
 514.846841566472 -NAN 0 0
 516.998522867875 -NAN 0 0
 519.150292335168 -NAN 0 0
 521.302155925589 -NAN 0 0
 523.454119596376 -NAN 0 0
 525.606189304767 -NAN 0 0
 527.758371008 -NAN 0 0
 529.910670663313 -NAN 0 0
 532.063094227944 -NAN 0 0
 534.215647659131 -NAN 0 0
 536.368336914112 -NAN 0 0
 538.521167950125 -NAN 0 0
 540.674146724408 -NAN 0 0
 542.827279194199 -NAN 0 0
 544.980571316736 -NAN 0 0
 547.134029049257 -NAN 0 0
 549.287658349 -NAN 0 0
 551.441465173203 -NAN 0 0
 553.595455479104 -NAN 0 0
 555.749635223941 -NAN 0 0
 557.904010364952 -NAN 0 0
 560.058586859375 -NAN 0 0
 562.213370664448 -NAN 0 0
 564.368367737409 -NAN 0 0
 566.523584035496 -NAN 0 0
 568.679025515947 -NAN 0 0
 570.834698136 -NAN 0 0
 572.990607852893 -NAN 0 0
 575.146760623864 -NAN 0 0
 577.303162406151 -NAN 0 0
 579.459819156992 -NAN 0 0
 581.616736833625 -NAN 0 0
 583.773921393288 -NAN 0 0
 585.931378793219 -NAN 0 0
 588.089114990656 -NAN 0 0
 590.247135942837 -NAN 0 0
 592.405447607 -NAN 0 0
 594.564055940383 -NAN 0 0
 596.722966900224 -NAN 0 0
 598.882186443761 -NAN 0 0
 601.041720528232 -NAN 0 0
 603.201575110875 -NAN 0 0
 605.361756148928 -NAN 0 0
 607.522269599629 -NAN 0 0
 609.683121420216 -NAN 0 0
 611.844317567927 -NAN 0 0
 614.005864 -NAN 0 0
 616.167766673673 -NAN 0 0
 618.330031546184 -NAN 0 0
 620.492664574771 -NAN 0 0
 622.655671716672 -NAN 0 0
 624.819058929125 -NAN 0 0
 626.982832169368 -NAN 0 0
 629.146997394639 -NAN 0 0
 631.311560562176 -NAN 0 0
 633.476527629217 -NAN 0 0
 635.641904553 -NAN 0 0
 637.807697290763 -NAN 0 0
 639.973911799744 -NAN 0 0
 642.140554037181 -NAN 0 0
 644.307629960312 -NAN 0 0
 646.475145526375 -NAN 0 0
 648.643106692608 -NAN 0 0
 650.811519416249 -NAN 0 0
 652.980389654536 -NAN 0 0
 655.149723364707 -NAN 0 0
 657.319526504 -NAN 0 0
 659.489805029653 -NAN 0 0
 661.660564898904 -NAN 0 0
 663.831812068991 -NAN 0 0
 666.003552497152 -NAN 0 0
 668.175792140625 -NAN 0 0
 670.348536956648 -NAN 0 0
 672.521792902459 -NAN 0 0
 674.695565935296 -NAN 0 0
 676.869862012397 -NAN 0 0
 679.044687091 -NAN 0 0
 681.220047128343 -NAN 0 0
 683.395948081664 -NAN 0 0
 685.572395908201 -NAN 0 0
 687.749396565192 -NAN 0 0
 689.926956009875 -NAN 0 0
 692.105080199488 -NAN 0 0
 694.283775091269 -NAN 0 0
 696.463046642456 -NAN 0 0
 698.642900810287 -NAN 0 0
 700.823343552 -NAN 0 0
 703.004380824833 -NAN 0 0
 705.186018586024 -NAN 0 0
 707.368262792811 -NAN 0 0
 709.551119402432 -NAN 0 0
 711.734594372125 -NAN 0 0
 713.918693659128 -NAN 0 0
 716.103423220679 -NAN 0 0
 718.288789014016 -NAN 0 0
 720.474796996377 -NAN 0 0
 722.661453125 -NAN 0 0
 724.848763357123 -NAN 0 0
 727.036733649984 -NAN 0 0
 729.225369960821 -NAN 0 0
 731.414678246872 -NAN 0 0
 733.604664465375 -NAN 0 0
 735.795334573568 -NAN 0 0
[END] of [DATA]
[END] of Spectrum


[Spectrum]
Version            = 1
IDData             = 12ad_2026-06-09_10-01-15_000_286
IDDevice           = SAM_82E6
IDDataType         = SPECTRUM
IDDataTypeSub1     = CALIBRATED
IDDataTypeSub2     = 
IDDataTypeSub3     = 
DateTime           = 2026-06-09 10:01:15
PositionLatitude   = 0
PositionLongitude  = 0
Comment            = 20260609_FrameF
CommentSub1        = UV
CommentSub2        = right
CommentSub3        = 39cm
IDMethodType       = SAM Control
MethodName         = SAM_82E6
Mission            = No Mission
MissionSub         = 1
RecordType         = 0
[Attributes]
CalFactor = 1
IDBasisSpec = 
IDDataBack = DLAB_2024-11-11_10-40-48_641_639
IDDataCal = DLAB_2024-11-12_11-45-27_171_455
IntegrationTime = 128
P31 = -1
P31e = 0
PathLength = +INF
PathLengthCustomOn = 0
RAWDynamic = 65535
Salinity = 0
Temperature = -NAN
Unit1 = $01 $01 Wavelength nm
Unit2 = $03 $06 Intensity mW/(m^2 nm)
Unit3 = $f0 $06 Error mW/(m^2 nm)
Unit4 = $f1 $00 Status 
p999 = 7534
[END] of [Attributes]
[DATA]
 0 6 0 0
 185.260577530984 -NAN 0 0
 187.468128380571 -NAN 0 0
 189.674861895872 -NAN 0 0
 191.880784034125 -NAN 0 0
 194.085900752568 -NAN 0 0
 196.290218008439 -NAN 0 0
 198.493741758976 -NAN 0 0
 200.696477961417 -NAN 0 0
 202.898432573 -NAN 0 0
 205.099611550963 -NAN 0 0
 207.300020852544 -NAN 0 0
 209.499666434981 -NAN 0 0
 211.698554255512 -NAN 0 0
 213.896690271375 -NAN 0 0
 216.094080439808 -NAN 0 0
 218.290730718049 -NAN 0 0
 220.486647063336 -NAN 0 0
 222.681835432907 -NAN 0 0
 224.876301784 -NAN 0 0
 227.070052073853 -NAN 0 0
 229.263092259704 -NAN 0 0
 231.455428298791 -NAN 0 0
 233.647066148352 -NAN 0 0
 235.838011765625 -NAN 0 0
 238.028271107848 -NAN 0 0
 240.217850132259 -NAN 0 0
 242.406754796096 -NAN 0 0
 244.594991056597 -NAN 0 0
 246.782564871 -NAN 0 0
 248.969482196543 -NAN 0 0
 251.155748990464 -NAN 0 0
 253.341371210001 -NAN 0 0
 255.526354812392 -NAN 0 0
 257.710705754875 -NAN 0 0
 259.894429994688 -NAN 0 0
 262.077533489069 -NAN 0 0
 264.260022195256 -NAN 0 0
 266.441902070487 -NAN 0 0
 268.623179072 -NAN 0 0
 270.803859157033 -NAN 0 0
 272.983948282824 -NAN 0 0
 275.163452406611 -NAN 0 0
 277.342377485632 -NAN 0 0
 279.520729477125 -1.91364115819237 0 0
 281.698514338328 9.03351015264127 0 0
 283.875738026479 14.8139834264803 0 0
 286.052406498816 8.19257005529378 0 0
 288.228525712577 24.1692272648771 0 0
 290.404101625 35.4805783312439 0 0
 292.579140193323 33.9245006651456 0 0
 294.753647374784 55.1537899037619 0 0
 296.927629126621 68.1161734051046 0 0
 299.101091406072 68.3019079928117 0 0
 301.274040170375 87.3656939100604 0 0
 303.446481376768 95.7666435880826 0 0
 305.618420982489 92.7717910287253 0 0
 307.789864944776 102.400644792539 0 0
 309.960819220867 110.727566816927 0 0
 312.131289768 105.855447383503 0 0
 314.301282543413 107.262755299389 0 0
 316.470803504344 101.239818405182 0 0
 318.639858608031 82.3817453336354 0 0
 320.808453811712 80.7811616869183 0 0
 322.976595072625 80.9559373170523 0 0
 325.144288348008 61.9526792811647 0 0
 327.311539595099 61.6627230609094 0 0
 329.478354771136 61.9410003990774 0 0
 331.644739833357 43.804836616169 0 0
 333.810700739 44.4915581168763 0 0
 335.976243445303 46.1189165325735 0 0
 338.141373909504 28.6680509187114 0 0
 340.306098088841 28.9263328429697 0 0
 342.470421940552 31.8563759646154 0 0
 344.634351421875 17.7322784806126 0 0
 346.797892490048 18.4437304400205 0 0
 348.961051102309 21.9408479058793 0 0
 351.123833215896 10.3936268346721 0 0
 353.286244788047 11.0965363670826 0 0
 355.448291776 15.8865398906956 0 0
 357.609980136993 5.66342929401879 0 0
 359.771315828264 7.70695118316408 0 0
 361.932304807051 19.2117972190073 0 0
 364.092953030592 16.4397211332478 0 0
 366.253266456125 17.1555528985202 0 0
 368.413251040888 16.8546211970158 0 0
 370.572912742119 1.59876101506721 0 0
 372.732257517056 0.908938966044655 0 0
 374.891291322937 9.30495175162971 0 0
 377.050020117 -1.53203290735602 0 0
 379.208449856483 -1.1438521103344 0 0
 381.366586498624 8.9364933663292 0 0
 383.524436000661 -2.07525286187052 0 0
 385.682004319832 -2.0276921720407 0 0
 387.839297413375 8.62298537408568 0 0
 389.996321238528 -1.89463772299139 0 0
 392.153081752529 -2.41024658586808 0 0
 394.309584912616 8.45163900542737 0 0
 396.465836676027 -1.47388567643301 0 0
 398.621843 -1.65394376474226 0 0
 400.777609841773 12.7988598025749 0 0
 402.933143158584 11.0357139589156 0 0
 405.088448907671 12.0656638778314 0 0
 407.243533046272 18.3085798325896 0 0
 409.398401531625 5.50764441813127 0 0
 411.553060320968 2.96484216005974 0 0
 413.707515371539 13.6393659123059 0 0
 415.861772640576 10.0003012694013 0 0
 418.015838085317 12.774647720943 0 0
 420.169717663 27.845089490962 0 0
 422.323417330863 31.285134055358 0 0
 424.476943046144 42.0864277016907 0 0
 426.630300766081 67.3676501207812 0 0
 428.783496447912 86.68886437264 0 0
 430.936536048875 119.99679582332 0 0
 433.089425526208 186.233996518073 0 0
 435.242170837149 249.899891742874 0 0
 437.394777938936 311.669667460558 0 0
 439.547252788807 389.816081819494 0 0
 441.699601344 493.229217587316 0 0
 443.851829561753 620.235521745809 0 0
 446.003943399304 747.545757073372 0 0
 448.155948813891 811.174887977154 0 0
 450.307851762752 796.420519175196 0 0
 452.459658203125 720.840033691659 0 0
 454.611374092248 599.678801498199 0 0
 456.763005387359 485.478362806028 0 0
 458.914558045696 412.638743453342 0 0
 461.066038024497 353.29667483871 0 0
 463.217451281 305.886299871121 0 0
 465.368803772443 274.617744719718 0 0
 467.520101456064 230.217637935476 0 0
 469.671350289101 185.831829776637 0 0
 471.822556228792 164.152062006993 0 0
 473.973725232375 139.021907877906 0 0
 476.124863257088 119.243187853019 0 0
 478.275976260169 121.068957362338 0 0
 480.427070198856 114.36746416908 0 0
 482.578151030387 105.216312686903 0 0
 484.729224712 114.225552790468 0 0
 486.880297200933 112.949039375591 0 0
 489.031374454424 108.9322148966 0 0
 491.182462429711 123.092784642701 0 0
 493.333567084032 127.618072681307 0 0
 495.484694374625 127.141457109798 0 0
 497.635850258728 143.533113062362 0 0
 499.787040693579 149.438781677347 0 0
 501.938271636416 148.459304547874 0 0
 504.089549044477 -NAN 0 0
 506.240878875 -NAN 0 0
 508.392267085223 -NAN 0 0
 510.543719632384 -NAN 0 0
 512.695242473721 -NAN 0 0
 514.846841566472 -NAN 0 0
 516.998522867875 -NAN 0 0
 519.150292335168 -NAN 0 0
 521.302155925589 -NAN 0 0
 523.454119596376 -NAN 0 0
 525.606189304767 -NAN 0 0
 527.758371008 -NAN 0 0
 529.910670663313 -NAN 0 0
 532.063094227944 -NAN 0 0
 534.215647659131 -NAN 0 0
 536.368336914112 -NAN 0 0
 538.521167950125 -NAN 0 0
 540.674146724408 -NAN 0 0
 542.827279194199 -NAN 0 0
 544.980571316736 -NAN 0 0
 547.134029049257 -NAN 0 0
 549.287658349 -NAN 0 0
 551.441465173203 -NAN 0 0
 553.595455479104 -NAN 0 0
 555.749635223941 -NAN 0 0
 557.904010364952 -NAN 0 0
 560.058586859375 -NAN 0 0
 562.213370664448 -NAN 0 0
 564.368367737409 -NAN 0 0
 566.523584035496 -NAN 0 0
 568.679025515947 -NAN 0 0
 570.834698136 -NAN 0 0
 572.990607852893 -NAN 0 0
 575.146760623864 -NAN 0 0
 577.303162406151 -NAN 0 0
 579.459819156992 -NAN 0 0
 581.616736833625 -NAN 0 0
 583.773921393288 -NAN 0 0
 585.931378793219 -NAN 0 0
 588.089114990656 -NAN 0 0
 590.247135942837 -NAN 0 0
 592.405447607 -NAN 0 0
 594.564055940383 -NAN 0 0
 596.722966900224 -NAN 0 0
 598.882186443761 -NAN 0 0
 601.041720528232 -NAN 0 0
 603.201575110875 -NAN 0 0
 605.361756148928 -NAN 0 0
 607.522269599629 -NAN 0 0
 609.683121420216 -NAN 0 0
 611.844317567927 -NAN 0 0
 614.005864 -NAN 0 0
 616.167766673673 -NAN 0 0
 618.330031546184 -NAN 0 0
 620.492664574771 -NAN 0 0
 622.655671716672 -NAN 0 0
 624.819058929125 -NAN 0 0
 626.982832169368 -NAN 0 0
 629.146997394639 -NAN 0 0
 631.311560562176 -NAN 0 0
 633.476527629217 -NAN 0 0
 635.641904553 -NAN 0 0
 637.807697290763 -NAN 0 0
 639.973911799744 -NAN 0 0
 642.140554037181 -NAN 0 0
 644.307629960312 -NAN 0 0
 646.475145526375 -NAN 0 0
 648.643106692608 -NAN 0 0
 650.811519416249 -NAN 0 0
 652.980389654536 -NAN 0 0
 655.149723364707 -NAN 0 0
 657.319526504 -NAN 0 0
 659.489805029653 -NAN 0 0
 661.660564898904 -NAN 0 0
 663.831812068991 -NAN 0 0
 666.003552497152 -NAN 0 0
 668.175792140625 -NAN 0 0
 670.348536956648 -NAN 0 0
 672.521792902459 -NAN 0 0
 674.695565935296 -NAN 0 0
 676.869862012397 -NAN 0 0
 679.044687091 -NAN 0 0
 681.220047128343 -NAN 0 0
 683.395948081664 -NAN 0 0
 685.572395908201 -NAN 0 0
 687.749396565192 -NAN 0 0
 689.926956009875 -NAN 0 0
 692.105080199488 -NAN 0 0
 694.283775091269 -NAN 0 0
 696.463046642456 -NAN 0 0
 698.642900810287 -NAN 0 0
 700.823343552 -NAN 0 0
 703.004380824833 -NAN 0 0
 705.186018586024 -NAN 0 0
 707.368262792811 -NAN 0 0
 709.551119402432 -NAN 0 0
 711.734594372125 -NAN 0 0
 713.918693659128 -NAN 0 0
 716.103423220679 -NAN 0 0
 718.288789014016 -NAN 0 0
 720.474796996377 -NAN 0 0
 722.661453125 -NAN 0 0
 724.848763357123 -NAN 0 0
 727.036733649984 -NAN 0 0
 729.225369960821 -NAN 0 0
 731.414678246872 -NAN 0 0
 733.604664465375 -NAN 0 0
 735.795334573568 -NAN 0 0
[END] of [DATA]
[END] of Spectrum


[Spectrum]
Version            = 1
IDData             = 12ad_2026-06-09_10-01-10_000_283
IDDevice           = SAM_82E6
IDDataType         = SPECTRUM
IDDataTypeSub1     = CALIBRATED
IDDataTypeSub2     = 
IDDataTypeSub3     = 
DateTime           = 2026-06-09 10:01:10
PositionLatitude   = 0
PositionLongitude  = 0
Comment            = 20260609_FrameF
CommentSub1        = UV
CommentSub2        = right
CommentSub3        = 39cm
IDMethodType       = SAM Control
MethodName         = SAM_82E6
Mission            = No Mission
MissionSub         = 1
RecordType         = 0
[Attributes]
CalFactor = 1
IDBasisSpec = 
IDDataBack = DLAB_2024-11-11_10-40-48_641_639
IDDataCal = DLAB_2024-11-12_11-45-27_171_455
IntegrationTime = 128
P31 = -1
P31e = 0
PathLength = +INF
PathLengthCustomOn = 0
RAWDynamic = 65535
Salinity = 0
Temperature = -NAN
Unit1 = $01 $01 Wavelength nm
Unit2 = $03 $06 Intensity mW/(m^2 nm)
Unit3 = $f0 $06 Error mW/(m^2 nm)
Unit4 = $f1 $00 Status 
p999 = 7533
[END] of [Attributes]
[DATA]
 0 6 0 0
 185.260577530984 -NAN 0 0
 187.468128380571 -NAN 0 0
 189.674861895872 -NAN 0 0
 191.880784034125 -NAN 0 0
 194.085900752568 -NAN 0 0
 196.290218008439 -NAN 0 0
 198.493741758976 -NAN 0 0
 200.696477961417 -NAN 0 0
 202.898432573 -NAN 0 0
 205.099611550963 -NAN 0 0
 207.300020852544 -NAN 0 0
 209.499666434981 -NAN 0 0
 211.698554255512 -NAN 0 0
 213.896690271375 -NAN 0 0
 216.094080439808 -NAN 0 0
 218.290730718049 -NAN 0 0
 220.486647063336 -NAN 0 0
 222.681835432907 -NAN 0 0
 224.876301784 -NAN 0 0
 227.070052073853 -NAN 0 0
 229.263092259704 -NAN 0 0
 231.455428298791 -NAN 0 0
 233.647066148352 -NAN 0 0
 235.838011765625 -NAN 0 0
 238.028271107848 -NAN 0 0
 240.217850132259 -NAN 0 0
 242.406754796096 -NAN 0 0
 244.594991056597 -NAN 0 0
 246.782564871 -NAN 0 0
 248.969482196543 -NAN 0 0
 251.155748990464 -NAN 0 0
 253.341371210001 -NAN 0 0
 255.526354812392 -NAN 0 0
 257.710705754875 -NAN 0 0
 259.894429994688 -NAN 0 0
 262.077533489069 -NAN 0 0
 264.260022195256 -NAN 0 0
 266.441902070487 -NAN 0 0
 268.623179072 -NAN 0 0
 270.803859157033 -NAN 0 0
 272.983948282824 -NAN 0 0
 275.163452406611 -NAN 0 0
 277.342377485632 -NAN 0 0
 279.520729477125 7.23447798912059 0 0
 281.698514338328 0.210899317508467 0 0
 283.875738026479 13.6221354167314 0 0
 286.052406498816 18.8318950332866 0 0
 288.228525712577 14.1919007227076 0 0
 290.404101625 33.2848703189092 0 0
 292.579140193323 43.6702254965446 0 0
 294.753647374784 44.8088227960966 0 0
 296.927629126621 64.2564463950129 0 0
 299.101091406072 75.1257191762962 0 0
 301.274040170375 77.2799190662072 0 0
 303.446481376768 90.5787507423969 0 0
 305.618420982489 97.7101489221648 0 0
 307.789864944776 92.6095019727364 0 0
 309.960819220867 104.44652696084 0 0
 312.131289768 111.022601864534 0 0
 314.301282543413 97.092882946146 0 0
 316.470803504344 94.5128125580065 0 0
 318.639858608031 89.4700228434972 0 0
 320.808453811712 71.1280000818811 0 0
 322.976595072625 73.9979506837951 0 0
 325.144288348008 71.3626932950107 0 0
 327.311539595099 52.3507364546903 0 0
 329.478354771136 54.9292162726648 0 0
 331.644739833357 53.6943301573492 0 0
 333.810700739 36.5279960894252 0 0
 335.976243445303 39.1093569286357 0 0
 338.141373909504 38.3275518390225 0 0
 340.306098088841 22.6991051045579 0 0
 342.470421940552 25.3065122072904 0 0
 344.634351421875 26.8570459852813 0 0
 346.797892490048 13.5103469515885 0 0
 348.961051102309 15.9892984219875 0 0
 351.123833215896 18.5362436732897 0 0
 353.286244788047 7.40873592425296 0 0
 355.448291776 9.86709219714894 0 0
 357.609980136993 13.6646259610539 0 0
 359.771315828264 4.63073080257568 0 0
 361.932304807051 12.6520538751457 0 0
 364.092953030592 24.4083289164765 0 0
 366.253266456125 14.1939589713342 0 0
 368.413251040888 9.08862500486716 0 0
 370.572912742119 10.66703115797 0 0
 372.732257517056 -1.67137928501893 0 0
 374.891291322937 0.861696548325355 0 0
 377.050020117 8.55163702004695 0 0
 379.208449856483 -2.92954192377178 0 0
 381.366586498624 -0.854611082478749 0 0
 383.524436000661 8.05813115954762 0 0
 385.682004319832 -3.38177519709596 0 0
 387.839297413375 -1.39710787791426 0 0
 389.996321238528 7.91824059948466 0 0
 392.153081752529 -3.23172077201963 0 0
 394.309584912616 -1.83018223219866 0 0
 396.465836676027 7.78414332422795 0 0
 398.621843 -1.77070649890337 0 0
 400.777609841773 2.7121624729409 0 0
 402.933143158584 19.0223424207202 0 0
 405.088448907671 12.0238965955364 0 0
 407.243533046272 8.55981855970152 0 0
 409.398401531625 12.7492979848788 0 0
 411.553060320968 3.66191204758278 0 0
 413.707515371539 5.1838689806049 0 0
 415.861772640576 16.3586906887088 0 0
 418.015838085317 14.0328668177597 0 0
 420.169717663 20.0990512773468 0 0
 422.323417330863 36.8902551839293 0 0
 424.476943046144 43.4143388422176 0 0
 426.630300766081 60.2532432941345 0 0
 428.783496447912 91.5915691579694 0 0
 430.936536048875 121.19986336353 0 0
 433.089425526208 178.511949982482 0 0
 435.242170837149 252.50533295415 0 0
 437.394777938936 311.915852826832 0 0
 439.547252788807 382.421955540195 0 0
 441.699601344 497.536233874416 0 0
 443.851829561753 622.587603089691 0 0
 446.003943399304 740.247814043126 0 0
 448.155948813891 815.440891194167 0 0
 450.307851762752 799.311732809815 0 0
 452.459658203125 713.255409089643 0 0
 454.611374092248 604.096936277576 0 0
 456.763005387359 488.994826230425 0 0
 458.914558045696 404.287219720635 0 0
 461.066038024497 357.865366704876 0 0
 463.217451281 310.094887359042 0 0
 465.368803772443 265.841957454221 0 0
 467.520101456064 234.345353432082 0 0
 469.671350289101 190.471420458104 0 0
 471.822556228792 155.083898427548 0 0
 473.973725232375 143.087143752682 0 0
 476.124863257088 124.506475844369 0 0
 478.275976260169 112.270111913444 0 0
 480.427070198856 117.938483709435 0 0
 482.578151030387 111.024743702528 0 0
 484.729224712 105.27581718459 0 0
 486.880297200933 116.152721817814 0 0
 489.031374454424 114.916253573069 0 0
 491.182462429711 114.309787596235 0 0
 493.333567084032 130.245535088187 0 0
 495.484694374625 133.678402426281 0 0
 497.635850258728 135.142253052356 0 0
 499.787040693579 151.554415387534 0 0
 501.938271636416 155.164199936162 0 0
 504.089549044477 -NAN 0 0
 506.240878875 -NAN 0 0
 508.392267085223 -NAN 0 0
 510.543719632384 -NAN 0 0
 512.695242473721 -NAN 0 0
 514.846841566472 -NAN 0 0
 516.998522867875 -NAN 0 0
 519.150292335168 -NAN 0 0
 521.302155925589 -NAN 0 0
 523.454119596376 -NAN 0 0
 525.606189304767 -NAN 0 0
 527.758371008 -NAN 0 0
 529.910670663313 -NAN 0 0
 532.063094227944 -NAN 0 0
 534.215647659131 -NAN 0 0
 536.368336914112 -NAN 0 0
 538.521167950125 -NAN 0 0
 540.674146724408 -NAN 0 0
 542.827279194199 -NAN 0 0
 544.980571316736 -NAN 0 0
 547.134029049257 -NAN 0 0
 549.287658349 -NAN 0 0
 551.441465173203 -NAN 0 0
 553.595455479104 -NAN 0 0
 555.749635223941 -NAN 0 0
 557.904010364952 -NAN 0 0
 560.058586859375 -NAN 0 0
 562.213370664448 -NAN 0 0
 564.368367737409 -NAN 0 0
 566.523584035496 -NAN 0 0
 568.679025515947 -NAN 0 0
 570.834698136 -NAN 0 0
 572.990607852893 -NAN 0 0
 575.146760623864 -NAN 0 0
 577.303162406151 -NAN 0 0
 579.459819156992 -NAN 0 0
 581.616736833625 -NAN 0 0
 583.773921393288 -NAN 0 0
 585.931378793219 -NAN 0 0
 588.089114990656 -NAN 0 0
 590.247135942837 -NAN 0 0
 592.405447607 -NAN 0 0
 594.564055940383 -NAN 0 0
 596.722966900224 -NAN 0 0
 598.882186443761 -NAN 0 0
 601.041720528232 -NAN 0 0
 603.201575110875 -NAN 0 0
 605.361756148928 -NAN 0 0
 607.522269599629 -NAN 0 0
 609.683121420216 -NAN 0 0
 611.844317567927 -NAN 0 0
 614.005864 -NAN 0 0
 616.167766673673 -NAN 0 0
 618.330031546184 -NAN 0 0
 620.492664574771 -NAN 0 0
 622.655671716672 -NAN 0 0
 624.819058929125 -NAN 0 0
 626.982832169368 -NAN 0 0
 629.146997394639 -NAN 0 0
 631.311560562176 -NAN 0 0
 633.476527629217 -NAN 0 0
 635.641904553 -NAN 0 0
 637.807697290763 -NAN 0 0
 639.973911799744 -NAN 0 0
 642.140554037181 -NAN 0 0
 644.307629960312 -NAN 0 0
 646.475145526375 -NAN 0 0
 648.643106692608 -NAN 0 0
 650.811519416249 -NAN 0 0
 652.980389654536 -NAN 0 0
 655.149723364707 -NAN 0 0
 657.319526504 -NAN 0 0
 659.489805029653 -NAN 0 0
 661.660564898904 -NAN 0 0
 663.831812068991 -NAN 0 0
 666.003552497152 -NAN 0 0
 668.175792140625 -NAN 0 0
 670.348536956648 -NAN 0 0
 672.521792902459 -NAN 0 0
 674.695565935296 -NAN 0 0
 676.869862012397 -NAN 0 0
 679.044687091 -NAN 0 0
 681.220047128343 -NAN 0 0
 683.395948081664 -NAN 0 0
 685.572395908201 -NAN 0 0
 687.749396565192 -NAN 0 0
 689.926956009875 -NAN 0 0
 692.105080199488 -NAN 0 0
 694.283775091269 -NAN 0 0
 696.463046642456 -NAN 0 0
 698.642900810287 -NAN 0 0
 700.823343552 -NAN 0 0
 703.004380824833 -NAN 0 0
 705.186018586024 -NAN 0 0
 707.368262792811 -NAN 0 0
 709.551119402432 -NAN 0 0
 711.734594372125 -NAN 0 0
 713.918693659128 -NAN 0 0
 716.103423220679 -NAN 0 0
 718.288789014016 -NAN 0 0
 720.474796996377 -NAN 0 0
 722.661453125 -NAN 0 0
 724.848763357123 -NAN 0 0
 727.036733649984 -NAN 0 0
 729.225369960821 -NAN 0 0
 731.414678246872 -NAN 0 0
 733.604664465375 -NAN 0 0
 735.795334573568 -NAN 0 0
[END] of [DATA]
[END] of Spectrum


[Spectrum]
Version            = 1
IDData             = 12ad_2026-06-09_10-01-05_000_280
IDDevice           = SAM_82E6
IDDataType         = SPECTRUM
IDDataTypeSub1     = CALIBRATED
IDDataTypeSub2     = 
IDDataTypeSub3     = 
DateTime           = 2026-06-09 10:01:05
PositionLatitude   = 0
PositionLongitude  = 0
Comment            = 20260609_FrameF
CommentSub1        = UV
CommentSub2        = right
CommentSub3        = 39cm
IDMethodType       = SAM Control
MethodName         = SAM_82E6
Mission            = No Mission
MissionSub         = 1
RecordType         = 0
[Attributes]
CalFactor = 1
IDBasisSpec = 
IDDataBack = DLAB_2024-11-11_10-40-48_641_639
IDDataCal = DLAB_2024-11-12_11-45-27_171_455
IntegrationTime = 128
P31 = -1
P31e = 0
PathLength = +INF
PathLengthCustomOn = 0
RAWDynamic = 65535
Salinity = 0
Temperature = -NAN
Unit1 = $01 $01 Wavelength nm
Unit2 = $03 $06 Intensity mW/(m^2 nm)
Unit3 = $f0 $06 Error mW/(m^2 nm)
Unit4 = $f1 $00 Status 
p999 = 7532
[END] of [Attributes]
[DATA]
 0 6 0 0
 185.260577530984 -NAN 0 0
 187.468128380571 -NAN 0 0
 189.674861895872 -NAN 0 0
 191.880784034125 -NAN 0 0
 194.085900752568 -NAN 0 0
 196.290218008439 -NAN 0 0
 198.493741758976 -NAN 0 0
 200.696477961417 -NAN 0 0
 202.898432573 -NAN 0 0
 205.099611550963 -NAN 0 0
 207.300020852544 -NAN 0 0
 209.499666434981 -NAN 0 0
 211.698554255512 -NAN 0 0
 213.896690271375 -NAN 0 0
 216.094080439808 -NAN 0 0
 218.290730718049 -NAN 0 0
 220.486647063336 -NAN 0 0
 222.681835432907 -NAN 0 0
 224.876301784 -NAN 0 0
 227.070052073853 -NAN 0 0
 229.263092259704 -NAN 0 0
 231.455428298791 -NAN 0 0
 233.647066148352 -NAN 0 0
 235.838011765625 -NAN 0 0
 238.028271107848 -NAN 0 0
 240.217850132259 -NAN 0 0
 242.406754796096 -NAN 0 0
 244.594991056597 -NAN 0 0
 246.782564871 -NAN 0 0
 248.969482196543 -NAN 0 0
 251.155748990464 -NAN 0 0
 253.341371210001 -NAN 0 0
 255.526354812392 -NAN 0 0
 257.710705754875 -NAN 0 0
 259.894429994688 -NAN 0 0
 262.077533489069 -NAN 0 0
 264.260022195256 -NAN 0 0
 266.441902070487 -NAN 0 0
 268.623179072 -NAN 0 0
 270.803859157033 -NAN 0 0
 272.983948282824 -NAN 0 0
 275.163452406611 -NAN 0 0
 277.342377485632 -NAN 0 0
 279.520729477125 11.3801475564232 0 0
 281.698514338328 4.77517531416653 0 0
 283.875738026479 6.78313078259141 0 0
 286.052406498816 23.1686395350967 0 0
 288.228525712577 19.1676696889561 0 0
 290.404101625 25.2218233464617 0 0
 292.579140193323 46.4343803120456 0 0
 294.753647374784 49.0204480660471 0 0
 296.927629126621 56.4163759057641 0 0
 299.101091406072 76.1756279525186 0 0
 301.274040170375 79.7433452044378 0 0
 303.446481376768 82.595948887846 0 0
 305.618420982489 97.3412776770755 0 0
 307.789864944776 94.4747360579499 0 0
 309.960819220867 96.1197182734423 0 0
 312.131289768 109.968241292076 0 0
 314.301282543413 99.4568608210766 0 0
 316.470803504344 86.2647165764801 0 0
 318.639858608031 89.4224246097649 0 0
 320.808453811712 75.9186410935371 0 0
 322.976595072625 65.8713935387681 0 0
 325.144288348008 71.9069668886314 0 0
 327.311539595099 58.9462383031443 0 0
 329.478354771136 47.1633009302804 0 0
 331.644739833357 54.7321347939311 0 0
 333.810700739 43.7203655859651 0 0
 335.976243445303 32.2524318660529 0 0
 338.141373909504 39.4131572783072 0 0
 340.306098088841 30.1492474446063 0 0
 342.470421940552 19.7426635257883 0 0
 344.634351421875 27.5575001611496 0 0
 346.797892490048 20.5323249678117 0 0
 348.961051102309 11.6996954224238 0 0
 351.123833215896 19.139607775024 0 0
 353.286244788047 13.9632505492821 0 0
 355.448291776 6.20658817621625 0 0
 357.609980136993 13.8563034508022 0 0
 359.771315828264 11.2316974024607 0 0
 361.932304807051 9.11304269381563 0 0
 364.092953030592 24.0210758037466 0 0
 366.253266456125 21.1506683657534 0 0
 368.413251040888 5.50870200214864 0 0
 370.572912742119 10.2814412779325 0 0
 372.732257517056 6.78053272137187 0 0
 374.891291322937 -2.72130904352275 0 0
 377.050020117 7.50740471703135 0 0
 379.208449856483 6.01150213426226 0 0
 381.366586498624 -3.90867816011645 0 0
 383.524436000661 6.59852591550885 0 0
 385.682004319832 5.80806768618349 0 0
 387.839297413375 -4.7139967782157 0 0
 389.996321238528 5.81829025707102 0 0
 392.153081752529 5.58386285065059 0 0
 394.309584912616 -4.75245582798547 0 0
 396.465836676027 5.05211185434033 0 0
 398.621843 6.32440078651637 0 0
 400.777609841773 -0.28549577161898 0 0
 402.933143158584 15.7818141793945 0 0
 405.088448907671 18.8553041497335 0 0
 407.243533046272 5.8000851406278 0 0
 409.398401531625 9.46878308589173 0 0
 411.553060320968 10.1528238957996 0 0
 413.707515371539 3.17818098539082 0 0
 415.861772640576 13.3999473618112 0 0
 418.015838085317 19.5346264153251 0 0
 420.169717663 18.5485192021007 0 0
 422.323417330863 33.8075301202411 0 0
 424.476943046144 48.4783315271815 0 0
 426.630300766081 58.885088135164 0 0
 428.783496447912 88.3891318334394 0 0
 430.936536048875 125.619076526646 0 0
 433.089425526208 176.237759510845 0 0
 435.242170837149 247.714038456728 0 0
 437.394777938936 314.677445166039 0 0
 439.547252788807 381.008967287084 0 0
 441.699601344 493.644302172237 0 0
 443.851829561753 626.835579182289 0 0
 446.003943399304 739.430752426023 0 0
 448.155948813891 811.428461594949 0 0
 450.307851762752 803.888435615708 0 0
 452.459658203125 712.87099052469 0 0
 454.611374092248 599.422994727718 0 0
 456.763005387359 493.826302490098 0 0
 458.914558045696 403.944895074325 0 0
 461.066038024497 352.564094675513 0 0
 463.217451281 315.085574150615 0 0
 465.368803772443 266.1638981706 0 0
 467.520101456064 228.483654700135 0 0
 469.671350289101 195.73128306222 0 0
 471.822556228792 155.555014447647 0 0
 473.973725232375 136.981582288534 0 0
 476.124863257088 129.607015973975 0 0
 478.275976260169 113.249119597262 0 0
 480.427070198856 111.581712493962 0 0
 482.578151030387 116.046290808465 0 0
 484.729224712 106.501823673057 0 0
 486.880297200933 109.688308118929 0 0
 489.031374454424 119.869757541043 0 0
 491.182462429711 116.017468481795 0 0
 493.333567084032 123.871712088446 0 0
 495.484694374625 138.35919174958 0 0
 497.635850258728 137.23448239847 0 0
 499.787040693579 145.389071723365 0 0
 501.938271636416 159.560588003763 0 0
 504.089549044477 -NAN 0 0
 506.240878875 -NAN 0 0
 508.392267085223 -NAN 0 0
 510.543719632384 -NAN 0 0
 512.695242473721 -NAN 0 0
 514.846841566472 -NAN 0 0
 516.998522867875 -NAN 0 0
 519.150292335168 -NAN 0 0
 521.302155925589 -NAN 0 0
 523.454119596376 -NAN 0 0
 525.606189304767 -NAN 0 0
 527.758371008 -NAN 0 0
 529.910670663313 -NAN 0 0
 532.063094227944 -NAN 0 0
 534.215647659131 -NAN 0 0
 536.368336914112 -NAN 0 0
 538.521167950125 -NAN 0 0
 540.674146724408 -NAN 0 0
 542.827279194199 -NAN 0 0
 544.980571316736 -NAN 0 0
 547.134029049257 -NAN 0 0
 549.287658349 -NAN 0 0
 551.441465173203 -NAN 0 0
 553.595455479104 -NAN 0 0
 555.749635223941 -NAN 0 0
 557.904010364952 -NAN 0 0
 560.058586859375 -NAN 0 0
 562.213370664448 -NAN 0 0
 564.368367737409 -NAN 0 0
 566.523584035496 -NAN 0 0
 568.679025515947 -NAN 0 0
 570.834698136 -NAN 0 0
 572.990607852893 -NAN 0 0
 575.146760623864 -NAN 0 0
 577.303162406151 -NAN 0 0
 579.459819156992 -NAN 0 0
 581.616736833625 -NAN 0 0
 583.773921393288 -NAN 0 0
 585.931378793219 -NAN 0 0
 588.089114990656 -NAN 0 0
 590.247135942837 -NAN 0 0
 592.405447607 -NAN 0 0
 594.564055940383 -NAN 0 0
 596.722966900224 -NAN 0 0
 598.882186443761 -NAN 0 0
 601.041720528232 -NAN 0 0
 603.201575110875 -NAN 0 0
 605.361756148928 -NAN 0 0
 607.522269599629 -NAN 0 0
 609.683121420216 -NAN 0 0
 611.844317567927 -NAN 0 0
 614.005864 -NAN 0 0
 616.167766673673 -NAN 0 0
 618.330031546184 -NAN 0 0
 620.492664574771 -NAN 0 0
 622.655671716672 -NAN 0 0
 624.819058929125 -NAN 0 0
 626.982832169368 -NAN 0 0
 629.146997394639 -NAN 0 0
 631.311560562176 -NAN 0 0
 633.476527629217 -NAN 0 0
 635.641904553 -NAN 0 0
 637.807697290763 -NAN 0 0
 639.973911799744 -NAN 0 0
 642.140554037181 -NAN 0 0
 644.307629960312 -NAN 0 0
 646.475145526375 -NAN 0 0
 648.643106692608 -NAN 0 0
 650.811519416249 -NAN 0 0
 652.980389654536 -NAN 0 0
 655.149723364707 -NAN 0 0
 657.319526504 -NAN 0 0
 659.489805029653 -NAN 0 0
 661.660564898904 -NAN 0 0
 663.831812068991 -NAN 0 0
 666.003552497152 -NAN 0 0
 668.175792140625 -NAN 0 0
 670.348536956648 -NAN 0 0
 672.521792902459 -NAN 0 0
 674.695565935296 -NAN 0 0
 676.869862012397 -NAN 0 0
 679.044687091 -NAN 0 0
 681.220047128343 -NAN 0 0
 683.395948081664 -NAN 0 0
 685.572395908201 -NAN 0 0
 687.749396565192 -NAN 0 0
 689.926956009875 -NAN 0 0
 692.105080199488 -NAN 0 0
 694.283775091269 -NAN 0 0
 696.463046642456 -NAN 0 0
 698.642900810287 -NAN 0 0
 700.823343552 -NAN 0 0
 703.004380824833 -NAN 0 0
 705.186018586024 -NAN 0 0
 707.368262792811 -NAN 0 0
 709.551119402432 -NAN 0 0
 711.734594372125 -NAN 0 0
 713.918693659128 -NAN 0 0
 716.103423220679 -NAN 0 0
 718.288789014016 -NAN 0 0
 720.474796996377 -NAN 0 0
 722.661453125 -NAN 0 0
 724.848763357123 -NAN 0 0
 727.036733649984 -NAN 0 0
 729.225369960821 -NAN 0 0
 731.414678246872 -NAN 0 0
 733.604664465375 -NAN 0 0
 735.795334573568 -NAN 0 0
[END] of [DATA]
[END] of Spectrum


