[Spectrum]
Version            = 1
IDData             = 12ad_2026-06-11_10-03-25_000_307
IDDevice           = SAM_82E6
IDDataType         = SPECTRUM
IDDataTypeSub1     = CALIBRATED
IDDataTypeSub2     = 
IDDataTypeSub3     = 
DateTime           = 2026-06-11 10:03:25
PositionLatitude   = 0
PositionLongitude  = 0
Comment            = 20260611_FrameD
CommentSub1        = UV
CommentSub2        = right
CommentSub3        = 17cm
IDMethodType       = SAM Control
MethodName         = SAM_82E6
Mission            = No Mission
MissionSub         = 1
RecordType         = 0
[Attributes]
CalFactor = 1
IDBasisSpec = 
IDDataBack = DLAB_2024-11-11_10-40-48_641_639
IDDataCal = DLAB_2024-11-12_11-45-27_171_455
IntegrationTime = 128
P31 = -1
P31e = 0
PathLength = +INF
PathLengthCustomOn = 0
RAWDynamic = 65535
Salinity = 0
Temperature = -NAN
Unit1 = $01 $01 Wavelength nm
Unit2 = $03 $06 Intensity mW/(m^2 nm)
Unit3 = $f0 $06 Error mW/(m^2 nm)
Unit4 = $f1 $00 Status 
p999 = 8565
[END] of [Attributes]
[DATA]
 0 6 0 0
 185.260577530984 -NAN 0 0
 187.468128380571 -NAN 0 0
 189.674861895872 -NAN 0 0
 191.880784034125 -NAN 0 0
 194.085900752568 -NAN 0 0
 196.290218008439 -NAN 0 0
 198.493741758976 -NAN 0 0
 200.696477961417 -NAN 0 0
 202.898432573 -NAN 0 0
 205.099611550963 -NAN 0 0
 207.300020852544 -NAN 0 0
 209.499666434981 -NAN 0 0
 211.698554255512 -NAN 0 0
 213.896690271375 -NAN 0 0
 216.094080439808 -NAN 0 0
 218.290730718049 -NAN 0 0
 220.486647063336 -NAN 0 0
 222.681835432907 -NAN 0 0
 224.876301784 -NAN 0 0
 227.070052073853 -NAN 0 0
 229.263092259704 -NAN 0 0
 231.455428298791 -NAN 0 0
 233.647066148352 -NAN 0 0
 235.838011765625 -NAN 0 0
 238.028271107848 -NAN 0 0
 240.217850132259 -NAN 0 0
 242.406754796096 -NAN 0 0
 244.594991056597 -NAN 0 0
 246.782564871 -NAN 0 0
 248.969482196543 -NAN 0 0
 251.155748990464 -NAN 0 0
 253.341371210001 -NAN 0 0
 255.526354812392 -NAN 0 0
 257.710705754875 -NAN 0 0
 259.894429994688 -NAN 0 0
 262.077533489069 -NAN 0 0
 264.260022195256 -NAN 0 0
 266.441902070487 -NAN 0 0
 268.623179072 -NAN 0 0
 270.803859157033 -NAN 0 0
 272.983948282824 -NAN 0 0
 275.163452406611 -NAN 0 0
 277.342377485632 -NAN 0 0
 279.520729477125 1.58321680064983 0 0
 281.698514338328 3.85604439876962 0 0
 283.875738026479 5.53620922736829 0 0
 286.052406498816 6.57227984303395 0 0
 288.228525712577 10.7075730158501 0 0
 290.404101625 14.8292901251665 0 0
 292.579140193323 18.5236054513959 0 0
 294.753647374784 26.1555796440373 0 0
 296.927629126621 31.0475583437107 0 0
 299.101091406072 35.7177924883004 0 0
 301.274040170375 43.5670679026877 0 0
 303.446481376768 46.7558007339139 0 0
 305.618420982489 50.0106876840088 0 0
 307.789864944776 53.8767671235696 0 0
 309.960819220867 56.9993876212562 0 0
 312.131289768 59.7561475623207 0 0
 314.301282543413 59.2692369472554 0 0
 316.470803504344 53.8257895426321 0 0
 318.639858608031 49.569838588348 0 0
 320.808453811712 47.2852766029198 0 0
 322.976595072625 44.1016702021766 0 0
 325.144288348008 40.5397722769667 0 0
 327.311539595099 38.5997234876981 0 0
 329.478354771136 34.3103466162517 0 0
 331.644739833357 30.9336903815852 0 0
 333.810700739 29.6242687109806 0 0
 335.976243445303 25.3431749607198 0 0
 338.141373909504 22.2218297462444 0 0
 340.306098088841 20.8884857054644 0 0
 342.470421940552 17.3843459274392 0 0
 344.634351421875 15.468692274934 0 0
 346.797892490048 14.638598709227 0 0
 348.961051102309 11.80262738979 0 0
 351.123833215896 10.6958685924981 0 0
 353.286244788047 10.3899442065404 0 0
 355.448291776 8.45151085963868 0 0
 357.609980136993 8.26553152914933 0 0
 359.771315828264 9.13965242335421 0 0
 361.932304807051 11.2465514512852 0 0
 364.092953030592 15.7487622265695 0 0
 366.253266456125 16.0204309358921 0 0
 368.413251040888 9.74084260576881 0 0
 370.572912742119 6.88900392945872 0 0
 372.732257517056 5.93390656113917 0 0
 374.891291322937 3.81145799992563 0 0
 377.050020117 4.37746667800572 0 0
 379.208449856483 4.09566408207121 0 0
 381.366586498624 2.27153254349746 0 0
 383.524436000661 3.16909314640899 0 0
 385.682004319832 2.99038021492879 0 0
 387.839297413375 1.43096142793867 0 0
 389.996321238528 2.55529049424367 0 0
 392.153081752529 2.61018180179457 0 0
 394.309584912616 1.25981868616482 0 0
 396.465836676027 2.41674194014406 0 0
 398.621843 3.17048011491455 0 0
 400.777609841773 5.49523780628499 0 0
 402.933143158584 13.4537538042224 0 0
 405.088448907671 15.2940291093419 0 0
 407.243533046272 10.7172339230411 0 0
 409.398401531625 7.42576594831091 0 0
 411.553060320968 5.90312409101127 0 0
 413.707515371539 6.136332132219 0 0
 415.861772640576 9.57776945245217 0 0
 418.015838085317 12.4915484241592 0 0
 420.169717663 16.9128450360845 0 0
 422.323417330863 24.6930281870612 0 0
 424.476943046144 33.6183312574214 0 0
 426.630300766081 46.1435497745558 0 0
 428.783496447912 64.7632537353603 0 0
 430.936536048875 91.1775601032346 0 0
 433.089425526208 138.041236811888 0 0
 435.242170837149 191.622725410431 0 0
 437.394777938936 236.25062064198 0 0
 439.547252788807 282.228390102983 0 0
 441.699601344 358.002057367134 0 0
 443.851829561753 450.734997853961 0 0
 446.003943399304 538.41220557123 0 0
 448.155948813891 590.665866075328 0 0
 450.307851762752 584.681956573966 0 0
 452.459658203125 526.642890394849 0 0
 454.611374092248 443.330464144142 0 0
 456.763005387359 362.101457018006 0 0
 458.914558045696 301.923168194718 0 0
 461.066038024497 261.1933140149 0 0
 463.217451281 228.804337425781 0 0
 465.368803772443 199.492614666802 0 0
 467.520101456064 170.204039041644 0 0
 469.671350289101 140.957916545304 0 0
 471.822556228792 118.229727351777 0 0
 473.973725232375 102.533883387564 0 0
 476.124863257088 91.0844863864669 0 0
 478.275976260169 86.0647098705267 0 0
 480.427070198856 83.1505603518625 0 0
 482.578151030387 80.1230870732841 0 0
 484.729224712 80.2885308863604 0 0
 486.880297200933 81.0151265401945 0 0
 489.031374454424 82.024181595979 0 0
 491.182462429711 86.4642023517688 0 0
 493.333567084032 90.7445324627127 0 0
 495.484694374625 94.6072595763268 0 0
 497.635850258728 100.856900631763 0 0
 499.787040693579 105.741052310812 0 0
 501.938271636416 109.676381560342 0 0
 504.089549044477 -NAN 0 0
 506.240878875 -NAN 0 0
 508.392267085223 -NAN 0 0
 510.543719632384 -NAN 0 0
 512.695242473721 -NAN 0 0
 514.846841566472 -NAN 0 0
 516.998522867875 -NAN 0 0
 519.150292335168 -NAN 0 0
 521.302155925589 -NAN 0 0
 523.454119596376 -NAN 0 0
 525.606189304767 -NAN 0 0
 527.758371008 -NAN 0 0
 529.910670663313 -NAN 0 0
 532.063094227944 -NAN 0 0
 534.215647659131 -NAN 0 0
 536.368336914112 -NAN 0 0
 538.521167950125 -NAN 0 0
 540.674146724408 -NAN 0 0
 542.827279194199 -NAN 0 0
 544.980571316736 -NAN 0 0
 547.134029049257 -NAN 0 0
 549.287658349 -NAN 0 0
 551.441465173203 -NAN 0 0
 553.595455479104 -NAN 0 0
 555.749635223941 -NAN 0 0
 557.904010364952 -NAN 0 0
 560.058586859375 -NAN 0 0
 562.213370664448 -NAN 0 0
 564.368367737409 -NAN 0 0
 566.523584035496 -NAN 0 0
 568.679025515947 -NAN 0 0
 570.834698136 -NAN 0 0
 572.990607852893 -NAN 0 0
 575.146760623864 -NAN 0 0
 577.303162406151 -NAN 0 0
 579.459819156992 -NAN 0 0
 581.616736833625 -NAN 0 0
 583.773921393288 -NAN 0 0
 585.931378793219 -NAN 0 0
 588.089114990656 -NAN 0 0
 590.247135942837 -NAN 0 0
 592.405447607 -NAN 0 0
 594.564055940383 -NAN 0 0
 596.722966900224 -NAN 0 0
 598.882186443761 -NAN 0 0
 601.041720528232 -NAN 0 0
 603.201575110875 -NAN 0 0
 605.361756148928 -NAN 0 0
 607.522269599629 -NAN 0 0
 609.683121420216 -NAN 0 0
 611.844317567927 -NAN 0 0
 614.005864 -NAN 0 0
 616.167766673673 -NAN 0 0
 618.330031546184 -NAN 0 0
 620.492664574771 -NAN 0 0
 622.655671716672 -NAN 0 0
 624.819058929125 -NAN 0 0
 626.982832169368 -NAN 0 0
 629.146997394639 -NAN 0 0
 631.311560562176 -NAN 0 0
 633.476527629217 -NAN 0 0
 635.641904553 -NAN 0 0
 637.807697290763 -NAN 0 0
 639.973911799744 -NAN 0 0
 642.140554037181 -NAN 0 0
 644.307629960312 -NAN 0 0
 646.475145526375 -NAN 0 0
 648.643106692608 -NAN 0 0
 650.811519416249 -NAN 0 0
 652.980389654536 -NAN 0 0
 655.149723364707 -NAN 0 0
 657.319526504 -NAN 0 0
 659.489805029653 -NAN 0 0
 661.660564898904 -NAN 0 0
 663.831812068991 -NAN 0 0
 666.003552497152 -NAN 0 0
 668.175792140625 -NAN 0 0
 670.348536956648 -NAN 0 0
 672.521792902459 -NAN 0 0
 674.695565935296 -NAN 0 0
 676.869862012397 -NAN 0 0
 679.044687091 -NAN 0 0
 681.220047128343 -NAN 0 0
 683.395948081664 -NAN 0 0
 685.572395908201 -NAN 0 0
 687.749396565192 -NAN 0 0
 689.926956009875 -NAN 0 0
 692.105080199488 -NAN 0 0
 694.283775091269 -NAN 0 0
 696.463046642456 -NAN 0 0
 698.642900810287 -NAN 0 0
 700.823343552 -NAN 0 0
 703.004380824833 -NAN 0 0
 705.186018586024 -NAN 0 0
 707.368262792811 -NAN 0 0
 709.551119402432 -NAN 0 0
 711.734594372125 -NAN 0 0
 713.918693659128 -NAN 0 0
 716.103423220679 -NAN 0 0
 718.288789014016 -NAN 0 0
 720.474796996377 -NAN 0 0
 722.661453125 -NAN 0 0
 724.848763357123 -NAN 0 0
 727.036733649984 -NAN 0 0
 729.225369960821 -NAN 0 0
 731.414678246872 -NAN 0 0
 733.604664465375 -NAN 0 0
 735.795334573568 -NAN 0 0
[END] of [DATA]
[END] of Spectrum


[Spectrum]
Version            = 1
IDData             = 12ad_2026-06-11_10-03-20_000_304
IDDevice           = SAM_82E6
IDDataType         = SPECTRUM
IDDataTypeSub1     = CALIBRATED
IDDataTypeSub2     = 
IDDataTypeSub3     = 
DateTime           = 2026-06-11 10:03:20
PositionLatitude   = 0
PositionLongitude  = 0
Comment            = 20260611_FrameD
CommentSub1        = UV
CommentSub2        = right
CommentSub3        = 17cm
IDMethodType       = SAM Control
MethodName         = SAM_82E6
Mission            = No Mission
MissionSub         = 1
RecordType         = 0
[Attributes]
CalFactor = 1
IDBasisSpec = 
IDDataBack = DLAB_2024-11-11_10-40-48_641_639
IDDataCal = DLAB_2024-11-12_11-45-27_171_455
IntegrationTime = 128
P31 = -1
P31e = 0
PathLength = +INF
PathLengthCustomOn = 0
RAWDynamic = 65535
Salinity = 0
Temperature = -NAN
Unit1 = $01 $01 Wavelength nm
Unit2 = $03 $06 Intensity mW/(m^2 nm)
Unit3 = $f0 $06 Error mW/(m^2 nm)
Unit4 = $f1 $00 Status 
p999 = 8564
[END] of [Attributes]
[DATA]
 0 6 0 0
 185.260577530984 -NAN 0 0
 187.468128380571 -NAN 0 0
 189.674861895872 -NAN 0 0
 191.880784034125 -NAN 0 0
 194.085900752568 -NAN 0 0
 196.290218008439 -NAN 0 0
 198.493741758976 -NAN 0 0
 200.696477961417 -NAN 0 0
 202.898432573 -NAN 0 0
 205.099611550963 -NAN 0 0
 207.300020852544 -NAN 0 0
 209.499666434981 -NAN 0 0
 211.698554255512 -NAN 0 0
 213.896690271375 -NAN 0 0
 216.094080439808 -NAN 0 0
 218.290730718049 -NAN 0 0
 220.486647063336 -NAN 0 0
 222.681835432907 -NAN 0 0
 224.876301784 -NAN 0 0
 227.070052073853 -NAN 0 0
 229.263092259704 -NAN 0 0
 231.455428298791 -NAN 0 0
 233.647066148352 -NAN 0 0
 235.838011765625 -NAN 0 0
 238.028271107848 -NAN 0 0
 240.217850132259 -NAN 0 0
 242.406754796096 -NAN 0 0
 244.594991056597 -NAN 0 0
 246.782564871 -NAN 0 0
 248.969482196543 -NAN 0 0
 251.155748990464 -NAN 0 0
 253.341371210001 -NAN 0 0
 255.526354812392 -NAN 0 0
 257.710705754875 -NAN 0 0
 259.894429994688 -NAN 0 0
 262.077533489069 -NAN 0 0
 264.260022195256 -NAN 0 0
 266.441902070487 -NAN 0 0
 268.623179072 -NAN 0 0
 270.803859157033 -NAN 0 0
 272.983948282824 -NAN 0 0
 275.163452406611 -NAN 0 0
 277.342377485632 -NAN 0 0
 279.520729477125 2.97299368172814 0 0
 281.698514338328 2.60874583079145 0 0
 283.875738026479 5.00241947892622 0 0
 286.052406498816 7.98350035048605 0 0
 288.228525712577 9.16025643550216 0 0
 290.404101625 14.5675500972061 0 0
 292.579140193323 19.7414686643448 0 0
 294.753647374784 24.4555996033228 0 0
 296.927629126621 30.8418755227781 0 0
 299.101091406072 36.4900295904481 0 0
 301.274040170375 41.8335028294345 0 0
 303.446481376768 46.4609099826855 0 0
 305.618420982489 50.1849067560335 0 0
 307.789864944776 52.2605872170695 0 0
 309.960819220867 56.7075980890567 0 0
 312.131289768 59.9586928163681 0 0
 314.301282543413 57.1343312028517 0 0
 316.470803504344 53.649856225888 0 0
 318.639858608031 49.8245534607532 0 0
 320.808453811712 45.2726483146109 0 0
 322.976595072625 44.4560381552042 0 0
 325.144288348008 40.669704965099 0 0
 327.311539595099 36.3303665502883 0 0
 329.478354771136 35.113563295985 0 0
 331.644739833357 30.9603387174746 0 0
 333.810700739 27.7059087876392 0 0
 335.976243445303 26.2066503660991 0 0
 338.141373909504 22.4240641359689 0 0
 340.306098088841 19.3981857802734 0 0
 342.470421940552 18.2564389427088 0 0
 344.634351421875 15.4913281369908 0 0
 346.797892490048 13.2687512861413 0 0
 348.961051102309 12.8018770505134 0 0
 351.123833215896 10.5951213398894 0 0
 353.286244788047 9.19266304562174 0 0
 355.448291776 9.61323414574133 0 0
 357.609980136993 8.18843220366398 0 0
 359.771315828264 8.26841518269805 0 0
 361.932304807051 12.5115036327597 0 0
 364.092953030592 15.362638131661 0 0
 366.253266456125 15.2636829608068 0 0
 368.413251040888 11.2465196695603 0 0
 370.572912742119 6.25598340978794 0 0
 372.732257517056 5.2529530085329 0 0
 374.891291322937 5.33608401912104 0 0
 377.050020117 3.43393313076309 0 0
 379.208449856483 3.26439468616071 0 0
 381.366586498624 3.87417579478906 0 0
 383.524436000661 2.17138829605338 0 0
 385.682004319832 2.529536832452 0 0
 387.839297413375 3.03769018186512 0 0
 389.996321238528 1.49337580603984 0 0
 392.153081752529 2.01072766595425 0 0
 394.309584912616 2.68345547291303 0 0
 396.465836676027 1.30513404969347 0 0
 398.621843 2.931647249585 0 0
 400.777609841773 6.68909909414008 0 0
 402.933143158584 11.8797467351076 0 0
 405.088448907671 15.183468656208 0 0
 407.243533046272 11.7650534992886 0 0
 409.398401531625 6.08514337345417 0 0
 411.553060320968 6.08180339762318 0 0
 413.707515371539 6.88090800352533 0 0
 415.861772640576 8.31017400160468 0 0
 418.015838085317 12.774647720943 0 0
 420.169717663 17.4236975807049 0 0
 422.323417330863 23.621810983463 0 0
 424.476943046144 33.9219045261782 0 0
 426.630300766081 46.6252094456634 0 0
 428.783496447912 63.8680211903087 0 0
 430.936536048875 91.5483685916556 0 0
 433.089425526208 138.09952862889 0 0
 435.242170837149 190.284839340593 0 0
 437.394777938936 236.365720293744 0 0
 439.547252788807 282.403092714701 0 0
 441.699601344 357.099556626059 0 0
 443.851829561753 451.563667081877 0 0
 446.003943399304 538.674007513464 0 0
 448.155948813891 589.81301639887 0 0
 450.307851762752 585.883171970508 0 0
 452.459658203125 526.876320463206 0 0
 454.611374092248 442.406136334078 0 0
 456.763005387359 363.243673066463 0 0
 458.914558045696 301.869274518622 0 0
 461.066038024497 260.423035011595 0 0
 463.217451281 229.869986676178 0 0
 465.368803772443 199.302616866972 0 0
 467.520101456064 169.278676771517 0 0
 469.671350289101 142.08804549338 0 0
 471.822556228792 118.07232431954 0 0
 473.973725232375 101.661817620277 0 0
 476.124863257088 92.4794680585536 0 0
 478.275976260169 85.5646491920723 0 0
 480.427070198856 82.5490785827446 0 0
 482.578151030387 81.6298860492821 0 0
 484.729224712 79.5442097183391 0 0
 486.880297200933 80.4714848967167 0 0
 489.031374454424 83.2527669487768 0 0
 491.182462429711 85.5997517269005 0 0
 493.333567084032 90.4439329500611 0 0
 495.484694374625 95.9022521297106 0 0
 497.635850258728 99.8892308450446 0 0
 499.787040693579 105.604068833174 0 0
 501.938271636416 110.877451103412 0 0
 504.089549044477 -NAN 0 0
 506.240878875 -NAN 0 0
 508.392267085223 -NAN 0 0
 510.543719632384 -NAN 0 0
 512.695242473721 -NAN 0 0
 514.846841566472 -NAN 0 0
 516.998522867875 -NAN 0 0
 519.150292335168 -NAN 0 0
 521.302155925589 -NAN 0 0
 523.454119596376 -NAN 0 0
 525.606189304767 -NAN 0 0
 527.758371008 -NAN 0 0
 529.910670663313 -NAN 0 0
 532.063094227944 -NAN 0 0
 534.215647659131 -NAN 0 0
 536.368336914112 -NAN 0 0
 538.521167950125 -NAN 0 0
 540.674146724408 -NAN 0 0
 542.827279194199 -NAN 0 0
 544.980571316736 -NAN 0 0
 547.134029049257 -NAN 0 0
 549.287658349 -NAN 0 0
 551.441465173203 -NAN 0 0
 553.595455479104 -NAN 0 0
 555.749635223941 -NAN 0 0
 557.904010364952 -NAN 0 0
 560.058586859375 -NAN 0 0
 562.213370664448 -NAN 0 0
 564.368367737409 -NAN 0 0
 566.523584035496 -NAN 0 0
 568.679025515947 -NAN 0 0
 570.834698136 -NAN 0 0
 572.990607852893 -NAN 0 0
 575.146760623864 -NAN 0 0
 577.303162406151 -NAN 0 0
 579.459819156992 -NAN 0 0
 581.616736833625 -NAN 0 0
 583.773921393288 -NAN 0 0
 585.931378793219 -NAN 0 0
 588.089114990656 -NAN 0 0
 590.247135942837 -NAN 0 0
 592.405447607 -NAN 0 0
 594.564055940383 -NAN 0 0
 596.722966900224 -NAN 0 0
 598.882186443761 -NAN 0 0
 601.041720528232 -NAN 0 0
 603.201575110875 -NAN 0 0
 605.361756148928 -NAN 0 0
 607.522269599629 -NAN 0 0
 609.683121420216 -NAN 0 0
 611.844317567927 -NAN 0 0
 614.005864 -NAN 0 0
 616.167766673673 -NAN 0 0
 618.330031546184 -NAN 0 0
 620.492664574771 -NAN 0 0
 622.655671716672 -NAN 0 0
 624.819058929125 -NAN 0 0
 626.982832169368 -NAN 0 0
 629.146997394639 -NAN 0 0
 631.311560562176 -NAN 0 0
 633.476527629217 -NAN 0 0
 635.641904553 -NAN 0 0
 637.807697290763 -NAN 0 0
 639.973911799744 -NAN 0 0
 642.140554037181 -NAN 0 0
 644.307629960312 -NAN 0 0
 646.475145526375 -NAN 0 0
 648.643106692608 -NAN 0 0
 650.811519416249 -NAN 0 0
 652.980389654536 -NAN 0 0
 655.149723364707 -NAN 0 0
 657.319526504 -NAN 0 0
 659.489805029653 -NAN 0 0
 661.660564898904 -NAN 0 0
 663.831812068991 -NAN 0 0
 666.003552497152 -NAN 0 0
 668.175792140625 -NAN 0 0
 670.348536956648 -NAN 0 0
 672.521792902459 -NAN 0 0
 674.695565935296 -NAN 0 0
 676.869862012397 -NAN 0 0
 679.044687091 -NAN 0 0
 681.220047128343 -NAN 0 0
 683.395948081664 -NAN 0 0
 685.572395908201 -NAN 0 0
 687.749396565192 -NAN 0 0
 689.926956009875 -NAN 0 0
 692.105080199488 -NAN 0 0
 694.283775091269 -NAN 0 0
 696.463046642456 -NAN 0 0
 698.642900810287 -NAN 0 0
 700.823343552 -NAN 0 0
 703.004380824833 -NAN 0 0
 705.186018586024 -NAN 0 0
 707.368262792811 -NAN 0 0
 709.551119402432 -NAN 0 0
 711.734594372125 -NAN 0 0
 713.918693659128 -NAN 0 0
 716.103423220679 -NAN 0 0
 718.288789014016 -NAN 0 0
 720.474796996377 -NAN 0 0
 722.661453125 -NAN 0 0
 724.848763357123 -NAN 0 0
 727.036733649984 -NAN 0 0
 729.225369960821 -NAN 0 0
 731.414678246872 -NAN 0 0
 733.604664465375 -NAN 0 0
 735.795334573568 -NAN 0 0
[END] of [DATA]
[END] of Spectrum


[Spectrum]
Version            = 1
IDData             = 12ad_2026-06-11_10-03-15_000_301
IDDevice           = SAM_82E6
IDDataType         = SPECTRUM
IDDataTypeSub1     = CALIBRATED
IDDataTypeSub2     = 
IDDataTypeSub3     = 
DateTime           = 2026-06-11 10:03:15
PositionLatitude   = 0
PositionLongitude  = 0
Comment            = 20260611_FrameD
CommentSub1        = UV
CommentSub2        = right
CommentSub3        = 17cm
IDMethodType       = SAM Control
MethodName         = SAM_82E6
Mission            = No Mission
MissionSub         = 1
RecordType         = 0
[Attributes]
CalFactor = 1
IDBasisSpec = 
IDDataBack = DLAB_2024-11-11_10-40-48_641_639
IDDataCal = DLAB_2024-11-12_11-45-27_171_455
IntegrationTime = 128
P31 = -1
P31e = 0
PathLength = +INF
PathLengthCustomOn = 0
RAWDynamic = 65535
Salinity = 0
Temperature = -NAN
Unit1 = $01 $01 Wavelength nm
Unit2 = $03 $06 Intensity mW/(m^2 nm)
Unit3 = $f0 $06 Error mW/(m^2 nm)
Unit4 = $f1 $00 Status 
p999 = 8563
[END] of [Attributes]
[DATA]
 0 6 0 0
 185.260577530984 -NAN 0 0
 187.468128380571 -NAN 0 0
 189.674861895872 -NAN 0 0
 191.880784034125 -NAN 0 0
 194.085900752568 -NAN 0 0
 196.290218008439 -NAN 0 0
 198.493741758976 -NAN 0 0
 200.696477961417 -NAN 0 0
 202.898432573 -NAN 0 0
 205.099611550963 -NAN 0 0
 207.300020852544 -NAN 0 0
 209.499666434981 -NAN 0 0
 211.698554255512 -NAN 0 0
 213.896690271375 -NAN 0 0
 216.094080439808 -NAN 0 0
 218.290730718049 -NAN 0 0
 220.486647063336 -NAN 0 0
 222.681835432907 -NAN 0 0
 224.876301784 -NAN 0 0
 227.070052073853 -NAN 0 0
 229.263092259704 -NAN 0 0
 231.455428298791 -NAN 0 0
 233.647066148352 -NAN 0 0
 235.838011765625 -NAN 0 0
 238.028271107848 -NAN 0 0
 240.217850132259 -NAN 0 0
 242.406754796096 -NAN 0 0
 244.594991056597 -NAN 0 0
 246.782564871 -NAN 0 0
 248.969482196543 -NAN 0 0
 251.155748990464 -NAN 0 0
 253.341371210001 -NAN 0 0
 255.526354812392 -NAN 0 0
 257.710705754875 -NAN 0 0
 259.894429994688 -NAN 0 0
 262.077533489069 -NAN 0 0
 264.260022195256 -NAN 0 0
 266.441902070487 -NAN 0 0
 268.623179072 -NAN 0 0
 270.803859157033 -NAN 0 0
 272.983948282824 -NAN 0 0
 275.163452406611 -NAN 0 0
 277.342377485632 -NAN 0 0
 279.520729477125 1.96926593428269 0 0
 281.698514338328 2.70811133515868 0 0
 283.875738026479 5.74520627173184 0 0
 286.052406498816 6.65648847413706 0 0
 288.228525712577 9.63018221175597 0 0
 290.404101625 14.9136285786205 0 0
 292.579140193323 18.2247779037742 0 0
 294.753647374784 24.7320858901379 0 0
 296.927629126621 30.9612223448007 0 0
 299.101091406072 35.1433815573819 0 0
 301.274040170375 41.8799168876207 0 0
 303.446481376768 46.0917504496661 0 0
 305.618420982489 48.8535289093266 0 0
 307.789864944776 52.1109409294306 0 0
 309.960819220867 56.2061523744619 0 0
 312.131289768 58.3630863150393 0 0
 314.301282543413 57.3064260014202 0 0
 316.470803504344 53.0829599830457 0 0
 318.639858608031 48.0698510064063 0 0
 320.808453811712 45.4696516126729 0 0
 322.976595072625 43.9047991171612 0 0
 325.144288348008 39.2722067194097 0 0
 327.311539595099 36.7848243349117 0 0
 329.478354771136 34.2092008121371 0 0
 331.644739833357 29.8470304625393 0 0
 333.810700739 28.3512829593806 0 0
 335.976243445303 25.5059851381651 0 0
 338.141373909504 21.0898789259811 0 0
 340.306098088841 19.892237850191 0 0
 342.470421940552 17.5781443752769 0 0
 344.634351421875 14.5003803980604 0 0
 346.797892490048 14.0998403752797 0 0
 348.961051102309 12.0362482595424 0 0
 351.123833215896 10.0152649304305 0 0
 353.286244788047 9.88398932615218 0 0
 355.448291776 8.86241668861203 0 0
 357.609980136993 7.65302022112683 0 0
 359.771315828264 8.83418158835872 0 0
 361.932304807051 11.626476325235 0 0
 364.092953030592 14.9403854664686 0 0
 366.253266456125 15.7728528946605 0 0
 368.413251040888 10.3785126021894 0 0
 370.572912742119 5.96710499803342 0 0
 372.732257517056 5.91564343903862 0 0
 374.891291322937 4.37344536855321 0 0
 377.050020117 3.36496138023366 0 0
 379.208449856483 4.30278170933511 0 0
 381.366586498624 2.73508367790984 0 0
 383.524436000661 2.02358017007477 0 0
 385.682004319832 3.20088892050461 0 0
 387.839297413375 1.9467015217916 0 0
 389.996321238528 1.72654754974598 0 0
 392.153081752529 2.79057309267244 0 0
 394.309584912616 1.38800054244291 0 0
 396.465836676027 1.62465419211767 0 0
 398.621843 3.46238695031732 0 0
 400.777609841773 5.54725790597367 0 0
 402.933143158584 12.0901212709152 0 0
 405.088448907671 15.2768308166322 0 0
 407.243533046272 10.7433700122446 0 0
 409.398401531625 6.46097602691828 0 0
 411.553060320968 6.30460105154669 0 0
 413.707515371539 6.17875810779201 0 0
 415.861772640576 8.84701394294588 0 0
 418.015838085317 12.8139670677185 0 0
 420.169717663 16.7293165293135 0 0
 422.323417330863 24.1198812046232 0 0
 424.476943046144 34.0053427930295 0 0
 426.630300766081 45.8828665833828 0 0
 428.783496447912 64.2659023214428 0 0
 430.936536048875 91.4181736112767 0 0
 433.089425526208 137.17009799114 0 0
 435.242170837149 190.259264457537 0 0
 437.394777938936 235.73586942159 0 0
 439.547252788807 281.634724746496 0 0
 441.699601344 357.531902154115 0 0
 443.851829561753 451.235547549207 0 0
 446.003943399304 537.922824162871 0 0
 448.155948813891 590.337711981711 0 0
 450.307851762752 585.383567368643 0 0
 452.459658203125 526.329797684116 0 0
 454.611374092248 443.060393055604 0 0
 456.763005387359 362.737973995437 0 0
 458.914558045696 301.388223557919 0 0
 461.066038024497 261.087349707567 0 0
 463.217451281 229.350664429396 0 0
 465.368803772443 198.98384278059 0 0
 467.520101456064 170.131209603717 0 0
 469.671350289101 141.507826033448 0 0
 471.822556228792 117.722539803457 0 0
 473.973725232375 102.459009054009 0 0
 476.124863257088 91.70669249735 0 0
 478.275976260169 85.3490674773608 0 0
 480.427070198856 83.1550157723745 0 0
 482.578151030387 80.7704525592684 0 0
 484.729224712 79.5687969040695 0 0
 486.880297200933 81.3014892165943 0 0
 489.031374454424 82.5925981344319 0 0
 491.182462429711 85.6042191719903 0 0
 493.333567084032 91.129745171518 0 0
 495.484694374625 95.0300691108504 0 0
 497.635850258728 100.051606274109 0 0
 499.787040693579 106.17592049379 0 0
 501.938271636416 109.874407363142 0 0
 504.089549044477 -NAN 0 0
 506.240878875 -NAN 0 0
 508.392267085223 -NAN 0 0
 510.543719632384 -NAN 0 0
 512.695242473721 -NAN 0 0
 514.846841566472 -NAN 0 0
 516.998522867875 -NAN 0 0
 519.150292335168 -NAN 0 0
 521.302155925589 -NAN 0 0
 523.454119596376 -NAN 0 0
 525.606189304767 -NAN 0 0
 527.758371008 -NAN 0 0
 529.910670663313 -NAN 0 0
 532.063094227944 -NAN 0 0
 534.215647659131 -NAN 0 0
 536.368336914112 -NAN 0 0
 538.521167950125 -NAN 0 0
 540.674146724408 -NAN 0 0
 542.827279194199 -NAN 0 0
 544.980571316736 -NAN 0 0
 547.134029049257 -NAN 0 0
 549.287658349 -NAN 0 0
 551.441465173203 -NAN 0 0
 553.595455479104 -NAN 0 0
 555.749635223941 -NAN 0 0
 557.904010364952 -NAN 0 0
 560.058586859375 -NAN 0 0
 562.213370664448 -NAN 0 0
 564.368367737409 -NAN 0 0
 566.523584035496 -NAN 0 0
 568.679025515947 -NAN 0 0
 570.834698136 -NAN 0 0
 572.990607852893 -NAN 0 0
 575.146760623864 -NAN 0 0
 577.303162406151 -NAN 0 0
 579.459819156992 -NAN 0 0
 581.616736833625 -NAN 0 0
 583.773921393288 -NAN 0 0
 585.931378793219 -NAN 0 0
 588.089114990656 -NAN 0 0
 590.247135942837 -NAN 0 0
 592.405447607 -NAN 0 0
 594.564055940383 -NAN 0 0
 596.722966900224 -NAN 0 0
 598.882186443761 -NAN 0 0
 601.041720528232 -NAN 0 0
 603.201575110875 -NAN 0 0
 605.361756148928 -NAN 0 0
 607.522269599629 -NAN 0 0
 609.683121420216 -NAN 0 0
 611.844317567927 -NAN 0 0
 614.005864 -NAN 0 0
 616.167766673673 -NAN 0 0
 618.330031546184 -NAN 0 0
 620.492664574771 -NAN 0 0
 622.655671716672 -NAN 0 0
 624.819058929125 -NAN 0 0
 626.982832169368 -NAN 0 0
 629.146997394639 -NAN 0 0
 631.311560562176 -NAN 0 0
 633.476527629217 -NAN 0 0
 635.641904553 -NAN 0 0
 637.807697290763 -NAN 0 0
 639.973911799744 -NAN 0 0
 642.140554037181 -NAN 0 0
 644.307629960312 -NAN 0 0
 646.475145526375 -NAN 0 0
 648.643106692608 -NAN 0 0
 650.811519416249 -NAN 0 0
 652.980389654536 -NAN 0 0
 655.149723364707 -NAN 0 0
 657.319526504 -NAN 0 0
 659.489805029653 -NAN 0 0
 661.660564898904 -NAN 0 0
 663.831812068991 -NAN 0 0
 666.003552497152 -NAN 0 0
 668.175792140625 -NAN 0 0
 670.348536956648 -NAN 0 0
 672.521792902459 -NAN 0 0
 674.695565935296 -NAN 0 0
 676.869862012397 -NAN 0 0
 679.044687091 -NAN 0 0
 681.220047128343 -NAN 0 0
 683.395948081664 -NAN 0 0
 685.572395908201 -NAN 0 0
 687.749396565192 -NAN 0 0
 689.926956009875 -NAN 0 0
 692.105080199488 -NAN 0 0
 694.283775091269 -NAN 0 0
 696.463046642456 -NAN 0 0
 698.642900810287 -NAN 0 0
 700.823343552 -NAN 0 0
 703.004380824833 -NAN 0 0
 705.186018586024 -NAN 0 0
 707.368262792811 -NAN 0 0
 709.551119402432 -NAN 0 0
 711.734594372125 -NAN 0 0
 713.918693659128 -NAN 0 0
 716.103423220679 -NAN 0 0
 718.288789014016 -NAN 0 0
 720.474796996377 -NAN 0 0
 722.661453125 -NAN 0 0
 724.848763357123 -NAN 0 0
 727.036733649984 -NAN 0 0
 729.225369960821 -NAN 0 0
 731.414678246872 -NAN 0 0
 733.604664465375 -NAN 0 0
 735.795334573568 -NAN 0 0
[END] of [DATA]
[END] of Spectrum


[Spectrum]
Version            = 1
IDData             = 12ad_2026-06-11_10-03-10_000_298
IDDevice           = SAM_82E6
IDDataType         = SPECTRUM
IDDataTypeSub1     = CALIBRATED
IDDataTypeSub2     = 
IDDataTypeSub3     = 
DateTime           = 2026-06-11 10:03:10
PositionLatitude   = 0
PositionLongitude  = 0
Comment            = 20260611_FrameD
CommentSub1        = UV
CommentSub2        = right
CommentSub3        = 17cm
IDMethodType       = SAM Control
MethodName         = SAM_82E6
Mission            = No Mission
MissionSub         = 1
RecordType         = 0
[Attributes]
CalFactor = 1
IDBasisSpec = 
IDDataBack = DLAB_2024-11-11_10-40-48_641_639
IDDataCal = DLAB_2024-11-12_11-45-27_171_455
IntegrationTime = 128
P31 = -1
P31e = 0
PathLength = +INF
PathLengthCustomOn = 0
RAWDynamic = 65535
Salinity = 0
Temperature = -NAN
Unit1 = $01 $01 Wavelength nm
Unit2 = $03 $06 Intensity mW/(m^2 nm)
Unit3 = $f0 $06 Error mW/(m^2 nm)
Unit4 = $f1 $00 Status 
p999 = 8562
[END] of [Attributes]
[DATA]
 0 6 0 0
 185.260577530984 -NAN 0 0
 187.468128380571 -NAN 0 0
 189.674861895872 -NAN 0 0
 191.880784034125 -NAN 0 0
 194.085900752568 -NAN 0 0
 196.290218008439 -NAN 0 0
 198.493741758976 -NAN 0 0
 200.696477961417 -NAN 0 0
 202.898432573 -NAN 0 0
 205.099611550963 -NAN 0 0
 207.300020852544 -NAN 0 0
 209.499666434981 -NAN 0 0
 211.698554255512 -NAN 0 0
 213.896690271375 -NAN 0 0
 216.094080439808 -NAN 0 0
 218.290730718049 -NAN 0 0
 220.486647063336 -NAN 0 0
 222.681835432907 -NAN 0 0
 224.876301784 -NAN 0 0
 227.070052073853 -NAN 0 0
 229.263092259704 -NAN 0 0
 231.455428298791 -NAN 0 0
 233.647066148352 -NAN 0 0
 235.838011765625 -NAN 0 0
 238.028271107848 -NAN 0 0
 240.217850132259 -NAN 0 0
 242.406754796096 -NAN 0 0
 244.594991056597 -NAN 0 0
 246.782564871 -NAN 0 0
 248.969482196543 -NAN 0 0
 251.155748990464 -NAN 0 0
 253.341371210001 -NAN 0 0
 255.526354812392 -NAN 0 0
 257.710705754875 -NAN 0 0
 259.894429994688 -NAN 0 0
 262.077533489069 -NAN 0 0
 264.260022195256 -NAN 0 0
 266.441902070487 -NAN 0 0
 268.623179072 -NAN 0 0
 270.803859157033 -NAN 0 0
 272.983948282824 -NAN 0 0
 275.163452406611 -NAN 0 0
 277.342377485632 -NAN 0 0
 279.520729477125 2.53215047751512 0 0
 281.698514338328 2.71072621685256 0 0
 283.875738026479 5.64635631831665 0 0
 286.052406498816 7.2343339082584 0 0
 288.228525712577 9.16885263872631 0 0
 290.404101625 14.8118407899692 0 0
 292.579140193323 18.8619007883262 0 0
 294.753647374784 23.9710642293993 0 0
 296.927629126621 30.6209569373321 0 0
 299.101091406072 35.3602753113801 0 0
 301.274040170375 40.9841255646277 0 0
 303.446481376768 45.7990440743727 0 0
 305.618420982489 48.77824906339 0 0
 307.789864944776 51.093346173486 0 0
 309.960819220867 55.8192610688048 0 0
 312.131289768 58.0412644113863 0 0
 314.301282543413 56.3668814254517 0 0
 316.470803504344 52.9314618491827 0 0
 318.639858608031 48.0724238839053 0 0
 320.808453811712 44.5857989781245 0 0
 322.976595072625 43.7810515780087 0 0
 325.144288348008 39.145161424347 0 0
 327.311539595099 35.9697323082969 0 0
 329.478354771136 34.2121756887287 0 0
 331.644739833357 29.7167497093022 0 0
 333.810700739 27.5016389809871 0 0
 335.976243445303 25.6135561482629 0 0
 338.141373909504 21.1938049318118 0 0
 340.306098088841 19.1620180325656 0 0
 342.470421940552 17.8636042511459 0 0
 344.634351421875 14.4349879076742 0 0
 346.797892490048 13.4064608154462 0 0
 348.961051102309 12.4340976614971 0 0
 351.123833215896 9.83615870357066 0 0
 353.286244788047 9.4739914058376 0 0
 355.448291776 9.17436090432477 0 0
 357.609980136993 7.52023804945762 0 0
 359.771315828264 8.6427245157207 0 0
 361.932304807051 11.8263212011276 0 0
 364.092953030592 14.8003872566187 0 0
 366.253266456125 15.5229392115305 0 0
 368.413251040888 10.6427940835956 0 0
 370.572912742119 6.03744061133017 0 0
 372.732257517056 5.49559163072594 0 0
 374.891291322937 4.83594215039027 0 0
 377.050020117 3.0449324577771 0 0
 379.208449856483 3.95292085247042 0 0
 381.366586498624 3.47563488044671 0 0
 383.524436000661 1.7961830531846 0 0
 385.682004319832 3.12692640232932 0 0
 387.839297413375 2.56162240292395 0 0
 389.996321238528 1.40066896818078 0 0
 392.153081752529 2.84330285462136 0 0
 394.309584912616 2.15163713303583 0 0
 396.465836676027 1.21652762364306 0 0
 398.621843 3.39339078922212 0 0
 400.777609841773 6.11167598759579 0 0
 402.933143158584 11.7961038473769 0 0
 405.088448907671 15.1908393530836 0 0
 407.243533046272 11.045123042139 0 0
 409.398401531625 6.27764302522847 0 0
 411.553060320968 6.40607325036333 0 0
 413.707515371539 6.58180487573561 0 0
 415.861772640576 8.55511998244477 0 0
 418.015838085317 13.0282575076451 0 0
 420.169717663 17.1228621933173 0 0
 422.323417330863 23.874508375081 0 0
 424.476943046144 34.2148261012945 0 0
 426.630300766081 46.1331915020588 0 0
 428.783496447912 63.9944664650335 0 0
 430.936536048875 91.612642062982 0 0
 433.089425526208 137.142571299778 0 0
 435.242170837149 189.541569301793 0 0
 437.394777938936 235.564818550218 0 0
 439.547252788807 281.636342363271 0 0
 441.699601344 357.237644171141 0 0
 443.851829561753 451.357755334334 0 0
 446.003943399304 538.340338371401 0 0
 448.155948813891 590.00780305337 0 0
 450.307851762752 585.628860602771 0 0
 452.459658203125 526.448365337885 0 0
 454.611374092248 442.668599786318 0 0
 456.763005387359 362.950797156602 0 0
 458.914558045696 301.498006972187 0 0
 461.066038024497 260.630888075979 0 0
 463.217451281 229.857522942255 0 0
 465.368803772443 198.928954527306 0 0
 467.520101456064 169.88273269785 0 0
 469.671350289101 141.743810813794 0 0
 471.822556228792 117.586998303475 0 0
 473.973725232375 102.282834151527 0 0
 476.124863257088 92.0676163267947 0 0
 478.275976260169 85.1512656978832 0 0
 480.427070198856 83.0569965211108 0 0
 482.578151030387 81.0941353022606 0 0
 484.729224712 79.4100977961731 0 0
 486.880297200933 80.9614335383695 0 0
 489.031374454424 82.9573693776123 0 0
 491.182462429711 85.5059353800156 0 0
 493.333567084032 90.7912923869029 0 0
 495.484694374625 95.6299716441273 0 0
 497.635850258728 99.9155619957036 0 0
 499.787040693579 106.041111357067 0 0
 501.938271636416 110.515838767864 0 0
 504.089549044477 -NAN 0 0
 506.240878875 -NAN 0 0
 508.392267085223 -NAN 0 0
 510.543719632384 -NAN 0 0
 512.695242473721 -NAN 0 0
 514.846841566472 -NAN 0 0
 516.998522867875 -NAN 0 0
 519.150292335168 -NAN 0 0
 521.302155925589 -NAN 0 0
 523.454119596376 -NAN 0 0
 525.606189304767 -NAN 0 0
 527.758371008 -NAN 0 0
 529.910670663313 -NAN 0 0
 532.063094227944 -NAN 0 0
 534.215647659131 -NAN 0 0
 536.368336914112 -NAN 0 0
 538.521167950125 -NAN 0 0
 540.674146724408 -NAN 0 0
 542.827279194199 -NAN 0 0
 544.980571316736 -NAN 0 0
 547.134029049257 -NAN 0 0
 549.287658349 -NAN 0 0
 551.441465173203 -NAN 0 0
 553.595455479104 -NAN 0 0
 555.749635223941 -NAN 0 0
 557.904010364952 -NAN 0 0
 560.058586859375 -NAN 0 0
 562.213370664448 -NAN 0 0
 564.368367737409 -NAN 0 0
 566.523584035496 -NAN 0 0
 568.679025515947 -NAN 0 0
 570.834698136 -NAN 0 0
 572.990607852893 -NAN 0 0
 575.146760623864 -NAN 0 0
 577.303162406151 -NAN 0 0
 579.459819156992 -NAN 0 0
 581.616736833625 -NAN 0 0
 583.773921393288 -NAN 0 0
 585.931378793219 -NAN 0 0
 588.089114990656 -NAN 0 0
 590.247135942837 -NAN 0 0
 592.405447607 -NAN 0 0
 594.564055940383 -NAN 0 0
 596.722966900224 -NAN 0 0
 598.882186443761 -NAN 0 0
 601.041720528232 -NAN 0 0
 603.201575110875 -NAN 0 0
 605.361756148928 -NAN 0 0
 607.522269599629 -NAN 0 0
 609.683121420216 -NAN 0 0
 611.844317567927 -NAN 0 0
 614.005864 -NAN 0 0
 616.167766673673 -NAN 0 0
 618.330031546184 -NAN 0 0
 620.492664574771 -NAN 0 0
 622.655671716672 -NAN 0 0
 624.819058929125 -NAN 0 0
 626.982832169368 -NAN 0 0
 629.146997394639 -NAN 0 0
 631.311560562176 -NAN 0 0
 633.476527629217 -NAN 0 0
 635.641904553 -NAN 0 0
 637.807697290763 -NAN 0 0
 639.973911799744 -NAN 0 0
 642.140554037181 -NAN 0 0
 644.307629960312 -NAN 0 0
 646.475145526375 -NAN 0 0
 648.643106692608 -NAN 0 0
 650.811519416249 -NAN 0 0
 652.980389654536 -NAN 0 0
 655.149723364707 -NAN 0 0
 657.319526504 -NAN 0 0
 659.489805029653 -NAN 0 0
 661.660564898904 -NAN 0 0
 663.831812068991 -NAN 0 0
 666.003552497152 -NAN 0 0
 668.175792140625 -NAN 0 0
 670.348536956648 -NAN 0 0
 672.521792902459 -NAN 0 0
 674.695565935296 -NAN 0 0
 676.869862012397 -NAN 0 0
 679.044687091 -NAN 0 0
 681.220047128343 -NAN 0 0
 683.395948081664 -NAN 0 0
 685.572395908201 -NAN 0 0
 687.749396565192 -NAN 0 0
 689.926956009875 -NAN 0 0
 692.105080199488 -NAN 0 0
 694.283775091269 -NAN 0 0
 696.463046642456 -NAN 0 0
 698.642900810287 -NAN 0 0
 700.823343552 -NAN 0 0
 703.004380824833 -NAN 0 0
 705.186018586024 -NAN 0 0
 707.368262792811 -NAN 0 0
 709.551119402432 -NAN 0 0
 711.734594372125 -NAN 0 0
 713.918693659128 -NAN 0 0
 716.103423220679 -NAN 0 0
 718.288789014016 -NAN 0 0
 720.474796996377 -NAN 0 0
 722.661453125 -NAN 0 0
 724.848763357123 -NAN 0 0
 727.036733649984 -NAN 0 0
 729.225369960821 -NAN 0 0
 731.414678246872 -NAN 0 0
 733.604664465375 -NAN 0 0
 735.795334573568 -NAN 0 0
[END] of [DATA]
[END] of Spectrum


[Spectrum]
Version            = 1
IDData             = 12ad_2026-06-11_10-03-05_000_295
IDDevice           = SAM_82E6
IDDataType         = SPECTRUM
IDDataTypeSub1     = CALIBRATED
IDDataTypeSub2     = 
IDDataTypeSub3     = 
DateTime           = 2026-06-11 10:03:05
PositionLatitude   = 0
PositionLongitude  = 0
Comment            = 20260611_FrameD
CommentSub1        = UV
CommentSub2        = right
CommentSub3        = 17cm
IDMethodType       = SAM Control
MethodName         = SAM_82E6
Mission            = No Mission
MissionSub         = 1
RecordType         = 0
[Attributes]
CalFactor = 1
IDBasisSpec = 
IDDataBack = DLAB_2024-11-11_10-40-48_641_639
IDDataCal = DLAB_2024-11-12_11-45-27_171_455
IntegrationTime = 128
P31 = -1
P31e = 0
PathLength = +INF
PathLengthCustomOn = 0
RAWDynamic = 65535
Salinity = 0
Temperature = -NAN
Unit1 = $01 $01 Wavelength nm
Unit2 = $03 $06 Intensity mW/(m^2 nm)
Unit3 = $f0 $06 Error mW/(m^2 nm)
Unit4 = $f1 $00 Status 
p999 = 8561
[END] of [Attributes]
[DATA]
 0 6 0 0
 185.260577530984 -NAN 0 0
 187.468128380571 -NAN 0 0
 189.674861895872 -NAN 0 0
 191.880784034125 -NAN 0 0
 194.085900752568 -NAN 0 0
 196.290218008439 -NAN 0 0
 198.493741758976 -NAN 0 0
 200.696477961417 -NAN 0 0
 202.898432573 -NAN 0 0
 205.099611550963 -NAN 0 0
 207.300020852544 -NAN 0 0
 209.499666434981 -NAN 0 0
 211.698554255512 -NAN 0 0
 213.896690271375 -NAN 0 0
 216.094080439808 -NAN 0 0
 218.290730718049 -NAN 0 0
 220.486647063336 -NAN 0 0
 222.681835432907 -NAN 0 0
 224.876301784 -NAN 0 0
 227.070052073853 -NAN 0 0
 229.263092259704 -NAN 0 0
 231.455428298791 -NAN 0 0
 233.647066148352 -NAN 0 0
 235.838011765625 -NAN 0 0
 238.028271107848 -NAN 0 0
 240.217850132259 -NAN 0 0
 242.406754796096 -NAN 0 0
 244.594991056597 -NAN 0 0
 246.782564871 -NAN 0 0
 248.969482196543 -NAN 0 0
 251.155748990464 -NAN 0 0
 253.341371210001 -NAN 0 0
 255.526354812392 -NAN 0 0
 257.710705754875 -NAN 0 0
 259.894429994688 -NAN 0 0
 262.077533489069 -NAN 0 0
 264.260022195256 -NAN 0 0
 266.441902070487 -NAN 0 0
 268.623179072 -NAN 0 0
 270.803859157033 -NAN 0 0
 272.983948282824 -NAN 0 0
 275.163452406611 -NAN 0 0
 277.342377485632 -NAN 0 0
 279.520729477125 1.89579206691386 0 0
 281.698514338328 2.72510806616887 0 0
 283.875738026479 5.78898267967286 0 0
 286.052406498816 6.67536282248776 0 0
 288.228525712577 9.31355539299959 0 0
 290.404101625 14.6707919971238 0 0
 292.579140193323 17.8878921307478 0 0
 294.753647374784 24.060032589018 0 0
 296.927629126621 30.3149720000189 0 0
 299.101091406072 34.2579306825427 0 0
 301.274040170375 40.7253671902398 0 0
 303.446481376768 45.1229797224823 0 0
 305.618420982489 47.5899029239626 0 0
 307.789864944776 50.8934614892826 0 0
 309.960819220867 54.8585170164886 0 0
 312.131289768 56.9598978050556 0 0
 314.301282543413 55.8564110432114 0 0
 316.470803504344 51.7133679825582 0 0
 318.639858608031 46.8593121431068 0 0
 320.808453811712 44.3129227882414 0 0
 322.976595072625 42.6574801713853 0 0
 325.144288348008 38.3034863445569 0 0
 327.311539595099 35.9330824869563 0 0
 329.478354771136 33.4253208302492 0 0
 331.644739833357 29.0135297344429 0 0
 333.810700739 27.5978530203522 0 0
 335.976243445303 24.8184028709186 0 0
 338.141373909504 20.4508744306712 0 0
 340.306098088841 19.5434153722547 0 0
 342.470421940552 17.0530553375545 0 0
 344.634351421875 14.1092830036349 0 0
 346.797892490048 13.5502102363873 0 0
 348.961051102309 11.8847416558911 0 0
 351.123833215896 9.74772500405859 0 0
 353.286244788047 9.74114430604258 0 0
 355.448291776 8.6440557376131 0 0
 357.609980136993 7.3585436307314 0 0
 359.771315828264 8.71263861527953 0 0
 361.932304807051 11.3047480360232 0 0
 364.092953030592 14.8128064526538 0 0
 366.253266456125 15.5778267961431 0 0
 368.413251040888 10.1105942196629 0 0
 370.572912742119 5.93821715685797 0 0
 372.732257517056 5.86215858145844 0 0
 374.891291322937 4.39092344461101 0 0
 377.050020117 3.25874488441834 0 0
 379.208449856483 4.27059451050356 0 0
 381.366586498624 2.72801734964136 0 0
 383.524436000661 2.2211314153731 0 0
 385.682004319832 3.27058437032363 0 0
 387.839297413375 1.76109176274013 0 0
 389.996321238528 1.54253852308632 0 0
 392.153081752529 2.7586577104402 0 0
 394.309584912616 1.55300059148174 0 0
 396.465836676027 1.69043775085207 0 0
 398.621843 3.31245298486044 0 0
 400.777609841773 5.40030112435316 0 0
 402.933143158584 11.855667721973 0 0
 405.088448907671 14.7399983941931 0 0
 407.243533046272 10.3952848242168 0 0
 409.398401531625 6.31087213178475 0 0
 411.553060320968 6.14026020781103 0 0
 413.707515371539 6.19254654985323 0 0
 415.861772640576 8.76842710742635 0 0
 418.015838085317 12.9329080917144 0 0
 420.169717663 16.7927000857756 0 0
 422.323417330863 24.0823428239843 0 0
 424.476943046144 33.8730842636589 0 0
 426.630300766081 45.8474758190183 0 0
 428.783496447912 64.3223812108198 0 0
 430.936536048875 91.1915684239083 0 0
 433.089425526208 136.481121098522 0 0
 435.242170837149 189.118784516283 0 0
 437.394777938936 234.796688235318 0 0
 439.547252788807 281.266716930145 0 0
 441.699601344 357.365046370474 0 0
 443.851829561753 451.186162211382 0 0
 446.003943399304 537.933946467607 0 0
 448.155948813891 590.349118407425 0 0
 450.307851762752 585.184266615913 0 0
 452.459658203125 526.275145406207 0 0
 454.611374092248 443.072755464587 0 0
 456.763005387359 362.715520175681 0 0
 458.914558045696 301.32933972663 0 0
 461.066038024497 261.210635103599 0 0
 463.217451281 229.476340413117 0 0
 465.368803772443 198.940565503962 0 0
 467.520101456064 170.125854497987 0 0
 469.671350289101 141.52189852035 0 0
 471.822556228792 117.91382821069 0 0
 473.973725232375 102.413864235248 0 0
 476.124863257088 91.7609417845978 0 0
 478.275976260169 85.2635015390475 0 0
 480.427070198856 83.289792242862 0 0
 482.578151030387 80.7849624753336 0 0
 484.729224712 79.5632089073126 0 0
 486.880297200933 81.2354915685177 0 0
 489.031374454424 82.4661590225319 0 0
 491.182462429711 85.4981173511085 0 0
 493.333567084032 91.064058611346 0 0
 495.484694374625 95.1440727287979 0 0
 497.635850258728 99.9868755287384 0 0
 499.787040693579 106.248760914438 0 0
 501.938271636416 110.004630853027 0 0
 504.089549044477 -NAN 0 0
 506.240878875 -NAN 0 0
 508.392267085223 -NAN 0 0
 510.543719632384 -NAN 0 0
 512.695242473721 -NAN 0 0
 514.846841566472 -NAN 0 0
 516.998522867875 -NAN 0 0
 519.150292335168 -NAN 0 0
 521.302155925589 -NAN 0 0
 523.454119596376 -NAN 0 0
 525.606189304767 -NAN 0 0
 527.758371008 -NAN 0 0
 529.910670663313 -NAN 0 0
 532.063094227944 -NAN 0 0
 534.215647659131 -NAN 0 0
 536.368336914112 -NAN 0 0
 538.521167950125 -NAN 0 0
 540.674146724408 -NAN 0 0
 542.827279194199 -NAN 0 0
 544.980571316736 -NAN 0 0
 547.134029049257 -NAN 0 0
 549.287658349 -NAN 0 0
 551.441465173203 -NAN 0 0
 553.595455479104 -NAN 0 0
 555.749635223941 -NAN 0 0
 557.904010364952 -NAN 0 0
 560.058586859375 -NAN 0 0
 562.213370664448 -NAN 0 0
 564.368367737409 -NAN 0 0
 566.523584035496 -NAN 0 0
 568.679025515947 -NAN 0 0
 570.834698136 -NAN 0 0
 572.990607852893 -NAN 0 0
 575.146760623864 -NAN 0 0
 577.303162406151 -NAN 0 0
 579.459819156992 -NAN 0 0
 581.616736833625 -NAN 0 0
 583.773921393288 -NAN 0 0
 585.931378793219 -NAN 0 0
 588.089114990656 -NAN 0 0
 590.247135942837 -NAN 0 0
 592.405447607 -NAN 0 0
 594.564055940383 -NAN 0 0
 596.722966900224 -NAN 0 0
 598.882186443761 -NAN 0 0
 601.041720528232 -NAN 0 0
 603.201575110875 -NAN 0 0
 605.361756148928 -NAN 0 0
 607.522269599629 -NAN 0 0
 609.683121420216 -NAN 0 0
 611.844317567927 -NAN 0 0
 614.005864 -NAN 0 0
 616.167766673673 -NAN 0 0
 618.330031546184 -NAN 0 0
 620.492664574771 -NAN 0 0
 622.655671716672 -NAN 0 0
 624.819058929125 -NAN 0 0
 626.982832169368 -NAN 0 0
 629.146997394639 -NAN 0 0
 631.311560562176 -NAN 0 0
 633.476527629217 -NAN 0 0
 635.641904553 -NAN 0 0
 637.807697290763 -NAN 0 0
 639.973911799744 -NAN 0 0
 642.140554037181 -NAN 0 0
 644.307629960312 -NAN 0 0
 646.475145526375 -NAN 0 0
 648.643106692608 -NAN 0 0
 650.811519416249 -NAN 0 0
 652.980389654536 -NAN 0 0
 655.149723364707 -NAN 0 0
 657.319526504 -NAN 0 0
 659.489805029653 -NAN 0 0
 661.660564898904 -NAN 0 0
 663.831812068991 -NAN 0 0
 666.003552497152 -NAN 0 0
 668.175792140625 -NAN 0 0
 670.348536956648 -NAN 0 0
 672.521792902459 -NAN 0 0
 674.695565935296 -NAN 0 0
 676.869862012397 -NAN 0 0
 679.044687091 -NAN 0 0
 681.220047128343 -NAN 0 0
 683.395948081664 -NAN 0 0
 685.572395908201 -NAN 0 0
 687.749396565192 -NAN 0 0
 689.926956009875 -NAN 0 0
 692.105080199488 -NAN 0 0
 694.283775091269 -NAN 0 0
 696.463046642456 -NAN 0 0
 698.642900810287 -NAN 0 0
 700.823343552 -NAN 0 0
 703.004380824833 -NAN 0 0
 705.186018586024 -NAN 0 0
 707.368262792811 -NAN 0 0
 709.551119402432 -NAN 0 0
 711.734594372125 -NAN 0 0
 713.918693659128 -NAN 0 0
 716.103423220679 -NAN 0 0
 718.288789014016 -NAN 0 0
 720.474796996377 -NAN 0 0
 722.661453125 -NAN 0 0
 724.848763357123 -NAN 0 0
 727.036733649984 -NAN 0 0
 729.225369960821 -NAN 0 0
 731.414678246872 -NAN 0 0
 733.604664465375 -NAN 0 0
 735.795334573568 -NAN 0 0
[END] of [DATA]
[END] of Spectrum


[Spectrum]
Version            = 1
IDData             = 12ad_2026-06-11_10-03-00_000_292
IDDevice           = SAM_82E6
IDDataType         = SPECTRUM
IDDataTypeSub1     = CALIBRATED
IDDataTypeSub2     = 
IDDataTypeSub3     = 
DateTime           = 2026-06-11 10:03:00
PositionLatitude   = 0
PositionLongitude  = 0
Comment            = 20260611_FrameD
CommentSub1        = UV
CommentSub2        = right
CommentSub3        = 17cm
IDMethodType       = SAM Control
MethodName         = SAM_82E6
Mission            = No Mission
MissionSub         = 1
RecordType         = 0
[Attributes]
CalFactor = 1
IDBasisSpec = 
IDDataBack = DLAB_2024-11-11_10-40-48_641_639
IDDataCal = DLAB_2024-11-12_11-45-27_171_455
IntegrationTime = 128
P31 = -1
P31e = 0
PathLength = +INF
PathLengthCustomOn = 0
RAWDynamic = 65535
Salinity = 0
Temperature = -NAN
Unit1 = $01 $01 Wavelength nm
Unit2 = $03 $06 Intensity mW/(m^2 nm)
Unit3 = $f0 $06 Error mW/(m^2 nm)
Unit4 = $f1 $00 Status 
p999 = 8560
[END] of [Attributes]
[DATA]
 0 6 0 0
 185.260577530984 -NAN 0 0
 187.468128380571 -NAN 0 0
 189.674861895872 -NAN 0 0
 191.880784034125 -NAN 0 0
 194.085900752568 -NAN 0 0
 196.290218008439 -NAN 0 0
 198.493741758976 -NAN 0 0
 200.696477961417 -NAN 0 0
 202.898432573 -NAN 0 0
 205.099611550963 -NAN 0 0
 207.300020852544 -NAN 0 0
 209.499666434981 -NAN 0 0
 211.698554255512 -NAN 0 0
 213.896690271375 -NAN 0 0
 216.094080439808 -NAN 0 0
 218.290730718049 -NAN 0 0
 220.486647063336 -NAN 0 0
 222.681835432907 -NAN 0 0
 224.876301784 -NAN 0 0
 227.070052073853 -NAN 0 0
 229.263092259704 -NAN 0 0
 231.455428298791 -NAN 0 0
 233.647066148352 -NAN 0 0
 235.838011765625 -NAN 0 0
 238.028271107848 -NAN 0 0
 240.217850132259 -NAN 0 0
 242.406754796096 -NAN 0 0
 244.594991056597 -NAN 0 0
 246.782564871 -NAN 0 0
 248.969482196543 -NAN 0 0
 251.155748990464 -NAN 0 0
 253.341371210001 -NAN 0 0
 255.526354812392 -NAN 0 0
 257.710705754875 -NAN 0 0
 259.894429994688 -NAN 0 0
 262.077533489069 -NAN 0 0
 264.260022195256 -NAN 0 0
 266.441902070487 -NAN 0 0
 268.623179072 -NAN 0 0
 270.803859157033 -NAN 0 0
 272.983948282824 -NAN 0 0
 275.163452406611 -NAN 0 0
 277.342377485632 -NAN 0 0
 279.520729477125 2.88084001757062 0 0
 281.698514338328 3.12387752448474 0 0
 283.875738026479 4.10994561380616 0 0
 286.052406498816 7.77152689977823 0 0
 288.228525712577 9.57000878918688 0 0
 290.404101625 12.7848096845424 0 0
 292.579140193323 18.977485028444 0 0
 294.753647374784 23.5905533990301 0 0
 296.927629126621 28.5311179048943 0 0
 299.101091406072 35.0289760607674 0 0
 301.274040170375 39.9931854223531 0 0
 303.446481376768 43.431180560805 0 0
 305.618420982489 48.0921270389967 0 0
 307.789864944776 49.6994978943351 0 0
 309.960819220867 53.2428675696802 0 0
 312.131289768 57.3233540109295 0 0
 314.301282543413 54.536629986622 0 0
 316.470803504344 50.1727297019028 0 0
 318.639858608031 47.6221703215729 0 0
 320.808453811712 42.7781606080693 0 0
 322.976595072625 41.2132901405941 0 0
 325.144288348008 39.1855849273215 0 0
 327.311539595099 34.4011199549193 0 0
 329.478354771136 32.1119128150557 0 0
 331.644739833357 30.0246860351354 0 0
 333.810700739 25.9977395349108 0 0
 335.976243445303 24.005805645991 0 0
 338.141373909504 21.7134349609649 0 0
 340.306098088841 17.8807401369551 0 0
 342.470421940552 16.8396151551387 0 0
 344.634351421875 15.1492751103549 0 0
 346.797892490048 12.1791548349744 0 0
 348.961051102309 11.8003143118716 0 0
 351.123833215896 10.5928825120537 0 0
 353.286244788047 8.42500736503273 0 0
 355.448291776 8.75915239651401 0 0
 357.609980136993 8.03209190476313 0 0
 359.771315828264 7.41438756654868 0 0
 361.932304807051 11.4420041321033 0 0
 364.092953030592 15.2790908128796 0 0
 366.253266456125 14.1892876875374 0 0
 368.413251040888 10.4803458335569 0 0
 370.572912742119 6.59258955913669 0 0
 372.732257517056 4.2641353976602 0 0
 374.891291322937 4.99458930229949 0 0
 377.050020117 4.0519200155068 0 0
 379.208449856483 2.58146629356083 0 0
 381.366586498624 3.744155354649 0 0
 383.524436000661 2.57786064249455 0 0
 385.682004319832 1.9122342769121 0 0
 387.839297413375 3.26438912421807 0 0
 389.996321238528 2.09737490118223 0 0
 392.153081752529 1.55836181344512 0 0
 394.309584912616 2.70527366121569 0 0
 396.465836676027 1.83408756278227 0 0
 398.621843 2.28414481469157 0 0
 400.777609841773 6.54604381999622 0 0
 402.933143158584 11.4894132590308 0 0
 405.088448907671 13.5447170508674 0 0
 407.243533046272 11.2922278855171 0 0
 409.398401531625 6.28910133783409 0 0
 411.553060320968 5.20605420348824 0 0
 413.707515371539 7.35607892994305 0 0
 415.861772640576 8.58369701354278 0 0
 418.015838085317 12.1710957479386 0 0
 420.169717663 17.8986012425558 0 0
 422.323417330863 23.7847824896514 0 0
 424.476943046144 33.4248254896173 0 0
 426.630300766081 46.8720816068404 0 0
 428.783496447912 63.7904680884775 0 0
 430.936536048875 90.819935916624 0 0
 433.089425526208 137.034083751469 0 0
 435.242170837149 187.923957948535 0 0
 437.394777938936 233.889479174537 0 0
 439.547252788807 281.833691609842 0 0
 441.699601344 356.742830467929 0 0
 443.851829561753 451.019591326174 0 0
 446.003943399304 538.872497874896 0 0
 448.155948813891 589.479597801078 0 0
 450.307851762752 585.280760645515 0 0
 452.459658203125 527.241286522463 0 0
 454.611374092248 442.250179789993 0 0
 456.763005387359 362.573963485915 0 0
 458.914558045696 302.226569630514 0 0
 461.066038024497 259.870797948378 0 0
 463.217451281 229.568779773044 0 0
 465.368803772443 199.737500719917 0 0
 467.520101456064 168.929523877928 0 0
 469.671350289101 141.774120785581 0 0
 471.822556228792 118.542347263026 0 0
 473.973725232375 101.243402226882 0 0
 476.124863257088 92.2779707059189 0 0
 478.275976260169 86.1024922328988 0 0
 480.427070198856 82.0656654571944 0 0
 482.578151030387 81.3865659183431 0 0
 484.729224712 80.3064124759826 0 0
 486.880297200933 80.1470896773576 0 0
 489.031374454424 83.2505290883892 0 0
 491.182462429711 86.1001055769535 0 0
 493.333567084032 89.7202674566406 0 0
 495.484694374625 96.0594221661041 0 0
 497.635850258728 100.499235835312 0 0
 499.787040693579 104.975684308771 0 0
 501.938271636416 110.875298649034 0 0
 504.089549044477 -NAN 0 0
 506.240878875 -NAN 0 0
 508.392267085223 -NAN 0 0
 510.543719632384 -NAN 0 0
 512.695242473721 -NAN 0 0
 514.846841566472 -NAN 0 0
 516.998522867875 -NAN 0 0
 519.150292335168 -NAN 0 0
 521.302155925589 -NAN 0 0
 523.454119596376 -NAN 0 0
 525.606189304767 -NAN 0 0
 527.758371008 -NAN 0 0
 529.910670663313 -NAN 0 0
 532.063094227944 -NAN 0 0
 534.215647659131 -NAN 0 0
 536.368336914112 -NAN 0 0
 538.521167950125 -NAN 0 0
 540.674146724408 -NAN 0 0
 542.827279194199 -NAN 0 0
 544.980571316736 -NAN 0 0
 547.134029049257 -NAN 0 0
 549.287658349 -NAN 0 0
 551.441465173203 -NAN 0 0
 553.595455479104 -NAN 0 0
 555.749635223941 -NAN 0 0
 557.904010364952 -NAN 0 0
 560.058586859375 -NAN 0 0
 562.213370664448 -NAN 0 0
 564.368367737409 -NAN 0 0
 566.523584035496 -NAN 0 0
 568.679025515947 -NAN 0 0
 570.834698136 -NAN 0 0
 572.990607852893 -NAN 0 0
 575.146760623864 -NAN 0 0
 577.303162406151 -NAN 0 0
 579.459819156992 -NAN 0 0
 581.616736833625 -NAN 0 0
 583.773921393288 -NAN 0 0
 585.931378793219 -NAN 0 0
 588.089114990656 -NAN 0 0
 590.247135942837 -NAN 0 0
 592.405447607 -NAN 0 0
 594.564055940383 -NAN 0 0
 596.722966900224 -NAN 0 0
 598.882186443761 -NAN 0 0
 601.041720528232 -NAN 0 0
 603.201575110875 -NAN 0 0
 605.361756148928 -NAN 0 0
 607.522269599629 -NAN 0 0
 609.683121420216 -NAN 0 0
 611.844317567927 -NAN 0 0
 614.005864 -NAN 0 0
 616.167766673673 -NAN 0 0
 618.330031546184 -NAN 0 0
 620.492664574771 -NAN 0 0
 622.655671716672 -NAN 0 0
 624.819058929125 -NAN 0 0
 626.982832169368 -NAN 0 0
 629.146997394639 -NAN 0 0
 631.311560562176 -NAN 0 0
 633.476527629217 -NAN 0 0
 635.641904553 -NAN 0 0
 637.807697290763 -NAN 0 0
 639.973911799744 -NAN 0 0
 642.140554037181 -NAN 0 0
 644.307629960312 -NAN 0 0
 646.475145526375 -NAN 0 0
 648.643106692608 -NAN 0 0
 650.811519416249 -NAN 0 0
 652.980389654536 -NAN 0 0
 655.149723364707 -NAN 0 0
 657.319526504 -NAN 0 0
 659.489805029653 -NAN 0 0
 661.660564898904 -NAN 0 0
 663.831812068991 -NAN 0 0
 666.003552497152 -NAN 0 0
 668.175792140625 -NAN 0 0
 670.348536956648 -NAN 0 0
 672.521792902459 -NAN 0 0
 674.695565935296 -NAN 0 0
 676.869862012397 -NAN 0 0
 679.044687091 -NAN 0 0
 681.220047128343 -NAN 0 0
 683.395948081664 -NAN 0 0
 685.572395908201 -NAN 0 0
 687.749396565192 -NAN 0 0
 689.926956009875 -NAN 0 0
 692.105080199488 -NAN 0 0
 694.283775091269 -NAN 0 0
 696.463046642456 -NAN 0 0
 698.642900810287 -NAN 0 0
 700.823343552 -NAN 0 0
 703.004380824833 -NAN 0 0
 705.186018586024 -NAN 0 0
 707.368262792811 -NAN 0 0
 709.551119402432 -NAN 0 0
 711.734594372125 -NAN 0 0
 713.918693659128 -NAN 0 0
 716.103423220679 -NAN 0 0
 718.288789014016 -NAN 0 0
 720.474796996377 -NAN 0 0
 722.661453125 -NAN 0 0
 724.848763357123 -NAN 0 0
 727.036733649984 -NAN 0 0
 729.225369960821 -NAN 0 0
 731.414678246872 -NAN 0 0
 733.604664465375 -NAN 0 0
 735.795334573568 -NAN 0 0
[END] of [DATA]
[END] of Spectrum


[Spectrum]
Version            = 1
IDData             = 12ad_2026-06-11_10-02-55_000_289
IDDevice           = SAM_82E6
IDDataType         = SPECTRUM
IDDataTypeSub1     = CALIBRATED
IDDataTypeSub2     = 
IDDataTypeSub3     = 
DateTime           = 2026-06-11 10:02:55
PositionLatitude   = 0
PositionLongitude  = 0
Comment            = 20260611_FrameD
CommentSub1        = UV
CommentSub2        = right
CommentSub3        = 17cm
IDMethodType       = SAM Control
MethodName         = SAM_82E6
Mission            = No Mission
MissionSub         = 1
RecordType         = 0
[Attributes]
CalFactor = 1
IDBasisSpec = 
IDDataBack = DLAB_2024-11-11_10-40-48_641_639
IDDataCal = DLAB_2024-11-12_11-45-27_171_455
IntegrationTime = 128
P31 = -1
P31e = 0
PathLength = +INF
PathLengthCustomOn = 0
RAWDynamic = 65535
Salinity = 0
Temperature = -NAN
Unit1 = $01 $01 Wavelength nm
Unit2 = $03 $06 Intensity mW/(m^2 nm)
Unit3 = $f0 $06 Error mW/(m^2 nm)
Unit4 = $f1 $00 Status 
p999 = 8559
[END] of [Attributes]
[DATA]
 0 6 0 0
 185.260577530984 -NAN 0 0
 187.468128380571 -NAN 0 0
 189.674861895872 -NAN 0 0
 191.880784034125 -NAN 0 0
 194.085900752568 -NAN 0 0
 196.290218008439 -NAN 0 0
 198.493741758976 -NAN 0 0
 200.696477961417 -NAN 0 0
 202.898432573 -NAN 0 0
 205.099611550963 -NAN 0 0
 207.300020852544 -NAN 0 0
 209.499666434981 -NAN 0 0
 211.698554255512 -NAN 0 0
 213.896690271375 -NAN 0 0
 216.094080439808 -NAN 0 0
 218.290730718049 -NAN 0 0
 220.486647063336 -NAN 0 0
 222.681835432907 -NAN 0 0
 224.876301784 -NAN 0 0
 227.070052073853 -NAN 0 0
 229.263092259704 -NAN 0 0
 231.455428298791 -NAN 0 0
 233.647066148352 -NAN 0 0
 235.838011765625 -NAN 0 0
 238.028271107848 -NAN 0 0
 240.217850132259 -NAN 0 0
 242.406754796096 -NAN 0 0
 244.594991056597 -NAN 0 0
 246.782564871 -NAN 0 0
 248.969482196543 -NAN 0 0
 251.155748990464 -NAN 0 0
 253.341371210001 -NAN 0 0
 255.526354812392 -NAN 0 0
 257.710705754875 -NAN 0 0
 259.894429994688 -NAN 0 0
 262.077533489069 -NAN 0 0
 264.260022195256 -NAN 0 0
 266.441902070487 -NAN 0 0
 268.623179072 -NAN 0 0
 270.803859157033 -NAN 0 0
 272.983948282824 -NAN 0 0
 275.163452406611 -NAN 0 0
 277.342377485632 -NAN 0 0
 279.520729477125 2.75755335876528 0 0
 281.698514338328 3.32391597406615 0 0
 283.875738026479 3.97014353683324 0 0
 286.052406498816 7.54939033842003 0 0
 288.228525712577 9.40238282631586 0 0
 290.404101625 12.588504663572 0 0
 292.579140193323 18.533472398723 0 0
 294.753647374784 23.5043225273996 0 0
 296.927629126621 28.016910852563 0 0
 299.101091406072 34.3318175657729 0 0
 301.274040170375 39.544129409402 0 0
 303.446481376768 42.4777004651663 0 0
 305.618420982489 47.1919951668693 0 0
 307.789864944776 48.9395085335403 0 0
 309.960819220867 52.0076252167022 0 0
 312.131289768 56.2802459525855 0 0
 314.301282543413 53.7098772718774 0 0
 316.470803504344 49.2160922921064 0 0
 318.639858608031 46.9853831405599 0 0
 320.808453811712 42.2630236057045 0 0
 322.976595072625 40.3400262563474 0 0
 325.144288348008 38.5749012930998 0 0
 327.311539595099 33.9129443346625 0 0
 329.478354771136 31.7236914198513 0 0
 331.644739833357 29.7981751800754 0 0
 333.810700739 25.8245542640536 0 0
 335.976243445303 23.5479020219262 0 0
 338.141373909504 21.4985609218826 0 0
 340.306098088841 17.7219376859102 0 0
 342.470421940552 16.1207276695786 0 0
 344.634351421875 15.0021420069858 0 0
 346.797892490048 12.0378213706878 0 0
 348.961051102309 11.165374423287 0 0
 351.123833215896 10.5223594352276 0 0
 353.286244788047 8.25817310490472 0 0
 355.448291776 8.26541999992039 0 0
 357.609980136993 8.09955381456282 0 0
 359.771315828264 7.24982053220252 0 0
 361.932304807051 11.2740026705012 0 0
 364.092953030592 15.1469957277793 0 0
 366.253266456125 13.7583617572804 0 0
 368.413251040888 10.1421140293719 0 0
 370.572912742119 6.64910924839301 0 0
 372.732257517056 4.27587597615341 0 0
 374.891291322937 4.81308620477623 0 0
 377.050020117 4.11399459098329 0 0
 379.208449856483 2.41773141254816 0 0
 381.366586498624 3.57880327316654 0 0
 383.524436000661 2.79530913552077 0 0
 385.682004319832 1.48979450964171 0 0
 387.839297413375 2.79257195044601 0 0
 389.996321238528 2.38813725628566 0 0
 392.153081752529 1.19619160637493 0 0
 394.309584912616 2.52118269741204 0 0
 396.465836676027 2.18448570216344 0 0
 398.621843 1.89007058689782 0 0
 400.777609841773 6.51093025270637 0 0
 402.933143158584 11.5920658939731 0 0
 405.088448907671 13.1356433742719 0 0
 407.243533046272 11.324303994994 0 0
 409.398401531625 6.38191366993955 0 0
 411.553060320968 5.11671455018228 0 0
 413.707515371539 7.28925801841556 0 0
 415.861772640576 8.75822102489135 0 0
 418.015838085317 12.0383929525712 0 0
 420.169717663 17.8560301971708 0 0
 422.323417330863 23.9907857980357 0 0
 424.476943046144 33.2570613147781 0 0
 426.630300766081 46.8953877199585 0 0
 428.783496447912 63.9801360005647 0 0
 430.936536048875 90.5010406165819 0 0
 433.089425526208 136.618754555332 0 0
 435.242170837149 187.42764537424 0 0
 437.394777938936 233.134137709833 0 0
 439.547252788807 281.899205089236 0 0
 441.699601344 356.824203485567 0 0
 443.851829561753 450.816190697504 0 0
 446.003943399304 539.234400559749 0 0
 448.155948813891 589.787571295355 0 0
 450.307851762752 584.996689436873 0 0
 452.459658203125 527.349664768486 0 0
 454.611374092248 442.241621199159 0 0
 456.763005387359 362.389451662702 0 0
 458.914558045696 302.576878525134 0 0
 461.066038024497 260.118387628012 0 0
 463.217451281 229.353780362877 0 0
 465.368803772443 200.031997309654 0 0
 467.520101456064 168.977719829497 0 0
 469.671350289101 141.569528476016 0 0
 471.822556228792 118.945692533134 0 0
 473.973725232375 101.253312065146 0 0
 476.124863257088 91.9890102167009 0 0
 478.275976260169 86.3325201449878 0 0
 480.427070198856 81.9754431918267 0 0
 482.578151030387 81.3363392858099 0 0
 484.729224712 80.3768212351197 0 0
 486.880297200933 79.8551339799343 0 0
 489.031374454424 82.9987697947831 0 0
 491.182462429711 86.3312958603485 0 0
 493.333567084032 89.7703673754158 0 0
 495.484694374625 95.830308098967 0 0
 497.635850258728 100.647348557769 0 0
 499.787040693579 104.828916297016 0 0
 501.938271636416 110.807496336119 0 0
 504.089549044477 -NAN 0 0
 506.240878875 -NAN 0 0
 508.392267085223 -NAN 0 0
 510.543719632384 -NAN 0 0
 512.695242473721 -NAN 0 0
 514.846841566472 -NAN 0 0
 516.998522867875 -NAN 0 0
 519.150292335168 -NAN 0 0
 521.302155925589 -NAN 0 0
 523.454119596376 -NAN 0 0
 525.606189304767 -NAN 0 0
 527.758371008 -NAN 0 0
 529.910670663313 -NAN 0 0
 532.063094227944 -NAN 0 0
 534.215647659131 -NAN 0 0
 536.368336914112 -NAN 0 0
 538.521167950125 -NAN 0 0
 540.674146724408 -NAN 0 0
 542.827279194199 -NAN 0 0
 544.980571316736 -NAN 0 0
 547.134029049257 -NAN 0 0
 549.287658349 -NAN 0 0
 551.441465173203 -NAN 0 0
 553.595455479104 -NAN 0 0
 555.749635223941 -NAN 0 0
 557.904010364952 -NAN 0 0
 560.058586859375 -NAN 0 0
 562.213370664448 -NAN 0 0
 564.368367737409 -NAN 0 0
 566.523584035496 -NAN 0 0
 568.679025515947 -NAN 0 0
 570.834698136 -NAN 0 0
 572.990607852893 -NAN 0 0
 575.146760623864 -NAN 0 0
 577.303162406151 -NAN 0 0
 579.459819156992 -NAN 0 0
 581.616736833625 -NAN 0 0
 583.773921393288 -NAN 0 0
 585.931378793219 -NAN 0 0
 588.089114990656 -NAN 0 0
 590.247135942837 -NAN 0 0
 592.405447607 -NAN 0 0
 594.564055940383 -NAN 0 0
 596.722966900224 -NAN 0 0
 598.882186443761 -NAN 0 0
 601.041720528232 -NAN 0 0
 603.201575110875 -NAN 0 0
 605.361756148928 -NAN 0 0
 607.522269599629 -NAN 0 0
 609.683121420216 -NAN 0 0
 611.844317567927 -NAN 0 0
 614.005864 -NAN 0 0
 616.167766673673 -NAN 0 0
 618.330031546184 -NAN 0 0
 620.492664574771 -NAN 0 0
 622.655671716672 -NAN 0 0
 624.819058929125 -NAN 0 0
 626.982832169368 -NAN 0 0
 629.146997394639 -NAN 0 0
 631.311560562176 -NAN 0 0
 633.476527629217 -NAN 0 0
 635.641904553 -NAN 0 0
 637.807697290763 -NAN 0 0
 639.973911799744 -NAN 0 0
 642.140554037181 -NAN 0 0
 644.307629960312 -NAN 0 0
 646.475145526375 -NAN 0 0
 648.643106692608 -NAN 0 0
 650.811519416249 -NAN 0 0
 652.980389654536 -NAN 0 0
 655.149723364707 -NAN 0 0
 657.319526504 -NAN 0 0
 659.489805029653 -NAN 0 0
 661.660564898904 -NAN 0 0
 663.831812068991 -NAN 0 0
 666.003552497152 -NAN 0 0
 668.175792140625 -NAN 0 0
 670.348536956648 -NAN 0 0
 672.521792902459 -NAN 0 0
 674.695565935296 -NAN 0 0
 676.869862012397 -NAN 0 0
 679.044687091 -NAN 0 0
 681.220047128343 -NAN 0 0
 683.395948081664 -NAN 0 0
 685.572395908201 -NAN 0 0
 687.749396565192 -NAN 0 0
 689.926956009875 -NAN 0 0
 692.105080199488 -NAN 0 0
 694.283775091269 -NAN 0 0
 696.463046642456 -NAN 0 0
 698.642900810287 -NAN 0 0
 700.823343552 -NAN 0 0
 703.004380824833 -NAN 0 0
 705.186018586024 -NAN 0 0
 707.368262792811 -NAN 0 0
 709.551119402432 -NAN 0 0
 711.734594372125 -NAN 0 0
 713.918693659128 -NAN 0 0
 716.103423220679 -NAN 0 0
 718.288789014016 -NAN 0 0
 720.474796996377 -NAN 0 0
 722.661453125 -NAN 0 0
 724.848763357123 -NAN 0 0
 727.036733649984 -NAN 0 0
 729.225369960821 -NAN 0 0
 731.414678246872 -NAN 0 0
 733.604664465375 -NAN 0 0
 735.795334573568 -NAN 0 0
[END] of [DATA]
[END] of Spectrum


[Spectrum]
Version            = 1
IDData             = 12ad_2026-06-11_10-02-50_000_286
IDDevice           = SAM_82E6
IDDataType         = SPECTRUM
IDDataTypeSub1     = CALIBRATED
IDDataTypeSub2     = 
IDDataTypeSub3     = 
DateTime           = 2026-06-11 10:02:50
PositionLatitude   = 0
PositionLongitude  = 0
Comment            = 20260611_FrameD
CommentSub1        = UV
CommentSub2        = right
CommentSub3        = 17cm
IDMethodType       = SAM Control
MethodName         = SAM_82E6
Mission            = No Mission
MissionSub         = 1
RecordType         = 0
[Attributes]
CalFactor = 1
IDBasisSpec = 
IDDataBack = DLAB_2024-11-11_10-40-48_641_639
IDDataCal = DLAB_2024-11-12_11-45-27_171_455
IntegrationTime = 128
P31 = -1
P31e = 0
PathLength = +INF
PathLengthCustomOn = 0
RAWDynamic = 65535
Salinity = 0
Temperature = -NAN
Unit1 = $01 $01 Wavelength nm
Unit2 = $03 $06 Intensity mW/(m^2 nm)
Unit3 = $f0 $06 Error mW/(m^2 nm)
Unit4 = $f1 $00 Status 
p999 = 8558
[END] of [Attributes]
[DATA]
 0 6 0 0
 185.260577530984 -NAN 0 0
 187.468128380571 -NAN 0 0
 189.674861895872 -NAN 0 0
 191.880784034125 -NAN 0 0
 194.085900752568 -NAN 0 0
 196.290218008439 -NAN 0 0
 198.493741758976 -NAN 0 0
 200.696477961417 -NAN 0 0
 202.898432573 -NAN 0 0
 205.099611550963 -NAN 0 0
 207.300020852544 -NAN 0 0
 209.499666434981 -NAN 0 0
 211.698554255512 -NAN 0 0
 213.896690271375 -NAN 0 0
 216.094080439808 -NAN 0 0
 218.290730718049 -NAN 0 0
 220.486647063336 -NAN 0 0
 222.681835432907 -NAN 0 0
 224.876301784 -NAN 0 0
 227.070052073853 -NAN 0 0
 229.263092259704 -NAN 0 0
 231.455428298791 -NAN 0 0
 233.647066148352 -NAN 0 0
 235.838011765625 -NAN 0 0
 238.028271107848 -NAN 0 0
 240.217850132259 -NAN 0 0
 242.406754796096 -NAN 0 0
 244.594991056597 -NAN 0 0
 246.782564871 -NAN 0 0
 248.969482196543 -NAN 0 0
 251.155748990464 -NAN 0 0
 253.341371210001 -NAN 0 0
 255.526354812392 -NAN 0 0
 257.710705754875 -NAN 0 0
 259.894429994688 -NAN 0 0
 262.077533489069 -NAN 0 0
 264.260022195256 -NAN 0 0
 266.441902070487 -NAN 0 0
 268.623179072 -NAN 0 0
 270.803859157033 -NAN 0 0
 272.983948282824 -NAN 0 0
 275.163452406611 -NAN 0 0
 277.342377485632 -NAN 0 0
 279.520729477125 1.43004246698259 0 0
 281.698514338328 3.38928801641301 0 0
 283.875738026479 5.00665590550116 0 0
 286.052406498816 5.74035664265323 0 0
 288.228525712577 9.55138368220121 0 0
 290.404101625 13.4726043135717 0 0
 292.579140193323 16.498062121526 0 0
 294.753647374784 23.5973971190007 0 0
 296.927629126621 28.2632223788649 0 0
 299.101091406072 32.2463007004048 0 0
 301.274040170375 39.3306247417457 0 0
 303.446481376768 42.4340129464658 0 0
 305.618420982489 45.0002762237444 0 0
 307.789864944776 48.8005512664471 0 0
 309.960819220867 51.5753444282585 0 0
 312.131289768 54.0477471524189 0 0
 314.301282543413 53.6215042672071 0 0
 316.470803504344 48.5734469823326 0 0
 318.639858608031 44.5720240464581 0 0
 320.808453811712 42.7608562643206 0 0
 322.976595072625 39.9294094218867 0 0
 325.144288348008 36.5161900344707 0 0
 327.311539595099 34.7778801183006 0 0
 329.478354771136 30.9145249869348 0 0
 331.644739833357 27.8469248077288 0 0
 333.810700739 26.8044572495876 0 0
 335.976243445303 22.8879393383534 0 0
 338.141373909504 19.9761853770124 0 0
 340.306098088841 18.815910126442 0 0
 342.470421940552 15.6205181623219 0 0
 344.634351421875 13.6842318161241 0 0
 346.797892490048 13.2288880013425 0 0
 348.961051102309 10.5362172294982 0 0
 351.123833215896 9.55070815451271 0 0
 353.286244788047 9.50997526586521 0 0
 355.448291776 7.4672730755795 0 0
 357.609980136993 7.40137658933438 0 0
 359.771315828264 8.34908529757362 0 0
 361.932304807051 10.3208963393208 0 0
 364.092953030592 14.654743957662 0 0
 366.253266456125 14.9308539902831 0 0
 368.413251040888 9.04619449179735 0 0
 370.572912742119 6.14671201055906 0 0
 372.732257517056 5.53864041853438 0 0
 374.891291322937 3.5492868590587 0 0
 377.050020117 3.68636973770081 0 0
 379.208449856483 3.82277261371675 0 0
 381.366586498624 1.99594574102668 0 0
 383.524436000661 2.84078855889881 0 0
 385.682004319832 3.02024969342265 0 0
 387.839297413375 1.15467209194602 0 0
 389.996321238528 2.40780234310425 0 0
 392.153081752529 2.43950388811781 0 0
 394.309584912616 1.04300043990719 0 0
 396.465836676027 2.39660411604169 0 0
 398.621843 2.95951108387345 0 0
 400.777609841773 4.72664083338483 0 0
 402.933143158584 11.8379252912422 0 0
 405.088448907671 13.5508592982638 0 0
 407.243533046272 9.71574650492697 0 0
 409.398401531625 6.8929544121499 0 0
 411.553060320968 5.76746017302815 0 0
 413.707515371539 5.98678056832413 0 0
 415.861772640576 9.45223463727162 0 0
 418.015838085317 12.5829659054123 0 0
 420.169717663 16.8475694331608 0 0
 422.323417330863 24.5639327804737 0 0
 424.476943046144 33.5251289380662 0 0
 426.630300766081 45.9286156202443 0 0
 428.783496447912 64.659568610086 0 0
 430.936536048875 90.5719062388135 0 0
 433.089425526208 135.347669101266 0 0
 435.242170837149 187.381290898702 0 0
 437.394777938936 232.454730043169 0 0
 439.547252788807 280.716727226587 0 0
 441.699601344 357.531080204442 0 0
 443.851829561753 450.782709112538 0 0
 446.003943399304 538.430172371187 0 0
 448.155948813891 590.70008535247 0 0
 450.307851762752 584.86322105948 0 0
 452.459658203125 526.695690053168 0 0
 454.611374092248 443.367551371089 0 0
 456.763005387359 362.280111323021 0 0
 458.914558045696 301.890233170437 0 0
 461.066038024497 261.288070558958 0 0
 463.217451281 228.84484456103 0 0
 465.368803772443 199.343783056935 0 0
 467.520101456064 170.245808866337 0 0
 469.671350289101 140.844254151101 0 0
 471.822556228792 118.134629686467 0 0
 473.973725232375 102.477727637398 0 0
 476.124863257088 91.0678794617992 0 0
 478.275976260169 85.8280144827249 0 0
 480.427070198856 83.1539019172465 0 0
 482.578151030387 80.2871607395595 0 0
 484.729224712 80.0504822245158 0 0
 486.880297200933 81.099021855546 0 0
 489.031374454424 82.0678198735374 0 0
 491.182462429711 86.1861038949314 0 0
 493.333567084032 90.8681122623583 0 0
 495.484694374625 94.7101948818522 0 0
 497.635850258728 100.642960032659 0 0
 499.787040693579 105.900866368056 0 0
 501.938271636416 109.466517258461 0 0
 504.089549044477 -NAN 0 0
 506.240878875 -NAN 0 0
 508.392267085223 -NAN 0 0
 510.543719632384 -NAN 0 0
 512.695242473721 -NAN 0 0
 514.846841566472 -NAN 0 0
 516.998522867875 -NAN 0 0
 519.150292335168 -NAN 0 0
 521.302155925589 -NAN 0 0
 523.454119596376 -NAN 0 0
 525.606189304767 -NAN 0 0
 527.758371008 -NAN 0 0
 529.910670663313 -NAN 0 0
 532.063094227944 -NAN 0 0
 534.215647659131 -NAN 0 0
 536.368336914112 -NAN 0 0
 538.521167950125 -NAN 0 0
 540.674146724408 -NAN 0 0
 542.827279194199 -NAN 0 0
 544.980571316736 -NAN 0 0
 547.134029049257 -NAN 0 0
 549.287658349 -NAN 0 0
 551.441465173203 -NAN 0 0
 553.595455479104 -NAN 0 0
 555.749635223941 -NAN 0 0
 557.904010364952 -NAN 0 0
 560.058586859375 -NAN 0 0
 562.213370664448 -NAN 0 0
 564.368367737409 -NAN 0 0
 566.523584035496 -NAN 0 0
 568.679025515947 -NAN 0 0
 570.834698136 -NAN 0 0
 572.990607852893 -NAN 0 0
 575.146760623864 -NAN 0 0
 577.303162406151 -NAN 0 0
 579.459819156992 -NAN 0 0
 581.616736833625 -NAN 0 0
 583.773921393288 -NAN 0 0
 585.931378793219 -NAN 0 0
 588.089114990656 -NAN 0 0
 590.247135942837 -NAN 0 0
 592.405447607 -NAN 0 0
 594.564055940383 -NAN 0 0
 596.722966900224 -NAN 0 0
 598.882186443761 -NAN 0 0
 601.041720528232 -NAN 0 0
 603.201575110875 -NAN 0 0
 605.361756148928 -NAN 0 0
 607.522269599629 -NAN 0 0
 609.683121420216 -NAN 0 0
 611.844317567927 -NAN 0 0
 614.005864 -NAN 0 0
 616.167766673673 -NAN 0 0
 618.330031546184 -NAN 0 0
 620.492664574771 -NAN 0 0
 622.655671716672 -NAN 0 0
 624.819058929125 -NAN 0 0
 626.982832169368 -NAN 0 0
 629.146997394639 -NAN 0 0
 631.311560562176 -NAN 0 0
 633.476527629217 -NAN 0 0
 635.641904553 -NAN 0 0
 637.807697290763 -NAN 0 0
 639.973911799744 -NAN 0 0
 642.140554037181 -NAN 0 0
 644.307629960312 -NAN 0 0
 646.475145526375 -NAN 0 0
 648.643106692608 -NAN 0 0
 650.811519416249 -NAN 0 0
 652.980389654536 -NAN 0 0
 655.149723364707 -NAN 0 0
 657.319526504 -NAN 0 0
 659.489805029653 -NAN 0 0
 661.660564898904 -NAN 0 0
 663.831812068991 -NAN 0 0
 666.003552497152 -NAN 0 0
 668.175792140625 -NAN 0 0
 670.348536956648 -NAN 0 0
 672.521792902459 -NAN 0 0
 674.695565935296 -NAN 0 0
 676.869862012397 -NAN 0 0
 679.044687091 -NAN 0 0
 681.220047128343 -NAN 0 0
 683.395948081664 -NAN 0 0
 685.572395908201 -NAN 0 0
 687.749396565192 -NAN 0 0
 689.926956009875 -NAN 0 0
 692.105080199488 -NAN 0 0
 694.283775091269 -NAN 0 0
 696.463046642456 -NAN 0 0
 698.642900810287 -NAN 0 0
 700.823343552 -NAN 0 0
 703.004380824833 -NAN 0 0
 705.186018586024 -NAN 0 0
 707.368262792811 -NAN 0 0
 709.551119402432 -NAN 0 0
 711.734594372125 -NAN 0 0
 713.918693659128 -NAN 0 0
 716.103423220679 -NAN 0 0
 718.288789014016 -NAN 0 0
 720.474796996377 -NAN 0 0
 722.661453125 -NAN 0 0
 724.848763357123 -NAN 0 0
 727.036733649984 -NAN 0 0
 729.225369960821 -NAN 0 0
 731.414678246872 -NAN 0 0
 733.604664465375 -NAN 0 0
 735.795334573568 -NAN 0 0
[END] of [DATA]
[END] of Spectrum


[Spectrum]
Version            = 1
IDData             = 12ad_2026-06-11_10-02-45_000_283
IDDevice           = SAM_82E6
IDDataType         = SPECTRUM
IDDataTypeSub1     = CALIBRATED
IDDataTypeSub2     = 
IDDataTypeSub3     = 
DateTime           = 2026-06-11 10:02:45
PositionLatitude   = 0
PositionLongitude  = 0
Comment            = 20260611_FrameD
CommentSub1        = UV
CommentSub2        = right
CommentSub3        = 17cm
IDMethodType       = SAM Control
MethodName         = SAM_82E6
Mission            = No Mission
MissionSub         = 1
RecordType         = 0
[Attributes]
CalFactor = 1
IDBasisSpec = 
IDDataBack = DLAB_2024-11-11_10-40-48_641_639
IDDataCal = DLAB_2024-11-12_11-45-27_171_455
IntegrationTime = 128
P31 = -1
P31e = 0
PathLength = +INF
PathLengthCustomOn = 0
RAWDynamic = 65535
Salinity = 0
Temperature = -NAN
Unit1 = $01 $01 Wavelength nm
Unit2 = $03 $06 Intensity mW/(m^2 nm)
Unit3 = $f0 $06 Error mW/(m^2 nm)
Unit4 = $f1 $00 Status 
p999 = 8557
[END] of [Attributes]
[DATA]
 0 6 0 0
 185.260577530984 -NAN 0 0
 187.468128380571 -NAN 0 0
 189.674861895872 -NAN 0 0
 191.880784034125 -NAN 0 0
 194.085900752568 -NAN 0 0
 196.290218008439 -NAN 0 0
 198.493741758976 -NAN 0 0
 200.696477961417 -NAN 0 0
 202.898432573 -NAN 0 0
 205.099611550963 -NAN 0 0
 207.300020852544 -NAN 0 0
 209.499666434981 -NAN 0 0
 211.698554255512 -NAN 0 0
 213.896690271375 -NAN 0 0
 216.094080439808 -NAN 0 0
 218.290730718049 -NAN 0 0
 220.486647063336 -NAN 0 0
 222.681835432907 -NAN 0 0
 224.876301784 -NAN 0 0
 227.070052073853 -NAN 0 0
 229.263092259704 -NAN 0 0
 231.455428298791 -NAN 0 0
 233.647066148352 -NAN 0 0
 235.838011765625 -NAN 0 0
 238.028271107848 -NAN 0 0
 240.217850132259 -NAN 0 0
 242.406754796096 -NAN 0 0
 244.594991056597 -NAN 0 0
 246.782564871 -NAN 0 0
 248.969482196543 -NAN 0 0
 251.155748990464 -NAN 0 0
 253.341371210001 -NAN 0 0
 255.526354812392 -NAN 0 0
 257.710705754875 -NAN 0 0
 259.894429994688 -NAN 0 0
 262.077533489069 -NAN 0 0
 264.260022195256 -NAN 0 0
 266.441902070487 -NAN 0 0
 268.623179072 -NAN 0 0
 270.803859157033 -NAN 0 0
 272.983948282824 -NAN 0 0
 275.163452406611 -NAN 0 0
 277.342377485632 -NAN 0 0
 279.520729477125 1.77624136746626 0 0
 281.698514338328 2.41132226290392 0 0
 283.875738026479 5.39923143477866 0 0
 286.052406498816 6.22237846207103 0 0
 288.228525712577 8.76339838665366 0 0
 290.404101625 13.6412812204795 0 0
 292.579140193323 16.6615715343757 0 0
 294.753647374784 22.2040157329722 0 0
 296.927629126621 28.2048186148964 0 0
 299.101091406072 31.9555200631763 0 0
 301.274040170375 37.8360920681512 0 0
 303.446481376768 41.9905846316556 0 0
 305.618420982489 44.2926456719406 0 0
 307.789864944776 47.2314030503477 0 0
 309.960819220867 51.214389969908 0 0
 312.131289768 52.9427502664493 0 0
 314.301282543413 51.893579465364 0 0
 316.470803504344 48.3193210803689 0 0
 318.639858608031 43.4476765793766 0 0
 320.808453811712 41.3099535961614 0 0
 322.976595072625 39.7381632250147 0 0
 325.144288348008 35.3583454135587 0 0
 327.311539595099 33.3646630074072 0 0
 329.478354771136 31.1138417185723 0 0
 331.644739833357 26.7661867411028 0 0
 333.810700739 25.5640362497727 0 0
 335.976243445303 23.1350619291185 0 0
 338.141373909504 18.8751314774015 0 0
 340.306098088841 17.8250914147941 0 0
 342.470421940552 16.031685139491 0 0
 344.634351421875 13.0378521996137 0 0
 346.797892490048 12.6079871411432 0 0
 348.961051102309 10.982641267738 0 0
 351.123833215896 8.83428324707315 0 0
 353.286244788047 9.10651986555564 0 0
 355.448291776 8.0180159667689 0 0
 357.609980136993 6.58112543208746 0 0
 359.771315828264 8.28024679954647 0 0
 361.932304807051 10.6656836526741 0 0
 364.092953030592 13.8508832688467 0 0
 366.253266456125 14.7299887870197 0 0
 368.413251040888 9.38321399560898 0 0
 370.572912742119 5.45591580853737 0 0
 372.732257517056 5.47863301734686 0 0
 374.891291322937 3.99565003222702 0 0
 377.050020117 3.05182963283004 0 0
 379.208449856483 3.98510805130197 0 0
 381.366586498624 2.51602750158692 0 0
 383.524436000661 1.75212486178713 0 0
 385.682004319832 3.0828333626479 0 0
 387.839297413375 1.93111596950484 0 0
 389.996321238528 1.50882694568302 0 0
 392.153081752529 2.82526372553357 0 0
 394.309584912616 1.29936415246338 0 0
 396.465836676027 1.46489412090557 0 0
 398.621843 3.42390832201423 0 0
 400.777609841773 4.85409007762208 0 0
 402.933143158584 10.7302906870504 0 0
 405.088448907671 13.8039198909925 0 0
 407.243533046272 9.66109831841066 0 0
 409.398401531625 6.15962240539066 0 0
 411.553060320968 5.95496314910238 0 0
 413.707515371539 6.03344914145444 0 0
 415.861772640576 8.79904535503137 0 0
 418.015838085317 12.8031542473552 0 0
 420.169717663 16.7529671100829 0 0
 422.323417330863 23.9779678144029 0 0
 424.476943046144 33.9316685786821 0 0
 426.630300766081 45.7956844565336 0 0
 428.783496447912 64.0442016064253 0 0
 430.936536048875 90.9196421990661 0 0
 433.089425526208 134.771227799805 0 0
 435.242170837149 186.222429010252 0 0
 437.394777938936 232.389187185914 0 0
 439.547252788807 280.097180001697 0 0
 441.699601344 357.212163731275 0 0
 443.851829561753 451.166073260402 0 0
 446.003943399304 537.851812524945 0 0
 448.155948813891 590.391234440831 0 0
 450.307851762752 585.308716859699 0 0
 452.459658203125 526.402976157926 0 0
 454.611374092248 442.981463829025 0 0
 456.763005387359 362.6745175483 0 0
 458.914558045696 301.413174333889 0 0
 461.066038024497 261.167841825637 0 0
 463.217451281 229.544890949692 0 0
 465.368803772443 198.801233784086 0 0
 467.520101456064 170.100149990484 0 0
 469.671350289101 141.340038689625 0 0
 471.822556228792 117.769542097806 0 0
 473.973725232375 102.625274118226 0 0
 476.124863257088 91.7144423955283 0 0
 478.275976260169 85.2368316361966 0 0
 480.427070198856 83.2630597197901 0 0
 482.578151030387 80.7179936319559 0 0
 484.729224712 79.5766200995292 0 0
 486.880297200933 81.2287799432896 0 0
 489.031374454424 82.4795861848576 0 0
 491.182462429711 85.4914161834739 0 0
 493.333567084032 91.0774185896861 0 0
 495.484694374625 95.0577398919056 0 0
 497.635850258728 100.000041104068 0 0
 499.787040693579 106.144392550524 0 0
 501.938271636416 109.920685132275 0 0
 504.089549044477 -NAN 0 0
 506.240878875 -NAN 0 0
 508.392267085223 -NAN 0 0
 510.543719632384 -NAN 0 0
 512.695242473721 -NAN 0 0
 514.846841566472 -NAN 0 0
 516.998522867875 -NAN 0 0
 519.150292335168 -NAN 0 0
 521.302155925589 -NAN 0 0
 523.454119596376 -NAN 0 0
 525.606189304767 -NAN 0 0
 527.758371008 -NAN 0 0
 529.910670663313 -NAN 0 0
 532.063094227944 -NAN 0 0
 534.215647659131 -NAN 0 0
 536.368336914112 -NAN 0 0
 538.521167950125 -NAN 0 0
 540.674146724408 -NAN 0 0
 542.827279194199 -NAN 0 0
 544.980571316736 -NAN 0 0
 547.134029049257 -NAN 0 0
 549.287658349 -NAN 0 0
 551.441465173203 -NAN 0 0
 553.595455479104 -NAN 0 0
 555.749635223941 -NAN 0 0
 557.904010364952 -NAN 0 0
 560.058586859375 -NAN 0 0
 562.213370664448 -NAN 0 0
 564.368367737409 -NAN 0 0
 566.523584035496 -NAN 0 0
 568.679025515947 -NAN 0 0
 570.834698136 -NAN 0 0
 572.990607852893 -NAN 0 0
 575.146760623864 -NAN 0 0
 577.303162406151 -NAN 0 0
 579.459819156992 -NAN 0 0
 581.616736833625 -NAN 0 0
 583.773921393288 -NAN 0 0
 585.931378793219 -NAN 0 0
 588.089114990656 -NAN 0 0
 590.247135942837 -NAN 0 0
 592.405447607 -NAN 0 0
 594.564055940383 -NAN 0 0
 596.722966900224 -NAN 0 0
 598.882186443761 -NAN 0 0
 601.041720528232 -NAN 0 0
 603.201575110875 -NAN 0 0
 605.361756148928 -NAN 0 0
 607.522269599629 -NAN 0 0
 609.683121420216 -NAN 0 0
 611.844317567927 -NAN 0 0
 614.005864 -NAN 0 0
 616.167766673673 -NAN 0 0
 618.330031546184 -NAN 0 0
 620.492664574771 -NAN 0 0
 622.655671716672 -NAN 0 0
 624.819058929125 -NAN 0 0
 626.982832169368 -NAN 0 0
 629.146997394639 -NAN 0 0
 631.311560562176 -NAN 0 0
 633.476527629217 -NAN 0 0
 635.641904553 -NAN 0 0
 637.807697290763 -NAN 0 0
 639.973911799744 -NAN 0 0
 642.140554037181 -NAN 0 0
 644.307629960312 -NAN 0 0
 646.475145526375 -NAN 0 0
 648.643106692608 -NAN 0 0
 650.811519416249 -NAN 0 0
 652.980389654536 -NAN 0 0
 655.149723364707 -NAN 0 0
 657.319526504 -NAN 0 0
 659.489805029653 -NAN 0 0
 661.660564898904 -NAN 0 0
 663.831812068991 -NAN 0 0
 666.003552497152 -NAN 0 0
 668.175792140625 -NAN 0 0
 670.348536956648 -NAN 0 0
 672.521792902459 -NAN 0 0
 674.695565935296 -NAN 0 0
 676.869862012397 -NAN 0 0
 679.044687091 -NAN 0 0
 681.220047128343 -NAN 0 0
 683.395948081664 -NAN 0 0
 685.572395908201 -NAN 0 0
 687.749396565192 -NAN 0 0
 689.926956009875 -NAN 0 0
 692.105080199488 -NAN 0 0
 694.283775091269 -NAN 0 0
 696.463046642456 -NAN 0 0
 698.642900810287 -NAN 0 0
 700.823343552 -NAN 0 0
 703.004380824833 -NAN 0 0
 705.186018586024 -NAN 0 0
 707.368262792811 -NAN 0 0
 709.551119402432 -NAN 0 0
 711.734594372125 -NAN 0 0
 713.918693659128 -NAN 0 0
 716.103423220679 -NAN 0 0
 718.288789014016 -NAN 0 0
 720.474796996377 -NAN 0 0
 722.661453125 -NAN 0 0
 724.848763357123 -NAN 0 0
 727.036733649984 -NAN 0 0
 729.225369960821 -NAN 0 0
 731.414678246872 -NAN 0 0
 733.604664465375 -NAN 0 0
 735.795334573568 -NAN 0 0
[END] of [DATA]
[END] of Spectrum


[Spectrum]
Version            = 1
IDData             = 12ad_2026-06-11_10-02-40_000_280
IDDevice           = SAM_82E6
IDDataType         = SPECTRUM
IDDataTypeSub1     = CALIBRATED
IDDataTypeSub2     = 
IDDataTypeSub3     = 
DateTime           = 2026-06-11 10:02:40
PositionLatitude   = 0
PositionLongitude  = 0
Comment            = 20260611_FrameD
CommentSub1        = UV
CommentSub2        = right
CommentSub3        = 17cm
IDMethodType       = SAM Control
MethodName         = SAM_82E6
Mission            = No Mission
MissionSub         = 1
RecordType         = 0
[Attributes]
CalFactor = 1
IDBasisSpec = 
IDDataBack = DLAB_2024-11-11_10-40-48_641_639
IDDataCal = DLAB_2024-11-12_11-45-27_171_455
IntegrationTime = 128
P31 = -1
P31e = 0
PathLength = +INF
PathLengthCustomOn = 0
RAWDynamic = 65535
Salinity = 0
Temperature = -NAN
Unit1 = $01 $01 Wavelength nm
Unit2 = $03 $06 Intensity mW/(m^2 nm)
Unit3 = $f0 $06 Error mW/(m^2 nm)
Unit4 = $f1 $00 Status 
p999 = 8556
[END] of [Attributes]
[DATA]
 0 6 0 0
 185.260577530984 -NAN 0 0
 187.468128380571 -NAN 0 0
 189.674861895872 -NAN 0 0
 191.880784034125 -NAN 0 0
 194.085900752568 -NAN 0 0
 196.290218008439 -NAN 0 0
 198.493741758976 -NAN 0 0
 200.696477961417 -NAN 0 0
 202.898432573 -NAN 0 0
 205.099611550963 -NAN 0 0
 207.300020852544 -NAN 0 0
 209.499666434981 -NAN 0 0
 211.698554255512 -NAN 0 0
 213.896690271375 -NAN 0 0
 216.094080439808 -NAN 0 0
 218.290730718049 -NAN 0 0
 220.486647063336 -NAN 0 0
 222.681835432907 -NAN 0 0
 224.876301784 -NAN 0 0
 227.070052073853 -NAN 0 0
 229.263092259704 -NAN 0 0
 231.455428298791 -NAN 0 0
 233.647066148352 -NAN 0 0
 235.838011765625 -NAN 0 0
 238.028271107848 -NAN 0 0
 240.217850132259 -NAN 0 0
 242.406754796096 -NAN 0 0
 244.594991056597 -NAN 0 0
 246.782564871 -NAN 0 0
 248.969482196543 -NAN 0 0
 251.155748990464 -NAN 0 0
 253.341371210001 -NAN 0 0
 255.526354812392 -NAN 0 0
 257.710705754875 -NAN 0 0
 259.894429994688 -NAN 0 0
 262.077533489069 -NAN 0 0
 264.260022195256 -NAN 0 0
 266.441902070487 -NAN 0 0
 268.623179072 -NAN 0 0
 270.803859157033 -NAN 0 0
 272.983948282824 -NAN 0 0
 275.163452406611 -NAN 0 0
 277.342377485632 -NAN 0 0
 279.520729477125 2.35033378877191 0 0
 281.698514338328 2.07269508354716 0 0
 283.875738026479 5.10974228549129 0 0
 286.052406498816 6.42128505622837 0 0
 288.228525712577 8.13444285075297 0 0
 290.404101625 13.5002324276342 0 0
 292.579140193323 17.0069146908253 0 0
 294.753647374784 21.5292249438641 0 0
 296.927629126621 27.5788826227993 0 0
 299.101091406072 31.6897656283323 0 0
 301.274040170375 36.9089712558826 0 0
 303.446481376768 41.1572452124434 0 0
 305.618420982489 43.85924884462 0 0
 307.789864944776 46.0117858060906 0 0
 309.960819220867 50.2147406466319 0 0
 312.131289768 52.5500375238797 0 0
 314.301282543413 50.5668215926164 0 0
 316.470803504344 47.5630521701978 0 0
 318.639858608031 43.1608007382334 0 0
 320.808453811712 39.8870040986731 0 0
 322.976595072625 39.3739517177362 0 0
 325.144288348008 35.0883741615506 0 0
 327.311539595099 32.1933347173617 0 0
 329.478354771136 30.9160124252306 0 0
 331.644739833357 26.6492301558104 0 0
 333.810700739 24.5678508883462 0 0
 335.976243445303 23.0463885289028 0 0
 338.141373909504 18.8905799377277 0 0
 340.306098088841 17.1559494629551 0 0
 342.470421940552 15.9282386707128 0 0
 344.634351421875 12.9385059161422 0 0
 346.797892490048 11.7950177269133 0 0
 348.961051102309 11.0578163000841 0 0
 351.123833215896 8.72570009703935 0 0
 353.286244788047 8.39229476500763 0 0
 355.448291776 8.18474477171881 0 0
 357.609980136993 6.57362966433194 0 0
 359.771315828264 7.57572779629982 0 0
 361.932304807051 10.9347056009911 0 0
 364.092953030592 13.3552444452653 0 0
 366.253266456125 14.1542530590612 0 0
 368.413251040888 9.85479884087058 0 0
 370.572912742119 5.15322147274242 0 0
 372.732257517056 4.9763971595817 0 0
 374.891291322937 4.44604660756252 0 0
 377.050020117 2.76904545565936 0 0
 379.208449856483 3.49670229511886 0 0
 381.366586498624 3.11666540440784 0 0
 383.524436000661 1.58868318402232 0 0
 385.682004319832 2.81685276844061 0 0
 387.839297413375 2.3547596180269 0 0
 389.996321238528 1.17030652259159 0 0
 392.153081752529 2.41591425777224 0 0
 394.309584912616 2.07527347397654 0 0
 396.465836676027 1.11718102473805 0 0
 398.621843 3.0563710792571 0 0
 400.777609841773 5.54725790597367 0 0
 402.933143158584 10.1967504486467 0 0
 405.088448907671 13.4857514758627 0 0
 407.243533046272 9.95215931181275 0 0
 409.398401531625 5.67722744469435 0 0
 411.553060320968 6.14577500122498 0 0
 413.707515371539 6.44604175390197 0 0
 415.861772640576 8.44285307455973 0 0
 418.015838085317 12.9555167161104 0 0
 420.169717663 17.0698848923938 0 0
 422.323417330863 23.8397167052206 0 0
 424.476943046144 34.0213203334904 0 0
 426.630300766081 46.1314651233093 0 0
 428.783496447912 63.9169133632023 0 0
 430.936536048875 90.8990417274872 0 0
 433.089425526208 134.605258043064 0 0
 435.242170837149 185.051578895369 0 0
 437.394777938936 231.678606696897 0 0
 439.547252788807 280.207986750796 0 0
 441.699601344 356.821737636547 0 0
 443.851829561753 451.506748387434 0 0
 446.003943399304 538.323227133347 0 0
 448.155948813891 589.879700118429 0 0
 450.307851762752 585.594591695062 0 0
 452.459658203125 526.646595634029 0 0
 454.611374092248 442.803635330587 0 0
 456.763005387359 362.948844650537 0 0
 458.914558045696 301.424152675316 0 0
 461.066038024497 260.610510324569 0 0
 463.217451281 229.631098442658 0 0
 465.368803772443 199.116841240471 0 0
 467.520101456064 169.629971707399 0 0
 469.671350289101 141.878040688852 0 0
 471.822556228792 117.643838287338 0 0
 473.973725232375 102.042795846895 0 0
 476.124863257088 92.125186998976 0 0
 478.275976260169 85.0490310702881 0 0
 480.427070198856 82.8342254955116 0 0
 482.578151030387 81.0919030074813 0 0
 484.729224712 79.4480961741201 0 0
 486.880297200933 80.9994660813288 0 0
 489.031374454424 82.8544277997822 0 0
 491.182462429711 85.3227701313355 0 0
 493.333567084032 90.8291456588664 0 0
 495.484694374625 95.5480661322039 0 0
 497.635850258728 99.8738710071601 0 0
 499.787040693579 105.901953538514 0 0
 501.938271636416 110.39745377706 0 0
 504.089549044477 -NAN 0 0
 506.240878875 -NAN 0 0
 508.392267085223 -NAN 0 0
 510.543719632384 -NAN 0 0
 512.695242473721 -NAN 0 0
 514.846841566472 -NAN 0 0
 516.998522867875 -NAN 0 0
 519.150292335168 -NAN 0 0
 521.302155925589 -NAN 0 0
 523.454119596376 -NAN 0 0
 525.606189304767 -NAN 0 0
 527.758371008 -NAN 0 0
 529.910670663313 -NAN 0 0
 532.063094227944 -NAN 0 0
 534.215647659131 -NAN 0 0
 536.368336914112 -NAN 0 0
 538.521167950125 -NAN 0 0
 540.674146724408 -NAN 0 0
 542.827279194199 -NAN 0 0
 544.980571316736 -NAN 0 0
 547.134029049257 -NAN 0 0
 549.287658349 -NAN 0 0
 551.441465173203 -NAN 0 0
 553.595455479104 -NAN 0 0
 555.749635223941 -NAN 0 0
 557.904010364952 -NAN 0 0
 560.058586859375 -NAN 0 0
 562.213370664448 -NAN 0 0
 564.368367737409 -NAN 0 0
 566.523584035496 -NAN 0 0
 568.679025515947 -NAN 0 0
 570.834698136 -NAN 0 0
 572.990607852893 -NAN 0 0
 575.146760623864 -NAN 0 0
 577.303162406151 -NAN 0 0
 579.459819156992 -NAN 0 0
 581.616736833625 -NAN 0 0
 583.773921393288 -NAN 0 0
 585.931378793219 -NAN 0 0
 588.089114990656 -NAN 0 0
 590.247135942837 -NAN 0 0
 592.405447607 -NAN 0 0
 594.564055940383 -NAN 0 0
 596.722966900224 -NAN 0 0
 598.882186443761 -NAN 0 0
 601.041720528232 -NAN 0 0
 603.201575110875 -NAN 0 0
 605.361756148928 -NAN 0 0
 607.522269599629 -NAN 0 0
 609.683121420216 -NAN 0 0
 611.844317567927 -NAN 0 0
 614.005864 -NAN 0 0
 616.167766673673 -NAN 0 0
 618.330031546184 -NAN 0 0
 620.492664574771 -NAN 0 0
 622.655671716672 -NAN 0 0
 624.819058929125 -NAN 0 0
 626.982832169368 -NAN 0 0
 629.146997394639 -NAN 0 0
 631.311560562176 -NAN 0 0
 633.476527629217 -NAN 0 0
 635.641904553 -NAN 0 0
 637.807697290763 -NAN 0 0
 639.973911799744 -NAN 0 0
 642.140554037181 -NAN 0 0
 644.307629960312 -NAN 0 0
 646.475145526375 -NAN 0 0
 648.643106692608 -NAN 0 0
 650.811519416249 -NAN 0 0
 652.980389654536 -NAN 0 0
 655.149723364707 -NAN 0 0
 657.319526504 -NAN 0 0
 659.489805029653 -NAN 0 0
 661.660564898904 -NAN 0 0
 663.831812068991 -NAN 0 0
 666.003552497152 -NAN 0 0
 668.175792140625 -NAN 0 0
 670.348536956648 -NAN 0 0
 672.521792902459 -NAN 0 0
 674.695565935296 -NAN 0 0
 676.869862012397 -NAN 0 0
 679.044687091 -NAN 0 0
 681.220047128343 -NAN 0 0
 683.395948081664 -NAN 0 0
 685.572395908201 -NAN 0 0
 687.749396565192 -NAN 0 0
 689.926956009875 -NAN 0 0
 692.105080199488 -NAN 0 0
 694.283775091269 -NAN 0 0
 696.463046642456 -NAN 0 0
 698.642900810287 -NAN 0 0
 700.823343552 -NAN 0 0
 703.004380824833 -NAN 0 0
 705.186018586024 -NAN 0 0
 707.368262792811 -NAN 0 0
 709.551119402432 -NAN 0 0
 711.734594372125 -NAN 0 0
 713.918693659128 -NAN 0 0
 716.103423220679 -NAN 0 0
 718.288789014016 -NAN 0 0
 720.474796996377 -NAN 0 0
 722.661453125 -NAN 0 0
 724.848763357123 -NAN 0 0
 727.036733649984 -NAN 0 0
 729.225369960821 -NAN 0 0
 731.414678246872 -NAN 0 0
 733.604664465375 -NAN 0 0
 735.795334573568 -NAN 0 0
[END] of [DATA]
[END] of Spectrum


