[Spectrum]
Version            = 1
IDData             = 12ad_2026-06-10_13-47-55_000_673
IDDevice           = SAM_82E6
IDDataType         = SPECTRUM
IDDataTypeSub1     = CALIBRATED
IDDataTypeSub2     = 
IDDataTypeSub3     = 
DateTime           = 2026-06-10 13:47:55
PositionLatitude   = 0
PositionLongitude  = 0
Comment            = 20260610_FrameA
CommentSub1        = con
CommentSub2        = centre
CommentSub3        = 17cm
IDMethodType       = SAM Control
MethodName         = SAM_82E6
Mission            = No Mission
MissionSub         = 1
RecordType         = 0
[Attributes]
CalFactor = 1
IDBasisSpec = 
IDDataBack = DLAB_2024-11-11_10-40-48_641_639
IDDataCal = DLAB_2024-11-12_11-45-27_171_455
IntegrationTime = 128
P31 = -1
P31e = 0
PathLength = +INF
PathLengthCustomOn = 0
RAWDynamic = 65535
Salinity = 0
Temperature = -NAN
Unit1 = $01 $01 Wavelength nm
Unit2 = $03 $06 Intensity mW/(m^2 nm)
Unit3 = $f0 $06 Error mW/(m^2 nm)
Unit4 = $f1 $00 Status 
p999 = 8255
[END] of [Attributes]
[DATA]
 0 6 0 0
 185.260577530984 -NAN 0 0
 187.468128380571 -NAN 0 0
 189.674861895872 -NAN 0 0
 191.880784034125 -NAN 0 0
 194.085900752568 -NAN 0 0
 196.290218008439 -NAN 0 0
 198.493741758976 -NAN 0 0
 200.696477961417 -NAN 0 0
 202.898432573 -NAN 0 0
 205.099611550963 -NAN 0 0
 207.300020852544 -NAN 0 0
 209.499666434981 -NAN 0 0
 211.698554255512 -NAN 0 0
 213.896690271375 -NAN 0 0
 216.094080439808 -NAN 0 0
 218.290730718049 -NAN 0 0
 220.486647063336 -NAN 0 0
 222.681835432907 -NAN 0 0
 224.876301784 -NAN 0 0
 227.070052073853 -NAN 0 0
 229.263092259704 -NAN 0 0
 231.455428298791 -NAN 0 0
 233.647066148352 -NAN 0 0
 235.838011765625 -NAN 0 0
 238.028271107848 -NAN 0 0
 240.217850132259 -NAN 0 0
 242.406754796096 -NAN 0 0
 244.594991056597 -NAN 0 0
 246.782564871 -NAN 0 0
 248.969482196543 -NAN 0 0
 251.155748990464 -NAN 0 0
 253.341371210001 -NAN 0 0
 255.526354812392 -NAN 0 0
 257.710705754875 -NAN 0 0
 259.894429994688 -NAN 0 0
 262.077533489069 -NAN 0 0
 264.260022195256 -NAN 0 0
 266.441902070487 -NAN 0 0
 268.623179072 -NAN 0 0
 270.803859157033 -NAN 0 0
 272.983948282824 -NAN 0 0
 275.163452406611 -NAN 0 0
 277.342377485632 -NAN 0 0
 279.520729477125 0.433786638252623 0 0
 281.698514338328 2.41393714459779 0 0
 283.875738026479 -1.76597804563148 0 0
 286.052406498816 0.763336169869476 0 0
 288.228525712577 2.52542024699173 0 0
 290.404101625 -1.82464620944855 0 0
 292.579140193323 1.00977394573601 0 0
 294.753647374784 2.47220231353534 0 0
 296.927629126621 -1.47952924561156 0 0
 299.101091406072 1.13277251695875 0 0
 301.274040170375 2.03924969207301 0 0
 303.446481376768 -1.15957758883951 0 0
 305.618420982489 1.28204340926286 0 0
 307.789864944776 1.99974370943427 0 0
 309.960819220867 -0.916511712463121 0 0
 312.131289768 1.94410580014314 0 0
 314.301282543413 3.50470819759989 0 0
 316.470803504344 2.42516059302508 0 0
 318.639858608031 9.92050988935538 0 0
 320.808453811712 14.9088494491249 0 0
 322.976595072625 15.2389629168887 0 0
 325.144288348008 21.7702736279929 0 0
 327.311539595099 22.891610061118 0 0
 329.478354771136 19.0685663991643 0 0
 331.644739833357 22.798545619791 0 0
 333.810700739 21.4638379568285 0 0
 335.976243445303 16.3086637748067 0 0
 338.141373909504 18.5493094050677 0 0
 340.306098088841 16.5329552319327 0 0
 342.470421940552 11.9095397760246 0 0
 344.634351421875 14.285339708521 0 0
 346.797892490048 12.4799414384562 0 0
 348.961051102309 8.46601249258283 0 0
 351.123833215896 11.0126627312565 0 0
 353.286244788047 9.3638589857531 0 0
 355.448291776 6.23885826749689 0 0
 357.609980136993 9.2624686406335 0 0
 359.771315828264 8.49536710588132 0 0
 361.932304807051 9.02739488986164 0 0
 364.092953030592 16.2105305155097 0 0
 366.253266456125 14.5851789893182 0 0
 368.413251040888 7.8799615325643 0 0
 370.572912742119 8.3522358846501 0 0
 372.732257517056 5.59864781972191 0 0
 374.891291322937 2.59471501282524 0 0
 377.050020117 6.23280676724744 0 0
 379.208449856483 3.88714701137986 0 0
 381.366586498624 1.19603738103458 0 0
 383.524436000661 5.23414321416784 0 0
 385.682004319832 2.93206361405981 0 0
 387.839297413375 0.454739107431322 0 0
 389.996321238528 4.79851504062132 0 0
 392.153081752529 2.02876679504204 0 0
 394.309584912616 0.467545723424668 0 0
 396.465836676027 4.77823744654816 0 0
 398.621843 2.49511384573266 0 0
 400.777609841773 4.36510114054853 0 0
 402.933143158584 14.4055084812797 0 0
 405.088448907671 13.7621526086975 0 0
 407.243533046272 9.47101766965827 0 0
 409.398401531625 8.61628462803412 0 0
 411.553060320968 4.86523997050624 0 0
 413.707515371539 5.15735274587177 0 0
 415.861772640576 10.0503110738229 0 0
 418.015838085317 10.7526503130116 0 0
 420.169717663 14.5071079602145 0 0
 422.323417330863 23.0898646627018 0 0
 424.476943046144 28.9164961562375 0 0
 426.630300766081 39.908732920774 0 0
 428.783496447912 57.9006471917965 0 0
 430.936536048875 79.1592449840762 0 0
 433.089425526208 120.54964366852 0 0
 435.242170837149 169.004138993162 0 0
 437.394777938936 205.615729300511 0 0
 439.547252788807 244.590491786731 0 0
 441.699601344 310.653646447589 0 0
 443.851829561753 388.942221679799 0 0
 446.003943399304 465.534587135197 0 0
 448.155948813891 514.062943232616 0 0
 450.307851762752 510.202092921571 0 0
 452.459658203125 463.478751778962 0 0
 454.611374092248 395.003905523142 0 0
 456.763005387359 323.138222223138 0 0
 458.914558045696 270.318519288928 0 0
 461.066038024497 235.2738331087 0 0
 463.217451281 203.728343417672 0 0
 465.368803772443 178.13158424921 0 0
 467.520101456064 154.08195773121 0 0
 469.671350289101 126.221857761637 0 0
 471.822556228792 106.910919026661 0 0
 473.973725232375 94.1248350734609 0 0
 476.124863257088 81.3539356595059 0 0
 478.275976260169 76.938046865757 0 0
 480.427070198856 75.6465183545531 0 0
 482.578151030387 70.6748994200822 0 0
 484.729224712 71.4516728149722 0 0
 486.880297200933 73.5394946402731 0 0
 489.031374454424 71.9079337137885 0 0
 491.182462429711 76.4671771021612 0 0
 493.333567084032 81.821180263074 0 0
 495.484694374625 82.7674857784244 0 0
 497.635850258728 88.8444102748652 0 0
 499.787040693579 94.5421094286733 0 0
 501.938271636416 95.4712588909989 0 0
 504.089549044477 -NAN 0 0
 506.240878875 -NAN 0 0
 508.392267085223 -NAN 0 0
 510.543719632384 -NAN 0 0
 512.695242473721 -NAN 0 0
 514.846841566472 -NAN 0 0
 516.998522867875 -NAN 0 0
 519.150292335168 -NAN 0 0
 521.302155925589 -NAN 0 0
 523.454119596376 -NAN 0 0
 525.606189304767 -NAN 0 0
 527.758371008 -NAN 0 0
 529.910670663313 -NAN 0 0
 532.063094227944 -NAN 0 0
 534.215647659131 -NAN 0 0
 536.368336914112 -NAN 0 0
 538.521167950125 -NAN 0 0
 540.674146724408 -NAN 0 0
 542.827279194199 -NAN 0 0
 544.980571316736 -NAN 0 0
 547.134029049257 -NAN 0 0
 549.287658349 -NAN 0 0
 551.441465173203 -NAN 0 0
 553.595455479104 -NAN 0 0
 555.749635223941 -NAN 0 0
 557.904010364952 -NAN 0 0
 560.058586859375 -NAN 0 0
 562.213370664448 -NAN 0 0
 564.368367737409 -NAN 0 0
 566.523584035496 -NAN 0 0
 568.679025515947 -NAN 0 0
 570.834698136 -NAN 0 0
 572.990607852893 -NAN 0 0
 575.146760623864 -NAN 0 0
 577.303162406151 -NAN 0 0
 579.459819156992 -NAN 0 0
 581.616736833625 -NAN 0 0
 583.773921393288 -NAN 0 0
 585.931378793219 -NAN 0 0
 588.089114990656 -NAN 0 0
 590.247135942837 -NAN 0 0
 592.405447607 -NAN 0 0
 594.564055940383 -NAN 0 0
 596.722966900224 -NAN 0 0
 598.882186443761 -NAN 0 0
 601.041720528232 -NAN 0 0
 603.201575110875 -NAN 0 0
 605.361756148928 -NAN 0 0
 607.522269599629 -NAN 0 0
 609.683121420216 -NAN 0 0
 611.844317567927 -NAN 0 0
 614.005864 -NAN 0 0
 616.167766673673 -NAN 0 0
 618.330031546184 -NAN 0 0
 620.492664574771 -NAN 0 0
 622.655671716672 -NAN 0 0
 624.819058929125 -NAN 0 0
 626.982832169368 -NAN 0 0
 629.146997394639 -NAN 0 0
 631.311560562176 -NAN 0 0
 633.476527629217 -NAN 0 0
 635.641904553 -NAN 0 0
 637.807697290763 -NAN 0 0
 639.973911799744 -NAN 0 0
 642.140554037181 -NAN 0 0
 644.307629960312 -NAN 0 0
 646.475145526375 -NAN 0 0
 648.643106692608 -NAN 0 0
 650.811519416249 -NAN 0 0
 652.980389654536 -NAN 0 0
 655.149723364707 -NAN 0 0
 657.319526504 -NAN 0 0
 659.489805029653 -NAN 0 0
 661.660564898904 -NAN 0 0
 663.831812068991 -NAN 0 0
 666.003552497152 -NAN 0 0
 668.175792140625 -NAN 0 0
 670.348536956648 -NAN 0 0
 672.521792902459 -NAN 0 0
 674.695565935296 -NAN 0 0
 676.869862012397 -NAN 0 0
 679.044687091 -NAN 0 0
 681.220047128343 -NAN 0 0
 683.395948081664 -NAN 0 0
 685.572395908201 -NAN 0 0
 687.749396565192 -NAN 0 0
 689.926956009875 -NAN 0 0
 692.105080199488 -NAN 0 0
 694.283775091269 -NAN 0 0
 696.463046642456 -NAN 0 0
 698.642900810287 -NAN 0 0
 700.823343552 -NAN 0 0
 703.004380824833 -NAN 0 0
 705.186018586024 -NAN 0 0
 707.368262792811 -NAN 0 0
 709.551119402432 -NAN 0 0
 711.734594372125 -NAN 0 0
 713.918693659128 -NAN 0 0
 716.103423220679 -NAN 0 0
 718.288789014016 -NAN 0 0
 720.474796996377 -NAN 0 0
 722.661453125 -NAN 0 0
 724.848763357123 -NAN 0 0
 727.036733649984 -NAN 0 0
 729.225369960821 -NAN 0 0
 731.414678246872 -NAN 0 0
 733.604664465375 -NAN 0 0
 735.795334573568 -NAN 0 0
[END] of [DATA]
[END] of Spectrum


[Spectrum]
Version            = 1
IDData             = 12ad_2026-06-10_13-47-50_000_670
IDDevice           = SAM_82E6
IDDataType         = SPECTRUM
IDDataTypeSub1     = CALIBRATED
IDDataTypeSub2     = 
IDDataTypeSub3     = 
DateTime           = 2026-06-10 13:47:50
PositionLatitude   = 0
PositionLongitude  = 0
Comment            = 20260610_FrameA
CommentSub1        = con
CommentSub2        = centre
CommentSub3        = 17cm
IDMethodType       = SAM Control
MethodName         = SAM_82E6
Mission            = No Mission
MissionSub         = 1
RecordType         = 0
[Attributes]
CalFactor = 1
IDBasisSpec = 
IDDataBack = DLAB_2024-11-11_10-40-48_641_639
IDDataCal = DLAB_2024-11-12_11-45-27_171_455
IntegrationTime = 128
P31 = -1
P31e = 0
PathLength = +INF
PathLengthCustomOn = 0
RAWDynamic = 65535
Salinity = 0
Temperature = -NAN
Unit1 = $01 $01 Wavelength nm
Unit2 = $03 $06 Intensity mW/(m^2 nm)
Unit3 = $f0 $06 Error mW/(m^2 nm)
Unit4 = $f1 $00 Status 
p999 = 8254
[END] of [Attributes]
[DATA]
 0 6 0 0
 185.260577530984 -NAN 0 0
 187.468128380571 -NAN 0 0
 189.674861895872 -NAN 0 0
 191.880784034125 -NAN 0 0
 194.085900752568 -NAN 0 0
 196.290218008439 -NAN 0 0
 198.493741758976 -NAN 0 0
 200.696477961417 -NAN 0 0
 202.898432573 -NAN 0 0
 205.099611550963 -NAN 0 0
 207.300020852544 -NAN 0 0
 209.499666434981 -NAN 0 0
 211.698554255512 -NAN 0 0
 213.896690271375 -NAN 0 0
 216.094080439808 -NAN 0 0
 218.290730718049 -NAN 0 0
 220.486647063336 -NAN 0 0
 222.681835432907 -NAN 0 0
 224.876301784 -NAN 0 0
 227.070052073853 -NAN 0 0
 229.263092259704 -NAN 0 0
 231.455428298791 -NAN 0 0
 233.647066148352 -NAN 0 0
 235.838011765625 -NAN 0 0
 238.028271107848 -NAN 0 0
 240.217850132259 -NAN 0 0
 242.406754796096 -NAN 0 0
 244.594991056597 -NAN 0 0
 246.782564871 -NAN 0 0
 248.969482196543 -NAN 0 0
 251.155748990464 -NAN 0 0
 253.341371210001 -NAN 0 0
 255.526354812392 -NAN 0 0
 257.710705754875 -NAN 0 0
 259.894429994688 -NAN 0 0
 262.077533489069 -NAN 0 0
 264.260022195256 -NAN 0 0
 266.441902070487 -NAN 0 0
 268.623179072 -NAN 0 0
 270.803859157033 -NAN 0 0
 272.983948282824 -NAN 0 0
 275.163452406611 -NAN 0 0
 277.342377485632 -NAN 0 0
 279.520729477125 -0.954744923039774 0 0
 281.698514338328 2.81532148460754 0 0
 283.875738026479 -0.442800812059486 0 0
 286.052406498816 -0.855502169440295 0 0
 288.228525712577 2.93947070228853 0 0
 290.404101625 -0.357447941603735 0 0
 292.579140193323 -0.7141227087044 0 0
 294.753647374784 2.91704411162891 0 0
 296.927629126621 -0.289869966514216 0 0
 299.101091406072 -0.324705840952794 0 0
 301.274040170375 2.81320411232727 0 0
 303.446481376768 -0.372110064262787 0 0
 305.618420982489 -0.0525607165555883 0 0
 307.789864944776 2.80890256473891 0 0
 309.960819220867 -0.234588768693142 0 0
 312.131289768 0.345123544580251 0 0
 314.301282543413 4.07099310910566 0 0
 316.470803504344 3.15210728373878 0 0
 318.639858608031 8.20825991374268 0 0
 320.808453811712 15.5810566485931 0 0
 322.976595072625 15.8731690550454 0 0
 325.144288348008 19.2770097123882 0 0
 327.311539595099 23.4736092240067 0 0
 329.478354771136 19.7661749598956 0 0
 331.644739833357 20.2151375016234 0 0
 333.810700739 22.2912786953685 0 0
 335.976243445303 16.6764403363572 0 0
 338.141373909504 16.4525320171607 0 0
 340.306098088841 17.4871272241087 0 0
 342.470421940552 12.1229799584404 0 0
 344.634351421875 12.4530924298134 0 0
 346.797892490048 13.3291502025031 0 0
 348.961051102309 8.6753460441927 0 0
 351.123833215896 9.34137775187022 0 0
 353.286244788047 10.0911691263112 0 0
 355.448291776 6.31738215627975 0 0
 357.609980136993 7.60590396666357 0 0
 359.771315828264 9.27087581021847 0 0
 361.932304807051 8.92966854945258 0 0
 364.092953030592 14.3826506627119 0 0
 366.253266456125 15.4271778936956 0 0
 368.413251040888 7.57567413883509 0 0
 370.572912742119 6.68050907575763 0 0
 372.732257517056 6.77401017776453 0 0
 374.891291322937 2.28145411117398 0 0
 377.050020117 4.44643842853515 0 0
 379.208449856483 5.24880546629724 0 0
 381.366586498624 0.79043013842374 0 0
 383.524436000661 3.70063390713976 0 0
 385.682004319832 4.11119683650814 0 0
 387.839297413375 0.0225942485710284 0 0
 389.996321238528 3.30818238958394 0 0
 392.153081752529 3.5787442712773 0 0
 394.309584912616 -0.390181804223446 0 0
 396.465836676027 3.08800274355625 0 0
 398.621843 4.09662089269245 0 0
 400.777609841773 3.52367602808422 0 0
 402.933143158584 12.8783921219534 0 0
 405.088448907671 14.7584251363821 0 0
 407.243533046272 8.46715424343473 0 0
 409.398401531625 7.31805780981815 0 0
 411.553060320968 6.15680458805288 0 0
 413.707515371539 4.29928738990763 0 0
 415.861772640576 9.20626804817802 0 0
 418.015838085317 11.8506430717181 0 0
 420.169717663 13.6566330757446 0 0
 422.323417330863 22.4315696461316 0 0
 424.476943046144 30.0997217914798 0 0
 426.630300766081 39.2414875340963 0 0
 428.783496447912 57.2945528416157 0 0
 430.936536048875 80.0796740542236 0 0
 433.089425526208 119.661503067813 0 0
 435.242170837149 168.041084803104 0 0
 437.394777938936 206.163251949529 0 0
 439.547252788807 243.688670434574 0 0
 441.699601344 310.077459726739 0 0
 443.851829561753 390.11826235174 0 0
 446.003943399304 464.611435842156 0 0
 448.155948813891 513.621602299223 0 0
 450.307851762752 511.339279569499 0 0
 452.459658203125 462.495937086395 0 0
 454.611374092248 394.782333115997 0 0
 456.763005387359 324.246269415445 0 0
 458.914558045696 269.313502032853 0 0
 461.066038024497 235.109792209848 0 0
 463.217451281 204.869813716098 0 0
 465.368803772443 177.011652773544 0 0
 467.520101456064 154.083028752356 0 0
 469.671350289101 127.528434045475 0 0
 471.822556228792 105.692138603435 0 0
 473.973725232375 94.2052148727184 0 0
 476.124863257088 82.5706696734927 0 0
 478.275976260169 75.9390367548003 0 0
 480.427070198856 75.968422486544 0 0
 482.578151030387 71.9819080133367 0 0
 484.729224712 70.1049655965552 0 0
 486.880297200933 73.9030410067963 0 0
 489.031374454424 73.0772157663147 0 0
 491.182462429711 75.1816697775831 0 0
 493.333567084032 82.1228931072539 0 0
 495.484694374625 83.6252799911359 0 0
 497.635850258728 87.5421154485214 0 0
 499.787040693579 95.0128542367469 0 0
 501.938271636416 96.5184279460236 0 0
 504.089549044477 -NAN 0 0
 506.240878875 -NAN 0 0
 508.392267085223 -NAN 0 0
 510.543719632384 -NAN 0 0
 512.695242473721 -NAN 0 0
 514.846841566472 -NAN 0 0
 516.998522867875 -NAN 0 0
 519.150292335168 -NAN 0 0
 521.302155925589 -NAN 0 0
 523.454119596376 -NAN 0 0
 525.606189304767 -NAN 0 0
 527.758371008 -NAN 0 0
 529.910670663313 -NAN 0 0
 532.063094227944 -NAN 0 0
 534.215647659131 -NAN 0 0
 536.368336914112 -NAN 0 0
 538.521167950125 -NAN 0 0
 540.674146724408 -NAN 0 0
 542.827279194199 -NAN 0 0
 544.980571316736 -NAN 0 0
 547.134029049257 -NAN 0 0
 549.287658349 -NAN 0 0
 551.441465173203 -NAN 0 0
 553.595455479104 -NAN 0 0
 555.749635223941 -NAN 0 0
 557.904010364952 -NAN 0 0
 560.058586859375 -NAN 0 0
 562.213370664448 -NAN 0 0
 564.368367737409 -NAN 0 0
 566.523584035496 -NAN 0 0
 568.679025515947 -NAN 0 0
 570.834698136 -NAN 0 0
 572.990607852893 -NAN 0 0
 575.146760623864 -NAN 0 0
 577.303162406151 -NAN 0 0
 579.459819156992 -NAN 0 0
 581.616736833625 -NAN 0 0
 583.773921393288 -NAN 0 0
 585.931378793219 -NAN 0 0
 588.089114990656 -NAN 0 0
 590.247135942837 -NAN 0 0
 592.405447607 -NAN 0 0
 594.564055940383 -NAN 0 0
 596.722966900224 -NAN 0 0
 598.882186443761 -NAN 0 0
 601.041720528232 -NAN 0 0
 603.201575110875 -NAN 0 0
 605.361756148928 -NAN 0 0
 607.522269599629 -NAN 0 0
 609.683121420216 -NAN 0 0
 611.844317567927 -NAN 0 0
 614.005864 -NAN 0 0
 616.167766673673 -NAN 0 0
 618.330031546184 -NAN 0 0
 620.492664574771 -NAN 0 0
 622.655671716672 -NAN 0 0
 624.819058929125 -NAN 0 0
 626.982832169368 -NAN 0 0
 629.146997394639 -NAN 0 0
 631.311560562176 -NAN 0 0
 633.476527629217 -NAN 0 0
 635.641904553 -NAN 0 0
 637.807697290763 -NAN 0 0
 639.973911799744 -NAN 0 0
 642.140554037181 -NAN 0 0
 644.307629960312 -NAN 0 0
 646.475145526375 -NAN 0 0
 648.643106692608 -NAN 0 0
 650.811519416249 -NAN 0 0
 652.980389654536 -NAN 0 0
 655.149723364707 -NAN 0 0
 657.319526504 -NAN 0 0
 659.489805029653 -NAN 0 0
 661.660564898904 -NAN 0 0
 663.831812068991 -NAN 0 0
 666.003552497152 -NAN 0 0
 668.175792140625 -NAN 0 0
 670.348536956648 -NAN 0 0
 672.521792902459 -NAN 0 0
 674.695565935296 -NAN 0 0
 676.869862012397 -NAN 0 0
 679.044687091 -NAN 0 0
 681.220047128343 -NAN 0 0
 683.395948081664 -NAN 0 0
 685.572395908201 -NAN 0 0
 687.749396565192 -NAN 0 0
 689.926956009875 -NAN 0 0
 692.105080199488 -NAN 0 0
 694.283775091269 -NAN 0 0
 696.463046642456 -NAN 0 0
 698.642900810287 -NAN 0 0
 700.823343552 -NAN 0 0
 703.004380824833 -NAN 0 0
 705.186018586024 -NAN 0 0
 707.368262792811 -NAN 0 0
 709.551119402432 -NAN 0 0
 711.734594372125 -NAN 0 0
 713.918693659128 -NAN 0 0
 716.103423220679 -NAN 0 0
 718.288789014016 -NAN 0 0
 720.474796996377 -NAN 0 0
 722.661453125 -NAN 0 0
 724.848763357123 -NAN 0 0
 727.036733649984 -NAN 0 0
 729.225369960821 -NAN 0 0
 731.414678246872 -NAN 0 0
 733.604664465375 -NAN 0 0
 735.795334573568 -NAN 0 0
[END] of [DATA]
[END] of Spectrum


[Spectrum]
Version            = 1
IDData             = 12ad_2026-06-10_13-47-45_000_667
IDDevice           = SAM_82E6
IDDataType         = SPECTRUM
IDDataTypeSub1     = CALIBRATED
IDDataTypeSub2     = 
IDDataTypeSub3     = 
DateTime           = 2026-06-10 13:47:45
PositionLatitude   = 0
PositionLongitude  = 0
Comment            = 20260610_FrameA
CommentSub1        = con
CommentSub2        = centre
CommentSub3        = 17cm
IDMethodType       = SAM Control
MethodName         = SAM_82E6
Mission            = No Mission
MissionSub         = 1
RecordType         = 0
[Attributes]
CalFactor = 1
IDBasisSpec = 
IDDataBack = DLAB_2024-11-11_10-40-48_641_639
IDDataCal = DLAB_2024-11-12_11-45-27_171_455
IntegrationTime = 128
P31 = -1
P31e = 0
PathLength = +INF
PathLengthCustomOn = 0
RAWDynamic = 65535
Salinity = 0
Temperature = -NAN
Unit1 = $01 $01 Wavelength nm
Unit2 = $03 $06 Intensity mW/(m^2 nm)
Unit3 = $f0 $06 Error mW/(m^2 nm)
Unit4 = $f1 $00 Status 
p999 = 8253
[END] of [Attributes]
[DATA]
 0 6 0 0
 185.260577530984 -NAN 0 0
 187.468128380571 -NAN 0 0
 189.674861895872 -NAN 0 0
 191.880784034125 -NAN 0 0
 194.085900752568 -NAN 0 0
 196.290218008439 -NAN 0 0
 198.493741758976 -NAN 0 0
 200.696477961417 -NAN 0 0
 202.898432573 -NAN 0 0
 205.099611550963 -NAN 0 0
 207.300020852544 -NAN 0 0
 209.499666434981 -NAN 0 0
 211.698554255512 -NAN 0 0
 213.896690271375 -NAN 0 0
 216.094080439808 -NAN 0 0
 218.290730718049 -NAN 0 0
 220.486647063336 -NAN 0 0
 222.681835432907 -NAN 0 0
 224.876301784 -NAN 0 0
 227.070052073853 -NAN 0 0
 229.263092259704 -NAN 0 0
 231.455428298791 -NAN 0 0
 233.647066148352 -NAN 0 0
 235.838011765625 -NAN 0 0
 238.028271107848 -NAN 0 0
 240.217850132259 -NAN 0 0
 242.406754796096 -NAN 0 0
 244.594991056597 -NAN 0 0
 246.782564871 -NAN 0 0
 248.969482196543 -NAN 0 0
 251.155748990464 -NAN 0 0
 253.341371210001 -NAN 0 0
 255.526354812392 -NAN 0 0
 257.710705754875 -NAN 0 0
 259.894429994688 -NAN 0 0
 262.077533489069 -NAN 0 0
 264.260022195256 -NAN 0 0
 266.441902070487 -NAN 0 0
 268.623179072 -NAN 0 0
 270.803859157033 -NAN 0 0
 272.983948282824 -NAN 0 0
 275.163452406611 -NAN 0 0
 277.342377485632 -NAN 0 0
 279.520729477125 2.42256233635483 0 0
 281.698514338328 -1.24036002259192 0 0
 283.875738026479 0.0825160832327019 0 0
 286.052406498816 2.7683727138935 0 0
 288.228525712577 -1.2726688775475 0 0
 290.404101625 0.0787854383303003 0 0
 292.579140193323 2.70266019429114 0 0
 294.753647374784 -1.18097540680852 0 0
 296.927629126621 0.388121554337417 0 0
 299.101091406072 2.43532676487151 0 0
 301.274040170375 -1.12038731895004 0 0
 303.446481376768 0.643624745524102 0 0
 305.618420982489 2.26390768554992 0 0
 307.789864944776 -0.949357059106715 0 0
 309.960819220867 0.906632512798292 0 0
 312.131289768 2.6068788814426 0 0
 314.301282543413 0.275605119054659 0 0
 316.470803504344 4.88211823172299 0 0
 318.639858608031 10.4003515429268 0 0
 320.808453811712 10.9488169374059 0 0
 322.976595072625 17.8390674611273 0 0
 325.144288348008 21.6071359195602 0 0
 327.311539595099 18.3455662220303 0 0
 329.478354771136 21.577874804183 0 0
 331.644739833357 22.2848249223674 0 0
 333.810700739 17.0868392737109 0 0
 335.976243445303 19.1273149718277 0 0
 338.141373909504 18.0872600007667 0 0
 340.306098088841 12.7149099773224 0 0
 342.470421940552 14.4957014954802 0 0
 344.634351421875 13.7131554176411 0 0
 346.797892490048 9.19061645339238 0 0
 348.961051102309 11.0208070533907 0 0
 351.123833215896 10.4227315965368 0 0
 353.286244788047 6.5712933636104 0 0
 355.448291776 8.78927114837593 0 0
 357.609980136993 8.35119744635528 0 0
 359.771315828264 5.77947323840379 0 0
 361.932304807051 11.6506333981451 0 0
 364.092953030592 14.8839345754001 0 0
 366.253266456125 12.0148050801161 0 0
 368.413251040888 10.8197899381154 0 0
 370.572912742119 7.03469912843056 0 0
 372.732257517056 2.84482990870309 0 0
 374.891291322937 5.83084801829556 0 0
 377.050020117 4.73611978075877 0 0
 379.208449856483 1.13444178956847 0 0
 381.366586498624 4.9284719724465 0 0
 383.524436000661 3.66652433960624 0 0
 385.682004319832 0.211096358880492 0 0
 387.839297413375 4.45172483479159 0 0
 389.996321238528 2.74351346807873 0 0
 392.153081752529 -0.00132903999125514 0 0
 394.309584912616 4.31436504853647 0 0
 396.465836676027 2.54830905761285 0 0
 398.621843 0.697233109501922 0 0
 400.777609841773 7.84654631221309 0 0
 402.933143158584 11.9355086602614 0 0
 405.088448907671 11.920706839278 0 0
 407.243533046272 12.3519275023116 0 0
 409.398401531625 6.42430942658032 0 0
 411.553060320968 3.7876493374208 0 0
 413.707515371539 7.86306933804053 0 0
 415.861772640576 8.18974222769163 0 0
 418.015838085317 9.82766268011736 0 0
 420.169717663 17.0225837308548 0 0
 422.323417330863 21.2230169036105 0 0
 424.476943046144 28.3688215748838 0 0
 426.630300766081 42.2505656944567 0 0
 428.783496447912 56.0301000943677 0 0
 430.936536048875 78.6211606664341 0 0
 433.089425526208 122.061182867718 0 0
 435.242170837149 166.238055547694 0 0
 437.394777938936 204.518286093064 0 0
 439.547252788807 246.129654148305 0 0
 441.699601344 308.652198993565 0 0
 443.851829561753 388.772302636095 0 0
 446.003943399304 467.563124406558 0 0
 448.155948813891 511.989606004767 0 0
 450.307851762752 510.197583854768 0 0
 452.459658203125 465.591664421512 0 0
 454.611374092248 392.619862498626 0 0
 456.763005387359 323.326639058482 0 0
 458.914558045696 272.666886323233 0 0
 461.066038024497 232.719481969432 0 0
 463.217451281 203.816628199625 0 0
 465.368803772443 180.33028101058 0 0
 467.520101456064 151.242680673218 0 0
 469.671350289101 126.742539776986 0 0
 471.822556228792 109.069745336859 0 0
 473.973725232375 91.0869190987837 0 0
 476.124863257088 82.0458908539934 0 0
 478.275976260169 79.2327697568869 0 0
 480.427070198856 72.8340341563631 0 0
 482.578151030387 71.5733980687329 0 0
 484.729224712 73.3370629207559 0 0
 486.880297200933 70.6546143963861 0 0
 489.031374454424 72.8892354937554 0 0
 491.182462429711 78.3312185658631 0 0
 493.333567084032 78.729458608876 0 0
 495.484694374625 83.8178686272801 0 0
 497.635850258728 90.4780387470016 0 0
 499.787040693579 91.6600205459872 0 0
 501.938271636416 96.7444356557411 0 0
 504.089549044477 -NAN 0 0
 506.240878875 -NAN 0 0
 508.392267085223 -NAN 0 0
 510.543719632384 -NAN 0 0
 512.695242473721 -NAN 0 0
 514.846841566472 -NAN 0 0
 516.998522867875 -NAN 0 0
 519.150292335168 -NAN 0 0
 521.302155925589 -NAN 0 0
 523.454119596376 -NAN 0 0
 525.606189304767 -NAN 0 0
 527.758371008 -NAN 0 0
 529.910670663313 -NAN 0 0
 532.063094227944 -NAN 0 0
 534.215647659131 -NAN 0 0
 536.368336914112 -NAN 0 0
 538.521167950125 -NAN 0 0
 540.674146724408 -NAN 0 0
 542.827279194199 -NAN 0 0
 544.980571316736 -NAN 0 0
 547.134029049257 -NAN 0 0
 549.287658349 -NAN 0 0
 551.441465173203 -NAN 0 0
 553.595455479104 -NAN 0 0
 555.749635223941 -NAN 0 0
 557.904010364952 -NAN 0 0
 560.058586859375 -NAN 0 0
 562.213370664448 -NAN 0 0
 564.368367737409 -NAN 0 0
 566.523584035496 -NAN 0 0
 568.679025515947 -NAN 0 0
 570.834698136 -NAN 0 0
 572.990607852893 -NAN 0 0
 575.146760623864 -NAN 0 0
 577.303162406151 -NAN 0 0
 579.459819156992 -NAN 0 0
 581.616736833625 -NAN 0 0
 583.773921393288 -NAN 0 0
 585.931378793219 -NAN 0 0
 588.089114990656 -NAN 0 0
 590.247135942837 -NAN 0 0
 592.405447607 -NAN 0 0
 594.564055940383 -NAN 0 0
 596.722966900224 -NAN 0 0
 598.882186443761 -NAN 0 0
 601.041720528232 -NAN 0 0
 603.201575110875 -NAN 0 0
 605.361756148928 -NAN 0 0
 607.522269599629 -NAN 0 0
 609.683121420216 -NAN 0 0
 611.844317567927 -NAN 0 0
 614.005864 -NAN 0 0
 616.167766673673 -NAN 0 0
 618.330031546184 -NAN 0 0
 620.492664574771 -NAN 0 0
 622.655671716672 -NAN 0 0
 624.819058929125 -NAN 0 0
 626.982832169368 -NAN 0 0
 629.146997394639 -NAN 0 0
 631.311560562176 -NAN 0 0
 633.476527629217 -NAN 0 0
 635.641904553 -NAN 0 0
 637.807697290763 -NAN 0 0
 639.973911799744 -NAN 0 0
 642.140554037181 -NAN 0 0
 644.307629960312 -NAN 0 0
 646.475145526375 -NAN 0 0
 648.643106692608 -NAN 0 0
 650.811519416249 -NAN 0 0
 652.980389654536 -NAN 0 0
 655.149723364707 -NAN 0 0
 657.319526504 -NAN 0 0
 659.489805029653 -NAN 0 0
 661.660564898904 -NAN 0 0
 663.831812068991 -NAN 0 0
 666.003552497152 -NAN 0 0
 668.175792140625 -NAN 0 0
 670.348536956648 -NAN 0 0
 672.521792902459 -NAN 0 0
 674.695565935296 -NAN 0 0
 676.869862012397 -NAN 0 0
 679.044687091 -NAN 0 0
 681.220047128343 -NAN 0 0
 683.395948081664 -NAN 0 0
 685.572395908201 -NAN 0 0
 687.749396565192 -NAN 0 0
 689.926956009875 -NAN 0 0
 692.105080199488 -NAN 0 0
 694.283775091269 -NAN 0 0
 696.463046642456 -NAN 0 0
 698.642900810287 -NAN 0 0
 700.823343552 -NAN 0 0
 703.004380824833 -NAN 0 0
 705.186018586024 -NAN 0 0
 707.368262792811 -NAN 0 0
 709.551119402432 -NAN 0 0
 711.734594372125 -NAN 0 0
 713.918693659128 -NAN 0 0
 716.103423220679 -NAN 0 0
 718.288789014016 -NAN 0 0
 720.474796996377 -NAN 0 0
 722.661453125 -NAN 0 0
 724.848763357123 -NAN 0 0
 727.036733649984 -NAN 0 0
 729.225369960821 -NAN 0 0
 731.414678246872 -NAN 0 0
 733.604664465375 -NAN 0 0
 735.795334573568 -NAN 0 0
[END] of [DATA]
[END] of Spectrum


[Spectrum]
Version            = 1
IDData             = 12ad_2026-06-10_13-47-40_000_664
IDDevice           = SAM_82E6
IDDataType         = SPECTRUM
IDDataTypeSub1     = CALIBRATED
IDDataTypeSub2     = 
IDDataTypeSub3     = 
DateTime           = 2026-06-10 13:47:40
PositionLatitude   = 0
PositionLongitude  = 0
Comment            = 20260610_FrameA
CommentSub1        = con
CommentSub2        = centre
CommentSub3        = 17cm
IDMethodType       = SAM Control
MethodName         = SAM_82E6
Mission            = No Mission
MissionSub         = 1
RecordType         = 0
[Attributes]
CalFactor = 1
IDBasisSpec = 
IDDataBack = DLAB_2024-11-11_10-40-48_641_639
IDDataCal = DLAB_2024-11-12_11-45-27_171_455
IntegrationTime = 128
P31 = -1
P31e = 0
PathLength = +INF
PathLengthCustomOn = 0
RAWDynamic = 65535
Salinity = 0
Temperature = -NAN
Unit1 = $01 $01 Wavelength nm
Unit2 = $03 $06 Intensity mW/(m^2 nm)
Unit3 = $f0 $06 Error mW/(m^2 nm)
Unit4 = $f1 $00 Status 
p999 = 8252
[END] of [Attributes]
[DATA]
 0 6 0 0
 185.260577530984 -NAN 0 0
 187.468128380571 -NAN 0 0
 189.674861895872 -NAN 0 0
 191.880784034125 -NAN 0 0
 194.085900752568 -NAN 0 0
 196.290218008439 -NAN 0 0
 198.493741758976 -NAN 0 0
 200.696477961417 -NAN 0 0
 202.898432573 -NAN 0 0
 205.099611550963 -NAN 0 0
 207.300020852544 -NAN 0 0
 209.499666434981 -NAN 0 0
 211.698554255512 -NAN 0 0
 213.896690271375 -NAN 0 0
 216.094080439808 -NAN 0 0
 218.290730718049 -NAN 0 0
 220.486647063336 -NAN 0 0
 222.681835432907 -NAN 0 0
 224.876301784 -NAN 0 0
 227.070052073853 -NAN 0 0
 229.263092259704 -NAN 0 0
 231.455428298791 -NAN 0 0
 233.647066148352 -NAN 0 0
 235.838011765625 -NAN 0 0
 238.028271107848 -NAN 0 0
 240.217850132259 -NAN 0 0
 242.406754796096 -NAN 0 0
 244.594991056597 -NAN 0 0
 246.782564871 -NAN 0 0
 248.969482196543 -NAN 0 0
 251.155748990464 -NAN 0 0
 253.341371210001 -NAN 0 0
 255.526354812392 -NAN 0 0
 257.710705754875 -NAN 0 0
 259.894429994688 -NAN 0 0
 262.077533489069 -NAN 0 0
 264.260022195256 -NAN 0 0
 266.441902070487 -NAN 0 0
 268.623179072 -NAN 0 0
 270.803859157033 -NAN 0 0
 272.983948282824 -NAN 0 0
 275.163452406611 -NAN 0 0
 277.342377485632 -NAN 0 0
 279.520729477125 -1.6869929571563 0 0
 281.698514338328 0.610976216671276 0 0
 283.875738026479 2.28545790219995 0 0
 286.052406498816 -1.89213945577857 0 0
 288.228525712577 1.01392118007777 0 0
 290.404101625 2.26867700559917 0 0
 292.579140193323 -1.74592348634167 0 0
 294.753647374784 1.07745218351271 0 0
 296.927629126621 2.11738082662193 0 0
 299.101091406072 -1.32575393632949 0 0
 301.274040170375 1.21191910490465 0 0
 303.446481376768 1.95425030653944 0 0
 305.618420982489 -1.18821096382737 0 0
 307.789864944776 1.33381772944114 0 0
 309.960819220867 2.00894852332979 0 0
 312.131289768 -0.924160047449963 0 0
 314.301282543413 2.9686561561129 0 0
 316.470803504344 5.62250427302132 0 0
 318.639858608031 6.31719495194653 0 0
 320.808453811712 14.3191706583042 0 0
 322.976595072625 18.336870061809 0 0
 325.144288348008 17.1287892686013 0 0
 327.311539595099 22.057460127406 0 0
 329.478354771136 22.0241062929237 0 0
 331.644739833357 17.7723733784278 0 0
 333.810700739 20.9146778244522 0 0
 335.976243445303 19.1709248407863 0 0
 338.141373909504 13.9583078772257 0 0
 340.306098088841 16.4935939406481 0 0
 342.470421940552 14.4878448016489 0 0
 344.634351421875 10.0612363391464 0 0
 346.797892490048 12.5318845065273 0 0
 348.961051102309 10.6391491968644 0 0
 351.123833215896 7.21225248007329 0 0
 353.286244788047 9.84255336612039 0 0
 355.448291776 8.22131754183686 0 0
 357.609980136993 5.54992195372091 0 0
 359.771315828264 9.19988610912797 0 0
 361.932304807051 10.8534499921117 0 0
 364.092953030592 12.3978373327436 0 0
 366.253266456125 15.4131640423051 0 0
 368.413251040888 9.76508861323727 0 0
 370.572912742119 4.3820417126673 0 0
 372.732257517056 7.01664879995756 0 0
 374.891291322937 4.61276056380611 0 0
 377.050020117 1.92207235915794 0 0
 379.208449856483 5.73581177905288 0 0
 381.366586498624 3.13927765486699 0 0
 383.524436000661 0.690464572306152 0 0
 385.682004319832 4.83659845707346 0 0
 387.839297413375 2.32642225023278 0 0
 389.996321238528 0.434270415952966 0 0
 392.153081752529 4.46127397126443 0 0
 394.309584912616 1.87618250571481 0 0
 396.465836676027 0.365368924916396 0 0
 398.621843 5.08379673605457 0 0
 400.777609841773 5.3105664523902 0 0
 402.933143158584 9.92047545583914 0 0
 405.088448907671 15.5397190051951 0 0
 407.243533046272 9.84286293878013 0 0
 409.398401531625 5.03556193878001 0 0
 411.553060320968 7.2156449235309 0 0
 413.707515371539 5.75661965084055 0 0
 415.861772640576 6.93439407588614 0 0
 418.015838085317 12.8827759245756 0 0
 420.169717663 14.9564689948344 0 0
 422.323417330863 20.294628660492 0 0
 424.476943046144 31.1915203896403 0 0
 426.630300766081 40.0856867425967 0 0
 428.783496447912 55.4484518306336 0 0
 430.936536048875 81.1525466140553 0 0
 433.089425526208 119.637214810729 0 0
 435.242170837149 165.168705749938 0 0
 437.394777938936 206.383859615411 0 0
 439.547252788807 243.737198937829 0 0
 441.699601344 308.26259484851 0 0
 443.851829561753 391.057420810044 0 0
 446.003943399304 465.278774126282 0 0
 448.155948813891 511.668471250052 0 0
 450.307851762752 512.789395453612 0 0
 452.459658203125 462.985028658191 0 0
 454.611374092248 392.5628052264 0 0
 456.763005387359 325.974237283625 0 0
 458.914558045696 269.696745951754 0 0
 461.066038024497 232.8967684067 0 0
 463.217451281 206.820388075011 0 0
 465.368803772443 177.226983613351 0 0
 467.520101456064 151.891719487681 0 0
 469.671350289101 129.347032352723 0 0
 471.822556228792 105.639670926023 0 0
 473.973725232375 92.0118373368152 0 0
 476.124863257088 84.5302867842813 0 0
 478.275976260169 75.7056751048548 0 0
 480.427070198856 73.7496230715759 0 0
 482.578151030387 74.057942158045 0 0
 484.729224712 70.011087251039 0 0
 486.880297200933 71.6949163067448 0 0
 489.031374454424 75.1987074137688 0 0
 491.182462429711 74.7863008871395 0 0
 493.333567084032 80.0253765078628 0 0
 495.484694374625 85.9230616499603 0 0
 497.635850258728 86.9957440723468 0 0
 499.787040693579 93.140746709027 0 0
 501.938271636416 98.6558151436382 0 0
 504.089549044477 -NAN 0 0
 506.240878875 -NAN 0 0
 508.392267085223 -NAN 0 0
 510.543719632384 -NAN 0 0
 512.695242473721 -NAN 0 0
 514.846841566472 -NAN 0 0
 516.998522867875 -NAN 0 0
 519.150292335168 -NAN 0 0
 521.302155925589 -NAN 0 0
 523.454119596376 -NAN 0 0
 525.606189304767 -NAN 0 0
 527.758371008 -NAN 0 0
 529.910670663313 -NAN 0 0
 532.063094227944 -NAN 0 0
 534.215647659131 -NAN 0 0
 536.368336914112 -NAN 0 0
 538.521167950125 -NAN 0 0
 540.674146724408 -NAN 0 0
 542.827279194199 -NAN 0 0
 544.980571316736 -NAN 0 0
 547.134029049257 -NAN 0 0
 549.287658349 -NAN 0 0
 551.441465173203 -NAN 0 0
 553.595455479104 -NAN 0 0
 555.749635223941 -NAN 0 0
 557.904010364952 -NAN 0 0
 560.058586859375 -NAN 0 0
 562.213370664448 -NAN 0 0
 564.368367737409 -NAN 0 0
 566.523584035496 -NAN 0 0
 568.679025515947 -NAN 0 0
 570.834698136 -NAN 0 0
 572.990607852893 -NAN 0 0
 575.146760623864 -NAN 0 0
 577.303162406151 -NAN 0 0
 579.459819156992 -NAN 0 0
 581.616736833625 -NAN 0 0
 583.773921393288 -NAN 0 0
 585.931378793219 -NAN 0 0
 588.089114990656 -NAN 0 0
 590.247135942837 -NAN 0 0
 592.405447607 -NAN 0 0
 594.564055940383 -NAN 0 0
 596.722966900224 -NAN 0 0
 598.882186443761 -NAN 0 0
 601.041720528232 -NAN 0 0
 603.201575110875 -NAN 0 0
 605.361756148928 -NAN 0 0
 607.522269599629 -NAN 0 0
 609.683121420216 -NAN 0 0
 611.844317567927 -NAN 0 0
 614.005864 -NAN 0 0
 616.167766673673 -NAN 0 0
 618.330031546184 -NAN 0 0
 620.492664574771 -NAN 0 0
 622.655671716672 -NAN 0 0
 624.819058929125 -NAN 0 0
 626.982832169368 -NAN 0 0
 629.146997394639 -NAN 0 0
 631.311560562176 -NAN 0 0
 633.476527629217 -NAN 0 0
 635.641904553 -NAN 0 0
 637.807697290763 -NAN 0 0
 639.973911799744 -NAN 0 0
 642.140554037181 -NAN 0 0
 644.307629960312 -NAN 0 0
 646.475145526375 -NAN 0 0
 648.643106692608 -NAN 0 0
 650.811519416249 -NAN 0 0
 652.980389654536 -NAN 0 0
 655.149723364707 -NAN 0 0
 657.319526504 -NAN 0 0
 659.489805029653 -NAN 0 0
 661.660564898904 -NAN 0 0
 663.831812068991 -NAN 0 0
 666.003552497152 -NAN 0 0
 668.175792140625 -NAN 0 0
 670.348536956648 -NAN 0 0
 672.521792902459 -NAN 0 0
 674.695565935296 -NAN 0 0
 676.869862012397 -NAN 0 0
 679.044687091 -NAN 0 0
 681.220047128343 -NAN 0 0
 683.395948081664 -NAN 0 0
 685.572395908201 -NAN 0 0
 687.749396565192 -NAN 0 0
 689.926956009875 -NAN 0 0
 692.105080199488 -NAN 0 0
 694.283775091269 -NAN 0 0
 696.463046642456 -NAN 0 0
 698.642900810287 -NAN 0 0
 700.823343552 -NAN 0 0
 703.004380824833 -NAN 0 0
 705.186018586024 -NAN 0 0
 707.368262792811 -NAN 0 0
 709.551119402432 -NAN 0 0
 711.734594372125 -NAN 0 0
 713.918693659128 -NAN 0 0
 716.103423220679 -NAN 0 0
 718.288789014016 -NAN 0 0
 720.474796996377 -NAN 0 0
 722.661453125 -NAN 0 0
 724.848763357123 -NAN 0 0
 727.036733649984 -NAN 0 0
 729.225369960821 -NAN 0 0
 731.414678246872 -NAN 0 0
 733.604664465375 -NAN 0 0
 735.795334573568 -NAN 0 0
[END] of [DATA]
[END] of Spectrum


[Spectrum]
Version            = 1
IDData             = 12ad_2026-06-10_13-47-35_000_661
IDDevice           = SAM_82E6
IDDataType         = SPECTRUM
IDDataTypeSub1     = CALIBRATED
IDDataTypeSub2     = 
IDDataTypeSub3     = 
DateTime           = 2026-06-10 13:47:35
PositionLatitude   = 0
PositionLongitude  = 0
Comment            = 20260610_FrameA
CommentSub1        = con
CommentSub2        = centre
CommentSub3        = 17cm
IDMethodType       = SAM Control
MethodName         = SAM_82E6
Mission            = No Mission
MissionSub         = 1
RecordType         = 0
[Attributes]
CalFactor = 1
IDBasisSpec = 
IDDataBack = DLAB_2024-11-11_10-40-48_641_639
IDDataCal = DLAB_2024-11-12_11-45-27_171_455
IntegrationTime = 128
P31 = -1
P31e = 0
PathLength = +INF
PathLengthCustomOn = 0
RAWDynamic = 65535
Salinity = 0
Temperature = -NAN
Unit1 = $01 $01 Wavelength nm
Unit2 = $03 $06 Intensity mW/(m^2 nm)
Unit3 = $f0 $06 Error mW/(m^2 nm)
Unit4 = $f1 $00 Status 
p999 = 8251
[END] of [Attributes]
[DATA]
 0 6 0 0
 185.260577530984 -NAN 0 0
 187.468128380571 -NAN 0 0
 189.674861895872 -NAN 0 0
 191.880784034125 -NAN 0 0
 194.085900752568 -NAN 0 0
 196.290218008439 -NAN 0 0
 198.493741758976 -NAN 0 0
 200.696477961417 -NAN 0 0
 202.898432573 -NAN 0 0
 205.099611550963 -NAN 0 0
 207.300020852544 -NAN 0 0
 209.499666434981 -NAN 0 0
 211.698554255512 -NAN 0 0
 213.896690271375 -NAN 0 0
 216.094080439808 -NAN 0 0
 218.290730718049 -NAN 0 0
 220.486647063336 -NAN 0 0
 222.681835432907 -NAN 0 0
 224.876301784 -NAN 0 0
 227.070052073853 -NAN 0 0
 229.263092259704 -NAN 0 0
 231.455428298791 -NAN 0 0
 233.647066148352 -NAN 0 0
 235.838011765625 -NAN 0 0
 238.028271107848 -NAN 0 0
 240.217850132259 -NAN 0 0
 242.406754796096 -NAN 0 0
 244.594991056597 -NAN 0 0
 246.782564871 -NAN 0 0
 248.969482196543 -NAN 0 0
 251.155748990464 -NAN 0 0
 253.341371210001 -NAN 0 0
 255.526354812392 -NAN 0 0
 257.710705754875 -NAN 0 0
 259.894429994688 -NAN 0 0
 262.077533489069 -NAN 0 0
 264.260022195256 -NAN 0 0
 266.441902070487 -NAN 0 0
 268.623179072 -NAN 0 0
 270.803859157033 -NAN 0 0
 272.983948282824 -NAN 0 0
 275.163452406611 -NAN 0 0
 277.342377485632 -NAN 0 0
 279.520729477125 -0.187627934917695 0 0
 281.698514338328 2.70288157177093 0 0
 283.875738026479 -1.19970902678157 0 0
 286.052406498816 -0.0918169977120977 0 0
 288.228525712577 2.84204706574811 0 0
 290.404101625 -1.3724176055836 0 0
 292.579140193323 0.154168656083247 0 0
 294.753647374784 2.84860691192221 0 0
 296.927629126621 -1.26749818946508 0 0
 299.101091406072 0.323591973195921 0 0
 301.274040170375 2.48366429920551 0 0
 303.446481376768 -0.91820404801918 0 0
 305.618420982489 0.648617277025096 0 0
 307.789864944776 2.44761367029642 0 0
 309.960819220867 -0.813845025207735 0 0
 312.131289768 1.20031461722472 0 0
 314.301282543413 3.7198266958105 0 0
 316.470803504344 2.56321937630348 0 0
 318.639858608031 8.72283541355115 0 0
 320.808453811712 14.6998662207753 0 0
 322.976595072625 14.5625701176574 0 0
 325.144288348008 19.8025152510564 0 0
 327.311539595099 22.2656311126206 0 0
 329.478354771136 18.2460130215856 0 0
 331.644739833357 20.3276526976009 0 0
 333.810700739 20.938361280296 0 0
 335.976243445303 15.0338019389184 0 0
 338.141373909504 16.7867805223997 0 0
 340.306098088841 16.2954301983185 0 0
 342.470421940552 10.8554333536642 0 0
 344.634351421875 12.7750246901765 0 0
 346.797892490048 12.1163399619581 0 0
 348.961051102309 7.65990483804093 0 0
 351.123833215896 9.80929276954167 0 0
 353.286244788047 9.27117328568198 0 0
 355.448291776 5.74082319206584 0 0
 357.609980136993 8.16915737229264 0 0
 359.771315828264 8.5588275962501 0 0
 361.932304807051 8.47946855430975 0 0
 364.092953030592 14.9358693951831 0 0
 366.253266456125 14.6330596482356 0 0
 368.413251040888 6.94770254540191 0 0
 370.572912742119 7.40898507061686 0 0
 372.732257517056 6.00435003209844 0 0
 374.891291322937 1.8270241336713 0 0
 377.050020117 5.39548971582014 0 0
 379.208449856483 4.2216139905425 0 0
 381.366586498624 0.414501474540527 0 0
 383.524436000661 4.57611280716691 0 0
 385.682004319832 3.37441636699278 0 0
 387.839297413375 -0.0482491709142647 0 0
 389.996321238528 3.99646042823457 0 0
 392.153081752529 2.78502259141466 0 0
 394.309584912616 -0.114727176902431 0 0
 396.465836676027 4.05998838689711 0 0
 398.621843 3.24212997451341 0 0
 400.777609841773 3.55228708291299 0 0
 402.933143158584 13.2484485343378 0 0
 405.088448907671 13.6577344029599 0 0
 407.243533046272 8.25806552980711 0 0
 409.398401531625 7.9413900155635 0 0
 411.553060320968 5.54576547778743 0 0
 413.707515371539 4.53263025555919 0 0
 415.861772640576 9.83496273233427 0 0
 418.015838085317 11.1999078825832 0 0
 420.169717663 13.9499002772859 0 0
 422.323417330863 22.8801990732796 0 0
 424.476943046144 29.4481931971303 0 0
 426.630300766081 39.4780014227763 0 0
 428.783496447912 57.6620871068157 0 0
 430.936536048875 79.4451795295921 0 0
 433.089425526208 118.906947881069 0 0
 435.242170837149 166.850254310835 0 0
 437.394777938936 204.281692364437 0 0
 439.547252788807 243.327941893711 0 0
 441.699601344 310.450624878331 0 0
 443.851829561753 389.338141422025 0 0
 446.003943399304 464.815059575005 0 0
 448.155948813891 513.972569244267 0 0
 450.307851762752 510.61241800072 0 0
 452.459658203125 462.849787428111 0 0
 454.611374092248 395.128480567502 0 0
 456.763005387359 323.670280126052 0 0
 458.914558045696 269.694749889676 0 0
 461.066038024497 235.425647356706 0 0
 463.217451281 204.238317864012 0 0
 465.368803772443 177.4338701065 0 0
 467.520101456064 154.280096643216 0 0
 469.671350289101 126.87027465809 0 0
 471.822556228792 106.129369248539 0 0
 473.973725232375 94.3879963340437 0 0
 476.124863257088 81.8975356602953 0 0
 478.275976260169 76.2635205728196 0 0
 480.427070198856 76.0931742608795 0 0
 482.578151030387 71.2028371353763 0 0
 484.729224712 70.6123557020833 0 0
 486.880297200933 73.9679200506682 0 0
 489.031374454424 72.1954987735964 0 0
 491.182462429711 75.5681037778473 0 0
 493.333567084032 82.1674263683875 0 0
 495.484694374625 82.9124806711537 0 0
 497.635850258728 88.0994581374705 0 0
 499.787040693579 94.9780647821086 0 0
 501.938271636416 95.8640818150318 0 0
 504.089549044477 -NAN 0 0
 506.240878875 -NAN 0 0
 508.392267085223 -NAN 0 0
 510.543719632384 -NAN 0 0
 512.695242473721 -NAN 0 0
 514.846841566472 -NAN 0 0
 516.998522867875 -NAN 0 0
 519.150292335168 -NAN 0 0
 521.302155925589 -NAN 0 0
 523.454119596376 -NAN 0 0
 525.606189304767 -NAN 0 0
 527.758371008 -NAN 0 0
 529.910670663313 -NAN 0 0
 532.063094227944 -NAN 0 0
 534.215647659131 -NAN 0 0
 536.368336914112 -NAN 0 0
 538.521167950125 -NAN 0 0
 540.674146724408 -NAN 0 0
 542.827279194199 -NAN 0 0
 544.980571316736 -NAN 0 0
 547.134029049257 -NAN 0 0
 549.287658349 -NAN 0 0
 551.441465173203 -NAN 0 0
 553.595455479104 -NAN 0 0
 555.749635223941 -NAN 0 0
 557.904010364952 -NAN 0 0
 560.058586859375 -NAN 0 0
 562.213370664448 -NAN 0 0
 564.368367737409 -NAN 0 0
 566.523584035496 -NAN 0 0
 568.679025515947 -NAN 0 0
 570.834698136 -NAN 0 0
 572.990607852893 -NAN 0 0
 575.146760623864 -NAN 0 0
 577.303162406151 -NAN 0 0
 579.459819156992 -NAN 0 0
 581.616736833625 -NAN 0 0
 583.773921393288 -NAN 0 0
 585.931378793219 -NAN 0 0
 588.089114990656 -NAN 0 0
 590.247135942837 -NAN 0 0
 592.405447607 -NAN 0 0
 594.564055940383 -NAN 0 0
 596.722966900224 -NAN 0 0
 598.882186443761 -NAN 0 0
 601.041720528232 -NAN 0 0
 603.201575110875 -NAN 0 0
 605.361756148928 -NAN 0 0
 607.522269599629 -NAN 0 0
 609.683121420216 -NAN 0 0
 611.844317567927 -NAN 0 0
 614.005864 -NAN 0 0
 616.167766673673 -NAN 0 0
 618.330031546184 -NAN 0 0
 620.492664574771 -NAN 0 0
 622.655671716672 -NAN 0 0
 624.819058929125 -NAN 0 0
 626.982832169368 -NAN 0 0
 629.146997394639 -NAN 0 0
 631.311560562176 -NAN 0 0
 633.476527629217 -NAN 0 0
 635.641904553 -NAN 0 0
 637.807697290763 -NAN 0 0
 639.973911799744 -NAN 0 0
 642.140554037181 -NAN 0 0
 644.307629960312 -NAN 0 0
 646.475145526375 -NAN 0 0
 648.643106692608 -NAN 0 0
 650.811519416249 -NAN 0 0
 652.980389654536 -NAN 0 0
 655.149723364707 -NAN 0 0
 657.319526504 -NAN 0 0
 659.489805029653 -NAN 0 0
 661.660564898904 -NAN 0 0
 663.831812068991 -NAN 0 0
 666.003552497152 -NAN 0 0
 668.175792140625 -NAN 0 0
 670.348536956648 -NAN 0 0
 672.521792902459 -NAN 0 0
 674.695565935296 -NAN 0 0
 676.869862012397 -NAN 0 0
 679.044687091 -NAN 0 0
 681.220047128343 -NAN 0 0
 683.395948081664 -NAN 0 0
 685.572395908201 -NAN 0 0
 687.749396565192 -NAN 0 0
 689.926956009875 -NAN 0 0
 692.105080199488 -NAN 0 0
 694.283775091269 -NAN 0 0
 696.463046642456 -NAN 0 0
 698.642900810287 -NAN 0 0
 700.823343552 -NAN 0 0
 703.004380824833 -NAN 0 0
 705.186018586024 -NAN 0 0
 707.368262792811 -NAN 0 0
 709.551119402432 -NAN 0 0
 711.734594372125 -NAN 0 0
 713.918693659128 -NAN 0 0
 716.103423220679 -NAN 0 0
 718.288789014016 -NAN 0 0
 720.474796996377 -NAN 0 0
 722.661453125 -NAN 0 0
 724.848763357123 -NAN 0 0
 727.036733649984 -NAN 0 0
 729.225369960821 -NAN 0 0
 731.414678246872 -NAN 0 0
 733.604664465375 -NAN 0 0
 735.795334573568 -NAN 0 0
[END] of [DATA]
[END] of Spectrum


[Spectrum]
Version            = 1
IDData             = 12ad_2026-06-10_13-47-30_000_658
IDDevice           = SAM_82E6
IDDataType         = SPECTRUM
IDDataTypeSub1     = CALIBRATED
IDDataTypeSub2     = 
IDDataTypeSub3     = 
DateTime           = 2026-06-10 13:47:30
PositionLatitude   = 0
PositionLongitude  = 0
Comment            = 20260610_FrameA
CommentSub1        = con
CommentSub2        = centre
CommentSub3        = 17cm
IDMethodType       = SAM Control
MethodName         = SAM_82E6
Mission            = No Mission
MissionSub         = 1
RecordType         = 0
[Attributes]
CalFactor = 1
IDBasisSpec = 
IDDataBack = DLAB_2024-11-11_10-40-48_641_639
IDDataCal = DLAB_2024-11-12_11-45-27_171_455
IntegrationTime = 128
P31 = -1
P31e = 0
PathLength = +INF
PathLengthCustomOn = 0
RAWDynamic = 65535
Salinity = 0
Temperature = -NAN
Unit1 = $01 $01 Wavelength nm
Unit2 = $03 $06 Intensity mW/(m^2 nm)
Unit3 = $f0 $06 Error mW/(m^2 nm)
Unit4 = $f1 $00 Status 
p999 = 8250
[END] of [Attributes]
[DATA]
 0 6 0 0
 185.260577530984 -NAN 0 0
 187.468128380571 -NAN 0 0
 189.674861895872 -NAN 0 0
 191.880784034125 -NAN 0 0
 194.085900752568 -NAN 0 0
 196.290218008439 -NAN 0 0
 198.493741758976 -NAN 0 0
 200.696477961417 -NAN 0 0
 202.898432573 -NAN 0 0
 205.099611550963 -NAN 0 0
 207.300020852544 -NAN 0 0
 209.499666434981 -NAN 0 0
 211.698554255512 -NAN 0 0
 213.896690271375 -NAN 0 0
 216.094080439808 -NAN 0 0
 218.290730718049 -NAN 0 0
 220.486647063336 -NAN 0 0
 222.681835432907 -NAN 0 0
 224.876301784 -NAN 0 0
 227.070052073853 -NAN 0 0
 229.263092259704 -NAN 0 0
 231.455428298791 -NAN 0 0
 233.647066148352 -NAN 0 0
 235.838011765625 -NAN 0 0
 238.028271107848 -NAN 0 0
 240.217850132259 -NAN 0 0
 242.406754796096 -NAN 0 0
 244.594991056597 -NAN 0 0
 246.782564871 -NAN 0 0
 248.969482196543 -NAN 0 0
 251.155748990464 -NAN 0 0
 253.341371210001 -NAN 0 0
 255.526354812392 -NAN 0 0
 257.710705754875 -NAN 0 0
 259.894429994688 -NAN 0 0
 262.077533489069 -NAN 0 0
 264.260022195256 -NAN 0 0
 266.441902070487 -NAN 0 0
 268.623179072 -NAN 0 0
 270.803859157033 -NAN 0 0
 272.983948282824 -NAN 0 0
 275.163452406611 -NAN 0 0
 277.342377485632 -NAN 0 0
 279.520729477125 1.39517351297705 0 0
 281.698514338328 1.72883814080265 0 0
 283.875738026479 -2.17549928120873 0 0
 286.052406498816 1.88418208731086 0 0
 288.228525712577 1.77468516541551 0 0
 290.404101625 -2.19399047112603 0 0
 292.579140193323 2.17407373033763 0 0
 294.753647374784 1.6071561092426 0 0
 296.927629126621 -1.75631230094051 0 0
 299.101091406072 2.00988132433642 0 0
 301.274040170375 1.45211185601804 0 0
 303.446481376768 -1.35835579892683 0 0
 305.618420982489 2.11227256730625 0 0
 307.789864944776 1.3819183218965 0 0
 309.960819220867 -0.996483658325211 0 0
 312.131289768 2.67101821189094 0 0
 314.301282543413 2.60237330780835 0 0
 316.470803504344 2.29076708717885 0 0
 318.639858608031 10.2652754742271 0 0
 320.808453811712 13.3967160261626 0 0
 322.976595072625 14.4008545835376 0 0
 325.144288348008 21.1696958695149 0 0
 327.311539595099 20.4609939098096 0 0
 329.478354771136 17.7001231670261 0 0
 331.644739833357 22.0760796245671 0 0
 333.810700739 19.1695031719681 0 0
 335.976243445303 15.1806218310789 0 0
 338.141373909504 18.2937076069437 0 0
 340.306098088841 14.5513178086369 0 0
 342.470421940552 11.1291081887864 0 0
 344.634351421875 14.1017377162826 0 0
 346.797892490048 10.8032675202525 0 0
 348.961051102309 8.00570998683293 0 0
 351.123833215896 10.8693777497686 0 0
 353.286244788047 7.90923870463699 0 0
 355.448291776 6.06244843516278 0 0
 357.609980136993 9.04830384761864 0 0
 359.771315828264 7.07987549019798 0 0
 361.932304807051 8.64966611344911 0 0
 364.092953030592 15.7408591018199 0 0
 366.253266456125 13.0273058430776 0 0
 368.413251040888 7.57203723771482 0 0
 370.572912742119 8.39493964986599 0 0
 372.732257517056 4.11672591213432 0 0
 374.891291322937 2.68882773005953 0 0
 377.050020117 6.42868653875103 0 0
 379.208449856483 2.39813920456373 0 0
 381.366586498624 1.39672110385945 0 0
 383.524436000661 5.48712250670815 0 0
 385.682004319832 1.57229116452953 0 0
 387.839297413375 1.06399251500484 0 0
 389.996321238528 4.79570574250438 0 0
 392.153081752529 0.926992295372568 0 0
 394.309584912616 0.783909453813159 0 0
 396.465836676027 4.65472545872031 0 0
 398.621843 1.41771225324605 0 0
 400.777609841773 4.45613631500372 0 0
 402.933143158584 13.58175276878 0 0
 405.088448907671 11.703271281448 0 0
 407.243533046272 9.12649649379457 0 0
 409.398401531625 8.42836830130206 0 0
 411.553060320968 3.94978426379087 0 0
 413.707515371539 5.4606984712188 0 0
 415.861772640576 10.0298989087528 0 0
 418.015838085317 9.83061163112553 0 0
 420.169717663 14.9820116220654 0 0
 422.323417330863 22.9726716694876 0 0
 424.476943046144 28.4034395792158 0 0
 426.630300766081 40.2799043519143 0 0
 428.783496447912 57.6561863273286 0 0
 430.936536048875 78.3418182718236 0 0
 433.089425526208 119.236458568842 0 0
 435.242170837149 166.211681449543 0 0
 437.394777938936 202.722251943658 0 0
 439.547252788807 243.890063723083 0 0
 441.699601344 310.119379160067 0 0
 443.851829561753 388.322812357922 0 0
 446.003943399304 465.779277839376 0 0
 448.155948813891 513.85587273504 0 0
 450.307851762752 509.502285753616 0 0
 452.459658203125 463.86039141453 0 0
 454.611374092248 394.779480252385 0 0
 456.763005387359 322.591520524731 0 0
 458.914558045696 270.927318222598 0 0
 461.066038024497 234.758275998022 0 0
 463.217451281 203.184093703044 0 0
 465.368803772443 178.775465681969 0 0
 467.520101456064 153.732804837621 0 0
 469.671350289101 125.635143307752 0 0
 471.822556228792 107.498994244325 0 0
 473.973725232375 93.726239356595 0 0
 476.124863257088 80.7140154956438 0 0
 478.275976260169 77.6759141779654 0 0
 480.427070198856 75.5239942904736 0 0
 482.578151030387 70.0297662288772 0 0
 484.729224712 72.2541091492654 0 0
 486.880297200933 73.1546947938609 0 0
 489.031374454424 71.4223180096772 0 0
 491.182462429711 77.3092905015808 0 0
 493.333567084032 81.2177545747141 0 0
 495.484694374625 82.1476602827878 0 0
 497.635850258728 89.651898895075 0 0
 499.787040693579 93.8941558360362 0 0
 501.938271636416 95.2366413637683 0 0
 504.089549044477 -NAN 0 0
 506.240878875 -NAN 0 0
 508.392267085223 -NAN 0 0
 510.543719632384 -NAN 0 0
 512.695242473721 -NAN 0 0
 514.846841566472 -NAN 0 0
 516.998522867875 -NAN 0 0
 519.150292335168 -NAN 0 0
 521.302155925589 -NAN 0 0
 523.454119596376 -NAN 0 0
 525.606189304767 -NAN 0 0
 527.758371008 -NAN 0 0
 529.910670663313 -NAN 0 0
 532.063094227944 -NAN 0 0
 534.215647659131 -NAN 0 0
 536.368336914112 -NAN 0 0
 538.521167950125 -NAN 0 0
 540.674146724408 -NAN 0 0
 542.827279194199 -NAN 0 0
 544.980571316736 -NAN 0 0
 547.134029049257 -NAN 0 0
 549.287658349 -NAN 0 0
 551.441465173203 -NAN 0 0
 553.595455479104 -NAN 0 0
 555.749635223941 -NAN 0 0
 557.904010364952 -NAN 0 0
 560.058586859375 -NAN 0 0
 562.213370664448 -NAN 0 0
 564.368367737409 -NAN 0 0
 566.523584035496 -NAN 0 0
 568.679025515947 -NAN 0 0
 570.834698136 -NAN 0 0
 572.990607852893 -NAN 0 0
 575.146760623864 -NAN 0 0
 577.303162406151 -NAN 0 0
 579.459819156992 -NAN 0 0
 581.616736833625 -NAN 0 0
 583.773921393288 -NAN 0 0
 585.931378793219 -NAN 0 0
 588.089114990656 -NAN 0 0
 590.247135942837 -NAN 0 0
 592.405447607 -NAN 0 0
 594.564055940383 -NAN 0 0
 596.722966900224 -NAN 0 0
 598.882186443761 -NAN 0 0
 601.041720528232 -NAN 0 0
 603.201575110875 -NAN 0 0
 605.361756148928 -NAN 0 0
 607.522269599629 -NAN 0 0
 609.683121420216 -NAN 0 0
 611.844317567927 -NAN 0 0
 614.005864 -NAN 0 0
 616.167766673673 -NAN 0 0
 618.330031546184 -NAN 0 0
 620.492664574771 -NAN 0 0
 622.655671716672 -NAN 0 0
 624.819058929125 -NAN 0 0
 626.982832169368 -NAN 0 0
 629.146997394639 -NAN 0 0
 631.311560562176 -NAN 0 0
 633.476527629217 -NAN 0 0
 635.641904553 -NAN 0 0
 637.807697290763 -NAN 0 0
 639.973911799744 -NAN 0 0
 642.140554037181 -NAN 0 0
 644.307629960312 -NAN 0 0
 646.475145526375 -NAN 0 0
 648.643106692608 -NAN 0 0
 650.811519416249 -NAN 0 0
 652.980389654536 -NAN 0 0
 655.149723364707 -NAN 0 0
 657.319526504 -NAN 0 0
 659.489805029653 -NAN 0 0
 661.660564898904 -NAN 0 0
 663.831812068991 -NAN 0 0
 666.003552497152 -NAN 0 0
 668.175792140625 -NAN 0 0
 670.348536956648 -NAN 0 0
 672.521792902459 -NAN 0 0
 674.695565935296 -NAN 0 0
 676.869862012397 -NAN 0 0
 679.044687091 -NAN 0 0
 681.220047128343 -NAN 0 0
 683.395948081664 -NAN 0 0
 685.572395908201 -NAN 0 0
 687.749396565192 -NAN 0 0
 689.926956009875 -NAN 0 0
 692.105080199488 -NAN 0 0
 694.283775091269 -NAN 0 0
 696.463046642456 -NAN 0 0
 698.642900810287 -NAN 0 0
 700.823343552 -NAN 0 0
 703.004380824833 -NAN 0 0
 705.186018586024 -NAN 0 0
 707.368262792811 -NAN 0 0
 709.551119402432 -NAN 0 0
 711.734594372125 -NAN 0 0
 713.918693659128 -NAN 0 0
 716.103423220679 -NAN 0 0
 718.288789014016 -NAN 0 0
 720.474796996377 -NAN 0 0
 722.661453125 -NAN 0 0
 724.848763357123 -NAN 0 0
 727.036733649984 -NAN 0 0
 729.225369960821 -NAN 0 0
 731.414678246872 -NAN 0 0
 733.604664465375 -NAN 0 0
 735.795334573568 -NAN 0 0
[END] of [DATA]
[END] of Spectrum


[Spectrum]
Version            = 1
IDData             = 12ad_2026-06-10_13-47-25_000_655
IDDevice           = SAM_82E6
IDDataType         = SPECTRUM
IDDataTypeSub1     = CALIBRATED
IDDataTypeSub2     = 
IDDataTypeSub3     = 
DateTime           = 2026-06-10 13:47:25
PositionLatitude   = 0
PositionLongitude  = 0
Comment            = 20260610_FrameA
CommentSub1        = con
CommentSub2        = centre
CommentSub3        = 17cm
IDMethodType       = SAM Control
MethodName         = SAM_82E6
Mission            = No Mission
MissionSub         = 1
RecordType         = 0
[Attributes]
CalFactor = 1
IDBasisSpec = 
IDDataBack = DLAB_2024-11-11_10-40-48_641_639
IDDataCal = DLAB_2024-11-12_11-45-27_171_455
IntegrationTime = 128
P31 = -1
P31e = 0
PathLength = +INF
PathLengthCustomOn = 0
RAWDynamic = 65535
Salinity = 0
Temperature = -NAN
Unit1 = $01 $01 Wavelength nm
Unit2 = $03 $06 Intensity mW/(m^2 nm)
Unit3 = $f0 $06 Error mW/(m^2 nm)
Unit4 = $f1 $00 Status 
p999 = 8249
[END] of [Attributes]
[DATA]
 0 6 0 0
 185.260577530984 -NAN 0 0
 187.468128380571 -NAN 0 0
 189.674861895872 -NAN 0 0
 191.880784034125 -NAN 0 0
 194.085900752568 -NAN 0 0
 196.290218008439 -NAN 0 0
 198.493741758976 -NAN 0 0
 200.696477961417 -NAN 0 0
 202.898432573 -NAN 0 0
 205.099611550963 -NAN 0 0
 207.300020852544 -NAN 0 0
 209.499666434981 -NAN 0 0
 211.698554255512 -NAN 0 0
 213.896690271375 -NAN 0 0
 216.094080439808 -NAN 0 0
 218.290730718049 -NAN 0 0
 220.486647063336 -NAN 0 0
 222.681835432907 -NAN 0 0
 224.876301784 -NAN 0 0
 227.070052073853 -NAN 0 0
 229.263092259704 -NAN 0 0
 231.455428298791 -NAN 0 0
 233.647066148352 -NAN 0 0
 235.838011765625 -NAN 0 0
 238.028271107848 -NAN 0 0
 240.217850132259 -NAN 0 0
 242.406754796096 -NAN 0 0
 244.594991056597 -NAN 0 0
 246.782564871 -NAN 0 0
 248.969482196543 -NAN 0 0
 251.155748990464 -NAN 0 0
 253.341371210001 -NAN 0 0
 255.526354812392 -NAN 0 0
 257.710705754875 -NAN 0 0
 259.894429994688 -NAN 0 0
 262.077533489069 -NAN 0 0
 264.260022195256 -NAN 0 0
 266.441902070487 -NAN 0 0
 268.623179072 -NAN 0 0
 270.803859157033 -NAN 0 0
 272.983948282824 -NAN 0 0
 275.163452406611 -NAN 0 0
 277.342377485632 -NAN 0 0
 279.520729477125 -1.51513882670038 0 0
 281.698514338328 0.273656478161455 0 0
 283.875738026479 2.60742632189516 0 0
 286.052406498816 -1.69178098867117 0 0
 288.228525712577 0.283243906024585 0 0
 290.404101625 2.7049103855332 0 0
 292.579140193323 -1.60214796814631 0 0
 294.753647374784 0.502579705976398 0 0
 296.927629126621 2.47542129268965 0 0
 299.101091406072 -1.33290427986789 0 0
 301.274040170375 0.766344146317485 0 0
 303.446481376768 2.12463162947144 0 0
 305.618420982489 -1.11723282337289 0 0
 307.789864944776 1.01956052539944 0 0
 309.960819220867 2.21644330178278 0 0
 312.131289768 -0.890402505108734 0 0
 314.301282543413 2.50120947351471 0 0
 316.470803504344 5.94504868705227 0 0
 318.639858608031 5.91582606209592 0 0
 320.808453811712 13.1371508699323 0 0
 322.976595072625 17.9487527799216 0 0
 325.144288348008 16.1326386595872 0 0
 327.311539595099 20.5181676311009 0 0
 329.478354771136 21.4261560980111 0 0
 331.644739833357 16.7508538360005 0 0
 333.810700739 19.493670473829 0 0
 335.976243445303 18.5865525967417 0 0
 338.141373909504 12.9639887944138 0 0
 340.306098088841 15.1905994705358 0 0
 342.470421940552 14.1264368854111 0 0
 344.634351421875 9.39725105214732 0 0
 346.797892490048 11.4809433618319 0 0
 348.961051102309 10.4656683529888 0 0
 351.123833215896 6.54060412934871 0 0
 353.286244788047 9.07053600552803 0 0
 355.448291776 8.1567773592756 0 0
 357.609980136993 5.21582487661773 0 0
 359.771315828264 8.55452519012341 0 0
 361.932304807051 10.7085075546511 0 0
 364.092953030592 11.5375257528598 0 0
 366.253266456125 14.6704299186102 0 0
 368.413251040888 9.73599340427512 0 0
 370.572912742119 3.89974036434671 0 0
 372.732257517056 6.35134935200891 0 0
 374.891291322937 4.91929912851207 0 0
 377.050020117 1.36753948490131 0 0
 379.208449856483 5.32437541138001 0 0
 381.366586498624 3.58869613274241 0 0
 383.524436000661 0.144711491769746 0 0
 385.682004319832 4.41842575815934 0 0
 387.839297413375 2.77698639815924 0 0
 389.996321238528 -0.0798311394472978 0 0
 392.153081752529 4.27810742975767 0 0
 394.309584912616 2.21163715086813 0 0
 396.465836676027 -0.174324761027005 0 0
 398.621843 4.62205319641745 0 0
 400.777609841773 5.65389911033545 0 0
 402.933143158584 9.04602708410872 0 0
 405.088448907671 14.7584251363821 0 0
 407.243533046272 9.89988713340585 0 0
 409.398401531625 4.40993807051353 0 0
 411.553060320968 7.12961414627331 0 0
 413.707515371539 6.03663108962242 0 0
 415.861772640576 6.70781904360904 0 0
 418.015838085317 12.9122654346573 0 0
 420.169717663 15.1381054551439 0 0
 422.323417330863 20.0913720628862 0 0
 424.476943046144 31.2341271642026 0 0
 426.630300766081 40.2980313287839 0 0
 428.783496447912 54.8971504328335 0 0
 430.936536048875 80.7322969938447 0 0
 433.089425526208 118.87456353829 0 0
 435.242170837149 163.293747135934 0 0
 437.394777938936 204.782056128357 0 0
 439.547252788807 243.353823762114 0 0
 441.699601344 307.843400515224 0 0
 443.851829561753 391.097598712004 0 0
 446.003943399304 465.412241783107 0 0
 448.155948813891 511.394717032917 0 0
 450.307851762752 512.75151929246 0 0
 452.459658203125 463.262921596711 0 0
 454.611374092248 392.334576137496 0 0
 456.763005387359 326.056242538386 0 0
 458.914558045696 269.888367911204 0 0
 461.066038024497 232.487175603355 0 0
 463.217451281 206.795460607165 0 0
 465.368803772443 177.429647933171 0 0
 467.520101456064 151.461168986997 0 0
 469.671350289101 129.574357141129 0 0
 471.822556228792 105.849541635672 0 0
 473.973725232375 91.5691978943287 0 0
 476.124863257088 84.8225686584328 0 0
 478.275976260169 75.7390124834185 0 0
 480.427070198856 73.3419520947293 0 0
 482.578151030387 74.1316078857605 0 0
 484.729224712 70.0244984432556 0 0
 486.880297200933 71.3056420435138 0 0
 489.031374454424 75.5343864719103 0 0
 491.182462429711 75.0007382514479 0 0
 493.333567084032 79.5377372984503 0 0
 495.484694374625 86.2750339849826 0 0
 497.635850258728 87.0879030996534 0 0
 499.787040693579 92.7232732533682 0 0
 501.938271636416 98.9593112109732 0 0
 504.089549044477 -NAN 0 0
 506.240878875 -NAN 0 0
 508.392267085223 -NAN 0 0
 510.543719632384 -NAN 0 0
 512.695242473721 -NAN 0 0
 514.846841566472 -NAN 0 0
 516.998522867875 -NAN 0 0
 519.150292335168 -NAN 0 0
 521.302155925589 -NAN 0 0
 523.454119596376 -NAN 0 0
 525.606189304767 -NAN 0 0
 527.758371008 -NAN 0 0
 529.910670663313 -NAN 0 0
 532.063094227944 -NAN 0 0
 534.215647659131 -NAN 0 0
 536.368336914112 -NAN 0 0
 538.521167950125 -NAN 0 0
 540.674146724408 -NAN 0 0
 542.827279194199 -NAN 0 0
 544.980571316736 -NAN 0 0
 547.134029049257 -NAN 0 0
 549.287658349 -NAN 0 0
 551.441465173203 -NAN 0 0
 553.595455479104 -NAN 0 0
 555.749635223941 -NAN 0 0
 557.904010364952 -NAN 0 0
 560.058586859375 -NAN 0 0
 562.213370664448 -NAN 0 0
 564.368367737409 -NAN 0 0
 566.523584035496 -NAN 0 0
 568.679025515947 -NAN 0 0
 570.834698136 -NAN 0 0
 572.990607852893 -NAN 0 0
 575.146760623864 -NAN 0 0
 577.303162406151 -NAN 0 0
 579.459819156992 -NAN 0 0
 581.616736833625 -NAN 0 0
 583.773921393288 -NAN 0 0
 585.931378793219 -NAN 0 0
 588.089114990656 -NAN 0 0
 590.247135942837 -NAN 0 0
 592.405447607 -NAN 0 0
 594.564055940383 -NAN 0 0
 596.722966900224 -NAN 0 0
 598.882186443761 -NAN 0 0
 601.041720528232 -NAN 0 0
 603.201575110875 -NAN 0 0
 605.361756148928 -NAN 0 0
 607.522269599629 -NAN 0 0
 609.683121420216 -NAN 0 0
 611.844317567927 -NAN 0 0
 614.005864 -NAN 0 0
 616.167766673673 -NAN 0 0
 618.330031546184 -NAN 0 0
 620.492664574771 -NAN 0 0
 622.655671716672 -NAN 0 0
 624.819058929125 -NAN 0 0
 626.982832169368 -NAN 0 0
 629.146997394639 -NAN 0 0
 631.311560562176 -NAN 0 0
 633.476527629217 -NAN 0 0
 635.641904553 -NAN 0 0
 637.807697290763 -NAN 0 0
 639.973911799744 -NAN 0 0
 642.140554037181 -NAN 0 0
 644.307629960312 -NAN 0 0
 646.475145526375 -NAN 0 0
 648.643106692608 -NAN 0 0
 650.811519416249 -NAN 0 0
 652.980389654536 -NAN 0 0
 655.149723364707 -NAN 0 0
 657.319526504 -NAN 0 0
 659.489805029653 -NAN 0 0
 661.660564898904 -NAN 0 0
 663.831812068991 -NAN 0 0
 666.003552497152 -NAN 0 0
 668.175792140625 -NAN 0 0
 670.348536956648 -NAN 0 0
 672.521792902459 -NAN 0 0
 674.695565935296 -NAN 0 0
 676.869862012397 -NAN 0 0
 679.044687091 -NAN 0 0
 681.220047128343 -NAN 0 0
 683.395948081664 -NAN 0 0
 685.572395908201 -NAN 0 0
 687.749396565192 -NAN 0 0
 689.926956009875 -NAN 0 0
 692.105080199488 -NAN 0 0
 694.283775091269 -NAN 0 0
 696.463046642456 -NAN 0 0
 698.642900810287 -NAN 0 0
 700.823343552 -NAN 0 0
 703.004380824833 -NAN 0 0
 705.186018586024 -NAN 0 0
 707.368262792811 -NAN 0 0
 709.551119402432 -NAN 0 0
 711.734594372125 -NAN 0 0
 713.918693659128 -NAN 0 0
 716.103423220679 -NAN 0 0
 718.288789014016 -NAN 0 0
 720.474796996377 -NAN 0 0
 722.661453125 -NAN 0 0
 724.848763357123 -NAN 0 0
 727.036733649984 -NAN 0 0
 729.225369960821 -NAN 0 0
 731.414678246872 -NAN 0 0
 733.604664465375 -NAN 0 0
 735.795334573568 -NAN 0 0
[END] of [DATA]
[END] of Spectrum


[Spectrum]
Version            = 1
IDData             = 12ad_2026-06-10_13-47-20_000_652
IDDevice           = SAM_82E6
IDDataType         = SPECTRUM
IDDataTypeSub1     = CALIBRATED
IDDataTypeSub2     = 
IDDataTypeSub3     = 
DateTime           = 2026-06-10 13:47:20
PositionLatitude   = 0
PositionLongitude  = 0
Comment            = 20260610_FrameA
CommentSub1        = con
CommentSub2        = centre
CommentSub3        = 17cm
IDMethodType       = SAM Control
MethodName         = SAM_82E6
Mission            = No Mission
MissionSub         = 1
RecordType         = 0
[Attributes]
CalFactor = 1
IDBasisSpec = 
IDDataBack = DLAB_2024-11-11_10-40-48_641_639
IDDataCal = DLAB_2024-11-12_11-45-27_171_455
IntegrationTime = 128
P31 = -1
P31e = 0
PathLength = +INF
PathLengthCustomOn = 0
RAWDynamic = 65535
Salinity = 0
Temperature = -NAN
Unit1 = $01 $01 Wavelength nm
Unit2 = $03 $06 Intensity mW/(m^2 nm)
Unit3 = $f0 $06 Error mW/(m^2 nm)
Unit4 = $f1 $00 Status 
p999 = 8248
[END] of [Attributes]
[DATA]
 0 6 0 0
 185.260577530984 -NAN 0 0
 187.468128380571 -NAN 0 0
 189.674861895872 -NAN 0 0
 191.880784034125 -NAN 0 0
 194.085900752568 -NAN 0 0
 196.290218008439 -NAN 0 0
 198.493741758976 -NAN 0 0
 200.696477961417 -NAN 0 0
 202.898432573 -NAN 0 0
 205.099611550963 -NAN 0 0
 207.300020852544 -NAN 0 0
 209.499666434981 -NAN 0 0
 211.698554255512 -NAN 0 0
 213.896690271375 -NAN 0 0
 216.094080439808 -NAN 0 0
 218.290730718049 -NAN 0 0
 220.486647063336 -NAN 0 0
 222.681835432907 -NAN 0 0
 224.876301784 -NAN 0 0
 227.070052073853 -NAN 0 0
 229.263092259704 -NAN 0 0
 231.455428298791 -NAN 0 0
 233.647066148352 -NAN 0 0
 235.838011765625 -NAN 0 0
 238.028271107848 -NAN 0 0
 240.217850132259 -NAN 0 0
 242.406754796096 -NAN 0 0
 244.594991056597 -NAN 0 0
 246.782564871 -NAN 0 0
 248.969482196543 -NAN 0 0
 251.155748990464 -NAN 0 0
 253.341371210001 -NAN 0 0
 255.526354812392 -NAN 0 0
 257.710705754875 -NAN 0 0
 259.894429994688 -NAN 0 0
 262.077533489069 -NAN 0 0
 264.260022195256 -NAN 0 0
 266.441902070487 -NAN 0 0
 268.623179072 -NAN 0 0
 270.803859157033 -NAN 0 0
 272.983948282824 -NAN 0 0
 275.163452406611 -NAN 0 0
 277.342377485632 -NAN 0 0
 279.520729477125 1.89205610755612 0 0
 281.698514338328 -1.91499949961156 0 0
 283.875738026479 1.33649834941406 0 0
 286.052406498816 2.01920627166585 0 0
 288.228525712577 -2.21825123220457 0 0
 290.404101625 1.60560226809943 0 0
 292.579140193323 1.9753252198911 0 0
 294.753647374784 -2.01043426725377 0 0
 296.927629126621 1.67554365572985 0 0
 299.101091406072 1.62733794503176 0 0
 301.274040170375 -1.3640611244274 0 0
 303.446481376768 1.81008149482776 0 0
 305.618420982489 1.51541093166625 0 0
 307.789864944776 -1.17382649056507 0 0
 309.960819220867 1.98301167602317 0 0
 312.131289768 1.8844674753403 0 0
 314.301282543413 -0.0732356888544384 0 0
 316.470803504344 5.76911537030811 0 0
 318.639858608031 9.06502812092379 0 0
 320.808453811712 10.0223689951685 0 0
 322.976595072625 17.9487527799216 0 0
 325.144288348008 19.2510231747617 0 0
 327.311539595099 16.7183141545078 0 0
 329.478354771136 21.5867994339578 0 0
 331.644739833357 19.6288741120565 0 0
 333.810700739 15.7901700662671 0 0
 335.976243445303 19.2668665524951 0 0
 338.141373909504 15.8711081467029 0 0
 340.306098088841 11.7458078401763 0 0
 342.470421940552 14.7863991672367 0 0
 344.634351421875 11.9098317404505 0 0
 346.797892490048 8.63253046620933 0 0
 348.961051102309 11.2775587023265 0 0
 351.123833215896 8.89808984039199 0 0
 353.286244788047 6.12640200326904 0 0
 355.448291776 9.00870776908421 0 0
 357.609980136993 7.08548351963746 0 0
 359.771315828264 5.3987102961911 0 0
 361.932304807051 11.6769865685925 0 0
 364.092953030592 13.244600698771 0 0
 366.253266456125 11.3071055848974 0 0
 368.413251040888 11.0452778075721 0 0
 370.572912742119 5.52750741492871 0 0
 372.732257517056 2.92310043199116 0 0
 374.891291322937 6.56492721272298 0 0
 377.050020117 3.13045742843359 0 0
 379.208449856483 1.44511823046431 0 0
 381.366586498624 5.49660476523241 0 0
 383.524436000661 2.14012119248098 0 0
 385.682004319832 0.757281108482615 0 0
 387.839297413375 4.89378777237982 0 0
 389.996321238528 1.3613387945436 0 0
 392.153081752529 0.556496336415708 0 0
 394.309584912616 4.61709241123581 0 0
 396.465836676027 1.27559857434333 0 0
 398.621843 1.182859935672 0 0
 400.777609841773 7.83094028230649 0 0
 402.933143158584 9.86724816364685 0 0
 405.088448907671 11.3310510892305 0 0
 407.243533046272 11.9527581399316 0 0
 409.398401531625 4.92556213776612 0 0
 411.553060320968 4.11191919016094 0 0
 413.707515371539 8.13671688048645 0 0
 415.861772640576 6.92827042636513 0 0
 418.015838085317 10.3289843515053 0 0
 420.169717663 17.1134019610096 0 0
 422.323417330863 20.4209773563011 0 0
 424.476943046144 28.949338878296 0 0
 426.630300766081 42.2091326044689 0 0
 428.783496447912 55.1247519273382 0 0
 430.936536048875 78.7150988168341 0 0
 433.089425526208 120.244421237831 0 0
 435.242170837149 162.689540523749 0 0
 437.394777938936 202.422513267188 0 0
 439.547252788807 245.057174226367 0 0
 441.699601344 307.739834856412 0 0
 443.851829561753 389.229326270884 0 0
 446.003943399304 467.414256635484 0 0
 448.155948813891 511.157814345013 0 0
 450.307851762752 510.884765635672 0 0
 452.459658203125 465.413812940859 0 0
 454.611374092248 391.9066465958 0 0
 456.763005387359 324.000253651162 0 0
 458.914558045696 272.367477011592 0 0
 461.066038024497 231.753576552588 0 0
 463.217451281 204.757640110793 0 0
 465.368803772443 180.108616910778 0 0
 467.520101456064 150.593641858754 0 0
 469.671350289101 127.567404009202 0 0
 471.822556228792 108.604094699824 0 0
 473.973725232375 90.4394763321616 0 0
 476.124863257088 83.0489491039224 0 0
 478.275976260169 78.6593668455924 0 0
 480.427070198856 72.0587909872779 0 0
 482.578151030387 72.5042649916827 0 0
 484.729224712 72.9615495386911 0 0
 486.880297200933 69.9364704969772 0 0
 489.031374454424 73.9029862493427 0 0
 491.182462429711 77.8554356638038 0 0
 493.333567084032 78.1349395727429 0 0
 495.484694374625 84.7210429209221 0 0
 497.635850258728 89.9909124598098 0 0
 499.787040693579 91.1968859311157 0 0
 501.938271636416 97.7969858467114 0 0
 504.089549044477 -NAN 0 0
 506.240878875 -NAN 0 0
 508.392267085223 -NAN 0 0
 510.543719632384 -NAN 0 0
 512.695242473721 -NAN 0 0
 514.846841566472 -NAN 0 0
 516.998522867875 -NAN 0 0
 519.150292335168 -NAN 0 0
 521.302155925589 -NAN 0 0
 523.454119596376 -NAN 0 0
 525.606189304767 -NAN 0 0
 527.758371008 -NAN 0 0
 529.910670663313 -NAN 0 0
 532.063094227944 -NAN 0 0
 534.215647659131 -NAN 0 0
 536.368336914112 -NAN 0 0
 538.521167950125 -NAN 0 0
 540.674146724408 -NAN 0 0
 542.827279194199 -NAN 0 0
 544.980571316736 -NAN 0 0
 547.134029049257 -NAN 0 0
 549.287658349 -NAN 0 0
 551.441465173203 -NAN 0 0
 553.595455479104 -NAN 0 0
 555.749635223941 -NAN 0 0
 557.904010364952 -NAN 0 0
 560.058586859375 -NAN 0 0
 562.213370664448 -NAN 0 0
 564.368367737409 -NAN 0 0
 566.523584035496 -NAN 0 0
 568.679025515947 -NAN 0 0
 570.834698136 -NAN 0 0
 572.990607852893 -NAN 0 0
 575.146760623864 -NAN 0 0
 577.303162406151 -NAN 0 0
 579.459819156992 -NAN 0 0
 581.616736833625 -NAN 0 0
 583.773921393288 -NAN 0 0
 585.931378793219 -NAN 0 0
 588.089114990656 -NAN 0 0
 590.247135942837 -NAN 0 0
 592.405447607 -NAN 0 0
 594.564055940383 -NAN 0 0
 596.722966900224 -NAN 0 0
 598.882186443761 -NAN 0 0
 601.041720528232 -NAN 0 0
 603.201575110875 -NAN 0 0
 605.361756148928 -NAN 0 0
 607.522269599629 -NAN 0 0
 609.683121420216 -NAN 0 0
 611.844317567927 -NAN 0 0
 614.005864 -NAN 0 0
 616.167766673673 -NAN 0 0
 618.330031546184 -NAN 0 0
 620.492664574771 -NAN 0 0
 622.655671716672 -NAN 0 0
 624.819058929125 -NAN 0 0
 626.982832169368 -NAN 0 0
 629.146997394639 -NAN 0 0
 631.311560562176 -NAN 0 0
 633.476527629217 -NAN 0 0
 635.641904553 -NAN 0 0
 637.807697290763 -NAN 0 0
 639.973911799744 -NAN 0 0
 642.140554037181 -NAN 0 0
 644.307629960312 -NAN 0 0
 646.475145526375 -NAN 0 0
 648.643106692608 -NAN 0 0
 650.811519416249 -NAN 0 0
 652.980389654536 -NAN 0 0
 655.149723364707 -NAN 0 0
 657.319526504 -NAN 0 0
 659.489805029653 -NAN 0 0
 661.660564898904 -NAN 0 0
 663.831812068991 -NAN 0 0
 666.003552497152 -NAN 0 0
 668.175792140625 -NAN 0 0
 670.348536956648 -NAN 0 0
 672.521792902459 -NAN 0 0
 674.695565935296 -NAN 0 0
 676.869862012397 -NAN 0 0
 679.044687091 -NAN 0 0
 681.220047128343 -NAN 0 0
 683.395948081664 -NAN 0 0
 685.572395908201 -NAN 0 0
 687.749396565192 -NAN 0 0
 689.926956009875 -NAN 0 0
 692.105080199488 -NAN 0 0
 694.283775091269 -NAN 0 0
 696.463046642456 -NAN 0 0
 698.642900810287 -NAN 0 0
 700.823343552 -NAN 0 0
 703.004380824833 -NAN 0 0
 705.186018586024 -NAN 0 0
 707.368262792811 -NAN 0 0
 709.551119402432 -NAN 0 0
 711.734594372125 -NAN 0 0
 713.918693659128 -NAN 0 0
 716.103423220679 -NAN 0 0
 718.288789014016 -NAN 0 0
 720.474796996377 -NAN 0 0
 722.661453125 -NAN 0 0
 724.848763357123 -NAN 0 0
 727.036733649984 -NAN 0 0
 729.225369960821 -NAN 0 0
 731.414678246872 -NAN 0 0
 733.604664465375 -NAN 0 0
 735.795334573568 -NAN 0 0
[END] of [DATA]
[END] of Spectrum


[Spectrum]
Version            = 1
IDData             = 12ad_2026-06-10_13-47-15_000_649
IDDevice           = SAM_82E6
IDDataType         = SPECTRUM
IDDataTypeSub1     = CALIBRATED
IDDataTypeSub2     = 
IDDataTypeSub3     = 
DateTime           = 2026-06-10 13:47:15
PositionLatitude   = 0
PositionLongitude  = 0
Comment            = 20260610_FrameA
CommentSub1        = con
CommentSub2        = centre
CommentSub3        = 17cm
IDMethodType       = SAM Control
MethodName         = SAM_82E6
Mission            = No Mission
MissionSub         = 1
RecordType         = 0
[Attributes]
CalFactor = 1
IDBasisSpec = 
IDDataBack = DLAB_2024-11-11_10-40-48_641_639
IDDataCal = DLAB_2024-11-12_11-45-27_171_455
IntegrationTime = 128
P31 = -1
P31e = 0
PathLength = +INF
PathLengthCustomOn = 0
RAWDynamic = 65535
Salinity = 0
Temperature = -NAN
Unit1 = $01 $01 Wavelength nm
Unit2 = $03 $06 Intensity mW/(m^2 nm)
Unit3 = $f0 $06 Error mW/(m^2 nm)
Unit4 = $f1 $00 Status 
p999 = 8247
[END] of [Attributes]
[DATA]
 0 6 0 0
 185.260577530984 -NAN 0 0
 187.468128380571 -NAN 0 0
 189.674861895872 -NAN 0 0
 191.880784034125 -NAN 0 0
 194.085900752568 -NAN 0 0
 196.290218008439 -NAN 0 0
 198.493741758976 -NAN 0 0
 200.696477961417 -NAN 0 0
 202.898432573 -NAN 0 0
 205.099611550963 -NAN 0 0
 207.300020852544 -NAN 0 0
 209.499666434981 -NAN 0 0
 211.698554255512 -NAN 0 0
 213.896690271375 -NAN 0 0
 216.094080439808 -NAN 0 0
 218.290730718049 -NAN 0 0
 220.486647063336 -NAN 0 0
 222.681835432907 -NAN 0 0
 224.876301784 -NAN 0 0
 227.070052073853 -NAN 0 0
 229.263092259704 -NAN 0 0
 231.455428298791 -NAN 0 0
 233.647066148352 -NAN 0 0
 235.838011765625 -NAN 0 0
 238.028271107848 -NAN 0 0
 240.217850132259 -NAN 0 0
 242.406754796096 -NAN 0 0
 244.594991056597 -NAN 0 0
 246.782564871 -NAN 0 0
 248.969482196543 -NAN 0 0
 251.155748990464 -NAN 0 0
 253.341371210001 -NAN 0 0
 255.526354812392 -NAN 0 0
 257.710705754875 -NAN 0 0
 259.894429994688 -NAN 0 0
 262.077533489069 -NAN 0 0
 264.260022195256 -NAN 0 0
 266.441902070487 -NAN 0 0
 268.623179072 -NAN 0 0
 270.803859157033 -NAN 0 0
 272.983948282824 -NAN 0 0
 275.163452406611 -NAN 0 0
 277.342377485632 -NAN 0 0
 279.520729477125 2.56826475130659 0 0
 281.698514338328 -0.663778609092578 0 0
 283.875738026479 -0.743587098880016 0 0
 286.052406498816 3.01664298835267 0 0
 288.228525712577 -0.744002379261957 0 0
 290.404101625 -0.876565663725241 0 0
 292.579140193323 3.07055637320279 0 0
 294.753647374784 -0.799095832445114 0 0
 296.927629126621 -0.468890199548078 0 0
 299.101091406072 2.61766052510084 0 0
 301.274040170375 -0.65044497981514 0 0
 303.446481376768 -0.152580282792719 0 0
 305.618420982489 2.5445939682563 0 0
 307.789864944776 -0.439490779079876 0 0
 309.960819220867 0.0215375984597644 0 0
 312.131289768 2.98158760143024 0 0
 314.301282543413 0.516305276511938 0 0
 316.470803504344 3.5516225238453 0 0
 318.639858608031 10.1109028242845 0 0
 320.808453811712 10.3857602138909 0 0
 322.976595072625 15.244587805032 0 0
 325.144288348008 20.3467888446772 0 0
 327.311539595099 16.986590846721 0 0
 329.478354771136 18.7264555911298 0 0
 331.644739833357 20.9923806317312 0 0
 333.810700739 15.7946107142378 0 0
 335.976243445303 16.2098147385007 0 0
 338.141373909504 17.1140070002177 0 0
 340.306098088841 11.77431084421 0 0
 342.470421940552 12.032627979381 0 0
 344.634351421875 13.0680333490227 0 0
 346.797892490048 8.22302581327631 0 0
 348.961051102309 9.11598738763669 0 0
 351.123833215896 9.98951841031943 0 0
 353.286244788047 5.71749450295529 0 0
 355.448291776 7.11445341091128 0 0
 357.609980136993 8.1295368855849 0 0
 359.771315828264 5.26641130779517 0 0
 361.932304807051 9.82238219835775 0 0
 364.092953030592 14.44700467853 0 0
 366.253266456125 10.8271311747738 0 0
 368.413251040888 8.88859544325234 0 0
 370.572912742119 7.181650320497 0 0
 372.732257517056 2.36346619048141 0 0
 374.891291322937 4.48772509662342 0 0
 377.050020117 5.17064180909419 0 0
 379.208449856483 0.76918705500173 0 0
 381.366586498624 3.5166195844039 0 0
 383.524436000661 4.24212329173447 0 0
 385.682004319832 -0.262548228665097 0 0
 387.839297413375 3.03627331347542 0 0
 389.996321238528 3.48938211812666 0 0
 392.153081752529 -0.488385525361511 0 0
 394.309584912616 3.00118284007045 0 0
 396.465836676027 3.11619569729957 0 0
 398.621843 0.112092589444536 0 0
 400.777609841773 6.3132538738894 0 0
 402.933143158584 11.5591156654731 0 0
 405.088448907671 10.1406835438219 0 0
 407.243533046272 10.5663574080939 0 0
 409.398401531625 6.82649619903735 0 0
 411.553060320968 3.14241850798887 0 0
 413.707515371539 7.0516725552067 0 0
 415.861772640576 8.84191090167838 0 0
 418.015838085317 9.3941668819172 0 0
 420.169717663 16.2818475411552 0 0
 422.323417330863 21.9399084167878 0 0
 424.476943046144 27.8974841312877 0 0
 426.630300766081 41.6057632315223 0 0
 428.783496447912 56.5384100987614 0 0
 430.936536048875 77.6348100872341 0 0
 433.089425526208 119.314180991511 0 0
 435.242170837149 163.296144781221 0 0
 437.394777938936 200.943003160134 0 0
 439.547252788807 244.477258612469 0 0
 441.699601344 308.866727858247 0 0
 443.851829561753 388.192234176554 0 0
 446.003943399304 466.985620122219 0 0
 448.155948813891 512.645036774637 0 0
 450.307851762752 509.442766071806 0 0
 452.459658203125 465.183161801887 0 0
 454.611374092248 393.381577082845 0 0
 456.763005387359 322.667668261295 0 0
 458.914558045696 272.172860959025 0 0
 461.066038024497 233.480590984602 0 0
 463.217451281 203.302499175311 0 0
 465.368803772443 180.130783320758 0 0
 467.520101456064 152.196960514286 0 0
 469.671350289101 125.817003138476 0 0
 471.822556228792 108.882829236078 0 0
 473.973725232375 92.0283537339229 0 0
 476.124863257088 81.2387943151432 0 0
 478.275976260169 78.9627369905215 0 0
 480.427070198856 73.7863802907997 0 0
 482.578151030387 70.7396359686806 0 0
 484.729224712 73.3270045265935 0 0
 486.880297200933 71.5506163643402 0 0
 489.031374454424 72.0735353824716 0 0
 491.182462429711 78.2407528027955 0 0
 493.333567084032 79.6613170980959 0 0
 495.484694374625 82.8316819904725 0 0
 497.635850258728 90.4286678395159 0 0
 499.787040693579 92.3547224682944 0 0
 501.938271636416 95.882377677247 0 0
 504.089549044477 -NAN 0 0
 506.240878875 -NAN 0 0
 508.392267085223 -NAN 0 0
 510.543719632384 -NAN 0 0
 512.695242473721 -NAN 0 0
 514.846841566472 -NAN 0 0
 516.998522867875 -NAN 0 0
 519.150292335168 -NAN 0 0
 521.302155925589 -NAN 0 0
 523.454119596376 -NAN 0 0
 525.606189304767 -NAN 0 0
 527.758371008 -NAN 0 0
 529.910670663313 -NAN 0 0
 532.063094227944 -NAN 0 0
 534.215647659131 -NAN 0 0
 536.368336914112 -NAN 0 0
 538.521167950125 -NAN 0 0
 540.674146724408 -NAN 0 0
 542.827279194199 -NAN 0 0
 544.980571316736 -NAN 0 0
 547.134029049257 -NAN 0 0
 549.287658349 -NAN 0 0
 551.441465173203 -NAN 0 0
 553.595455479104 -NAN 0 0
 555.749635223941 -NAN 0 0
 557.904010364952 -NAN 0 0
 560.058586859375 -NAN 0 0
 562.213370664448 -NAN 0 0
 564.368367737409 -NAN 0 0
 566.523584035496 -NAN 0 0
 568.679025515947 -NAN 0 0
 570.834698136 -NAN 0 0
 572.990607852893 -NAN 0 0
 575.146760623864 -NAN 0 0
 577.303162406151 -NAN 0 0
 579.459819156992 -NAN 0 0
 581.616736833625 -NAN 0 0
 583.773921393288 -NAN 0 0
 585.931378793219 -NAN 0 0
 588.089114990656 -NAN 0 0
 590.247135942837 -NAN 0 0
 592.405447607 -NAN 0 0
 594.564055940383 -NAN 0 0
 596.722966900224 -NAN 0 0
 598.882186443761 -NAN 0 0
 601.041720528232 -NAN 0 0
 603.201575110875 -NAN 0 0
 605.361756148928 -NAN 0 0
 607.522269599629 -NAN 0 0
 609.683121420216 -NAN 0 0
 611.844317567927 -NAN 0 0
 614.005864 -NAN 0 0
 616.167766673673 -NAN 0 0
 618.330031546184 -NAN 0 0
 620.492664574771 -NAN 0 0
 622.655671716672 -NAN 0 0
 624.819058929125 -NAN 0 0
 626.982832169368 -NAN 0 0
 629.146997394639 -NAN 0 0
 631.311560562176 -NAN 0 0
 633.476527629217 -NAN 0 0
 635.641904553 -NAN 0 0
 637.807697290763 -NAN 0 0
 639.973911799744 -NAN 0 0
 642.140554037181 -NAN 0 0
 644.307629960312 -NAN 0 0
 646.475145526375 -NAN 0 0
 648.643106692608 -NAN 0 0
 650.811519416249 -NAN 0 0
 652.980389654536 -NAN 0 0
 655.149723364707 -NAN 0 0
 657.319526504 -NAN 0 0
 659.489805029653 -NAN 0 0
 661.660564898904 -NAN 0 0
 663.831812068991 -NAN 0 0
 666.003552497152 -NAN 0 0
 668.175792140625 -NAN 0 0
 670.348536956648 -NAN 0 0
 672.521792902459 -NAN 0 0
 674.695565935296 -NAN 0 0
 676.869862012397 -NAN 0 0
 679.044687091 -NAN 0 0
 681.220047128343 -NAN 0 0
 683.395948081664 -NAN 0 0
 685.572395908201 -NAN 0 0
 687.749396565192 -NAN 0 0
 689.926956009875 -NAN 0 0
 692.105080199488 -NAN 0 0
 694.283775091269 -NAN 0 0
 696.463046642456 -NAN 0 0
 698.642900810287 -NAN 0 0
 700.823343552 -NAN 0 0
 703.004380824833 -NAN 0 0
 705.186018586024 -NAN 0 0
 707.368262792811 -NAN 0 0
 709.551119402432 -NAN 0 0
 711.734594372125 -NAN 0 0
 713.918693659128 -NAN 0 0
 716.103423220679 -NAN 0 0
 718.288789014016 -NAN 0 0
 720.474796996377 -NAN 0 0
 722.661453125 -NAN 0 0
 724.848763357123 -NAN 0 0
 727.036733649984 -NAN 0 0
 729.225369960821 -NAN 0 0
 731.414678246872 -NAN 0 0
 733.604664465375 -NAN 0 0
 735.795334573568 -NAN 0 0
[END] of [DATA]
[END] of Spectrum


[Spectrum]
Version            = 1
IDData             = 12ad_2026-06-10_13-47-10_000_646
IDDevice           = SAM_82E6
IDDataType         = SPECTRUM
IDDataTypeSub1     = CALIBRATED
IDDataTypeSub2     = 
IDDataTypeSub3     = 
DateTime           = 2026-06-10 13:47:10
PositionLatitude   = 0
PositionLongitude  = 0
Comment            = 20260610_FrameA
CommentSub1        = con
CommentSub2        = centre
CommentSub3        = 17cm
IDMethodType       = SAM Control
MethodName         = SAM_82E6
Mission            = No Mission
MissionSub         = 1
RecordType         = 0
[Attributes]
CalFactor = 1
IDBasisSpec = 
IDDataBack = DLAB_2024-11-11_10-40-48_641_639
IDDataCal = DLAB_2024-11-12_11-45-27_171_455
IntegrationTime = 128
P31 = -1
P31e = 0
PathLength = +INF
PathLengthCustomOn = 0
RAWDynamic = 65535
Salinity = 0
Temperature = -NAN
Unit1 = $01 $01 Wavelength nm
Unit2 = $03 $06 Intensity mW/(m^2 nm)
Unit3 = $f0 $06 Error mW/(m^2 nm)
Unit4 = $f1 $00 Status 
p999 = 8246
[END] of [Attributes]
[DATA]
 0 6 0 0
 185.260577530984 -NAN 0 0
 187.468128380571 -NAN 0 0
 189.674861895872 -NAN 0 0
 191.880784034125 -NAN 0 0
 194.085900752568 -NAN 0 0
 196.290218008439 -NAN 0 0
 198.493741758976 -NAN 0 0
 200.696477961417 -NAN 0 0
 202.898432573 -NAN 0 0
 205.099611550963 -NAN 0 0
 207.300020852544 -NAN 0 0
 209.499666434981 -NAN 0 0
 211.698554255512 -NAN 0 0
 213.896690271375 -NAN 0 0
 216.094080439808 -NAN 0 0
 218.290730718049 -NAN 0 0
 220.486647063336 -NAN 0 0
 222.681835432907 -NAN 0 0
 224.876301784 -NAN 0 0
 227.070052073853 -NAN 0 0
 229.263092259704 -NAN 0 0
 231.455428298791 -NAN 0 0
 233.647066148352 -NAN 0 0
 235.838011765625 -NAN 0 0
 238.028271107848 -NAN 0 0
 240.217850132259 -NAN 0 0
 242.406754796096 -NAN 0 0
 244.594991056597 -NAN 0 0
 246.782564871 -NAN 0 0
 248.969482196543 -NAN 0 0
 251.155748990464 -NAN 0 0
 253.341371210001 -NAN 0 0
 255.526354812392 -NAN 0 0
 257.710705754875 -NAN 0 0
 259.894429994688 -NAN 0 0
 262.077533489069 -NAN 0 0
 264.260022195256 -NAN 0 0
 266.441902070487 -NAN 0 0
 268.623179072 -NAN 0 0
 270.803859157033 -NAN 0 0
 272.983948282824 -NAN 0 0
 275.163452406611 -NAN 0 0
 277.342377485632 -NAN 0 0
 279.520729477125 1.69280494181012 0 0
 281.698514338328 -1.86531674742794 0 0
 283.875738026479 1.49183399049508 0 0
 286.052406498816 1.96984259136402 0 0
 288.228525712577 -2.03486556342259 0 0
 290.404101625 1.73938050461254 0 0
 292.579140193323 1.90202789688955 0 0
 294.753647374784 -2.13088373873757 0 0
 296.927629126621 1.723790243356 0 0
 299.101091406072 1.60827036226267 0 0
 301.274040170375 -1.36174042151809 0 0
 303.446481376768 1.93022217125416 0 0
 305.618420982489 1.45948876039908 0 0
 307.789864944776 -1.22940939740238 0 0
 309.960819220867 2.00462571544536 0 0
 312.131289768 1.82595440194883 0 0
 314.301282543413 0.0128117104298058 0 0
 316.470803504344 5.77155888859623 0 0
 318.639858608031 8.67395074106935 0 0
 320.808453811712 9.90523189902351 0 0
 322.976595072625 17.5971972709656 0 0
 325.144288348008 18.5003009766641 0 0
 327.311539595099 16.378203812467 0 0
 329.478354771136 20.9739748560872 0 0
 331.644739833357 19.0722199845889 0 0
 333.810700739 15.3401844052365 0 0
 335.976243445303 18.6417917640892 0 0
 338.141373909504 15.2924930872134 0 0
 340.306098088841 11.3331929246408 0 0
 342.470421940552 14.2469061908237 0 0
 344.634351421875 11.4369937330421 0 0
 346.797892490048 8.22181783494907 0 0
 348.961051102309 10.9467885600037 0 0
 351.123833215896 8.25554625153214 0 0
 353.286244788047 5.93230724312011 0 0
 355.448291776 8.73979034174564 0 0
 357.609980136993 6.75995303425487 0 0
 359.771315828264 5.478304809535 0 0
 361.932304807051 11.4815338877744 0 0
 364.092953030592 12.8810569602899 0 0
 366.253266456125 11.0571919017673 0 0
 368.413251040888 10.7422027142163 0 0
 370.572912742119 5.4621957740103 0 0
 372.732257517056 2.66741672258344 0 0
 374.891291322937 6.32561201747009 0 0
 377.050020117 3.05872680788298 0 0
 379.208449856483 1.39753715393072 0 0
 381.366586498624 5.52487007830634 0 0
 383.524436000661 1.86155972429052 0 0
 385.682004319832 0.708921000444928 0 0
 387.839297413375 4.89662150915923 0 0
 389.996321238528 1.43999914181796 0 0
 392.153081752529 0.73411237666469 0 0
 394.309584912616 4.47254691373072 0 0
 396.465836676027 1.13329128401995 0 0
 398.621843 1.32881335337339 0 0
 400.777609841773 7.6930870181315 0 0
 402.933143158584 9.504795650147 0 0
 405.088448907671 10.9797145381604 0 0
 407.243533046272 11.6129889802867 0 0
 409.398401531625 4.94847876297735 0 0
 411.553060320968 4.21339138897759 0 0
 413.707515371539 8.10065480124939 0 0
 415.861772640576 7.02216638568717 0 0
 418.015838085317 10.2247880825502 0 0
 420.169717663 16.996095080393 0 0
 422.323417330863 20.1920847914296 0 0
 424.476943046144 28.7753612154997 0 0
 426.630300766081 42.117634530746 0 0
 428.783496447912 55.0960909984005 0 0
 430.936536048875 78.5832557987288 0 0
 433.089425526208 119.546538650949 0 0
 435.242170837149 161.525883344726 0 0
 437.394777938936 201.330665181701 0 0
 439.547252788807 244.6511524158 0 0
 441.699601344 307.489962155786 0 0
 443.851829561753 389.215933636898 0 0
 446.003943399304 467.354367302293 0 0
 448.155948813891 511.206949717319 0 0
 450.307851762752 510.789173419431 0 0
 452.459658203125 465.398991984138 0 0
 454.611374092248 391.891431323206 0 0
 456.763005387359 324.107641484778 0 0
 458.914558045696 272.47726042586 0 0
 461.066038024497 231.883994161614 0 0
 463.217451281 204.722326198012 0 0
 465.368803772443 180.034728877511 0 0
 467.520101456064 150.576505520418 0 0
 469.671350289101 127.550084025323 0 0
 471.822556228792 108.60628085305 0 0
 473.973725232375 90.6002359306766 0 0
 476.124863257088 82.9913784317411 0 0
 478.275976260169 78.581579628944 0 0
 480.427070198856 72.2013644436613 0 0
 482.578151030387 72.2855001033156 0 0
 484.729224712 72.8632007957694 0 0
 486.880297200933 70.0796518351771 0 0
 489.031374454424 73.8246611357764 0 0
 491.182462429711 77.8576693863486 0 0
 493.333567084032 78.036966398249 0 0
 495.484694374625 84.763102508126 0 0
 497.635850258728 89.7363780034393 0 0
 499.787040693579 91.1990602720306 0 0
 501.938271636416 97.8766266587071 0 0
 504.089549044477 -NAN 0 0
 506.240878875 -NAN 0 0
 508.392267085223 -NAN 0 0
 510.543719632384 -NAN 0 0
 512.695242473721 -NAN 0 0
 514.846841566472 -NAN 0 0
 516.998522867875 -NAN 0 0
 519.150292335168 -NAN 0 0
 521.302155925589 -NAN 0 0
 523.454119596376 -NAN 0 0
 525.606189304767 -NAN 0 0
 527.758371008 -NAN 0 0
 529.910670663313 -NAN 0 0
 532.063094227944 -NAN 0 0
 534.215647659131 -NAN 0 0
 536.368336914112 -NAN 0 0
 538.521167950125 -NAN 0 0
 540.674146724408 -NAN 0 0
 542.827279194199 -NAN 0 0
 544.980571316736 -NAN 0 0
 547.134029049257 -NAN 0 0
 549.287658349 -NAN 0 0
 551.441465173203 -NAN 0 0
 553.595455479104 -NAN 0 0
 555.749635223941 -NAN 0 0
 557.904010364952 -NAN 0 0
 560.058586859375 -NAN 0 0
 562.213370664448 -NAN 0 0
 564.368367737409 -NAN 0 0
 566.523584035496 -NAN 0 0
 568.679025515947 -NAN 0 0
 570.834698136 -NAN 0 0
 572.990607852893 -NAN 0 0
 575.146760623864 -NAN 0 0
 577.303162406151 -NAN 0 0
 579.459819156992 -NAN 0 0
 581.616736833625 -NAN 0 0
 583.773921393288 -NAN 0 0
 585.931378793219 -NAN 0 0
 588.089114990656 -NAN 0 0
 590.247135942837 -NAN 0 0
 592.405447607 -NAN 0 0
 594.564055940383 -NAN 0 0
 596.722966900224 -NAN 0 0
 598.882186443761 -NAN 0 0
 601.041720528232 -NAN 0 0
 603.201575110875 -NAN 0 0
 605.361756148928 -NAN 0 0
 607.522269599629 -NAN 0 0
 609.683121420216 -NAN 0 0
 611.844317567927 -NAN 0 0
 614.005864 -NAN 0 0
 616.167766673673 -NAN 0 0
 618.330031546184 -NAN 0 0
 620.492664574771 -NAN 0 0
 622.655671716672 -NAN 0 0
 624.819058929125 -NAN 0 0
 626.982832169368 -NAN 0 0
 629.146997394639 -NAN 0 0
 631.311560562176 -NAN 0 0
 633.476527629217 -NAN 0 0
 635.641904553 -NAN 0 0
 637.807697290763 -NAN 0 0
 639.973911799744 -NAN 0 0
 642.140554037181 -NAN 0 0
 644.307629960312 -NAN 0 0
 646.475145526375 -NAN 0 0
 648.643106692608 -NAN 0 0
 650.811519416249 -NAN 0 0
 652.980389654536 -NAN 0 0
 655.149723364707 -NAN 0 0
 657.319526504 -NAN 0 0
 659.489805029653 -NAN 0 0
 661.660564898904 -NAN 0 0
 663.831812068991 -NAN 0 0
 666.003552497152 -NAN 0 0
 668.175792140625 -NAN 0 0
 670.348536956648 -NAN 0 0
 672.521792902459 -NAN 0 0
 674.695565935296 -NAN 0 0
 676.869862012397 -NAN 0 0
 679.044687091 -NAN 0 0
 681.220047128343 -NAN 0 0
 683.395948081664 -NAN 0 0
 685.572395908201 -NAN 0 0
 687.749396565192 -NAN 0 0
 689.926956009875 -NAN 0 0
 692.105080199488 -NAN 0 0
 694.283775091269 -NAN 0 0
 696.463046642456 -NAN 0 0
 698.642900810287 -NAN 0 0
 700.823343552 -NAN 0 0
 703.004380824833 -NAN 0 0
 705.186018586024 -NAN 0 0
 707.368262792811 -NAN 0 0
 709.551119402432 -NAN 0 0
 711.734594372125 -NAN 0 0
 713.918693659128 -NAN 0 0
 716.103423220679 -NAN 0 0
 718.288789014016 -NAN 0 0
 720.474796996377 -NAN 0 0
 722.661453125 -NAN 0 0
 724.848763357123 -NAN 0 0
 727.036733649984 -NAN 0 0
 729.225369960821 -NAN 0 0
 731.414678246872 -NAN 0 0
 733.604664465375 -NAN 0 0
 735.795334573568 -NAN 0 0
[END] of [DATA]
[END] of Spectrum


