[Spectrum]
Version            = 1
IDData             = 12ad_2026-06-11_09-46-40_000_127
IDDevice           = SAM_82E6
IDDataType         = SPECTRUM
IDDataTypeSub1     = CALIBRATED
IDDataTypeSub2     = 
IDDataTypeSub3     = 
DateTime           = 2026-06-11 09:46:40
PositionLatitude   = 0
PositionLongitude  = 0
Comment            = 20260611_FrameD
CommentSub1        = UV
CommentSub2        = left
CommentSub3        = 28cm
IDMethodType       = SAM Control
MethodName         = SAM_82E6
Mission            = No Mission
MissionSub         = 1
RecordType         = 0
[Attributes]
CalFactor = 1
IDBasisSpec = 
IDDataBack = DLAB_2024-11-11_10-40-48_641_639
IDDataCal = DLAB_2024-11-12_11-45-27_171_455
IntegrationTime = 128
P31 = -1
P31e = 0
PathLength = +INF
PathLengthCustomOn = 0
RAWDynamic = 65535
Salinity = 0
Temperature = -NAN
Unit1 = $01 $01 Wavelength nm
Unit2 = $03 $06 Intensity mW/(m^2 nm)
Unit3 = $f0 $06 Error mW/(m^2 nm)
Unit4 = $f1 $00 Status 
p999 = 8535
[END] of [Attributes]
[DATA]
 0 6 0 0
 185.260577530984 -NAN 0 0
 187.468128380571 -NAN 0 0
 189.674861895872 -NAN 0 0
 191.880784034125 -NAN 0 0
 194.085900752568 -NAN 0 0
 196.290218008439 -NAN 0 0
 198.493741758976 -NAN 0 0
 200.696477961417 -NAN 0 0
 202.898432573 -NAN 0 0
 205.099611550963 -NAN 0 0
 207.300020852544 -NAN 0 0
 209.499666434981 -NAN 0 0
 211.698554255512 -NAN 0 0
 213.896690271375 -NAN 0 0
 216.094080439808 -NAN 0 0
 218.290730718049 -NAN 0 0
 220.486647063336 -NAN 0 0
 222.681835432907 -NAN 0 0
 224.876301784 -NAN 0 0
 227.070052073853 -NAN 0 0
 229.263092259704 -NAN 0 0
 231.455428298791 -NAN 0 0
 233.647066148352 -NAN 0 0
 235.838011765625 -NAN 0 0
 238.028271107848 -NAN 0 0
 240.217850132259 -NAN 0 0
 242.406754796096 -NAN 0 0
 244.594991056597 -NAN 0 0
 246.782564871 -NAN 0 0
 248.969482196543 -NAN 0 0
 251.155748990464 -NAN 0 0
 253.341371210001 -NAN 0 0
 255.526354812392 -NAN 0 0
 257.710705754875 -NAN 0 0
 259.894429994688 -NAN 0 0
 262.077533489069 -NAN 0 0
 264.260022195256 -NAN 0 0
 266.441902070487 -NAN 0 0
 268.623179072 -NAN 0 0
 270.803859157033 -NAN 0 0
 272.983948282824 -NAN 0 0
 275.163452406611 -NAN 0 0
 277.342377485632 -NAN 0 0
 279.520729477125 4.12989576284082 0 0
 281.698514338328 5.80020893816536 0 0
 283.875738026479 5.14504584028244 0 0
 286.052406498816 11.7627256394756 0 0
 288.228525712577 15.3910710724773 0 0
 290.404101625 18.6405157545236 0 0
 292.579140193323 29.3476466692601 0 0
 294.753647374784 37.2820995723533 0 0
 296.927629126621 42.9225671349567 0 0
 299.101091406072 54.1787877805389 0 0
 301.274040170375 62.2104347246147 0 0
 303.446481376768 66.0733293153125 0 0
 305.618420982489 74.3163990841884 0 0
 307.789864944776 77.0537703726722 0 0
 309.960819220867 81.0352801606984 0 0
 312.131289768 88.8337692836441 0 0
 314.301282543413 84.2311223585375 0 0
 316.470803504344 76.4026767656549 0 0
 318.639858608031 74.0829289604742 0 0
 320.808453811712 66.0125698490959 0 0
 322.976595072625 62.3417762288498 0 0
 325.144288348008 60.6692330617249 0 0
 327.311539595099 52.4167061331034 0 0
 329.478354771136 48.0349397716206 0 0
 331.644739833357 46.6458453146009 0 0
 333.810700739 39.2589945914042 0 0
 335.976243445303 35.4330449754299 0 0
 338.141373909504 33.8151970182956 0 0
 340.306098088841 26.6203040880521 0 0
 342.470421940552 24.4933443957553 0 0
 344.634351421875 23.7219790904165 0 0
 346.797892490048 17.9134279543639 0 0
 348.961051102309 16.9573215308133 0 0
 351.123833215896 16.3903271927247 0 0
 353.286244788047 11.9721436277544 0 0
 355.448291776 12.5487367825692 0 0
 357.609980136993 12.7490714709154 0 0
 359.771315828264 10.2937728668407 0 0
 361.932304807051 16.5753821255002 0 0
 364.092953030592 22.569158885465 0 0
 366.253266456125 19.4386428542177 0 0
 368.413251040888 15.1440653701157 0 0
 370.572912742119 10.2487854574733 0 0
 372.732257517056 5.38470838940117 0 0
 374.891291322937 7.45630909167055 0 0
 377.050020117 6.27970755760746 0 0
 379.208449856483 2.7759889299776 0 0
 381.366586498624 5.64499765887052 0 0
 383.524436000661 4.23359589985109 0 0
 385.682004319832 1.34186947329114 0 0
 387.839297413375 4.81302627416658 0 0
 389.996321238528 3.22811739325112 0 0
 392.153081752529 1.02690131801262 0 0
 394.309584912616 4.5393651154076 0 0
 396.465836676027 2.62483278920184 0 0
 398.621843 2.06256098963582 0 0
 400.777609841773 10.1445342159603 0 0
 402.933143158584 16.2735329739328 0 0
 405.088448907671 18.2484501069762 0 0
 407.243533046272 16.5253857464812 0 0
 409.398401531625 8.03649401019009 0 0
 411.553060320968 5.89540338023174 0 0
 413.707515371539 9.31721965080547 0 0
 415.861772640576 9.46039950329963 0 0
 418.015838085317 13.4401276651187 0 0
 420.169717663 20.9589863941246 0 0
 422.323417330863 26.334645662319 0 0
 424.476943046144 37.015333887633 0 0
 426.630300766081 52.9273550706753 0 0
 428.783496447912 70.8570730085973 0 0
 430.936536048875 102.340543642435 0 0
 433.089425526208 158.78745640452 0 0
 435.242170837149 217.92889027826 0 0
 437.394777938936 268.559252752855 0 0
 439.547252788807 318.036763846518 0 0
 441.699601344 398.298140091389 0 0
 443.851829561753 504.215970560242 0 0
 446.003943399304 604.857709622575 0 0
 448.155948813891 663.215120702779 0 0
 450.307851762752 662.186502238373 0 0
 452.459658203125 599.516608282638 0 0
 454.611374092248 502.600607578114 0 0
 456.763005387359 413.16046689013 0 0
 458.914558045696 344.16882403623 0 0
 461.066038024497 294.656638493156 0 0
 463.217451281 261.701324470426 0 0
 465.368803772443 228.079894737942 0 0
 467.520101456064 192.366679615404 0 0
 469.671350289101 162.929398594235 0 0
 471.822556228792 135.811864668 0 0
 473.973725232375 115.15130968471 0 0
 476.124863257088 106.20232347563 0 0
 478.275976260169 98.3184189845648 0 0
 480.427070198856 93.0672125564113 0 0
 482.578151030387 93.9577339677245 0 0
 484.729224712 91.6668098827944 0 0
 486.880297200933 90.8935202717829 0 0
 489.031374454424 96.0745880395876 0 0
 491.182462429711 98.0963125042282 0 0
 493.333567084032 102.219640525305 0 0
 495.484694374625 110.577727570151 0 0
 497.635850258728 114.060875555982 0 0
 499.787040693579 119.353513608478 0 0
 501.938271636416 127.413681864413 0 0
 504.089549044477 -NAN 0 0
 506.240878875 -NAN 0 0
 508.392267085223 -NAN 0 0
 510.543719632384 -NAN 0 0
 512.695242473721 -NAN 0 0
 514.846841566472 -NAN 0 0
 516.998522867875 -NAN 0 0
 519.150292335168 -NAN 0 0
 521.302155925589 -NAN 0 0
 523.454119596376 -NAN 0 0
 525.606189304767 -NAN 0 0
 527.758371008 -NAN 0 0
 529.910670663313 -NAN 0 0
 532.063094227944 -NAN 0 0
 534.215647659131 -NAN 0 0
 536.368336914112 -NAN 0 0
 538.521167950125 -NAN 0 0
 540.674146724408 -NAN 0 0
 542.827279194199 -NAN 0 0
 544.980571316736 -NAN 0 0
 547.134029049257 -NAN 0 0
 549.287658349 -NAN 0 0
 551.441465173203 -NAN 0 0
 553.595455479104 -NAN 0 0
 555.749635223941 -NAN 0 0
 557.904010364952 -NAN 0 0
 560.058586859375 -NAN 0 0
 562.213370664448 -NAN 0 0
 564.368367737409 -NAN 0 0
 566.523584035496 -NAN 0 0
 568.679025515947 -NAN 0 0
 570.834698136 -NAN 0 0
 572.990607852893 -NAN 0 0
 575.146760623864 -NAN 0 0
 577.303162406151 -NAN 0 0
 579.459819156992 -NAN 0 0
 581.616736833625 -NAN 0 0
 583.773921393288 -NAN 0 0
 585.931378793219 -NAN 0 0
 588.089114990656 -NAN 0 0
 590.247135942837 -NAN 0 0
 592.405447607 -NAN 0 0
 594.564055940383 -NAN 0 0
 596.722966900224 -NAN 0 0
 598.882186443761 -NAN 0 0
 601.041720528232 -NAN 0 0
 603.201575110875 -NAN 0 0
 605.361756148928 -NAN 0 0
 607.522269599629 -NAN 0 0
 609.683121420216 -NAN 0 0
 611.844317567927 -NAN 0 0
 614.005864 -NAN 0 0
 616.167766673673 -NAN 0 0
 618.330031546184 -NAN 0 0
 620.492664574771 -NAN 0 0
 622.655671716672 -NAN 0 0
 624.819058929125 -NAN 0 0
 626.982832169368 -NAN 0 0
 629.146997394639 -NAN 0 0
 631.311560562176 -NAN 0 0
 633.476527629217 -NAN 0 0
 635.641904553 -NAN 0 0
 637.807697290763 -NAN 0 0
 639.973911799744 -NAN 0 0
 642.140554037181 -NAN 0 0
 644.307629960312 -NAN 0 0
 646.475145526375 -NAN 0 0
 648.643106692608 -NAN 0 0
 650.811519416249 -NAN 0 0
 652.980389654536 -NAN 0 0
 655.149723364707 -NAN 0 0
 657.319526504 -NAN 0 0
 659.489805029653 -NAN 0 0
 661.660564898904 -NAN 0 0
 663.831812068991 -NAN 0 0
 666.003552497152 -NAN 0 0
 668.175792140625 -NAN 0 0
 670.348536956648 -NAN 0 0
 672.521792902459 -NAN 0 0
 674.695565935296 -NAN 0 0
 676.869862012397 -NAN 0 0
 679.044687091 -NAN 0 0
 681.220047128343 -NAN 0 0
 683.395948081664 -NAN 0 0
 685.572395908201 -NAN 0 0
 687.749396565192 -NAN 0 0
 689.926956009875 -NAN 0 0
 692.105080199488 -NAN 0 0
 694.283775091269 -NAN 0 0
 696.463046642456 -NAN 0 0
 698.642900810287 -NAN 0 0
 700.823343552 -NAN 0 0
 703.004380824833 -NAN 0 0
 705.186018586024 -NAN 0 0
 707.368262792811 -NAN 0 0
 709.551119402432 -NAN 0 0
 711.734594372125 -NAN 0 0
 713.918693659128 -NAN 0 0
 716.103423220679 -NAN 0 0
 718.288789014016 -NAN 0 0
 720.474796996377 -NAN 0 0
 722.661453125 -NAN 0 0
 724.848763357123 -NAN 0 0
 727.036733649984 -NAN 0 0
 729.225369960821 -NAN 0 0
 731.414678246872 -NAN 0 0
 733.604664465375 -NAN 0 0
 735.795334573568 -NAN 0 0
[END] of [DATA]
[END] of Spectrum


[Spectrum]
Version            = 1
IDData             = 12ad_2026-06-11_09-46-35_000_124
IDDevice           = SAM_82E6
IDDataType         = SPECTRUM
IDDataTypeSub1     = CALIBRATED
IDDataTypeSub2     = 
IDDataTypeSub3     = 
DateTime           = 2026-06-11 09:46:35
PositionLatitude   = 0
PositionLongitude  = 0
Comment            = 20260611_FrameD
CommentSub1        = UV
CommentSub2        = left
CommentSub3        = 28cm
IDMethodType       = SAM Control
MethodName         = SAM_82E6
Mission            = No Mission
MissionSub         = 1
RecordType         = 0
[Attributes]
CalFactor = 1
IDBasisSpec = 
IDDataBack = DLAB_2024-11-11_10-40-48_641_639
IDDataCal = DLAB_2024-11-12_11-45-27_171_455
IntegrationTime = 128
P31 = -1
P31e = 0
PathLength = +INF
PathLengthCustomOn = 0
RAWDynamic = 65535
Salinity = 0
Temperature = -NAN
Unit1 = $01 $01 Wavelength nm
Unit2 = $03 $06 Intensity mW/(m^2 nm)
Unit3 = $f0 $06 Error mW/(m^2 nm)
Unit4 = $f1 $00 Status 
p999 = 8534
[END] of [Attributes]
[DATA]
 0 6 0 0
 185.260577530984 -NAN 0 0
 187.468128380571 -NAN 0 0
 189.674861895872 -NAN 0 0
 191.880784034125 -NAN 0 0
 194.085900752568 -NAN 0 0
 196.290218008439 -NAN 0 0
 198.493741758976 -NAN 0 0
 200.696477961417 -NAN 0 0
 202.898432573 -NAN 0 0
 205.099611550963 -NAN 0 0
 207.300020852544 -NAN 0 0
 209.499666434981 -NAN 0 0
 211.698554255512 -NAN 0 0
 213.896690271375 -NAN 0 0
 216.094080439808 -NAN 0 0
 218.290730718049 -NAN 0 0
 220.486647063336 -NAN 0 0
 222.681835432907 -NAN 0 0
 224.876301784 -NAN 0 0
 227.070052073853 -NAN 0 0
 229.263092259704 -NAN 0 0
 231.455428298791 -NAN 0 0
 233.647066148352 -NAN 0 0
 235.838011765625 -NAN 0 0
 238.028271107848 -NAN 0 0
 240.217850132259 -NAN 0 0
 242.406754796096 -NAN 0 0
 244.594991056597 -NAN 0 0
 246.782564871 -NAN 0 0
 248.969482196543 -NAN 0 0
 251.155748990464 -NAN 0 0
 253.341371210001 -NAN 0 0
 255.526354812392 -NAN 0 0
 257.710705754875 -NAN 0 0
 259.894429994688 -NAN 0 0
 262.077533489069 -NAN 0 0
 264.260022195256 -NAN 0 0
 266.441902070487 -NAN 0 0
 268.623179072 -NAN 0 0
 270.803859157033 -NAN 0 0
 272.983948282824 -NAN 0 0
 275.163452406611 -NAN 0 0
 277.342377485632 -NAN 0 0
 279.520729477125 3.81607517679088 0 0
 281.698514338328 2.90553490304621 0 0
 283.875738026479 8.77989984157839 0 0
 286.052406498816 10.8219119678409 0 0
 288.228525712577 12.7864214955583 0 0
 290.404101625 22.3833981543576 0 0
 292.579140193323 27.4701075492972 0 0
 294.753647374784 34.7198108153343 0 0
 296.927629126621 45.8706875683228 0 0
 299.101091406072 51.6690171985588 0 0
 301.274040170375 60.059143127686 0 0
 303.446481376768 68.2358614909879 0 0
 305.618420982489 71.5095362571246 0 0
 307.789864944776 75.2644283333328 0 0
 309.960819220867 82.8443752603354 0 0
 312.131289768 85.2689728124103 0 0
 314.301282543413 82.7869214137938 0 0
 316.470803504344 78.4698932373987 0 0
 318.639858608031 70.0306468994825 0 0
 320.808453811712 65.1979345895423 0 0
 322.976595072625 64.4932959436606 0 0
 325.144288348008 56.2515216652277 0 0
 327.311539595099 52.1792152908164 0 0
 329.478354771136 50.0697553602783 0 0
 331.644739833357 42.142276549291 0 0
 333.810700739 39.658652908767 0 0
 335.976243445303 37.3954890785647 0 0
 338.141373909504 29.4418783405043 0 0
 340.306098088841 27.6464122332656 0 0
 342.470421940552 25.8368390409003 0 0
 344.634351421875 19.8512466787061 0 0
 346.797892490048 19.4137370367911 0 0
 348.961051102309 17.6651233738257 0 0
 351.123833215896 13.1865645597684 0 0
 353.286244788047 13.9152720692453 0 0
 355.448291776 12.9166158231684 0 0
 357.609980136993 9.72292294561545 0 0
 359.771315828264 12.5783505201169 0 0
 361.932304807051 16.5160874919935 0 0
 364.092953030592 19.8053232587515 0 0
 366.253266456125 22.1503230982736 0 0
 368.413251040888 14.6421730155185 0 0
 370.572912742119 7.53584037316993 0 0
 372.732257517056 8.76599499544607 0 0
 374.891291322937 6.53669339755269 0 0
 377.050020117 3.7967245385479 0 0
 379.208449856483 6.40334629395071 0 0
 381.366586498624 4.22042587994465 0 0
 383.524436000661 2.084693145239 0 0
 385.682004319832 5.33584545475665 0 0
 387.839297413375 2.79823942400483 0 0
 389.996321238528 1.35712484736819 0 0
 392.153081752529 4.79846692267462 0 0
 394.309584912616 1.93754616031603 0 0
 396.465836676027 1.53739028767409 0 0
 398.621843 5.59728739651309 0 0
 400.777609841773 6.9843131598733 0 0
 402.933143158584 15.4751235910485 0 0
 405.088448907671 20.9461251634439 0 0
 407.243533046272 13.4033110907233 0 0
 409.398401531625 7.89211927135936 0 0
 411.553060320968 8.15867459731602 0 0
 413.707515371539 6.54892474466652 0 0
 415.861772640576 9.77270562887075 0 0
 418.015838085317 15.1387234458214 0 0
 420.169717663 18.3195815802523 0 0
 422.323417330863 26.7631325437583 0 0
 424.476943046144 38.4692900695736 0 0
 426.630300766081 50.550131532628 0 0
 428.783496447912 71.706785254748 0 0
 430.936536048875 103.230484014646 0 0
 433.089425526208 156.135178730941 0 0
 435.242170837149 218.317308814665 0 0
 437.394777938936 268.703127317561 0 0
 439.547252788807 315.707395690274 0 0
 441.699601344 399.762854408873 0 0
 443.851829561753 504.667971957287 0 0
 446.003943399304 602.686293513459 0 0
 448.155948813891 665.220896793707 0 0
 450.307851762752 662.42999184578 0 0
 452.459658203125 597.048918988577 0 0
 454.611374092248 504.723138104927 0 0
 456.763005387359 413.019886453397 0 0
 458.914558045696 342.084935227208 0 0
 461.066038024497 297.260915123379 0 0
 463.217451281 261.27132565009 0 0
 465.368803772443 226.160916959655 0 0
 467.520101456064 195.123488045156 0 0
 469.671350289101 161.877209573613 0 0
 471.822556228792 134.041080555331 0 0
 473.973725232375 118.04498245798 0 0
 476.124863257088 104.667843636334 0 0
 478.275976260169 96.9582539391687 0 0
 480.427070198856 95.9944238327849 0 0
 482.578151030387 92.0089406254338 0 0
 484.729224712 90.6810872548743 0 0
 486.880297200933 93.9540213758057 0 0
 489.031374454424 93.8389655123653 0 0
 491.182462429711 97.4530004113029 0 0
 493.333567084032 104.904996171659 0 0
 495.484694374625 107.888127651584 0 0
 497.635850258728 113.863391926039 0 0
 499.787040693579 121.838785274196 0 0
 501.938271636416 124.546612632568 0 0
 504.089549044477 -NAN 0 0
 506.240878875 -NAN 0 0
 508.392267085223 -NAN 0 0
 510.543719632384 -NAN 0 0
 512.695242473721 -NAN 0 0
 514.846841566472 -NAN 0 0
 516.998522867875 -NAN 0 0
 519.150292335168 -NAN 0 0
 521.302155925589 -NAN 0 0
 523.454119596376 -NAN 0 0
 525.606189304767 -NAN 0 0
 527.758371008 -NAN 0 0
 529.910670663313 -NAN 0 0
 532.063094227944 -NAN 0 0
 534.215647659131 -NAN 0 0
 536.368336914112 -NAN 0 0
 538.521167950125 -NAN 0 0
 540.674146724408 -NAN 0 0
 542.827279194199 -NAN 0 0
 544.980571316736 -NAN 0 0
 547.134029049257 -NAN 0 0
 549.287658349 -NAN 0 0
 551.441465173203 -NAN 0 0
 553.595455479104 -NAN 0 0
 555.749635223941 -NAN 0 0
 557.904010364952 -NAN 0 0
 560.058586859375 -NAN 0 0
 562.213370664448 -NAN 0 0
 564.368367737409 -NAN 0 0
 566.523584035496 -NAN 0 0
 568.679025515947 -NAN 0 0
 570.834698136 -NAN 0 0
 572.990607852893 -NAN 0 0
 575.146760623864 -NAN 0 0
 577.303162406151 -NAN 0 0
 579.459819156992 -NAN 0 0
 581.616736833625 -NAN 0 0
 583.773921393288 -NAN 0 0
 585.931378793219 -NAN 0 0
 588.089114990656 -NAN 0 0
 590.247135942837 -NAN 0 0
 592.405447607 -NAN 0 0
 594.564055940383 -NAN 0 0
 596.722966900224 -NAN 0 0
 598.882186443761 -NAN 0 0
 601.041720528232 -NAN 0 0
 603.201575110875 -NAN 0 0
 605.361756148928 -NAN 0 0
 607.522269599629 -NAN 0 0
 609.683121420216 -NAN 0 0
 611.844317567927 -NAN 0 0
 614.005864 -NAN 0 0
 616.167766673673 -NAN 0 0
 618.330031546184 -NAN 0 0
 620.492664574771 -NAN 0 0
 622.655671716672 -NAN 0 0
 624.819058929125 -NAN 0 0
 626.982832169368 -NAN 0 0
 629.146997394639 -NAN 0 0
 631.311560562176 -NAN 0 0
 633.476527629217 -NAN 0 0
 635.641904553 -NAN 0 0
 637.807697290763 -NAN 0 0
 639.973911799744 -NAN 0 0
 642.140554037181 -NAN 0 0
 644.307629960312 -NAN 0 0
 646.475145526375 -NAN 0 0
 648.643106692608 -NAN 0 0
 650.811519416249 -NAN 0 0
 652.980389654536 -NAN 0 0
 655.149723364707 -NAN 0 0
 657.319526504 -NAN 0 0
 659.489805029653 -NAN 0 0
 661.660564898904 -NAN 0 0
 663.831812068991 -NAN 0 0
 666.003552497152 -NAN 0 0
 668.175792140625 -NAN 0 0
 670.348536956648 -NAN 0 0
 672.521792902459 -NAN 0 0
 674.695565935296 -NAN 0 0
 676.869862012397 -NAN 0 0
 679.044687091 -NAN 0 0
 681.220047128343 -NAN 0 0
 683.395948081664 -NAN 0 0
 685.572395908201 -NAN 0 0
 687.749396565192 -NAN 0 0
 689.926956009875 -NAN 0 0
 692.105080199488 -NAN 0 0
 694.283775091269 -NAN 0 0
 696.463046642456 -NAN 0 0
 698.642900810287 -NAN 0 0
 700.823343552 -NAN 0 0
 703.004380824833 -NAN 0 0
 705.186018586024 -NAN 0 0
 707.368262792811 -NAN 0 0
 709.551119402432 -NAN 0 0
 711.734594372125 -NAN 0 0
 713.918693659128 -NAN 0 0
 716.103423220679 -NAN 0 0
 718.288789014016 -NAN 0 0
 720.474796996377 -NAN 0 0
 722.661453125 -NAN 0 0
 724.848763357123 -NAN 0 0
 727.036733649984 -NAN 0 0
 729.225369960821 -NAN 0 0
 731.414678246872 -NAN 0 0
 733.604664465375 -NAN 0 0
 735.795334573568 -NAN 0 0
[END] of [DATA]
[END] of Spectrum


[Spectrum]
Version            = 1
IDData             = 12ad_2026-06-11_09-46-30_000_121
IDDevice           = SAM_82E6
IDDataType         = SPECTRUM
IDDataTypeSub1     = CALIBRATED
IDDataTypeSub2     = 
IDDataTypeSub3     = 
DateTime           = 2026-06-11 09:46:30
PositionLatitude   = 0
PositionLongitude  = 0
Comment            = 20260611_FrameD
CommentSub1        = UV
CommentSub2        = left
CommentSub3        = 28cm
IDMethodType       = SAM Control
MethodName         = SAM_82E6
Mission            = No Mission
MissionSub         = 1
RecordType         = 0
[Attributes]
CalFactor = 1
IDBasisSpec = 
IDDataBack = DLAB_2024-11-11_10-40-48_641_639
IDDataCal = DLAB_2024-11-12_11-45-27_171_455
IntegrationTime = 128
P31 = -1
P31e = 0
PathLength = +INF
PathLengthCustomOn = 0
RAWDynamic = 65535
Salinity = 0
Temperature = -NAN
Unit1 = $01 $01 Wavelength nm
Unit2 = $03 $06 Intensity mW/(m^2 nm)
Unit3 = $f0 $06 Error mW/(m^2 nm)
Unit4 = $f1 $00 Status 
p999 = 8533
[END] of [Attributes]
[DATA]
 0 6 0 0
 185.260577530984 -NAN 0 0
 187.468128380571 -NAN 0 0
 189.674861895872 -NAN 0 0
 191.880784034125 -NAN 0 0
 194.085900752568 -NAN 0 0
 196.290218008439 -NAN 0 0
 198.493741758976 -NAN 0 0
 200.696477961417 -NAN 0 0
 202.898432573 -NAN 0 0
 205.099611550963 -NAN 0 0
 207.300020852544 -NAN 0 0
 209.499666434981 -NAN 0 0
 211.698554255512 -NAN 0 0
 213.896690271375 -NAN 0 0
 216.094080439808 -NAN 0 0
 218.290730718049 -NAN 0 0
 220.486647063336 -NAN 0 0
 222.681835432907 -NAN 0 0
 224.876301784 -NAN 0 0
 227.070052073853 -NAN 0 0
 229.263092259704 -NAN 0 0
 231.455428298791 -NAN 0 0
 233.647066148352 -NAN 0 0
 235.838011765625 -NAN 0 0
 238.028271107848 -NAN 0 0
 240.217850132259 -NAN 0 0
 242.406754796096 -NAN 0 0
 244.594991056597 -NAN 0 0
 246.782564871 -NAN 0 0
 248.969482196543 -NAN 0 0
 251.155748990464 -NAN 0 0
 253.341371210001 -NAN 0 0
 255.526354812392 -NAN 0 0
 257.710705754875 -NAN 0 0
 259.894429994688 -NAN 0 0
 262.077533489069 -NAN 0 0
 264.260022195256 -NAN 0 0
 266.441902070487 -NAN 0 0
 268.623179072 -NAN 0 0
 270.803859157033 -NAN 0 0
 272.983948282824 -NAN 0 0
 275.163452406611 -NAN 0 0
 277.342377485632 -NAN 0 0
 279.520729477125 3.00537199616186 0 0
 281.698514338328 6.17282957954249 0 0
 283.875738026479 5.1408094137075 0 0
 286.052406498816 10.0335449559617 0 0
 288.228525712577 15.7993907256247 0 0
 290.404101625 18.1650213703955 0 0
 292.579140193323 27.313645955967 0 0
 294.753647374784 37.10553159711 0 0
 296.927629126621 41.6389539746926 0 0
 299.101091406072 51.8799523329417 0 0
 301.274040170375 61.4341596014511 0 0
 303.446481376768 63.9271799591499 0 0
 305.618420982489 71.8160327727235 0 0
 307.789864944776 75.780708025687 0 0
 309.960819220867 78.5810059843092 0 0
 312.131289768 85.974505447342 0 0
 314.301282543413 83.0764592843584 0 0
 316.470803504344 73.8259867308394 0 0
 318.639858608031 71.670856305122 0 0
 320.808453811712 65.5293793274979 0 0
 322.976595072625 59.6038619251005 0 0
 325.144288348008 58.7678847253893 0 0
 327.311539595099 52.1748173122555 0 0
 329.478354771136 45.7546968641555 0 0
 331.644739833357 45.4155804743732 0 0
 333.810700739 39.174622279961 0 0
 335.976243445303 33.62323541365 0 0
 338.141373909504 33.0020462429452 0 0
 340.306098088841 26.9338371324229 0 0
 342.470421940552 23.0280709962258 0 0
 344.634351421875 23.2428533435478 0 0
 346.797892490048 18.2794453875164 0 0
 348.961051102309 15.6423367342363 0 0
 351.123833215896 16.467566753058 0 0
 353.286244788047 12.3614235680531 0 0
 355.448291776 11.4031485421069 0 0
 357.609980136993 12.8422331558769 0 0
 359.771315828264 10.5228759930873 0 0
 361.932304807051 15.2280762863776 0 0
 364.092953030592 22.7689950398474 0 0
 366.253266456125 19.4771809455415 0 0
 368.413251040888 13.7002156253688 0 0
 370.572912742119 10.7197828679426 0 0
 372.732257517056 5.47471949118245 0 0
 374.891291322937 5.97605049631417 0 0
 377.050020117 7.02046415829356 0 0
 379.208449856483 2.51989078275264 0 0
 381.366586498624 4.1653085194505 0 0
 383.524436000661 4.97121529776358 0 0
 385.682004319832 1.00477107314608 0 0
 387.839297413375 3.43157959420336 0 0
 389.996321238528 3.83071183933503 0 0
 392.153081752529 0.373329794908944 0 0
 394.309584912616 3.30800111307653 0 0
 396.465836676027 3.44242844775789 0 0
 398.621843 1.29431527282578 0 0
 400.777609841773 8.85313524118895 0 0
 402.933143158584 16.5890947776442 0 0
 405.088448907671 16.8738151396778 0 0
 407.243533046272 15.4312340121003 0 0
 409.398401531625 8.71368028518183 0 0
 411.553060320968 5.11781750886507 0 0
 413.707515371539 8.81765378843327 0 0
 415.861772640576 10.2840303638744 0 0
 418.015838085317 12.6940430600531 0 0
 420.169717663 20.6155799613519 0 0
 422.323417330863 26.9746292736995 0 0
 424.476943046144 36.437479507631 0 0
 426.630300766081 53.0179899550235 0 0
 428.783496447912 71.5525220195837 0 0
 430.936536048875 101.477795892709 0 0
 433.089425526208 158.100098729041 0 0
 435.242170837149 217.235970790477 0 0
 437.394777938936 266.787197697567 0 0
 439.547252788807 317.93242756452 0 0
 441.699601344 398.59157612469 0 0
 443.851829561753 503.610790911976 0 0
 446.003943399304 605.163145221848 0 0
 448.155948813891 663.670500313974 0 0
 450.307851762752 661.566956459526 0 0
 452.459658203125 599.747259421609 0 0
 454.611374092248 502.854512439521 0 0
 456.763005387359 412.226192737674 0 0
 458.914558045696 344.686802145369 0 0
 461.066038024497 294.96536142702 0 0
 463.217451281 260.576472483896 0 0
 465.368803772443 228.703720847384 0 0
 467.520101456064 192.151404365062 0 0
 469.671350289101 161.796022149183 0 0
 471.822556228792 136.339820671962 0 0
 473.973725232375 114.890350610408 0 0
 476.124863257088 105.003303514622 0 0
 478.275976260169 99.0951799050974 0 0
 480.427070198856 92.5626361834291 0 0
 482.578151030387 92.990034180917 0 0
 484.729224712 92.327311099462 0 0
 486.880297200933 90.2257135615849 0 0
 489.031374454424 95.1648977920242 0 0
 491.182462429711 98.776481019144 0 0
 493.333567084032 101.414701830316 0 0
 495.484694374625 109.857180431473 0 0
 497.635850258728 114.867267044914 0 0
 499.787040693579 118.606627504213 0 0
 501.938271636416 126.713057964289 0 0
 504.089549044477 -NAN 0 0
 506.240878875 -NAN 0 0
 508.392267085223 -NAN 0 0
 510.543719632384 -NAN 0 0
 512.695242473721 -NAN 0 0
 514.846841566472 -NAN 0 0
 516.998522867875 -NAN 0 0
 519.150292335168 -NAN 0 0
 521.302155925589 -NAN 0 0
 523.454119596376 -NAN 0 0
 525.606189304767 -NAN 0 0
 527.758371008 -NAN 0 0
 529.910670663313 -NAN 0 0
 532.063094227944 -NAN 0 0
 534.215647659131 -NAN 0 0
 536.368336914112 -NAN 0 0
 538.521167950125 -NAN 0 0
 540.674146724408 -NAN 0 0
 542.827279194199 -NAN 0 0
 544.980571316736 -NAN 0 0
 547.134029049257 -NAN 0 0
 549.287658349 -NAN 0 0
 551.441465173203 -NAN 0 0
 553.595455479104 -NAN 0 0
 555.749635223941 -NAN 0 0
 557.904010364952 -NAN 0 0
 560.058586859375 -NAN 0 0
 562.213370664448 -NAN 0 0
 564.368367737409 -NAN 0 0
 566.523584035496 -NAN 0 0
 568.679025515947 -NAN 0 0
 570.834698136 -NAN 0 0
 572.990607852893 -NAN 0 0
 575.146760623864 -NAN 0 0
 577.303162406151 -NAN 0 0
 579.459819156992 -NAN 0 0
 581.616736833625 -NAN 0 0
 583.773921393288 -NAN 0 0
 585.931378793219 -NAN 0 0
 588.089114990656 -NAN 0 0
 590.247135942837 -NAN 0 0
 592.405447607 -NAN 0 0
 594.564055940383 -NAN 0 0
 596.722966900224 -NAN 0 0
 598.882186443761 -NAN 0 0
 601.041720528232 -NAN 0 0
 603.201575110875 -NAN 0 0
 605.361756148928 -NAN 0 0
 607.522269599629 -NAN 0 0
 609.683121420216 -NAN 0 0
 611.844317567927 -NAN 0 0
 614.005864 -NAN 0 0
 616.167766673673 -NAN 0 0
 618.330031546184 -NAN 0 0
 620.492664574771 -NAN 0 0
 622.655671716672 -NAN 0 0
 624.819058929125 -NAN 0 0
 626.982832169368 -NAN 0 0
 629.146997394639 -NAN 0 0
 631.311560562176 -NAN 0 0
 633.476527629217 -NAN 0 0
 635.641904553 -NAN 0 0
 637.807697290763 -NAN 0 0
 639.973911799744 -NAN 0 0
 642.140554037181 -NAN 0 0
 644.307629960312 -NAN 0 0
 646.475145526375 -NAN 0 0
 648.643106692608 -NAN 0 0
 650.811519416249 -NAN 0 0
 652.980389654536 -NAN 0 0
 655.149723364707 -NAN 0 0
 657.319526504 -NAN 0 0
 659.489805029653 -NAN 0 0
 661.660564898904 -NAN 0 0
 663.831812068991 -NAN 0 0
 666.003552497152 -NAN 0 0
 668.175792140625 -NAN 0 0
 670.348536956648 -NAN 0 0
 672.521792902459 -NAN 0 0
 674.695565935296 -NAN 0 0
 676.869862012397 -NAN 0 0
 679.044687091 -NAN 0 0
 681.220047128343 -NAN 0 0
 683.395948081664 -NAN 0 0
 685.572395908201 -NAN 0 0
 687.749396565192 -NAN 0 0
 689.926956009875 -NAN 0 0
 692.105080199488 -NAN 0 0
 694.283775091269 -NAN 0 0
 696.463046642456 -NAN 0 0
 698.642900810287 -NAN 0 0
 700.823343552 -NAN 0 0
 703.004380824833 -NAN 0 0
 705.186018586024 -NAN 0 0
 707.368262792811 -NAN 0 0
 709.551119402432 -NAN 0 0
 711.734594372125 -NAN 0 0
 713.918693659128 -NAN 0 0
 716.103423220679 -NAN 0 0
 718.288789014016 -NAN 0 0
 720.474796996377 -NAN 0 0
 722.661453125 -NAN 0 0
 724.848763357123 -NAN 0 0
 727.036733649984 -NAN 0 0
 729.225369960821 -NAN 0 0
 731.414678246872 -NAN 0 0
 733.604664465375 -NAN 0 0
 735.795334573568 -NAN 0 0
[END] of [DATA]
[END] of Spectrum


[Spectrum]
Version            = 1
IDData             = 12ad_2026-06-11_09-46-25_000_118
IDDevice           = SAM_82E6
IDDataType         = SPECTRUM
IDDataTypeSub1     = CALIBRATED
IDDataTypeSub2     = 
IDDataTypeSub3     = 
DateTime           = 2026-06-11 09:46:25
PositionLatitude   = 0
PositionLongitude  = 0
Comment            = 20260611_FrameD
CommentSub1        = UV
CommentSub2        = left
CommentSub3        = 28cm
IDMethodType       = SAM Control
MethodName         = SAM_82E6
Mission            = No Mission
MissionSub         = 1
RecordType         = 0
[Attributes]
CalFactor = 1
IDBasisSpec = 
IDDataBack = DLAB_2024-11-11_10-40-48_641_639
IDDataCal = DLAB_2024-11-12_11-45-27_171_455
IntegrationTime = 128
P31 = -1
P31e = 0
PathLength = +INF
PathLengthCustomOn = 0
RAWDynamic = 65535
Salinity = 0
Temperature = -NAN
Unit1 = $01 $01 Wavelength nm
Unit2 = $03 $06 Intensity mW/(m^2 nm)
Unit3 = $f0 $06 Error mW/(m^2 nm)
Unit4 = $f1 $00 Status 
p999 = 8532
[END] of [Attributes]
[DATA]
 0 6 0 0
 185.260577530984 -NAN 0 0
 187.468128380571 -NAN 0 0
 189.674861895872 -NAN 0 0
 191.880784034125 -NAN 0 0
 194.085900752568 -NAN 0 0
 196.290218008439 -NAN 0 0
 198.493741758976 -NAN 0 0
 200.696477961417 -NAN 0 0
 202.898432573 -NAN 0 0
 205.099611550963 -NAN 0 0
 207.300020852544 -NAN 0 0
 209.499666434981 -NAN 0 0
 211.698554255512 -NAN 0 0
 213.896690271375 -NAN 0 0
 216.094080439808 -NAN 0 0
 218.290730718049 -NAN 0 0
 220.486647063336 -NAN 0 0
 222.681835432907 -NAN 0 0
 224.876301784 -NAN 0 0
 227.070052073853 -NAN 0 0
 229.263092259704 -NAN 0 0
 231.455428298791 -NAN 0 0
 233.647066148352 -NAN 0 0
 235.838011765625 -NAN 0 0
 238.028271107848 -NAN 0 0
 240.217850132259 -NAN 0 0
 242.406754796096 -NAN 0 0
 244.594991056597 -NAN 0 0
 246.782564871 -NAN 0 0
 248.969482196543 -NAN 0 0
 251.155748990464 -NAN 0 0
 253.341371210001 -NAN 0 0
 255.526354812392 -NAN 0 0
 257.710705754875 -NAN 0 0
 259.894429994688 -NAN 0 0
 262.077533489069 -NAN 0 0
 264.260022195256 -NAN 0 0
 266.441902070487 -NAN 0 0
 268.623179072 -NAN 0 0
 270.803859157033 -NAN 0 0
 272.983948282824 -NAN 0 0
 275.163452406611 -NAN 0 0
 277.342377485632 -NAN 0 0
 279.520729477125 1.20837554509018 0 0
 281.698514338328 4.85100688328889 0 0
 283.875738026479 8.11054444273835 0 0
 286.052406498816 7.57262030562088 0 0
 288.228525712577 14.763548237114 0 0
 290.404101625 20.8304073217924 0 0
 292.579140193323 24.2901313821528 0 0
 294.753647374784 36.1405670812454 0 0
 296.927629126621 43.5319977154974 0 0
 299.101091406072 48.6372715382751 0 0
 301.274040170375 60.61611182592 0 0
 303.446481376768 65.1034664001612 0 0
 305.618420982489 68.425213426466 0 0
 307.789864944776 75.3542161059161 0 0
 309.960819220867 79.4142272040345 0 0
 312.131289768 82.1632789170172 0 0
 314.301282543413 82.6334314583138 0 0
 316.470803504344 74.5260547203839 0 0
 318.639858608031 67.4063118504593 0 0
 320.808453811712 66.0045832289042 0 0
 322.976595072625 60.4096271516277 0 0
 325.144288348008 54.5017614650465 0 0
 327.311539595099 53.3842614164952 0 0
 329.478354771136 46.4195817823791 0 0
 331.644739833357 41.2806470222001 0 0
 333.810700739 41.0352537796833 0 0
 335.976243445303 33.8543677191303 0 0
 338.141373909504 29.3576140114524 0 0
 340.306098088841 28.9575504188161 0 0
 342.470421940552 22.7884418343724 0 0
 344.634351421875 20.0247882878082 0 0
 346.797892490048 20.2979771723279 0 0
 348.961051102309 14.9935183781416 0 0
 351.123833215896 13.9052282950437 0 0
 353.286244788047 14.3601634295867 0 0
 355.448291776 10.3737326302548 0 0
 357.609980136993 10.6802395703919 0 0
 359.771315828264 12.6687010487775 0 0
 361.932304807051 13.9795948364327 0 0
 364.092953030592 20.8349875118408 0 0
 366.253266456125 21.8069837392071 0 0
 368.413251040888 11.8635805596327 0 0
 370.572912742119 9.24650296799454 0 0
 372.732257517056 8.12417670448385 0 0
 374.891291322937 3.93918240188645 0 0
 377.050020117 5.94864315506618 0 0
 379.208449856483 5.51330027408694 0 0
 381.366586498624 1.76982323643527 0 0
 383.524436000661 4.60880114271987 0 0
 385.682004319832 4.02158840102655 0 0
 387.839297413375 0.774951363504847 0 0
 389.996321238528 4.02876735657939 0 0
 392.153081752529 3.21657406420711 0 0
 394.309584912616 0.38300024375188 0 0
 396.465836676027 3.94587405031703 0 0
 398.621843 3.77419652449756 0 0
 400.777609841773 5.75923981220501 0 0
 402.933143158584 17.269643727817 0 0
 405.088448907671 18.6169849507559 0 0
 407.243533046272 12.5408201470093 0 0
 409.398401531625 9.70024100052512 0 0
 411.553060320968 6.44467680426097 0 0
 413.707515371539 6.42801071428344 0 0
 415.861772640576 11.6220477842135 0 0
 418.015838085317 13.6111668235922 0 0
 420.169717663 18.3479622771756 0 0
 422.323417330863 28.3891853246049 0 0
 424.476943046144 36.8662101766647 0 0
 426.630300766081 50.9644624325055 0 0
 428.783496447912 73.0218161118858 0 0
 430.936536048875 101.475323836119 0 0
 433.089425526208 155.911726765767 0 0
 435.242170837149 218.010410218 0 0
 437.394777938936 265.979102225805 0 0
 439.547252788807 315.775335594832 0 0
 441.699601344 400.201775534314 0 0
 443.851829561753 503.06587811665 0 0
 446.003943399304 603.743768025227 0 0
 448.155948813891 665.547296052598 0 0
 450.307851762752 660.898712759197 0 0
 452.459658203125 598.343900082082 0 0
 454.611374092248 504.785901104375 0 0
 456.763005387359 411.045902820934 0 0
 458.914558045696 343.552040854249 0 0
 461.066038024497 297.034722082726 0 0
 463.217451281 259.133795282336 0 0
 465.368803772443 227.807564558185 0 0
 467.520101456064 194.538710499451 0 0
 469.671350289101 160.058611266366 0 0
 471.822556228792 135.923358482501 0 0
 473.973725232375 117.384326573672 0 0
 476.124863257088 102.927437931159 0 0
 478.275976260169 98.9118243229974 0 0
 480.427070198856 94.9050735176048 0 0
 482.578151030387 90.5958980301646 0 0
 484.729224712 92.7262940679059 0 0
 486.880297200933 92.4774638256193 0 0
 489.031374454424 92.5633850914277 0 0
 491.182462429711 99.617477557291 0 0
 493.333567084032 103.19491894413 0 0
 495.484694374625 107.263874830979 0 0
 497.635850258728 115.930387252772 0 0
 499.787040693579 119.953631700987 0 0
 501.938271636416 124.365806464794 0 0
 504.089549044477 -NAN 0 0
 506.240878875 -NAN 0 0
 508.392267085223 -NAN 0 0
 510.543719632384 -NAN 0 0
 512.695242473721 -NAN 0 0
 514.846841566472 -NAN 0 0
 516.998522867875 -NAN 0 0
 519.150292335168 -NAN 0 0
 521.302155925589 -NAN 0 0
 523.454119596376 -NAN 0 0
 525.606189304767 -NAN 0 0
 527.758371008 -NAN 0 0
 529.910670663313 -NAN 0 0
 532.063094227944 -NAN 0 0
 534.215647659131 -NAN 0 0
 536.368336914112 -NAN 0 0
 538.521167950125 -NAN 0 0
 540.674146724408 -NAN 0 0
 542.827279194199 -NAN 0 0
 544.980571316736 -NAN 0 0
 547.134029049257 -NAN 0 0
 549.287658349 -NAN 0 0
 551.441465173203 -NAN 0 0
 553.595455479104 -NAN 0 0
 555.749635223941 -NAN 0 0
 557.904010364952 -NAN 0 0
 560.058586859375 -NAN 0 0
 562.213370664448 -NAN 0 0
 564.368367737409 -NAN 0 0
 566.523584035496 -NAN 0 0
 568.679025515947 -NAN 0 0
 570.834698136 -NAN 0 0
 572.990607852893 -NAN 0 0
 575.146760623864 -NAN 0 0
 577.303162406151 -NAN 0 0
 579.459819156992 -NAN 0 0
 581.616736833625 -NAN 0 0
 583.773921393288 -NAN 0 0
 585.931378793219 -NAN 0 0
 588.089114990656 -NAN 0 0
 590.247135942837 -NAN 0 0
 592.405447607 -NAN 0 0
 594.564055940383 -NAN 0 0
 596.722966900224 -NAN 0 0
 598.882186443761 -NAN 0 0
 601.041720528232 -NAN 0 0
 603.201575110875 -NAN 0 0
 605.361756148928 -NAN 0 0
 607.522269599629 -NAN 0 0
 609.683121420216 -NAN 0 0
 611.844317567927 -NAN 0 0
 614.005864 -NAN 0 0
 616.167766673673 -NAN 0 0
 618.330031546184 -NAN 0 0
 620.492664574771 -NAN 0 0
 622.655671716672 -NAN 0 0
 624.819058929125 -NAN 0 0
 626.982832169368 -NAN 0 0
 629.146997394639 -NAN 0 0
 631.311560562176 -NAN 0 0
 633.476527629217 -NAN 0 0
 635.641904553 -NAN 0 0
 637.807697290763 -NAN 0 0
 639.973911799744 -NAN 0 0
 642.140554037181 -NAN 0 0
 644.307629960312 -NAN 0 0
 646.475145526375 -NAN 0 0
 648.643106692608 -NAN 0 0
 650.811519416249 -NAN 0 0
 652.980389654536 -NAN 0 0
 655.149723364707 -NAN 0 0
 657.319526504 -NAN 0 0
 659.489805029653 -NAN 0 0
 661.660564898904 -NAN 0 0
 663.831812068991 -NAN 0 0
 666.003552497152 -NAN 0 0
 668.175792140625 -NAN 0 0
 670.348536956648 -NAN 0 0
 672.521792902459 -NAN 0 0
 674.695565935296 -NAN 0 0
 676.869862012397 -NAN 0 0
 679.044687091 -NAN 0 0
 681.220047128343 -NAN 0 0
 683.395948081664 -NAN 0 0
 685.572395908201 -NAN 0 0
 687.749396565192 -NAN 0 0
 689.926956009875 -NAN 0 0
 692.105080199488 -NAN 0 0
 694.283775091269 -NAN 0 0
 696.463046642456 -NAN 0 0
 698.642900810287 -NAN 0 0
 700.823343552 -NAN 0 0
 703.004380824833 -NAN 0 0
 705.186018586024 -NAN 0 0
 707.368262792811 -NAN 0 0
 709.551119402432 -NAN 0 0
 711.734594372125 -NAN 0 0
 713.918693659128 -NAN 0 0
 716.103423220679 -NAN 0 0
 718.288789014016 -NAN 0 0
 720.474796996377 -NAN 0 0
 722.661453125 -NAN 0 0
 724.848763357123 -NAN 0 0
 727.036733649984 -NAN 0 0
 729.225369960821 -NAN 0 0
 731.414678246872 -NAN 0 0
 733.604664465375 -NAN 0 0
 735.795334573568 -NAN 0 0
[END] of [DATA]
[END] of Spectrum


[Spectrum]
Version            = 1
IDData             = 12ad_2026-06-11_09-46-20_000_115
IDDevice           = SAM_82E6
IDDataType         = SPECTRUM
IDDataTypeSub1     = CALIBRATED
IDDataTypeSub2     = 
IDDataTypeSub3     = 
DateTime           = 2026-06-11 09:46:20
PositionLatitude   = 0
PositionLongitude  = 0
Comment            = 20260611_FrameD
CommentSub1        = UV
CommentSub2        = left
CommentSub3        = 28cm
IDMethodType       = SAM Control
MethodName         = SAM_82E6
Mission            = No Mission
MissionSub         = 1
RecordType         = 0
[Attributes]
CalFactor = 1
IDBasisSpec = 
IDDataBack = DLAB_2024-11-11_10-40-48_641_639
IDDataCal = DLAB_2024-11-12_11-45-27_171_455
IntegrationTime = 128
P31 = -1
P31e = 0
PathLength = +INF
PathLengthCustomOn = 0
RAWDynamic = 65535
Salinity = 0
Temperature = -NAN
Unit1 = $01 $01 Wavelength nm
Unit2 = $03 $06 Intensity mW/(m^2 nm)
Unit3 = $f0 $06 Error mW/(m^2 nm)
Unit4 = $f1 $00 Status 
p999 = 8531
[END] of [Attributes]
[DATA]
 0 6 0 0
 185.260577530984 -NAN 0 0
 187.468128380571 -NAN 0 0
 189.674861895872 -NAN 0 0
 191.880784034125 -NAN 0 0
 194.085900752568 -NAN 0 0
 196.290218008439 -NAN 0 0
 198.493741758976 -NAN 0 0
 200.696477961417 -NAN 0 0
 202.898432573 -NAN 0 0
 205.099611550963 -NAN 0 0
 207.300020852544 -NAN 0 0
 209.499666434981 -NAN 0 0
 211.698554255512 -NAN 0 0
 213.896690271375 -NAN 0 0
 216.094080439808 -NAN 0 0
 218.290730718049 -NAN 0 0
 220.486647063336 -NAN 0 0
 222.681835432907 -NAN 0 0
 224.876301784 -NAN 0 0
 227.070052073853 -NAN 0 0
 229.263092259704 -NAN 0 0
 231.455428298791 -NAN 0 0
 233.647066148352 -NAN 0 0
 235.838011765625 -NAN 0 0
 238.028271107848 -NAN 0 0
 240.217850132259 -NAN 0 0
 242.406754796096 -NAN 0 0
 244.594991056597 -NAN 0 0
 246.782564871 -NAN 0 0
 248.969482196543 -NAN 0 0
 251.155748990464 -NAN 0 0
 253.341371210001 -NAN 0 0
 255.526354812392 -NAN 0 0
 257.710705754875 -NAN 0 0
 259.894429994688 -NAN 0 0
 262.077533489069 -NAN 0 0
 264.260022195256 -NAN 0 0
 266.441902070487 -NAN 0 0
 268.623179072 -NAN 0 0
 270.803859157033 -NAN 0 0
 272.983948282824 -NAN 0 0
 275.163452406611 -NAN 0 0
 277.342377485632 -NAN 0 0
 279.520729477125 4.52590745476098 0 0
 281.698514338328 5.08634623573761 0 0
 283.875738026479 4.83155027373709 0 0
 286.052406498816 11.7540144017753 0 0
 288.228525712577 14.1188329953023 0 0
 290.404101625 17.8727450058397 0 0
 292.579140193323 28.4004197258554 0 0
 294.753647374784 34.6623235675806 0 0
 296.927629126621 40.8124137498341 0 0
 299.101091406072 51.6618668550204 0 0
 301.274040170375 58.2768432933374 0 0
 303.446481376768 62.606724706427 0 0
 305.618420982489 70.6126306641088 0 0
 307.789864944776 72.2180574778265 0 0
 309.960819220867 76.9437424980786 0 0
 312.131289768 84.2089859828957 0 0
 314.301282543413 79.2008379084883 0 0
 316.470803504344 72.6127799007912 0 0
 318.639858608031 69.999772369494 0 0
 320.808453811712 61.7397280465353 0 0
 322.976595072625 59.1187153227412 0 0
 325.144288348008 57.4382402168358 0 0
 327.311539595099 48.7927717989451 0 0
 329.478354771136 45.562817323997 0 0
 331.644739833357 44.0520739546985 0 0
 333.810700739 36.3192856348024 0 0
 335.976243445303 34.0898610115065 0 0
 338.141373909504 31.607471597137 0 0
 340.306098088841 24.6088063748163 0 0
 342.470421940552 23.6133946866545 0 0
 344.634351421875 22.0393800108621 0 0
 346.797892490048 16.3623837821928 0 0
 348.961051102309 16.5340282717568 0 0
 351.123833215896 15.2753909305219 0 0
 353.286244788047 11.0627333470566 0 0
 355.448291776 12.2905760523242 0 0
 357.609980136993 11.6825308017014 0 0
 359.771315828264 9.57096863755559 0 0
 361.932304807051 16.2920855431908 0 0
 364.092953030592 21.3836901730266 0 0
 366.253266456125 18.5487632909228 0 0
 368.413251040888 15.0058631275455 0 0
 370.572912742119 9.40475809791223 0 0
 372.732257517056 5.11858861022171 0 0
 374.891291322937 7.59344476535479 0 0
 377.050020117 5.55136587201666 0 0
 379.208449856483 2.99430210466116 0 0
 381.366586498624 6.14529370027901 0 0
 383.524436000661 3.53434976541383 0 0
 385.682004319832 1.69176907850499 0 0
 387.839297413375 5.23808679107835 0 0
 389.996321238528 2.66344847174591 0 0
 392.153081752529 1.34327988970612 0 0
 394.309584912616 4.60481968031557 0 0
 396.465836676027 2.03680832541276 0 0
 398.621843 2.15013304025665 0 0
 400.777609841773 9.69195934866882 0 0
 402.933143158584 14.8059804892026 0 0
 405.088448907671 17.2902595131489 0 0
 407.243533046272 15.7056629487366 0 0
 409.398401531625 7.08087073888196 0 0
 411.553060320968 6.16673121619798 0 0
 413.707515371539 9.29176406546166 0 0
 415.861772640576 9.08685688251848 0 0
 418.015838085317 13.6465542356902 0 0
 420.169717663 20.6467987279676 0 0
 422.323417330863 25.8347443006398 0 0
 424.476943046144 37.4254240927957 0 0
 426.630300766081 52.7978766644635 0 0
 428.783496447912 70.4878528064009 0 0
 430.936536048875 102.08344975713 0 0
 433.089425526208 156.640374478289 0 0
 435.242170837149 214.80236082473 0 0
 437.394777938936 266.252463898745 0 0
 439.547252788807 316.692524306353 0 0
 441.699601344 397.730994816943 0 0
 443.851829561753 504.467082447489 0 0
 446.003943399304 604.606174423174 0 0
 448.155948813891 663.194062686076 0 0
 450.307851762752 662.651837932529 0 0
 452.459658203125 599.060863863464 0 0
 454.611374092248 502.509315942553 0 0
 456.763005387359 413.664213455091 0 0
 458.914558045696 344.090977615203 0 0
 461.066038024497 294.797244977886 0 0
 463.217451281 261.919439814074 0 0
 465.368803772443 227.921563238083 0 0
 467.520101456064 192.379531869156 0 0
 469.671350289101 163.234663310094 0 0
 471.822556228792 135.470824764819 0 0
 473.973725232375 115.263621185042 0 0
 476.124863257088 106.494605349781 0 0
 478.275976260169 97.9117029660886 0 0
 480.427070198856 93.3412209178984 0 0
 482.578151030387 94.1720342665331 0 0
 484.729224712 91.2175349435383 0 0
 486.880297200933 91.2492364088732 0 0
 489.031374454424 96.3095633802866 0 0
 491.182462429711 97.526713255284 0 0
 493.333567084032 102.373280276216 0 0
 495.484694374625 110.3718569591 0 0
 497.635850258728 113.718570597415 0 0
 499.787040693579 119.660095677477 0 0
 501.938271636416 127.329736143661 0 0
 504.089549044477 -NAN 0 0
 506.240878875 -NAN 0 0
 508.392267085223 -NAN 0 0
 510.543719632384 -NAN 0 0
 512.695242473721 -NAN 0 0
 514.846841566472 -NAN 0 0
 516.998522867875 -NAN 0 0
 519.150292335168 -NAN 0 0
 521.302155925589 -NAN 0 0
 523.454119596376 -NAN 0 0
 525.606189304767 -NAN 0 0
 527.758371008 -NAN 0 0
 529.910670663313 -NAN 0 0
 532.063094227944 -NAN 0 0
 534.215647659131 -NAN 0 0
 536.368336914112 -NAN 0 0
 538.521167950125 -NAN 0 0
 540.674146724408 -NAN 0 0
 542.827279194199 -NAN 0 0
 544.980571316736 -NAN 0 0
 547.134029049257 -NAN 0 0
 549.287658349 -NAN 0 0
 551.441465173203 -NAN 0 0
 553.595455479104 -NAN 0 0
 555.749635223941 -NAN 0 0
 557.904010364952 -NAN 0 0
 560.058586859375 -NAN 0 0
 562.213370664448 -NAN 0 0
 564.368367737409 -NAN 0 0
 566.523584035496 -NAN 0 0
 568.679025515947 -NAN 0 0
 570.834698136 -NAN 0 0
 572.990607852893 -NAN 0 0
 575.146760623864 -NAN 0 0
 577.303162406151 -NAN 0 0
 579.459819156992 -NAN 0 0
 581.616736833625 -NAN 0 0
 583.773921393288 -NAN 0 0
 585.931378793219 -NAN 0 0
 588.089114990656 -NAN 0 0
 590.247135942837 -NAN 0 0
 592.405447607 -NAN 0 0
 594.564055940383 -NAN 0 0
 596.722966900224 -NAN 0 0
 598.882186443761 -NAN 0 0
 601.041720528232 -NAN 0 0
 603.201575110875 -NAN 0 0
 605.361756148928 -NAN 0 0
 607.522269599629 -NAN 0 0
 609.683121420216 -NAN 0 0
 611.844317567927 -NAN 0 0
 614.005864 -NAN 0 0
 616.167766673673 -NAN 0 0
 618.330031546184 -NAN 0 0
 620.492664574771 -NAN 0 0
 622.655671716672 -NAN 0 0
 624.819058929125 -NAN 0 0
 626.982832169368 -NAN 0 0
 629.146997394639 -NAN 0 0
 631.311560562176 -NAN 0 0
 633.476527629217 -NAN 0 0
 635.641904553 -NAN 0 0
 637.807697290763 -NAN 0 0
 639.973911799744 -NAN 0 0
 642.140554037181 -NAN 0 0
 644.307629960312 -NAN 0 0
 646.475145526375 -NAN 0 0
 648.643106692608 -NAN 0 0
 650.811519416249 -NAN 0 0
 652.980389654536 -NAN 0 0
 655.149723364707 -NAN 0 0
 657.319526504 -NAN 0 0
 659.489805029653 -NAN 0 0
 661.660564898904 -NAN 0 0
 663.831812068991 -NAN 0 0
 666.003552497152 -NAN 0 0
 668.175792140625 -NAN 0 0
 670.348536956648 -NAN 0 0
 672.521792902459 -NAN 0 0
 674.695565935296 -NAN 0 0
 676.869862012397 -NAN 0 0
 679.044687091 -NAN 0 0
 681.220047128343 -NAN 0 0
 683.395948081664 -NAN 0 0
 685.572395908201 -NAN 0 0
 687.749396565192 -NAN 0 0
 689.926956009875 -NAN 0 0
 692.105080199488 -NAN 0 0
 694.283775091269 -NAN 0 0
 696.463046642456 -NAN 0 0
 698.642900810287 -NAN 0 0
 700.823343552 -NAN 0 0
 703.004380824833 -NAN 0 0
 705.186018586024 -NAN 0 0
 707.368262792811 -NAN 0 0
 709.551119402432 -NAN 0 0
 711.734594372125 -NAN 0 0
 713.918693659128 -NAN 0 0
 716.103423220679 -NAN 0 0
 718.288789014016 -NAN 0 0
 720.474796996377 -NAN 0 0
 722.661453125 -NAN 0 0
 724.848763357123 -NAN 0 0
 727.036733649984 -NAN 0 0
 729.225369960821 -NAN 0 0
 731.414678246872 -NAN 0 0
 733.604664465375 -NAN 0 0
 735.795334573568 -NAN 0 0
[END] of [DATA]
[END] of Spectrum


[Spectrum]
Version            = 1
IDData             = 12ad_2026-06-11_09-46-15_000_112
IDDevice           = SAM_82E6
IDDataType         = SPECTRUM
IDDataTypeSub1     = CALIBRATED
IDDataTypeSub2     = 
IDDataTypeSub3     = 
DateTime           = 2026-06-11 09:46:15
PositionLatitude   = 0
PositionLongitude  = 0
Comment            = 20260611_FrameD
CommentSub1        = UV
CommentSub2        = left
CommentSub3        = 28cm
IDMethodType       = SAM Control
MethodName         = SAM_82E6
Mission            = No Mission
MissionSub         = 1
RecordType         = 0
[Attributes]
CalFactor = 1
IDBasisSpec = 
IDDataBack = DLAB_2024-11-11_10-40-48_641_639
IDDataCal = DLAB_2024-11-12_11-45-27_171_455
IntegrationTime = 128
P31 = -1
P31e = 0
PathLength = +INF
PathLengthCustomOn = 0
RAWDynamic = 65535
Salinity = 0
Temperature = -NAN
Unit1 = $01 $01 Wavelength nm
Unit2 = $03 $06 Intensity mW/(m^2 nm)
Unit3 = $f0 $06 Error mW/(m^2 nm)
Unit4 = $f1 $00 Status 
p999 = 8530
[END] of [Attributes]
[DATA]
 0 6 0 0
 185.260577530984 -NAN 0 0
 187.468128380571 -NAN 0 0
 189.674861895872 -NAN 0 0
 191.880784034125 -NAN 0 0
 194.085900752568 -NAN 0 0
 196.290218008439 -NAN 0 0
 198.493741758976 -NAN 0 0
 200.696477961417 -NAN 0 0
 202.898432573 -NAN 0 0
 205.099611550963 -NAN 0 0
 207.300020852544 -NAN 0 0
 209.499666434981 -NAN 0 0
 211.698554255512 -NAN 0 0
 213.896690271375 -NAN 0 0
 216.094080439808 -NAN 0 0
 218.290730718049 -NAN 0 0
 220.486647063336 -NAN 0 0
 222.681835432907 -NAN 0 0
 224.876301784 -NAN 0 0
 227.070052073853 -NAN 0 0
 229.263092259704 -NAN 0 0
 231.455428298791 -NAN 0 0
 233.647066148352 -NAN 0 0
 235.838011765625 -NAN 0 0
 238.028271107848 -NAN 0 0
 240.217850132259 -NAN 0 0
 242.406754796096 -NAN 0 0
 244.594991056597 -NAN 0 0
 246.782564871 -NAN 0 0
 248.969482196543 -NAN 0 0
 251.155748990464 -NAN 0 0
 253.341371210001 -NAN 0 0
 255.526354812392 -NAN 0 0
 257.710705754875 -NAN 0 0
 259.894429994688 -NAN 0 0
 262.077533489069 -NAN 0 0
 264.260022195256 -NAN 0 0
 266.441902070487 -NAN 0 0
 268.623179072 -NAN 0 0
 270.803859157033 -NAN 0 0
 272.983948282824 -NAN 0 0
 275.163452406611 -NAN 0 0
 277.342377485632 -NAN 0 0
 279.520729477125 3.09129906138982 0 0
 281.698514338328 2.8035545169851 0 0
 283.875738026479 8.5172413939323 0 0
 286.052406498816 9.50651507509228 0 0
 288.228525712577 12.0557442215051 0 0
 290.404101625 21.3538873777133 0 0
 292.579140193323 25.3557616934831 0 0
 294.753647374784 32.7406069998164 0 0
 296.927629126621 43.2577539542541 0 0
 299.101091406072 48.1653488647403 0 0
 301.274040170375 56.6477098510031 0 0
 303.446481376768 64.1008378459845 0 0
 305.618420982489 66.7217380555583 0 0
 307.789864944776 70.9097213630407 0 0
 309.960819220867 77.877469001117 0 0
 312.131289768 79.6719722922345 0 0
 314.301282543413 77.8822196545919 0 0
 316.470803504344 73.4704548199189 0 0
 318.639858608031 65.3222810762349 0 0
 320.808453811712 61.4282498590589 0 0
 322.976595072625 60.2830671684035 0 0
 325.144288348008 52.240932691545 0 0
 327.311539595099 49.0302626412322 0 0
 329.478354771136 46.6337728969747 0 0
 331.644739833357 38.8023517844852 0 0
 333.810700739 37.6248361381875 0 0
 335.976243445303 34.7440090458848 0 0
 338.141373909504 27.2088736206301 0 0
 340.306098088841 26.3189866168387 0 0
 342.470421940552 23.9669459090611 0 0
 344.634351421875 18.1007400129814 0 0
 346.797892490048 18.7541808701202 0 0
 348.961051102309 16.3674866616363 0 0
 351.123833215896 12.2126744512178 0 0
 353.286244788047 13.3002751887735 0 0
 355.448291776 11.7871626283464 0 0
 357.609980136993 9.17680272342756 0 0
 359.771315828264 12.0491545665331 0 0
 361.932304807051 15.3631362849204 0 0
 364.092953030592 18.8434000749443 0 0
 366.253266456125 21.4706513058358 0 0
 368.413251040888 13.5656502839188 0 0
 370.572912742119 7.18918627906451 0 0
 372.732257517056 8.52335637325304 0 0
 374.891291322937 5.65741172510666 0 0
 377.050020117 3.6394689473408 0 0
 379.208449856483 6.495709560163 0 0
 381.366586498624 3.70317065069181 0 0
 383.524436000661 2.22965880725648 0 0
 385.682004319832 5.25050408763132 0 0
 387.839297413375 2.15214743829896 0 0
 389.996321238528 1.52568273438467 0 0
 392.153081752529 4.71520940380791 0 0
 394.309584912616 1.51209148841426 0 0
 396.465836676027 1.52933515803314 0 0
 398.621843 5.23107700300779 0 0
 400.777609841773 6.3210568888427 0 0
 402.933143158584 14.4181816460874 0 0
 405.088448907671 19.3909081226934 0 0
 407.243533046272 12.1559068332857 0 0
 409.398401531625 7.43149510461372 0 0
 411.553060320968 7.91381776973673 0 0
 413.707515371539 6.25618551321275 0 0
 415.861772640576 9.84006577360178 0 0
 418.015838085317 15.0266633075111 0 0
 420.169717663 17.8541381507092 0 0
 422.323417330863 26.9224417689088 0 0
 424.476943046144 38.2882112776835 0 0
 426.630300766081 50.2808164477077 0 0
 428.783496447912 71.8079414745278 0 0
 430.936536048875 102.602581640919 0 0
 433.089425526208 153.842367262206 0 0
 435.242170837149 215.162007617698 0 0
 437.394777938936 265.633803270512 0 0
 439.547252788807 314.27580484425 0 0
 441.699601344 399.506406110862 0 0
 443.851829561753 504.40681559455 0 0
 446.003943399304 602.450158428307 0 0
 448.155948813891 665.357773902274 0 0
 450.307851762752 662.164858717715 0 0
 452.459658203125 597.210096892918 0 0
 454.611374092248 505.042658829393 0 0
 456.763005387359 412.715295507142 0 0
 458.914558045696 342.043017923578 0 0
 461.066038024497 297.456541536917 0 0
 463.217451281 260.835094962794 0 0
 465.368803772443 226.382581059457 0 0
 467.520101456064 195.136340298908 0 0
 469.671350289101 161.481014942391 0 0
 471.822556228792 134.231275885951 0 0
 473.973725232375 118.177113634841 0 0
 476.124863257088 104.302491293645 0 0
 478.275976260169 97.1516107348378 0 0
 480.427070198856 96.0077900943209 0 0
 482.578151030387 91.7008839458965 0 0
 484.729224712 90.7146152354158 0 0
 486.880297200933 93.9271748748932 0 0
 489.031374454424 93.5301407788752 0 0
 491.182462429711 97.50660975238 0 0
 493.333567084032 104.778076377428 0 0
 495.484694374625 107.582642228735 0 0
 497.635850258728 113.995047679335 0 0
 499.787040693579 121.538726227942 0 0
 501.938271636416 124.268946017772 0 0
 504.089549044477 -NAN 0 0
 506.240878875 -NAN 0 0
 508.392267085223 -NAN 0 0
 510.543719632384 -NAN 0 0
 512.695242473721 -NAN 0 0
 514.846841566472 -NAN 0 0
 516.998522867875 -NAN 0 0
 519.150292335168 -NAN 0 0
 521.302155925589 -NAN 0 0
 523.454119596376 -NAN 0 0
 525.606189304767 -NAN 0 0
 527.758371008 -NAN 0 0
 529.910670663313 -NAN 0 0
 532.063094227944 -NAN 0 0
 534.215647659131 -NAN 0 0
 536.368336914112 -NAN 0 0
 538.521167950125 -NAN 0 0
 540.674146724408 -NAN 0 0
 542.827279194199 -NAN 0 0
 544.980571316736 -NAN 0 0
 547.134029049257 -NAN 0 0
 549.287658349 -NAN 0 0
 551.441465173203 -NAN 0 0
 553.595455479104 -NAN 0 0
 555.749635223941 -NAN 0 0
 557.904010364952 -NAN 0 0
 560.058586859375 -NAN 0 0
 562.213370664448 -NAN 0 0
 564.368367737409 -NAN 0 0
 566.523584035496 -NAN 0 0
 568.679025515947 -NAN 0 0
 570.834698136 -NAN 0 0
 572.990607852893 -NAN 0 0
 575.146760623864 -NAN 0 0
 577.303162406151 -NAN 0 0
 579.459819156992 -NAN 0 0
 581.616736833625 -NAN 0 0
 583.773921393288 -NAN 0 0
 585.931378793219 -NAN 0 0
 588.089114990656 -NAN 0 0
 590.247135942837 -NAN 0 0
 592.405447607 -NAN 0 0
 594.564055940383 -NAN 0 0
 596.722966900224 -NAN 0 0
 598.882186443761 -NAN 0 0
 601.041720528232 -NAN 0 0
 603.201575110875 -NAN 0 0
 605.361756148928 -NAN 0 0
 607.522269599629 -NAN 0 0
 609.683121420216 -NAN 0 0
 611.844317567927 -NAN 0 0
 614.005864 -NAN 0 0
 616.167766673673 -NAN 0 0
 618.330031546184 -NAN 0 0
 620.492664574771 -NAN 0 0
 622.655671716672 -NAN 0 0
 624.819058929125 -NAN 0 0
 626.982832169368 -NAN 0 0
 629.146997394639 -NAN 0 0
 631.311560562176 -NAN 0 0
 633.476527629217 -NAN 0 0
 635.641904553 -NAN 0 0
 637.807697290763 -NAN 0 0
 639.973911799744 -NAN 0 0
 642.140554037181 -NAN 0 0
 644.307629960312 -NAN 0 0
 646.475145526375 -NAN 0 0
 648.643106692608 -NAN 0 0
 650.811519416249 -NAN 0 0
 652.980389654536 -NAN 0 0
 655.149723364707 -NAN 0 0
 657.319526504 -NAN 0 0
 659.489805029653 -NAN 0 0
 661.660564898904 -NAN 0 0
 663.831812068991 -NAN 0 0
 666.003552497152 -NAN 0 0
 668.175792140625 -NAN 0 0
 670.348536956648 -NAN 0 0
 672.521792902459 -NAN 0 0
 674.695565935296 -NAN 0 0
 676.869862012397 -NAN 0 0
 679.044687091 -NAN 0 0
 681.220047128343 -NAN 0 0
 683.395948081664 -NAN 0 0
 685.572395908201 -NAN 0 0
 687.749396565192 -NAN 0 0
 689.926956009875 -NAN 0 0
 692.105080199488 -NAN 0 0
 694.283775091269 -NAN 0 0
 696.463046642456 -NAN 0 0
 698.642900810287 -NAN 0 0
 700.823343552 -NAN 0 0
 703.004380824833 -NAN 0 0
 705.186018586024 -NAN 0 0
 707.368262792811 -NAN 0 0
 709.551119402432 -NAN 0 0
 711.734594372125 -NAN 0 0
 713.918693659128 -NAN 0 0
 716.103423220679 -NAN 0 0
 718.288789014016 -NAN 0 0
 720.474796996377 -NAN 0 0
 722.661453125 -NAN 0 0
 724.848763357123 -NAN 0 0
 727.036733649984 -NAN 0 0
 729.225369960821 -NAN 0 0
 731.414678246872 -NAN 0 0
 733.604664465375 -NAN 0 0
 735.795334573568 -NAN 0 0
[END] of [DATA]
[END] of Spectrum


[Spectrum]
Version            = 1
IDData             = 12ad_2026-06-11_09-46-10_000_109
IDDevice           = SAM_82E6
IDDataType         = SPECTRUM
IDDataTypeSub1     = CALIBRATED
IDDataTypeSub2     = 
IDDataTypeSub3     = 
DateTime           = 2026-06-11 09:46:10
PositionLatitude   = 0
PositionLongitude  = 0
Comment            = 20260611_FrameD
CommentSub1        = UV
CommentSub2        = left
CommentSub3        = 28cm
IDMethodType       = SAM Control
MethodName         = SAM_82E6
Mission            = No Mission
MissionSub         = 1
RecordType         = 0
[Attributes]
CalFactor = 1
IDBasisSpec = 
IDDataBack = DLAB_2024-11-11_10-40-48_641_639
IDDataCal = DLAB_2024-11-12_11-45-27_171_455
IntegrationTime = 128
P31 = -1
P31e = 0
PathLength = +INF
PathLengthCustomOn = 0
RAWDynamic = 65535
Salinity = 0
Temperature = -NAN
Unit1 = $01 $01 Wavelength nm
Unit2 = $03 $06 Intensity mW/(m^2 nm)
Unit3 = $f0 $06 Error mW/(m^2 nm)
Unit4 = $f1 $00 Status 
p999 = 8529
[END] of [Attributes]
[DATA]
 0 6 0 0
 185.260577530984 -NAN 0 0
 187.468128380571 -NAN 0 0
 189.674861895872 -NAN 0 0
 191.880784034125 -NAN 0 0
 194.085900752568 -NAN 0 0
 196.290218008439 -NAN 0 0
 198.493741758976 -NAN 0 0
 200.696477961417 -NAN 0 0
 202.898432573 -NAN 0 0
 205.099611550963 -NAN 0 0
 207.300020852544 -NAN 0 0
 209.499666434981 -NAN 0 0
 211.698554255512 -NAN 0 0
 213.896690271375 -NAN 0 0
 216.094080439808 -NAN 0 0
 218.290730718049 -NAN 0 0
 220.486647063336 -NAN 0 0
 222.681835432907 -NAN 0 0
 224.876301784 -NAN 0 0
 227.070052073853 -NAN 0 0
 229.263092259704 -NAN 0 0
 231.455428298791 -NAN 0 0
 233.647066148352 -NAN 0 0
 235.838011765625 -NAN 0 0
 238.028271107848 -NAN 0 0
 240.217850132259 -NAN 0 0
 242.406754796096 -NAN 0 0
 244.594991056597 -NAN 0 0
 246.782564871 -NAN 0 0
 248.969482196543 -NAN 0 0
 251.155748990464 -NAN 0 0
 253.341371210001 -NAN 0 0
 255.526354812392 -NAN 0 0
 257.710705754875 -NAN 0 0
 259.894429994688 -NAN 0 0
 262.077533489069 -NAN 0 0
 264.260022195256 -NAN 0 0
 266.441902070487 -NAN 0 0
 268.623179072 -NAN 0 0
 270.803859157033 -NAN 0 0
 272.983948282824 -NAN 0 0
 275.163452406611 -NAN 0 0
 277.342377485632 -NAN 0 0
 279.520729477125 4.11619724519578 0 0
 281.698514338328 2.30280467260812 0 0
 283.875738026479 6.73088152150052 0 0
 286.052406498816 10.6491390867845 0 0
 288.228525712577 10.9396705029023 0 0
 290.404101625 19.6191326368423 0 0
 292.579140193323 26.0337619312475 0 0
 294.753647374784 31.1569701986032 0 0
 296.927629126621 41.3774066838772 0 0
 299.101091406072 48.6313129186597 0 0
 301.274040170375 54.7412524110064 0 0
 303.446481376768 62.3260323987762 0 0
 305.618420982489 66.9292953450691 0 0
 307.789864944776 68.7879507847319 0 0
 309.960819220867 76.1796862045043 0 0
 312.131289768 79.7473641367966 0 0
 314.301282543413 75.6159172058758 0 0
 316.470803504344 72.3647627945477 0 0
 318.639858608031 65.663187344858 0 0
 320.808453811712 59.0974878664472 0 0
 322.976595072625 59.3901161756553 0 0
 325.144288348008 53.0652834129175 0 0
 327.311539595099 46.8855150963804 0 0
 329.478354771136 46.5727879268468 0 0
 331.644739833357 39.8075862327579 0 0
 333.810700739 35.4326362566531 0 0
 335.976243445303 35.207727319144 0 0
 338.141373909504 28.0360684508225 0 0
 340.306098088841 24.4310019210822 0 0
 342.470421940552 24.5967908645335 0 0
 344.634351421875 18.7282564111112 0 0
 346.797892490048 16.7694724784714 0 0
 348.961051102309 17.0903235111179 0 0
 351.123833215896 12.6705147436284 0 0
 353.286244788047 11.6461080475042 0 0
 355.448291776 12.5175423609979 0 0
 357.609980136993 9.19072343497353 0 0
 359.771315828264 10.378745387843 0 0
 361.932304807051 16.2865952993476 0 0
 364.092953030592 18.5532424948523 0 0
 366.253266456125 19.6360045946335 0 0
 368.413251040888 14.3888022374731 0 0
 370.572912742119 6.77596455094608 0 0
 372.732257517056 6.92011515456893 0 0
 374.891291322937 6.78810879930714 0 0
 377.050020117 2.8131873759982 0 0
 379.208449856483 4.77579358781618 0 0
 381.366586498624 4.91716584721693 0 0
 383.524436000661 1.30159432394848 0 0
 385.682004319832 3.78405492919437 0 0
 387.839297413375 3.59877006418865 0 0
 389.996321238528 0.305042702573665 0 0
 392.153081752529 3.65922653951512 0 0
 394.309584912616 2.90436462947742 0 0
 396.465836676027 0.435180048471267 0 0
 398.621843 4.38852772809523 0 0
 400.777609841773 7.55523375395651 0 0
 402.933143158584 12.9975198711456 0 0
 405.088448907671 18.8982998815078 0 0
 407.243533046272 13.3902430461215 0 0
 409.398401531625 6.41514277649583 0 0
 411.553060320968 7.84874320745214 0 0
 413.707515371539 7.51093374078454 0 0
 415.861772640576 8.86130245849489 0 0
 418.015838085317 15.304847685948 0 0
 420.169717663 18.9732836327203 0 0
 422.323417330863 25.9949690960498 0 0
 424.476943046144 38.7790768262874 0 0
 426.630300766081 51.1155205730859 0 0
 428.783496447912 70.9084940869854 0 0
 430.936536048875 102.998934714098 0 0
 433.089425526208 154.071486487365 0 0
 435.242170837149 213.50363629457 0 0
 437.394777938936 265.500319646591 0 0
 439.547252788807 314.402787761101 0 0
 441.699601344 398.303893739101 0 0
 443.851829561753 505.140899344936 0 0
 446.003943399304 602.954084389012 0 0
 448.155948813891 664.15307986341 0 0
 450.307851762752 663.05314487807 0 0
 452.459658203125 597.272159649188 0 0
 454.611374092248 503.66852952328 0 0
 456.763005387359 413.641759635335 0 0
 458.914558045696 342.020063209686 0 0
 461.066038024497 296.002588973799 0 0
 463.217451281 261.727290582765 0 0
 465.368803772443 225.769310383338 0 0
 467.520101456064 193.877890452381 0 0
 469.671350289101 162.508306486188 0 0
 471.822556228792 133.537172236849 0 0
 473.973725232375 116.942788224326 0 0
 476.124863257088 105.43286929936 0 0
 478.275976260169 96.0459210124774 0 0
 480.427070198856 95.1801957342198 0 0
 482.578151030387 92.92083304276 0 0
 484.729224712 89.7836549757135 0 0
 486.880297200933 93.1765914535485 0 0
 489.031374454424 94.753131480704 0 0
 491.182462429711 96.4958503008221 0 0
 493.333567084032 104.291550499544 0 0
 495.484694374625 108.752562851749 0 0
 497.635850258728 113.021892236228 0 0
 499.787040693579 121.572428512122 0 0
 501.938271636416 125.542122782514 0 0
 504.089549044477 -NAN 0 0
 506.240878875 -NAN 0 0
 508.392267085223 -NAN 0 0
 510.543719632384 -NAN 0 0
 512.695242473721 -NAN 0 0
 514.846841566472 -NAN 0 0
 516.998522867875 -NAN 0 0
 519.150292335168 -NAN 0 0
 521.302155925589 -NAN 0 0
 523.454119596376 -NAN 0 0
 525.606189304767 -NAN 0 0
 527.758371008 -NAN 0 0
 529.910670663313 -NAN 0 0
 532.063094227944 -NAN 0 0
 534.215647659131 -NAN 0 0
 536.368336914112 -NAN 0 0
 538.521167950125 -NAN 0 0
 540.674146724408 -NAN 0 0
 542.827279194199 -NAN 0 0
 544.980571316736 -NAN 0 0
 547.134029049257 -NAN 0 0
 549.287658349 -NAN 0 0
 551.441465173203 -NAN 0 0
 553.595455479104 -NAN 0 0
 555.749635223941 -NAN 0 0
 557.904010364952 -NAN 0 0
 560.058586859375 -NAN 0 0
 562.213370664448 -NAN 0 0
 564.368367737409 -NAN 0 0
 566.523584035496 -NAN 0 0
 568.679025515947 -NAN 0 0
 570.834698136 -NAN 0 0
 572.990607852893 -NAN 0 0
 575.146760623864 -NAN 0 0
 577.303162406151 -NAN 0 0
 579.459819156992 -NAN 0 0
 581.616736833625 -NAN 0 0
 583.773921393288 -NAN 0 0
 585.931378793219 -NAN 0 0
 588.089114990656 -NAN 0 0
 590.247135942837 -NAN 0 0
 592.405447607 -NAN 0 0
 594.564055940383 -NAN 0 0
 596.722966900224 -NAN 0 0
 598.882186443761 -NAN 0 0
 601.041720528232 -NAN 0 0
 603.201575110875 -NAN 0 0
 605.361756148928 -NAN 0 0
 607.522269599629 -NAN 0 0
 609.683121420216 -NAN 0 0
 611.844317567927 -NAN 0 0
 614.005864 -NAN 0 0
 616.167766673673 -NAN 0 0
 618.330031546184 -NAN 0 0
 620.492664574771 -NAN 0 0
 622.655671716672 -NAN 0 0
 624.819058929125 -NAN 0 0
 626.982832169368 -NAN 0 0
 629.146997394639 -NAN 0 0
 631.311560562176 -NAN 0 0
 633.476527629217 -NAN 0 0
 635.641904553 -NAN 0 0
 637.807697290763 -NAN 0 0
 639.973911799744 -NAN 0 0
 642.140554037181 -NAN 0 0
 644.307629960312 -NAN 0 0
 646.475145526375 -NAN 0 0
 648.643106692608 -NAN 0 0
 650.811519416249 -NAN 0 0
 652.980389654536 -NAN 0 0
 655.149723364707 -NAN 0 0
 657.319526504 -NAN 0 0
 659.489805029653 -NAN 0 0
 661.660564898904 -NAN 0 0
 663.831812068991 -NAN 0 0
 666.003552497152 -NAN 0 0
 668.175792140625 -NAN 0 0
 670.348536956648 -NAN 0 0
 672.521792902459 -NAN 0 0
 674.695565935296 -NAN 0 0
 676.869862012397 -NAN 0 0
 679.044687091 -NAN 0 0
 681.220047128343 -NAN 0 0
 683.395948081664 -NAN 0 0
 685.572395908201 -NAN 0 0
 687.749396565192 -NAN 0 0
 689.926956009875 -NAN 0 0
 692.105080199488 -NAN 0 0
 694.283775091269 -NAN 0 0
 696.463046642456 -NAN 0 0
 698.642900810287 -NAN 0 0
 700.823343552 -NAN 0 0
 703.004380824833 -NAN 0 0
 705.186018586024 -NAN 0 0
 707.368262792811 -NAN 0 0
 709.551119402432 -NAN 0 0
 711.734594372125 -NAN 0 0
 713.918693659128 -NAN 0 0
 716.103423220679 -NAN 0 0
 718.288789014016 -NAN 0 0
 720.474796996377 -NAN 0 0
 722.661453125 -NAN 0 0
 724.848763357123 -NAN 0 0
 727.036733649984 -NAN 0 0
 729.225369960821 -NAN 0 0
 731.414678246872 -NAN 0 0
 733.604664465375 -NAN 0 0
 735.795334573568 -NAN 0 0
[END] of [DATA]
[END] of Spectrum


[Spectrum]
Version            = 1
IDData             = 12ad_2026-06-11_09-46-05_000_106
IDDevice           = SAM_82E6
IDDataType         = SPECTRUM
IDDataTypeSub1     = CALIBRATED
IDDataTypeSub2     = 
IDDataTypeSub3     = 
DateTime           = 2026-06-11 09:46:05
PositionLatitude   = 0
PositionLongitude  = 0
Comment            = 20260611_FrameD
CommentSub1        = UV
CommentSub2        = left
CommentSub3        = 28cm
IDMethodType       = SAM Control
MethodName         = SAM_82E6
Mission            = No Mission
MissionSub         = 1
RecordType         = 0
[Attributes]
CalFactor = 1
IDBasisSpec = 
IDDataBack = DLAB_2024-11-11_10-40-48_641_639
IDDataCal = DLAB_2024-11-12_11-45-27_171_455
IntegrationTime = 128
P31 = -1
P31e = 0
PathLength = +INF
PathLengthCustomOn = 0
RAWDynamic = 65535
Salinity = 0
Temperature = -NAN
Unit1 = $01 $01 Wavelength nm
Unit2 = $03 $06 Intensity mW/(m^2 nm)
Unit3 = $f0 $06 Error mW/(m^2 nm)
Unit4 = $f1 $00 Status 
p999 = 8528
[END] of [Attributes]
[DATA]
 0 6 0 0
 185.260577530984 -NAN 0 0
 187.468128380571 -NAN 0 0
 189.674861895872 -NAN 0 0
 191.880784034125 -NAN 0 0
 194.085900752568 -NAN 0 0
 196.290218008439 -NAN 0 0
 198.493741758976 -NAN 0 0
 200.696477961417 -NAN 0 0
 202.898432573 -NAN 0 0
 205.099611550963 -NAN 0 0
 207.300020852544 -NAN 0 0
 209.499666434981 -NAN 0 0
 211.698554255512 -NAN 0 0
 213.896690271375 -NAN 0 0
 216.094080439808 -NAN 0 0
 218.290730718049 -NAN 0 0
 220.486647063336 -NAN 0 0
 222.681835432907 -NAN 0 0
 224.876301784 -NAN 0 0
 227.070052073853 -NAN 0 0
 229.263092259704 -NAN 0 0
 231.455428298791 -NAN 0 0
 233.647066148352 -NAN 0 0
 235.838011765625 -NAN 0 0
 238.028271107848 -NAN 0 0
 240.217850132259 -NAN 0 0
 242.406754796096 -NAN 0 0
 244.594991056597 -NAN 0 0
 246.782564871 -NAN 0 0
 248.969482196543 -NAN 0 0
 251.155748990464 -NAN 0 0
 253.341371210001 -NAN 0 0
 255.526354812392 -NAN 0 0
 257.710705754875 -NAN 0 0
 259.894429994688 -NAN 0 0
 262.077533489069 -NAN 0 0
 264.260022195256 -NAN 0 0
 266.441902070487 -NAN 0 0
 268.623179072 -NAN 0 0
 270.803859157033 -NAN 0 0
 272.983948282824 -NAN 0 0
 275.163452406611 -NAN 0 0
 277.342377485632 -NAN 0 0
 279.520729477125 3.48108415438042 0 0
 281.698514338328 5.42497341509436 0 0
 283.875738026479 4.10429704503957 0 0
 286.052406498816 10.2484221525697 0 0
 288.228525712577 13.9483416313566 0 0
 290.404101625 16.3124836169423 0 0
 292.579140193323 25.9238159467452 0 0
 294.753647374784 33.4893099646077 0 0
 296.927629126621 37.8731808457676 0 0
 299.101091406072 48.3452991771235 0 0
 301.274040170375 55.9039245685698 0 0
 303.446481376768 58.7414714893992 0 0
 305.618420982489 66.6518353414743 0 0
 307.789864944776 69.2625432969581 0 0
 309.960819220867 72.3799380740839 0 0
 312.131289768 79.6595945267094 0 0
 314.301282543413 75.8391753229376 0 0
 316.470803504344 68.2449909607887 0 0
 318.639858608031 66.2112102521541 0 0
 320.808453811712 59.5447385971825 0 0
 322.976595072625 55.2811353869775 0 0
 325.144288348008 54.3819346526578 0 0
 327.311539595099 47.0350463674501 0 0
 329.478354771136 42.4674582304321 0 0
 331.644739833357 41.8506253176125 0 0
 333.810700739 35.1306721946457 0 0
 335.976243445303 31.1694534535822 0 0
 338.141373909504 30.5050132920419 0 0
 340.306098088841 23.8853729867227 0 0
 342.470421940552 21.406973169043 0 0
 344.634351421875 21.346471122346 0 0
 346.797892490048 15.9359674326785 0 0
 348.961051102309 14.6268955280845 0 0
 351.123833215896 14.9809850701209 0 0
 353.286244788047 10.4815394866107 0 0
 355.448291776 10.6523310849776 0 0
 357.609980136993 11.5358279184862 0 0
 359.771315828264 9.21064212444471 0 0
 361.932304807051 14.6988167798926 0 0
 364.092953030592 20.985146882083 0 0
 366.253266456125 17.6950861770533 0 0
 368.413251040888 13.3122795058734 0 0
 370.572912742119 9.52658942808696 0 0
 372.732257517056 4.68157818852995 0 0
 374.891291322937 6.17503166989523 0 0
 377.050020117 6.0079588605215 0 0
 379.208449856483 2.07206888596584 0 0
 381.366586498624 4.75605356269555 0 0
 383.524436000661 4.41409236138266 0 0
 385.682004319832 0.831243626657902 0 0
 387.839297413375 4.07483784312983 0 0
 389.996321238528 3.33065677451947 0 0
 392.153081752529 0.428834807486751 0 0
 394.309584912616 3.95163766800484 0 0
 396.465836676027 2.81949842219137 0 0
 398.621843 1.20408952370129 0 0
 400.777609841773 8.62424680255877 0 0
 402.933143158584 14.7236049179527 0 0
 405.088448907671 15.5962276812413 0 0
 407.243533046272 14.5164708899794 0 0
 409.398401531625 7.64576555033868 0 0
 411.553060320968 5.32076190649836 0 0
 413.707515371539 9.10827172110839 0 0
 415.861772640576 9.70024244287222 0 0
 418.015838085317 12.9633805854655 0 0
 420.169717663 20.7215345631991 0 0
 422.323417330863 26.4014822912615 0 0
 424.476943046144 36.6806931790911 0 0
 426.630300766081 52.9903678950316 0 0
 428.783496447912 70.9337831419304 0 0
 430.936536048875 101.095451140203 0 0
 433.089425526208 155.378194718488 0 0
 435.242170837149 212.376743009939 0 0
 437.394777938936 263.150368423069 0 0
 439.547252788807 316.21775378284 0 0
 441.699601344 397.884699405815 0 0
 443.851829561753 503.900406621935 0 0
 446.003943399304 605.089566898214 0 0
 448.155948813891 663.437107295519 0 0
 450.307851762752 661.83028596087 0 0
 452.459658203125 599.534208168744 0 0
 454.611374092248 502.652910077655 0 0
 456.763005387359 412.616693950822 0 0
 458.914558045696 344.475219565143 0 0
 461.066038024497 294.602637451919 0 0
 463.217451281 261.122799487511 0 0
 465.368803772443 228.327947421053 0 0
 467.520101456064 192.04001816588 0 0
 469.671350289101 162.3069616736 0 0
 471.822556228792 136.108088430058 0 0
 473.973725232375 114.656918864619 0 0
 476.124863257088 105.585653006302 0 0
 478.275976260169 98.659571491866 0 0
 480.427070198856 92.6272397808529 0 0
 482.578151030387 93.3762211777283 0 0
 484.729224712 91.9696793070193 0 0
 486.880297200933 90.6127506164065 0 0
 489.031374454424 95.6326106130347 0 0
 491.182462429711 98.4391889148672 0 0
 493.333567084032 101.61955483153 0 0
 495.484694374625 110.120606267119 0 0
 497.635850258728 114.377946495168 0 0
 499.787040693579 118.982788482489 0 0
 501.938271636416 127.007944214111 0 0
 504.089549044477 -NAN 0 0
 506.240878875 -NAN 0 0
 508.392267085223 -NAN 0 0
 510.543719632384 -NAN 0 0
 512.695242473721 -NAN 0 0
 514.846841566472 -NAN 0 0
 516.998522867875 -NAN 0 0
 519.150292335168 -NAN 0 0
 521.302155925589 -NAN 0 0
 523.454119596376 -NAN 0 0
 525.606189304767 -NAN 0 0
 527.758371008 -NAN 0 0
 529.910670663313 -NAN 0 0
 532.063094227944 -NAN 0 0
 534.215647659131 -NAN 0 0
 536.368336914112 -NAN 0 0
 538.521167950125 -NAN 0 0
 540.674146724408 -NAN 0 0
 542.827279194199 -NAN 0 0
 544.980571316736 -NAN 0 0
 547.134029049257 -NAN 0 0
 549.287658349 -NAN 0 0
 551.441465173203 -NAN 0 0
 553.595455479104 -NAN 0 0
 555.749635223941 -NAN 0 0
 557.904010364952 -NAN 0 0
 560.058586859375 -NAN 0 0
 562.213370664448 -NAN 0 0
 564.368367737409 -NAN 0 0
 566.523584035496 -NAN 0 0
 568.679025515947 -NAN 0 0
 570.834698136 -NAN 0 0
 572.990607852893 -NAN 0 0
 575.146760623864 -NAN 0 0
 577.303162406151 -NAN 0 0
 579.459819156992 -NAN 0 0
 581.616736833625 -NAN 0 0
 583.773921393288 -NAN 0 0
 585.931378793219 -NAN 0 0
 588.089114990656 -NAN 0 0
 590.247135942837 -NAN 0 0
 592.405447607 -NAN 0 0
 594.564055940383 -NAN 0 0
 596.722966900224 -NAN 0 0
 598.882186443761 -NAN 0 0
 601.041720528232 -NAN 0 0
 603.201575110875 -NAN 0 0
 605.361756148928 -NAN 0 0
 607.522269599629 -NAN 0 0
 609.683121420216 -NAN 0 0
 611.844317567927 -NAN 0 0
 614.005864 -NAN 0 0
 616.167766673673 -NAN 0 0
 618.330031546184 -NAN 0 0
 620.492664574771 -NAN 0 0
 622.655671716672 -NAN 0 0
 624.819058929125 -NAN 0 0
 626.982832169368 -NAN 0 0
 629.146997394639 -NAN 0 0
 631.311560562176 -NAN 0 0
 633.476527629217 -NAN 0 0
 635.641904553 -NAN 0 0
 637.807697290763 -NAN 0 0
 639.973911799744 -NAN 0 0
 642.140554037181 -NAN 0 0
 644.307629960312 -NAN 0 0
 646.475145526375 -NAN 0 0
 648.643106692608 -NAN 0 0
 650.811519416249 -NAN 0 0
 652.980389654536 -NAN 0 0
 655.149723364707 -NAN 0 0
 657.319526504 -NAN 0 0
 659.489805029653 -NAN 0 0
 661.660564898904 -NAN 0 0
 663.831812068991 -NAN 0 0
 666.003552497152 -NAN 0 0
 668.175792140625 -NAN 0 0
 670.348536956648 -NAN 0 0
 672.521792902459 -NAN 0 0
 674.695565935296 -NAN 0 0
 676.869862012397 -NAN 0 0
 679.044687091 -NAN 0 0
 681.220047128343 -NAN 0 0
 683.395948081664 -NAN 0 0
 685.572395908201 -NAN 0 0
 687.749396565192 -NAN 0 0
 689.926956009875 -NAN 0 0
 692.105080199488 -NAN 0 0
 694.283775091269 -NAN 0 0
 696.463046642456 -NAN 0 0
 698.642900810287 -NAN 0 0
 700.823343552 -NAN 0 0
 703.004380824833 -NAN 0 0
 705.186018586024 -NAN 0 0
 707.368262792811 -NAN 0 0
 709.551119402432 -NAN 0 0
 711.734594372125 -NAN 0 0
 713.918693659128 -NAN 0 0
 716.103423220679 -NAN 0 0
 718.288789014016 -NAN 0 0
 720.474796996377 -NAN 0 0
 722.661453125 -NAN 0 0
 724.848763357123 -NAN 0 0
 727.036733649984 -NAN 0 0
 729.225369960821 -NAN 0 0
 731.414678246872 -NAN 0 0
 733.604664465375 -NAN 0 0
 735.795334573568 -NAN 0 0
[END] of [DATA]
[END] of Spectrum


[Spectrum]
Version            = 1
IDData             = 12ad_2026-06-11_09-46-00_000_103
IDDevice           = SAM_82E6
IDDataType         = SPECTRUM
IDDataTypeSub1     = CALIBRATED
IDDataTypeSub2     = 
IDDataTypeSub3     = 
DateTime           = 2026-06-11 09:46:00
PositionLatitude   = 0
PositionLongitude  = 0
Comment            = 20260611_FrameD
CommentSub1        = UV
CommentSub2        = left
CommentSub3        = 28cm
IDMethodType       = SAM Control
MethodName         = SAM_82E6
Mission            = No Mission
MissionSub         = 1
RecordType         = 0
[Attributes]
CalFactor = 1
IDBasisSpec = 
IDDataBack = DLAB_2024-11-11_10-40-48_641_639
IDDataCal = DLAB_2024-11-12_11-45-27_171_455
IntegrationTime = 128
P31 = -1
P31e = 0
PathLength = +INF
PathLengthCustomOn = 0
RAWDynamic = 65535
Salinity = 0
Temperature = -NAN
Unit1 = $01 $01 Wavelength nm
Unit2 = $03 $06 Intensity mW/(m^2 nm)
Unit3 = $f0 $06 Error mW/(m^2 nm)
Unit4 = $f1 $00 Status 
p999 = 8527
[END] of [Attributes]
[DATA]
 0 6 0 0
 185.260577530984 -NAN 0 0
 187.468128380571 -NAN 0 0
 189.674861895872 -NAN 0 0
 191.880784034125 -NAN 0 0
 194.085900752568 -NAN 0 0
 196.290218008439 -NAN 0 0
 198.493741758976 -NAN 0 0
 200.696477961417 -NAN 0 0
 202.898432573 -NAN 0 0
 205.099611550963 -NAN 0 0
 207.300020852544 -NAN 0 0
 209.499666434981 -NAN 0 0
 211.698554255512 -NAN 0 0
 213.896690271375 -NAN 0 0
 216.094080439808 -NAN 0 0
 218.290730718049 -NAN 0 0
 220.486647063336 -NAN 0 0
 222.681835432907 -NAN 0 0
 224.876301784 -NAN 0 0
 227.070052073853 -NAN 0 0
 229.263092259704 -NAN 0 0
 231.455428298791 -NAN 0 0
 233.647066148352 -NAN 0 0
 235.838011765625 -NAN 0 0
 238.028271107848 -NAN 0 0
 240.217850132259 -NAN 0 0
 242.406754796096 -NAN 0 0
 244.594991056597 -NAN 0 0
 246.782564871 -NAN 0 0
 248.969482196543 -NAN 0 0
 251.155748990464 -NAN 0 0
 253.341371210001 -NAN 0 0
 255.526354812392 -NAN 0 0
 257.710705754875 -NAN 0 0
 259.894429994688 -NAN 0 0
 262.077533489069 -NAN 0 0
 264.260022195256 -NAN 0 0
 266.441902070487 -NAN 0 0
 268.623179072 -NAN 0 0
 270.803859157033 -NAN 0 0
 272.983948282824 -NAN 0 0
 275.163452406611 -NAN 0 0
 277.342377485632 -NAN 0 0
 279.520729477125 1.19218638787331 0 0
 281.698514338328 3.65731339003515 0 0
 283.875738026479 7.88883811864997 0 0
 286.052406498816 7.13560654765475 0 0
 288.228525712577 12.6044685273137 0 0
 290.404101625 19.5028037355265 0 0
 292.579140193323 22.1151742784721 0 0
 294.753647374784 32.20542809811 0 0
 296.927629126621 40.0645916416289 0 0
 299.101091406072 44.2028668205409 0 0
 301.274040170375 54.5022200113477 0 0
 303.446481376768 59.5846406003191 0 0
 305.618420982489 62.1393462907618 0 0
 307.789864944776 68.0097900890096 0 0
 309.960819220867 72.6501135668613 0 0
 312.131289768 74.613967198107 0 0
 314.301282543413 75.0414926755188 0 0
 316.470803504344 68.4184807592447 0 0
 318.639858608031 61.044872234077 0 0
 320.808453811712 59.4941566693017 0 0
 322.976595072625 55.860498865737 0 0
 325.144288348008 48.9998339709123 0 0
 327.311539595099 48.2459564645434 0 0
 329.478354771136 42.7589961364094 0 0
 331.644739833357 36.7578322365257 0 0
 333.810700739 37.1526472373033 0 0
 335.976243445303 31.2973757358607 0 0
 338.141373909504 25.9013721148421 0 0
 340.306098088841 26.3013419000559 0 0
 342.470421940552 21.0743731301864 0 0
 344.634351421875 17.8353974077602 0 0
 346.797892490048 18.4992974430734 0 0
 348.961051102309 14.1041399185394 0 0
 351.123833215896 12.0973748176767 0 0
 353.286244788047 13.2075894887023 0 0
 355.448291776 9.87569755482378 0 0
 357.609980136993 9.29780583148096 0 0
 359.771315828264 11.8609242984901 0 0
 361.932304807051 13.1747250890188 0 0
 364.092953030592 18.7474335601279 0 0
 366.253266456125 20.6777008813251 0 0
 368.413251040888 11.3677497069027 0 0
 370.572912742119 7.67023163429051 0 0
 372.732257517056 7.91936883521338 0 0
 374.891291322937 3.82490267381624 0 0
 377.050020117 4.58989966963638 0 0
 379.208449856483 5.59586743630701 0 0
 381.366586498624 1.47162418350536 0 0
 383.524436000661 3.23446981751492 0 0
 385.682004319832 4.20791705258352 0 0
 387.839297413375 0.52699939530632 0 0
 389.996321238528 2.82217381535309 0 0
 392.153081752529 3.49826200303948 0 0
 394.309584912616 0.119818347351108 0 0
 396.465836676027 2.93764032359192 0 0
 398.621843 3.94801377648739 0 0
 400.777609841773 4.78256244055015 0 0
 402.933143158584 15.0632457347987 0 0
 405.088448907671 17.0973929449041 0 0
 407.243533046272 10.7718821095574 0 0
 409.398401531625 8.53034728349202 0 0
 411.553060320968 6.56931113541619 0 0
 413.707515371539 5.86056329099442 0 0
 415.861772640576 11.1127642657168 0 0
 418.015838085317 13.899181038723 0 0
 420.169717663 18.0291524484033 0 0
 422.323417330863 27.9817565591337 0 0
 424.476943046144 37.2541093534095 0 0
 426.630300766081 50.5181935257625 0 0
 428.783496447912 72.5860013983344 0 0
 430.936536048875 101.138300121088 0 0
 433.089425526208 152.636860102267 0 0
 435.242170837149 212.979351191933 0 0
 437.394777938936 262.084098037974 0 0
 439.547252788807 313.770299602009 0 0
 441.699601344 399.643671706272 0 0
 443.851829561753 503.235797160354 0 0
 446.003943399304 603.132041264779 0 0
 448.155948813891 665.741205289735 0 0
 450.307851762752 661.081780871433 0 0
 452.459658203125 597.831650765409 0 0
 454.611374092248 505.26993696376 0 0
 456.763005387359 411.296799850382 0 0
 458.914558045696 342.910306896299 0 0
 461.066038024497 297.22321628327 0 0
 463.217451281 259.382031316298 0 0
 465.368803772443 226.900852835661 0 0
 467.520101456064 194.736849411457 0 0
 469.671350289101 160.102993725054 0 0
 471.822556228792 135.122133325349 0 0
 473.973725232375 117.548389451608 0 0
 476.124863257088 102.873188643911 0 0
 478.275976260169 98.1772907486455 0 0
 480.427070198856 95.2514824624116 0 0
 482.578151030387 90.420662889993 0 0
 484.729224712 92.0277944732913 0 0
 486.880297200933 92.7045404791707 0 0
 489.031374454424 92.4279945379773 0 0
 491.182462429711 98.7787147416888 0 0
 493.333567084032 103.641364886994 0 0
 495.484694374625 106.910795664715 0 0
 497.635850258728 115.363170382326 0 0
 499.787040693579 120.487432395593 0 0
 501.938271636416 123.945001633844 0 0
 504.089549044477 -NAN 0 0
 506.240878875 -NAN 0 0
 508.392267085223 -NAN 0 0
 510.543719632384 -NAN 0 0
 512.695242473721 -NAN 0 0
 514.846841566472 -NAN 0 0
 516.998522867875 -NAN 0 0
 519.150292335168 -NAN 0 0
 521.302155925589 -NAN 0 0
 523.454119596376 -NAN 0 0
 525.606189304767 -NAN 0 0
 527.758371008 -NAN 0 0
 529.910670663313 -NAN 0 0
 532.063094227944 -NAN 0 0
 534.215647659131 -NAN 0 0
 536.368336914112 -NAN 0 0
 538.521167950125 -NAN 0 0
 540.674146724408 -NAN 0 0
 542.827279194199 -NAN 0 0
 544.980571316736 -NAN 0 0
 547.134029049257 -NAN 0 0
 549.287658349 -NAN 0 0
 551.441465173203 -NAN 0 0
 553.595455479104 -NAN 0 0
 555.749635223941 -NAN 0 0
 557.904010364952 -NAN 0 0
 560.058586859375 -NAN 0 0
 562.213370664448 -NAN 0 0
 564.368367737409 -NAN 0 0
 566.523584035496 -NAN 0 0
 568.679025515947 -NAN 0 0
 570.834698136 -NAN 0 0
 572.990607852893 -NAN 0 0
 575.146760623864 -NAN 0 0
 577.303162406151 -NAN 0 0
 579.459819156992 -NAN 0 0
 581.616736833625 -NAN 0 0
 583.773921393288 -NAN 0 0
 585.931378793219 -NAN 0 0
 588.089114990656 -NAN 0 0
 590.247135942837 -NAN 0 0
 592.405447607 -NAN 0 0
 594.564055940383 -NAN 0 0
 596.722966900224 -NAN 0 0
 598.882186443761 -NAN 0 0
 601.041720528232 -NAN 0 0
 603.201575110875 -NAN 0 0
 605.361756148928 -NAN 0 0
 607.522269599629 -NAN 0 0
 609.683121420216 -NAN 0 0
 611.844317567927 -NAN 0 0
 614.005864 -NAN 0 0
 616.167766673673 -NAN 0 0
 618.330031546184 -NAN 0 0
 620.492664574771 -NAN 0 0
 622.655671716672 -NAN 0 0
 624.819058929125 -NAN 0 0
 626.982832169368 -NAN 0 0
 629.146997394639 -NAN 0 0
 631.311560562176 -NAN 0 0
 633.476527629217 -NAN 0 0
 635.641904553 -NAN 0 0
 637.807697290763 -NAN 0 0
 639.973911799744 -NAN 0 0
 642.140554037181 -NAN 0 0
 644.307629960312 -NAN 0 0
 646.475145526375 -NAN 0 0
 648.643106692608 -NAN 0 0
 650.811519416249 -NAN 0 0
 652.980389654536 -NAN 0 0
 655.149723364707 -NAN 0 0
 657.319526504 -NAN 0 0
 659.489805029653 -NAN 0 0
 661.660564898904 -NAN 0 0
 663.831812068991 -NAN 0 0
 666.003552497152 -NAN 0 0
 668.175792140625 -NAN 0 0
 670.348536956648 -NAN 0 0
 672.521792902459 -NAN 0 0
 674.695565935296 -NAN 0 0
 676.869862012397 -NAN 0 0
 679.044687091 -NAN 0 0
 681.220047128343 -NAN 0 0
 683.395948081664 -NAN 0 0
 685.572395908201 -NAN 0 0
 687.749396565192 -NAN 0 0
 689.926956009875 -NAN 0 0
 692.105080199488 -NAN 0 0
 694.283775091269 -NAN 0 0
 696.463046642456 -NAN 0 0
 698.642900810287 -NAN 0 0
 700.823343552 -NAN 0 0
 703.004380824833 -NAN 0 0
 705.186018586024 -NAN 0 0
 707.368262792811 -NAN 0 0
 709.551119402432 -NAN 0 0
 711.734594372125 -NAN 0 0
 713.918693659128 -NAN 0 0
 716.103423220679 -NAN 0 0
 718.288789014016 -NAN 0 0
 720.474796996377 -NAN 0 0
 722.661453125 -NAN 0 0
 724.848763357123 -NAN 0 0
 727.036733649984 -NAN 0 0
 729.225369960821 -NAN 0 0
 731.414678246872 -NAN 0 0
 733.604664465375 -NAN 0 0
 735.795334573568 -NAN 0 0
[END] of [DATA]
[END] of Spectrum


[Spectrum]
Version            = 1
IDData             = 12ad_2026-06-11_09-45-55_000_100
IDDevice           = SAM_82E6
IDDataType         = SPECTRUM
IDDataTypeSub1     = CALIBRATED
IDDataTypeSub2     = 
IDDataTypeSub3     = 
DateTime           = 2026-06-11 09:45:55
PositionLatitude   = 0
PositionLongitude  = 0
Comment            = 20260611_FrameD
CommentSub1        = UV
CommentSub2        = left
CommentSub3        = 28cm
IDMethodType       = SAM Control
MethodName         = SAM_82E6
Mission            = No Mission
MissionSub         = 1
RecordType         = 0
[Attributes]
CalFactor = 1
IDBasisSpec = 
IDDataBack = DLAB_2024-11-11_10-40-48_641_639
IDDataCal = DLAB_2024-11-12_11-45-27_171_455
IntegrationTime = 128
P31 = -1
P31e = 0
PathLength = +INF
PathLengthCustomOn = 0
RAWDynamic = 65535
Salinity = 0
Temperature = -NAN
Unit1 = $01 $01 Wavelength nm
Unit2 = $03 $06 Intensity mW/(m^2 nm)
Unit3 = $f0 $06 Error mW/(m^2 nm)
Unit4 = $f1 $00 Status 
p999 = 8526
[END] of [Attributes]
[DATA]
 0 6 0 0
 185.260577530984 -NAN 0 0
 187.468128380571 -NAN 0 0
 189.674861895872 -NAN 0 0
 191.880784034125 -NAN 0 0
 194.085900752568 -NAN 0 0
 196.290218008439 -NAN 0 0
 198.493741758976 -NAN 0 0
 200.696477961417 -NAN 0 0
 202.898432573 -NAN 0 0
 205.099611550963 -NAN 0 0
 207.300020852544 -NAN 0 0
 209.499666434981 -NAN 0 0
 211.698554255512 -NAN 0 0
 213.896690271375 -NAN 0 0
 216.094080439808 -NAN 0 0
 218.290730718049 -NAN 0 0
 220.486647063336 -NAN 0 0
 222.681835432907 -NAN 0 0
 224.876301784 -NAN 0 0
 227.070052073853 -NAN 0 0
 229.263092259704 -NAN 0 0
 231.455428298791 -NAN 0 0
 233.647066148352 -NAN 0 0
 235.838011765625 -NAN 0 0
 238.028271107848 -NAN 0 0
 240.217850132259 -NAN 0 0
 242.406754796096 -NAN 0 0
 244.594991056597 -NAN 0 0
 246.782564871 -NAN 0 0
 248.969482196543 -NAN 0 0
 251.155748990464 -NAN 0 0
 253.341371210001 -NAN 0 0
 255.526354812392 -NAN 0 0
 257.710705754875 -NAN 0 0
 259.894429994688 -NAN 0 0
 262.077533489069 -NAN 0 0
 264.260022195256 -NAN 0 0
 266.441902070487 -NAN 0 0
 268.623179072 -NAN 0 0
 270.803859157033 -NAN 0 0
 272.983948282824 -NAN 0 0
 275.163452406611 -NAN 0 0
 277.342377485632 -NAN 0 0
 279.520729477125 2.61558690317126 0 0
 281.698514338328 5.48119337151266 0 0
 283.875738026479 4.19043771872996 0 0
 286.052406498816 9.0303007474747 0 0
 288.228525712577 13.7520616577384 0 0
 290.404101625 15.2757022839657 0 0
 292.579140193323 24.1576323751885 0 0
 294.753647374784 32.3655711454236 0 0
 296.927629126621 36.0537766334448 0 0
 299.101091406072 45.5650072646071 0 0
 301.274040170375 53.6354374747211 0 0
 303.446481376768 55.7215717592264 0 0
 305.618420982489 63.2524125842526 0 0
 307.789864944776 66.2493084051433 0 0
 309.960819220867 68.6915022466878 0 0
 312.131289768 75.657075256451 0 0
 314.301282543413 72.7286781190815 0 0
 316.470803504344 64.4709769647977 0 0
 318.639858608031 62.9320778796246 0 0
 320.808453811712 57.0143110997782 0 0
 322.976595072625 52.152291357269 0 0
 325.144288348008 51.5854944647444 0 0
 327.311539595099 45.2509330645898 0 0
 329.478354771136 39.9343508126806 0 0
 331.644739833357 39.8357150317523 0 0
 333.810700739 33.9420587544889 0 0
 335.976243445303 29.1910190651626 0 0
 338.141373909504 29.048644804929 0 0
 340.306098088841 23.2596641838875 0 0
 342.470421940552 19.9547942592322 0 0
 344.634351421875 20.5177470614893 0 0
 346.797892490048 15.5312946930544 0 0
 348.961051102309 13.5941062375452 0 0
 351.123833215896 14.5656825065896 0 0
 353.286244788047 10.4302897465714 0 0
 355.448291776 9.82729241790283 0 0
 357.609980136993 11.3698502038997 0 0
 359.771315828264 8.94711974918452 0 0
 361.932304807051 13.5403753289763 0 0
 364.092953030592 20.5053143080008 0 0
 366.253266456125 17.1567207194694 0 0
 368.413251040888 12.1860524589633 0 0
 370.572912742119 9.44494987693895 0 0
 372.732257517056 4.43241702272957 0 0
 374.891291322937 5.45843055152561 0 0
 377.050020117 5.99278507540502 0 0
 379.208449856483 2.00629504487528 0 0
 381.366586498624 4.05366053280849 0 0
 383.524436000661 4.44962316089675 0 0
 385.682004319832 0.713188068801193 0 0
 387.839297413375 3.29414336040189 0 0
 389.996321238528 3.44162405013866 0 0
 392.153081752529 0.063889349787668 0 0
 394.309584912616 3.22481927017266 0 0
 396.465836676027 3.04638457374469 0 0
 398.621843 1.07007774926638 0 0
 400.777609841773 7.79062470504776 0 0
 402.933143158584 14.321865593549 0 0
 405.088448907671 14.2559892993623 0 0
 407.243533046272 13.7335762179306 0 0
 409.398401531625 7.73628621992302 0 0
 411.553060320968 4.87185772260298 0 0
 413.707515371539 8.75295417568443 0 0
 415.861772640576 10.0564347233439 0 0
 418.015838085317 12.5809999380735 0 0
 420.169717663 20.6940998895066 0 0
 422.323417330863 26.7374965764927 0 0
 424.476943046144 36.3833333982913 0 0
 426.630300766081 52.9187231769278 0 0
 428.783496447912 71.1065916840543 0 0
 430.936536048875 100.463428672161 0 0
 433.089425526208 153.970285416182 0 0
 435.242170837149 210.325157859833 0 0
 437.394777938936 260.940295248566 0 0
 439.547252788807 315.379019484915 0 0
 441.699601344 397.846067771178 0 0
 443.851829561753 503.529598068433 0 0
 446.003943399304 605.172556402778 0 0
 448.155948813891 663.664358392435 0 0
 450.307851762752 661.739202811433 0 0
 452.459658203125 599.774122405667 0 0
 454.611374092248 502.710918304418 0 0
 456.763005387359 412.201786411852 0 0
 458.914558045696 344.554064017208 0 0
 461.066038024497 294.756489475066 0 0
 463.217451281 260.587897573326 0 0
 465.368803772443 228.487334464244 0 0
 467.520101456064 192.047515313902 0 0
 469.671350289101 161.788444656236 0 0
 471.822556228792 136.273142998584 0 0
 473.973725232375 114.74390522272 0 0
 476.124863257088 104.995553616443 0 0
 478.275976260169 98.9273817663271 0 0
 480.427070198856 92.4144934514056 0 0
 482.578151030387 92.9018585371363 0 0
 484.729224712 92.1384368090782 0 0
 486.880297200933 90.2178833321521 0 0
 489.031374454424 95.25776899811 0 0
 491.182462429711 98.8088699960447 0 0
 493.333567084032 101.226548802026 0 0
 495.484694374625 109.749817800979 0 0
 497.635850258728 114.642355133035 0 0
 499.787040693579 118.599017311011 0 0
 501.938271636416 126.918617357413 0 0
 504.089549044477 -NAN 0 0
 506.240878875 -NAN 0 0
 508.392267085223 -NAN 0 0
 510.543719632384 -NAN 0 0
 512.695242473721 -NAN 0 0
 514.846841566472 -NAN 0 0
 516.998522867875 -NAN 0 0
 519.150292335168 -NAN 0 0
 521.302155925589 -NAN 0 0
 523.454119596376 -NAN 0 0
 525.606189304767 -NAN 0 0
 527.758371008 -NAN 0 0
 529.910670663313 -NAN 0 0
 532.063094227944 -NAN 0 0
 534.215647659131 -NAN 0 0
 536.368336914112 -NAN 0 0
 538.521167950125 -NAN 0 0
 540.674146724408 -NAN 0 0
 542.827279194199 -NAN 0 0
 544.980571316736 -NAN 0 0
 547.134029049257 -NAN 0 0
 549.287658349 -NAN 0 0
 551.441465173203 -NAN 0 0
 553.595455479104 -NAN 0 0
 555.749635223941 -NAN 0 0
 557.904010364952 -NAN 0 0
 560.058586859375 -NAN 0 0
 562.213370664448 -NAN 0 0
 564.368367737409 -NAN 0 0
 566.523584035496 -NAN 0 0
 568.679025515947 -NAN 0 0
 570.834698136 -NAN 0 0
 572.990607852893 -NAN 0 0
 575.146760623864 -NAN 0 0
 577.303162406151 -NAN 0 0
 579.459819156992 -NAN 0 0
 581.616736833625 -NAN 0 0
 583.773921393288 -NAN 0 0
 585.931378793219 -NAN 0 0
 588.089114990656 -NAN 0 0
 590.247135942837 -NAN 0 0
 592.405447607 -NAN 0 0
 594.564055940383 -NAN 0 0
 596.722966900224 -NAN 0 0
 598.882186443761 -NAN 0 0
 601.041720528232 -NAN 0 0
 603.201575110875 -NAN 0 0
 605.361756148928 -NAN 0 0
 607.522269599629 -NAN 0 0
 609.683121420216 -NAN 0 0
 611.844317567927 -NAN 0 0
 614.005864 -NAN 0 0
 616.167766673673 -NAN 0 0
 618.330031546184 -NAN 0 0
 620.492664574771 -NAN 0 0
 622.655671716672 -NAN 0 0
 624.819058929125 -NAN 0 0
 626.982832169368 -NAN 0 0
 629.146997394639 -NAN 0 0
 631.311560562176 -NAN 0 0
 633.476527629217 -NAN 0 0
 635.641904553 -NAN 0 0
 637.807697290763 -NAN 0 0
 639.973911799744 -NAN 0 0
 642.140554037181 -NAN 0 0
 644.307629960312 -NAN 0 0
 646.475145526375 -NAN 0 0
 648.643106692608 -NAN 0 0
 650.811519416249 -NAN 0 0
 652.980389654536 -NAN 0 0
 655.149723364707 -NAN 0 0
 657.319526504 -NAN 0 0
 659.489805029653 -NAN 0 0
 661.660564898904 -NAN 0 0
 663.831812068991 -NAN 0 0
 666.003552497152 -NAN 0 0
 668.175792140625 -NAN 0 0
 670.348536956648 -NAN 0 0
 672.521792902459 -NAN 0 0
 674.695565935296 -NAN 0 0
 676.869862012397 -NAN 0 0
 679.044687091 -NAN 0 0
 681.220047128343 -NAN 0 0
 683.395948081664 -NAN 0 0
 685.572395908201 -NAN 0 0
 687.749396565192 -NAN 0 0
 689.926956009875 -NAN 0 0
 692.105080199488 -NAN 0 0
 694.283775091269 -NAN 0 0
 696.463046642456 -NAN 0 0
 698.642900810287 -NAN 0 0
 700.823343552 -NAN 0 0
 703.004380824833 -NAN 0 0
 705.186018586024 -NAN 0 0
 707.368262792811 -NAN 0 0
 709.551119402432 -NAN 0 0
 711.734594372125 -NAN 0 0
 713.918693659128 -NAN 0 0
 716.103423220679 -NAN 0 0
 718.288789014016 -NAN 0 0
 720.474796996377 -NAN 0 0
 722.661453125 -NAN 0 0
 724.848763357123 -NAN 0 0
 727.036733649984 -NAN 0 0
 729.225369960821 -NAN 0 0
 731.414678246872 -NAN 0 0
 733.604664465375 -NAN 0 0
 735.795334573568 -NAN 0 0
[END] of [DATA]
[END] of Spectrum


