[Spectrum]
Version            = 1
IDData             = 12ad_2026-06-11_11-55-05_000_327
IDDevice           = SAM_82E6
IDDataType         = SPECTRUM
IDDataTypeSub1     = CALIBRATED
IDDataTypeSub2     = 
IDDataTypeSub3     = 
DateTime           = 2026-06-11 11:55:05
PositionLatitude   = 0
PositionLongitude  = 0
Comment            = 20260611_FrameE
CommentSub1        = con
CommentSub2        = centre
CommentSub3        = 17cm
IDMethodType       = SAM Control
MethodName         = SAM_82E6
Mission            = No Mission
MissionSub         = 1
RecordType         = 0
[Attributes]
CalFactor = 1
IDBasisSpec = 
IDDataBack = DLAB_2024-11-11_10-40-48_641_639
IDDataCal = DLAB_2024-11-12_11-45-27_171_455
IntegrationTime = 128
P31 = -1
P31e = 0
PathLength = +INF
PathLengthCustomOn = 0
RAWDynamic = 65535
Salinity = 0
Temperature = -NAN
Unit1 = $01 $01 Wavelength nm
Unit2 = $03 $06 Intensity mW/(m^2 nm)
Unit3 = $f0 $06 Error mW/(m^2 nm)
Unit4 = $f1 $00 Status 
p999 = 8735
[END] of [Attributes]
[DATA]
 0 6 0 0
 185.260577530984 -NAN 0 0
 187.468128380571 -NAN 0 0
 189.674861895872 -NAN 0 0
 191.880784034125 -NAN 0 0
 194.085900752568 -NAN 0 0
 196.290218008439 -NAN 0 0
 198.493741758976 -NAN 0 0
 200.696477961417 -NAN 0 0
 202.898432573 -NAN 0 0
 205.099611550963 -NAN 0 0
 207.300020852544 -NAN 0 0
 209.499666434981 -NAN 0 0
 211.698554255512 -NAN 0 0
 213.896690271375 -NAN 0 0
 216.094080439808 -NAN 0 0
 218.290730718049 -NAN 0 0
 220.486647063336 -NAN 0 0
 222.681835432907 -NAN 0 0
 224.876301784 -NAN 0 0
 227.070052073853 -NAN 0 0
 229.263092259704 -NAN 0 0
 231.455428298791 -NAN 0 0
 233.647066148352 -NAN 0 0
 235.838011765625 -NAN 0 0
 238.028271107848 -NAN 0 0
 240.217850132259 -NAN 0 0
 242.406754796096 -NAN 0 0
 244.594991056597 -NAN 0 0
 246.782564871 -NAN 0 0
 248.969482196543 -NAN 0 0
 251.155748990464 -NAN 0 0
 253.341371210001 -NAN 0 0
 255.526354812392 -NAN 0 0
 257.710705754875 -NAN 0 0
 259.894429994688 -NAN 0 0
 262.077533489069 -NAN 0 0
 264.260022195256 -NAN 0 0
 266.441902070487 -NAN 0 0
 268.623179072 -NAN 0 0
 270.803859157033 -NAN 0 0
 272.983948282824 -NAN 0 0
 275.163452406611 -NAN 0 0
 277.342377485632 -NAN 0 0
 279.520729477125 0.985463303411845 0 0
 281.698514338328 0.545604174324413 0 0
 283.875738026479 -0.225330914546053 0 0
 286.052406498816 1.35424846054129 0 0
 288.228525712577 0.5812456177953 0 0
 290.404101625 -0.0811668009788456 0 0
 292.579140193323 1.48197785353449 0 0
 294.753647374784 0.516267145917739 0 0
 296.927629126621 0.454143200562673 0 0
 299.101091406072 1.72505930672329 0 0
 301.274040170375 0.36022113718856 0 0
 303.446481376768 0.720077903249997 0 0
 305.618420982489 1.68102659272672 0 0
 307.789864944776 0.568483858373601 0 0
 309.960819220867 1.02118692173588 0 0
 312.131289768 2.15902881971563 0 0
 314.301282543413 2.26167211875046 0 0
 316.470803504344 6.46307456413229 0 0
 318.639858608031 12.4354976446693 0 0
 320.808453811712 17.2715579225034 0 0
 322.976595072625 24.0883181883292 0 0
 325.144288348008 27.2693137290575 0 0
 327.311539595099 27.1034075295795 0 0
 329.478354771136 28.375467816 0 0
 331.644739833357 27.1585094639191 0 0
 333.810700739 24.7839624229201 0 0
 335.976243445303 24.436089686382 0 0
 338.141373909504 21.6488323086918 0 0
 340.306098088841 18.7955508378465 0 0
 342.470421940552 18.7356972664155 0 0
 344.634351421875 16.0194982516491 0 0
 346.797892490048 14.1892307714952 0 0
 348.961051102309 14.0786960614377 0 0
 351.123833215896 11.8712532062661 0 0
 353.286244788047 10.8479206068918 0 0
 355.448291776 11.2073766550044 0 0
 357.609980136993 9.77539331990409 0 0
 359.771315828264 10.5400856175941 0 0
 361.932304807051 15.1072909218271 0 0
 364.092953030592 18.7022728472731 0 0
 366.253266456125 19.0544297619289 0 0
 368.413251040888 13.9596479052813 0 0
 370.572912742119 8.52430693860823 0 0
 372.732257517056 7.35060303265336 0 0
 374.891291322937 6.82037601664461 0 0
 377.050020117 4.6837012503564 0 0
 379.208449856483 5.21241993718331 0 0
 381.366586498624 4.90020665937258 0 0
 383.524436000661 2.94738095744107 0 0
 385.682004319832 4.1254203976957 0 0
 387.839297413375 3.73478942960042 0 0
 389.996321238528 2.13389577670247 0 0
 392.153081752529 3.74248405838183 0 0
 394.309584912616 2.83891006456945 0 0
 396.465836676027 1.94148929132823 0 0
 398.621843 4.49202196973803 0 0
 400.777609841773 8.1014448006876 0 0
 402.933143158584 16.8146771112211 0 0
 405.088448907671 21.1611038223154 0 0
 407.243533046272 14.7659517414669 0 0
 409.398401531625 8.19576455540811 0 0
 411.553060320968 7.16049698939142 0 0
 413.707515371539 6.63907994275917 0 0
 415.861772640576 8.97765179939394 0 0
 418.015838085317 13.11672603789 0 0
 420.169717663 16.680123321313 0 0
 422.323417330863 23.6932254637029 0 0
 424.476943046144 33.2242185927196 0 0
 426.630300766081 44.5639132187728 0 0
 428.783496447912 62.6743777969067 0 0
 430.936536048875 90.5595459558661 0 0
 433.089425526208 140.829528725138 0 0
 435.242170837149 197.52572810567 0 0
 437.394777938936 238.945870820795 0 0
 439.547252788807 274.691913547469 0 0
 441.699601344 343.744518337355 0 0
 443.851829561753 432.946231761371 0 0
 446.003943399304 519.752400472794 0 0
 448.155948813891 576.441175792686 0 0
 450.307851762752 578.600127268953 0 0
 452.459658203125 528.482541647854 0 0
 454.611374092248 451.740706070274 0 0
 456.763005387359 373.336176920271 0 0
 458.914558045696 311.809663665105 0 0
 461.066038024497 269.434076685184 0 0
 463.217451281 235.316638400426 0 0
 465.368803772443 205.179882141724 0 0
 467.520101456064 176.418103730619 0 0
 469.671350289101 147.45291049976 0 0
 471.822556228792 124.197925657439 0 0
 473.973725232375 107.951261638891 0 0
 476.124863257088 95.5749988166129 0 0
 478.275976260169 89.3917802511769 0 0
 480.427070198856 86.0644053667002 0 0
 482.578151030387 82.5808436252452 0 0
 484.729224712 82.6287839281572 0 0
 486.880297200933 83.3373488691241 0 0
 489.031374454424 84.1658139869216 0 0
 491.182462429711 88.4812538097949 0 0
 493.333567084032 92.4546096902417 0 0
 495.484694374625 96.2675064396393 0 0
 497.635850258728 102.403855732981 0 0
 499.787040693579 107.195686382873 0 0
 501.938271636416 111.38758279106 0 0
 504.089549044477 -NAN 0 0
 506.240878875 -NAN 0 0
 508.392267085223 -NAN 0 0
 510.543719632384 -NAN 0 0
 512.695242473721 -NAN 0 0
 514.846841566472 -NAN 0 0
 516.998522867875 -NAN 0 0
 519.150292335168 -NAN 0 0
 521.302155925589 -NAN 0 0
 523.454119596376 -NAN 0 0
 525.606189304767 -NAN 0 0
 527.758371008 -NAN 0 0
 529.910670663313 -NAN 0 0
 532.063094227944 -NAN 0 0
 534.215647659131 -NAN 0 0
 536.368336914112 -NAN 0 0
 538.521167950125 -NAN 0 0
 540.674146724408 -NAN 0 0
 542.827279194199 -NAN 0 0
 544.980571316736 -NAN 0 0
 547.134029049257 -NAN 0 0
 549.287658349 -NAN 0 0
 551.441465173203 -NAN 0 0
 553.595455479104 -NAN 0 0
 555.749635223941 -NAN 0 0
 557.904010364952 -NAN 0 0
 560.058586859375 -NAN 0 0
 562.213370664448 -NAN 0 0
 564.368367737409 -NAN 0 0
 566.523584035496 -NAN 0 0
 568.679025515947 -NAN 0 0
 570.834698136 -NAN 0 0
 572.990607852893 -NAN 0 0
 575.146760623864 -NAN 0 0
 577.303162406151 -NAN 0 0
 579.459819156992 -NAN 0 0
 581.616736833625 -NAN 0 0
 583.773921393288 -NAN 0 0
 585.931378793219 -NAN 0 0
 588.089114990656 -NAN 0 0
 590.247135942837 -NAN 0 0
 592.405447607 -NAN 0 0
 594.564055940383 -NAN 0 0
 596.722966900224 -NAN 0 0
 598.882186443761 -NAN 0 0
 601.041720528232 -NAN 0 0
 603.201575110875 -NAN 0 0
 605.361756148928 -NAN 0 0
 607.522269599629 -NAN 0 0
 609.683121420216 -NAN 0 0
 611.844317567927 -NAN 0 0
 614.005864 -NAN 0 0
 616.167766673673 -NAN 0 0
 618.330031546184 -NAN 0 0
 620.492664574771 -NAN 0 0
 622.655671716672 -NAN 0 0
 624.819058929125 -NAN 0 0
 626.982832169368 -NAN 0 0
 629.146997394639 -NAN 0 0
 631.311560562176 -NAN 0 0
 633.476527629217 -NAN 0 0
 635.641904553 -NAN 0 0
 637.807697290763 -NAN 0 0
 639.973911799744 -NAN 0 0
 642.140554037181 -NAN 0 0
 644.307629960312 -NAN 0 0
 646.475145526375 -NAN 0 0
 648.643106692608 -NAN 0 0
 650.811519416249 -NAN 0 0
 652.980389654536 -NAN 0 0
 655.149723364707 -NAN 0 0
 657.319526504 -NAN 0 0
 659.489805029653 -NAN 0 0
 661.660564898904 -NAN 0 0
 663.831812068991 -NAN 0 0
 666.003552497152 -NAN 0 0
 668.175792140625 -NAN 0 0
 670.348536956648 -NAN 0 0
 672.521792902459 -NAN 0 0
 674.695565935296 -NAN 0 0
 676.869862012397 -NAN 0 0
 679.044687091 -NAN 0 0
 681.220047128343 -NAN 0 0
 683.395948081664 -NAN 0 0
 685.572395908201 -NAN 0 0
 687.749396565192 -NAN 0 0
 689.926956009875 -NAN 0 0
 692.105080199488 -NAN 0 0
 694.283775091269 -NAN 0 0
 696.463046642456 -NAN 0 0
 698.642900810287 -NAN 0 0
 700.823343552 -NAN 0 0
 703.004380824833 -NAN 0 0
 705.186018586024 -NAN 0 0
 707.368262792811 -NAN 0 0
 709.551119402432 -NAN 0 0
 711.734594372125 -NAN 0 0
 713.918693659128 -NAN 0 0
 716.103423220679 -NAN 0 0
 718.288789014016 -NAN 0 0
 720.474796996377 -NAN 0 0
 722.661453125 -NAN 0 0
 724.848763357123 -NAN 0 0
 727.036733649984 -NAN 0 0
 729.225369960821 -NAN 0 0
 731.414678246872 -NAN 0 0
 733.604664465375 -NAN 0 0
 735.795334573568 -NAN 0 0
[END] of [DATA]
[END] of Spectrum


[Spectrum]
Version            = 1
IDData             = 12ad_2026-06-11_11-55-00_000_324
IDDevice           = SAM_82E6
IDDataType         = SPECTRUM
IDDataTypeSub1     = CALIBRATED
IDDataTypeSub2     = 
IDDataTypeSub3     = 
DateTime           = 2026-06-11 11:55:00
PositionLatitude   = 0
PositionLongitude  = 0
Comment            = 20260611_FrameE
CommentSub1        = con
CommentSub2        = centre
CommentSub3        = 17cm
IDMethodType       = SAM Control
MethodName         = SAM_82E6
Mission            = No Mission
MissionSub         = 1
RecordType         = 0
[Attributes]
CalFactor = 1
IDBasisSpec = 
IDDataBack = DLAB_2024-11-11_10-40-48_641_639
IDDataCal = DLAB_2024-11-12_11-45-27_171_455
IntegrationTime = 128
P31 = -1
P31e = 0
PathLength = +INF
PathLengthCustomOn = 0
RAWDynamic = 65535
Salinity = 0
Temperature = -NAN
Unit1 = $01 $01 Wavelength nm
Unit2 = $03 $06 Intensity mW/(m^2 nm)
Unit3 = $f0 $06 Error mW/(m^2 nm)
Unit4 = $f1 $00 Status 
p999 = 8734
[END] of [Attributes]
[DATA]
 0 6 0 0
 185.260577530984 -NAN 0 0
 187.468128380571 -NAN 0 0
 189.674861895872 -NAN 0 0
 191.880784034125 -NAN 0 0
 194.085900752568 -NAN 0 0
 196.290218008439 -NAN 0 0
 198.493741758976 -NAN 0 0
 200.696477961417 -NAN 0 0
 202.898432573 -NAN 0 0
 205.099611550963 -NAN 0 0
 207.300020852544 -NAN 0 0
 209.499666434981 -NAN 0 0
 211.698554255512 -NAN 0 0
 213.896690271375 -NAN 0 0
 216.094080439808 -NAN 0 0
 218.290730718049 -NAN 0 0
 220.486647063336 -NAN 0 0
 222.681835432907 -NAN 0 0
 224.876301784 -NAN 0 0
 227.070052073853 -NAN 0 0
 229.263092259704 -NAN 0 0
 231.455428298791 -NAN 0 0
 233.647066148352 -NAN 0 0
 235.838011765625 -NAN 0 0
 238.028271107848 -NAN 0 0
 240.217850132259 -NAN 0 0
 242.406754796096 -NAN 0 0
 244.594991056597 -NAN 0 0
 246.782564871 -NAN 0 0
 248.969482196543 -NAN 0 0
 251.155748990464 -NAN 0 0
 253.341371210001 -NAN 0 0
 255.526354812392 -NAN 0 0
 257.710705754875 -NAN 0 0
 259.894429994688 -NAN 0 0
 262.077533489069 -NAN 0 0
 264.260022195256 -NAN 0 0
 266.441902070487 -NAN 0 0
 268.623179072 -NAN 0 0
 270.803859157033 -NAN 0 0
 272.983948282824 -NAN 0 0
 275.163452406611 -NAN 0 0
 277.342377485632 -NAN 0 0
 279.520729477125 -0.383143141305955 0 0
 281.698514338328 1.0149754383749 0 0
 283.875738026479 0.967929237394538 0 0
 286.052406498816 -0.345894763971478 0 0
 288.228525712577 1.25031676874204 0 0
 290.404101625 0.964339199596395 0 0
 292.579140193323 -0.143249327634599 0 0
 294.753647374784 1.54966886148897 0 0
 296.927629126621 0.909946488925475 0 0
 299.101091406072 0.265197500965614 0 0
 301.274040170375 1.67489933531162 0 0
 303.446481376768 0.895920166019557 0 0
 305.618420982489 0.595921384869492 0 0
 307.789864944776 1.87575107110489 0 0
 309.960819220867 0.786674594005159 0 0
 312.131289768 1.22619539968633 0 0
 314.301282543413 3.74657115775019 0 0
 316.470803504344 5.78011120260462 0 0
 318.639858608031 11.901625563618 0 0
 320.808453811712 18.9953367805458 0 0
 322.976595072625 22.8972481239863 0 0
 325.144288348008 26.8520854304995 0 0
 327.311539595099 28.4477229763526 0 0
 329.478354771136 26.9817381328332 0 0
 331.644739833357 27.0237873213671 0 0
 333.810700739 26.1413204859634 0 0
 335.976243445303 22.7861829774501 0 0
 338.141373909504 21.7738243967854 0 0
 340.306098088841 19.9424574287266 0 0
 342.470421940552 16.9194915424231 0 0
 344.634351421875 16.6973165654607 0 0
 346.797892490048 14.9055619195461 0 0
 348.961051102309 12.5162119275982 0 0
 351.123833215896 12.8574568679134 0 0
 353.286244788047 11.2197538271771 0 0
 355.448291776 10.1220259182659 0 0
 357.609980136993 10.9500872095906 0 0
 359.771315828264 10.4228450506416 0 0
 361.932304807051 14.0388894699393 0 0
 364.092953030592 20.1033839635931 0 0
 366.253266456125 18.8850957242941 0 0
 368.413251040888 13.1074007427649 0 0
 370.572912742119 9.96995499047543 0 0
 372.732257517056 6.76226959927131 0 0
 374.891291322937 6.33502328919351 0 0
 377.050020117 6.37075026830631 0 0
 379.208449856483 4.35456111615108 0 0
 381.366586498624 4.59352801252047 0 0
 383.524436000661 4.55763679141958 0 0
 385.682004319832 2.69026307387137 0 0
 387.839297413375 3.52934351309307 0 0
 389.996321238528 3.67479579384479 0 0
 392.153081752529 1.96771128120645 0 0
 394.309584912616 3.25481927908881 0 0
 396.465836676027 3.02758927124915 0 0
 398.621843 2.81886506317938 0 0
 400.777609841773 9.10673322717123 0 0
 402.933143158584 17.3380788177785 0 0
 405.088448907671 19.5014685758273 0 0
 407.243533046272 15.7270470217212 0 0
 409.398401531625 8.40086835104859 0 0
 411.553060320968 5.98805190958607 0 0
 413.707515371539 7.82170401185684 0 0
 415.861772640576 8.92151834545141 0 0
 418.015838085317 12.2664451638693 0 0
 420.169717663 17.7860244780932 0 0
 422.323417330863 23.3791848646993 0 0
 424.476943046144 32.6002068736083 0 0
 426.630300766081 45.6506686415765 0 0
 428.783496447912 62.2031584064323 0 0
 430.936536048875 90.1434164299714 0 0
 433.089425526208 141.805107051347 0 0
 435.242170837149 196.503531998547 0 0
 437.394777938936 238.47028545413 0 0
 439.547252788807 275.608293450602 0 0
 441.699601344 342.678449611331 0 0
 443.851829561753 433.065928427625 0 0
 446.003943399304 520.4137498236 0 0
 448.155948813891 575.224197910745 0 0
 450.307851762752 578.875180343986 0 0
 452.459658203125 529.198579119441 0 0
 454.611374092248 450.558669580656 0 0
 456.763005387359 373.932667523355 0 0
 458.914558045696 312.257779601528 0 0
 461.066038024497 268.149259458771 0 0
 463.217451281 236.493422611634 0 0
 465.368803772443 205.520822638086 0 0
 467.520101456064 175.414556916836 0 0
 469.671350289101 148.426077093936 0 0
 471.822556228792 124.354235613064 0 0
 473.973725232375 107.018635748876 0 0
 476.124863257088 96.8692318123823 0 0
 478.275976260169 89.0906325981522 0 0
 480.427070198856 85.261315819415 0 0
 482.578151030387 84.2271610249467 0 0
 484.729224712 82.0442794673837 0 0
 486.880297200933 82.9335327512322 0 0
 489.031374454424 85.574547100922 0 0
 491.182462429711 87.3945477917111 0 0
 493.333567084032 92.3132165861426 0 0
 495.484694374625 97.5215462370613 0 0
 497.635850258728 101.395592088996 0 0
 499.787040693579 107.527273372394 0 0
 501.938271636416 112.238878497663 0 0
 504.089549044477 -NAN 0 0
 506.240878875 -NAN 0 0
 508.392267085223 -NAN 0 0
 510.543719632384 -NAN 0 0
 512.695242473721 -NAN 0 0
 514.846841566472 -NAN 0 0
 516.998522867875 -NAN 0 0
 519.150292335168 -NAN 0 0
 521.302155925589 -NAN 0 0
 523.454119596376 -NAN 0 0
 525.606189304767 -NAN 0 0
 527.758371008 -NAN 0 0
 529.910670663313 -NAN 0 0
 532.063094227944 -NAN 0 0
 534.215647659131 -NAN 0 0
 536.368336914112 -NAN 0 0
 538.521167950125 -NAN 0 0
 540.674146724408 -NAN 0 0
 542.827279194199 -NAN 0 0
 544.980571316736 -NAN 0 0
 547.134029049257 -NAN 0 0
 549.287658349 -NAN 0 0
 551.441465173203 -NAN 0 0
 553.595455479104 -NAN 0 0
 555.749635223941 -NAN 0 0
 557.904010364952 -NAN 0 0
 560.058586859375 -NAN 0 0
 562.213370664448 -NAN 0 0
 564.368367737409 -NAN 0 0
 566.523584035496 -NAN 0 0
 568.679025515947 -NAN 0 0
 570.834698136 -NAN 0 0
 572.990607852893 -NAN 0 0
 575.146760623864 -NAN 0 0
 577.303162406151 -NAN 0 0
 579.459819156992 -NAN 0 0
 581.616736833625 -NAN 0 0
 583.773921393288 -NAN 0 0
 585.931378793219 -NAN 0 0
 588.089114990656 -NAN 0 0
 590.247135942837 -NAN 0 0
 592.405447607 -NAN 0 0
 594.564055940383 -NAN 0 0
 596.722966900224 -NAN 0 0
 598.882186443761 -NAN 0 0
 601.041720528232 -NAN 0 0
 603.201575110875 -NAN 0 0
 605.361756148928 -NAN 0 0
 607.522269599629 -NAN 0 0
 609.683121420216 -NAN 0 0
 611.844317567927 -NAN 0 0
 614.005864 -NAN 0 0
 616.167766673673 -NAN 0 0
 618.330031546184 -NAN 0 0
 620.492664574771 -NAN 0 0
 622.655671716672 -NAN 0 0
 624.819058929125 -NAN 0 0
 626.982832169368 -NAN 0 0
 629.146997394639 -NAN 0 0
 631.311560562176 -NAN 0 0
 633.476527629217 -NAN 0 0
 635.641904553 -NAN 0 0
 637.807697290763 -NAN 0 0
 639.973911799744 -NAN 0 0
 642.140554037181 -NAN 0 0
 644.307629960312 -NAN 0 0
 646.475145526375 -NAN 0 0
 648.643106692608 -NAN 0 0
 650.811519416249 -NAN 0 0
 652.980389654536 -NAN 0 0
 655.149723364707 -NAN 0 0
 657.319526504 -NAN 0 0
 659.489805029653 -NAN 0 0
 661.660564898904 -NAN 0 0
 663.831812068991 -NAN 0 0
 666.003552497152 -NAN 0 0
 668.175792140625 -NAN 0 0
 670.348536956648 -NAN 0 0
 672.521792902459 -NAN 0 0
 674.695565935296 -NAN 0 0
 676.869862012397 -NAN 0 0
 679.044687091 -NAN 0 0
 681.220047128343 -NAN 0 0
 683.395948081664 -NAN 0 0
 685.572395908201 -NAN 0 0
 687.749396565192 -NAN 0 0
 689.926956009875 -NAN 0 0
 692.105080199488 -NAN 0 0
 694.283775091269 -NAN 0 0
 696.463046642456 -NAN 0 0
 698.642900810287 -NAN 0 0
 700.823343552 -NAN 0 0
 703.004380824833 -NAN 0 0
 705.186018586024 -NAN 0 0
 707.368262792811 -NAN 0 0
 709.551119402432 -NAN 0 0
 711.734594372125 -NAN 0 0
 713.918693659128 -NAN 0 0
 716.103423220679 -NAN 0 0
 718.288789014016 -NAN 0 0
 720.474796996377 -NAN 0 0
 722.661453125 -NAN 0 0
 724.848763357123 -NAN 0 0
 727.036733649984 -NAN 0 0
 729.225369960821 -NAN 0 0
 731.414678246872 -NAN 0 0
 733.604664465375 -NAN 0 0
 735.795334573568 -NAN 0 0
[END] of [DATA]
[END] of Spectrum


[Spectrum]
Version            = 1
IDData             = 12ad_2026-06-11_11-54-55_000_321
IDDevice           = SAM_82E6
IDDataType         = SPECTRUM
IDDataTypeSub1     = CALIBRATED
IDDataTypeSub2     = 
IDDataTypeSub3     = 
DateTime           = 2026-06-11 11:54:55
PositionLatitude   = 0
PositionLongitude  = 0
Comment            = 20260611_FrameE
CommentSub1        = con
CommentSub2        = centre
CommentSub3        = 17cm
IDMethodType       = SAM Control
MethodName         = SAM_82E6
Mission            = No Mission
MissionSub         = 1
RecordType         = 0
[Attributes]
CalFactor = 1
IDBasisSpec = 
IDDataBack = DLAB_2024-11-11_10-40-48_641_639
IDDataCal = DLAB_2024-11-12_11-45-27_171_455
IntegrationTime = 128
P31 = -1
P31e = 0
PathLength = +INF
PathLengthCustomOn = 0
RAWDynamic = 65535
Salinity = 0
Temperature = -NAN
Unit1 = $01 $01 Wavelength nm
Unit2 = $03 $06 Intensity mW/(m^2 nm)
Unit3 = $f0 $06 Error mW/(m^2 nm)
Unit4 = $f1 $00 Status 
p999 = 8733
[END] of [Attributes]
[DATA]
 0 6 0 0
 185.260577530984 -NAN 0 0
 187.468128380571 -NAN 0 0
 189.674861895872 -NAN 0 0
 191.880784034125 -NAN 0 0
 194.085900752568 -NAN 0 0
 196.290218008439 -NAN 0 0
 198.493741758976 -NAN 0 0
 200.696477961417 -NAN 0 0
 202.898432573 -NAN 0 0
 205.099611550963 -NAN 0 0
 207.300020852544 -NAN 0 0
 209.499666434981 -NAN 0 0
 211.698554255512 -NAN 0 0
 213.896690271375 -NAN 0 0
 216.094080439808 -NAN 0 0
 218.290730718049 -NAN 0 0
 220.486647063336 -NAN 0 0
 222.681835432907 -NAN 0 0
 224.876301784 -NAN 0 0
 227.070052073853 -NAN 0 0
 229.263092259704 -NAN 0 0
 231.455428298791 -NAN 0 0
 233.647066148352 -NAN 0 0
 235.838011765625 -NAN 0 0
 238.028271107848 -NAN 0 0
 240.217850132259 -NAN 0 0
 242.406754796096 -NAN 0 0
 244.594991056597 -NAN 0 0
 246.782564871 -NAN 0 0
 248.969482196543 -NAN 0 0
 251.155748990464 -NAN 0 0
 253.341371210001 -NAN 0 0
 255.526354812392 -NAN 0 0
 257.710705754875 -NAN 0 0
 259.894429994688 -NAN 0 0
 262.077533489069 -NAN 0 0
 264.260022195256 -NAN 0 0
 266.441902070487 -NAN 0 0
 268.623179072 -NAN 0 0
 270.803859157033 -NAN 0 0
 272.983948282824 -NAN 0 0
 275.163452406611 -NAN 0 0
 277.342377485632 -NAN 0 0
 279.520729477125 0.491071348404598 0 0
 281.698514338328 -0.208789194358401 0 0
 283.875738026479 1.34920762913887 0 0
 286.052406498816 0.568785194562293 0 0
 288.228525712577 -0.0133251052087671 0 0
 290.404101625 1.64486327229349 0 0
 292.579140193323 0.28807722695147 0 0
 294.753647374784 0.367074050557124 0 0
 296.927629126621 1.70982412588527 0 0
 299.101091406072 0.265197500965614 0 0
 301.274040170375 0.567924047571639 0 0
 303.446481376768 1.60365796896784 0 0
 305.618420982489 0.402344638175439 0 0
 307.789864944776 1.0676611178548 0 0
 309.960819220867 1.58423264868383 0 0
 312.131289768 0.800850366186842 0 0
 314.301282543413 3.07679680656473 0 0
 316.470803504344 6.68176945091842 0 0
 318.639858608031 11.0911691514197 0 0
 320.808453811712 18.4442599873183 0 0
 322.976595072625 23.8084800032003 0 0
 325.144288348008 25.5267720115503 0 0
 327.311539595099 28.1838442627003 0 0
 329.478354771136 27.7314070339176 0 0
 331.644739833357 25.6913705268967 0 0
 333.810700739 25.9281693833699 0 0
 335.976243445303 23.3879991690781 0 0
 338.141373909504 20.3329043699986 0 0
 340.306098088841 19.9424574287266 0 0
 342.470421940552 17.4144632537923 0 0
 344.634351421875 15.4070724282239 0 0
 346.797892490048 15.2752032876804 0 0
 348.961051102309 12.6411181351886 0 0
 351.123833215896 11.7089381881744 0 0
 353.286244788047 11.8085806276289 0 0
 355.448291776 9.87031920627701 0 0
 357.609980136993 9.96707080965239 0 0
 359.771315828264 11.177917325877 0 0
 361.932304807051 13.7028865467352 0 0
 364.092953030592 19.1685572074988 0 0
 366.253266456125 19.4106151514367 0 0
 368.413251040888 12.4527585411164 0 0
 370.572912742119 9.08824783807684 0 0
 372.732257517056 7.67803472174181 0 0
 374.891291322937 5.39120718207255 0 0
 377.050020117 5.94864315506618 0 0
 379.208449856483 5.26140045714437 0 0
 381.366586498624 3.39790526949341 0 0
 383.524436000661 4.42972591316886 0 0
 385.682004319832 3.73996188951295 0 0
 387.839297413375 2.25416196235778 0 0
 389.996321238528 3.80121420910714 0 0
 392.153081752529 2.8169379736469 0 0
 394.309584912616 1.97845526338351 0 0
 396.465836676027 3.68005477216581 0 0
 398.621843 3.4398305130362 0 0
 400.777609841773 7.74900862529682 0 0
 402.933143158584 17.839936144163 0 0
 405.088448907671 19.5235806664541 0 0
 407.243533046272 14.6150752265197 0 0
 409.398401531625 9.0608671571319 0 0
 411.553060320968 5.96819865329585 0 0
 413.707515371539 6.84802787245625 0 0
 415.861772640576 9.72984008222373 0 0
 418.015838085317 11.9302647489386 0 0
 420.169717663 16.9175751522384 0 0
 422.323417330863 24.2196783629071 0 0
 424.476943046144 32.2007683620862 0 0
 426.630300766081 45.1845463792143 0 0
 428.783496447912 63.007350353682 0 0
 430.936536048875 89.4017994531292 0 0
 433.089425526208 141.120178201577 0 0
 435.242170837149 196.647390715734 0 0
 437.394777938936 237.520713327074 0 0
 439.547252788807 275.550059246696 0 0
 441.699601344 343.314638658318 0 0
 443.851829561753 432.433126471762 0 0
 446.003943399304 520.690951880083 0 0
 448.155948813891 575.871731924352 0 0
 450.307851762752 578.20964208374 0 0
 452.459658203125 529.398662035176 0 0
 454.611374092248 450.969481940684 0 0
 456.763005387359 372.878314247856 0 0
 458.914558045696 312.832645479878 0 0
 461.066038024497 268.38767915027 0 0
 463.217451281 235.427773361237 0 0
 465.368803772443 206.128815597543 0 0
 467.520101456064 175.260329871814 0 0
 469.671350289101 147.607707855674 0 0
 471.822556228792 125.003523121042 0 0
 473.973725232375 106.622242218291 0 0
 476.124863257088 96.1518126667377 0 0
 478.275976260169 89.8107199751265 0 0
 480.427070198856 84.8001797964246 0 0
 482.578151030387 83.7048040466007 0 0
 484.729224712 82.9093013653544 0 0
 486.880297200933 82.2489469779639 0 0
 489.031374454424 85.2522952051062 0 0
 491.182462429711 88.2187914107716 0 0
 493.333567084032 91.6118177232889 0 0
 495.484694374625 97.5613921617808 0 0
 497.635850258728 102.146029882778 0 0
 499.787040693579 106.587958097161 0 0
 501.938271636416 112.510087749324 0 0
 504.089549044477 -NAN 0 0
 506.240878875 -NAN 0 0
 508.392267085223 -NAN 0 0
 510.543719632384 -NAN 0 0
 512.695242473721 -NAN 0 0
 514.846841566472 -NAN 0 0
 516.998522867875 -NAN 0 0
 519.150292335168 -NAN 0 0
 521.302155925589 -NAN 0 0
 523.454119596376 -NAN 0 0
 525.606189304767 -NAN 0 0
 527.758371008 -NAN 0 0
 529.910670663313 -NAN 0 0
 532.063094227944 -NAN 0 0
 534.215647659131 -NAN 0 0
 536.368336914112 -NAN 0 0
 538.521167950125 -NAN 0 0
 540.674146724408 -NAN 0 0
 542.827279194199 -NAN 0 0
 544.980571316736 -NAN 0 0
 547.134029049257 -NAN 0 0
 549.287658349 -NAN 0 0
 551.441465173203 -NAN 0 0
 553.595455479104 -NAN 0 0
 555.749635223941 -NAN 0 0
 557.904010364952 -NAN 0 0
 560.058586859375 -NAN 0 0
 562.213370664448 -NAN 0 0
 564.368367737409 -NAN 0 0
 566.523584035496 -NAN 0 0
 568.679025515947 -NAN 0 0
 570.834698136 -NAN 0 0
 572.990607852893 -NAN 0 0
 575.146760623864 -NAN 0 0
 577.303162406151 -NAN 0 0
 579.459819156992 -NAN 0 0
 581.616736833625 -NAN 0 0
 583.773921393288 -NAN 0 0
 585.931378793219 -NAN 0 0
 588.089114990656 -NAN 0 0
 590.247135942837 -NAN 0 0
 592.405447607 -NAN 0 0
 594.564055940383 -NAN 0 0
 596.722966900224 -NAN 0 0
 598.882186443761 -NAN 0 0
 601.041720528232 -NAN 0 0
 603.201575110875 -NAN 0 0
 605.361756148928 -NAN 0 0
 607.522269599629 -NAN 0 0
 609.683121420216 -NAN 0 0
 611.844317567927 -NAN 0 0
 614.005864 -NAN 0 0
 616.167766673673 -NAN 0 0
 618.330031546184 -NAN 0 0
 620.492664574771 -NAN 0 0
 622.655671716672 -NAN 0 0
 624.819058929125 -NAN 0 0
 626.982832169368 -NAN 0 0
 629.146997394639 -NAN 0 0
 631.311560562176 -NAN 0 0
 633.476527629217 -NAN 0 0
 635.641904553 -NAN 0 0
 637.807697290763 -NAN 0 0
 639.973911799744 -NAN 0 0
 642.140554037181 -NAN 0 0
 644.307629960312 -NAN 0 0
 646.475145526375 -NAN 0 0
 648.643106692608 -NAN 0 0
 650.811519416249 -NAN 0 0
 652.980389654536 -NAN 0 0
 655.149723364707 -NAN 0 0
 657.319526504 -NAN 0 0
 659.489805029653 -NAN 0 0
 661.660564898904 -NAN 0 0
 663.831812068991 -NAN 0 0
 666.003552497152 -NAN 0 0
 668.175792140625 -NAN 0 0
 670.348536956648 -NAN 0 0
 672.521792902459 -NAN 0 0
 674.695565935296 -NAN 0 0
 676.869862012397 -NAN 0 0
 679.044687091 -NAN 0 0
 681.220047128343 -NAN 0 0
 683.395948081664 -NAN 0 0
 685.572395908201 -NAN 0 0
 687.749396565192 -NAN 0 0
 689.926956009875 -NAN 0 0
 692.105080199488 -NAN 0 0
 694.283775091269 -NAN 0 0
 696.463046642456 -NAN 0 0
 698.642900810287 -NAN 0 0
 700.823343552 -NAN 0 0
 703.004380824833 -NAN 0 0
 705.186018586024 -NAN 0 0
 707.368262792811 -NAN 0 0
 709.551119402432 -NAN 0 0
 711.734594372125 -NAN 0 0
 713.918693659128 -NAN 0 0
 716.103423220679 -NAN 0 0
 718.288789014016 -NAN 0 0
 720.474796996377 -NAN 0 0
 722.661453125 -NAN 0 0
 724.848763357123 -NAN 0 0
 727.036733649984 -NAN 0 0
 729.225369960821 -NAN 0 0
 731.414678246872 -NAN 0 0
 733.604664465375 -NAN 0 0
 735.795334573568 -NAN 0 0
[END] of [DATA]
[END] of Spectrum


[Spectrum]
Version            = 1
IDData             = 12ad_2026-06-11_11-54-50_000_318
IDDevice           = SAM_82E6
IDDataType         = SPECTRUM
IDDataTypeSub1     = CALIBRATED
IDDataTypeSub2     = 
IDDataTypeSub3     = 
DateTime           = 2026-06-11 11:54:50
PositionLatitude   = 0
PositionLongitude  = 0
Comment            = 20260611_FrameE
CommentSub1        = con
CommentSub2        = centre
CommentSub3        = 17cm
IDMethodType       = SAM Control
MethodName         = SAM_82E6
Mission            = No Mission
MissionSub         = 1
RecordType         = 0
[Attributes]
CalFactor = 1
IDBasisSpec = 
IDDataBack = DLAB_2024-11-11_10-40-48_641_639
IDDataCal = DLAB_2024-11-12_11-45-27_171_455
IntegrationTime = 128
P31 = -1
P31e = 0
PathLength = +INF
PathLengthCustomOn = 0
RAWDynamic = 65535
Salinity = 0
Temperature = -NAN
Unit1 = $01 $01 Wavelength nm
Unit2 = $03 $06 Intensity mW/(m^2 nm)
Unit3 = $f0 $06 Error mW/(m^2 nm)
Unit4 = $f1 $00 Status 
p999 = 8732
[END] of [Attributes]
[DATA]
 0 6 0 0
 185.260577530984 -NAN 0 0
 187.468128380571 -NAN 0 0
 189.674861895872 -NAN 0 0
 191.880784034125 -NAN 0 0
 194.085900752568 -NAN 0 0
 196.290218008439 -NAN 0 0
 198.493741758976 -NAN 0 0
 200.696477961417 -NAN 0 0
 202.898432573 -NAN 0 0
 205.099611550963 -NAN 0 0
 207.300020852544 -NAN 0 0
 209.499666434981 -NAN 0 0
 211.698554255512 -NAN 0 0
 213.896690271375 -NAN 0 0
 216.094080439808 -NAN 0 0
 218.290730718049 -NAN 0 0
 220.486647063336 -NAN 0 0
 222.681835432907 -NAN 0 0
 224.876301784 -NAN 0 0
 227.070052073853 -NAN 0 0
 229.263092259704 -NAN 0 0
 231.455428298791 -NAN 0 0
 233.647066148352 -NAN 0 0
 235.838011765625 -NAN 0 0
 238.028271107848 -NAN 0 0
 240.217850132259 -NAN 0 0
 242.406754796096 -NAN 0 0
 244.594991056597 -NAN 0 0
 246.782564871 -NAN 0 0
 248.969482196543 -NAN 0 0
 251.155748990464 -NAN 0 0
 253.341371210001 -NAN 0 0
 255.526354812392 -NAN 0 0
 257.710705754875 -NAN 0 0
 259.894429994688 -NAN 0 0
 262.077533489069 -NAN 0 0
 264.260022195256 -NAN 0 0
 266.441902070487 -NAN 0 0
 268.623179072 -NAN 0 0
 270.803859157033 -NAN 0 0
 272.983948282824 -NAN 0 0
 275.163452406611 -NAN 0 0
 277.342377485632 -NAN 0 0
 279.520729477125 0.176005442568743 0 0
 281.698514338328 1.41374489669077 0 0
 283.875738026479 -0.0248067233323681 0 0
 286.052406498816 0.46279846920838 0 0
 288.228525712577 1.40361572623948 0 0
 290.404101625 -0.084075023511739 0 0
 292.579140193323 0.717994217633667 0 0
 294.753647374784 1.35120098233953 0 0
 296.927629126621 0.0859455581526071 0 0
 299.101091406072 1.03624287919028 0 0
 301.274040170375 1.3395577649166 0 0
 303.446481376768 0.42300277608652 0 0
 305.618420982489 1.33043759593637 0 0
 307.789864944776 1.41291648147885 0 0
 309.960819220867 0.454899088874601 0 0
 312.131289768 2.03525116446445 0 0
 314.301282543413 3.15935579776988 0 0
 316.470803504344 5.60295612671641 0 0
 318.639858608031 12.5255483571358 0 0
 320.808453811712 17.8678922301505 0 0
 322.976595072625 22.6427219355022 0 0
 325.144288348008 27.1884667231086 0 0
 327.311539595099 26.9685361870461 0 0
 329.478354771136 26.658964022644 0 0
 331.644739833357 27.2621418812668 0 0
 333.810700739 24.5944947761704 0 0
 335.976243445303 22.7585633937764 0 0
 338.141373909504 21.7976992900167 0 0
 340.306098088841 18.4752313639439 0 0
 342.470421940552 17.0831726639076 0 0
 344.634351421875 16.4697003970008 0 0
 346.797892490048 13.8171734467065 0 0
 348.961051102309 12.9522271152055 0 0
 351.123833215896 12.4533484435608 0 0
 353.286244788047 10.3746783265287 0 0
 355.448291776 10.3726569605455 0 0
 357.609980136993 10.3322217817427 0 0
 359.771315828264 9.74414048415515 0 0
 361.932304807051 14.452853855717 0 0
 364.092953030592 19.2283951520315 0 0
 366.253266456125 18.0430968199167 0 0
 368.413251040888 13.6299022037102 0 0
 370.572912742119 9.06438396927973 0 0
 372.732257517056 6.33830426479423 0 0
 374.891291322937 6.89028832087579 0 0
 377.050020117 5.50032677662488 0 0
 379.208449856483 4.22721176425234 0 0
 381.366586498624 5.22808429103012 0 0
 383.524436000661 3.55851070908341 0 0
 385.682004319832 2.99606963940381 0 0
 387.839297413375 4.24202831311512 0 0
 389.996321238528 2.68732750573991 0 0
 392.153081752529 2.46586876909227 0 0
 394.309584912616 3.49891026072476 0 0
 396.465836676027 2.32545047088 0 0
 398.621843 3.3668538041855 0 0
 400.777609841773 8.80111514150027 0 0
 402.933143158584 16.1277915786444 0 0
 405.088448907671 19.4560159450945 0 0
 407.243533046272 15.1271049740965 0 0
 409.398401531625 7.51284912411357 0 0
 411.553060320968 6.58254663960967 0 0
 413.707515371539 7.41971789330257 0 0
 415.861772640576 8.42448212599672 0 0
 418.015838085317 12.8316607737675 0 0
 420.169717663 17.30828274655 0 0
 422.323417330863 23.1805061183909 0 0
 424.476943046144 33.2703759318288 0 0
 426.630300766081 45.1992205985849 0 0
 428.783496447912 62.0809279741983 0 0
 430.936536048875 90.3057481460135 0 0
 433.089425526208 140.478158605989 0 0
 435.242170837149 195.3087054308 0 0
 437.394777938936 237.836438066289 0 0
 439.547252788807 274.602944624835 0 0
 441.699601344 342.884758979281 0 0
 443.851829561753 433.56229292475 0 0
 446.003943399304 520.027891405471 0 0
 448.155948813891 575.507603718868 0 0
 450.307851762752 579.069070216551 0 0
 452.459658203125 528.464015451952 0 0
 454.611374092248 450.968530986147 0 0
 456.763005387359 373.878973606547 0 0
 458.914558045696 311.610057457344 0 0
 461.066038024497 268.698439859276 0 0
 463.217451281 236.155863151226 0 0
 465.368803772443 204.87377457533 0 0
 467.520101456064 176.088229217657 0 0
 469.671350289101 148.035294957676 0 0
 471.822556228792 123.664504270413 0 0
 473.973725232375 107.671583981201 0 0
 476.124863257088 96.4297018728439 0 0
 478.275976260169 88.8294897994037 0 0
 480.427070198856 86.1223258333559 0 0
 482.578151030387 83.5831439811313 0 0
 484.729224712 82.0230450797074 0 0
 486.880297200933 83.6975394230332 0 0
 489.031374454424 85.0094873530505 0 0
 491.182462429711 87.55425895367 0 0
 493.333567084032 93.0335420849781 0 0
 495.484694374625 96.9426734973864 0 0
 497.635850258728 101.690720402632 0 0
 499.787040693579 107.93713663485 0 0
 501.938271636416 111.521034962513 0 0
 504.089549044477 -NAN 0 0
 506.240878875 -NAN 0 0
 508.392267085223 -NAN 0 0
 510.543719632384 -NAN 0 0
 512.695242473721 -NAN 0 0
 514.846841566472 -NAN 0 0
 516.998522867875 -NAN 0 0
 519.150292335168 -NAN 0 0
 521.302155925589 -NAN 0 0
 523.454119596376 -NAN 0 0
 525.606189304767 -NAN 0 0
 527.758371008 -NAN 0 0
 529.910670663313 -NAN 0 0
 532.063094227944 -NAN 0 0
 534.215647659131 -NAN 0 0
 536.368336914112 -NAN 0 0
 538.521167950125 -NAN 0 0
 540.674146724408 -NAN 0 0
 542.827279194199 -NAN 0 0
 544.980571316736 -NAN 0 0
 547.134029049257 -NAN 0 0
 549.287658349 -NAN 0 0
 551.441465173203 -NAN 0 0
 553.595455479104 -NAN 0 0
 555.749635223941 -NAN 0 0
 557.904010364952 -NAN 0 0
 560.058586859375 -NAN 0 0
 562.213370664448 -NAN 0 0
 564.368367737409 -NAN 0 0
 566.523584035496 -NAN 0 0
 568.679025515947 -NAN 0 0
 570.834698136 -NAN 0 0
 572.990607852893 -NAN 0 0
 575.146760623864 -NAN 0 0
 577.303162406151 -NAN 0 0
 579.459819156992 -NAN 0 0
 581.616736833625 -NAN 0 0
 583.773921393288 -NAN 0 0
 585.931378793219 -NAN 0 0
 588.089114990656 -NAN 0 0
 590.247135942837 -NAN 0 0
 592.405447607 -NAN 0 0
 594.564055940383 -NAN 0 0
 596.722966900224 -NAN 0 0
 598.882186443761 -NAN 0 0
 601.041720528232 -NAN 0 0
 603.201575110875 -NAN 0 0
 605.361756148928 -NAN 0 0
 607.522269599629 -NAN 0 0
 609.683121420216 -NAN 0 0
 611.844317567927 -NAN 0 0
 614.005864 -NAN 0 0
 616.167766673673 -NAN 0 0
 618.330031546184 -NAN 0 0
 620.492664574771 -NAN 0 0
 622.655671716672 -NAN 0 0
 624.819058929125 -NAN 0 0
 626.982832169368 -NAN 0 0
 629.146997394639 -NAN 0 0
 631.311560562176 -NAN 0 0
 633.476527629217 -NAN 0 0
 635.641904553 -NAN 0 0
 637.807697290763 -NAN 0 0
 639.973911799744 -NAN 0 0
 642.140554037181 -NAN 0 0
 644.307629960312 -NAN 0 0
 646.475145526375 -NAN 0 0
 648.643106692608 -NAN 0 0
 650.811519416249 -NAN 0 0
 652.980389654536 -NAN 0 0
 655.149723364707 -NAN 0 0
 657.319526504 -NAN 0 0
 659.489805029653 -NAN 0 0
 661.660564898904 -NAN 0 0
 663.831812068991 -NAN 0 0
 666.003552497152 -NAN 0 0
 668.175792140625 -NAN 0 0
 670.348536956648 -NAN 0 0
 672.521792902459 -NAN 0 0
 674.695565935296 -NAN 0 0
 676.869862012397 -NAN 0 0
 679.044687091 -NAN 0 0
 681.220047128343 -NAN 0 0
 683.395948081664 -NAN 0 0
 685.572395908201 -NAN 0 0
 687.749396565192 -NAN 0 0
 689.926956009875 -NAN 0 0
 692.105080199488 -NAN 0 0
 694.283775091269 -NAN 0 0
 696.463046642456 -NAN 0 0
 698.642900810287 -NAN 0 0
 700.823343552 -NAN 0 0
 703.004380824833 -NAN 0 0
 705.186018586024 -NAN 0 0
 707.368262792811 -NAN 0 0
 709.551119402432 -NAN 0 0
 711.734594372125 -NAN 0 0
 713.918693659128 -NAN 0 0
 716.103423220679 -NAN 0 0
 718.288789014016 -NAN 0 0
 720.474796996377 -NAN 0 0
 722.661453125 -NAN 0 0
 724.848763357123 -NAN 0 0
 727.036733649984 -NAN 0 0
 729.225369960821 -NAN 0 0
 731.414678246872 -NAN 0 0
 733.604664465375 -NAN 0 0
 735.795334573568 -NAN 0 0
[END] of [DATA]
[END] of Spectrum


[Spectrum]
Version            = 1
IDData             = 12ad_2026-06-11_11-54-45_000_315
IDDevice           = SAM_82E6
IDDataType         = SPECTRUM
IDDataTypeSub1     = CALIBRATED
IDDataTypeSub2     = 
IDDataTypeSub3     = 
DateTime           = 2026-06-11 11:54:45
PositionLatitude   = 0
PositionLongitude  = 0
Comment            = 20260611_FrameE
CommentSub1        = con
CommentSub2        = centre
CommentSub3        = 17cm
IDMethodType       = SAM Control
MethodName         = SAM_82E6
Mission            = No Mission
MissionSub         = 1
RecordType         = 0
[Attributes]
CalFactor = 1
IDBasisSpec = 
IDDataBack = DLAB_2024-11-11_10-40-48_641_639
IDDataCal = DLAB_2024-11-12_11-45-27_171_455
IntegrationTime = 128
P31 = -1
P31e = 0
PathLength = +INF
PathLengthCustomOn = 0
RAWDynamic = 65535
Salinity = 0
Temperature = -NAN
Unit1 = $01 $01 Wavelength nm
Unit2 = $03 $06 Intensity mW/(m^2 nm)
Unit3 = $f0 $06 Error mW/(m^2 nm)
Unit4 = $f1 $00 Status 
p999 = 8731
[END] of [Attributes]
[DATA]
 0 6 0 0
 185.260577530984 -NAN 0 0
 187.468128380571 -NAN 0 0
 189.674861895872 -NAN 0 0
 191.880784034125 -NAN 0 0
 194.085900752568 -NAN 0 0
 196.290218008439 -NAN 0 0
 198.493741758976 -NAN 0 0
 200.696477961417 -NAN 0 0
 202.898432573 -NAN 0 0
 205.099611550963 -NAN 0 0
 207.300020852544 -NAN 0 0
 209.499666434981 -NAN 0 0
 211.698554255512 -NAN 0 0
 213.896690271375 -NAN 0 0
 216.094080439808 -NAN 0 0
 218.290730718049 -NAN 0 0
 220.486647063336 -NAN 0 0
 222.681835432907 -NAN 0 0
 224.876301784 -NAN 0 0
 227.070052073853 -NAN 0 0
 229.263092259704 -NAN 0 0
 231.455428298791 -NAN 0 0
 233.647066148352 -NAN 0 0
 235.838011765625 -NAN 0 0
 238.028271107848 -NAN 0 0
 240.217850132259 -NAN 0 0
 242.406754796096 -NAN 0 0
 244.594991056597 -NAN 0 0
 246.782564871 -NAN 0 0
 248.969482196543 -NAN 0 0
 251.155748990464 -NAN 0 0
 253.341371210001 -NAN 0 0
 255.526354812392 -NAN 0 0
 257.710705754875 -NAN 0 0
 259.894429994688 -NAN 0 0
 262.077533489069 -NAN 0 0
 264.260022195256 -NAN 0 0
 266.441902070487 -NAN 0 0
 268.623179072 -NAN 0 0
 270.803859157033 -NAN 0 0
 272.983948282824 -NAN 0 0
 275.163452406611 -NAN 0 0
 277.342377485632 -NAN 0 0
 279.520729477125 -0.298461395863904 0 0
 281.698514338328 1.19801715694612 0 0
 283.875738026479 0.682676514682114 0 0
 286.052406498816 -0.168766264064938 0 0
 288.228525712577 1.50247206331726 0 0
 290.404101625 0.670608723774145 0 0
 292.579140193323 0.20632252052666 0 0
 294.753647374784 1.59346866930126 0 0
 296.927629126621 0.562063199200105 0 0
 299.101091406072 0.453489880810277 0 0
 301.274040170375 1.62848527712546 0 0
 303.446481376768 0.577001279505822 0 0
 305.618420982489 0.785196426081456 0 0
 307.789864944776 1.75603404099377 0 0
 309.960819220867 0.743446515160787 0 0
 312.131289768 1.48500322430242 0 0
 314.301282543413 3.46982411680898 0 0
 316.470803504344 5.57729918469122 0 0
 318.639858608031 11.8733239111285 0 0
 320.808453811712 18.3430961315568 0 0
 322.976595072625 21.980391356629 0 0
 325.144288348008 26.3265798918312 0 0
 327.311539595099 27.3599562789637 0 0
 329.478354771136 25.9583805853211 0 0
 331.644739833357 26.4848987511591 0 0
 333.810700739 24.9097807820899 0 0
 335.976243445303 21.8907270015012 0 0
 338.141373909504 21.2626208005374 0 0
 340.306098088841 18.9353512862023 0 0
 342.470421940552 16.4664221981539 0 0
 344.634351421875 16.2169332707 0 0
 346.797892490048 14.0744728304077 0 0
 348.961051102309 12.2409556553156 0 0
 351.123833215896 12.4902891028506 0 0
 353.286244788047 10.646192906737 0 0
 355.448291776 9.7692062535977 0 0
 357.609980136993 10.4253834667042 0 0
 359.771315828264 9.89580030012123 0 0
 361.932304807051 13.7775538630028 0 0
 364.092953030592 19.6314545142605 0 0
 366.253266456125 17.9975518028977 0 0
 368.413251040888 12.8188732538901 0 0
 370.572912742119 9.51277350404653 0 0
 372.732257517056 6.38135305260268 0 0
 374.891291322937 6.40224665864657 0 0
 377.050020117 6.116934226358 0 0
 379.208449856483 3.94592363533313 0 0
 381.366586498624 4.56243616813916 0 0
 383.524436000661 4.42404098524661 0 0
 385.682004319832 2.45415195815796 0 0
 387.839297413375 3.804215980696 0 0
 389.996321238528 3.44162405013866 0 0
 392.153081752529 2.03709254692871 0 0
 394.309584912616 3.37209204121558 0 0
 396.465836676027 2.87722685128482 0 0
 398.621843 3.0046239584357 0 0
 400.777609841773 8.75039554430381 0 0
 402.933143158584 16.3749182923943 0 0
 405.088448907671 18.5236227903317 0 0
 407.243533046272 15.1663091079017 0 0
 409.398401531625 8.00441073489438 0 0
 411.553060320968 6.02334658743534 0 0
 413.707515371539 7.77927803628383 0 0
 415.861772640576 8.75209737537035 0 0
 418.015838085317 12.2625132291917 0 0
 420.169717663 17.765211967016 0 0
 422.323417330863 23.2272002016246 0 0
 424.476943046144 32.7404541732094 0 0
 426.630300766081 45.5384540228597 0 0
 428.783496447912 62.0935725016708 0 0
 430.936536048875 89.9621322800766 0 0
 433.089425526208 140.344573192026 0 0
 435.242170837149 194.342454380361 0 0
 437.394777938936 236.740593465116 0 0
 439.547252788807 274.731545158461 0 0
 441.699601344 342.586391247942 0 0
 443.851829561753 433.122847122068 0 0
 446.003943399304 520.379527347491 0 0
 448.155948813891 575.552352004361 0 0
 450.307851762752 579.115062697951 0 0
 452.459658203125 529.078158846082 0 0
 454.611374092248 450.640451670847 0 0
 456.763005387359 373.89361740204 0 0
 458.914558045696 312.235822918674 0 0
 461.066038024497 268.456963505065 0 0
 463.217451281 236.470572432775 0 0
 465.368803772443 205.212603985028 0 0
 467.520101456064 175.564499877273 0 0
 469.671350289101 148.519172007283 0 0
 471.822556228792 123.995706484079 0 0
 473.973725232375 107.11332975896 0 0
 476.124863257088 96.8648032991376 0 0
 478.275976260169 88.8061536344092 0 0
 480.427070198856 85.5175024988541 0 0
 482.578151030387 84.1222431703216 0 0
 484.729224712 81.9392251283537 0 0
 486.880297200933 83.2310814696788 0 0
 489.031374454424 85.3686639452619 0 0
 491.182462429711 87.4302873524292 0 0
 493.333567084032 92.7296025777415 0 0
 495.484694374625 97.3577352132145 0 0
 497.635850258728 101.371455200892 0 0
 499.787040693579 107.6012009635 0 0
 501.938271636416 112.137713141885 0 0
 504.089549044477 -NAN 0 0
 506.240878875 -NAN 0 0
 508.392267085223 -NAN 0 0
 510.543719632384 -NAN 0 0
 512.695242473721 -NAN 0 0
 514.846841566472 -NAN 0 0
 516.998522867875 -NAN 0 0
 519.150292335168 -NAN 0 0
 521.302155925589 -NAN 0 0
 523.454119596376 -NAN 0 0
 525.606189304767 -NAN 0 0
 527.758371008 -NAN 0 0
 529.910670663313 -NAN 0 0
 532.063094227944 -NAN 0 0
 534.215647659131 -NAN 0 0
 536.368336914112 -NAN 0 0
 538.521167950125 -NAN 0 0
 540.674146724408 -NAN 0 0
 542.827279194199 -NAN 0 0
 544.980571316736 -NAN 0 0
 547.134029049257 -NAN 0 0
 549.287658349 -NAN 0 0
 551.441465173203 -NAN 0 0
 553.595455479104 -NAN 0 0
 555.749635223941 -NAN 0 0
 557.904010364952 -NAN 0 0
 560.058586859375 -NAN 0 0
 562.213370664448 -NAN 0 0
 564.368367737409 -NAN 0 0
 566.523584035496 -NAN 0 0
 568.679025515947 -NAN 0 0
 570.834698136 -NAN 0 0
 572.990607852893 -NAN 0 0
 575.146760623864 -NAN 0 0
 577.303162406151 -NAN 0 0
 579.459819156992 -NAN 0 0
 581.616736833625 -NAN 0 0
 583.773921393288 -NAN 0 0
 585.931378793219 -NAN 0 0
 588.089114990656 -NAN 0 0
 590.247135942837 -NAN 0 0
 592.405447607 -NAN 0 0
 594.564055940383 -NAN 0 0
 596.722966900224 -NAN 0 0
 598.882186443761 -NAN 0 0
 601.041720528232 -NAN 0 0
 603.201575110875 -NAN 0 0
 605.361756148928 -NAN 0 0
 607.522269599629 -NAN 0 0
 609.683121420216 -NAN 0 0
 611.844317567927 -NAN 0 0
 614.005864 -NAN 0 0
 616.167766673673 -NAN 0 0
 618.330031546184 -NAN 0 0
 620.492664574771 -NAN 0 0
 622.655671716672 -NAN 0 0
 624.819058929125 -NAN 0 0
 626.982832169368 -NAN 0 0
 629.146997394639 -NAN 0 0
 631.311560562176 -NAN 0 0
 633.476527629217 -NAN 0 0
 635.641904553 -NAN 0 0
 637.807697290763 -NAN 0 0
 639.973911799744 -NAN 0 0
 642.140554037181 -NAN 0 0
 644.307629960312 -NAN 0 0
 646.475145526375 -NAN 0 0
 648.643106692608 -NAN 0 0
 650.811519416249 -NAN 0 0
 652.980389654536 -NAN 0 0
 655.149723364707 -NAN 0 0
 657.319526504 -NAN 0 0
 659.489805029653 -NAN 0 0
 661.660564898904 -NAN 0 0
 663.831812068991 -NAN 0 0
 666.003552497152 -NAN 0 0
 668.175792140625 -NAN 0 0
 670.348536956648 -NAN 0 0
 672.521792902459 -NAN 0 0
 674.695565935296 -NAN 0 0
 676.869862012397 -NAN 0 0
 679.044687091 -NAN 0 0
 681.220047128343 -NAN 0 0
 683.395948081664 -NAN 0 0
 685.572395908201 -NAN 0 0
 687.749396565192 -NAN 0 0
 689.926956009875 -NAN 0 0
 692.105080199488 -NAN 0 0
 694.283775091269 -NAN 0 0
 696.463046642456 -NAN 0 0
 698.642900810287 -NAN 0 0
 700.823343552 -NAN 0 0
 703.004380824833 -NAN 0 0
 705.186018586024 -NAN 0 0
 707.368262792811 -NAN 0 0
 709.551119402432 -NAN 0 0
 711.734594372125 -NAN 0 0
 713.918693659128 -NAN 0 0
 716.103423220679 -NAN 0 0
 718.288789014016 -NAN 0 0
 720.474796996377 -NAN 0 0
 722.661453125 -NAN 0 0
 724.848763357123 -NAN 0 0
 727.036733649984 -NAN 0 0
 729.225369960821 -NAN 0 0
 731.414678246872 -NAN 0 0
 733.604664465375 -NAN 0 0
 735.795334573568 -NAN 0 0
[END] of [DATA]
[END] of Spectrum


[Spectrum]
Version            = 1
IDData             = 12ad_2026-06-11_11-54-40_000_312
IDDevice           = SAM_82E6
IDDataType         = SPECTRUM
IDDataTypeSub1     = CALIBRATED
IDDataTypeSub2     = 
IDDataTypeSub3     = 
DateTime           = 2026-06-11 11:54:40
PositionLatitude   = 0
PositionLongitude  = 0
Comment            = 20260611_FrameE
CommentSub1        = con
CommentSub2        = centre
CommentSub3        = 17cm
IDMethodType       = SAM Control
MethodName         = SAM_82E6
Mission            = No Mission
MissionSub         = 1
RecordType         = 0
[Attributes]
CalFactor = 1
IDBasisSpec = 
IDDataBack = DLAB_2024-11-11_10-40-48_641_639
IDDataCal = DLAB_2024-11-12_11-45-27_171_455
IntegrationTime = 128
P31 = -1
P31e = 0
PathLength = +INF
PathLengthCustomOn = 0
RAWDynamic = 65535
Salinity = 0
Temperature = -NAN
Unit1 = $01 $01 Wavelength nm
Unit2 = $03 $06 Intensity mW/(m^2 nm)
Unit3 = $f0 $06 Error mW/(m^2 nm)
Unit4 = $f1 $00 Status 
p999 = 8730
[END] of [Attributes]
[DATA]
 0 6 0 0
 185.260577530984 -NAN 0 0
 187.468128380571 -NAN 0 0
 189.674861895872 -NAN 0 0
 191.880784034125 -NAN 0 0
 194.085900752568 -NAN 0 0
 196.290218008439 -NAN 0 0
 198.493741758976 -NAN 0 0
 200.696477961417 -NAN 0 0
 202.898432573 -NAN 0 0
 205.099611550963 -NAN 0 0
 207.300020852544 -NAN 0 0
 209.499666434981 -NAN 0 0
 211.698554255512 -NAN 0 0
 213.896690271375 -NAN 0 0
 216.094080439808 -NAN 0 0
 218.290730718049 -NAN 0 0
 220.486647063336 -NAN 0 0
 222.681835432907 -NAN 0 0
 224.876301784 -NAN 0 0
 227.070052073853 -NAN 0 0
 229.263092259704 -NAN 0 0
 231.455428298791 -NAN 0 0
 233.647066148352 -NAN 0 0
 235.838011765625 -NAN 0 0
 238.028271107848 -NAN 0 0
 240.217850132259 -NAN 0 0
 242.406754796096 -NAN 0 0
 244.594991056597 -NAN 0 0
 246.782564871 -NAN 0 0
 248.969482196543 -NAN 0 0
 251.155748990464 -NAN 0 0
 253.341371210001 -NAN 0 0
 255.526354812392 -NAN 0 0
 257.710705754875 -NAN 0 0
 259.894429994688 -NAN 0 0
 262.077533489069 -NAN 0 0
 264.260022195256 -NAN 0 0
 266.441902070487 -NAN 0 0
 268.623179072 -NAN 0 0
 270.803859157033 -NAN 0 0
 272.983948282824 -NAN 0 0
 275.163452406611 -NAN 0 0
 277.342377485632 -NAN 0 0
 279.520729477125 1.20214894616061 0 0
 281.698514338328 -0.121190657613604 0 0
 283.875738026479 0.401660218544625 0 0
 286.052406498816 1.37167093594194 0 0
 288.228525712577 -0.278374704620217 0 0
 290.404101625 0.878546634876035 0 0
 292.579140193323 1.21979896741354 0 0
 294.753647374784 -0.329616642457123 0 0
 296.927629126621 1.13213472141431 0 0
 299.101091406072 1.20308422841973 0 0
 301.274040170375 0.144395766622901 0 0
 303.446481376768 1.36228442814751 0 0
 305.618420982489 1.17127449309904 0 0
 307.789864944776 0.446629024153351 0 0
 309.960819220867 1.8122607645879 0 0
 312.131289768 1.50413249829578 0 0
 314.301282543413 2.129112611745 0 0
 316.470803504344 6.89557730112834 0 0
 318.639858608031 11.4320754200428 0 0
 320.808453811712 16.9520931148353 0 0
 322.976595072625 23.4470809399935 0 0
 325.144288348008 25.0258093139737 0 0
 327.311539595099 26.0390967178485 0 0
 329.478354771136 27.2152659452741 0 0
 331.644739833357 24.6713314475744 0 0
 333.810700739 23.7359695018355 0 0
 335.976243445303 23.1190716438337 0 0
 338.141373909504 19.4411068875332 0 0
 340.306098088841 18.4453710740038 0 0
 342.470421940552 17.4786262534143 0 0
 344.634351421875 14.517986068549 0 0
 346.797892490048 13.942803192739 0 0
 348.961051102309 12.9267832581038 0 0
 351.123833215896 10.8369147461503 0 0
 353.286244788047 10.9983985670073 0 0
 355.448291776 10.1747337340243 0 0
 357.609980136993 8.82450163891812 0 0
 359.771315828264 10.6304361462547 0 0
 361.932304807051 13.8950450812474 0 0
 364.092953030592 17.9232505505279 0 0
 366.253266456125 19.1525267216622 0 0
 368.413251040888 12.6212682930222 0 0
 370.572912742119 8.08722134169269 0 0
 372.732257517056 7.74195564909374 0 0
 374.891291322937 5.82009227918307 0 0
 377.050020117 5.02304226296121 0 0
 379.208449856483 5.55668302033816 0 0
 381.366586498624 3.69610432242333 0 0
 383.524436000661 3.34816837596 0 0
 385.682004319832 4.37291036235916 0 0
 387.839297413375 2.50211393055631 0 0
 389.996321238528 2.68170890950602 0 0
 392.153081752529 3.63424928385511 0 0
 394.309584912616 1.79981884665552 0 0
 396.465836676027 2.77922277398664 0 0
 398.621843 4.19746143583159 0 0
 400.777609841773 6.94659858759902 0 0
 402.933143158584 16.2595924926444 0 0
 405.088448907671 19.1194207877757 0 0
 407.243533046272 13.240554535229 0 0
 409.398401531625 8.45701408281609 0 0
 411.553060320968 6.51857503600787 0 0
 413.707515371539 6.25088226626612 0 0
 415.861772640576 9.66962419526721 0 0
 418.015838085317 12.4561610120612 0 0
 420.169717663 16.5041630003881 0 0
 422.323417330863 24.2480610409512 0 0
 424.476943046144 32.6117462083856 0 0
 426.630300766081 44.5742714912697 0 0
 428.783496447912 63.0486558100921 0 0
 430.936536048875 89.531170414645 0 0
 433.089425526208 139.236219060424 0 0
 435.242170837149 194.528671497608 0 0
 437.394777938936 235.588797644335 0 0
 439.547252788807 274.0319259032 0 0
 441.699601344 343.532455321693 0 0
 443.851829561753 432.474141413346 0 0
 446.003943399304 520.086069614857 0 0
 448.155948813891 576.325356700821 0 0
 450.307851762752 578.140202454961 0 0
 452.459658203125 528.927170349486 0 0
 454.611374092248 451.529594163037 0 0
 456.763005387359 372.609844663816 0 0
 458.914558045696 312.486328709414 0 0
 461.066038024497 269.061163834377 0 0
 463.217451281 235.029972520202 0 0
 465.368803772443 205.952539861034 0 0
 467.520101456064 175.871882946169 0 0
 469.671350289101 146.959290959221 0 0
 471.822556228792 124.820979326712 0 0
 473.973725232375 107.330245107641 0 0
 476.124863257088 95.5085711179421 0 0
 478.275976260169 90.0051880167477 0 0
 480.427070198856 85.4161416822065 0 0
 482.578151030387 82.8755065361071 0 0
 484.729224712 83.2658155584457 0 0
 486.880297200933 82.827265351787 0 0
 489.031374454424 84.3806485841322 0 0
 491.182462429711 88.6152771624877 0 0
 493.333567084032 91.8266907082584 0 0
 495.484694374625 96.8984002476981 0 0
 497.635850258728 102.69349839023 0 0
 499.787040693579 106.582522244874 0 0
 501.938271636416 111.904171841843 0 0
 504.089549044477 -NAN 0 0
 506.240878875 -NAN 0 0
 508.392267085223 -NAN 0 0
 510.543719632384 -NAN 0 0
 512.695242473721 -NAN 0 0
 514.846841566472 -NAN 0 0
 516.998522867875 -NAN 0 0
 519.150292335168 -NAN 0 0
 521.302155925589 -NAN 0 0
 523.454119596376 -NAN 0 0
 525.606189304767 -NAN 0 0
 527.758371008 -NAN 0 0
 529.910670663313 -NAN 0 0
 532.063094227944 -NAN 0 0
 534.215647659131 -NAN 0 0
 536.368336914112 -NAN 0 0
 538.521167950125 -NAN 0 0
 540.674146724408 -NAN 0 0
 542.827279194199 -NAN 0 0
 544.980571316736 -NAN 0 0
 547.134029049257 -NAN 0 0
 549.287658349 -NAN 0 0
 551.441465173203 -NAN 0 0
 553.595455479104 -NAN 0 0
 555.749635223941 -NAN 0 0
 557.904010364952 -NAN 0 0
 560.058586859375 -NAN 0 0
 562.213370664448 -NAN 0 0
 564.368367737409 -NAN 0 0
 566.523584035496 -NAN 0 0
 568.679025515947 -NAN 0 0
 570.834698136 -NAN 0 0
 572.990607852893 -NAN 0 0
 575.146760623864 -NAN 0 0
 577.303162406151 -NAN 0 0
 579.459819156992 -NAN 0 0
 581.616736833625 -NAN 0 0
 583.773921393288 -NAN 0 0
 585.931378793219 -NAN 0 0
 588.089114990656 -NAN 0 0
 590.247135942837 -NAN 0 0
 592.405447607 -NAN 0 0
 594.564055940383 -NAN 0 0
 596.722966900224 -NAN 0 0
 598.882186443761 -NAN 0 0
 601.041720528232 -NAN 0 0
 603.201575110875 -NAN 0 0
 605.361756148928 -NAN 0 0
 607.522269599629 -NAN 0 0
 609.683121420216 -NAN 0 0
 611.844317567927 -NAN 0 0
 614.005864 -NAN 0 0
 616.167766673673 -NAN 0 0
 618.330031546184 -NAN 0 0
 620.492664574771 -NAN 0 0
 622.655671716672 -NAN 0 0
 624.819058929125 -NAN 0 0
 626.982832169368 -NAN 0 0
 629.146997394639 -NAN 0 0
 631.311560562176 -NAN 0 0
 633.476527629217 -NAN 0 0
 635.641904553 -NAN 0 0
 637.807697290763 -NAN 0 0
 639.973911799744 -NAN 0 0
 642.140554037181 -NAN 0 0
 644.307629960312 -NAN 0 0
 646.475145526375 -NAN 0 0
 648.643106692608 -NAN 0 0
 650.811519416249 -NAN 0 0
 652.980389654536 -NAN 0 0
 655.149723364707 -NAN 0 0
 657.319526504 -NAN 0 0
 659.489805029653 -NAN 0 0
 661.660564898904 -NAN 0 0
 663.831812068991 -NAN 0 0
 666.003552497152 -NAN 0 0
 668.175792140625 -NAN 0 0
 670.348536956648 -NAN 0 0
 672.521792902459 -NAN 0 0
 674.695565935296 -NAN 0 0
 676.869862012397 -NAN 0 0
 679.044687091 -NAN 0 0
 681.220047128343 -NAN 0 0
 683.395948081664 -NAN 0 0
 685.572395908201 -NAN 0 0
 687.749396565192 -NAN 0 0
 689.926956009875 -NAN 0 0
 692.105080199488 -NAN 0 0
 694.283775091269 -NAN 0 0
 696.463046642456 -NAN 0 0
 698.642900810287 -NAN 0 0
 700.823343552 -NAN 0 0
 703.004380824833 -NAN 0 0
 705.186018586024 -NAN 0 0
 707.368262792811 -NAN 0 0
 709.551119402432 -NAN 0 0
 711.734594372125 -NAN 0 0
 713.918693659128 -NAN 0 0
 716.103423220679 -NAN 0 0
 718.288789014016 -NAN 0 0
 720.474796996377 -NAN 0 0
 722.661453125 -NAN 0 0
 724.848763357123 -NAN 0 0
 727.036733649984 -NAN 0 0
 729.225369960821 -NAN 0 0
 731.414678246872 -NAN 0 0
 733.604664465375 -NAN 0 0
 735.795334573568 -NAN 0 0
[END] of [DATA]
[END] of Spectrum


[Spectrum]
Version            = 1
IDData             = 12ad_2026-06-11_11-54-35_000_309
IDDevice           = SAM_82E6
IDDataType         = SPECTRUM
IDDataTypeSub1     = CALIBRATED
IDDataTypeSub2     = 
IDDataTypeSub3     = 
DateTime           = 2026-06-11 11:54:35
PositionLatitude   = 0
PositionLongitude  = 0
Comment            = 20260611_FrameE
CommentSub1        = con
CommentSub2        = centre
CommentSub3        = 17cm
IDMethodType       = SAM Control
MethodName         = SAM_82E6
Mission            = No Mission
MissionSub         = 1
RecordType         = 0
[Attributes]
CalFactor = 1
IDBasisSpec = 
IDDataBack = DLAB_2024-11-11_10-40-48_641_639
IDDataCal = DLAB_2024-11-12_11-45-27_171_455
IntegrationTime = 128
P31 = -1
P31e = 0
PathLength = +INF
PathLengthCustomOn = 0
RAWDynamic = 65535
Salinity = 0
Temperature = -NAN
Unit1 = $01 $01 Wavelength nm
Unit2 = $03 $06 Intensity mW/(m^2 nm)
Unit3 = $f0 $06 Error mW/(m^2 nm)
Unit4 = $f1 $00 Status 
p999 = 8729
[END] of [Attributes]
[DATA]
 0 6 0 0
 185.260577530984 -NAN 0 0
 187.468128380571 -NAN 0 0
 189.674861895872 -NAN 0 0
 191.880784034125 -NAN 0 0
 194.085900752568 -NAN 0 0
 196.290218008439 -NAN 0 0
 198.493741758976 -NAN 0 0
 200.696477961417 -NAN 0 0
 202.898432573 -NAN 0 0
 205.099611550963 -NAN 0 0
 207.300020852544 -NAN 0 0
 209.499666434981 -NAN 0 0
 211.698554255512 -NAN 0 0
 213.896690271375 -NAN 0 0
 216.094080439808 -NAN 0 0
 218.290730718049 -NAN 0 0
 220.486647063336 -NAN 0 0
 222.681835432907 -NAN 0 0
 224.876301784 -NAN 0 0
 227.070052073853 -NAN 0 0
 229.263092259704 -NAN 0 0
 231.455428298791 -NAN 0 0
 233.647066148352 -NAN 0 0
 235.838011765625 -NAN 0 0
 238.028271107848 -NAN 0 0
 240.217850132259 -NAN 0 0
 242.406754796096 -NAN 0 0
 244.594991056597 -NAN 0 0
 246.782564871 -NAN 0 0
 248.969482196543 -NAN 0 0
 251.155748990464 -NAN 0 0
 253.341371210001 -NAN 0 0
 255.526354812392 -NAN 0 0
 257.710705754875 -NAN 0 0
 259.894429994688 -NAN 0 0
 262.077533489069 -NAN 0 0
 264.260022195256 -NAN 0 0
 266.441902070487 -NAN 0 0
 268.623179072 -NAN 0 0
 270.803859157033 -NAN 0 0
 272.983948282824 -NAN 0 0
 275.163452406611 -NAN 0 0
 277.342377485632 -NAN 0 0
 279.520729477125 -0.0493974386814124 0 0
 281.698514338328 1.38890352059896 0 0
 283.875738026479 0.583826561266917 0 0
 286.052406498816 -0.00906023955904266 0 0
 288.228525712577 1.7116463417717 0 0
 290.404101625 0.43795092114266 0 0
 292.579140193323 0.285258099143719 0 0
 294.753647374784 1.64548094107835 0 0
 296.927629126621 0.427480612664011 0 0
 299.101091406072 0.713285696038989 0 0
 301.274040170375 1.69346495858609 0 0
 303.446481376768 0.382591821288547 0 0
 305.618420982489 1.1357854228718 0 0
 307.789864944776 1.64273042321002 0 0
 309.960819220867 0.512176293343394 0 0
 312.131289768 1.66954445576781 0 0
 314.301282543413 3.38842792829685 0 0
 316.470803504344 5.35982605704914 0 0
 318.639858608031 11.899052686119 0 0
 320.808453811712 17.5071632181586 0 0
 322.976595072625 21.3757158812247 0 0
 325.144288348008 25.7317769194924 0 0
 327.311539595099 26.228209795966 0 0
 329.478354771136 25.1045910035305 0 0
 331.644739833357 25.7950029442444 0 0
 333.810700739 23.8736295889271 0 0
 335.976243445303 21.3179840558456 0 0
 338.141373909504 20.8609608320569 0 0
 340.306098088841 18.1562691759476 0 0
 342.470421940552 16.021209547716 0 0
 344.634351421875 15.9478180218027 0 0
 346.797892490048 13.2288880013425 0 0
 348.961051102309 12.0142740193182 0 0
 351.123833215896 12.0895389202516 0 0
 353.286244788047 9.94178158619653 0 0
 355.448291776 9.67454731917452 0 0
 357.609980136993 10.0998529813216 0 0
 359.771315828264 9.43329164150129 0 0
 361.932304807051 13.7995148383756 0 0
 364.092953030592 18.8208197185169 0 0
 366.253266456125 17.3062018009678 0 0
 368.413251040888 12.7776550411938 0 0
 370.572912742119 8.88226497056492 0 0
 372.732257517056 6.07870702922211 0 0
 374.891291322937 6.35653476741849 0 0
 377.050020117 5.77207547371084 0 0
 379.208449856483 3.77239265032824 0 0
 381.366586498624 4.79421173534535 0 0
 383.524436000661 3.940822111855 0 0
 385.682004319832 2.45699667039547 0 0
 387.839297413375 4.01107876559306 0 0
 389.996321238528 2.9893270533111 0 0
 392.153081752529 2.16475407585767 0 0
 394.309584912616 3.62027393315827 0 0
 396.465836676027 2.44493489388737 0 0
 398.621843 3.05504423000527 0 0
 400.777609841773 8.4720880109694 0 0
 402.933143158584 15.3965499692408 0 0
 405.088448907671 18.1280620580082 0 0
 407.243533046272 14.6126992184103 0 0
 409.398401531625 7.40857847940249 0 0
 411.553060320968 6.10496552996177 0 0
 413.707515371539 7.66684920101536 0 0
 415.861772640576 8.68065479762532 0 0
 418.015838085317 12.4237225509714 0 0
 420.169717663 17.5968198319374 0 0
 422.323417330863 23.1466300187899 0 0
 424.476943046144 32.8700497791699 0 0
 426.630300766081 45.4314185403913 0 0
 428.783496447912 61.9435241089973 0 0
 430.936536048875 89.8747862805819 0 0
 433.089425526208 139.296939703134 0 0
 435.242170837149 192.675291691183 0 0
 437.394777938936 235.591195553747 0 0
 439.547252788807 274.048910879339 0 0
 441.699601344 342.425289112013 0 0
 443.851829561753 433.245054907195 0 0
 446.003943399304 520.196437100308 0 0
 448.155948813891 575.427758738871 0 0
 450.307851762752 578.987005200722 0 0
 452.459658203125 528.663172057892 0 0
 454.611374092248 450.864876941603 0 0
 456.763005387359 374.036150344839 0 0
 458.914558045696 311.950386041576 0 0
 461.066038024497 268.58738111409 0 0
 463.217451281 236.41656291911 0 0
 465.368803772443 205.024717271862 0 0
 467.520101456064 175.624477061448 0 0
 469.671350289101 148.462882059678 0 0
 471.822556228792 123.801138847008 0 0
 473.973725232375 107.274089357475 0 0
 476.124863257088 96.6677344597476 0 0
 478.275976260169 88.6083518549317 0 0
 480.427070198856 85.7202241321494 0 0
 482.578151030387 83.9637502409945 0 0
 484.729224712 81.6598252905078 0 0
 486.880297200933 83.4950720619849 0 0
 489.031374454424 85.1292128837877 0 0
 491.182462429711 87.3722105662623 0 0
 493.333567084032 92.9121889483891 0 0
 495.484694374625 97.1806422144612 0 0
 497.635850258728 101.432894552429 0 0
 499.787040693579 107.896911327925 0 0
 501.938271636416 112.023633059837 0 0
 504.089549044477 -NAN 0 0
 506.240878875 -NAN 0 0
 508.392267085223 -NAN 0 0
 510.543719632384 -NAN 0 0
 512.695242473721 -NAN 0 0
 514.846841566472 -NAN 0 0
 516.998522867875 -NAN 0 0
 519.150292335168 -NAN 0 0
 521.302155925589 -NAN 0 0
 523.454119596376 -NAN 0 0
 525.606189304767 -NAN 0 0
 527.758371008 -NAN 0 0
 529.910670663313 -NAN 0 0
 532.063094227944 -NAN 0 0
 534.215647659131 -NAN 0 0
 536.368336914112 -NAN 0 0
 538.521167950125 -NAN 0 0
 540.674146724408 -NAN 0 0
 542.827279194199 -NAN 0 0
 544.980571316736 -NAN 0 0
 547.134029049257 -NAN 0 0
 549.287658349 -NAN 0 0
 551.441465173203 -NAN 0 0
 553.595455479104 -NAN 0 0
 555.749635223941 -NAN 0 0
 557.904010364952 -NAN 0 0
 560.058586859375 -NAN 0 0
 562.213370664448 -NAN 0 0
 564.368367737409 -NAN 0 0
 566.523584035496 -NAN 0 0
 568.679025515947 -NAN 0 0
 570.834698136 -NAN 0 0
 572.990607852893 -NAN 0 0
 575.146760623864 -NAN 0 0
 577.303162406151 -NAN 0 0
 579.459819156992 -NAN 0 0
 581.616736833625 -NAN 0 0
 583.773921393288 -NAN 0 0
 585.931378793219 -NAN 0 0
 588.089114990656 -NAN 0 0
 590.247135942837 -NAN 0 0
 592.405447607 -NAN 0 0
 594.564055940383 -NAN 0 0
 596.722966900224 -NAN 0 0
 598.882186443761 -NAN 0 0
 601.041720528232 -NAN 0 0
 603.201575110875 -NAN 0 0
 605.361756148928 -NAN 0 0
 607.522269599629 -NAN 0 0
 609.683121420216 -NAN 0 0
 611.844317567927 -NAN 0 0
 614.005864 -NAN 0 0
 616.167766673673 -NAN 0 0
 618.330031546184 -NAN 0 0
 620.492664574771 -NAN 0 0
 622.655671716672 -NAN 0 0
 624.819058929125 -NAN 0 0
 626.982832169368 -NAN 0 0
 629.146997394639 -NAN 0 0
 631.311560562176 -NAN 0 0
 633.476527629217 -NAN 0 0
 635.641904553 -NAN 0 0
 637.807697290763 -NAN 0 0
 639.973911799744 -NAN 0 0
 642.140554037181 -NAN 0 0
 644.307629960312 -NAN 0 0
 646.475145526375 -NAN 0 0
 648.643106692608 -NAN 0 0
 650.811519416249 -NAN 0 0
 652.980389654536 -NAN 0 0
 655.149723364707 -NAN 0 0
 657.319526504 -NAN 0 0
 659.489805029653 -NAN 0 0
 661.660564898904 -NAN 0 0
 663.831812068991 -NAN 0 0
 666.003552497152 -NAN 0 0
 668.175792140625 -NAN 0 0
 670.348536956648 -NAN 0 0
 672.521792902459 -NAN 0 0
 674.695565935296 -NAN 0 0
 676.869862012397 -NAN 0 0
 679.044687091 -NAN 0 0
 681.220047128343 -NAN 0 0
 683.395948081664 -NAN 0 0
 685.572395908201 -NAN 0 0
 687.749396565192 -NAN 0 0
 689.926956009875 -NAN 0 0
 692.105080199488 -NAN 0 0
 694.283775091269 -NAN 0 0
 696.463046642456 -NAN 0 0
 698.642900810287 -NAN 0 0
 700.823343552 -NAN 0 0
 703.004380824833 -NAN 0 0
 705.186018586024 -NAN 0 0
 707.368262792811 -NAN 0 0
 709.551119402432 -NAN 0 0
 711.734594372125 -NAN 0 0
 713.918693659128 -NAN 0 0
 716.103423220679 -NAN 0 0
 718.288789014016 -NAN 0 0
 720.474796996377 -NAN 0 0
 722.661453125 -NAN 0 0
 724.848763357123 -NAN 0 0
 727.036733649984 -NAN 0 0
 729.225369960821 -NAN 0 0
 731.414678246872 -NAN 0 0
 733.604664465375 -NAN 0 0
 735.795334573568 -NAN 0 0
[END] of [DATA]
[END] of Spectrum


[Spectrum]
Version            = 1
IDData             = 12ad_2026-06-11_11-54-30_000_306
IDDevice           = SAM_82E6
IDDataType         = SPECTRUM
IDDataTypeSub1     = CALIBRATED
IDDataTypeSub2     = 
IDDataTypeSub3     = 
DateTime           = 2026-06-11 11:54:30
PositionLatitude   = 0
PositionLongitude  = 0
Comment            = 20260611_FrameE
CommentSub1        = con
CommentSub2        = centre
CommentSub3        = 17cm
IDMethodType       = SAM Control
MethodName         = SAM_82E6
Mission            = No Mission
MissionSub         = 1
RecordType         = 0
[Attributes]
CalFactor = 1
IDBasisSpec = 
IDDataBack = DLAB_2024-11-11_10-40-48_641_639
IDDataCal = DLAB_2024-11-12_11-45-27_171_455
IntegrationTime = 128
P31 = -1
P31e = 0
PathLength = +INF
PathLengthCustomOn = 0
RAWDynamic = 65535
Salinity = 0
Temperature = -NAN
Unit1 = $01 $01 Wavelength nm
Unit2 = $03 $06 Intensity mW/(m^2 nm)
Unit3 = $f0 $06 Error mW/(m^2 nm)
Unit4 = $f1 $00 Status 
p999 = 8728
[END] of [Attributes]
[DATA]
 0 6 0 0
 185.260577530984 -NAN 0 0
 187.468128380571 -NAN 0 0
 189.674861895872 -NAN 0 0
 191.880784034125 -NAN 0 0
 194.085900752568 -NAN 0 0
 196.290218008439 -NAN 0 0
 198.493741758976 -NAN 0 0
 200.696477961417 -NAN 0 0
 202.898432573 -NAN 0 0
 205.099611550963 -NAN 0 0
 207.300020852544 -NAN 0 0
 209.499666434981 -NAN 0 0
 211.698554255512 -NAN 0 0
 213.896690271375 -NAN 0 0
 216.094080439808 -NAN 0 0
 218.290730718049 -NAN 0 0
 220.486647063336 -NAN 0 0
 222.681835432907 -NAN 0 0
 224.876301784 -NAN 0 0
 227.070052073853 -NAN 0 0
 229.263092259704 -NAN 0 0
 231.455428298791 -NAN 0 0
 233.647066148352 -NAN 0 0
 235.838011765625 -NAN 0 0
 238.028271107848 -NAN 0 0
 240.217850132259 -NAN 0 0
 242.406754796096 -NAN 0 0
 244.594991056597 -NAN 0 0
 246.782564871 -NAN 0 0
 248.969482196543 -NAN 0 0
 251.155748990464 -NAN 0 0
 253.341371210001 -NAN 0 0
 255.526354812392 -NAN 0 0
 257.710705754875 -NAN 0 0
 259.894429994688 -NAN 0 0
 262.077533489069 -NAN 0 0
 264.260022195256 -NAN 0 0
 266.441902070487 -NAN 0 0
 268.623179072 -NAN 0 0
 270.803859157033 -NAN 0 0
 272.983948282824 -NAN 0 0
 275.163452406611 -NAN 0 0
 277.342377485632 -NAN 0 0
 279.520729477125 0.437522597610362 0 0
 281.698514338328 -0.100271604062607 0 0
 283.875738026479 1.28848551489811 0 0
 286.052406498816 0.427953518407094 0 0
 288.228525712577 0.0798004297195802 0 0
 290.404101625 1.5299884822442 0 0
 292.579140193323 0.430443181242954 0 0
 294.753647374784 0.234305883126116 0 0
 296.927629126621 1.51810742242348 0 0
 299.101091406072 0.256855433504141 0 0
 301.274040170375 0.831323827778113 0 0
 303.446481376768 1.4977157361191 0 0
 305.618420982489 0.375458978912376 0 0
 307.789864944776 1.02169832950857 0 0
 309.960819220867 1.615573005846 0 0
 312.131289768 0.853737182521436 0 0
 314.301282543413 3.06865718771351 0 0
 316.470803504344 6.40931716179379 0 0
 318.639858608031 10.4337989504143 0 0
 320.808453811712 17.4286281196069 0 0
 322.976595072625 22.3052286469044 0 0
 325.144288348008 23.7495815772078 0 0
 327.311539595099 26.2472677030631 0 0
 329.478354771136 25.5790838198915 0 0
 331.644739833357 23.6823820934564 0 0
 333.810700739 24.0793796115694 0 0
 335.976243445303 21.6508727222292 0 0
 338.141373909504 18.9327121022536 0 0
 340.306098088841 18.6136745263933 0 0
 342.470421940552 16.0618024658442 0 0
 344.634351421875 14.2891123521971 0 0
 346.797892490048 14.2013105547675 0 0
 348.961051102309 11.8627674156668 0 0
 351.123833215896 10.7540781162276 0 0
 353.286244788047 10.8980799269303 0 0
 355.448291776 9.10766938234481 0 0
 357.609980136993 9.07293279881535 0 0
 359.771315828264 10.3378725296393 0 0
 361.932304807051 12.7069563135778 0 0
 364.092953030592 18.1445380435164 0 0
 366.253266456125 18.2462976650785 0 0
 368.413251040888 11.5714161696377 0 0
 370.572912742119 8.7177298751743 0 0
 372.732257517056 7.1288365500038 0 0
 374.891291322937 4.89778765028709 0 0
 377.050020117 5.64102914770492 0 0
 379.208449856483 4.77299470096126 0 0
 381.366586498624 3.2099409375518 0 0
 383.524436000661 4.11279118150319 0 0
 385.682004319832 3.37157165475527 0 0
 387.839297413375 2.21874025261513 0 0
 389.996321238528 3.66496325043549 0 0
 392.153081752529 2.75727008512576 0 0
 394.309584912616 1.94436434416061 0 0
 396.465836676027 3.50149939845816 0 0
 398.621843 3.09617655681202 0 0
 400.777609841773 7.084451851774 0 0
 402.933143158584 16.3483046462982 0 0
 405.088448907671 17.6575659074494 0 0
 407.243533046272 13.3023307460736 0 0
 409.398401531625 8.6197221218158 0 0
 411.553060320968 5.58326607300228 0 0
 413.707515371539 6.80241994871526 0 0
 415.861772640576 9.53898633881916 0 0
 418.015838085317 11.7995279209099 0 0
 420.169717663 17.0471803348551 0 0
 422.323417330863 23.9660654010296 0 0
 424.476943046144 32.1146671718247 0 0
 426.630300766081 45.1163544186094 0 0
 428.783496447912 62.6221137500204 0 0
 430.936536048875 88.8620670977608 0 0
 433.089425526208 138.782838261521 0 0
 435.242170837149 192.5130510268 0 0
 437.394777938936 233.918254087478 0 0
 439.547252788807 273.942956980566 0 0
 441.699601344 342.924212563591 0 0
 443.851829561753 432.412200481158 0 0
 446.003943399304 520.684962946764 0 0
 448.155948813891 575.818209465232 0 0
 450.307851762752 578.13839882824 0 0
 452.459658203125 529.508892900789 0 0
 454.611374092248 450.877239350585 0 0
 456.763005387359 372.941770694992 0 0
 458.914558045696 312.915482056099 0 0
 461.066038024497 268.288847055931 0 0
 463.217451281 235.570067656856 0 0
 465.368803772443 206.026427894301 0 0
 467.520101456064 175.137162440027 0 0
 469.671350289101 147.697555272044 0 0
 471.822556228792 124.779442415427 0 0
 473.973725232375 106.55507553672 0 0
 476.124863257088 96.2237760069644 0 0
 478.275976260169 89.7429339720472 0 0
 480.427070198856 84.8324815951365 0 0
 482.578151030387 83.5161751377536 0 0
 484.729224712 82.7606606516204 0 0
 486.880297200933 82.1605772457937 0 0
 489.031374454424 85.2243219502611 0 0
 491.182462429711 88.2913873934802 0 0
 493.333567084032 91.4236646949996 0 0
 495.484694374625 97.5137984183659 0 0
 497.635850258728 101.980363059881 0 0
 499.787040693579 106.580347903959 0 0
 501.938271636416 112.638158784831 0 0
 504.089549044477 -NAN 0 0
 506.240878875 -NAN 0 0
 508.392267085223 -NAN 0 0
 510.543719632384 -NAN 0 0
 512.695242473721 -NAN 0 0
 514.846841566472 -NAN 0 0
 516.998522867875 -NAN 0 0
 519.150292335168 -NAN 0 0
 521.302155925589 -NAN 0 0
 523.454119596376 -NAN 0 0
 525.606189304767 -NAN 0 0
 527.758371008 -NAN 0 0
 529.910670663313 -NAN 0 0
 532.063094227944 -NAN 0 0
 534.215647659131 -NAN 0 0
 536.368336914112 -NAN 0 0
 538.521167950125 -NAN 0 0
 540.674146724408 -NAN 0 0
 542.827279194199 -NAN 0 0
 544.980571316736 -NAN 0 0
 547.134029049257 -NAN 0 0
 549.287658349 -NAN 0 0
 551.441465173203 -NAN 0 0
 553.595455479104 -NAN 0 0
 555.749635223941 -NAN 0 0
 557.904010364952 -NAN 0 0
 560.058586859375 -NAN 0 0
 562.213370664448 -NAN 0 0
 564.368367737409 -NAN 0 0
 566.523584035496 -NAN 0 0
 568.679025515947 -NAN 0 0
 570.834698136 -NAN 0 0
 572.990607852893 -NAN 0 0
 575.146760623864 -NAN 0 0
 577.303162406151 -NAN 0 0
 579.459819156992 -NAN 0 0
 581.616736833625 -NAN 0 0
 583.773921393288 -NAN 0 0
 585.931378793219 -NAN 0 0
 588.089114990656 -NAN 0 0
 590.247135942837 -NAN 0 0
 592.405447607 -NAN 0 0
 594.564055940383 -NAN 0 0
 596.722966900224 -NAN 0 0
 598.882186443761 -NAN 0 0
 601.041720528232 -NAN 0 0
 603.201575110875 -NAN 0 0
 605.361756148928 -NAN 0 0
 607.522269599629 -NAN 0 0
 609.683121420216 -NAN 0 0
 611.844317567927 -NAN 0 0
 614.005864 -NAN 0 0
 616.167766673673 -NAN 0 0
 618.330031546184 -NAN 0 0
 620.492664574771 -NAN 0 0
 622.655671716672 -NAN 0 0
 624.819058929125 -NAN 0 0
 626.982832169368 -NAN 0 0
 629.146997394639 -NAN 0 0
 631.311560562176 -NAN 0 0
 633.476527629217 -NAN 0 0
 635.641904553 -NAN 0 0
 637.807697290763 -NAN 0 0
 639.973911799744 -NAN 0 0
 642.140554037181 -NAN 0 0
 644.307629960312 -NAN 0 0
 646.475145526375 -NAN 0 0
 648.643106692608 -NAN 0 0
 650.811519416249 -NAN 0 0
 652.980389654536 -NAN 0 0
 655.149723364707 -NAN 0 0
 657.319526504 -NAN 0 0
 659.489805029653 -NAN 0 0
 661.660564898904 -NAN 0 0
 663.831812068991 -NAN 0 0
 666.003552497152 -NAN 0 0
 668.175792140625 -NAN 0 0
 670.348536956648 -NAN 0 0
 672.521792902459 -NAN 0 0
 674.695565935296 -NAN 0 0
 676.869862012397 -NAN 0 0
 679.044687091 -NAN 0 0
 681.220047128343 -NAN 0 0
 683.395948081664 -NAN 0 0
 685.572395908201 -NAN 0 0
 687.749396565192 -NAN 0 0
 689.926956009875 -NAN 0 0
 692.105080199488 -NAN 0 0
 694.283775091269 -NAN 0 0
 696.463046642456 -NAN 0 0
 698.642900810287 -NAN 0 0
 700.823343552 -NAN 0 0
 703.004380824833 -NAN 0 0
 705.186018586024 -NAN 0 0
 707.368262792811 -NAN 0 0
 709.551119402432 -NAN 0 0
 711.734594372125 -NAN 0 0
 713.918693659128 -NAN 0 0
 716.103423220679 -NAN 0 0
 718.288789014016 -NAN 0 0
 720.474796996377 -NAN 0 0
 722.661453125 -NAN 0 0
 724.848763357123 -NAN 0 0
 727.036733649984 -NAN 0 0
 729.225369960821 -NAN 0 0
 731.414678246872 -NAN 0 0
 733.604664465375 -NAN 0 0
 735.795334573568 -NAN 0 0
[END] of [DATA]
[END] of Spectrum


[Spectrum]
Version            = 1
IDData             = 12ad_2026-06-11_11-54-25_000_303
IDDevice           = SAM_82E6
IDDataType         = SPECTRUM
IDDataTypeSub1     = CALIBRATED
IDDataTypeSub2     = 
IDDataTypeSub3     = 
DateTime           = 2026-06-11 11:54:25
PositionLatitude   = 0
PositionLongitude  = 0
Comment            = 20260611_FrameE
CommentSub1        = con
CommentSub2        = centre
CommentSub3        = 17cm
IDMethodType       = SAM Control
MethodName         = SAM_82E6
Mission            = No Mission
MissionSub         = 1
RecordType         = 0
[Attributes]
CalFactor = 1
IDBasisSpec = 
IDDataBack = DLAB_2024-11-11_10-40-48_641_639
IDDataCal = DLAB_2024-11-12_11-45-27_171_455
IntegrationTime = 128
P31 = -1
P31e = 0
PathLength = +INF
PathLengthCustomOn = 0
RAWDynamic = 65535
Salinity = 0
Temperature = -NAN
Unit1 = $01 $01 Wavelength nm
Unit2 = $03 $06 Intensity mW/(m^2 nm)
Unit3 = $f0 $06 Error mW/(m^2 nm)
Unit4 = $f1 $00 Status 
p999 = 8727
[END] of [Attributes]
[DATA]
 0 6 0 0
 185.260577530984 -NAN 0 0
 187.468128380571 -NAN 0 0
 189.674861895872 -NAN 0 0
 191.880784034125 -NAN 0 0
 194.085900752568 -NAN 0 0
 196.290218008439 -NAN 0 0
 198.493741758976 -NAN 0 0
 200.696477961417 -NAN 0 0
 202.898432573 -NAN 0 0
 205.099611550963 -NAN 0 0
 207.300020852544 -NAN 0 0
 209.499666434981 -NAN 0 0
 211.698554255512 -NAN 0 0
 213.896690271375 -NAN 0 0
 216.094080439808 -NAN 0 0
 218.290730718049 -NAN 0 0
 220.486647063336 -NAN 0 0
 222.681835432907 -NAN 0 0
 224.876301784 -NAN 0 0
 227.070052073853 -NAN 0 0
 229.263092259704 -NAN 0 0
 231.455428298791 -NAN 0 0
 233.647066148352 -NAN 0 0
 235.838011765625 -NAN 0 0
 238.028271107848 -NAN 0 0
 240.217850132259 -NAN 0 0
 242.406754796096 -NAN 0 0
 244.594991056597 -NAN 0 0
 246.782564871 -NAN 0 0
 248.969482196543 -NAN 0 0
 251.155748990464 -NAN 0 0
 253.341371210001 -NAN 0 0
 255.526354812392 -NAN 0 0
 257.710705754875 -NAN 0 0
 259.894429994688 -NAN 0 0
 262.077533489069 -NAN 0 0
 264.260022195256 -NAN 0 0
 266.441902070487 -NAN 0 0
 268.623179072 -NAN 0 0
 270.803859157033 -NAN 0 0
 272.983948282824 -NAN 0 0
 275.163452406611 -NAN 0 0
 277.342377485632 -NAN 0 0
 279.520729477125 -0.0170191242476887 0 0
 281.698514338328 0.0579287384168039 0 0
 283.875738026479 1.45935472008723 0 0
 286.052406498816 -0.154247534564403 0 0
 288.228525712577 0.433677462447303 0 0
 290.404101625 1.4180219147278 0 0
 292.579140193323 -0.236280545290418 0 0
 294.753647374784 0.695572609149302 0 0
 296.927629126621 1.35178365981755 0 0
 299.101091406072 -0.178123798415494 0 0
 301.274040170375 1.13881696326144 0 0
 303.446481376768 1.17770466163785 0 0
 305.618420982489 0.176505100365708 0 0
 307.789864944776 1.32419761095007 0 0
 309.960819220867 1.35728523475088 0 0
 312.131289768 0.78734734925035 0 0
 314.301282543413 3.37679990136655 0 0
 316.470803504344 5.9413834096201 0 0
 318.639858608031 10.381054961684 0 0
 320.808453811712 17.3980127422053 0 0
 322.976595072625 21.6400856239596 0 0
 325.144288348008 23.352565030137 0 0
 327.311539595099 26.0816105106036 0 0
 329.478354771136 24.6613343913814 0 0
 331.644739833357 23.5417380984845 0 0
 333.810700739 23.9387590924973 0 0
 335.976243445303 20.5708016343558 0 0
 338.141373909504 18.9762486722638 0 0
 340.306098088841 18.2892831947716 0 0
 342.470421940552 15.2538724501965 0 0
 344.634351421875 14.4412756471344 0 0
 346.797892490048 13.6299368059849 0 0
 348.961051102309 11.0867297740634 0 0
 351.123833215896 10.9096766508121 0 0
 353.286244788047 10.4608215065948 0 0
 355.448291776 8.792498157504 0 0
 357.609980136993 9.27960182407469 0 0
 359.771315828264 10.0227212808588 0 0
 361.932304807051 12.3456982686949 0 0
 364.092953030592 18.2608268791175 0 0
 366.253266456125 17.8831053498755 0 0
 368.413251040888 11.3034977871112 0 0
 370.572912742119 8.8923129153216 0 0
 372.732257517056 6.69965318064085 0 0
 374.891291322937 4.98786696535419 0 0
 377.050020117 5.98174959532031 0 0
 379.208449856483 4.21181788655029 0 0
 381.366586498624 3.38094608164906 0 0
 383.524436000661 4.4126711294021 0 0
 385.682004319832 2.8012068511343 0 0
 387.839297413375 2.59421037588719 0 0
 389.996321238528 3.70850737124808 0 0
 392.153081752529 2.02599154441315 0 0
 394.309584912616 2.25663716424235 0 0
 396.465836676027 3.25313290119565 0 0
 398.621843 2.68352643949264 0 0
 400.777609841773 7.24181265333224 0 0
 402.933143158584 15.7488639508946 0 0
 405.088448907671 16.8111642162352 0 0
 407.243533046272 13.4674633096772 0 0
 409.398401531625 8.0983688982604 0 0
 411.553060320968 5.31965894781557 0 0
 413.707515371539 7.19804217093358 0 0
 415.861772640576 9.31343191479557 0 0
 418.015838085317 11.6884507662691 0 0
 420.169717663 17.4511322543975 0 0
 422.323417330863 23.7307638443418 0 0
 424.476943046144 32.1102289661412 0 0
 426.630300766081 45.3606370116622 0 0
 428.783496447912 62.4054708459919 0 0
 430.936536048875 88.8876116825187 0 0
 433.089425526208 138.487331133665 0 0
 435.242170837149 191.31502759867 0 0
 437.394777938936 233.223659661206 0 0
 439.547252788807 273.837003081792 0 0
 441.699601344 342.461454897629 0 0
 443.851829561753 432.453215422742 0 0
 446.003943399304 520.557484223258 0 0
 448.155948813891 575.450571590299 0 0
 450.307851762752 578.231285604399 0 0
 452.459658203125 529.404219893946 0 0
 454.611374092248 450.530140944543 0 0
 456.763005387359 373.165332639519 0 0
 458.914558045696 312.443413374745 0 0
 461.066038024497 267.971973021502 0 0
 463.217451281 235.789221644997 0 0
 465.368803772443 205.717153697911 0 0
 467.520101456064 174.958301908648 0 0
 469.671350289101 148.042872450623 0 0
 471.822556228792 124.459170967889 0 0
 473.973725232375 106.529750394488 0 0
 476.124863257088 96.6168065574333 0 0
 478.275976260169 89.337329199523 0 0
 480.427070198856 84.706615965673 0 0
 482.578151030387 83.9726794201115 0 0
 484.729224712 82.3929704650153 0 0
 486.880297200933 82.47714223572 0 0
 489.031374454424 85.3999939906885 0 0
 491.182462429711 87.7832155145201 0 0
 493.333567084032 91.7988574200499 0 0
 495.484694374625 97.7672627728316 0 0
 497.635850258728 101.658903595586 0 0
 499.787040693579 106.731464597544 0 0
 501.938271636416 112.555289291268 0 0
 504.089549044477 -NAN 0 0
 506.240878875 -NAN 0 0
 508.392267085223 -NAN 0 0
 510.543719632384 -NAN 0 0
 512.695242473721 -NAN 0 0
 514.846841566472 -NAN 0 0
 516.998522867875 -NAN 0 0
 519.150292335168 -NAN 0 0
 521.302155925589 -NAN 0 0
 523.454119596376 -NAN 0 0
 525.606189304767 -NAN 0 0
 527.758371008 -NAN 0 0
 529.910670663313 -NAN 0 0
 532.063094227944 -NAN 0 0
 534.215647659131 -NAN 0 0
 536.368336914112 -NAN 0 0
 538.521167950125 -NAN 0 0
 540.674146724408 -NAN 0 0
 542.827279194199 -NAN 0 0
 544.980571316736 -NAN 0 0
 547.134029049257 -NAN 0 0
 549.287658349 -NAN 0 0
 551.441465173203 -NAN 0 0
 553.595455479104 -NAN 0 0
 555.749635223941 -NAN 0 0
 557.904010364952 -NAN 0 0
 560.058586859375 -NAN 0 0
 562.213370664448 -NAN 0 0
 564.368367737409 -NAN 0 0
 566.523584035496 -NAN 0 0
 568.679025515947 -NAN 0 0
 570.834698136 -NAN 0 0
 572.990607852893 -NAN 0 0
 575.146760623864 -NAN 0 0
 577.303162406151 -NAN 0 0
 579.459819156992 -NAN 0 0
 581.616736833625 -NAN 0 0
 583.773921393288 -NAN 0 0
 585.931378793219 -NAN 0 0
 588.089114990656 -NAN 0 0
 590.247135942837 -NAN 0 0
 592.405447607 -NAN 0 0
 594.564055940383 -NAN 0 0
 596.722966900224 -NAN 0 0
 598.882186443761 -NAN 0 0
 601.041720528232 -NAN 0 0
 603.201575110875 -NAN 0 0
 605.361756148928 -NAN 0 0
 607.522269599629 -NAN 0 0
 609.683121420216 -NAN 0 0
 611.844317567927 -NAN 0 0
 614.005864 -NAN 0 0
 616.167766673673 -NAN 0 0
 618.330031546184 -NAN 0 0
 620.492664574771 -NAN 0 0
 622.655671716672 -NAN 0 0
 624.819058929125 -NAN 0 0
 626.982832169368 -NAN 0 0
 629.146997394639 -NAN 0 0
 631.311560562176 -NAN 0 0
 633.476527629217 -NAN 0 0
 635.641904553 -NAN 0 0
 637.807697290763 -NAN 0 0
 639.973911799744 -NAN 0 0
 642.140554037181 -NAN 0 0
 644.307629960312 -NAN 0 0
 646.475145526375 -NAN 0 0
 648.643106692608 -NAN 0 0
 650.811519416249 -NAN 0 0
 652.980389654536 -NAN 0 0
 655.149723364707 -NAN 0 0
 657.319526504 -NAN 0 0
 659.489805029653 -NAN 0 0
 661.660564898904 -NAN 0 0
 663.831812068991 -NAN 0 0
 666.003552497152 -NAN 0 0
 668.175792140625 -NAN 0 0
 670.348536956648 -NAN 0 0
 672.521792902459 -NAN 0 0
 674.695565935296 -NAN 0 0
 676.869862012397 -NAN 0 0
 679.044687091 -NAN 0 0
 681.220047128343 -NAN 0 0
 683.395948081664 -NAN 0 0
 685.572395908201 -NAN 0 0
 687.749396565192 -NAN 0 0
 689.926956009875 -NAN 0 0
 692.105080199488 -NAN 0 0
 694.283775091269 -NAN 0 0
 696.463046642456 -NAN 0 0
 698.642900810287 -NAN 0 0
 700.823343552 -NAN 0 0
 703.004380824833 -NAN 0 0
 705.186018586024 -NAN 0 0
 707.368262792811 -NAN 0 0
 709.551119402432 -NAN 0 0
 711.734594372125 -NAN 0 0
 713.918693659128 -NAN 0 0
 716.103423220679 -NAN 0 0
 718.288789014016 -NAN 0 0
 720.474796996377 -NAN 0 0
 722.661453125 -NAN 0 0
 724.848763357123 -NAN 0 0
 727.036733649984 -NAN 0 0
 729.225369960821 -NAN 0 0
 731.414678246872 -NAN 0 0
 733.604664465375 -NAN 0 0
 735.795334573568 -NAN 0 0
[END] of [DATA]
[END] of Spectrum


[Spectrum]
Version            = 1
IDData             = 12ad_2026-06-11_11-54-20_000_300
IDDevice           = SAM_82E6
IDDataType         = SPECTRUM
IDDataTypeSub1     = CALIBRATED
IDDataTypeSub2     = 
IDDataTypeSub3     = 
DateTime           = 2026-06-11 11:54:20
PositionLatitude   = 0
PositionLongitude  = 0
Comment            = 20260611_FrameE
CommentSub1        = con
CommentSub2        = centre
CommentSub3        = 17cm
IDMethodType       = SAM Control
MethodName         = SAM_82E6
Mission            = No Mission
MissionSub         = 1
RecordType         = 0
[Attributes]
CalFactor = 1
IDBasisSpec = 
IDDataBack = DLAB_2024-11-11_10-40-48_641_639
IDDataCal = DLAB_2024-11-12_11-45-27_171_455
IntegrationTime = 128
P31 = -1
P31e = 0
PathLength = +INF
PathLengthCustomOn = 0
RAWDynamic = 65535
Salinity = 0
Temperature = -NAN
Unit1 = $01 $01 Wavelength nm
Unit2 = $03 $06 Intensity mW/(m^2 nm)
Unit3 = $f0 $06 Error mW/(m^2 nm)
Unit4 = $f1 $00 Status 
p999 = 8726
[END] of [Attributes]
[DATA]
 0 6 0 0
 185.260577530984 -NAN 0 0
 187.468128380571 -NAN 0 0
 189.674861895872 -NAN 0 0
 191.880784034125 -NAN 0 0
 194.085900752568 -NAN 0 0
 196.290218008439 -NAN 0 0
 198.493741758976 -NAN 0 0
 200.696477961417 -NAN 0 0
 202.898432573 -NAN 0 0
 205.099611550963 -NAN 0 0
 207.300020852544 -NAN 0 0
 209.499666434981 -NAN 0 0
 211.698554255512 -NAN 0 0
 213.896690271375 -NAN 0 0
 216.094080439808 -NAN 0 0
 218.290730718049 -NAN 0 0
 220.486647063336 -NAN 0 0
 222.681835432907 -NAN 0 0
 224.876301784 -NAN 0 0
 227.070052073853 -NAN 0 0
 229.263092259704 -NAN 0 0
 231.455428298791 -NAN 0 0
 233.647066148352 -NAN 0 0
 235.838011765625 -NAN 0 0
 238.028271107848 -NAN 0 0
 240.217850132259 -NAN 0 0
 242.406754796096 -NAN 0 0
 244.594991056597 -NAN 0 0
 246.782564871 -NAN 0 0
 248.969482196543 -NAN 0 0
 251.155748990464 -NAN 0 0
 253.341371210001 -NAN 0 0
 255.526354812392 -NAN 0 0
 257.710705754875 -NAN 0 0
 259.894429994688 -NAN 0 0
 262.077533489069 -NAN 0 0
 264.260022195256 -NAN 0 0
 266.441902070487 -NAN 0 0
 268.623179072 -NAN 0 0
 270.803859157033 -NAN 0 0
 272.983948282824 -NAN 0 0
 275.163452406611 -NAN 0 0
 277.342377485632 -NAN 0 0
 279.520729477125 -0.0120378451040387 0 0
 281.698514338328 1.56933035747631 0 0
 283.875738026479 0.0669825191245999 0 0
 286.052406498816 0.165164514447389 0 0
 288.228525712577 1.67726152887508 0 0
 290.404101625 0.0104422088073017 0 0
 292.579140193323 0.479777917878615 0 0
 294.753647374784 1.41553195006383 0 0
 296.927629126621 0.0999116756233333 0 0
 299.101091406072 0.749037413731014 0 0
 301.274040170375 1.45675326183666 0 0
 303.446481376768 0.27774177640732 0 0
 305.618420982489 1.12933286464866 0 0
 307.789864944776 1.32847321916832 0 0
 309.960819220867 0.447334175076835 0 0
 312.131289768 1.78432009972798 0 0
 314.301282543413 3.02563348807139 0 0
 316.470803504344 5.15457052084762 0 0
 318.639858608031 11.4050602063028 0 0
 320.808453811712 16.7085011989884 0 0
 322.976595072625 20.430734673151 0 0
 325.144288348008 24.6576666975989 0 0
 327.311539595099 24.7153051710262 0 0
 329.478354771136 23.8908413541557 0 0
 331.644739833357 24.6402417223701 0 0
 333.810700739 22.3194027991829 0 0
 335.976243445303 20.2887911484238 0 0
 338.141373909504 19.7402452556672 0 0
 340.306098088841 16.9265681447791 0 0
 342.470421940552 15.2826803275778 0 0
 344.634351421875 15.0801099762925 0 0
 346.797892490048 12.2866649060984 0 0
 348.961051102309 11.5285276564665 0 0
 351.123833215896 11.2163960643097 0 0
 353.286244788047 9.26790202567947 0 0
 355.448291776 9.24212809601409 0 0
 357.609980136993 9.32243478267766 0 0
 359.771315828264 8.74920906735645 0 0
 361.932304807051 13.1999802106976 0 0
 364.092953030592 17.7776072515711 0 0
 366.253266456125 16.6055092314443 0 0
 368.413251040888 12.3994173246857 0 0
 370.572912742119 8.28692424373169 0 0
 372.732257517056 5.60125683716484 0 0
 374.891291322937 6.44526961509653 0 0
 377.050020117 4.99407412773885 0 0
 379.208449856483 3.66323606298646 0 0
 381.366586498624 4.68397701435704 0 0
 383.524436000661 3.59972643651975 0 0
 385.682004319832 2.70448663505893 0 0
 387.839297413375 3.900563031196 0 0
 389.996321238528 2.6016439131732 0 0
 392.153081752529 2.20638283529102 0 0
 394.309584912616 3.46481934150186 0 0
 396.465836676027 2.36438359747791 0 0
 398.621843 2.8799001287636 0 0
 400.777609841773 8.13655836797745 0 0
 402.933143158584 14.1114910577413 0 0
 405.088448907671 17.1698714641808 0 0
 407.243533046272 13.8785127126042 0 0
 409.398401531625 6.88607942458653 0 0
 411.553060320968 6.0586412652846 0 0
 413.707515371539 7.35501828055373 0 0
 415.861772640576 8.34385407397019 0 0
 418.015838085317 12.5770680033959 0 0
 420.169717663 17.3186890020885 0 0
 422.323417330863 22.9598536858548 0 0
 424.476943046144 32.960589175115 0 0
 426.630300766081 45.1931782729617 0 0
 428.783496447912 61.8322522672395 0 0
 430.936536048875 89.484201339445 0 0
 433.089425526208 137.485035724663 0 0
 435.242170837149 190.066653619526 0 0
 437.394777938936 233.241244330225 0 0
 439.547252788807 272.792022645033 0 0
 441.699601344 342.331586849278 0 0
 443.851829561753 433.270166095919 0 0
 446.003943399304 519.929501786658 0 0
 448.155948813891 575.469874772276 0 0
 450.307851762752 579.062757523026 0 0
 452.459658203125 528.64094062281 0 0
 454.611374092248 450.807819669377 0 0
 456.763005387359 373.889712389909 0 0
 458.914558045696 311.710858592263 0 0
 461.066038024497 268.672967670013 0 0
 463.217451281 236.204679442423 0 0
 465.368803772443 204.65738819219 0 0
 467.520101456064 175.733721218338 0 0
 469.671350289101 148.105657392183 0 0
 471.822556228792 123.656852734124 0 0
 473.973725232375 107.445859887395 0 0
 476.124863257088 96.2824538074569 0 0
 478.275976260169 88.5816819520807 0 0
 480.427070198856 85.8538867475089 0 0
 482.578151030387 83.5552402963906 0 0
 484.729224712 81.753703636024 0 0
 486.880297200933 83.4279558097037 0 0
 489.031374454424 84.880810380763 0 0
 491.182462429711 87.4258199073394 0 0
 493.333567084032 92.8253490891786 0 0
 495.484694374625 97.0345404904897 0 0
 497.635850258728 101.426311764765 0 0
 499.787040693579 107.79254296401 0 0
 501.938271636416 111.552245550998 0 0
 504.089549044477 -NAN 0 0
 506.240878875 -NAN 0 0
 508.392267085223 -NAN 0 0
 510.543719632384 -NAN 0 0
 512.695242473721 -NAN 0 0
 514.846841566472 -NAN 0 0
 516.998522867875 -NAN 0 0
 519.150292335168 -NAN 0 0
 521.302155925589 -NAN 0 0
 523.454119596376 -NAN 0 0
 525.606189304767 -NAN 0 0
 527.758371008 -NAN 0 0
 529.910670663313 -NAN 0 0
 532.063094227944 -NAN 0 0
 534.215647659131 -NAN 0 0
 536.368336914112 -NAN 0 0
 538.521167950125 -NAN 0 0
 540.674146724408 -NAN 0 0
 542.827279194199 -NAN 0 0
 544.980571316736 -NAN 0 0
 547.134029049257 -NAN 0 0
 549.287658349 -NAN 0 0
 551.441465173203 -NAN 0 0
 553.595455479104 -NAN 0 0
 555.749635223941 -NAN 0 0
 557.904010364952 -NAN 0 0
 560.058586859375 -NAN 0 0
 562.213370664448 -NAN 0 0
 564.368367737409 -NAN 0 0
 566.523584035496 -NAN 0 0
 568.679025515947 -NAN 0 0
 570.834698136 -NAN 0 0
 572.990607852893 -NAN 0 0
 575.146760623864 -NAN 0 0
 577.303162406151 -NAN 0 0
 579.459819156992 -NAN 0 0
 581.616736833625 -NAN 0 0
 583.773921393288 -NAN 0 0
 585.931378793219 -NAN 0 0
 588.089114990656 -NAN 0 0
 590.247135942837 -NAN 0 0
 592.405447607 -NAN 0 0
 594.564055940383 -NAN 0 0
 596.722966900224 -NAN 0 0
 598.882186443761 -NAN 0 0
 601.041720528232 -NAN 0 0
 603.201575110875 -NAN 0 0
 605.361756148928 -NAN 0 0
 607.522269599629 -NAN 0 0
 609.683121420216 -NAN 0 0
 611.844317567927 -NAN 0 0
 614.005864 -NAN 0 0
 616.167766673673 -NAN 0 0
 618.330031546184 -NAN 0 0
 620.492664574771 -NAN 0 0
 622.655671716672 -NAN 0 0
 624.819058929125 -NAN 0 0
 626.982832169368 -NAN 0 0
 629.146997394639 -NAN 0 0
 631.311560562176 -NAN 0 0
 633.476527629217 -NAN 0 0
 635.641904553 -NAN 0 0
 637.807697290763 -NAN 0 0
 639.973911799744 -NAN 0 0
 642.140554037181 -NAN 0 0
 644.307629960312 -NAN 0 0
 646.475145526375 -NAN 0 0
 648.643106692608 -NAN 0 0
 650.811519416249 -NAN 0 0
 652.980389654536 -NAN 0 0
 655.149723364707 -NAN 0 0
 657.319526504 -NAN 0 0
 659.489805029653 -NAN 0 0
 661.660564898904 -NAN 0 0
 663.831812068991 -NAN 0 0
 666.003552497152 -NAN 0 0
 668.175792140625 -NAN 0 0
 670.348536956648 -NAN 0 0
 672.521792902459 -NAN 0 0
 674.695565935296 -NAN 0 0
 676.869862012397 -NAN 0 0
 679.044687091 -NAN 0 0
 681.220047128343 -NAN 0 0
 683.395948081664 -NAN 0 0
 685.572395908201 -NAN 0 0
 687.749396565192 -NAN 0 0
 689.926956009875 -NAN 0 0
 692.105080199488 -NAN 0 0
 694.283775091269 -NAN 0 0
 696.463046642456 -NAN 0 0
 698.642900810287 -NAN 0 0
 700.823343552 -NAN 0 0
 703.004380824833 -NAN 0 0
 705.186018586024 -NAN 0 0
 707.368262792811 -NAN 0 0
 709.551119402432 -NAN 0 0
 711.734594372125 -NAN 0 0
 713.918693659128 -NAN 0 0
 716.103423220679 -NAN 0 0
 718.288789014016 -NAN 0 0
 720.474796996377 -NAN 0 0
 722.661453125 -NAN 0 0
 724.848763357123 -NAN 0 0
 727.036733649984 -NAN 0 0
 729.225369960821 -NAN 0 0
 731.414678246872 -NAN 0 0
 733.604664465375 -NAN 0 0
 735.795334573568 -NAN 0 0
[END] of [DATA]
[END] of Spectrum


