[Spectrum]
Version            = 1
IDData             = 12ad_2026-06-11_11-46-10_000_267
IDDevice           = SAM_82E6
IDDataType         = SPECTRUM
IDDataTypeSub1     = CALIBRATED
IDDataTypeSub2     = 
IDDataTypeSub3     = 
DateTime           = 2026-06-11 11:46:10
PositionLatitude   = 0
PositionLongitude  = 0
Comment            = 20260611_FrameE
CommentSub1        = con
CommentSub2        = centre
CommentSub3        = 28cm
IDMethodType       = SAM Control
MethodName         = SAM_82E6
Mission            = No Mission
MissionSub         = 1
RecordType         = 0
[Attributes]
CalFactor = 1
IDBasisSpec = 
IDDataBack = DLAB_2024-11-11_10-40-48_641_639
IDDataCal = DLAB_2024-11-12_11-45-27_171_455
IntegrationTime = 128
P31 = -1
P31e = 0
PathLength = +INF
PathLengthCustomOn = 0
RAWDynamic = 65535
Salinity = 0
Temperature = -NAN
Unit1 = $01 $01 Wavelength nm
Unit2 = $03 $06 Intensity mW/(m^2 nm)
Unit3 = $f0 $06 Error mW/(m^2 nm)
Unit4 = $f1 $00 Status 
p999 = 8725
[END] of [Attributes]
[DATA]
 0 6 0 0
 185.260577530984 -NAN 0 0
 187.468128380571 -NAN 0 0
 189.674861895872 -NAN 0 0
 191.880784034125 -NAN 0 0
 194.085900752568 -NAN 0 0
 196.290218008439 -NAN 0 0
 198.493741758976 -NAN 0 0
 200.696477961417 -NAN 0 0
 202.898432573 -NAN 0 0
 205.099611550963 -NAN 0 0
 207.300020852544 -NAN 0 0
 209.499666434981 -NAN 0 0
 211.698554255512 -NAN 0 0
 213.896690271375 -NAN 0 0
 216.094080439808 -NAN 0 0
 218.290730718049 -NAN 0 0
 220.486647063336 -NAN 0 0
 222.681835432907 -NAN 0 0
 224.876301784 -NAN 0 0
 227.070052073853 -NAN 0 0
 229.263092259704 -NAN 0 0
 231.455428298791 -NAN 0 0
 233.647066148352 -NAN 0 0
 235.838011765625 -NAN 0 0
 238.028271107848 -NAN 0 0
 240.217850132259 -NAN 0 0
 242.406754796096 -NAN 0 0
 244.594991056597 -NAN 0 0
 246.782564871 -NAN 0 0
 248.969482196543 -NAN 0 0
 251.155748990464 -NAN 0 0
 253.341371210001 -NAN 0 0
 255.526354812392 -NAN 0 0
 257.710705754875 -NAN 0 0
 259.894429994688 -NAN 0 0
 262.077533489069 -NAN 0 0
 264.260022195256 -NAN 0 0
 266.441902070487 -NAN 0 0
 268.623179072 -NAN 0 0
 270.803859157033 -NAN 0 0
 272.983948282824 -NAN 0 0
 275.163452406611 -NAN 0 0
 277.342377485632 -NAN 0 0
 279.520729477125 -1.27354678823337 0 0
 281.698514338328 1.13918231883394 0 0
 283.875738026479 1.20375698339937 0 0
 286.052406498816 -1.41011763636077 0 0
 288.228525712577 1.87640690356801 0 0
 290.404101625 1.10247976990884 0 0
 292.579140193323 -1.0495989178269 0 0
 294.753647374784 2.24635955450321 0 0
 296.927629126621 0.916294724139442 0 0
 299.101091406072 -0.372374797875494 0 0
 301.274040170375 2.47438148756828 0 0
 303.446481376768 0.86206233902666 0 0
 305.618420982489 0.310933396681025 0 0
 307.789864944776 2.72766600859208 0 0
 309.960819220867 0.850436010300608 0 0
 312.131289768 1.15080355512425 0 0
 314.301282543413 4.98728163121355 0 0
 316.470803504344 6.95177822175495 0 0
 318.639858608031 15.2656628936159 0 0
 320.808453811712 26.1659906093289 0 0
 322.976595072625 31.2572381269601 0 0
 325.144288348008 37.1759593508757 0 0
 327.311539595099 40.6990252540876 0 0
 329.478354771136 37.5916354967918 0 0
 331.644739833357 38.4899740693372 0 0
 333.810700739 37.7921005450838 0 0
 335.976243445303 31.8206941633633 0 0
 338.141373909504 31.3617006374024 0 0
 340.306098088841 28.6467319462581 0 0
 342.470421940552 23.7849325019703 0 0
 344.634351421875 24.0376236113194 0 0
 346.797892490048 21.4999156079277 0 0
 348.961051102309 17.518242926011 0 0
 351.123833215896 18.6056473361979 0 0
 353.286244788047 16.3087439710818 0 0
 355.448291776 13.9610911109514 0 0
 357.609980136993 15.7163246781363 0 0
 359.771315828264 14.958656709712 0 0
 361.932304807051 19.1832479510226 0 0
 364.092953030592 28.2582796873478 0 0
 366.253266456125 25.89085359858 0 0
 368.413251040888 17.6959576561714 0 0
 370.572912742119 14.3169470908337 0 0
 372.732257517056 9.21083246946664 0 0
 374.891291322937 8.27777866638695 0 0
 377.050020117 9.50620604737429 0 0
 379.208449856483 5.49510750952998 0 0
 381.366586498624 5.87253342911562 0 0
 383.524436000661 6.73922788158464 0 0
 385.682004319832 3.20942305721714 0 0
 387.839297413375 4.53106946461511 0 0
 389.996321238528 5.14827265618051 0 0
 392.153081752529 1.97464940777868 0 0
 394.309584912616 4.16981955103139 0 0
 396.465836676027 4.43589443680793 0 0
 398.621843 3.08821546130104 0 0
 400.777609841773 12.4139110648787 0 0
 402.933143158584 24.5072881494873 0 0
 405.088448907671 26.760376548809 0 0
 407.243533046272 21.7846796966488 0 0
 409.398401531625 11.0259677689946 0 0
 411.553060320968 6.41048508509449 0 0
 413.707515371539 9.02978366629832 0 0
 415.861772640576 9.77168502061725 0 0
 418.015838085317 12.4129097306081 0 0
 420.169717663 19.0849143739522 0 0
 422.323417330863 24.2736970082168 0 0
 424.476943046144 33.3076568595709 0 0
 426.630300766081 47.5660858641352 0 0
 428.783496447912 63.9674914730922 0 0
 430.936536048875 94.3005915946031 0 0
 433.089425526208 155.347429592848 0 0
 435.242170837149 216.805993069107 0 0
 437.394777938936 257.911735661517 0 0
 439.547252788807 287.768727557938 0 0
 441.699601344 351.056582629348 0 0
 443.851829561753 442.230675272523 0 0
 446.003943399304 531.367508864191 0 0
 448.155948813891 585.589129215263 0 0
 450.307851762752 588.619273707075 0 0
 452.459658203125 536.406195634865 0 0
 454.611374092248 454.089563776917 0 0
 456.763005387359 376.749157523184 0 0
 458.914558045696 314.652056063617 0 0
 461.066038024497 269.731591855773 0 0
 463.217451281 239.097304356998 0 0
 465.368803772443 207.825073732695 0 0
 467.520101456064 176.557336479596 0 0
 469.671350289101 150.652777521322 0 0
 471.822556228792 125.481197600818 0 0
 473.973725232375 107.717829893102 0 0
 476.124863257088 99.1266664388783 0 0
 478.275976260169 90.6763805718288 0 0
 480.427070198856 86.8507870870654 0 0
 482.578151030387 87.0856144897843 0 0
 484.729224712 83.9006119900315 0 0
 486.880297200933 85.0935574704822 0 0
 489.031374454424 88.9436459144687 0 0
 491.182462429711 90.0738979842939 0 0
 493.333567084032 95.485098110381 0 0
 495.484694374625 101.71090248882 0 0
 497.635850258728 104.481822372488 0 0
 499.787040693579 111.133417779738 0 0
 501.938271636416 116.874189001251 0 0
 504.089549044477 -NAN 0 0
 506.240878875 -NAN 0 0
 508.392267085223 -NAN 0 0
 510.543719632384 -NAN 0 0
 512.695242473721 -NAN 0 0
 514.846841566472 -NAN 0 0
 516.998522867875 -NAN 0 0
 519.150292335168 -NAN 0 0
 521.302155925589 -NAN 0 0
 523.454119596376 -NAN 0 0
 525.606189304767 -NAN 0 0
 527.758371008 -NAN 0 0
 529.910670663313 -NAN 0 0
 532.063094227944 -NAN 0 0
 534.215647659131 -NAN 0 0
 536.368336914112 -NAN 0 0
 538.521167950125 -NAN 0 0
 540.674146724408 -NAN 0 0
 542.827279194199 -NAN 0 0
 544.980571316736 -NAN 0 0
 547.134029049257 -NAN 0 0
 549.287658349 -NAN 0 0
 551.441465173203 -NAN 0 0
 553.595455479104 -NAN 0 0
 555.749635223941 -NAN 0 0
 557.904010364952 -NAN 0 0
 560.058586859375 -NAN 0 0
 562.213370664448 -NAN 0 0
 564.368367737409 -NAN 0 0
 566.523584035496 -NAN 0 0
 568.679025515947 -NAN 0 0
 570.834698136 -NAN 0 0
 572.990607852893 -NAN 0 0
 575.146760623864 -NAN 0 0
 577.303162406151 -NAN 0 0
 579.459819156992 -NAN 0 0
 581.616736833625 -NAN 0 0
 583.773921393288 -NAN 0 0
 585.931378793219 -NAN 0 0
 588.089114990656 -NAN 0 0
 590.247135942837 -NAN 0 0
 592.405447607 -NAN 0 0
 594.564055940383 -NAN 0 0
 596.722966900224 -NAN 0 0
 598.882186443761 -NAN 0 0
 601.041720528232 -NAN 0 0
 603.201575110875 -NAN 0 0
 605.361756148928 -NAN 0 0
 607.522269599629 -NAN 0 0
 609.683121420216 -NAN 0 0
 611.844317567927 -NAN 0 0
 614.005864 -NAN 0 0
 616.167766673673 -NAN 0 0
 618.330031546184 -NAN 0 0
 620.492664574771 -NAN 0 0
 622.655671716672 -NAN 0 0
 624.819058929125 -NAN 0 0
 626.982832169368 -NAN 0 0
 629.146997394639 -NAN 0 0
 631.311560562176 -NAN 0 0
 633.476527629217 -NAN 0 0
 635.641904553 -NAN 0 0
 637.807697290763 -NAN 0 0
 639.973911799744 -NAN 0 0
 642.140554037181 -NAN 0 0
 644.307629960312 -NAN 0 0
 646.475145526375 -NAN 0 0
 648.643106692608 -NAN 0 0
 650.811519416249 -NAN 0 0
 652.980389654536 -NAN 0 0
 655.149723364707 -NAN 0 0
 657.319526504 -NAN 0 0
 659.489805029653 -NAN 0 0
 661.660564898904 -NAN 0 0
 663.831812068991 -NAN 0 0
 666.003552497152 -NAN 0 0
 668.175792140625 -NAN 0 0
 670.348536956648 -NAN 0 0
 672.521792902459 -NAN 0 0
 674.695565935296 -NAN 0 0
 676.869862012397 -NAN 0 0
 679.044687091 -NAN 0 0
 681.220047128343 -NAN 0 0
 683.395948081664 -NAN 0 0
 685.572395908201 -NAN 0 0
 687.749396565192 -NAN 0 0
 689.926956009875 -NAN 0 0
 692.105080199488 -NAN 0 0
 694.283775091269 -NAN 0 0
 696.463046642456 -NAN 0 0
 698.642900810287 -NAN 0 0
 700.823343552 -NAN 0 0
 703.004380824833 -NAN 0 0
 705.186018586024 -NAN 0 0
 707.368262792811 -NAN 0 0
 709.551119402432 -NAN 0 0
 711.734594372125 -NAN 0 0
 713.918693659128 -NAN 0 0
 716.103423220679 -NAN 0 0
 718.288789014016 -NAN 0 0
 720.474796996377 -NAN 0 0
 722.661453125 -NAN 0 0
 724.848763357123 -NAN 0 0
 727.036733649984 -NAN 0 0
 729.225369960821 -NAN 0 0
 731.414678246872 -NAN 0 0
 733.604664465375 -NAN 0 0
 735.795334573568 -NAN 0 0
[END] of [DATA]
[END] of Spectrum


[Spectrum]
Version            = 1
IDData             = 12ad_2026-06-11_11-46-05_000_264
IDDevice           = SAM_82E6
IDDataType         = SPECTRUM
IDDataTypeSub1     = CALIBRATED
IDDataTypeSub2     = 
IDDataTypeSub3     = 
DateTime           = 2026-06-11 11:46:05
PositionLatitude   = 0
PositionLongitude  = 0
Comment            = 20260611_FrameE
CommentSub1        = con
CommentSub2        = centre
CommentSub3        = 28cm
IDMethodType       = SAM Control
MethodName         = SAM_82E6
Mission            = No Mission
MissionSub         = 1
RecordType         = 0
[Attributes]
CalFactor = 1
IDBasisSpec = 
IDDataBack = DLAB_2024-11-11_10-40-48_641_639
IDDataCal = DLAB_2024-11-12_11-45-27_171_455
IntegrationTime = 128
P31 = -1
P31e = 0
PathLength = +INF
PathLengthCustomOn = 0
RAWDynamic = 65535
Salinity = 0
Temperature = -NAN
Unit1 = $01 $01 Wavelength nm
Unit2 = $03 $06 Intensity mW/(m^2 nm)
Unit3 = $f0 $06 Error mW/(m^2 nm)
Unit4 = $f1 $00 Status 
p999 = 8724
[END] of [Attributes]
[DATA]
 0 6 0 0
 185.260577530984 -NAN 0 0
 187.468128380571 -NAN 0 0
 189.674861895872 -NAN 0 0
 191.880784034125 -NAN 0 0
 194.085900752568 -NAN 0 0
 196.290218008439 -NAN 0 0
 198.493741758976 -NAN 0 0
 200.696477961417 -NAN 0 0
 202.898432573 -NAN 0 0
 205.099611550963 -NAN 0 0
 207.300020852544 -NAN 0 0
 209.499666434981 -NAN 0 0
 211.698554255512 -NAN 0 0
 213.896690271375 -NAN 0 0
 216.094080439808 -NAN 0 0
 218.290730718049 -NAN 0 0
 220.486647063336 -NAN 0 0
 222.681835432907 -NAN 0 0
 224.876301784 -NAN 0 0
 227.070052073853 -NAN 0 0
 229.263092259704 -NAN 0 0
 231.455428298791 -NAN 0 0
 233.647066148352 -NAN 0 0
 235.838011765625 -NAN 0 0
 238.028271107848 -NAN 0 0
 240.217850132259 -NAN 0 0
 242.406754796096 -NAN 0 0
 244.594991056597 -NAN 0 0
 246.782564871 -NAN 0 0
 248.969482196543 -NAN 0 0
 251.155748990464 -NAN 0 0
 253.341371210001 -NAN 0 0
 255.526354812392 -NAN 0 0
 257.710705754875 -NAN 0 0
 259.894429994688 -NAN 0 0
 262.077533489069 -NAN 0 0
 264.260022195256 -NAN 0 0
 266.441902070487 -NAN 0 0
 268.623179072 -NAN 0 0
 270.803859157033 -NAN 0 0
 272.983948282824 -NAN 0 0
 275.163452406611 -NAN 0 0
 277.342377485632 -NAN 0 0
 279.520729477125 -1.12784437328161 0 0
 281.698514338328 1.36275470366022 0 0
 283.875738026479 1.29272194147304 0 0
 286.052406498816 -1.26638221430546 0 0
 288.228525712577 2.04403286643904 0 0
 290.404101625 1.22026278249103 0 0
 292.579140193323 -0.707074889185019 0 0
 294.753647374784 2.48041477750014 0 0
 296.927629126621 0.904867900754302 0 0
 299.101091406072 -0.039883823339665 0 0
 301.274040170375 2.56836995539526 0 0
 303.446481376768 0.734276346827663 0 0
 305.618420982489 0.456115956701565 0 0
 307.789864944776 2.71804589010101 0 0
 309.960819220867 0.762899150640754 0 0
 312.131289768 1.40398512268347 0 0
 314.301282543413 5.01867730392537 0 0
 316.470803504344 6.83082406649333 0 0
 318.639858608031 15.5319557147668 0 0
 320.808453811712 25.8664923521401 0 0
 322.976595072625 30.9914621621893 0 0
 325.144288348008 37.2669122325683 0 0
 327.311539595099 40.3164011192917 0 0
 329.478354771136 37.5782485521296 0 0
 331.644739833357 38.7164849243972 0 0
 333.810700739 37.2725447325122 0 0
 335.976243445303 31.859943045426 0 0
 338.141373909504 31.4501781829069 0 0
 340.306098088841 28.6100852267861 0 0
 342.470421940552 23.8674277871985 0 0
 344.634351421875 24.2073925767453 0 0
 346.797892490048 21.2498640941899 0 0
 348.961051102309 17.8200995943545 0 0
 351.123833215896 18.7164693140675 0 0
 353.286244788047 16.0241443508634 0 0
 355.448291776 14.299927069398 0 0
 357.609980136993 15.8608859134213 0 0
 359.771315828264 14.7360071926554 0 0
 361.932304807051 19.4105440461313 0 0
 364.092953030592 28.1465069230322 0 0
 366.253266456125 25.6701354391801 0 0
 368.413251040888 18.0123680536349 0 0
 370.572912742119 14.2378195258748 0 0
 372.732257517056 8.9642803211092 0 0
 374.891291322937 8.53188300291952 0 0
 377.050020117 9.31998232094482 0 0
 379.208449856483 5.02909284818621 0 0
 381.366586498624 6.08876307413116 0 0
 383.524436000661 6.54736156420856 0 0
 385.682004319832 3.01740498118514 0 0
 387.839297413375 5.1304047934607 0 0
 389.996321238528 4.88279398412956 0 0
 392.153081752529 2.06206980258872 0 0
 394.309584912616 4.57481967139942 0 0
 396.465836676027 4.20632324204096 0 0
 398.621843 3.33898996989706 0 0
 400.777609841773 12.823569349927 0 0
 402.933143158584 24.3818238178912 0 0
 405.088448907671 26.8819930472563 0 0
 407.243533046272 21.987828390003 0 0
 409.398401531625 10.8919055115089 0 0
 411.553060320968 6.67850404501236 0 0
 413.707515371539 9.28752146790436 0 0
 415.861772640576 9.46856436932763 0 0
 418.015838085317 12.6340810562205 0 0
 420.169717663 19.2807411827233 0 0
 422.323417330863 24.0676936998325 0 0
 424.476943046144 33.5712862771755 0 0
 426.630300766081 47.6049293859987 0 0
 428.783496447912 63.9295578906748 0 0
 430.936536048875 94.3821694620557 0 0
 433.089425526208 155.23813243597 0 0
 435.242170837149 216.525468570592 0 0
 437.394777938936 258.034029041517 0 0
 439.547252788807 287.499394364872 0 0
 441.699601344 350.945619423479 0 0
 443.851829561753 442.449142614428 0 0
 446.003943399304 531.252008007323 0 0
 448.155948813891 585.344329771095 0 0
 450.307851762752 588.562459465347 0 0
 452.459658203125 536.13108162573 0 0
 454.611374092248 454.149473912754 0 0
 456.763005387359 377.003959564763 0 0
 458.914558045696 314.481392755982 0 0
 461.066038024497 269.997521511676 0 0
 463.217451281 239.405781771587 0 0
 465.368803772443 207.625576042873 0 0
 467.520101456064 176.798316237441 0 0
 469.671350289101 150.798914885297 0 0
 471.822556228792 125.215579983918 0 0
 473.973725232375 108.025034879305 0 0
 476.124863257088 99.2163438320839 0 0
 478.275976260169 90.4063478054634 0 0
 480.427070198856 87.1014044908645 0 0
 482.578151030387 86.8947532861579 0 0
 484.729224712 83.7698528659196 0 0
 486.880297200933 85.304973665168 0 0
 489.031374454424 88.7724495948166 0 0
 491.182462429711 89.7019831805715 0 0
 493.333567084032 95.7355977042573 0 0
 495.484694374625 101.402096572244 0 0
 497.635850258728 104.333709650031 0 0
 499.787040693579 111.612859951471 0 0
 501.938271636416 116.593293704888 0 0
 504.089549044477 -NAN 0 0
 506.240878875 -NAN 0 0
 508.392267085223 -NAN 0 0
 510.543719632384 -NAN 0 0
 512.695242473721 -NAN 0 0
 514.846841566472 -NAN 0 0
 516.998522867875 -NAN 0 0
 519.150292335168 -NAN 0 0
 521.302155925589 -NAN 0 0
 523.454119596376 -NAN 0 0
 525.606189304767 -NAN 0 0
 527.758371008 -NAN 0 0
 529.910670663313 -NAN 0 0
 532.063094227944 -NAN 0 0
 534.215647659131 -NAN 0 0
 536.368336914112 -NAN 0 0
 538.521167950125 -NAN 0 0
 540.674146724408 -NAN 0 0
 542.827279194199 -NAN 0 0
 544.980571316736 -NAN 0 0
 547.134029049257 -NAN 0 0
 549.287658349 -NAN 0 0
 551.441465173203 -NAN 0 0
 553.595455479104 -NAN 0 0
 555.749635223941 -NAN 0 0
 557.904010364952 -NAN 0 0
 560.058586859375 -NAN 0 0
 562.213370664448 -NAN 0 0
 564.368367737409 -NAN 0 0
 566.523584035496 -NAN 0 0
 568.679025515947 -NAN 0 0
 570.834698136 -NAN 0 0
 572.990607852893 -NAN 0 0
 575.146760623864 -NAN 0 0
 577.303162406151 -NAN 0 0
 579.459819156992 -NAN 0 0
 581.616736833625 -NAN 0 0
 583.773921393288 -NAN 0 0
 585.931378793219 -NAN 0 0
 588.089114990656 -NAN 0 0
 590.247135942837 -NAN 0 0
 592.405447607 -NAN 0 0
 594.564055940383 -NAN 0 0
 596.722966900224 -NAN 0 0
 598.882186443761 -NAN 0 0
 601.041720528232 -NAN 0 0
 603.201575110875 -NAN 0 0
 605.361756148928 -NAN 0 0
 607.522269599629 -NAN 0 0
 609.683121420216 -NAN 0 0
 611.844317567927 -NAN 0 0
 614.005864 -NAN 0 0
 616.167766673673 -NAN 0 0
 618.330031546184 -NAN 0 0
 620.492664574771 -NAN 0 0
 622.655671716672 -NAN 0 0
 624.819058929125 -NAN 0 0
 626.982832169368 -NAN 0 0
 629.146997394639 -NAN 0 0
 631.311560562176 -NAN 0 0
 633.476527629217 -NAN 0 0
 635.641904553 -NAN 0 0
 637.807697290763 -NAN 0 0
 639.973911799744 -NAN 0 0
 642.140554037181 -NAN 0 0
 644.307629960312 -NAN 0 0
 646.475145526375 -NAN 0 0
 648.643106692608 -NAN 0 0
 650.811519416249 -NAN 0 0
 652.980389654536 -NAN 0 0
 655.149723364707 -NAN 0 0
 657.319526504 -NAN 0 0
 659.489805029653 -NAN 0 0
 661.660564898904 -NAN 0 0
 663.831812068991 -NAN 0 0
 666.003552497152 -NAN 0 0
 668.175792140625 -NAN 0 0
 670.348536956648 -NAN 0 0
 672.521792902459 -NAN 0 0
 674.695565935296 -NAN 0 0
 676.869862012397 -NAN 0 0
 679.044687091 -NAN 0 0
 681.220047128343 -NAN 0 0
 683.395948081664 -NAN 0 0
 685.572395908201 -NAN 0 0
 687.749396565192 -NAN 0 0
 689.926956009875 -NAN 0 0
 692.105080199488 -NAN 0 0
 694.283775091269 -NAN 0 0
 696.463046642456 -NAN 0 0
 698.642900810287 -NAN 0 0
 700.823343552 -NAN 0 0
 703.004380824833 -NAN 0 0
 705.186018586024 -NAN 0 0
 707.368262792811 -NAN 0 0
 709.551119402432 -NAN 0 0
 711.734594372125 -NAN 0 0
 713.918693659128 -NAN 0 0
 716.103423220679 -NAN 0 0
 718.288789014016 -NAN 0 0
 720.474796996377 -NAN 0 0
 722.661453125 -NAN 0 0
 724.848763357123 -NAN 0 0
 727.036733649984 -NAN 0 0
 729.225369960821 -NAN 0 0
 731.414678246872 -NAN 0 0
 733.604664465375 -NAN 0 0
 735.795334573568 -NAN 0 0
[END] of [DATA]
[END] of Spectrum


[Spectrum]
Version            = 1
IDData             = 12ad_2026-06-11_11-46-00_000_261
IDDevice           = SAM_82E6
IDDataType         = SPECTRUM
IDDataTypeSub1     = CALIBRATED
IDDataTypeSub2     = 
IDDataTypeSub3     = 
DateTime           = 2026-06-11 11:46:00
PositionLatitude   = 0
PositionLongitude  = 0
Comment            = 20260611_FrameE
CommentSub1        = con
CommentSub2        = centre
CommentSub3        = 28cm
IDMethodType       = SAM Control
MethodName         = SAM_82E6
Mission            = No Mission
MissionSub         = 1
RecordType         = 0
[Attributes]
CalFactor = 1
IDBasisSpec = 
IDDataBack = DLAB_2024-11-11_10-40-48_641_639
IDDataCal = DLAB_2024-11-12_11-45-27_171_455
IntegrationTime = 128
P31 = -1
P31e = 0
PathLength = +INF
PathLengthCustomOn = 0
RAWDynamic = 65535
Salinity = 0
Temperature = -NAN
Unit1 = $01 $01 Wavelength nm
Unit2 = $03 $06 Intensity mW/(m^2 nm)
Unit3 = $f0 $06 Error mW/(m^2 nm)
Unit4 = $f1 $00 Status 
p999 = 8723
[END] of [Attributes]
[DATA]
 0 6 0 0
 185.260577530984 -NAN 0 0
 187.468128380571 -NAN 0 0
 189.674861895872 -NAN 0 0
 191.880784034125 -NAN 0 0
 194.085900752568 -NAN 0 0
 196.290218008439 -NAN 0 0
 198.493741758976 -NAN 0 0
 200.696477961417 -NAN 0 0
 202.898432573 -NAN 0 0
 205.099611550963 -NAN 0 0
 207.300020852544 -NAN 0 0
 209.499666434981 -NAN 0 0
 211.698554255512 -NAN 0 0
 213.896690271375 -NAN 0 0
 216.094080439808 -NAN 0 0
 218.290730718049 -NAN 0 0
 220.486647063336 -NAN 0 0
 222.681835432907 -NAN 0 0
 224.876301784 -NAN 0 0
 227.070052073853 -NAN 0 0
 229.263092259704 -NAN 0 0
 231.455428298791 -NAN 0 0
 233.647066148352 -NAN 0 0
 235.838011765625 -NAN 0 0
 238.028271107848 -NAN 0 0
 240.217850132259 -NAN 0 0
 242.406754796096 -NAN 0 0
 244.594991056597 -NAN 0 0
 246.782564871 -NAN 0 0
 248.969482196543 -NAN 0 0
 251.155748990464 -NAN 0 0
 253.341371210001 -NAN 0 0
 255.526354812392 -NAN 0 0
 257.710705754875 -NAN 0 0
 259.894429994688 -NAN 0 0
 262.077533489069 -NAN 0 0
 264.260022195256 -NAN 0 0
 266.441902070487 -NAN 0 0
 268.623179072 -NAN 0 0
 270.803859157033 -NAN 0 0
 272.983948282824 -NAN 0 0
 275.163452406611 -NAN 0 0
 277.342377485632 -NAN 0 0
 279.520729477125 0.0427562254761091 0 0
 281.698514338328 -0.349992805827628 0 0
 283.875738026479 2.34053144767413 0 0
 286.052406498816 -0.607231894981127 0 0
 288.228525712577 0.0898293334810942 0 0
 290.404101625 2.29921334219455 0 0
 292.579140193323 -0.726808783839284 0 0
 294.753647374784 0.465623618134777 0 0
 296.927629126621 2.12118976775031 0 0
 299.101091406072 -0.571392693027767 0 0
 301.274040170375 1.23628648545239 0 0
 303.446481376768 1.95752687044198 0 0
 305.618420982489 -0.352604673931371 0 0
 307.789864944776 1.70258893826558 0 0
 309.960819220867 1.99273799376315 0 0
 312.131289768 0.233723654854195 0 0
 314.301282543413 4.37448461198657 0 0
 316.470803504344 8.28716096620886 0 0
 318.639858608031 14.0088122353337 0 0
 320.808453811712 25.7999371838759 0 0
 322.976595072625 32.6929908255364 0 0
 325.144288348008 35.6875082234938 0 0
 327.311539595099 40.8500225180108 0 0
 329.478354771136 39.1103099968061 0 0
 331.644739833357 36.6171882415538 0 0
 333.810700739 38.264289445968 0 0
 335.976243445303 32.9385604710008 0 0
 338.141373909504 29.4840105050302 0 0
 340.306098088841 29.519466784052 0 0
 342.470421940552 24.3204971314676 0 0
 344.634351421875 22.5147331140546 0 0
 346.797892490048 22.320132892121 0 0
 348.961051102309 17.7414549451309 0 0
 351.123833215896 17.108990928 0 0
 353.286244788047 17.2257871917854 0 0
 355.448291776 13.820178379026 0 0
 357.609980136993 14.4966561819167 0 0
 359.771315828264 15.8438767702799 0 0
 361.932304807051 18.4859869829356 0 0
 364.092953030592 26.9926507095922 0 0
 366.253266456125 26.8940117939478 0 0
 368.413251040888 16.7297542585532 0 0
 370.572912742119 13.4063520972597 0 0
 372.732257517056 10.6131793450447 0 0
 374.891291322937 7.01263485328036 0 0
 377.050020117 9.07720175908122 0 0
 379.208449856483 6.97431921235389 0 0
 381.366586498624 4.33914019485514 0 0
 383.524436000661 6.96236130253312 0 0
 385.682004319832 4.63604624432893 0 0
 387.839297413375 3.07027815482836 0 0
 389.996321238528 5.92504358551478 0 0
 392.153081752529 3.1915968085471 0 0
 394.309584912616 2.64118273307664 0 0
 396.465836676027 5.41996277461021 0 0
 398.621843 3.84584638409642 0 0
 400.777609841773 10.7219573225046 0 0
 402.933143158584 25.5274779165061 0 0
 405.088448907671 26.7100101201591 0 0
 407.243533046272 20.1107819835731 0 0
 409.398401531625 12.0102368218167 0 0
 411.553060320968 6.1865844724882 0 0
 413.707515371539 7.97443752391968 0 0
 415.861772640576 10.5749037161221 0 0
 418.015838085317 12.0010395731345 0 0
 420.169717663 18.3820191134837 0 0
 422.323417330863 25.1590534491394 0 0
 424.476943046144 32.5362967117648 0 0
 426.630300766081 47.0024232024269 0 0
 428.783496447912 64.843335742686 0 0
 430.936536048875 93.4955251652978 0 0
 433.089425526208 155.022776556491 0 0
 435.242170837149 217.276730760346 0 0
 437.394777938936 256.81429245407 0 0
 439.547252788807 287.662773659164 0 0
 441.699601344 351.836612869131 0 0
 443.851829561753 441.021153015616 0 0
 446.003943399304 531.625032996911 0 0
 448.155948813891 586.169102091949 0 0
 450.307851762752 587.316153400766 0 0
 452.459658203125 536.968465680471 0 0
 454.611374092248 454.666793180938 0 0
 456.763005387359 375.443907218237 0 0
 458.914558045696 315.419541932457 0 0
 461.066038024497 269.96491710942 0 0
 463.217451281 237.764723471756 0 0
 465.368803772443 208.731785455219 0 0
 467.520101456064 176.282084045079 0 0
 469.671350289101 149.361356223377 0 0
 471.822556228792 126.557878064385 0 0
 473.973725232375 107.038455425405 0 0
 476.124863257088 98.1247153172604 0 0
 478.275976260169 91.7509554075298 0 0
 480.427070198856 85.9830939423564 0 0
 482.578151030387 86.417042203397 0 0
 484.729224712 85.2428488110429 0 0
 486.880297200933 83.9201416597659 0 0
 489.031374454424 88.6157993676839 0 0
 491.182462429711 91.2343168463588 0 0
 493.333567084032 94.3372533046633 0 0
 495.484694374625 101.964366843286 0 0
 497.635850258728 105.621741769768 0 0
 499.787040693579 110.071252242814 0 0
 501.938271636416 117.353110100415 0 0
 504.089549044477 -NAN 0 0
 506.240878875 -NAN 0 0
 508.392267085223 -NAN 0 0
 510.543719632384 -NAN 0 0
 512.695242473721 -NAN 0 0
 514.846841566472 -NAN 0 0
 516.998522867875 -NAN 0 0
 519.150292335168 -NAN 0 0
 521.302155925589 -NAN 0 0
 523.454119596376 -NAN 0 0
 525.606189304767 -NAN 0 0
 527.758371008 -NAN 0 0
 529.910670663313 -NAN 0 0
 532.063094227944 -NAN 0 0
 534.215647659131 -NAN 0 0
 536.368336914112 -NAN 0 0
 538.521167950125 -NAN 0 0
 540.674146724408 -NAN 0 0
 542.827279194199 -NAN 0 0
 544.980571316736 -NAN 0 0
 547.134029049257 -NAN 0 0
 549.287658349 -NAN 0 0
 551.441465173203 -NAN 0 0
 553.595455479104 -NAN 0 0
 555.749635223941 -NAN 0 0
 557.904010364952 -NAN 0 0
 560.058586859375 -NAN 0 0
 562.213370664448 -NAN 0 0
 564.368367737409 -NAN 0 0
 566.523584035496 -NAN 0 0
 568.679025515947 -NAN 0 0
 570.834698136 -NAN 0 0
 572.990607852893 -NAN 0 0
 575.146760623864 -NAN 0 0
 577.303162406151 -NAN 0 0
 579.459819156992 -NAN 0 0
 581.616736833625 -NAN 0 0
 583.773921393288 -NAN 0 0
 585.931378793219 -NAN 0 0
 588.089114990656 -NAN 0 0
 590.247135942837 -NAN 0 0
 592.405447607 -NAN 0 0
 594.564055940383 -NAN 0 0
 596.722966900224 -NAN 0 0
 598.882186443761 -NAN 0 0
 601.041720528232 -NAN 0 0
 603.201575110875 -NAN 0 0
 605.361756148928 -NAN 0 0
 607.522269599629 -NAN 0 0
 609.683121420216 -NAN 0 0
 611.844317567927 -NAN 0 0
 614.005864 -NAN 0 0
 616.167766673673 -NAN 0 0
 618.330031546184 -NAN 0 0
 620.492664574771 -NAN 0 0
 622.655671716672 -NAN 0 0
 624.819058929125 -NAN 0 0
 626.982832169368 -NAN 0 0
 629.146997394639 -NAN 0 0
 631.311560562176 -NAN 0 0
 633.476527629217 -NAN 0 0
 635.641904553 -NAN 0 0
 637.807697290763 -NAN 0 0
 639.973911799744 -NAN 0 0
 642.140554037181 -NAN 0 0
 644.307629960312 -NAN 0 0
 646.475145526375 -NAN 0 0
 648.643106692608 -NAN 0 0
 650.811519416249 -NAN 0 0
 652.980389654536 -NAN 0 0
 655.149723364707 -NAN 0 0
 657.319526504 -NAN 0 0
 659.489805029653 -NAN 0 0
 661.660564898904 -NAN 0 0
 663.831812068991 -NAN 0 0
 666.003552497152 -NAN 0 0
 668.175792140625 -NAN 0 0
 670.348536956648 -NAN 0 0
 672.521792902459 -NAN 0 0
 674.695565935296 -NAN 0 0
 676.869862012397 -NAN 0 0
 679.044687091 -NAN 0 0
 681.220047128343 -NAN 0 0
 683.395948081664 -NAN 0 0
 685.572395908201 -NAN 0 0
 687.749396565192 -NAN 0 0
 689.926956009875 -NAN 0 0
 692.105080199488 -NAN 0 0
 694.283775091269 -NAN 0 0
 696.463046642456 -NAN 0 0
 698.642900810287 -NAN 0 0
 700.823343552 -NAN 0 0
 703.004380824833 -NAN 0 0
 705.186018586024 -NAN 0 0
 707.368262792811 -NAN 0 0
 709.551119402432 -NAN 0 0
 711.734594372125 -NAN 0 0
 713.918693659128 -NAN 0 0
 716.103423220679 -NAN 0 0
 718.288789014016 -NAN 0 0
 720.474796996377 -NAN 0 0
 722.661453125 -NAN 0 0
 724.848763357123 -NAN 0 0
 727.036733649984 -NAN 0 0
 729.225369960821 -NAN 0 0
 731.414678246872 -NAN 0 0
 733.604664465375 -NAN 0 0
 735.795334573568 -NAN 0 0
[END] of [DATA]
[END] of Spectrum


[Spectrum]
Version            = 1
IDData             = 12ad_2026-06-11_11-45-55_000_258
IDDevice           = SAM_82E6
IDDataType         = SPECTRUM
IDDataTypeSub1     = CALIBRATED
IDDataTypeSub2     = 
IDDataTypeSub3     = 
DateTime           = 2026-06-11 11:45:55
PositionLatitude   = 0
PositionLongitude  = 0
Comment            = 20260611_FrameE
CommentSub1        = con
CommentSub2        = centre
CommentSub3        = 28cm
IDMethodType       = SAM Control
MethodName         = SAM_82E6
Mission            = No Mission
MissionSub         = 1
RecordType         = 0
[Attributes]
CalFactor = 1
IDBasisSpec = 
IDDataBack = DLAB_2024-11-11_10-40-48_641_639
IDDataCal = DLAB_2024-11-12_11-45-27_171_455
IntegrationTime = 128
P31 = -1
P31e = 0
PathLength = +INF
PathLengthCustomOn = 0
RAWDynamic = 65535
Salinity = 0
Temperature = -NAN
Unit1 = $01 $01 Wavelength nm
Unit2 = $03 $06 Intensity mW/(m^2 nm)
Unit3 = $f0 $06 Error mW/(m^2 nm)
Unit4 = $f1 $00 Status 
p999 = 8722
[END] of [Attributes]
[DATA]
 0 6 0 0
 185.260577530984 -NAN 0 0
 187.468128380571 -NAN 0 0
 189.674861895872 -NAN 0 0
 191.880784034125 -NAN 0 0
 194.085900752568 -NAN 0 0
 196.290218008439 -NAN 0 0
 198.493741758976 -NAN 0 0
 200.696477961417 -NAN 0 0
 202.898432573 -NAN 0 0
 205.099611550963 -NAN 0 0
 207.300020852544 -NAN 0 0
 209.499666434981 -NAN 0 0
 211.698554255512 -NAN 0 0
 213.896690271375 -NAN 0 0
 216.094080439808 -NAN 0 0
 218.290730718049 -NAN 0 0
 220.486647063336 -NAN 0 0
 222.681835432907 -NAN 0 0
 224.876301784 -NAN 0 0
 227.070052073853 -NAN 0 0
 229.263092259704 -NAN 0 0
 231.455428298791 -NAN 0 0
 233.647066148352 -NAN 0 0
 235.838011765625 -NAN 0 0
 238.028271107848 -NAN 0 0
 240.217850132259 -NAN 0 0
 242.406754796096 -NAN 0 0
 244.594991056597 -NAN 0 0
 246.782564871 -NAN 0 0
 248.969482196543 -NAN 0 0
 251.155748990464 -NAN 0 0
 253.341371210001 -NAN 0 0
 255.526354812392 -NAN 0 0
 257.710705754875 -NAN 0 0
 259.894429994688 -NAN 0 0
 262.077533489069 -NAN 0 0
 264.260022195256 -NAN 0 0
 266.441902070487 -NAN 0 0
 268.623179072 -NAN 0 0
 270.803859157033 -NAN 0 0
 272.983948282824 -NAN 0 0
 275.163452406611 -NAN 0 0
 277.342377485632 -NAN 0 0
 279.520729477125 1.44125034505581 0 0
 281.698514338328 -1.35279993542853 0 0
 283.875738026479 1.20658126778266 0 0
 286.052406498816 1.33682598514065 0 0
 288.228525712577 -1.29272668507053 0 0
 290.404101625 1.96913008471113 0 0
 292.579140193323 1.21134158399028 0 0
 294.753647374784 -0.830576944310197 0 0
 296.927629126621 2.29005282444182 0 0
 299.101091406072 1.02432563995961 0 0
 301.274040170375 -0.134088582494077 0 0
 303.446481376768 2.35835985451917 0 0
 305.618420982489 0.893814489504232 0 0
 307.789864944776 0.382494900879535 0 0
 309.960819220867 2.89512413963943 0 0
 312.131289768 1.17330858335174 0 0
 314.301282543413 2.72911880134866 0 0
 316.470803504344 9.50525483283333 0 0
 318.639858608031 14.5735588463735 0 0
 320.808453811712 23.9164259219995 0 0
 322.976595072625 34.0949941952529 0 0
 325.144288348008 35.5416948734787 0 0
 327.311539595099 38.8284183728635 0 0
 329.478354771136 40.5932859777211 0 0
 331.644739833357 36.2278264449475 0 0
 333.810700739 36.6493738006243 0 0
 335.976243445303 34.5186913895989 0 0
 338.141373909504 28.4321107973662 0 0
 340.306098088841 28.6005842254416 0 0
 342.470421940552 25.9324288158473 0 0
 344.634351421875 21.3917428464596 0 0
 346.797892490048 21.8937165426067 0 0
 348.961051102309 19.1443367026049 0 0
 351.123833215896 15.9078597941209 0 0
 353.286244788047 17.0960272116859 0 0
 355.448291776 15.0475175173993 0 0
 357.609980136993 13.2512879105353 0 0
 359.771315828264 16.2192617048343 0 0
 361.932304807051 19.738860627955 0 0
 364.092953030592 25.679602983339 0 0
 366.253266456125 27.6799552927633 0 0
 368.413251040888 17.6983822569183 0 0
 370.572912742119 11.9004163768524 0 0
 372.732257517056 11.7259252844568 0 0
 374.891291322937 7.74805851509684 0 0
 377.050020117 7.34876969081365 0 0
 379.208449856483 8.36956430953028 0 0
 381.366586498624 4.34903305443101 0 0
 383.524436000661 5.18155763088698 0 0
 385.682004319832 6.07973770486579 0 0
 387.839297413375 2.6466345063063 0 0
 389.996321238528 4.39257146272329 0 0
 392.153081752529 4.72492278100902 0 0
 394.309584912616 1.76709156420154 0 0
 396.465836676027 4.31775253540739 0 0
 398.621843 5.45531452656719 0 0
 400.777609841773 9.84151713527376 0 0
 402.933143158584 24.9888684121794 0 0
 405.088448907671 28.2001193385085 0 0
 407.243533046272 18.9429739978007 0 0
 409.398401531625 11.9770077152604 0 0
 411.553060320968 7.58403312358264 0 0
 413.707515371539 6.75999397314225 0 0
 415.861772640576 11.1882892764758 0 0
 418.015838085317 12.9279931733675 0 0
 420.169717663 17.2136804234721 0 0
 422.323417330863 25.857633557127 0 0
 424.476943046144 33.2934546013834 0 0
 426.630300766081 46.0917584120711 0 0
 428.783496447912 65.6534284694229 0 0
 430.936536048875 93.8127724276136 0 0
 433.089425526208 153.77516975094 0 0
 435.242170837149 217.972847108512 0 0
 437.394777938936 256.747950293678 0 0
 439.547252788807 286.722129504403 0 0
 441.699601344 352.789252540266 0 0
 443.851829561753 440.740744741523 0 0
 446.003943399304 530.81481587503 0 0
 448.155948813891 587.15444179016 0 0
 450.307851762752 586.705625755527 0 0
 452.459658203125 536.241312491343 0 0
 454.611374092248 455.803183852775 0 0
 456.763005387359 374.659976032843 0 0
 458.914558045696 315.139095210553 0 0
 461.066038024497 271.145807803641 0 0
 463.217451281 236.91199634254 0 0
 465.368803772443 208.986171398325 0 0
 467.520101456064 177.465562411387 0 0
 469.671350289101 148.121894877069 0 0
 471.822556228792 127.057414076416 0 0
 473.973725232375 108.274983022202 0 0
 476.124863257088 96.8570534009593 0 0
 478.275976260169 92.5588312147218 0 0
 480.427070198856 86.7126690511939 0 0
 482.578151030387 84.9381469121398 0 0
 484.729224712 86.2162778460978 0 0
 486.880297200933 84.4112089056233 0 0
 489.031374454424 87.4353280132197 0 0
 491.182462429711 92.0462749914224 0 0
 493.333567084032 94.3049666903414 0 0
 495.484694374625 100.557584334439 0 0
 497.635850258728 106.755078379383 0 0
 499.787040693579 109.667912003102 0 0
 501.938271636416 116.198318326477 0 0
 504.089549044477 -NAN 0 0
 506.240878875 -NAN 0 0
 508.392267085223 -NAN 0 0
 510.543719632384 -NAN 0 0
 512.695242473721 -NAN 0 0
 514.846841566472 -NAN 0 0
 516.998522867875 -NAN 0 0
 519.150292335168 -NAN 0 0
 521.302155925589 -NAN 0 0
 523.454119596376 -NAN 0 0
 525.606189304767 -NAN 0 0
 527.758371008 -NAN 0 0
 529.910670663313 -NAN 0 0
 532.063094227944 -NAN 0 0
 534.215647659131 -NAN 0 0
 536.368336914112 -NAN 0 0
 538.521167950125 -NAN 0 0
 540.674146724408 -NAN 0 0
 542.827279194199 -NAN 0 0
 544.980571316736 -NAN 0 0
 547.134029049257 -NAN 0 0
 549.287658349 -NAN 0 0
 551.441465173203 -NAN 0 0
 553.595455479104 -NAN 0 0
 555.749635223941 -NAN 0 0
 557.904010364952 -NAN 0 0
 560.058586859375 -NAN 0 0
 562.213370664448 -NAN 0 0
 564.368367737409 -NAN 0 0
 566.523584035496 -NAN 0 0
 568.679025515947 -NAN 0 0
 570.834698136 -NAN 0 0
 572.990607852893 -NAN 0 0
 575.146760623864 -NAN 0 0
 577.303162406151 -NAN 0 0
 579.459819156992 -NAN 0 0
 581.616736833625 -NAN 0 0
 583.773921393288 -NAN 0 0
 585.931378793219 -NAN 0 0
 588.089114990656 -NAN 0 0
 590.247135942837 -NAN 0 0
 592.405447607 -NAN 0 0
 594.564055940383 -NAN 0 0
 596.722966900224 -NAN 0 0
 598.882186443761 -NAN 0 0
 601.041720528232 -NAN 0 0
 603.201575110875 -NAN 0 0
 605.361756148928 -NAN 0 0
 607.522269599629 -NAN 0 0
 609.683121420216 -NAN 0 0
 611.844317567927 -NAN 0 0
 614.005864 -NAN 0 0
 616.167766673673 -NAN 0 0
 618.330031546184 -NAN 0 0
 620.492664574771 -NAN 0 0
 622.655671716672 -NAN 0 0
 624.819058929125 -NAN 0 0
 626.982832169368 -NAN 0 0
 629.146997394639 -NAN 0 0
 631.311560562176 -NAN 0 0
 633.476527629217 -NAN 0 0
 635.641904553 -NAN 0 0
 637.807697290763 -NAN 0 0
 639.973911799744 -NAN 0 0
 642.140554037181 -NAN 0 0
 644.307629960312 -NAN 0 0
 646.475145526375 -NAN 0 0
 648.643106692608 -NAN 0 0
 650.811519416249 -NAN 0 0
 652.980389654536 -NAN 0 0
 655.149723364707 -NAN 0 0
 657.319526504 -NAN 0 0
 659.489805029653 -NAN 0 0
 661.660564898904 -NAN 0 0
 663.831812068991 -NAN 0 0
 666.003552497152 -NAN 0 0
 668.175792140625 -NAN 0 0
 670.348536956648 -NAN 0 0
 672.521792902459 -NAN 0 0
 674.695565935296 -NAN 0 0
 676.869862012397 -NAN 0 0
 679.044687091 -NAN 0 0
 681.220047128343 -NAN 0 0
 683.395948081664 -NAN 0 0
 685.572395908201 -NAN 0 0
 687.749396565192 -NAN 0 0
 689.926956009875 -NAN 0 0
 692.105080199488 -NAN 0 0
 694.283775091269 -NAN 0 0
 696.463046642456 -NAN 0 0
 698.642900810287 -NAN 0 0
 700.823343552 -NAN 0 0
 703.004380824833 -NAN 0 0
 705.186018586024 -NAN 0 0
 707.368262792811 -NAN 0 0
 709.551119402432 -NAN 0 0
 711.734594372125 -NAN 0 0
 713.918693659128 -NAN 0 0
 716.103423220679 -NAN 0 0
 718.288789014016 -NAN 0 0
 720.474796996377 -NAN 0 0
 722.661453125 -NAN 0 0
 724.848763357123 -NAN 0 0
 727.036733649984 -NAN 0 0
 729.225369960821 -NAN 0 0
 731.414678246872 -NAN 0 0
 733.604664465375 -NAN 0 0
 735.795334573568 -NAN 0 0
[END] of [DATA]
[END] of Spectrum


[Spectrum]
Version            = 1
IDData             = 12ad_2026-06-11_11-45-50_000_255
IDDevice           = SAM_82E6
IDDataType         = SPECTRUM
IDDataTypeSub1     = CALIBRATED
IDDataTypeSub2     = 
IDDataTypeSub3     = 
DateTime           = 2026-06-11 11:45:50
PositionLatitude   = 0
PositionLongitude  = 0
Comment            = 20260611_FrameE
CommentSub1        = con
CommentSub2        = centre
CommentSub3        = 28cm
IDMethodType       = SAM Control
MethodName         = SAM_82E6
Mission            = No Mission
MissionSub         = 1
RecordType         = 0
[Attributes]
CalFactor = 1
IDBasisSpec = 
IDDataBack = DLAB_2024-11-11_10-40-48_641_639
IDDataCal = DLAB_2024-11-12_11-45-27_171_455
IntegrationTime = 128
P31 = -1
P31e = 0
PathLength = +INF
PathLengthCustomOn = 0
RAWDynamic = 65535
Salinity = 0
Temperature = -NAN
Unit1 = $01 $01 Wavelength nm
Unit2 = $03 $06 Intensity mW/(m^2 nm)
Unit3 = $f0 $06 Error mW/(m^2 nm)
Unit4 = $f1 $00 Status 
p999 = 8721
[END] of [Attributes]
[DATA]
 0 6 0 0
 185.260577530984 -NAN 0 0
 187.468128380571 -NAN 0 0
 189.674861895872 -NAN 0 0
 191.880784034125 -NAN 0 0
 194.085900752568 -NAN 0 0
 196.290218008439 -NAN 0 0
 198.493741758976 -NAN 0 0
 200.696477961417 -NAN 0 0
 202.898432573 -NAN 0 0
 205.099611550963 -NAN 0 0
 207.300020852544 -NAN 0 0
 209.499666434981 -NAN 0 0
 211.698554255512 -NAN 0 0
 213.896690271375 -NAN 0 0
 216.094080439808 -NAN 0 0
 218.290730718049 -NAN 0 0
 220.486647063336 -NAN 0 0
 222.681835432907 -NAN 0 0
 224.876301784 -NAN 0 0
 227.070052073853 -NAN 0 0
 229.263092259704 -NAN 0 0
 231.455428298791 -NAN 0 0
 233.647066148352 -NAN 0 0
 235.838011765625 -NAN 0 0
 238.028271107848 -NAN 0 0
 240.217850132259 -NAN 0 0
 242.406754796096 -NAN 0 0
 244.594991056597 -NAN 0 0
 246.782564871 -NAN 0 0
 248.969482196543 -NAN 0 0
 251.155748990464 -NAN 0 0
 253.341371210001 -NAN 0 0
 255.526354812392 -NAN 0 0
 257.710705754875 -NAN 0 0
 259.894429994688 -NAN 0 0
 262.077533489069 -NAN 0 0
 264.260022195256 -NAN 0 0
 266.441902070487 -NAN 0 0
 268.623179072 -NAN 0 0
 270.803859157033 -NAN 0 0
 272.983948282824 -NAN 0 0
 275.163452406611 -NAN 0 0
 277.342377485632 -NAN 0 0
 279.520729477125 0.403898963390725 0 0
 281.698514338328 -0.770988758541435 0 0
 283.875738026479 2.36877429150704 0 0
 286.052406498816 0.179683243947925 0 0
 288.228525712577 -0.423077458893495 0 0
 290.404101625 2.48533958429974 0 0
 292.579140193323 -0.0896858992873095 0 0
 294.753647374784 0.049525443918016 0 0
 296.927629126621 2.44368011661981 0 0
 299.101091406072 -0.118537602262119 0 0
 301.274040170375 0.799994338502453 0 0
 303.446481376768 2.37255829809684 0 0
 305.618420982489 0.0173419975283751 0 0
 307.789864944776 1.22372081782109 0 0
 309.960819220867 2.42285737826466 0 0
 312.131289768 0.41826488631958 0 0
 314.301282543413 3.83261855703444 0 0
 316.470803504344 8.81740443472944 0 0
 318.639858608031 13.7335143429362 0 0
 320.808453811712 25.0358838522031 0 0
 322.976595072625 33.0754832192805 0 0
 325.144288348008 35.1966514016608 0 0
 327.311539595099 40.0349304913959 0 0
 329.478354771136 39.3542498773177 0 0
 331.644739833357 36.0072374423074 0 0
 333.810700739 37.7343721214647 0 0
 335.976243445303 33.5694499086012 0 0
 338.141373909504 28.8548368481097 0 0
 340.306098088841 29.3023010390333 0 0
 342.470421940552 24.8887979852619 0 0
 344.634351421875 21.9287157963622 0 0
 346.797892490048 22.453010508117 0 0
 348.961051102309 18.1601220483507 0 0
 351.123833215896 16.5873440422706 0 0
 353.286244788047 17.3261058318624 0 0
 355.448291776 14.0546743756652 0 0
 357.609980136993 14.0362018769347 0 0
 359.771315828264 16.2526053523162 0 0
 361.932304807051 18.6067723474861 0 0
 364.092953030592 26.4868507256185 0 0
 366.253266456125 27.1696175379604 0 0
 368.413251040888 16.7976430794649 0 0
 370.572912742119 12.9114908179932 0 0
 372.732257517056 10.9210434033111 0 0
 374.891291322937 6.84592089703677 0 0
 377.050020117 8.5088745347187 0 0
 379.208449856483 7.40534778801119 0 0
 381.366586498624 4.06214012673067 0 0
 383.524436000661 6.3000671995905 0 0
 385.682004319832 5.17654156945603 0 0
 387.839297413375 2.66505379537248 0 0
 389.996321238528 5.47274658868723 0 0
 392.153081752529 3.79382619501631 0 0
 394.309584912616 2.25118261716669 0 0
 396.465836676027 5.13266315074979 0 0
 398.621843 4.30228252672622 0 0
 400.777609841773 10.4436497891702 0 0
 402.933143158584 25.48438915616 0 0
 405.088448907671 26.9557000160122 0 0
 407.243533046272 19.6427083860204 0 0
 409.398401531625 12.2600280366191 0 0
 411.553060320968 6.62556202823846 0 0
 413.707515371539 7.42289984147054 0 0
 415.861772640576 10.9076220067632 0 0
 418.015838085317 12.0914740707182 0 0
 420.169717663 17.8730586153248 0 0
 422.323417330863 25.506970147744 0 0
 424.476943046144 32.7617575604906 0 0
 426.630300766081 46.6157143625412 0 0
 428.783496447912 65.1484903390218 0 0
 430.936536048875 93.3933468262662 0 0
 433.089425526208 154.587207146117 0 0
 435.242170837149 217.379030292568 0 0
 437.394777938936 256.42742973564 0 0
 439.547252788807 287.562481419104 0 0
 441.699601344 352.163748839029 0 0
 443.851829561753 441.218694366917 0 0
 446.003943399304 531.703744691962 0 0
 448.155948813891 586.676249327538 0 0
 450.307851762752 587.15563062255 0 0
 452.459658203125 537.08703333424 0 0
 454.611374092248 455.267796448386 0 0
 456.763005387359 375.252561623795 0 0
 458.914558045696 315.744900051107 0 0
 461.066038024497 270.315414433675 0 0
 463.217451281 237.654627155438 0 0
 465.368803772443 209.284890161392 0 0
 467.520101456064 176.631236938669 0 0
 469.671350289101 148.876396674778 0 0
 471.822556228792 126.894545661115 0 0
 473.973725232375 107.298313406566 0 0
 476.124863257088 97.728363381858 0 0
 478.275976260169 92.0532143065067 0 0
 480.427070198856 86.0254204372203 0 0
 482.578151030387 85.9772801318835 0 0
 484.729224712 85.5267190462942 0 0
 486.880297200933 83.9827834952283 0 0
 489.031374454424 88.3562075627211 0 0
 491.182462429711 91.618517124078 0 0
 493.333567084032 94.0990003575987 0 0
 495.484694374625 101.588044220935 0 0
 497.635850258728 106.038651655202 0 0
 499.787040693579 109.819028696687 0 0
 501.938271636416 117.258402107771 0 0
 504.089549044477 -NAN 0 0
 506.240878875 -NAN 0 0
 508.392267085223 -NAN 0 0
 510.543719632384 -NAN 0 0
 512.695242473721 -NAN 0 0
 514.846841566472 -NAN 0 0
 516.998522867875 -NAN 0 0
 519.150292335168 -NAN 0 0
 521.302155925589 -NAN 0 0
 523.454119596376 -NAN 0 0
 525.606189304767 -NAN 0 0
 527.758371008 -NAN 0 0
 529.910670663313 -NAN 0 0
 532.063094227944 -NAN 0 0
 534.215647659131 -NAN 0 0
 536.368336914112 -NAN 0 0
 538.521167950125 -NAN 0 0
 540.674146724408 -NAN 0 0
 542.827279194199 -NAN 0 0
 544.980571316736 -NAN 0 0
 547.134029049257 -NAN 0 0
 549.287658349 -NAN 0 0
 551.441465173203 -NAN 0 0
 553.595455479104 -NAN 0 0
 555.749635223941 -NAN 0 0
 557.904010364952 -NAN 0 0
 560.058586859375 -NAN 0 0
 562.213370664448 -NAN 0 0
 564.368367737409 -NAN 0 0
 566.523584035496 -NAN 0 0
 568.679025515947 -NAN 0 0
 570.834698136 -NAN 0 0
 572.990607852893 -NAN 0 0
 575.146760623864 -NAN 0 0
 577.303162406151 -NAN 0 0
 579.459819156992 -NAN 0 0
 581.616736833625 -NAN 0 0
 583.773921393288 -NAN 0 0
 585.931378793219 -NAN 0 0
 588.089114990656 -NAN 0 0
 590.247135942837 -NAN 0 0
 592.405447607 -NAN 0 0
 594.564055940383 -NAN 0 0
 596.722966900224 -NAN 0 0
 598.882186443761 -NAN 0 0
 601.041720528232 -NAN 0 0
 603.201575110875 -NAN 0 0
 605.361756148928 -NAN 0 0
 607.522269599629 -NAN 0 0
 609.683121420216 -NAN 0 0
 611.844317567927 -NAN 0 0
 614.005864 -NAN 0 0
 616.167766673673 -NAN 0 0
 618.330031546184 -NAN 0 0
 620.492664574771 -NAN 0 0
 622.655671716672 -NAN 0 0
 624.819058929125 -NAN 0 0
 626.982832169368 -NAN 0 0
 629.146997394639 -NAN 0 0
 631.311560562176 -NAN 0 0
 633.476527629217 -NAN 0 0
 635.641904553 -NAN 0 0
 637.807697290763 -NAN 0 0
 639.973911799744 -NAN 0 0
 642.140554037181 -NAN 0 0
 644.307629960312 -NAN 0 0
 646.475145526375 -NAN 0 0
 648.643106692608 -NAN 0 0
 650.811519416249 -NAN 0 0
 652.980389654536 -NAN 0 0
 655.149723364707 -NAN 0 0
 657.319526504 -NAN 0 0
 659.489805029653 -NAN 0 0
 661.660564898904 -NAN 0 0
 663.831812068991 -NAN 0 0
 666.003552497152 -NAN 0 0
 668.175792140625 -NAN 0 0
 670.348536956648 -NAN 0 0
 672.521792902459 -NAN 0 0
 674.695565935296 -NAN 0 0
 676.869862012397 -NAN 0 0
 679.044687091 -NAN 0 0
 681.220047128343 -NAN 0 0
 683.395948081664 -NAN 0 0
 685.572395908201 -NAN 0 0
 687.749396565192 -NAN 0 0
 689.926956009875 -NAN 0 0
 692.105080199488 -NAN 0 0
 694.283775091269 -NAN 0 0
 696.463046642456 -NAN 0 0
 698.642900810287 -NAN 0 0
 700.823343552 -NAN 0 0
 703.004380824833 -NAN 0 0
 705.186018586024 -NAN 0 0
 707.368262792811 -NAN 0 0
 709.551119402432 -NAN 0 0
 711.734594372125 -NAN 0 0
 713.918693659128 -NAN 0 0
 716.103423220679 -NAN 0 0
 718.288789014016 -NAN 0 0
 720.474796996377 -NAN 0 0
 722.661453125 -NAN 0 0
 724.848763357123 -NAN 0 0
 727.036733649984 -NAN 0 0
 729.225369960821 -NAN 0 0
 731.414678246872 -NAN 0 0
 733.604664465375 -NAN 0 0
 735.795334573568 -NAN 0 0
[END] of [DATA]
[END] of Spectrum


[Spectrum]
Version            = 1
IDData             = 12ad_2026-06-11_11-45-45_000_252
IDDevice           = SAM_82E6
IDDataType         = SPECTRUM
IDDataTypeSub1     = CALIBRATED
IDDataTypeSub2     = 
IDDataTypeSub3     = 
DateTime           = 2026-06-11 11:45:45
PositionLatitude   = 0
PositionLongitude  = 0
Comment            = 20260611_FrameE
CommentSub1        = con
CommentSub2        = centre
CommentSub3        = 28cm
IDMethodType       = SAM Control
MethodName         = SAM_82E6
Mission            = No Mission
MissionSub         = 1
RecordType         = 0
[Attributes]
CalFactor = 1
IDBasisSpec = 
IDDataBack = DLAB_2024-11-11_10-40-48_641_639
IDDataCal = DLAB_2024-11-12_11-45-27_171_455
IntegrationTime = 128
P31 = -1
P31e = 0
PathLength = +INF
PathLengthCustomOn = 0
RAWDynamic = 65535
Salinity = 0
Temperature = -NAN
Unit1 = $01 $01 Wavelength nm
Unit2 = $03 $06 Intensity mW/(m^2 nm)
Unit3 = $f0 $06 Error mW/(m^2 nm)
Unit4 = $f1 $00 Status 
p999 = 8720
[END] of [Attributes]
[DATA]
 0 6 0 0
 185.260577530984 -NAN 0 0
 187.468128380571 -NAN 0 0
 189.674861895872 -NAN 0 0
 191.880784034125 -NAN 0 0
 194.085900752568 -NAN 0 0
 196.290218008439 -NAN 0 0
 198.493741758976 -NAN 0 0
 200.696477961417 -NAN 0 0
 202.898432573 -NAN 0 0
 205.099611550963 -NAN 0 0
 207.300020852544 -NAN 0 0
 209.499666434981 -NAN 0 0
 211.698554255512 -NAN 0 0
 213.896690271375 -NAN 0 0
 216.094080439808 -NAN 0 0
 218.290730718049 -NAN 0 0
 220.486647063336 -NAN 0 0
 222.681835432907 -NAN 0 0
 224.876301784 -NAN 0 0
 227.070052073853 -NAN 0 0
 229.263092259704 -NAN 0 0
 231.455428298791 -NAN 0 0
 233.647066148352 -NAN 0 0
 235.838011765625 -NAN 0 0
 238.028271107848 -NAN 0 0
 240.217850132259 -NAN 0 0
 242.406754796096 -NAN 0 0
 244.594991056597 -NAN 0 0
 246.782564871 -NAN 0 0
 248.969482196543 -NAN 0 0
 251.155748990464 -NAN 0 0
 253.341371210001 -NAN 0 0
 255.526354812392 -NAN 0 0
 257.710705754875 -NAN 0 0
 259.894429994688 -NAN 0 0
 262.077533489069 -NAN 0 0
 264.260022195256 -NAN 0 0
 266.441902070487 -NAN 0 0
 268.623179072 -NAN 0 0
 270.803859157033 -NAN 0 0
 272.983948282824 -NAN 0 0
 275.163452406611 -NAN 0 0
 277.342377485632 -NAN 0 0
 279.520729477125 1.79118520489721 0 0
 281.698514338328 -1.07954479841863 0 0
 283.875738026479 0.510395167301341 0 0
 286.052406498816 1.71866857100475 0 0
 288.228525712577 -1.27696697915958 0 0
 290.404101625 1.17373122196474 0 0
 292.579140193323 1.63280119124922 0 0
 294.753647374784 -1.06189467931886 0 0
 296.927629126621 1.54984859849331 0 0
 299.101091406072 1.46645521541764 0 0
 301.274040170375 -0.518164913984576 0 0
 303.446481376768 2.01650502068767 0 0
 305.618420982489 1.40894372098452 0 0
 307.789864944776 -0.0867531010738877 0 0
 309.960819220867 2.55686442268222 0 0
 312.131289768 1.9148492634474 0 0
 314.301282543413 2.1558570736847 0 0
 316.470803504344 9.45271918963889 0 0
 318.639858608031 15.0971394174287 0 0
 320.808453811712 23.33207154464 0 0
 322.976595072625 34.1863986275815 0 0
 325.144288348008 35.8174409116261 0 0
 327.311539595099 37.8681930537398 0 0
 329.478354771136 40.9041605815438 0 0
 331.644739833357 36.1375181955445 0 0
 333.810700739 35.6531884391977 0 0
 335.976243445303 34.8225068100102 0 0
 338.141373909504 28.5992350499857 0 0
 340.306098088841 27.5894062251982 0 0
 342.470421940552 26.253243813957 0 0
 344.634351421875 21.1565813906474 0 0
 346.797892490048 21.0590035184866 0 0
 348.961051102309 19.3860533450715 0 0
 351.123833215896 15.577632688348 0 0
 353.286244788047 16.5780777112885 0 0
 355.448291776 15.3304186509594 0 0
 357.609980136993 12.8775703467243 0 0
 359.771315828264 15.8051551151397 0 0
 361.932304807051 20.1462367211208 0 0
 364.092953030592 25.102674876619 0 0
 366.253266456125 27.377489666919 0 0
 368.413251040888 18.2136099156231 0 0
 370.572912742119 11.1681724027094 0 0
 372.732257517056 11.6698314094337 0 0
 374.891291322937 8.22265550343544 0 0
 377.050020117 6.64387840040286 0 0
 379.208449856483 8.4605281323151 0 0
 381.366586498624 5.10230364785115 0 0
 383.524436000661 4.37856156186857 0 0
 385.682004319832 6.4282149539609 0 0
 387.839297413375 3.09578178584307 0 0
 389.996321238528 3.49781001247748 0 0
 392.153081752529 5.23973177266818 0 0
 394.309584912616 1.97845526338351 0 0
 396.465836676027 3.51089704970593 0 0
 398.621843 5.97145888552938 0 0
 400.777609841773 9.64514125894901 0 0
 402.933143158584 23.9762825440452 0 0
 405.088448907671 28.5232015515554 0 0
 407.243533046272 18.678049093602 0 0
 409.398401531625 11.4946127545641 0 0
 411.553060320968 7.97337753860737 0 0
 413.707515371539 6.40891902527559 0 0
 415.861772640576 10.6851294075001 0 0
 418.015838085317 13.3634549389064 0 0
 420.169717663 16.8664898977764 0 0
 422.323417330863 25.6864219186032 0 0
 424.476943046144 33.8304774890965 0 0
 426.630300766081 45.6351312328311 0 0
 428.783496447912 65.6020073910348 0 0
 430.936536048875 94.1481481049189 0 0
 433.089425526208 153.215730229437 0 0
 435.242170837149 217.780236270501 0 0
 437.394777938936 256.756742628188 0 0
 439.547252788807 286.134125806629 0 0
 441.699601344 352.931449833714 0 0
 443.851829561753 441.247153714138 0 0
 446.003943399304 530.34682351424 0 0
 448.155948813891 587.385202556527 0 0
 450.307851762752 586.975267950397 0 0
 452.459658203125 535.834662491308 0 0
 454.611374092248 456.104636441036 0 0
 456.763005387359 374.688287370796 0 0
 458.914558045696 314.575207673629 0 0
 461.066038024497 271.597174997376 0 0
 463.217451281 236.773856624896 0 0
 465.368803772443 208.351789855558 0 0
 467.520101456064 178.132808585332 0 0
 469.671350289101 147.744102728718 0 0
 471.822556228792 126.498851927296 0 0
 473.973725232375 108.941144372213 0 0
 476.124863257088 96.3710240723513 0 0
 478.275976260169 92.1910088045697 0 0
 480.427070198856 87.3063538344158 0 0
 482.578151030387 84.448158208093 0 0
 484.729224712 86.1481042856634 0 0
 486.880297200933 85.0476946980901 0 0
 489.031374454424 86.642006505812 0 0
 491.182462429711 92.4405270205936 0 0
 493.333567084032 94.7981725573957 0 0
 495.484694374625 99.8326098707923 0 0
 497.635850258728 107.102868994337 0 0
 499.787040693579 110.05168317458 0 0
 501.938271636416 115.474017428192 0 0
 504.089549044477 -NAN 0 0
 506.240878875 -NAN 0 0
 508.392267085223 -NAN 0 0
 510.543719632384 -NAN 0 0
 512.695242473721 -NAN 0 0
 514.846841566472 -NAN 0 0
 516.998522867875 -NAN 0 0
 519.150292335168 -NAN 0 0
 521.302155925589 -NAN 0 0
 523.454119596376 -NAN 0 0
 525.606189304767 -NAN 0 0
 527.758371008 -NAN 0 0
 529.910670663313 -NAN 0 0
 532.063094227944 -NAN 0 0
 534.215647659131 -NAN 0 0
 536.368336914112 -NAN 0 0
 538.521167950125 -NAN 0 0
 540.674146724408 -NAN 0 0
 542.827279194199 -NAN 0 0
 544.980571316736 -NAN 0 0
 547.134029049257 -NAN 0 0
 549.287658349 -NAN 0 0
 551.441465173203 -NAN 0 0
 553.595455479104 -NAN 0 0
 555.749635223941 -NAN 0 0
 557.904010364952 -NAN 0 0
 560.058586859375 -NAN 0 0
 562.213370664448 -NAN 0 0
 564.368367737409 -NAN 0 0
 566.523584035496 -NAN 0 0
 568.679025515947 -NAN 0 0
 570.834698136 -NAN 0 0
 572.990607852893 -NAN 0 0
 575.146760623864 -NAN 0 0
 577.303162406151 -NAN 0 0
 579.459819156992 -NAN 0 0
 581.616736833625 -NAN 0 0
 583.773921393288 -NAN 0 0
 585.931378793219 -NAN 0 0
 588.089114990656 -NAN 0 0
 590.247135942837 -NAN 0 0
 592.405447607 -NAN 0 0
 594.564055940383 -NAN 0 0
 596.722966900224 -NAN 0 0
 598.882186443761 -NAN 0 0
 601.041720528232 -NAN 0 0
 603.201575110875 -NAN 0 0
 605.361756148928 -NAN 0 0
 607.522269599629 -NAN 0 0
 609.683121420216 -NAN 0 0
 611.844317567927 -NAN 0 0
 614.005864 -NAN 0 0
 616.167766673673 -NAN 0 0
 618.330031546184 -NAN 0 0
 620.492664574771 -NAN 0 0
 622.655671716672 -NAN 0 0
 624.819058929125 -NAN 0 0
 626.982832169368 -NAN 0 0
 629.146997394639 -NAN 0 0
 631.311560562176 -NAN 0 0
 633.476527629217 -NAN 0 0
 635.641904553 -NAN 0 0
 637.807697290763 -NAN 0 0
 639.973911799744 -NAN 0 0
 642.140554037181 -NAN 0 0
 644.307629960312 -NAN 0 0
 646.475145526375 -NAN 0 0
 648.643106692608 -NAN 0 0
 650.811519416249 -NAN 0 0
 652.980389654536 -NAN 0 0
 655.149723364707 -NAN 0 0
 657.319526504 -NAN 0 0
 659.489805029653 -NAN 0 0
 661.660564898904 -NAN 0 0
 663.831812068991 -NAN 0 0
 666.003552497152 -NAN 0 0
 668.175792140625 -NAN 0 0
 670.348536956648 -NAN 0 0
 672.521792902459 -NAN 0 0
 674.695565935296 -NAN 0 0
 676.869862012397 -NAN 0 0
 679.044687091 -NAN 0 0
 681.220047128343 -NAN 0 0
 683.395948081664 -NAN 0 0
 685.572395908201 -NAN 0 0
 687.749396565192 -NAN 0 0
 689.926956009875 -NAN 0 0
 692.105080199488 -NAN 0 0
 694.283775091269 -NAN 0 0
 696.463046642456 -NAN 0 0
 698.642900810287 -NAN 0 0
 700.823343552 -NAN 0 0
 703.004380824833 -NAN 0 0
 705.186018586024 -NAN 0 0
 707.368262792811 -NAN 0 0
 709.551119402432 -NAN 0 0
 711.734594372125 -NAN 0 0
 713.918693659128 -NAN 0 0
 716.103423220679 -NAN 0 0
 718.288789014016 -NAN 0 0
 720.474796996377 -NAN 0 0
 722.661453125 -NAN 0 0
 724.848763357123 -NAN 0 0
 727.036733649984 -NAN 0 0
 729.225369960821 -NAN 0 0
 731.414678246872 -NAN 0 0
 733.604664465375 -NAN 0 0
 735.795334573568 -NAN 0 0
[END] of [DATA]
[END] of Spectrum


[Spectrum]
Version            = 1
IDData             = 12ad_2026-06-11_11-45-40_000_249
IDDevice           = SAM_82E6
IDDataType         = SPECTRUM
IDDataTypeSub1     = CALIBRATED
IDDataTypeSub2     = 
IDDataTypeSub3     = 
DateTime           = 2026-06-11 11:45:40
PositionLatitude   = 0
PositionLongitude  = 0
Comment            = 20260611_FrameE
CommentSub1        = con
CommentSub2        = centre
CommentSub3        = 28cm
IDMethodType       = SAM Control
MethodName         = SAM_82E6
Mission            = No Mission
MissionSub         = 1
RecordType         = 0
[Attributes]
CalFactor = 1
IDBasisSpec = 
IDDataBack = DLAB_2024-11-11_10-40-48_641_639
IDDataCal = DLAB_2024-11-12_11-45-27_171_455
IntegrationTime = 128
P31 = -1
P31e = 0
PathLength = +INF
PathLengthCustomOn = 0
RAWDynamic = 65535
Salinity = 0
Temperature = -NAN
Unit1 = $01 $01 Wavelength nm
Unit2 = $03 $06 Intensity mW/(m^2 nm)
Unit3 = $f0 $06 Error mW/(m^2 nm)
Unit4 = $f1 $00 Status 
p999 = 8719
[END] of [Attributes]
[DATA]
 0 6 0 0
 185.260577530984 -NAN 0 0
 187.468128380571 -NAN 0 0
 189.674861895872 -NAN 0 0
 191.880784034125 -NAN 0 0
 194.085900752568 -NAN 0 0
 196.290218008439 -NAN 0 0
 198.493741758976 -NAN 0 0
 200.696477961417 -NAN 0 0
 202.898432573 -NAN 0 0
 205.099611550963 -NAN 0 0
 207.300020852544 -NAN 0 0
 209.499666434981 -NAN 0 0
 211.698554255512 -NAN 0 0
 213.896690271375 -NAN 0 0
 216.094080439808 -NAN 0 0
 218.290730718049 -NAN 0 0
 220.486647063336 -NAN 0 0
 222.681835432907 -NAN 0 0
 224.876301784 -NAN 0 0
 227.070052073853 -NAN 0 0
 229.263092259704 -NAN 0 0
 231.455428298791 -NAN 0 0
 233.647066148352 -NAN 0 0
 235.838011765625 -NAN 0 0
 238.028271107848 -NAN 0 0
 240.217850132259 -NAN 0 0
 242.406754796096 -NAN 0 0
 244.594991056597 -NAN 0 0
 246.782564871 -NAN 0 0
 248.969482196543 -NAN 0 0
 251.155748990464 -NAN 0 0
 253.341371210001 -NAN 0 0
 255.526354812392 -NAN 0 0
 257.710705754875 -NAN 0 0
 259.894429994688 -NAN 0 0
 262.077533489069 -NAN 0 0
 264.260022195256 -NAN 0 0
 266.441902070487 -NAN 0 0
 268.623179072 -NAN 0 0
 270.803859157033 -NAN 0 0
 272.983948282824 -NAN 0 0
 275.163452406611 -NAN 0 0
 277.342377485632 -NAN 0 0
 279.520729477125 2.07760875565708 0 0
 281.698514338328 -0.920037015092285 0 0
 283.875738026479 0.403072360736271 0 0
 286.052406498816 2.05259934951708 0 0
 288.228525712577 -1.23112056196408 0 0
 290.404101625 1.11556677130686 0 0
 292.579140193323 1.72865153671279 0 0
 294.753647374784 -1.09200704718981 0 0
 296.927629126621 1.56762365709242 0 0
 299.101091406072 1.56894347280145 0 0
 301.274040170375 -0.418374688884326 0 0
 303.446481376768 1.99247688540239 0 0
 305.618420982489 1.48207271418005 0 0
 307.789864944776 -0.0333079983457077 0 0
 309.960819220867 2.57199425027775 0 0
 312.131289768 1.82933015618296 0 0
 314.301282543413 2.27678855375986 0 0
 316.470803504344 9.49181548224871 0 0
 318.639858608031 15.300396739853 0 0
 320.808453811712 23.135068246578 0 0
 322.976595072625 34.2567097293727 0 0
 325.144288348008 36.0975180393779 0 0
 327.311539595099 37.7567775968644 0 0
 329.478354771136 40.9517586070095 0 0
 331.644739833357 36.3181346943505 0 0
 333.810700739 35.4607603604675 0 0
 335.976243445303 35.1830150600675 0 0
 338.141373909504 28.5683381293334 0 0
 340.306098088841 27.4373902036851 0 0
 342.470421940552 26.3422863440446 0 0
 344.634351421875 21.174187061136 0 0
 346.797892490048 20.8149918963849 0 0
 348.961051102309 19.6728750069458 0 0
 351.123833215896 15.5127066811112 0 0
 353.286244788047 16.4755782312098 0 0
 355.448291776 15.4422883007323 0 0
 357.609980136993 12.757638062636 0 0
 359.771315828264 15.7040485711623 0 0
 361.932304807051 20.1418445260463 0 0
 364.092953030592 24.8949355974869 0 0
 366.253266456125 27.3307768289508 0 0
 368.413251040888 18.3178677477375 0 0
 370.572912742119 11.1857563060336 0 0
 372.732257517056 11.6411322175614 0 0
 374.891291322937 8.3624801118978 0 0
 377.050020117 6.61353083016991 0 0
 379.208449856483 8.60607024877081 0 0
 381.366586498624 5.17296693053596 0 0
 383.524436000661 4.42404098524661 0 0
 385.682004319832 6.72975445113707 0 0
 387.839297413375 3.24313609837248 0 0
 389.996321238528 3.56804246540101 0 0
 392.153081752529 5.4339993166905 0 0
 394.309584912616 2.0466371018293 0 0
 396.465836676027 3.52969235220148 0 0
 398.621843 6.06168463465387 0 0
 400.777609841773 9.59312115926034 0 0
 402.933143158584 23.8799664915068 0 0
 405.088448907671 28.3635031192508 0 0
 407.243533046272 18.5236085664907 0 0
 409.398401531625 11.3456546906912 0 0
 411.553060320968 7.96896570387621 0 0
 413.707515371539 6.38558473871043 0 0
 415.861772640576 10.7177888716121 0 0
 418.015838085317 13.4479915344738 0 0
 420.169717663 16.8116205503912 0 0
 422.323417330863 25.6003583142115 0 0
 424.476943046144 33.8109493840887 0 0
 426.630300766081 45.6316784753321 0 0
 428.783496447912 65.5834620840752 0 0
 430.936536048875 94.3080077643715 0 0
 433.089425526208 153.110481115406 0 0
 435.242170837149 217.633180692932 0 0
 437.394777938936 256.609670850933 0 0
 439.547252788807 286.145449124055 0 0
 441.699601344 352.957752223254 0 0
 443.851829561753 441.409539401225 0 0
 446.003943399304 530.312601038131 0 0
 448.155948813891 587.650182600035 0 0
 450.307851762752 586.971660696953 0 0
 452.459658203125 535.714242217949 0 0
 454.611374092248 456.272004439566 0 0
 456.763005387359 374.701954913256 0 0
 458.914558045696 314.481392755982 0 0
 461.066038024497 271.703139304709 0 0
 463.217451281 236.676224042501 0 0
 465.368803772443 208.309568122262 0 0
 467.520101456064 178.070689358865 0 0
 469.671350289101 147.700802769022 0 0
 471.822556228792 126.671558032112 0 0
 473.973725232375 108.936739999651 0 0
 476.124863257088 96.2270973918979 0 0
 478.275976260169 92.386588092143 0 0
 480.427070198856 87.6026392984627 0 0
 482.578151030387 84.2226964353882 0 0
 484.729224712 86.2643346182072 0 0
 486.880297200933 85.1237597840088 0 0
 489.031374454424 86.6576715285252 0 0
 491.182462429711 92.5566805929273 0 0
 493.333567084032 94.9339990038531 0 0
 495.484694374625 99.8879514329027 0 0
 497.635850258728 107.276215736176 0 0
 499.787040693579 110.04733449275 0 0
 501.938271636416 115.605317145266 0 0
 504.089549044477 -NAN 0 0
 506.240878875 -NAN 0 0
 508.392267085223 -NAN 0 0
 510.543719632384 -NAN 0 0
 512.695242473721 -NAN 0 0
 514.846841566472 -NAN 0 0
 516.998522867875 -NAN 0 0
 519.150292335168 -NAN 0 0
 521.302155925589 -NAN 0 0
 523.454119596376 -NAN 0 0
 525.606189304767 -NAN 0 0
 527.758371008 -NAN 0 0
 529.910670663313 -NAN 0 0
 532.063094227944 -NAN 0 0
 534.215647659131 -NAN 0 0
 536.368336914112 -NAN 0 0
 538.521167950125 -NAN 0 0
 540.674146724408 -NAN 0 0
 542.827279194199 -NAN 0 0
 544.980571316736 -NAN 0 0
 547.134029049257 -NAN 0 0
 549.287658349 -NAN 0 0
 551.441465173203 -NAN 0 0
 553.595455479104 -NAN 0 0
 555.749635223941 -NAN 0 0
 557.904010364952 -NAN 0 0
 560.058586859375 -NAN 0 0
 562.213370664448 -NAN 0 0
 564.368367737409 -NAN 0 0
 566.523584035496 -NAN 0 0
 568.679025515947 -NAN 0 0
 570.834698136 -NAN 0 0
 572.990607852893 -NAN 0 0
 575.146760623864 -NAN 0 0
 577.303162406151 -NAN 0 0
 579.459819156992 -NAN 0 0
 581.616736833625 -NAN 0 0
 583.773921393288 -NAN 0 0
 585.931378793219 -NAN 0 0
 588.089114990656 -NAN 0 0
 590.247135942837 -NAN 0 0
 592.405447607 -NAN 0 0
 594.564055940383 -NAN 0 0
 596.722966900224 -NAN 0 0
 598.882186443761 -NAN 0 0
 601.041720528232 -NAN 0 0
 603.201575110875 -NAN 0 0
 605.361756148928 -NAN 0 0
 607.522269599629 -NAN 0 0
 609.683121420216 -NAN 0 0
 611.844317567927 -NAN 0 0
 614.005864 -NAN 0 0
 616.167766673673 -NAN 0 0
 618.330031546184 -NAN 0 0
 620.492664574771 -NAN 0 0
 622.655671716672 -NAN 0 0
 624.819058929125 -NAN 0 0
 626.982832169368 -NAN 0 0
 629.146997394639 -NAN 0 0
 631.311560562176 -NAN 0 0
 633.476527629217 -NAN 0 0
 635.641904553 -NAN 0 0
 637.807697290763 -NAN 0 0
 639.973911799744 -NAN 0 0
 642.140554037181 -NAN 0 0
 644.307629960312 -NAN 0 0
 646.475145526375 -NAN 0 0
 648.643106692608 -NAN 0 0
 650.811519416249 -NAN 0 0
 652.980389654536 -NAN 0 0
 655.149723364707 -NAN 0 0
 657.319526504 -NAN 0 0
 659.489805029653 -NAN 0 0
 661.660564898904 -NAN 0 0
 663.831812068991 -NAN 0 0
 666.003552497152 -NAN 0 0
 668.175792140625 -NAN 0 0
 670.348536956648 -NAN 0 0
 672.521792902459 -NAN 0 0
 674.695565935296 -NAN 0 0
 676.869862012397 -NAN 0 0
 679.044687091 -NAN 0 0
 681.220047128343 -NAN 0 0
 683.395948081664 -NAN 0 0
 685.572395908201 -NAN 0 0
 687.749396565192 -NAN 0 0
 689.926956009875 -NAN 0 0
 692.105080199488 -NAN 0 0
 694.283775091269 -NAN 0 0
 696.463046642456 -NAN 0 0
 698.642900810287 -NAN 0 0
 700.823343552 -NAN 0 0
 703.004380824833 -NAN 0 0
 705.186018586024 -NAN 0 0
 707.368262792811 -NAN 0 0
 709.551119402432 -NAN 0 0
 711.734594372125 -NAN 0 0
 713.918693659128 -NAN 0 0
 716.103423220679 -NAN 0 0
 718.288789014016 -NAN 0 0
 720.474796996377 -NAN 0 0
 722.661453125 -NAN 0 0
 724.848763357123 -NAN 0 0
 727.036733649984 -NAN 0 0
 729.225369960821 -NAN 0 0
 731.414678246872 -NAN 0 0
 733.604664465375 -NAN 0 0
 735.795334573568 -NAN 0 0
[END] of [DATA]
[END] of Spectrum


[Spectrum]
Version            = 1
IDData             = 12ad_2026-06-11_11-45-35_000_246
IDDevice           = SAM_82E6
IDDataType         = SPECTRUM
IDDataTypeSub1     = CALIBRATED
IDDataTypeSub2     = 
IDDataTypeSub3     = 
DateTime           = 2026-06-11 11:45:35
PositionLatitude   = 0
PositionLongitude  = 0
Comment            = 20260611_FrameE
CommentSub1        = con
CommentSub2        = centre
CommentSub3        = 28cm
IDMethodType       = SAM Control
MethodName         = SAM_82E6
Mission            = No Mission
MissionSub         = 1
RecordType         = 0
[Attributes]
CalFactor = 1
IDBasisSpec = 
IDDataBack = DLAB_2024-11-11_10-40-48_641_639
IDDataCal = DLAB_2024-11-12_11-45-27_171_455
IntegrationTime = 128
P31 = -1
P31e = 0
PathLength = +INF
PathLengthCustomOn = 0
RAWDynamic = 65535
Salinity = 0
Temperature = -NAN
Unit1 = $01 $01 Wavelength nm
Unit2 = $03 $06 Intensity mW/(m^2 nm)
Unit3 = $f0 $06 Error mW/(m^2 nm)
Unit4 = $f1 $00 Status 
p999 = 8718
[END] of [Attributes]
[DATA]
 0 6 0 0
 185.260577530984 -NAN 0 0
 187.468128380571 -NAN 0 0
 189.674861895872 -NAN 0 0
 191.880784034125 -NAN 0 0
 194.085900752568 -NAN 0 0
 196.290218008439 -NAN 0 0
 198.493741758976 -NAN 0 0
 200.696477961417 -NAN 0 0
 202.898432573 -NAN 0 0
 205.099611550963 -NAN 0 0
 207.300020852544 -NAN 0 0
 209.499666434981 -NAN 0 0
 211.698554255512 -NAN 0 0
 213.896690271375 -NAN 0 0
 216.094080439808 -NAN 0 0
 218.290730718049 -NAN 0 0
 220.486647063336 -NAN 0 0
 222.681835432907 -NAN 0 0
 224.876301784 -NAN 0 0
 227.070052073853 -NAN 0 0
 229.263092259704 -NAN 0 0
 231.455428298791 -NAN 0 0
 233.647066148352 -NAN 0 0
 235.838011765625 -NAN 0 0
 238.028271107848 -NAN 0 0
 240.217850132259 -NAN 0 0
 242.406754796096 -NAN 0 0
 244.594991056597 -NAN 0 0
 246.782564871 -NAN 0 0
 248.969482196543 -NAN 0 0
 251.155748990464 -NAN 0 0
 253.341371210001 -NAN 0 0
 255.526354812392 -NAN 0 0
 257.710705754875 -NAN 0 0
 259.894429994688 -NAN 0 0
 262.077533489069 -NAN 0 0
 264.260022195256 -NAN 0 0
 266.441902070487 -NAN 0 0
 268.623179072 -NAN 0 0
 270.803859157033 -NAN 0 0
 272.983948282824 -NAN 0 0
 275.163452406611 -NAN 0 0
 277.342377485632 -NAN 0 0
 279.520729477125 0.926933273473958 0 0
 281.698514338328 -1.06908527164314 0 0
 283.875738026479 1.99596875291259 0 0
 286.052406498816 0.841737309172369 0 0
 288.228525712577 -0.878676229773721 0 0
 290.404101625 2.5464122574905 0 0
 292.579140193323 0.629191691689476 0 0
 294.753647374784 -0.410372538111033 0 0
 296.927629126621 2.61127352626853 0 0
 299.101091406072 0.61794778219359 0 0
 301.274040170375 0.305684618819816 0 0
 303.446481376768 2.51672710980853 0 0
 305.618420982489 0.565809446494861 0 0
 307.789864944776 0.729888068612707 0 0
 309.960819220867 2.6822258513309 0 0
 312.131289768 0.708579750454149 0 0
 314.301282543413 3.25354281590533 0 0
 316.470803504344 9.17660162308209 0 0
 318.639858608031 14.1348832327868 0 0
 320.808453811712 24.3011147945665 0 0
 322.976595072625 33.4129765078783 0 0
 325.144288348008 34.8155155164728 0 0
 327.311539595099 39.0145994652737 0 0
 329.478354771136 39.6844611789858 0 0
 331.644739833357 35.5098018390384 0 0
 333.810700739 36.6242101287903 0 0
 335.976243445303 33.9183288602696 0 0
 338.141373909504 28.3323980079882 0 0
 340.306098088841 28.5775103650333 0 0
 342.470421940552 25.4151964719562 0 0
 344.634351421875 21.2119134978974 0 0
 346.797892490048 22.0036425703852 0 0
 348.961051102309 18.6458684112023 0 0
 351.123833215896 15.9492781090822 0 0
 353.286244788047 17.2541381118072 0 0
 355.448291776 14.5451797631308 0 0
 357.609980136993 13.4258322168424 0 0
 359.771315828264 16.2009764787958 0 0
 361.932304807051 19.1470123416575 0 0
 364.092953030592 25.7416989635143 0 0
 366.253266456125 27.576019228284 0 0
 368.413251040888 17.0667737623648 0 0
 370.572912742119 12.0825353755672 0 0
 372.732257517056 11.4689370663276 0 0
 374.891291322937 7.09599183140215 0 0
 377.050020117 7.62327725792079 0 0
 379.208449856483 7.9175440824611 0 0
 381.366586498624 4.04518093888631 0 0
 383.524436000661 5.84811542977129 0 0
 385.682004319832 5.51790703795736 0 0
 387.839297413375 2.36751143353425 0 0
 389.996321238528 4.82379872367379 0 0
 392.153081752529 4.35165157142326 0 0
 394.309584912616 1.8666370483324 0 0
 396.465836676027 4.77823744654816 0 0
 398.621843 5.00285893169289 0 0
 400.777609841773 9.86622668262588 0 0
 402.933143158584 24.9217006386987 0 0
 405.088448907671 27.4716487973039 0 0
 407.243533046272 19.0296982937939 0 0
 409.398401531625 12.1637782107319 0 0
 411.553060320968 7.10865793130031 0 0
 413.707515371539 7.0474299576494 0 0
 415.861772640576 11.2444227304183 0 0
 418.015838085317 12.5751020360572 0 0
 420.169717663 17.401939046397 0 0
 422.323417330863 25.7267070100205 0 0
 424.476943046144 33.1185892974504 0 0
 426.630300766081 46.1547712364275 0 0
 428.783496447912 65.4114965104494 0 0
 430.936536048875 93.4724526371294 0 0
 433.089425526208 153.499093228751 0 0
 435.242170837149 216.937863559861 0 0
 437.394777938936 255.712852730936 0 0
 439.547252788807 286.504560048143 0 0
 441.699601344 352.361016760575 0 0
 443.851829561753 440.560781222329 0 0
 446.003943399304 530.86187177968 0 0
 448.155948813891 586.839448956983 0 0
 450.307851762752 586.641597006913 0 0
 452.459658203125 536.40897456425 0 0
 454.611374092248 455.34197090228 0 0
 456.763005387359 374.537944403734 0 0
 458.914558045696 315.301774269878 0 0
 461.066038024497 270.853387070904 0 0
 463.217451281 236.856948184381 0 0
 465.368803772443 208.968227161674 0 0
 467.520101456064 177.273849626256 0 0
 469.671350289101 148.376282140285 0 0
 471.822556228792 127.078182532058 0 0
 473.973725232375 107.859870908228 0 0
 476.124863257088 97.0375153156817 0 0
 478.275976260169 92.4799327521212 0 0
 480.427070198856 86.5333383755865 0 0
 482.578151030387 85.1602602426758 0 0
 484.729224712 86.036344350525 0 0
 486.880297200933 84.1505741259313 0 0
 489.031374454424 87.5572914043444 0 0
 491.182462429711 91.9669778410792 0 0
 493.333567084032 94.0255204767283 0 0
 495.484694374625 100.757920789278 0 0
 497.635850258728 106.400704976764 0 0
 499.787040693579 109.629861037092 0 0
 501.938271636416 116.509347984136 0 0
 504.089549044477 -NAN 0 0
 506.240878875 -NAN 0 0
 508.392267085223 -NAN 0 0
 510.543719632384 -NAN 0 0
 512.695242473721 -NAN 0 0
 514.846841566472 -NAN 0 0
 516.998522867875 -NAN 0 0
 519.150292335168 -NAN 0 0
 521.302155925589 -NAN 0 0
 523.454119596376 -NAN 0 0
 525.606189304767 -NAN 0 0
 527.758371008 -NAN 0 0
 529.910670663313 -NAN 0 0
 532.063094227944 -NAN 0 0
 534.215647659131 -NAN 0 0
 536.368336914112 -NAN 0 0
 538.521167950125 -NAN 0 0
 540.674146724408 -NAN 0 0
 542.827279194199 -NAN 0 0
 544.980571316736 -NAN 0 0
 547.134029049257 -NAN 0 0
 549.287658349 -NAN 0 0
 551.441465173203 -NAN 0 0
 553.595455479104 -NAN 0 0
 555.749635223941 -NAN 0 0
 557.904010364952 -NAN 0 0
 560.058586859375 -NAN 0 0
 562.213370664448 -NAN 0 0
 564.368367737409 -NAN 0 0
 566.523584035496 -NAN 0 0
 568.679025515947 -NAN 0 0
 570.834698136 -NAN 0 0
 572.990607852893 -NAN 0 0
 575.146760623864 -NAN 0 0
 577.303162406151 -NAN 0 0
 579.459819156992 -NAN 0 0
 581.616736833625 -NAN 0 0
 583.773921393288 -NAN 0 0
 585.931378793219 -NAN 0 0
 588.089114990656 -NAN 0 0
 590.247135942837 -NAN 0 0
 592.405447607 -NAN 0 0
 594.564055940383 -NAN 0 0
 596.722966900224 -NAN 0 0
 598.882186443761 -NAN 0 0
 601.041720528232 -NAN 0 0
 603.201575110875 -NAN 0 0
 605.361756148928 -NAN 0 0
 607.522269599629 -NAN 0 0
 609.683121420216 -NAN 0 0
 611.844317567927 -NAN 0 0
 614.005864 -NAN 0 0
 616.167766673673 -NAN 0 0
 618.330031546184 -NAN 0 0
 620.492664574771 -NAN 0 0
 622.655671716672 -NAN 0 0
 624.819058929125 -NAN 0 0
 626.982832169368 -NAN 0 0
 629.146997394639 -NAN 0 0
 631.311560562176 -NAN 0 0
 633.476527629217 -NAN 0 0
 635.641904553 -NAN 0 0
 637.807697290763 -NAN 0 0
 639.973911799744 -NAN 0 0
 642.140554037181 -NAN 0 0
 644.307629960312 -NAN 0 0
 646.475145526375 -NAN 0 0
 648.643106692608 -NAN 0 0
 650.811519416249 -NAN 0 0
 652.980389654536 -NAN 0 0
 655.149723364707 -NAN 0 0
 657.319526504 -NAN 0 0
 659.489805029653 -NAN 0 0
 661.660564898904 -NAN 0 0
 663.831812068991 -NAN 0 0
 666.003552497152 -NAN 0 0
 668.175792140625 -NAN 0 0
 670.348536956648 -NAN 0 0
 672.521792902459 -NAN 0 0
 674.695565935296 -NAN 0 0
 676.869862012397 -NAN 0 0
 679.044687091 -NAN 0 0
 681.220047128343 -NAN 0 0
 683.395948081664 -NAN 0 0
 685.572395908201 -NAN 0 0
 687.749396565192 -NAN 0 0
 689.926956009875 -NAN 0 0
 692.105080199488 -NAN 0 0
 694.283775091269 -NAN 0 0
 696.463046642456 -NAN 0 0
 698.642900810287 -NAN 0 0
 700.823343552 -NAN 0 0
 703.004380824833 -NAN 0 0
 705.186018586024 -NAN 0 0
 707.368262792811 -NAN 0 0
 709.551119402432 -NAN 0 0
 711.734594372125 -NAN 0 0
 713.918693659128 -NAN 0 0
 716.103423220679 -NAN 0 0
 718.288789014016 -NAN 0 0
 720.474796996377 -NAN 0 0
 722.661453125 -NAN 0 0
 724.848763357123 -NAN 0 0
 727.036733649984 -NAN 0 0
 729.225369960821 -NAN 0 0
 731.414678246872 -NAN 0 0
 733.604664465375 -NAN 0 0
 735.795334573568 -NAN 0 0
[END] of [DATA]
[END] of Spectrum


[Spectrum]
Version            = 1
IDData             = 12ad_2026-06-11_11-45-30_000_243
IDDevice           = SAM_82E6
IDDataType         = SPECTRUM
IDDataTypeSub1     = CALIBRATED
IDDataTypeSub2     = 
IDDataTypeSub3     = 
DateTime           = 2026-06-11 11:45:30
PositionLatitude   = 0
PositionLongitude  = 0
Comment            = 20260611_FrameE
CommentSub1        = con
CommentSub2        = centre
CommentSub3        = 28cm
IDMethodType       = SAM Control
MethodName         = SAM_82E6
Mission            = No Mission
MissionSub         = 1
RecordType         = 0
[Attributes]
CalFactor = 1
IDBasisSpec = 
IDDataBack = DLAB_2024-11-11_10-40-48_641_639
IDDataCal = DLAB_2024-11-12_11-45-27_171_455
IntegrationTime = 128
P31 = -1
P31e = 0
PathLength = +INF
PathLengthCustomOn = 0
RAWDynamic = 65535
Salinity = 0
Temperature = -NAN
Unit1 = $01 $01 Wavelength nm
Unit2 = $03 $06 Intensity mW/(m^2 nm)
Unit3 = $f0 $06 Error mW/(m^2 nm)
Unit4 = $f1 $00 Status 
p999 = 8717
[END] of [Attributes]
[DATA]
 0 6 0 0
 185.260577530984 -NAN 0 0
 187.468128380571 -NAN 0 0
 189.674861895872 -NAN 0 0
 191.880784034125 -NAN 0 0
 194.085900752568 -NAN 0 0
 196.290218008439 -NAN 0 0
 198.493741758976 -NAN 0 0
 200.696477961417 -NAN 0 0
 202.898432573 -NAN 0 0
 205.099611550963 -NAN 0 0
 207.300020852544 -NAN 0 0
 209.499666434981 -NAN 0 0
 211.698554255512 -NAN 0 0
 213.896690271375 -NAN 0 0
 216.094080439808 -NAN 0 0
 218.290730718049 -NAN 0 0
 220.486647063336 -NAN 0 0
 222.681835432907 -NAN 0 0
 224.876301784 -NAN 0 0
 227.070052073853 -NAN 0 0
 229.263092259704 -NAN 0 0
 231.455428298791 -NAN 0 0
 233.647066148352 -NAN 0 0
 235.838011765625 -NAN 0 0
 238.028271107848 -NAN 0 0
 240.217850132259 -NAN 0 0
 242.406754796096 -NAN 0 0
 244.594991056597 -NAN 0 0
 246.782564871 -NAN 0 0
 248.969482196543 -NAN 0 0
 251.155748990464 -NAN 0 0
 253.341371210001 -NAN 0 0
 255.526354812392 -NAN 0 0
 257.710705754875 -NAN 0 0
 259.894429994688 -NAN 0 0
 262.077533489069 -NAN 0 0
 264.260022195256 -NAN 0 0
 266.441902070487 -NAN 0 0
 268.623179072 -NAN 0 0
 270.803859157033 -NAN 0 0
 272.983948282824 -NAN 0 0
 275.163452406611 -NAN 0 0
 277.342377485632 -NAN 0 0
 279.520729477125 1.34287008196872 0 0
 281.698514338328 -1.40901989184683 0 0
 283.875738026479 1.32378906968925 0 0
 286.052406498816 1.27439544828835 0 0
 288.228525712577 -1.40591002752191 0 0
 290.404101625 1.69721127788558 0 0
 292.579140193323 1.20147463666315 0 0
 294.753647374784 -0.790883368480309 0 0
 296.927629126621 2.09833612098003 0 0
 299.101091406072 1.08033666434378 0 0
 301.274040170375 -0.100438390309108 0 0
 303.446481376768 2.40969268899228 0 0
 305.618420982489 0.963717203588195 0 0
 307.789864944776 0.3365321125333 0 0
 309.960819220867 2.8097486839218 0 0
 312.131289768 1.22619539968633 0 0
 314.301282543413 2.74190963097199 0 0
 316.470803504344 9.54068584801097 0 0
 318.639858608031 14.4950860826527 0 0
 320.808453811712 23.6914694532666 0 0
 322.976595072625 33.6801586946848 0 0
 325.144288348008 35.0638313204589 0 0
 327.311539595099 38.237623252853 0 0
 329.478354771136 40.2080394591082 0 0
 331.644739833357 35.258123111194 0 0
 333.810700739 35.6798323270219 0 0
 335.976243445303 34.3253543038827 0 0
 338.141373909504 28.068369776959 0 0
 340.306098088841 27.8337176883442 0 0
 342.470421940552 25.4754311246625 0 0
 344.634351421875 20.7491358736253 0 0
 346.797892490048 21.4286448866208 0 0
 348.961051102309 18.8656108134447 0 0
 351.123833215896 15.5574832378262 0 0
 353.286244788047 16.7743533114391 0 0
 355.448291776 14.7301949531397 0 0
 357.609980136993 12.973944503581 0 0
 359.771315828264 16.1730108389723 0 0
 361.932304807051 19.4347011190414 0 0
 364.092953030592 25.2652534428962 0 0
 366.253266456125 27.4825935523475 0 0
 368.413251040888 17.5589677139746 0 0
 370.572912742119 11.6881535438675 0 0
 372.732257517056 11.6933125664201 0 0
 374.891291322937 7.59344476535479 0 0
 377.050020117 7.06598551364298 0 0
 379.208449856483 8.35976820553807 0 0
 381.366586498624 4.41545654015474 0 0
 383.524436000661 4.9157872505216 0 0
 385.682004319832 6.0185763917593 0 0
 387.839297413375 2.56020553453425 0 0
 389.996321238528 4.23103682099917 0 0
 392.153081752529 4.71520940380791 0 0
 394.309584912616 1.56118241209523 0 0
 396.465836676027 4.11503177277691 0 0
 398.621843 5.44602658180437 0 0
 400.777609841773 9.34082367577027 0 0
 402.933143158584 24.4553281737758 0 0
 405.088448907671 27.5723816546037 0 0
 407.243533046272 18.5283605827095 0 0
 409.398401531625 11.7833622322256 0 0
 411.553060320968 7.57631241280311 0 0
 413.707515371539 6.61892760436199 0 0
 415.861772640576 11.0341774301972 0 0
 418.015838085317 12.9564996997798 0 0
 420.169717663 16.9856888248545 0 0
 422.323417330863 25.8677048299813 0 0
 424.476943046144 33.3831063561917 0 0
 426.630300766081 45.8371175465214 0 0
 428.783496447912 65.6020073910348 0 0
 430.936536048875 93.7773396164978 0 0
 433.089425526208 153.142865458185 0 0
 435.242170837149 217.075328556284 0 0
 437.394777938936 255.965432522308 0 0
 439.547252788807 286.163242908582 0 0
 441.699601344 352.709523421974 0 0
 443.851829561753 441.06635315532 0 0
 446.003943399304 530.716426256217 0 0
 448.155948813891 587.258854456311 0 0
 450.307851762752 586.715545702496 0 0
 452.459658203125 535.984724678109 0 0
 454.611374092248 455.796527171015 0 0
 456.763005387359 374.442271606513 0 0
 458.914558045696 314.9165342889 0 0
 461.066038024497 271.193695519454 0 0
 463.217451281 236.493422611634 0 0
 465.368803772443 208.750785235202 0 0
 467.520101456064 177.785797734035 0 0
 469.671350289101 147.861012619898 0 0
 471.822556228792 126.931710265949 0 0
 473.973725232375 108.445652458982 0 0
 476.124863257088 96.4905939299588 0 0
 478.275976260169 92.6510646287478 0 0
 480.427070198856 86.9855635575529 0 0
 482.578151030387 84.6892460442527 0 0
 484.729224712 86.228571438963 0 0
 486.880297200933 84.5845925573498 0 0
 489.031374454424 87.1253843495357 0 0
 491.182462429711 92.4807340264014 0 0
 493.333567084032 94.4174131747037 0 0
 495.484694374625 100.231069117987 0 0
 497.635850258728 106.786895186429 0 0
 499.787040693579 109.699439946368 0 0
 501.938271636416 115.919575484492 0 0
 504.089549044477 -NAN 0 0
 506.240878875 -NAN 0 0
 508.392267085223 -NAN 0 0
 510.543719632384 -NAN 0 0
 512.695242473721 -NAN 0 0
 514.846841566472 -NAN 0 0
 516.998522867875 -NAN 0 0
 519.150292335168 -NAN 0 0
 521.302155925589 -NAN 0 0
 523.454119596376 -NAN 0 0
 525.606189304767 -NAN 0 0
 527.758371008 -NAN 0 0
 529.910670663313 -NAN 0 0
 532.063094227944 -NAN 0 0
 534.215647659131 -NAN 0 0
 536.368336914112 -NAN 0 0
 538.521167950125 -NAN 0 0
 540.674146724408 -NAN 0 0
 542.827279194199 -NAN 0 0
 544.980571316736 -NAN 0 0
 547.134029049257 -NAN 0 0
 549.287658349 -NAN 0 0
 551.441465173203 -NAN 0 0
 553.595455479104 -NAN 0 0
 555.749635223941 -NAN 0 0
 557.904010364952 -NAN 0 0
 560.058586859375 -NAN 0 0
 562.213370664448 -NAN 0 0
 564.368367737409 -NAN 0 0
 566.523584035496 -NAN 0 0
 568.679025515947 -NAN 0 0
 570.834698136 -NAN 0 0
 572.990607852893 -NAN 0 0
 575.146760623864 -NAN 0 0
 577.303162406151 -NAN 0 0
 579.459819156992 -NAN 0 0
 581.616736833625 -NAN 0 0
 583.773921393288 -NAN 0 0
 585.931378793219 -NAN 0 0
 588.089114990656 -NAN 0 0
 590.247135942837 -NAN 0 0
 592.405447607 -NAN 0 0
 594.564055940383 -NAN 0 0
 596.722966900224 -NAN 0 0
 598.882186443761 -NAN 0 0
 601.041720528232 -NAN 0 0
 603.201575110875 -NAN 0 0
 605.361756148928 -NAN 0 0
 607.522269599629 -NAN 0 0
 609.683121420216 -NAN 0 0
 611.844317567927 -NAN 0 0
 614.005864 -NAN 0 0
 616.167766673673 -NAN 0 0
 618.330031546184 -NAN 0 0
 620.492664574771 -NAN 0 0
 622.655671716672 -NAN 0 0
 624.819058929125 -NAN 0 0
 626.982832169368 -NAN 0 0
 629.146997394639 -NAN 0 0
 631.311560562176 -NAN 0 0
 633.476527629217 -NAN 0 0
 635.641904553 -NAN 0 0
 637.807697290763 -NAN 0 0
 639.973911799744 -NAN 0 0
 642.140554037181 -NAN 0 0
 644.307629960312 -NAN 0 0
 646.475145526375 -NAN 0 0
 648.643106692608 -NAN 0 0
 650.811519416249 -NAN 0 0
 652.980389654536 -NAN 0 0
 655.149723364707 -NAN 0 0
 657.319526504 -NAN 0 0
 659.489805029653 -NAN 0 0
 661.660564898904 -NAN 0 0
 663.831812068991 -NAN 0 0
 666.003552497152 -NAN 0 0
 668.175792140625 -NAN 0 0
 670.348536956648 -NAN 0 0
 672.521792902459 -NAN 0 0
 674.695565935296 -NAN 0 0
 676.869862012397 -NAN 0 0
 679.044687091 -NAN 0 0
 681.220047128343 -NAN 0 0
 683.395948081664 -NAN 0 0
 685.572395908201 -NAN 0 0
 687.749396565192 -NAN 0 0
 689.926956009875 -NAN 0 0
 692.105080199488 -NAN 0 0
 694.283775091269 -NAN 0 0
 696.463046642456 -NAN 0 0
 698.642900810287 -NAN 0 0
 700.823343552 -NAN 0 0
 703.004380824833 -NAN 0 0
 705.186018586024 -NAN 0 0
 707.368262792811 -NAN 0 0
 709.551119402432 -NAN 0 0
 711.734594372125 -NAN 0 0
 713.918693659128 -NAN 0 0
 716.103423220679 -NAN 0 0
 718.288789014016 -NAN 0 0
 720.474796996377 -NAN 0 0
 722.661453125 -NAN 0 0
 724.848763357123 -NAN 0 0
 727.036733649984 -NAN 0 0
 729.225369960821 -NAN 0 0
 731.414678246872 -NAN 0 0
 733.604664465375 -NAN 0 0
 735.795334573568 -NAN 0 0
[END] of [DATA]
[END] of Spectrum


[Spectrum]
Version            = 1
IDData             = 12ad_2026-06-11_11-45-25_000_240
IDDevice           = SAM_82E6
IDDataType         = SPECTRUM
IDDataTypeSub1     = CALIBRATED
IDDataTypeSub2     = 
IDDataTypeSub3     = 
DateTime           = 2026-06-11 11:45:25
PositionLatitude   = 0
PositionLongitude  = 0
Comment            = 20260611_FrameE
CommentSub1        = con
CommentSub2        = centre
CommentSub3        = 28cm
IDMethodType       = SAM Control
MethodName         = SAM_82E6
Mission            = No Mission
MissionSub         = 1
RecordType         = 0
[Attributes]
CalFactor = 1
IDBasisSpec = 
IDDataBack = DLAB_2024-11-11_10-40-48_641_639
IDDataCal = DLAB_2024-11-12_11-45-27_171_455
IntegrationTime = 128
P31 = -1
P31e = 0
PathLength = +INF
PathLengthCustomOn = 0
RAWDynamic = 65535
Salinity = 0
Temperature = -NAN
Unit1 = $01 $01 Wavelength nm
Unit2 = $03 $06 Intensity mW/(m^2 nm)
Unit3 = $f0 $06 Error mW/(m^2 nm)
Unit4 = $f1 $00 Status 
p999 = 8716
[END] of [Attributes]
[DATA]
 0 6 0 0
 185.260577530984 -NAN 0 0
 187.468128380571 -NAN 0 0
 189.674861895872 -NAN 0 0
 191.880784034125 -NAN 0 0
 194.085900752568 -NAN 0 0
 196.290218008439 -NAN 0 0
 198.493741758976 -NAN 0 0
 200.696477961417 -NAN 0 0
 202.898432573 -NAN 0 0
 205.099611550963 -NAN 0 0
 207.300020852544 -NAN 0 0
 209.499666434981 -NAN 0 0
 211.698554255512 -NAN 0 0
 213.896690271375 -NAN 0 0
 216.094080439808 -NAN 0 0
 218.290730718049 -NAN 0 0
 220.486647063336 -NAN 0 0
 222.681835432907 -NAN 0 0
 224.876301784 -NAN 0 0
 227.070052073853 -NAN 0 0
 229.263092259704 -NAN 0 0
 231.455428298791 -NAN 0 0
 233.647066148352 -NAN 0 0
 235.838011765625 -NAN 0 0
 238.028271107848 -NAN 0 0
 240.217850132259 -NAN 0 0
 242.406754796096 -NAN 0 0
 244.594991056597 -NAN 0 0
 246.782564871 -NAN 0 0
 248.969482196543 -NAN 0 0
 251.155748990464 -NAN 0 0
 253.341371210001 -NAN 0 0
 255.526354812392 -NAN 0 0
 257.710705754875 -NAN 0 0
 259.894429994688 -NAN 0 0
 262.077533489069 -NAN 0 0
 264.260022195256 -NAN 0 0
 266.441902070487 -NAN 0 0
 268.623179072 -NAN 0 0
 270.803859157033 -NAN 0 0
 272.983948282824 -NAN 0 0
 275.163452406611 -NAN 0 0
 277.342377485632 -NAN 0 0
 279.520729477125 -1.08301286098876 0 0
 281.698514338328 0.562600905334597 0 0
 283.875738026479 1.80109313046548 0 0
 286.052406498816 -1.26638221430546 0 0
 288.228525712577 1.29616318593754 0 0
 290.404101625 1.56052481883958 0 0
 292.579140193323 -1.18914574431063 0 0
 294.753647374784 1.74129302066774 0 0
 296.927629126621 1.29337989584906 0 0
 299.101091406072 -0.533257527489607 0 0
 301.274040170375 2.12975710553602 0 0
 303.446481376768 1.24542031562365 0 0
 305.618420982489 -0.105256608711192 0 0
 307.789864944776 2.39096186140455 0 0
 309.960819220867 1.13249922476014 0 0
 312.131289768 0.897621987565034 0 0
 314.301282543413 4.91402506155264 0 0
 316.470803504344 7.38061568131883 0 0
 318.639858608031 14.6751875075857 0 0
 320.808453811712 25.9862916550157 0 0
 322.976595072625 30.9408381688997 0 0
 325.144288348008 35.9156122759927 0 0
 327.311539595099 40.1316860197351 0 0
 329.478354771136 36.9892229869918 0 0
 331.644739833357 36.9043980839174 0 0
 333.810700739 37.112681405567 0 0
 335.976243445303 31.2057950110477 0 0
 338.141373909504 29.9334202599734 0 0
 340.306098088841 28.1947557394378 0 0
 342.470421940552 22.9010544459538 0 0
 344.634351421875 22.9171484395085 0 0
 346.797892490048 21.1846332645191 0 0
 348.961051102309 16.9041207386914 0 0
 351.123833215896 17.7291462385024 0 0
 353.286244788047 16.0633994708936 0 0
 355.448291776 13.3124622762108 0 0
 357.609980136993 15.2055416467959 0 0
 359.771315828264 14.813450502936 0 0
 361.932304807051 18.481594787861 0 0
 364.092953030592 27.6181265826311 0 0
 366.253266456125 25.6911562162658 0 0
 368.413251040888 17.0304047511621 0 0
 370.572912742119 13.9665250174445 0 0
 372.732257517056 9.22257304795986 0 0
 374.891291322937 7.78167019982337 0 0
 377.050020117 9.34481215113542 0 0
 379.208449856483 5.38175259190582 0 0
 381.366586498624 5.32559962113516 0 0
 383.524436000661 6.90551202331058 0 0
 385.682004319832 3.35023631297394 0 0
 387.839297413375 4.00824502881365 0 0
 389.996321238528 5.41375132823147 0 0
 392.153081752529 2.16197882522878 0 0
 394.309584912616 3.61754665962044 0 0
 396.465836676027 4.52047329803787 0 0
 398.621843 3.0046239584357 0 0
 400.777609841773 11.5828899723521 0 0
 402.933143158584 24.0852717613913 0 0
 405.088448907671 25.4225950658885 0 0
 407.243533046272 20.8330884488322 0 0
 409.398401531625 10.9950303249594 0 0
 411.553060320968 6.02334658743533 0 0
 413.707515371539 8.81022924270799 0 0
 415.861772640576 10.0196928262178 0 0
 418.015838085317 12.1032698747509 0 0
 420.169717663 18.940172819643 0 0
 422.323417330863 24.5785819046255 0 0
 424.476943046144 33.0120723610445 0 0
 426.630300766081 47.5893919772533 0 0
 428.783496447912 64.1723328181464 0 0
 430.936536048875 93.8037082201189 0 0
 433.089425526208 154.436619952196 0 0
 435.242170837149 215.33144121794 0 0
 437.394777938936 256.192434613288 0 0
 439.547252788807 287.543070017802 0 0
 441.699601344 351.137955646986 0 0
 443.851829561753 441.906740937974 0 0
 446.003943399304 531.760211777542 0 0
 448.155948813891 585.675993534162 0 0
 450.307851762752 588.172876093495 0 0
 452.459658203125 536.81469825449 0 0
 454.611374092248 454.149473912754 0 0
 456.763005387359 376.33620249028 0 0
 458.914558045696 315.038294075634 0 0
 461.066038024497 269.46566219987 0 0
 463.217451281 238.901000547715 0 0
 465.368803772443 208.176569662381 0 0
 467.520101456064 176.258521579868 0 0
 469.671350289101 150.370245284303 0 0
 471.822556228792 125.805841354807 0 0
 473.973725232375 107.37098555384 0 0
 476.124863257088 98.8377059496603 0 0
 478.275976260169 90.8464012025033 0 0
 480.427070198856 86.4798733294427 0 0
 482.578151030387 86.8344813271179 0 0
 484.729224712 84.2526557857172 0 0
 486.880297200933 84.6002530162154 0 0
 489.031374454424 89.0544200036554 0 0
 491.182462429711 90.284984764785 0 0
 493.333567084032 95.0542388089137 0 0
 495.484694374625 101.900170631237 0 0
 497.635850258728 104.689180183928 0 0
 499.787040693579 110.830097222111 0 0
 501.938271636416 117.31006101285 0 0
 504.089549044477 -NAN 0 0
 506.240878875 -NAN 0 0
 508.392267085223 -NAN 0 0
 510.543719632384 -NAN 0 0
 512.695242473721 -NAN 0 0
 514.846841566472 -NAN 0 0
 516.998522867875 -NAN 0 0
 519.150292335168 -NAN 0 0
 521.302155925589 -NAN 0 0
 523.454119596376 -NAN 0 0
 525.606189304767 -NAN 0 0
 527.758371008 -NAN 0 0
 529.910670663313 -NAN 0 0
 532.063094227944 -NAN 0 0
 534.215647659131 -NAN 0 0
 536.368336914112 -NAN 0 0
 538.521167950125 -NAN 0 0
 540.674146724408 -NAN 0 0
 542.827279194199 -NAN 0 0
 544.980571316736 -NAN 0 0
 547.134029049257 -NAN 0 0
 549.287658349 -NAN 0 0
 551.441465173203 -NAN 0 0
 553.595455479104 -NAN 0 0
 555.749635223941 -NAN 0 0
 557.904010364952 -NAN 0 0
 560.058586859375 -NAN 0 0
 562.213370664448 -NAN 0 0
 564.368367737409 -NAN 0 0
 566.523584035496 -NAN 0 0
 568.679025515947 -NAN 0 0
 570.834698136 -NAN 0 0
 572.990607852893 -NAN 0 0
 575.146760623864 -NAN 0 0
 577.303162406151 -NAN 0 0
 579.459819156992 -NAN 0 0
 581.616736833625 -NAN 0 0
 583.773921393288 -NAN 0 0
 585.931378793219 -NAN 0 0
 588.089114990656 -NAN 0 0
 590.247135942837 -NAN 0 0
 592.405447607 -NAN 0 0
 594.564055940383 -NAN 0 0
 596.722966900224 -NAN 0 0
 598.882186443761 -NAN 0 0
 601.041720528232 -NAN 0 0
 603.201575110875 -NAN 0 0
 605.361756148928 -NAN 0 0
 607.522269599629 -NAN 0 0
 609.683121420216 -NAN 0 0
 611.844317567927 -NAN 0 0
 614.005864 -NAN 0 0
 616.167766673673 -NAN 0 0
 618.330031546184 -NAN 0 0
 620.492664574771 -NAN 0 0
 622.655671716672 -NAN 0 0
 624.819058929125 -NAN 0 0
 626.982832169368 -NAN 0 0
 629.146997394639 -NAN 0 0
 631.311560562176 -NAN 0 0
 633.476527629217 -NAN 0 0
 635.641904553 -NAN 0 0
 637.807697290763 -NAN 0 0
 639.973911799744 -NAN 0 0
 642.140554037181 -NAN 0 0
 644.307629960312 -NAN 0 0
 646.475145526375 -NAN 0 0
 648.643106692608 -NAN 0 0
 650.811519416249 -NAN 0 0
 652.980389654536 -NAN 0 0
 655.149723364707 -NAN 0 0
 657.319526504 -NAN 0 0
 659.489805029653 -NAN 0 0
 661.660564898904 -NAN 0 0
 663.831812068991 -NAN 0 0
 666.003552497152 -NAN 0 0
 668.175792140625 -NAN 0 0
 670.348536956648 -NAN 0 0
 672.521792902459 -NAN 0 0
 674.695565935296 -NAN 0 0
 676.869862012397 -NAN 0 0
 679.044687091 -NAN 0 0
 681.220047128343 -NAN 0 0
 683.395948081664 -NAN 0 0
 685.572395908201 -NAN 0 0
 687.749396565192 -NAN 0 0
 689.926956009875 -NAN 0 0
 692.105080199488 -NAN 0 0
 694.283775091269 -NAN 0 0
 696.463046642456 -NAN 0 0
 698.642900810287 -NAN 0 0
 700.823343552 -NAN 0 0
 703.004380824833 -NAN 0 0
 705.186018586024 -NAN 0 0
 707.368262792811 -NAN 0 0
 709.551119402432 -NAN 0 0
 711.734594372125 -NAN 0 0
 713.918693659128 -NAN 0 0
 716.103423220679 -NAN 0 0
 718.288789014016 -NAN 0 0
 720.474796996377 -NAN 0 0
 722.661453125 -NAN 0 0
 724.848763357123 -NAN 0 0
 727.036733649984 -NAN 0 0
 729.225369960821 -NAN 0 0
 731.414678246872 -NAN 0 0
 733.604664465375 -NAN 0 0
 735.795334573568 -NAN 0 0
[END] of [DATA]
[END] of Spectrum


