[Spectrum]
Version            = 1
IDData             = 12ad_2026-06-11_13-39-05_000_933
IDDevice           = SAM_82E6
IDDataType         = SPECTRUM
IDDataTypeSub1     = CALIBRATED
IDDataTypeSub2     = 
IDDataTypeSub3     = 
DateTime           = 2026-06-11 13:39:05
PositionLatitude   = 0
PositionLongitude  = 0
Comment            = 20260611_FrameF
CommentSub1        = con
CommentSub2        = left
CommentSub3        = 17cm
IDMethodType       = SAM Control
MethodName         = SAM_82E6
Mission            = No Mission
MissionSub         = 1
RecordType         = 0
[Attributes]
CalFactor = 1
IDBasisSpec = 
IDDataBack = DLAB_2024-11-11_10-40-48_641_639
IDDataCal = DLAB_2024-11-12_11-45-27_171_455
IntegrationTime = 128
P31 = -1
P31e = 0
PathLength = +INF
PathLengthCustomOn = 0
RAWDynamic = 65535
Salinity = 0
Temperature = -NAN
Unit1 = $01 $01 Wavelength nm
Unit2 = $03 $06 Intensity mW/(m^2 nm)
Unit3 = $f0 $06 Error mW/(m^2 nm)
Unit4 = $f1 $00 Status 
p999 = 8827
[END] of [Attributes]
[DATA]
 0 6 0 0
 185.260577530984 -NAN 0 0
 187.468128380571 -NAN 0 0
 189.674861895872 -NAN 0 0
 191.880784034125 -NAN 0 0
 194.085900752568 -NAN 0 0
 196.290218008439 -NAN 0 0
 198.493741758976 -NAN 0 0
 200.696477961417 -NAN 0 0
 202.898432573 -NAN 0 0
 205.099611550963 -NAN 0 0
 207.300020852544 -NAN 0 0
 209.499666434981 -NAN 0 0
 211.698554255512 -NAN 0 0
 213.896690271375 -NAN 0 0
 216.094080439808 -NAN 0 0
 218.290730718049 -NAN 0 0
 220.486647063336 -NAN 0 0
 222.681835432907 -NAN 0 0
 224.876301784 -NAN 0 0
 227.070052073853 -NAN 0 0
 229.263092259704 -NAN 0 0
 231.455428298791 -NAN 0 0
 233.647066148352 -NAN 0 0
 235.838011765625 -NAN 0 0
 238.028271107848 -NAN 0 0
 240.217850132259 -NAN 0 0
 242.406754796096 -NAN 0 0
 244.594991056597 -NAN 0 0
 246.782564871 -NAN 0 0
 248.969482196543 -NAN 0 0
 251.155748990464 -NAN 0 0
 253.341371210001 -NAN 0 0
 255.526354812392 -NAN 0 0
 257.710705754875 -NAN 0 0
 259.894429994688 -NAN 0 0
 262.077533489069 -NAN 0 0
 264.260022195256 -NAN 0 0
 266.441902070487 -NAN 0 0
 268.623179072 -NAN 0 0
 270.803859157033 -NAN 0 0
 272.983948282824 -NAN 0 0
 275.163452406611 -NAN 0 0
 277.342377485632 -NAN 0 0
 279.520729477125 0.935650511975346 0 0
 281.698514338328 0.70511195765076 0 0
 283.875738026479 -0.15472380496377 0 0
 286.052406498816 1.0348364115295 0 0
 288.228525712577 0.884978131715447 0 0
 290.404101625 -0.322549271209012 0 0
 292.579140193323 1.04501304333291 0 0
 294.753647374784 1.02817739972388 0 0
 296.927629126621 -0.0765692633249387 0 0
 299.101091406072 1.18401664565065 0 0
 301.274040170375 0.919510538331822 0 0
 303.446481376768 0.224224565999193 0 0
 305.618420982489 1.2121406951789 0 0
 307.789864944776 1.04521417470897 0 0
 309.960819220867 0.316569236572609 0 0
 312.131289768 1.44561942490432 0 0
 314.301282543413 2.38260359882562 0 0
 316.470803504344 3.55528780127747 0 0
 318.639858608031 7.68339290393804 0 0
 320.808453811712 11.5158669710168 0 0
 322.976595072625 13.5275906992909 0 0
 325.144288348008 16.4531392903135 0 0
 327.311539595099 17.2020917962037 0 0
 329.478354771136 15.6251467443817 0 0
 331.644739833357 16.2267698968421 0 0
 333.810700739 15.6658319230876 0 0
 335.976243445303 13.4144221382576 0 0
 338.141373909504 13.1240910196123 0 0
 340.306098088841 12.1937121892774 0 0
 342.470421940552 9.93881907335088 0 0
 344.634351421875 9.88014944269208 0 0
 346.797892490048 9.29208663288021 0 0
 348.961051102309 7.43322320204349 0 0
 351.123833215896 7.47419533685588 0 0
 353.286244788047 7.21246032410236 0 0
 355.448291776 5.85914686009481 0 0
 357.609980136993 6.37873970268842 0 0
 359.771315828264 7.05083424884278 0 0
 361.932304807051 8.44213489617596 0 0
 364.092953030592 12.4994489366669 0 0
 366.253266456125 12.7645461295063 0 0
 368.413251040888 7.75751919484856 0 0
 370.572912742119 5.80633788192656 0 0
 372.732257517056 5.02075045611161 0 0
 374.891291322937 3.33013867464172 0 0
 377.050020117 3.63533064230903 0 0
 379.208449856483 3.64504329842949 0 0
 381.366586498624 2.12172638420565 0 0
 383.524436000661 2.55796339476666 0 0
 385.682004319832 2.8652128764783 0 0
 387.839297413375 1.38278790268867 0 0
 389.996321238528 2.05242613131117 0 0
 392.153081752529 2.63793430808347 0 0
 394.309584912616 1.1643641123407 0 0
 396.465836676027 1.91195381597809 0 0
 398.621843 3.07760066728639 0 0
 400.777609841773 4.79556746547232 0 0
 402.933143158584 10.6960731420696 0 0
 405.088448907671 13.0631648549952 0 0
 407.243533046272 9.17995667625618 0 0
 409.398401531625 6.0874350359753 0 0
 411.553060320968 5.86562349579642 0 0
 413.707515371539 5.85207809587982 0 0
 415.861772640576 8.6245213436828 0 0
 418.015838085317 12.422739567302 0 0
 420.169717663 16.0973730111533 0 0
 422.323417330863 23.046832860506 0 0
 424.476943046144 32.4697236265111 0 0
 426.630300766081 43.9078892939667 0 0
 428.783496447912 61.1384891932495 0 0
 430.936536048875 86.9668237124976 0 0
 433.089425526208 128.818175988503 0 0
 435.242170837149 177.698800016923 0 0
 437.394777938936 222.382711210653 0 0
 439.547252788807 268.792465168427 0 0
 441.699601344 342.735164138775 0 0
 443.851829561753 433.801686257259 0 0
 446.003943399304 517.562162001817 0 0
 448.155948813891 567.498538032959 0 0
 450.307851762752 563.159278905898 0 0
 452.459658203125 506.169591304257 0 0
 454.611374092248 425.119684758633 0 0
 456.763005387359 348.519824824721 0 0
 458.914558045696 289.709264341841 0 0
 461.066038024497 250.044646218381 0 0
 463.217451281 220.748610733701 0 0
 465.368803772443 191.30582058078 0 0
 467.520101456064 162.764726161668 0 0
 469.671350289101 136.439565750988 0 0
 471.822556228792 113.195016473411 0 0
 473.973725232375 97.6604451476503 0 0
 476.124863257088 88.6355185621367 0 0
 478.275976260169 82.0464445076572 0 0
 480.427070198856 79.2030577782445 0 0
 482.578151030387 78.2167073317993 0 0
 484.729224712 76.689860974906 0 0
 486.880297200933 77.0306583631004 0 0
 489.031374454424 80.0123451075177 0 0
 491.182462429711 82.3653214819152 0 0
 493.333567084032 86.3980861760764 0 0
 495.484694374625 92.1191029438425 0 0
 497.635850258728 95.922004145753 0 0
 499.787040693579 100.870528661459 0 0
 501.938271636416 106.404650905383 0 0
 504.089549044477 -NAN 0 0
 506.240878875 -NAN 0 0
 508.392267085223 -NAN 0 0
 510.543719632384 -NAN 0 0
 512.695242473721 -NAN 0 0
 514.846841566472 -NAN 0 0
 516.998522867875 -NAN 0 0
 519.150292335168 -NAN 0 0
 521.302155925589 -NAN 0 0
 523.454119596376 -NAN 0 0
 525.606189304767 -NAN 0 0
 527.758371008 -NAN 0 0
 529.910670663313 -NAN 0 0
 532.063094227944 -NAN 0 0
 534.215647659131 -NAN 0 0
 536.368336914112 -NAN 0 0
 538.521167950125 -NAN 0 0
 540.674146724408 -NAN 0 0
 542.827279194199 -NAN 0 0
 544.980571316736 -NAN 0 0
 547.134029049257 -NAN 0 0
 549.287658349 -NAN 0 0
 551.441465173203 -NAN 0 0
 553.595455479104 -NAN 0 0
 555.749635223941 -NAN 0 0
 557.904010364952 -NAN 0 0
 560.058586859375 -NAN 0 0
 562.213370664448 -NAN 0 0
 564.368367737409 -NAN 0 0
 566.523584035496 -NAN 0 0
 568.679025515947 -NAN 0 0
 570.834698136 -NAN 0 0
 572.990607852893 -NAN 0 0
 575.146760623864 -NAN 0 0
 577.303162406151 -NAN 0 0
 579.459819156992 -NAN 0 0
 581.616736833625 -NAN 0 0
 583.773921393288 -NAN 0 0
 585.931378793219 -NAN 0 0
 588.089114990656 -NAN 0 0
 590.247135942837 -NAN 0 0
 592.405447607 -NAN 0 0
 594.564055940383 -NAN 0 0
 596.722966900224 -NAN 0 0
 598.882186443761 -NAN 0 0
 601.041720528232 -NAN 0 0
 603.201575110875 -NAN 0 0
 605.361756148928 -NAN 0 0
 607.522269599629 -NAN 0 0
 609.683121420216 -NAN 0 0
 611.844317567927 -NAN 0 0
 614.005864 -NAN 0 0
 616.167766673673 -NAN 0 0
 618.330031546184 -NAN 0 0
 620.492664574771 -NAN 0 0
 622.655671716672 -NAN 0 0
 624.819058929125 -NAN 0 0
 626.982832169368 -NAN 0 0
 629.146997394639 -NAN 0 0
 631.311560562176 -NAN 0 0
 633.476527629217 -NAN 0 0
 635.641904553 -NAN 0 0
 637.807697290763 -NAN 0 0
 639.973911799744 -NAN 0 0
 642.140554037181 -NAN 0 0
 644.307629960312 -NAN 0 0
 646.475145526375 -NAN 0 0
 648.643106692608 -NAN 0 0
 650.811519416249 -NAN 0 0
 652.980389654536 -NAN 0 0
 655.149723364707 -NAN 0 0
 657.319526504 -NAN 0 0
 659.489805029653 -NAN 0 0
 661.660564898904 -NAN 0 0
 663.831812068991 -NAN 0 0
 666.003552497152 -NAN 0 0
 668.175792140625 -NAN 0 0
 670.348536956648 -NAN 0 0
 672.521792902459 -NAN 0 0
 674.695565935296 -NAN 0 0
 676.869862012397 -NAN 0 0
 679.044687091 -NAN 0 0
 681.220047128343 -NAN 0 0
 683.395948081664 -NAN 0 0
 685.572395908201 -NAN 0 0
 687.749396565192 -NAN 0 0
 689.926956009875 -NAN 0 0
 692.105080199488 -NAN 0 0
 694.283775091269 -NAN 0 0
 696.463046642456 -NAN 0 0
 698.642900810287 -NAN 0 0
 700.823343552 -NAN 0 0
 703.004380824833 -NAN 0 0
 705.186018586024 -NAN 0 0
 707.368262792811 -NAN 0 0
 709.551119402432 -NAN 0 0
 711.734594372125 -NAN 0 0
 713.918693659128 -NAN 0 0
 716.103423220679 -NAN 0 0
 718.288789014016 -NAN 0 0
 720.474796996377 -NAN 0 0
 722.661453125 -NAN 0 0
 724.848763357123 -NAN 0 0
 727.036733649984 -NAN 0 0
 729.225369960821 -NAN 0 0
 731.414678246872 -NAN 0 0
 733.604664465375 -NAN 0 0
 735.795334573568 -NAN 0 0
[END] of [DATA]
[END] of Spectrum


[Spectrum]
Version            = 1
IDData             = 12ad_2026-06-11_13-39-00_000_930
IDDevice           = SAM_82E6
IDDataType         = SPECTRUM
IDDataTypeSub1     = CALIBRATED
IDDataTypeSub2     = 
IDDataTypeSub3     = 
DateTime           = 2026-06-11 13:39:00
PositionLatitude   = 0
PositionLongitude  = 0
Comment            = 20260611_FrameF
CommentSub1        = con
CommentSub2        = left
CommentSub3        = 17cm
IDMethodType       = SAM Control
MethodName         = SAM_82E6
Mission            = No Mission
MissionSub         = 1
RecordType         = 0
[Attributes]
CalFactor = 1
IDBasisSpec = 
IDDataBack = DLAB_2024-11-11_10-40-48_641_639
IDDataCal = DLAB_2024-11-12_11-45-27_171_455
IntegrationTime = 128
P31 = -1
P31e = 0
PathLength = +INF
PathLengthCustomOn = 0
RAWDynamic = 65535
Salinity = 0
Temperature = -NAN
Unit1 = $01 $01 Wavelength nm
Unit2 = $03 $06 Intensity mW/(m^2 nm)
Unit3 = $f0 $06 Error mW/(m^2 nm)
Unit4 = $f1 $00 Status 
p999 = 8826
[END] of [Attributes]
[DATA]
 0 6 0 0
 185.260577530984 -NAN 0 0
 187.468128380571 -NAN 0 0
 189.674861895872 -NAN 0 0
 191.880784034125 -NAN 0 0
 194.085900752568 -NAN 0 0
 196.290218008439 -NAN 0 0
 198.493741758976 -NAN 0 0
 200.696477961417 -NAN 0 0
 202.898432573 -NAN 0 0
 205.099611550963 -NAN 0 0
 207.300020852544 -NAN 0 0
 209.499666434981 -NAN 0 0
 211.698554255512 -NAN 0 0
 213.896690271375 -NAN 0 0
 216.094080439808 -NAN 0 0
 218.290730718049 -NAN 0 0
 220.486647063336 -NAN 0 0
 222.681835432907 -NAN 0 0
 224.876301784 -NAN 0 0
 227.070052073853 -NAN 0 0
 229.263092259704 -NAN 0 0
 231.455428298791 -NAN 0 0
 233.647066148352 -NAN 0 0
 235.838011765625 -NAN 0 0
 238.028271107848 -NAN 0 0
 240.217850132259 -NAN 0 0
 242.406754796096 -NAN 0 0
 244.594991056597 -NAN 0 0
 246.782564871 -NAN 0 0
 248.969482196543 -NAN 0 0
 251.155748990464 -NAN 0 0
 253.341371210001 -NAN 0 0
 255.526354812392 -NAN 0 0
 257.710705754875 -NAN 0 0
 259.894429994688 -NAN 0 0
 262.077533489069 -NAN 0 0
 264.260022195256 -NAN 0 0
 266.441902070487 -NAN 0 0
 268.623179072 -NAN 0 0
 270.803859157033 -NAN 0 0
 272.983948282824 -NAN 0 0
 275.163452406611 -NAN 0 0
 277.342377485632 -NAN 0 0
 279.520729477125 0.0228311089015099 0 0
 281.698514338328 0.240970456988023 0 0
 283.875738026479 1.2757762351733 0 0
 286.052406498816 -0.0555201739607583 0 0
 288.228525712577 0.195849173245674 0 0
 290.404101625 1.35985746406992 0 0
 292.579140193323 0.189407753680147 0 0
 294.753647374784 0.246624579073323 0 0
 296.927629126621 1.36955871841666 0 0
 299.101091406072 0.310483010042178 0 0
 301.274040170375 0.507585771929627 0 0
 303.446481376768 1.40924851075056 0 0
 305.618420982489 0.50128386426351 0 0
 307.789864944776 0.569552760428165 0 0
 309.960819220867 1.66420459454592 0 0
 312.131289768 0.742337292795378 0 0
 314.301282543413 1.73957370957985 0 0
 316.470803504344 4.74894648502081 0 0
 318.639858608031 6.94883637796143 0 0
 320.808453811712 10.588087925414 0 0
 322.976595072625 14.8508456350013 0 0
 325.144288348008 15.34293665505 0 0
 327.311539595099 15.863640320845 0 0
 329.478354771136 17.1051478487051 0 0
 331.644739833357 15.3014804562377 0 0
 333.810700739 14.5275458265988 0 0
 335.976243445303 14.6514887543818 0 0
 338.141373909504 12.29689618942 0 0
 340.306098088841 11.1255281809666 0 0
 342.470421940552 11.3360011263428 0 0
 344.634351421875 9.11681787222159 0 0
 346.797892490048 8.31966407945519 0 0
 348.961051102309 8.64643257021344 0 0
 351.123833215896 7.0768033960105 0 0
 353.286244788047 6.33467222342885 0 0
 355.448291776 6.87135205659721 0 0
 357.609980136993 5.90222303823036 0 0
 359.771315828264 6.08817087799431 0 0
 361.932304807051 9.57422317664487 0 0
 364.092953030592 12.017358326942 0 0
 366.253266456125 11.6983256028813 0 0
 368.413251040888 8.78918681263165 0 0
 370.572912742119 5.38306820905145 0 0
 372.732257517056 3.80625283642495 0 0
 374.891291322937 4.54688166174211 0 0
 377.050020117 3.36909968526543 0 0
 379.208449856483 2.5688713027137 0 0
 381.366586498624 3.65511961846614 0 0
 383.524436000661 2.4627408520689 0 0
 385.682004319832 1.7202162008801 0 0
 387.839297413375 2.97109736754895 0 0
 389.996321238528 2.00888201049858 0 0
 392.153081752529 1.57085044127513 0 0
 394.309584912616 2.49663723557155 0 0
 396.465836676027 1.94283181293505 0 0
 398.621843 1.96172044649668 0 0
 400.777609841773 5.99593126578849 0 0
 402.933143158584 10.5655395445504 0 0
 405.088448907671 11.6320212116506 0 0
 407.243533046272 10.1054118348694 0 0
 409.398401531625 6.03128930420779 0 0
 411.553060320968 4.75935593695844 0 0
 413.707515371539 6.96469930528203 0 0
 415.861772640576 8.61125343638729 0 0
 418.015838085317 11.3129510045628 0 0
 420.169717663 16.987580871316 0 0
 422.323417330863 23.0843712411449 0 0
 424.476943046144 31.6912623496113 0 0
 426.630300766081 44.6424634518745 0 0
 428.783496447912 61.309611798377 0 0
 430.936536048875 85.9623447183081 0 0
 433.089425526208 129.17197493336 0 0
 435.242170837149 177.48700801662 0 0
 437.394777938936 221.034286818108 0 0
 439.547252788807 269.335175596496 0 0
 441.699601344 342.902019922417 0 0
 443.851829561753 432.841601808351 0 0
 446.003943399304 518.336445523784 0 0
 448.155948813891 567.597686194934 0 0
 450.307851762752 562.17359690258 0 0
 452.459658203125 506.924533787238 0 0
 454.611374092248 425.398314438004 0 0
 456.763005387359 347.610933251119 0 0
 458.914558045696 290.253191257989 0 0
 461.066038024497 250.343180276541 0 0
 463.217451281 219.538589898699 0 0
 465.368803772443 192.014090156814 0 0
 467.520101456064 163.252040783089 0 0
 469.671350289101 135.081029515515 0 0
 471.822556228792 113.889120122512 0 0
 473.973725232375 98.0425244674085 0 0
 476.124863257088 87.3656423892132 0 0
 478.275976260169 82.9321075314976 0 0
 480.427070198856 79.5895655076591 0 0
 482.578151030387 76.9766675819225 0 0
 484.729224712 77.3391861980597 0 0
 486.880297200933 77.7409720330764 0 0
 489.031374454424 78.6483692012695 0 0
 491.182462429711 82.8131828521635 0 0
 493.333567084032 87.0048518590213 0 0
 495.484694374625 90.8296445466698 0 0
 497.635850258728 96.5791857809509 0 0
 499.787040693579 101.482605629001 0 0
 501.938271636416 105.073357872428 0 0
 504.089549044477 -NAN 0 0
 506.240878875 -NAN 0 0
 508.392267085223 -NAN 0 0
 510.543719632384 -NAN 0 0
 512.695242473721 -NAN 0 0
 514.846841566472 -NAN 0 0
 516.998522867875 -NAN 0 0
 519.150292335168 -NAN 0 0
 521.302155925589 -NAN 0 0
 523.454119596376 -NAN 0 0
 525.606189304767 -NAN 0 0
 527.758371008 -NAN 0 0
 529.910670663313 -NAN 0 0
 532.063094227944 -NAN 0 0
 534.215647659131 -NAN 0 0
 536.368336914112 -NAN 0 0
 538.521167950125 -NAN 0 0
 540.674146724408 -NAN 0 0
 542.827279194199 -NAN 0 0
 544.980571316736 -NAN 0 0
 547.134029049257 -NAN 0 0
 549.287658349 -NAN 0 0
 551.441465173203 -NAN 0 0
 553.595455479104 -NAN 0 0
 555.749635223941 -NAN 0 0
 557.904010364952 -NAN 0 0
 560.058586859375 -NAN 0 0
 562.213370664448 -NAN 0 0
 564.368367737409 -NAN 0 0
 566.523584035496 -NAN 0 0
 568.679025515947 -NAN 0 0
 570.834698136 -NAN 0 0
 572.990607852893 -NAN 0 0
 575.146760623864 -NAN 0 0
 577.303162406151 -NAN 0 0
 579.459819156992 -NAN 0 0
 581.616736833625 -NAN 0 0
 583.773921393288 -NAN 0 0
 585.931378793219 -NAN 0 0
 588.089114990656 -NAN 0 0
 590.247135942837 -NAN 0 0
 592.405447607 -NAN 0 0
 594.564055940383 -NAN 0 0
 596.722966900224 -NAN 0 0
 598.882186443761 -NAN 0 0
 601.041720528232 -NAN 0 0
 603.201575110875 -NAN 0 0
 605.361756148928 -NAN 0 0
 607.522269599629 -NAN 0 0
 609.683121420216 -NAN 0 0
 611.844317567927 -NAN 0 0
 614.005864 -NAN 0 0
 616.167766673673 -NAN 0 0
 618.330031546184 -NAN 0 0
 620.492664574771 -NAN 0 0
 622.655671716672 -NAN 0 0
 624.819058929125 -NAN 0 0
 626.982832169368 -NAN 0 0
 629.146997394639 -NAN 0 0
 631.311560562176 -NAN 0 0
 633.476527629217 -NAN 0 0
 635.641904553 -NAN 0 0
 637.807697290763 -NAN 0 0
 639.973911799744 -NAN 0 0
 642.140554037181 -NAN 0 0
 644.307629960312 -NAN 0 0
 646.475145526375 -NAN 0 0
 648.643106692608 -NAN 0 0
 650.811519416249 -NAN 0 0
 652.980389654536 -NAN 0 0
 655.149723364707 -NAN 0 0
 657.319526504 -NAN 0 0
 659.489805029653 -NAN 0 0
 661.660564898904 -NAN 0 0
 663.831812068991 -NAN 0 0
 666.003552497152 -NAN 0 0
 668.175792140625 -NAN 0 0
 670.348536956648 -NAN 0 0
 672.521792902459 -NAN 0 0
 674.695565935296 -NAN 0 0
 676.869862012397 -NAN 0 0
 679.044687091 -NAN 0 0
 681.220047128343 -NAN 0 0
 683.395948081664 -NAN 0 0
 685.572395908201 -NAN 0 0
 687.749396565192 -NAN 0 0
 689.926956009875 -NAN 0 0
 692.105080199488 -NAN 0 0
 694.283775091269 -NAN 0 0
 696.463046642456 -NAN 0 0
 698.642900810287 -NAN 0 0
 700.823343552 -NAN 0 0
 703.004380824833 -NAN 0 0
 705.186018586024 -NAN 0 0
 707.368262792811 -NAN 0 0
 709.551119402432 -NAN 0 0
 711.734594372125 -NAN 0 0
 713.918693659128 -NAN 0 0
 716.103423220679 -NAN 0 0
 718.288789014016 -NAN 0 0
 720.474796996377 -NAN 0 0
 722.661453125 -NAN 0 0
 724.848763357123 -NAN 0 0
 727.036733649984 -NAN 0 0
 729.225369960821 -NAN 0 0
 731.414678246872 -NAN 0 0
 733.604664465375 -NAN 0 0
 735.795334573568 -NAN 0 0
[END] of [DATA]
[END] of Spectrum


[Spectrum]
Version            = 1
IDData             = 12ad_2026-06-11_13-38-55_000_927
IDDevice           = SAM_82E6
IDDataType         = SPECTRUM
IDDataTypeSub1     = CALIBRATED
IDDataTypeSub2     = 
IDDataTypeSub3     = 
DateTime           = 2026-06-11 13:38:55
PositionLatitude   = 0
PositionLongitude  = 0
Comment            = 20260611_FrameF
CommentSub1        = con
CommentSub2        = left
CommentSub3        = 17cm
IDMethodType       = SAM Control
MethodName         = SAM_82E6
Mission            = No Mission
MissionSub         = 1
RecordType         = 0
[Attributes]
CalFactor = 1
IDBasisSpec = 
IDDataBack = DLAB_2024-11-11_10-40-48_641_639
IDDataCal = DLAB_2024-11-12_11-45-27_171_455
IntegrationTime = 128
P31 = -1
P31e = 0
PathLength = +INF
PathLengthCustomOn = 0
RAWDynamic = 65535
Salinity = 0
Temperature = -NAN
Unit1 = $01 $01 Wavelength nm
Unit2 = $03 $06 Intensity mW/(m^2 nm)
Unit3 = $f0 $06 Error mW/(m^2 nm)
Unit4 = $f1 $00 Status 
p999 = 8825
[END] of [Attributes]
[DATA]
 0 6 0 0
 185.260577530984 -NAN 0 0
 187.468128380571 -NAN 0 0
 189.674861895872 -NAN 0 0
 191.880784034125 -NAN 0 0
 194.085900752568 -NAN 0 0
 196.290218008439 -NAN 0 0
 198.493741758976 -NAN 0 0
 200.696477961417 -NAN 0 0
 202.898432573 -NAN 0 0
 205.099611550963 -NAN 0 0
 207.300020852544 -NAN 0 0
 209.499666434981 -NAN 0 0
 211.698554255512 -NAN 0 0
 213.896690271375 -NAN 0 0
 216.094080439808 -NAN 0 0
 218.290730718049 -NAN 0 0
 220.486647063336 -NAN 0 0
 222.681835432907 -NAN 0 0
 224.876301784 -NAN 0 0
 227.070052073853 -NAN 0 0
 229.263092259704 -NAN 0 0
 231.455428298791 -NAN 0 0
 233.647066148352 -NAN 0 0
 235.838011765625 -NAN 0 0
 238.028271107848 -NAN 0 0
 240.217850132259 -NAN 0 0
 242.406754796096 -NAN 0 0
 244.594991056597 -NAN 0 0
 246.782564871 -NAN 0 0
 248.969482196543 -NAN 0 0
 251.155748990464 -NAN 0 0
 253.341371210001 -NAN 0 0
 255.526354812392 -NAN 0 0
 257.710705754875 -NAN 0 0
 259.894429994688 -NAN 0 0
 262.077533489069 -NAN 0 0
 264.260022195256 -NAN 0 0
 266.441902070487 -NAN 0 0
 268.623179072 -NAN 0 0
 270.803859157033 -NAN 0 0
 272.983948282824 -NAN 0 0
 275.163452406611 -NAN 0 0
 277.342377485632 -NAN 0 0
 279.520729477125 0.107512854343557 0 0
 281.698514338328 -0.0231325940933076 0 0
 283.875738026479 1.19387198805785 0 0
 286.052406498816 0.0170734735419218 0 0
 288.228525712577 0.0611753227339107 0 0
 290.404101625 1.45873703018831 0 0
 292.579140193323 0.183769498064643 0 0
 294.753647374784 0.167237427413547 0 0
 296.927629126621 1.41018742378605 0 0
 299.101091406072 0.284265083734694 0 0
 301.274040170375 0.544717018478557 0 0
 303.446481376768 1.36556099205005 0 0
 305.618420982489 0.49698215878142 0 0
 307.789864944776 0.546036915227766 0 0
 309.960819220867 1.54316597378168 0 0
 312.131289768 0.980890592006732 0 0
 314.301282543413 1.56747891101136 0 0
 316.470803504344 4.74405944844459 0 0
 318.639858608031 7.03631421292888 0 0
 320.808453811712 10.2233656033263 0 0
 322.976595072625 14.6427247736993 0 0
 325.144288348008 15.2851887936579 0 0
 327.311539595099 15.5411218930478 0 0
 329.478354771136 17.045650316873 0 0
 331.644739833357 15.2156135961496 0 0
 333.810700739 14.1486105330992 0 0
 335.976243445303 14.6195081838122 0 0
 338.141373909504 12.1648820739054 0 0
 340.306098088841 10.7780629889367 0 0
 342.470421940552 11.0714924340238 0 0
 344.634351421875 9.42868974944841 0 0
 346.797892490048 7.96693440790226 0 0
 348.961051102309 8.30872319413563 0 0
 351.123833215896 6.95142903720858 0 0
 353.286244788047 6.15366250328996 0 0
 355.448291776 6.80896321345466 0 0
 357.609980136993 5.87866491099872 0 0
 359.771315828264 5.73537357560515 0 0
 361.932304807051 9.53030122589923 0 0
 364.092953030592 11.9925199348718 0 0
 366.253266456125 11.3783426627989 0 0
 368.413251040888 8.82798042458119 0 0
 370.572912742119 5.24239698245794 0 0
 372.732257517056 3.84799711551193 0 0
 374.891291322937 4.54150379218586 0 0
 377.050020117 3.38841177541367 0 0
 379.208449856483 2.48770358392109 0 0
 381.366586498624 3.57315021055175 0 0
 383.524436000661 2.50822027544694 0 0
 385.682004319832 1.71452677640508 0 0
 387.839297413375 2.88891900094601 0 0
 389.996321238528 2.07911446342211 0 0
 392.153081752529 1.26557287209719 0 0
 394.309584912616 2.4666372266554 0 0
 396.465836676027 1.81663478189356 0 0
 398.621843 1.83699661682459 0 0
 400.777609841773 5.89709307638001 0 0
 402.933143158584 10.2639182221275 0 0
 405.088448907671 11.3617623262121 0 0
 407.243533046272 9.92958723477341 0 0
 409.398401531625 6.00608101647544 0 0
 411.553060320968 4.91377015254899 0 0
 413.707515371539 6.8459065736776 0 0
 415.861772640576 8.57042910624728 0 0
 418.015838085317 11.3267127759342 0 0
 420.169717663 16.9497399420849 0 0
 422.323417330863 23.1960708128021 0 0
 424.476943046144 31.4800037590729 0 0
 426.630300766081 44.6390106943756 0 0
 428.783496447912 61.3214133573513 0 0
 430.936536048875 85.8848869451712 0 0
 433.089425526208 128.950142185326 0 0
 435.242170837149 176.937148030928 0 0
 437.394777938936 220.570690998502 0 0
 439.547252788807 269.128120649274 0 0
 441.699601344 342.83955174726 0 0
 443.851829561753 432.898520502794 0 0
 446.003943399304 518.148221905184 0 0
 448.155948813891 567.467828425268 0 0
 450.307851762752 562.088826446668 0 0
 452.459658203125 506.787439937568 0 0
 454.611374092248 425.445862164859 0 0
 456.763005387359 347.308294810929 0 0
 458.914558045696 290.141411781643 0 0
 461.066038024497 250.339104726259 0 0
 463.217451281 219.590522123377 0 0
 465.368803772443 192.123866663382 0 0
 467.520101456064 163.228478317877 0 0
 469.671350289101 135.135154465135 0 0
 471.822556228792 113.904423195091 0 0
 473.973725232375 98.1372184774927 0 0
 476.124863257088 87.401070495171 0 0
 478.275976260169 82.7276382763074 0 0
 480.427070198856 79.6051594794511 0 0
 482.578151030387 76.972202992364 0 0
 484.729224712 77.1938982823799 0 0
 486.880297200933 77.6760929892046 0 0
 489.031374454424 78.7244564544482 0 0
 491.182462429711 82.6880943896503 0 0
 493.333567084032 86.9402786303776 0 0
 495.484694374625 90.7853712969815 0 0
 497.635850258728 96.4365587148812 0 0
 499.787040693579 101.458687878937 0 0
 501.938271636416 104.952820427245 0 0
 504.089549044477 -NAN 0 0
 506.240878875 -NAN 0 0
 508.392267085223 -NAN 0 0
 510.543719632384 -NAN 0 0
 512.695242473721 -NAN 0 0
 514.846841566472 -NAN 0 0
 516.998522867875 -NAN 0 0
 519.150292335168 -NAN 0 0
 521.302155925589 -NAN 0 0
 523.454119596376 -NAN 0 0
 525.606189304767 -NAN 0 0
 527.758371008 -NAN 0 0
 529.910670663313 -NAN 0 0
 532.063094227944 -NAN 0 0
 534.215647659131 -NAN 0 0
 536.368336914112 -NAN 0 0
 538.521167950125 -NAN 0 0
 540.674146724408 -NAN 0 0
 542.827279194199 -NAN 0 0
 544.980571316736 -NAN 0 0
 547.134029049257 -NAN 0 0
 549.287658349 -NAN 0 0
 551.441465173203 -NAN 0 0
 553.595455479104 -NAN 0 0
 555.749635223941 -NAN 0 0
 557.904010364952 -NAN 0 0
 560.058586859375 -NAN 0 0
 562.213370664448 -NAN 0 0
 564.368367737409 -NAN 0 0
 566.523584035496 -NAN 0 0
 568.679025515947 -NAN 0 0
 570.834698136 -NAN 0 0
 572.990607852893 -NAN 0 0
 575.146760623864 -NAN 0 0
 577.303162406151 -NAN 0 0
 579.459819156992 -NAN 0 0
 581.616736833625 -NAN 0 0
 583.773921393288 -NAN 0 0
 585.931378793219 -NAN 0 0
 588.089114990656 -NAN 0 0
 590.247135942837 -NAN 0 0
 592.405447607 -NAN 0 0
 594.564055940383 -NAN 0 0
 596.722966900224 -NAN 0 0
 598.882186443761 -NAN 0 0
 601.041720528232 -NAN 0 0
 603.201575110875 -NAN 0 0
 605.361756148928 -NAN 0 0
 607.522269599629 -NAN 0 0
 609.683121420216 -NAN 0 0
 611.844317567927 -NAN 0 0
 614.005864 -NAN 0 0
 616.167766673673 -NAN 0 0
 618.330031546184 -NAN 0 0
 620.492664574771 -NAN 0 0
 622.655671716672 -NAN 0 0
 624.819058929125 -NAN 0 0
 626.982832169368 -NAN 0 0
 629.146997394639 -NAN 0 0
 631.311560562176 -NAN 0 0
 633.476527629217 -NAN 0 0
 635.641904553 -NAN 0 0
 637.807697290763 -NAN 0 0
 639.973911799744 -NAN 0 0
 642.140554037181 -NAN 0 0
 644.307629960312 -NAN 0 0
 646.475145526375 -NAN 0 0
 648.643106692608 -NAN 0 0
 650.811519416249 -NAN 0 0
 652.980389654536 -NAN 0 0
 655.149723364707 -NAN 0 0
 657.319526504 -NAN 0 0
 659.489805029653 -NAN 0 0
 661.660564898904 -NAN 0 0
 663.831812068991 -NAN 0 0
 666.003552497152 -NAN 0 0
 668.175792140625 -NAN 0 0
 670.348536956648 -NAN 0 0
 672.521792902459 -NAN 0 0
 674.695565935296 -NAN 0 0
 676.869862012397 -NAN 0 0
 679.044687091 -NAN 0 0
 681.220047128343 -NAN 0 0
 683.395948081664 -NAN 0 0
 685.572395908201 -NAN 0 0
 687.749396565192 -NAN 0 0
 689.926956009875 -NAN 0 0
 692.105080199488 -NAN 0 0
 694.283775091269 -NAN 0 0
 696.463046642456 -NAN 0 0
 698.642900810287 -NAN 0 0
 700.823343552 -NAN 0 0
 703.004380824833 -NAN 0 0
 705.186018586024 -NAN 0 0
 707.368262792811 -NAN 0 0
 709.551119402432 -NAN 0 0
 711.734594372125 -NAN 0 0
 713.918693659128 -NAN 0 0
 716.103423220679 -NAN 0 0
 718.288789014016 -NAN 0 0
 720.474796996377 -NAN 0 0
 722.661453125 -NAN 0 0
 724.848763357123 -NAN 0 0
 727.036733649984 -NAN 0 0
 729.225369960821 -NAN 0 0
 731.414678246872 -NAN 0 0
 733.604664465375 -NAN 0 0
 735.795334573568 -NAN 0 0
[END] of [DATA]
[END] of Spectrum


[Spectrum]
Version            = 1
IDData             = 12ad_2026-06-11_13-38-50_000_924
IDDevice           = SAM_82E6
IDDataType         = SPECTRUM
IDDataTypeSub1     = CALIBRATED
IDDataTypeSub2     = 
IDDataTypeSub3     = 
DateTime           = 2026-06-11 13:38:50
PositionLatitude   = 0
PositionLongitude  = 0
Comment            = 20260611_FrameF
CommentSub1        = con
CommentSub2        = left
CommentSub3        = 17cm
IDMethodType       = SAM Control
MethodName         = SAM_82E6
Mission            = No Mission
MissionSub         = 1
RecordType         = 0
[Attributes]
CalFactor = 1
IDBasisSpec = 
IDDataBack = DLAB_2024-11-11_10-40-48_641_639
IDDataCal = DLAB_2024-11-12_11-45-27_171_455
IntegrationTime = 128
P31 = -1
P31e = 0
PathLength = +INF
PathLengthCustomOn = 0
RAWDynamic = 65535
Salinity = 0
Temperature = -NAN
Unit1 = $01 $01 Wavelength nm
Unit2 = $03 $06 Intensity mW/(m^2 nm)
Unit3 = $f0 $06 Error mW/(m^2 nm)
Unit4 = $f1 $00 Status 
p999 = 8824
[END] of [Attributes]
[DATA]
 0 6 0 0
 185.260577530984 -NAN 0 0
 187.468128380571 -NAN 0 0
 189.674861895872 -NAN 0 0
 191.880784034125 -NAN 0 0
 194.085900752568 -NAN 0 0
 196.290218008439 -NAN 0 0
 198.493741758976 -NAN 0 0
 200.696477961417 -NAN 0 0
 202.898432573 -NAN 0 0
 205.099611550963 -NAN 0 0
 207.300020852544 -NAN 0 0
 209.499666434981 -NAN 0 0
 211.698554255512 -NAN 0 0
 213.896690271375 -NAN 0 0
 216.094080439808 -NAN 0 0
 218.290730718049 -NAN 0 0
 220.486647063336 -NAN 0 0
 222.681835432907 -NAN 0 0
 224.876301784 -NAN 0 0
 227.070052073853 -NAN 0 0
 229.263092259704 -NAN 0 0
 231.455428298791 -NAN 0 0
 233.647066148352 -NAN 0 0
 235.838011765625 -NAN 0 0
 238.028271107848 -NAN 0 0
 240.217850132259 -NAN 0 0
 242.406754796096 -NAN 0 0
 244.594991056597 -NAN 0 0
 246.782564871 -NAN 0 0
 248.969482196543 -NAN 0 0
 251.155748990464 -NAN 0 0
 253.341371210001 -NAN 0 0
 255.526354812392 -NAN 0 0
 257.710705754875 -NAN 0 0
 259.894429994688 -NAN 0 0
 262.077533489069 -NAN 0 0
 264.260022195256 -NAN 0 0
 266.441902070487 -NAN 0 0
 268.623179072 -NAN 0 0
 270.803859157033 -NAN 0 0
 272.983948282824 -NAN 0 0
 275.163452406611 -NAN 0 0
 277.342377485632 -NAN 0 0
 279.520729477125 -0.273555000145656 0 0
 281.698514338328 0.447546110804116 0 0
 283.875738026479 1.04136063136011 0 0
 286.052406498816 -0.270397370568691 0 0
 288.228525712577 0.499581687165826 0 0
 290.404101625 1.11847499383976 0 0
 292.579140193323 -0.120696305172582 0 0
 294.753647374784 0.659985265301816 0 0
 296.927629126621 1.22735824962381 0 0
 299.101091406072 0.0697547775825435 0 0
 301.274040170375 0.795352932683836 0 0
 303.446481376768 1.16896715789775 0 0
 305.618420982489 0.342120761426178 0 0
 307.789864944776 0.815400232977795 0 0
 309.960819220867 1.2902817125421 0 0
 312.131289768 0.717581761745144 0 0
 314.301282543413 1.75585294728227 0 0
 316.470803504344 4.52414280251439 0 0
 318.639858608031 6.64266395557539 0 0
 320.808453811712 10.5108839302276 0 0
 322.976595072625 14.4149168038959 0 0
 325.144288348008 14.7134849658759 0 0
 327.311539595099 15.8577763494305 0 0
 329.478354771136 16.563720309033 0 0
 331.644739833357 14.5760535348038 0 0
 333.810700739 14.3617616356927 0 0
 335.976243445303 14.174687520435 0 0
 338.141373909504 11.7098546970254 0 0
 340.306098088841 11.1200990373412 0 0
 342.470421940552 10.8593617005799 0 0
 344.634351421875 8.77224974980163 0 0
 346.797892490048 8.18437050680476 0 0
 348.961051102309 8.3295408954007 0 0
 351.123833215896 6.70963563094773 0 0
 353.286244788047 6.34993810344056 0 0
 355.448291776 6.71215293961278 0 0
 357.609980136993 5.53171794631465 0 0
 359.771315828264 6.06450764429748 0 0
 361.932304807051 9.55006610373477 0 0
 364.092953030592 11.5454288776094 0 0
 366.253266456125 11.4624257711417 0 0
 368.413251040888 8.54430213720017 0 0
 370.572912742119 4.8806709712175 0 0
 372.732257517056 4.10628984236258 0 0
 374.891291322937 4.46890255317656 0 0
 377.050020117 2.89181517160175 0 0
 379.208449856483 2.63884347408664 0 0
 381.366586498624 3.49683386525215 0 0
 383.524436000661 2.15006981634492 0 0
 385.682004319832 1.79133400681788 0 0
 387.839297413375 2.96542989399012 0 0
 389.996321238528 1.67457553458256 0 0
 392.153081752529 1.6652089626574 0 0
 394.309584912616 2.73663730690075 0 0
 396.465836676027 1.62331167051085 0 0
 398.621843 2.14747934175299 0 0
 400.777609841773 5.89709307638001 0 0
 402.933143158584 9.76206089574305 0 0
 405.088448907671 11.6049953231067 0 0
 407.243533046272 9.99373945372734 0 0
 409.398401531625 5.71733153881399 0 0
 411.553060320968 4.95347666512942 0 0
 413.707515371539 6.92227332970902 0 0
 415.861772640576 8.27649392923916 0 0
 418.015838085317 11.5390372485221 0 0
 420.169717663 16.9497399420849 0 0
 422.323417330863 22.8335049900458 0 0
 424.476943046144 31.6877117850644 0 0
 426.630300766081 44.6079358768848 0 0
 428.783496447912 61.1089852958137 0 0
 430.936536048875 85.9738809823923 0 0
 433.089425526208 128.585818329065 0 0
 435.242170837149 176.131539214681 0 0
 437.394777938936 220.110292391444 0 0
 439.547252788807 269.026210792439 0 0
 441.699601344 342.602830241404 0 0
 443.851829561753 432.988920782203 0 0
 446.003943399304 518.271422819177 0 0
 448.155948813891 567.341480325052 0 0
 450.307851762752 562.316083413581 0 0
 452.459658203125 506.887481395435 0 0
 454.611374092248 425.171987258174 0 0
 456.763005387359 347.571883129804 0 0
 458.914558045696 290.392915603421 0 0
 461.066038024497 250.30242477372 0 0
 463.217451281 219.627913325146 0 0
 465.368803772443 192.237865343281 0 0
 467.520101456064 162.862189085952 0 0
 469.671350289101 135.349489265632 0 0
 471.822556228792 114.179878501506 0 0
 473.973725232375 97.8993823591418 0 0
 476.124863257088 87.6202819007846 0 0
 478.275976260169 82.9276625476892 0 0
 480.427070198856 79.3445173795 0 0
 482.578151030387 77.233381481537 0 0
 484.729224712 77.4755333189285 0 0
 486.880297200933 77.4948791080454 0 0
 489.031374454424 78.7244564544482 0 0
 491.182462429711 83.0499574419207 0 0
 493.333567084032 86.8601187603372 0 0
 495.484694374625 90.7853712969815 0 0
 497.635850258728 96.7525325227894 0 0
 499.787040693579 101.086875582491 0 0
 501.938271636416 105.165913410693 0 0
 504.089549044477 -NAN 0 0
 506.240878875 -NAN 0 0
 508.392267085223 -NAN 0 0
 510.543719632384 -NAN 0 0
 512.695242473721 -NAN 0 0
 514.846841566472 -NAN 0 0
 516.998522867875 -NAN 0 0
 519.150292335168 -NAN 0 0
 521.302155925589 -NAN 0 0
 523.454119596376 -NAN 0 0
 525.606189304767 -NAN 0 0
 527.758371008 -NAN 0 0
 529.910670663313 -NAN 0 0
 532.063094227944 -NAN 0 0
 534.215647659131 -NAN 0 0
 536.368336914112 -NAN 0 0
 538.521167950125 -NAN 0 0
 540.674146724408 -NAN 0 0
 542.827279194199 -NAN 0 0
 544.980571316736 -NAN 0 0
 547.134029049257 -NAN 0 0
 549.287658349 -NAN 0 0
 551.441465173203 -NAN 0 0
 553.595455479104 -NAN 0 0
 555.749635223941 -NAN 0 0
 557.904010364952 -NAN 0 0
 560.058586859375 -NAN 0 0
 562.213370664448 -NAN 0 0
 564.368367737409 -NAN 0 0
 566.523584035496 -NAN 0 0
 568.679025515947 -NAN 0 0
 570.834698136 -NAN 0 0
 572.990607852893 -NAN 0 0
 575.146760623864 -NAN 0 0
 577.303162406151 -NAN 0 0
 579.459819156992 -NAN 0 0
 581.616736833625 -NAN 0 0
 583.773921393288 -NAN 0 0
 585.931378793219 -NAN 0 0
 588.089114990656 -NAN 0 0
 590.247135942837 -NAN 0 0
 592.405447607 -NAN 0 0
 594.564055940383 -NAN 0 0
 596.722966900224 -NAN 0 0
 598.882186443761 -NAN 0 0
 601.041720528232 -NAN 0 0
 603.201575110875 -NAN 0 0
 605.361756148928 -NAN 0 0
 607.522269599629 -NAN 0 0
 609.683121420216 -NAN 0 0
 611.844317567927 -NAN 0 0
 614.005864 -NAN 0 0
 616.167766673673 -NAN 0 0
 618.330031546184 -NAN 0 0
 620.492664574771 -NAN 0 0
 622.655671716672 -NAN 0 0
 624.819058929125 -NAN 0 0
 626.982832169368 -NAN 0 0
 629.146997394639 -NAN 0 0
 631.311560562176 -NAN 0 0
 633.476527629217 -NAN 0 0
 635.641904553 -NAN 0 0
 637.807697290763 -NAN 0 0
 639.973911799744 -NAN 0 0
 642.140554037181 -NAN 0 0
 644.307629960312 -NAN 0 0
 646.475145526375 -NAN 0 0
 648.643106692608 -NAN 0 0
 650.811519416249 -NAN 0 0
 652.980389654536 -NAN 0 0
 655.149723364707 -NAN 0 0
 657.319526504 -NAN 0 0
 659.489805029653 -NAN 0 0
 661.660564898904 -NAN 0 0
 663.831812068991 -NAN 0 0
 666.003552497152 -NAN 0 0
 668.175792140625 -NAN 0 0
 670.348536956648 -NAN 0 0
 672.521792902459 -NAN 0 0
 674.695565935296 -NAN 0 0
 676.869862012397 -NAN 0 0
 679.044687091 -NAN 0 0
 681.220047128343 -NAN 0 0
 683.395948081664 -NAN 0 0
 685.572395908201 -NAN 0 0
 687.749396565192 -NAN 0 0
 689.926956009875 -NAN 0 0
 692.105080199488 -NAN 0 0
 694.283775091269 -NAN 0 0
 696.463046642456 -NAN 0 0
 698.642900810287 -NAN 0 0
 700.823343552 -NAN 0 0
 703.004380824833 -NAN 0 0
 705.186018586024 -NAN 0 0
 707.368262792811 -NAN 0 0
 709.551119402432 -NAN 0 0
 711.734594372125 -NAN 0 0
 713.918693659128 -NAN 0 0
 716.103423220679 -NAN 0 0
 718.288789014016 -NAN 0 0
 720.474796996377 -NAN 0 0
 722.661453125 -NAN 0 0
 724.848763357123 -NAN 0 0
 727.036733649984 -NAN 0 0
 729.225369960821 -NAN 0 0
 731.414678246872 -NAN 0 0
 733.604664465375 -NAN 0 0
 735.795334573568 -NAN 0 0
[END] of [DATA]
[END] of Spectrum


[Spectrum]
Version            = 1
IDData             = 12ad_2026-06-11_13-38-45_000_921
IDDevice           = SAM_82E6
IDDataType         = SPECTRUM
IDDataTypeSub1     = CALIBRATED
IDDataTypeSub2     = 
IDDataTypeSub3     = 
DateTime           = 2026-06-11 13:38:45
PositionLatitude   = 0
PositionLongitude  = 0
Comment            = 20260611_FrameF
CommentSub1        = con
CommentSub2        = left
CommentSub3        = 17cm
IDMethodType       = SAM Control
MethodName         = SAM_82E6
Mission            = No Mission
MissionSub         = 1
RecordType         = 0
[Attributes]
CalFactor = 1
IDBasisSpec = 
IDDataBack = DLAB_2024-11-11_10-40-48_641_639
IDDataCal = DLAB_2024-11-12_11-45-27_171_455
IntegrationTime = 128
P31 = -1
P31e = 0
PathLength = +INF
PathLengthCustomOn = 0
RAWDynamic = 65535
Salinity = 0
Temperature = -NAN
Unit1 = $01 $01 Wavelength nm
Unit2 = $03 $06 Intensity mW/(m^2 nm)
Unit3 = $f0 $06 Error mW/(m^2 nm)
Unit4 = $f1 $00 Status 
p999 = 8823
[END] of [Attributes]
[DATA]
 0 6 0 0
 185.260577530984 -NAN 0 0
 187.468128380571 -NAN 0 0
 189.674861895872 -NAN 0 0
 191.880784034125 -NAN 0 0
 194.085900752568 -NAN 0 0
 196.290218008439 -NAN 0 0
 198.493741758976 -NAN 0 0
 200.696477961417 -NAN 0 0
 202.898432573 -NAN 0 0
 205.099611550963 -NAN 0 0
 207.300020852544 -NAN 0 0
 209.499666434981 -NAN 0 0
 211.698554255512 -NAN 0 0
 213.896690271375 -NAN 0 0
 216.094080439808 -NAN 0 0
 218.290730718049 -NAN 0 0
 220.486647063336 -NAN 0 0
 222.681835432907 -NAN 0 0
 224.876301784 -NAN 0 0
 227.070052073853 -NAN 0 0
 229.263092259704 -NAN 0 0
 231.455428298791 -NAN 0 0
 233.647066148352 -NAN 0 0
 235.838011765625 -NAN 0 0
 238.028271107848 -NAN 0 0
 240.217850132259 -NAN 0 0
 242.406754796096 -NAN 0 0
 244.594991056597 -NAN 0 0
 246.782564871 -NAN 0 0
 248.969482196543 -NAN 0 0
 251.155748990464 -NAN 0 0
 253.341371210001 -NAN 0 0
 255.526354812392 -NAN 0 0
 257.710705754875 -NAN 0 0
 259.894429994688 -NAN 0 0
 262.077533489069 -NAN 0 0
 264.260022195256 -NAN 0 0
 266.441902070487 -NAN 0 0
 268.623179072 -NAN 0 0
 270.803859157033 -NAN 0 0
 272.983948282824 -NAN 0 0
 275.163452406611 -NAN 0 0
 277.342377485632 -NAN 0 0
 279.520729477125 1.07263568842572 0 0
 281.698514338328 -0.045359088491241 0 0
 283.875738026479 0.153123192814986 0 0
 286.052406498816 1.32521100154022 0 0
 288.228525712577 -0.117912244435988 0 0
 290.404101625 0.256187012836812 0 0
 292.579140193323 1.37767012464766 0 0
 294.753647374784 0.119331387618854 0 0
 296.927629126621 0.383042966166247 0 0
 299.101091406072 1.29365524657286 0 0
 301.274040170375 0.253468803360383 0 0
 303.446481376768 0.50164030974744 0 0
 305.618420982489 1.33043759593637 0 0
 307.789864944776 0.431664395389461 0 0
 309.960819220867 0.571614901754406 0 0
 312.131289768 1.69092423258392 0 0
 314.301282543413 1.69422440455166 0 0
 316.470803504344 3.38179800282143 0 0
 318.639858608031 7.84805706387675 0 0
 320.808453811712 10.1528171249663 0 0
 322.976595072625 13.1254111970452 0 0
 325.144288348008 15.936295930854 0 0
 327.311539595099 15.146769815423 0 0
 329.478354771136 15.1729655024578 0 0
 331.644739833357 15.8033574488215 0 0
 333.810700739 13.936939646496 0 0
 335.976243445303 12.7893473498517 0 0
 338.141373909504 12.6465931549852 0 0
 340.306098088841 10.5839711043262 0 0
 342.470421940552 9.5407465859005 0 0
 344.634351421875 9.70157764202188 0 0
 346.797892490048 8.09860404557099 0 0
 348.961051102309 6.93591144960014 0 0
 351.123833215896 7.49658361521336 0 0
 353.286244788047 6.2528907233661 0 0
 355.448291776 5.57086737798786 0 0
 357.609980136993 6.43870584473258 0 0
 359.771315828264 5.91069662526805 0 0
 361.932304807051 8.24668221535785 0 0
 364.092953030592 12.420417689171 0 0
 366.253266456125 11.4846143691766 0 0
 368.413251040888 7.47626550821439 0 0
 370.572912742119 5.71841836530561 0 0
 372.732257517056 3.96670740916551 0 0
 374.891291322937 2.99402182737643 0 0
 377.050020117 3.93604747461736 0 0
 379.208449856483 2.94252269784519 0 0
 381.366586498624 2.02279778844691 0 0
 383.524436000661 3.04686719608052 0 0
 385.682004319832 2.12558769472543 0 0
 387.839297413375 1.4876361635269 0 0
 389.996321238528 2.73789487184485 0 0
 392.153081752529 1.79148286627191 0 0
 394.309584912616 1.14254592403805 0 0
 396.465836676027 2.56710436010839 0 0
 398.621843 2.38763905633437 0 0
 400.777609841773 4.40021470783839 0 0
 402.933143158584 10.584549291762 0 0
 405.088448907671 11.7388963163467 0 0
 407.243533046272 8.47665827587235 0 0
 409.398401531625 6.33722625077766 0 0
 411.553060320968 5.35164474961646 0 0
 413.707515371539 5.77783263862705 0 0
 415.861772640576 8.86538489150889 0 0
 418.015838085317 11.8762006471222 0 0
 420.169717663 15.9119524579207 0 0
 422.323417330863 23.3947495591105 0 0
 424.476943046144 32.0880379377233 0 0
 426.630300766081 43.6920919502805 0 0
 428.783496447912 61.5195109544202 0 0
 430.936536048875 86.2120224338449 0 0
 433.089425526208 127.391645689099 0 0
 435.242170837149 175.974093840871 0 0
 437.394777938936 220.024766955758 0 0
 439.547252788807 267.96424537954 0 0
 441.699601344 342.958734449861 0 0
 443.851829561753 433.502026071811 0 0
 446.003943399304 517.425272097381 0 0
 448.155948813891 567.674021505482 0 0
 450.307851762752 562.771499160768 0 0
 452.459658203125 505.821298821312 0 0
 454.611374092248 425.566633391071 0 0
 456.763005387359 348.047318356812 0 0
 458.914558045696 289.172323642965 0 0
 461.066038024497 250.578543305328 0 0
 463.217451281 220.283298000584 0 0
 465.368803772443 191.041934747682 0 0
 467.520101456064 163.383776384044 0 0
 469.671350289101 135.935121220526 0 0
 471.822556228792 112.921747320221 0 0
 473.973725232375 98.2175982767502 0 0
 476.124863257088 88.1993100075318 0 0
 478.275976260169 81.7486305924888 0 0
 480.427070198856 79.5060263730594 0 0
 482.578151030387 77.8773985253524 0 0
 484.729224712 76.2092932538111 0 0
 486.880297200933 77.7376162204624 0 0
 489.031374454424 79.712471815578 0 0
 491.182462429711 81.7443466144388 0 0
 493.333567084032 86.9814718969262 0 0
 495.484694374625 91.6232425473332 0 0
 497.635850258728 95.627972963394 0 0
 499.787040693579 101.322791571756 0 0
 501.938271636416 105.806268588226 0 0
 504.089549044477 -NAN 0 0
 506.240878875 -NAN 0 0
 508.392267085223 -NAN 0 0
 510.543719632384 -NAN 0 0
 512.695242473721 -NAN 0 0
 514.846841566472 -NAN 0 0
 516.998522867875 -NAN 0 0
 519.150292335168 -NAN 0 0
 521.302155925589 -NAN 0 0
 523.454119596376 -NAN 0 0
 525.606189304767 -NAN 0 0
 527.758371008 -NAN 0 0
 529.910670663313 -NAN 0 0
 532.063094227944 -NAN 0 0
 534.215647659131 -NAN 0 0
 536.368336914112 -NAN 0 0
 538.521167950125 -NAN 0 0
 540.674146724408 -NAN 0 0
 542.827279194199 -NAN 0 0
 544.980571316736 -NAN 0 0
 547.134029049257 -NAN 0 0
 549.287658349 -NAN 0 0
 551.441465173203 -NAN 0 0
 553.595455479104 -NAN 0 0
 555.749635223941 -NAN 0 0
 557.904010364952 -NAN 0 0
 560.058586859375 -NAN 0 0
 562.213370664448 -NAN 0 0
 564.368367737409 -NAN 0 0
 566.523584035496 -NAN 0 0
 568.679025515947 -NAN 0 0
 570.834698136 -NAN 0 0
 572.990607852893 -NAN 0 0
 575.146760623864 -NAN 0 0
 577.303162406151 -NAN 0 0
 579.459819156992 -NAN 0 0
 581.616736833625 -NAN 0 0
 583.773921393288 -NAN 0 0
 585.931378793219 -NAN 0 0
 588.089114990656 -NAN 0 0
 590.247135942837 -NAN 0 0
 592.405447607 -NAN 0 0
 594.564055940383 -NAN 0 0
 596.722966900224 -NAN 0 0
 598.882186443761 -NAN 0 0
 601.041720528232 -NAN 0 0
 603.201575110875 -NAN 0 0
 605.361756148928 -NAN 0 0
 607.522269599629 -NAN 0 0
 609.683121420216 -NAN 0 0
 611.844317567927 -NAN 0 0
 614.005864 -NAN 0 0
 616.167766673673 -NAN 0 0
 618.330031546184 -NAN 0 0
 620.492664574771 -NAN 0 0
 622.655671716672 -NAN 0 0
 624.819058929125 -NAN 0 0
 626.982832169368 -NAN 0 0
 629.146997394639 -NAN 0 0
 631.311560562176 -NAN 0 0
 633.476527629217 -NAN 0 0
 635.641904553 -NAN 0 0
 637.807697290763 -NAN 0 0
 639.973911799744 -NAN 0 0
 642.140554037181 -NAN 0 0
 644.307629960312 -NAN 0 0
 646.475145526375 -NAN 0 0
 648.643106692608 -NAN 0 0
 650.811519416249 -NAN 0 0
 652.980389654536 -NAN 0 0
 655.149723364707 -NAN 0 0
 657.319526504 -NAN 0 0
 659.489805029653 -NAN 0 0
 661.660564898904 -NAN 0 0
 663.831812068991 -NAN 0 0
 666.003552497152 -NAN 0 0
 668.175792140625 -NAN 0 0
 670.348536956648 -NAN 0 0
 672.521792902459 -NAN 0 0
 674.695565935296 -NAN 0 0
 676.869862012397 -NAN 0 0
 679.044687091 -NAN 0 0
 681.220047128343 -NAN 0 0
 683.395948081664 -NAN 0 0
 685.572395908201 -NAN 0 0
 687.749396565192 -NAN 0 0
 689.926956009875 -NAN 0 0
 692.105080199488 -NAN 0 0
 694.283775091269 -NAN 0 0
 696.463046642456 -NAN 0 0
 698.642900810287 -NAN 0 0
 700.823343552 -NAN 0 0
 703.004380824833 -NAN 0 0
 705.186018586024 -NAN 0 0
 707.368262792811 -NAN 0 0
 709.551119402432 -NAN 0 0
 711.734594372125 -NAN 0 0
 713.918693659128 -NAN 0 0
 716.103423220679 -NAN 0 0
 718.288789014016 -NAN 0 0
 720.474796996377 -NAN 0 0
 722.661453125 -NAN 0 0
 724.848763357123 -NAN 0 0
 727.036733649984 -NAN 0 0
 729.225369960821 -NAN 0 0
 731.414678246872 -NAN 0 0
 733.604664465375 -NAN 0 0
 735.795334573568 -NAN 0 0
[END] of [DATA]
[END] of Spectrum


[Spectrum]
Version            = 1
IDData             = 12ad_2026-06-11_13-38-40_000_918
IDDevice           = SAM_82E6
IDDataType         = SPECTRUM
IDDataTypeSub1     = CALIBRATED
IDDataTypeSub2     = 
IDDataTypeSub3     = 
DateTime           = 2026-06-11 13:38:40
PositionLatitude   = 0
PositionLongitude  = 0
Comment            = 20260611_FrameF
CommentSub1        = con
CommentSub2        = left
CommentSub3        = 17cm
IDMethodType       = SAM Control
MethodName         = SAM_82E6
Mission            = No Mission
MissionSub         = 1
RecordType         = 0
[Attributes]
CalFactor = 1
IDBasisSpec = 
IDDataBack = DLAB_2024-11-11_10-40-48_641_639
IDDataCal = DLAB_2024-11-12_11-45-27_171_455
IntegrationTime = 128
P31 = -1
P31e = 0
PathLength = +INF
PathLengthCustomOn = 0
RAWDynamic = 65535
Salinity = 0
Temperature = -NAN
Unit1 = $01 $01 Wavelength nm
Unit2 = $03 $06 Intensity mW/(m^2 nm)
Unit3 = $f0 $06 Error mW/(m^2 nm)
Unit4 = $f1 $00 Status 
p999 = 8822
[END] of [Attributes]
[DATA]
 0 6 0 0
 185.260577530984 -NAN 0 0
 187.468128380571 -NAN 0 0
 189.674861895872 -NAN 0 0
 191.880784034125 -NAN 0 0
 194.085900752568 -NAN 0 0
 196.290218008439 -NAN 0 0
 198.493741758976 -NAN 0 0
 200.696477961417 -NAN 0 0
 202.898432573 -NAN 0 0
 205.099611550963 -NAN 0 0
 207.300020852544 -NAN 0 0
 209.499666434981 -NAN 0 0
 211.698554255512 -NAN 0 0
 213.896690271375 -NAN 0 0
 216.094080439808 -NAN 0 0
 218.290730718049 -NAN 0 0
 220.486647063336 -NAN 0 0
 222.681835432907 -NAN 0 0
 224.876301784 -NAN 0 0
 227.070052073853 -NAN 0 0
 229.263092259704 -NAN 0 0
 231.455428298791 -NAN 0 0
 233.647066148352 -NAN 0 0
 235.838011765625 -NAN 0 0
 238.028271107848 -NAN 0 0
 240.217850132259 -NAN 0 0
 242.406754796096 -NAN 0 0
 244.594991056597 -NAN 0 0
 246.782564871 -NAN 0 0
 248.969482196543 -NAN 0 0
 251.155748990464 -NAN 0 0
 253.341371210001 -NAN 0 0
 255.526354812392 -NAN 0 0
 257.710705754875 -NAN 0 0
 259.894429994688 -NAN 0 0
 262.077533489069 -NAN 0 0
 264.260022195256 -NAN 0 0
 266.441902070487 -NAN 0 0
 268.623179072 -NAN 0 0
 270.803859157033 -NAN 0 0
 272.983948282824 -NAN 0 0
 275.163452406611 -NAN 0 0
 277.342377485632 -NAN 0 0
 279.520729477125 0.136155209419544 0 0
 281.698514338328 0.0304724806311214 0 0
 283.875738026479 1.2263512584657 0 0
 286.052406498816 0.12886769069605 0 0
 288.228525712577 0.119916044765638 0 0
 290.404101625 1.33513757254033 0 0
 292.579140193323 0.393794519742177 0 0
 294.753647374784 0.100168971700977 0 0
 296.927629126621 1.32512107191889 0 0
 299.101091406072 0.569087101347823 0 0
 301.274040170375 0.216337556811453 0 0
 303.446481376768 1.2923843982267 0 0
 305.618420982489 0.521716965303439 0 0
 307.789864944776 0.358979055679136 0 0
 309.960819220867 1.58747475459716 0 0
 312.131289768 0.986516849063604 0 0
 314.301282543413 1.44771023362923 0 0
 316.470803504344 4.48626826904864 0 0
 318.639858608031 6.97327871420234 0 0
 320.808453811712 10.0143823749768 0 0
 322.976595072625 13.9410199778232 0 0
 325.144288348008 14.7207034485499 0 0
 327.311539595099 14.756815716359 0 0
 329.478354771136 16.0356797140232 0 0
 331.644739833357 14.7433458656651 0 0
 333.810700739 13.4366266417974 0 0
 335.976243445303 13.6848033258006 0 0
 338.141373909504 11.6663181270152 0 0
 340.306098088841 10.0030527364011 0 0
 342.470421940552 10.4416474785514 0 0
 344.634351421875 8.89171679954578 0 0
 346.797892490048 7.60333293140421 0 0
 348.961051102309 7.91896956489514 0 0
 351.123833215896 6.69508325001536 0 0
 353.286244788047 5.70768072294776 0 0
 355.448291776 6.42710046663389 0 0
 357.609980136993 5.67199588573938 0 0
 359.771315828264 5.50842165242188 0 0
 361.932304807051 8.98237489034735 0 0
 364.092953030592 11.6730078914242 0 0
 366.253266456125 10.9427454487451 0 0
 368.413251040888 8.20122113152143 0 0
 370.572912742119 5.27128482363339 0 0
 372.732257517056 3.52578346130935 0 0
 374.891291322937 4.30622199910016 0 0
 377.050020117 3.51945810141959 0 0
 379.208449856483 2.11685107564452 0 0
 381.366586498624 3.2495123758553 0 0
 383.524436000661 2.43857990839932 0 0
 385.682004319832 1.38880722521007 0 0
 387.839297413375 2.81949244985042 0 0
 389.996321238528 2.13670507481941 0 0
 392.153081752529 1.22255648734939 0 0
 394.309584912616 2.30163717761658 0 0
 396.465836676027 2.16166283484743 0 0
 398.621843 1.6525645708201 0 0
 400.777609841773 5.36518755706331 0 0
 402.933143158584 9.90526765806992 0 0
 405.088448907671 10.792990217312 0 0
 407.243533046272 9.35815728446154 0 0
 409.398401531625 6.07368506084856 0 0
 411.553060320968 4.48251330757825 0 0
 413.707515371539 6.58392617451426 0 0
 415.861772640576 8.70412878745583 0 0
 418.015838085317 11.2077717519383 0 0
 420.169717663 16.8182427130066 0 0
 422.323417330863 23.1676881347581 0 0
 424.476943046144 31.4524868838347 0 0
 426.630300766081 44.4724151450498 0 0
 428.783496447912 61.3256281998422 0 0
 430.936536048875 85.5923602487502 0 0
 433.089425526208 127.657197299885 0 0
 435.242170837149 175.257997115318 0 0
 437.394777938936 219.006454758899 0 0
 439.547252788807 268.34600293848 0 0
 441.699601344 342.843661495626 0 0
 443.851829561753 432.932839127384 0 0
 446.003943399304 518.060099029204 0 0
 448.155948813891 567.645944149878 0 0
 450.307851762752 562.109568153965 0 0
 452.459658203125 506.675356452365 0 0
 454.611374092248 425.536202845884 0 0
 456.763005387359 347.38346629446 0 0
 458.914558045696 290.074543702043 0 0
 461.066038024497 250.60095883188 0 0
 463.217451281 219.651802148498 0 0
 465.368803772443 191.768148560367 0 0
 467.520101456064 163.195276662352 0 0
 469.671350289101 135.276961833141 0 0
 471.822556228792 113.63443327174 0 0
 473.973725232375 98.2814616789 0 0
 476.124863257088 87.5461043039356 0 0
 478.275976260169 82.6131799432389 0 0
 480.427070198856 79.7911732858264 0 0
 482.578151030387 76.9777837293121 0 0
 484.729224712 77.0184351842127 0 0
 486.880297200933 77.7219557615968 0 0
 489.031374454424 78.6897696184403 0 0
 491.182462429711 82.4122296553577 0 0
 493.333567084032 87.08612506059 0 0
 495.484694374625 90.8705973026315 0 0
 497.635850258728 96.323554193303 0 0
 499.787040693579 101.464123731224 0 0
 501.938271636416 105.113178278425 0 0
 504.089549044477 -NAN 0 0
 506.240878875 -NAN 0 0
 508.392267085223 -NAN 0 0
 510.543719632384 -NAN 0 0
 512.695242473721 -NAN 0 0
 514.846841566472 -NAN 0 0
 516.998522867875 -NAN 0 0
 519.150292335168 -NAN 0 0
 521.302155925589 -NAN 0 0
 523.454119596376 -NAN 0 0
 525.606189304767 -NAN 0 0
 527.758371008 -NAN 0 0
 529.910670663313 -NAN 0 0
 532.063094227944 -NAN 0 0
 534.215647659131 -NAN 0 0
 536.368336914112 -NAN 0 0
 538.521167950125 -NAN 0 0
 540.674146724408 -NAN 0 0
 542.827279194199 -NAN 0 0
 544.980571316736 -NAN 0 0
 547.134029049257 -NAN 0 0
 549.287658349 -NAN 0 0
 551.441465173203 -NAN 0 0
 553.595455479104 -NAN 0 0
 555.749635223941 -NAN 0 0
 557.904010364952 -NAN 0 0
 560.058586859375 -NAN 0 0
 562.213370664448 -NAN 0 0
 564.368367737409 -NAN 0 0
 566.523584035496 -NAN 0 0
 568.679025515947 -NAN 0 0
 570.834698136 -NAN 0 0
 572.990607852893 -NAN 0 0
 575.146760623864 -NAN 0 0
 577.303162406151 -NAN 0 0
 579.459819156992 -NAN 0 0
 581.616736833625 -NAN 0 0
 583.773921393288 -NAN 0 0
 585.931378793219 -NAN 0 0
 588.089114990656 -NAN 0 0
 590.247135942837 -NAN 0 0
 592.405447607 -NAN 0 0
 594.564055940383 -NAN 0 0
 596.722966900224 -NAN 0 0
 598.882186443761 -NAN 0 0
 601.041720528232 -NAN 0 0
 603.201575110875 -NAN 0 0
 605.361756148928 -NAN 0 0
 607.522269599629 -NAN 0 0
 609.683121420216 -NAN 0 0
 611.844317567927 -NAN 0 0
 614.005864 -NAN 0 0
 616.167766673673 -NAN 0 0
 618.330031546184 -NAN 0 0
 620.492664574771 -NAN 0 0
 622.655671716672 -NAN 0 0
 624.819058929125 -NAN 0 0
 626.982832169368 -NAN 0 0
 629.146997394639 -NAN 0 0
 631.311560562176 -NAN 0 0
 633.476527629217 -NAN 0 0
 635.641904553 -NAN 0 0
 637.807697290763 -NAN 0 0
 639.973911799744 -NAN 0 0
 642.140554037181 -NAN 0 0
 644.307629960312 -NAN 0 0
 646.475145526375 -NAN 0 0
 648.643106692608 -NAN 0 0
 650.811519416249 -NAN 0 0
 652.980389654536 -NAN 0 0
 655.149723364707 -NAN 0 0
 657.319526504 -NAN 0 0
 659.489805029653 -NAN 0 0
 661.660564898904 -NAN 0 0
 663.831812068991 -NAN 0 0
 666.003552497152 -NAN 0 0
 668.175792140625 -NAN 0 0
 670.348536956648 -NAN 0 0
 672.521792902459 -NAN 0 0
 674.695565935296 -NAN 0 0
 676.869862012397 -NAN 0 0
 679.044687091 -NAN 0 0
 681.220047128343 -NAN 0 0
 683.395948081664 -NAN 0 0
 685.572395908201 -NAN 0 0
 687.749396565192 -NAN 0 0
 689.926956009875 -NAN 0 0
 692.105080199488 -NAN 0 0
 694.283775091269 -NAN 0 0
 696.463046642456 -NAN 0 0
 698.642900810287 -NAN 0 0
 700.823343552 -NAN 0 0
 703.004380824833 -NAN 0 0
 705.186018586024 -NAN 0 0
 707.368262792811 -NAN 0 0
 709.551119402432 -NAN 0 0
 711.734594372125 -NAN 0 0
 713.918693659128 -NAN 0 0
 716.103423220679 -NAN 0 0
 718.288789014016 -NAN 0 0
 720.474796996377 -NAN 0 0
 722.661453125 -NAN 0 0
 724.848763357123 -NAN 0 0
 727.036733649984 -NAN 0 0
 729.225369960821 -NAN 0 0
 731.414678246872 -NAN 0 0
 733.604664465375 -NAN 0 0
 735.795334573568 -NAN 0 0
[END] of [DATA]
[END] of Spectrum


[Spectrum]
Version            = 1
IDData             = 12ad_2026-06-11_13-38-35_000_915
IDDevice           = SAM_82E6
IDDataType         = SPECTRUM
IDDataTypeSub1     = CALIBRATED
IDDataTypeSub2     = 
IDDataTypeSub3     = 
DateTime           = 2026-06-11 13:38:35
PositionLatitude   = 0
PositionLongitude  = 0
Comment            = 20260611_FrameF
CommentSub1        = con
CommentSub2        = left
CommentSub3        = 17cm
IDMethodType       = SAM Control
MethodName         = SAM_82E6
Mission            = No Mission
MissionSub         = 1
RecordType         = 0
[Attributes]
CalFactor = 1
IDBasisSpec = 
IDDataBack = DLAB_2024-11-11_10-40-48_641_639
IDDataCal = DLAB_2024-11-12_11-45-27_171_455
IntegrationTime = 128
P31 = -1
P31e = 0
PathLength = +INF
PathLengthCustomOn = 0
RAWDynamic = 65535
Salinity = 0
Temperature = -NAN
Unit1 = $01 $01 Wavelength nm
Unit2 = $03 $06 Intensity mW/(m^2 nm)
Unit3 = $f0 $06 Error mW/(m^2 nm)
Unit4 = $f1 $00 Status 
p999 = 8821
[END] of [Attributes]
[DATA]
 0 6 0 0
 185.260577530984 -NAN 0 0
 187.468128380571 -NAN 0 0
 189.674861895872 -NAN 0 0
 191.880784034125 -NAN 0 0
 194.085900752568 -NAN 0 0
 196.290218008439 -NAN 0 0
 198.493741758976 -NAN 0 0
 200.696477961417 -NAN 0 0
 202.898432573 -NAN 0 0
 205.099611550963 -NAN 0 0
 207.300020852544 -NAN 0 0
 209.499666434981 -NAN 0 0
 211.698554255512 -NAN 0 0
 213.896690271375 -NAN 0 0
 216.094080439808 -NAN 0 0
 218.290730718049 -NAN 0 0
 220.486647063336 -NAN 0 0
 222.681835432907 -NAN 0 0
 224.876301784 -NAN 0 0
 227.070052073853 -NAN 0 0
 229.263092259704 -NAN 0 0
 231.455428298791 -NAN 0 0
 233.647066148352 -NAN 0 0
 235.838011765625 -NAN 0 0
 238.028271107848 -NAN 0 0
 240.217850132259 -NAN 0 0
 242.406754796096 -NAN 0 0
 244.594991056597 -NAN 0 0
 246.782564871 -NAN 0 0
 248.969482196543 -NAN 0 0
 251.155748990464 -NAN 0 0
 253.341371210001 -NAN 0 0
 255.526354812392 -NAN 0 0
 257.710705754875 -NAN 0 0
 259.894429994688 -NAN 0 0
 262.077533489069 -NAN 0 0
 264.260022195256 -NAN 0 0
 266.441902070487 -NAN 0 0
 268.623179072 -NAN 0 0
 270.803859157033 -NAN 0 0
 272.983948282824 -NAN 0 0
 275.163452406611 -NAN 0 0
 277.342377485632 -NAN 0 0
 279.520729477125 -0.131588544551635 0 0
 281.698514338328 0.267119273926771 0 0
 283.875738026479 1.15150772230848 0 0
 286.052406498816 0.0257847112422431 0 0
 288.228525712577 0.147137354975462 0 0
 290.404101625 1.28424367821469 0 0
 292.579140193323 -0.23909967309817 0 0
 294.753647374784 0.29863685085042 0 0
 296.927629126621 1.34924436573197 0 0
 299.101091406072 0.119807182351378 0 0
 301.274040170375 0.405474843920069 0 0
 303.446481376768 1.23449843594852 0 0
 305.618420982489 0.251784946302284 0 0
 307.789864944776 0.648651512465871 0 0
 309.960819220867 1.43293437272853 0 0
 312.131289768 0.663569693999177 0 0
 314.301282543413 1.63724707259318 0 0
 316.470803504344 4.39952336982062 0 0
 318.639858608031 6.39566771566732 0 0
 320.808453811712 9.77611487259099 0 0
 322.976595072625 13.6133702434762 0 0
 325.144288348008 13.994524091544 0 0
 327.311539595099 14.6527302237517 0 0
 329.478354771136 15.8229760377234 0 0
 331.644739833357 13.9720245879772 0 0
 333.810700739 13.3848190821393 0 0
 335.976243445303 13.5554273812236 0 0
 338.141373909504 11.1115779607572 0 0
 340.306098088841 10.1998591928243 0 0
 342.470421940552 10.3486766015481 0 0
 344.634351421875 8.34971365807496 0 0
 346.797892490048 7.73500256907294 0 0
 348.961051102309 7.81603759752895 0 0
 351.123833215896 6.37381145558544 0 0
 353.286244788047 5.82653650303896 0 0
 355.448291776 6.21519353389109 0 0
 357.609980136993 5.32611974502039 0 0
 359.771315828264 5.5869405642341 0 0
 361.932304807051 9.00323781695153 0 0
 364.092953030592 11.348979776691 0 0
 366.253266456125 10.8177886071801 0 0
 368.413251040888 8.24607624533808 0 0
 370.572912742119 4.77516755127237 0 0
 372.732257517056 3.62101259797651 0 0
 374.891291322937 4.38016770549852 0 0
 377.050020117 2.85043212128409 0 0
 379.208449856483 2.42053029940307 0 0
 381.366586498624 3.1746092962094 0 0
 383.524436000661 2.08185068127787 0 0
 385.682004319832 1.67185609284242 0 0
 387.839297413375 2.79540568722542 0 0
 389.996321238528 1.85998921030069 0 0
 392.153081752529 1.19896685700382 0 0
 394.309584912616 2.54845543279036 0 0
 396.465836676027 1.72802835584315 0 0
 398.621843 1.53447498740716 0 0
 400.777609841773 5.57716946329465 0 0
 402.933143158584 9.45030104147394 0 0
 405.088448907671 10.7499944855377 0 0
 407.243533046272 9.53041787239339 0 0
 409.398401531625 5.55920682485653 0 0
 411.553060320968 4.60273580400232 0 0
 413.707515371539 6.8713621590214 0 0
 415.861772640576 8.46632706439024 0 0
 418.015838085317 11.4918540323915 0 0
 420.169717663 16.8873024088535 0 0
 422.323417330863 22.9873207936394 0 0
 424.476943046144 31.5492397677368 0 0
 426.630300766081 44.5975776043878 0 0
 428.783496447912 61.2050837046045 0 0
 430.936536048875 85.5041902303923 0 0
 433.089425526208 127.468558503198 0 0
 435.242170837149 174.496345129322 0 0
 437.394777938936 218.474918172626 0 0
 439.547252788807 268.332253195891 0 0
 441.699601344 342.459810998283 0 0
 443.851829561753 432.903542740539 0 0
 446.003943399304 518.230355847846 0 0
 448.155948813891 567.44150590439 0 0
 450.307851762752 562.207865810289 0 0
 452.459658203125 506.876365677894 0 0
 454.611374092248 425.365981983743 0 0
 456.763005387359 347.437160211268 0 0
 458.914558045696 290.309080996162 0 0
 461.066038024497 250.216838217797 0 0
 463.217451281 219.55936278857 0 0
 465.368803772443 191.978201683512 0 0
 467.520101456064 162.965007115966 0 0
 469.671350289101 135.25855935027 0 0
 471.822556228792 114.068384687005 0 0
 473.973725232375 97.8663495649263 0 0
 476.124863257088 87.3877849554369 0 0
 478.275976260169 82.834317887711 0 0
 480.427070198856 79.4714968640915 0 0
 482.578151030387 77.0190811827284 0 0
 484.729224712 77.2810710317878 0 0
 486.880297200933 77.4613209819048 0 0
 489.031374454424 78.6707478051456 0 0
 491.182462429711 82.8154165747084 0 0
 493.333567084032 86.8467587819971 0 0
 495.484694374625 90.7920122844347 0 0
 497.635850258728 96.5023865915288 0 0
 499.787040693579 101.328227424044 0 0
 501.938271636416 104.978649879784 0 0
 504.089549044477 -NAN 0 0
 506.240878875 -NAN 0 0
 508.392267085223 -NAN 0 0
 510.543719632384 -NAN 0 0
 512.695242473721 -NAN 0 0
 514.846841566472 -NAN 0 0
 516.998522867875 -NAN 0 0
 519.150292335168 -NAN 0 0
 521.302155925589 -NAN 0 0
 523.454119596376 -NAN 0 0
 525.606189304767 -NAN 0 0
 527.758371008 -NAN 0 0
 529.910670663313 -NAN 0 0
 532.063094227944 -NAN 0 0
 534.215647659131 -NAN 0 0
 536.368336914112 -NAN 0 0
 538.521167950125 -NAN 0 0
 540.674146724408 -NAN 0 0
 542.827279194199 -NAN 0 0
 544.980571316736 -NAN 0 0
 547.134029049257 -NAN 0 0
 549.287658349 -NAN 0 0
 551.441465173203 -NAN 0 0
 553.595455479104 -NAN 0 0
 555.749635223941 -NAN 0 0
 557.904010364952 -NAN 0 0
 560.058586859375 -NAN 0 0
 562.213370664448 -NAN 0 0
 564.368367737409 -NAN 0 0
 566.523584035496 -NAN 0 0
 568.679025515947 -NAN 0 0
 570.834698136 -NAN 0 0
 572.990607852893 -NAN 0 0
 575.146760623864 -NAN 0 0
 577.303162406151 -NAN 0 0
 579.459819156992 -NAN 0 0
 581.616736833625 -NAN 0 0
 583.773921393288 -NAN 0 0
 585.931378793219 -NAN 0 0
 588.089114990656 -NAN 0 0
 590.247135942837 -NAN 0 0
 592.405447607 -NAN 0 0
 594.564055940383 -NAN 0 0
 596.722966900224 -NAN 0 0
 598.882186443761 -NAN 0 0
 601.041720528232 -NAN 0 0
 603.201575110875 -NAN 0 0
 605.361756148928 -NAN 0 0
 607.522269599629 -NAN 0 0
 609.683121420216 -NAN 0 0
 611.844317567927 -NAN 0 0
 614.005864 -NAN 0 0
 616.167766673673 -NAN 0 0
 618.330031546184 -NAN 0 0
 620.492664574771 -NAN 0 0
 622.655671716672 -NAN 0 0
 624.819058929125 -NAN 0 0
 626.982832169368 -NAN 0 0
 629.146997394639 -NAN 0 0
 631.311560562176 -NAN 0 0
 633.476527629217 -NAN 0 0
 635.641904553 -NAN 0 0
 637.807697290763 -NAN 0 0
 639.973911799744 -NAN 0 0
 642.140554037181 -NAN 0 0
 644.307629960312 -NAN 0 0
 646.475145526375 -NAN 0 0
 648.643106692608 -NAN 0 0
 650.811519416249 -NAN 0 0
 652.980389654536 -NAN 0 0
 655.149723364707 -NAN 0 0
 657.319526504 -NAN 0 0
 659.489805029653 -NAN 0 0
 661.660564898904 -NAN 0 0
 663.831812068991 -NAN 0 0
 666.003552497152 -NAN 0 0
 668.175792140625 -NAN 0 0
 670.348536956648 -NAN 0 0
 672.521792902459 -NAN 0 0
 674.695565935296 -NAN 0 0
 676.869862012397 -NAN 0 0
 679.044687091 -NAN 0 0
 681.220047128343 -NAN 0 0
 683.395948081664 -NAN 0 0
 685.572395908201 -NAN 0 0
 687.749396565192 -NAN 0 0
 689.926956009875 -NAN 0 0
 692.105080199488 -NAN 0 0
 694.283775091269 -NAN 0 0
 696.463046642456 -NAN 0 0
 698.642900810287 -NAN 0 0
 700.823343552 -NAN 0 0
 703.004380824833 -NAN 0 0
 705.186018586024 -NAN 0 0
 707.368262792811 -NAN 0 0
 709.551119402432 -NAN 0 0
 711.734594372125 -NAN 0 0
 713.918693659128 -NAN 0 0
 716.103423220679 -NAN 0 0
 718.288789014016 -NAN 0 0
 720.474796996377 -NAN 0 0
 722.661453125 -NAN 0 0
 724.848763357123 -NAN 0 0
 727.036733649984 -NAN 0 0
 729.225369960821 -NAN 0 0
 731.414678246872 -NAN 0 0
 733.604664465375 -NAN 0 0
 735.795334573568 -NAN 0 0
[END] of [DATA]
[END] of Spectrum


[Spectrum]
Version            = 1
IDData             = 12ad_2026-06-11_13-38-30_000_912
IDDevice           = SAM_82E6
IDDataType         = SPECTRUM
IDDataTypeSub1     = CALIBRATED
IDDataTypeSub2     = 
IDDataTypeSub3     = 
DateTime           = 2026-06-11 13:38:30
PositionLatitude   = 0
PositionLongitude  = 0
Comment            = 20260611_FrameF
CommentSub1        = con
CommentSub2        = left
CommentSub3        = 17cm
IDMethodType       = SAM Control
MethodName         = SAM_82E6
Mission            = No Mission
MissionSub         = 1
RecordType         = 0
[Attributes]
CalFactor = 1
IDBasisSpec = 
IDDataBack = DLAB_2024-11-11_10-40-48_641_639
IDDataCal = DLAB_2024-11-12_11-45-27_171_455
IntegrationTime = 128
P31 = -1
P31e = 0
PathLength = +INF
PathLengthCustomOn = 0
RAWDynamic = 65535
Salinity = 0
Temperature = -NAN
Unit1 = $01 $01 Wavelength nm
Unit2 = $03 $06 Intensity mW/(m^2 nm)
Unit3 = $f0 $06 Error mW/(m^2 nm)
Unit4 = $f1 $00 Status 
p999 = 8820
[END] of [Attributes]
[DATA]
 0 6 0 0
 185.260577530984 -NAN 0 0
 187.468128380571 -NAN 0 0
 189.674861895872 -NAN 0 0
 191.880784034125 -NAN 0 0
 194.085900752568 -NAN 0 0
 196.290218008439 -NAN 0 0
 198.493741758976 -NAN 0 0
 200.696477961417 -NAN 0 0
 202.898432573 -NAN 0 0
 205.099611550963 -NAN 0 0
 207.300020852544 -NAN 0 0
 209.499666434981 -NAN 0 0
 211.698554255512 -NAN 0 0
 213.896690271375 -NAN 0 0
 216.094080439808 -NAN 0 0
 218.290730718049 -NAN 0 0
 220.486647063336 -NAN 0 0
 222.681835432907 -NAN 0 0
 224.876301784 -NAN 0 0
 227.070052073853 -NAN 0 0
 229.263092259704 -NAN 0 0
 231.455428298791 -NAN 0 0
 233.647066148352 -NAN 0 0
 235.838011765625 -NAN 0 0
 238.028271107848 -NAN 0 0
 240.217850132259 -NAN 0 0
 242.406754796096 -NAN 0 0
 244.594991056597 -NAN 0 0
 246.782564871 -NAN 0 0
 248.969482196543 -NAN 0 0
 251.155748990464 -NAN 0 0
 253.341371210001 -NAN 0 0
 255.526354812392 -NAN 0 0
 257.710705754875 -NAN 0 0
 259.894429994688 -NAN 0 0
 262.077533489069 -NAN 0 0
 264.260022195256 -NAN 0 0
 266.441902070487 -NAN 0 0
 268.623179072 -NAN 0 0
 270.803859157033 -NAN 0 0
 272.983948282824 -NAN 0 0
 275.163452406611 -NAN 0 0
 277.342377485632 -NAN 0 0
 279.520729477125 0.190949279999692 0 0
 281.698514338328 1.14702696391556 0 0
 283.875738026479 0.0175575424170016 0 0
 286.052406498816 0.114348961195513 0 0
 288.228525712577 1.42080813268779 0 0
 290.404101625 -0.09279969111042 0 0
 292.579140193323 0.151349528275494 0 0
 294.753647374784 1.51545026163562 0 0
 296.927629126621 0.101181322666127 0 0
 299.101091406072 0.38556161719543 0 0
 301.274040170375 1.37436830855622 0 0
 303.446481376768 0.396790264866213 0 0
 305.618420982489 0.530320376267619 0 0
 307.789864944776 1.32954212122289 0 0
 309.960819220867 0.545678054447783 0 0
 312.131289768 0.711955504688273 0 0
 314.301282543413 2.50353507890077 0 0
 316.470803504344 3.50641743551521 0 0
 318.639858608031 6.45098458189674 0 0
 320.808453811712 10.7198671585771 0 0
 322.976595072625 12.408237958775 0 0
 325.144288348008 13.9006838167818 0 0
 327.311539595099 15.797670642432 0 0
 329.478354771136 14.441145860923 0 0
 331.644739833357 13.7692011425968 0 0
 333.810700739 14.3543605557416 0 0
 335.976243445303 12.2573069485574 0 0
 338.141373909504 10.8938951107066 0 0
 340.306098088841 11.1866060467531 0 0
 342.470421940552 9.20290875115643 0 0
 344.634351421875 8.13215787275141 0 0
 346.797892490048 8.52622837341256 0 0
 348.961051102309 6.92897221584512 0 0
 351.123833215896 6.18015284779318 0 0
 353.286244788047 6.52113404357191 0 0
 355.448291776 5.48696514065823 0 0
 357.609980136993 4.9673937167205 0 0
 359.771315828264 6.31082039505088 0 0
 361.932304807051 8.27962367841709 0 0
 364.092953030592 10.7675355986855 0 0
 366.253266456125 11.792919099767 0 0
 368.413251040888 7.33806326564415 0 0
 370.572912742119 4.42223349169402 0 0
 372.732257517056 4.6633150664294 0 0
 374.891291322937 3.44576287010099 0 0
 377.050020117 2.66144952483345 0 0
 379.208449856483 3.53868559794263 0 0
 381.366586498624 2.47221626632233 0 0
 383.524436000661 1.63132014343922 0 0
 385.682004319832 2.80831863172808 0 0
 387.839297413375 1.93820031145337 0 0
 389.996321238528 1.23772967739819 0 0
 392.153081752529 2.50749752852563 0 0
 394.309584912616 1.82163703495818 0 0
 396.465836676027 1.06079511725143 0 0
 398.621843 3.07229327027907 0 0
 400.777609841773 4.79036545550345 0 0
 402.933143158584 8.7063862672627 0 0
 405.088448907671 11.6651893475908 0 0
 407.243533046272 8.72613912735986 0 0
 409.398401531625 5.05160357642787 0 0
 411.553060320968 5.64282584187292 0 0
 413.707515371539 6.38240279054246 0 0
 415.861772640576 8.1060523509046 0 0
 418.015838085317 12.2772579842326 0 0
 420.169717663 16.5192993720806 0 0
 422.323417330863 22.4334007866506 0 0
 424.476943046144 32.3223751978163 0 0
 426.630300766081 44.3084091638483 0 0
 428.783496447912 60.6495674643136 0 0
 430.936536048875 86.2812400183502 0 0
 433.089425526208 126.745578050663 0 0
 435.242170837149 173.379841640932 0 0
 437.394777938936 218.811424793409 0 0
 439.547252788807 267.741014264567 0 0
 441.699601344 341.977326540167 0 0
 443.851829561753 433.662737679649 0 0
 446.003943399304 517.943742610433 0 0
 448.155948813891 567.100190550334 0 0
 450.307851762752 562.944647326035 0 0
 452.459658203125 506.732787659659 0 0
 454.611374092248 424.75642012546 0 0
 456.763005387359 348.445629594222 0 0
 458.914558045696 290.172350743846 0 0
 461.066038024497 249.618751213908 0 0
 463.217451281 220.44532654158 0 0
 465.368803772443 191.814592466992 0 0
 467.520101456064 162.336317703276 0 0
 469.671350289101 136.240385936385 0 0
 471.822556228792 113.76123015882 0 0
 473.973725232375 97.2794669210325 0 0
 476.124863257088 88.3919503336771 0 0
 478.275976260169 82.6620747651322 0 0
 480.427070198856 78.77756511935 0 0
 482.578151030387 77.830520334988 0 0
 484.729224712 77.1279599206483 0 0
 486.880297200933 76.7644305623849 0 0
 489.031374454424 79.6050545169727 0 0
 491.182462429711 82.6624065803842 0 0
 493.333567084032 86.0329134347812 0 0
 495.484694374625 91.6365245222397 0 0
 497.635850258728 96.589059962448 0 0
 499.787040693579 100.435660478481 0 0
 501.938271636416 105.896671672113 0 0
 504.089549044477 -NAN 0 0
 506.240878875 -NAN 0 0
 508.392267085223 -NAN 0 0
 510.543719632384 -NAN 0 0
 512.695242473721 -NAN 0 0
 514.846841566472 -NAN 0 0
 516.998522867875 -NAN 0 0
 519.150292335168 -NAN 0 0
 521.302155925589 -NAN 0 0
 523.454119596376 -NAN 0 0
 525.606189304767 -NAN 0 0
 527.758371008 -NAN 0 0
 529.910670663313 -NAN 0 0
 532.063094227944 -NAN 0 0
 534.215647659131 -NAN 0 0
 536.368336914112 -NAN 0 0
 538.521167950125 -NAN 0 0
 540.674146724408 -NAN 0 0
 542.827279194199 -NAN 0 0
 544.980571316736 -NAN 0 0
 547.134029049257 -NAN 0 0
 549.287658349 -NAN 0 0
 551.441465173203 -NAN 0 0
 553.595455479104 -NAN 0 0
 555.749635223941 -NAN 0 0
 557.904010364952 -NAN 0 0
 560.058586859375 -NAN 0 0
 562.213370664448 -NAN 0 0
 564.368367737409 -NAN 0 0
 566.523584035496 -NAN 0 0
 568.679025515947 -NAN 0 0
 570.834698136 -NAN 0 0
 572.990607852893 -NAN 0 0
 575.146760623864 -NAN 0 0
 577.303162406151 -NAN 0 0
 579.459819156992 -NAN 0 0
 581.616736833625 -NAN 0 0
 583.773921393288 -NAN 0 0
 585.931378793219 -NAN 0 0
 588.089114990656 -NAN 0 0
 590.247135942837 -NAN 0 0
 592.405447607 -NAN 0 0
 594.564055940383 -NAN 0 0
 596.722966900224 -NAN 0 0
 598.882186443761 -NAN 0 0
 601.041720528232 -NAN 0 0
 603.201575110875 -NAN 0 0
 605.361756148928 -NAN 0 0
 607.522269599629 -NAN 0 0
 609.683121420216 -NAN 0 0
 611.844317567927 -NAN 0 0
 614.005864 -NAN 0 0
 616.167766673673 -NAN 0 0
 618.330031546184 -NAN 0 0
 620.492664574771 -NAN 0 0
 622.655671716672 -NAN 0 0
 624.819058929125 -NAN 0 0
 626.982832169368 -NAN 0 0
 629.146997394639 -NAN 0 0
 631.311560562176 -NAN 0 0
 633.476527629217 -NAN 0 0
 635.641904553 -NAN 0 0
 637.807697290763 -NAN 0 0
 639.973911799744 -NAN 0 0
 642.140554037181 -NAN 0 0
 644.307629960312 -NAN 0 0
 646.475145526375 -NAN 0 0
 648.643106692608 -NAN 0 0
 650.811519416249 -NAN 0 0
 652.980389654536 -NAN 0 0
 655.149723364707 -NAN 0 0
 657.319526504 -NAN 0 0
 659.489805029653 -NAN 0 0
 661.660564898904 -NAN 0 0
 663.831812068991 -NAN 0 0
 666.003552497152 -NAN 0 0
 668.175792140625 -NAN 0 0
 670.348536956648 -NAN 0 0
 672.521792902459 -NAN 0 0
 674.695565935296 -NAN 0 0
 676.869862012397 -NAN 0 0
 679.044687091 -NAN 0 0
 681.220047128343 -NAN 0 0
 683.395948081664 -NAN 0 0
 685.572395908201 -NAN 0 0
 687.749396565192 -NAN 0 0
 689.926956009875 -NAN 0 0
 692.105080199488 -NAN 0 0
 694.283775091269 -NAN 0 0
 696.463046642456 -NAN 0 0
 698.642900810287 -NAN 0 0
 700.823343552 -NAN 0 0
 703.004380824833 -NAN 0 0
 705.186018586024 -NAN 0 0
 707.368262792811 -NAN 0 0
 709.551119402432 -NAN 0 0
 711.734594372125 -NAN 0 0
 713.918693659128 -NAN 0 0
 716.103423220679 -NAN 0 0
 718.288789014016 -NAN 0 0
 720.474796996377 -NAN 0 0
 722.661453125 -NAN 0 0
 724.848763357123 -NAN 0 0
 727.036733649984 -NAN 0 0
 729.225369960821 -NAN 0 0
 731.414678246872 -NAN 0 0
 733.604664465375 -NAN 0 0
 735.795334573568 -NAN 0 0
[END] of [DATA]
[END] of Spectrum


[Spectrum]
Version            = 1
IDData             = 12ad_2026-06-11_13-38-25_000_909
IDDevice           = SAM_82E6
IDDataType         = SPECTRUM
IDDataTypeSub1     = CALIBRATED
IDDataTypeSub2     = 
IDDataTypeSub3     = 
DateTime           = 2026-06-11 13:38:25
PositionLatitude   = 0
PositionLongitude  = 0
Comment            = 20260611_FrameF
CommentSub1        = con
CommentSub2        = left
CommentSub3        = 17cm
IDMethodType       = SAM Control
MethodName         = SAM_82E6
Mission            = No Mission
MissionSub         = 1
RecordType         = 0
[Attributes]
CalFactor = 1
IDBasisSpec = 
IDDataBack = DLAB_2024-11-11_10-40-48_641_639
IDDataCal = DLAB_2024-11-12_11-45-27_171_455
IntegrationTime = 128
P31 = -1
P31e = 0
PathLength = +INF
PathLengthCustomOn = 0
RAWDynamic = 65535
Salinity = 0
Temperature = -NAN
Unit1 = $01 $01 Wavelength nm
Unit2 = $03 $06 Intensity mW/(m^2 nm)
Unit3 = $f0 $06 Error mW/(m^2 nm)
Unit4 = $f1 $00 Status 
p999 = 8819
[END] of [Attributes]
[DATA]
 0 6 0 0
 185.260577530984 -NAN 0 0
 187.468128380571 -NAN 0 0
 189.674861895872 -NAN 0 0
 191.880784034125 -NAN 0 0
 194.085900752568 -NAN 0 0
 196.290218008439 -NAN 0 0
 198.493741758976 -NAN 0 0
 200.696477961417 -NAN 0 0
 202.898432573 -NAN 0 0
 205.099611550963 -NAN 0 0
 207.300020852544 -NAN 0 0
 209.499666434981 -NAN 0 0
 211.698554255512 -NAN 0 0
 213.896690271375 -NAN 0 0
 216.094080439808 -NAN 0 0
 218.290730718049 -NAN 0 0
 220.486647063336 -NAN 0 0
 222.681835432907 -NAN 0 0
 224.876301784 -NAN 0 0
 227.070052073853 -NAN 0 0
 229.263092259704 -NAN 0 0
 231.455428298791 -NAN 0 0
 233.647066148352 -NAN 0 0
 235.838011765625 -NAN 0 0
 238.028271107848 -NAN 0 0
 240.217850132259 -NAN 0 0
 242.406754796096 -NAN 0 0
 244.594991056597 -NAN 0 0
 246.782564871 -NAN 0 0
 248.969482196543 -NAN 0 0
 251.155748990464 -NAN 0 0
 253.341371210001 -NAN 0 0
 255.526354812392 -NAN 0 0
 257.710705754875 -NAN 0 0
 259.894429994688 -NAN 0 0
 262.077533489069 -NAN 0 0
 264.260022195256 -NAN 0 0
 266.441902070487 -NAN 0 0
 268.623179072 -NAN 0 0
 270.803859157033 -NAN 0 0
 272.983948282824 -NAN 0 0
 275.163452406611 -NAN 0 0
 277.342377485632 -NAN 0 0
 279.520729477125 0.227063553791154 0 0
 281.698514338328 1.137874877987 0 0
 283.875738026479 -0.246513047420738 0 0
 286.052406498816 0.234854416049962 0 0
 288.228525712577 1.38499061925381 0 0
 290.404101625 -0.102978469975547 0 0
 292.579140193323 0.522064834994897 0 0
 294.753647374784 1.43195687799344 0 0
 296.927629126621 0.115147440136853 0 0
 299.101091406072 0.441572641579602 0 0
 301.274040170375 1.3244731960061 0 0
 303.446481376768 0.271188648602243 0 0
 305.618420982489 0.522792391673961 0 0
 307.789864944776 1.34130004382309 0 0
 309.960819220867 0.538113140650018 0 0
 312.131289768 0.683824219403915 0 0
 314.301282543413 2.47446501157501 0 0
 316.470803504344 3.16799015261152 0 0
 318.639858608031 6.32620002319318 0 0
 320.808453811712 10.6626297138699 0 0
 322.976595072625 12.0440264514966 0 0
 325.144288348008 13.7346587152795 0 0
 327.311539595099 15.2332633937868 0 0
 329.478354771136 13.9220298956879 0 0
 331.644739833357 13.5456512137467 0 0
 333.810700739 14.0775601655681 0 0
 335.976243445303 11.8808084132152 0 0
 338.141373909504 10.6565505838772 0 0
 340.306098088841 10.9083624359479 0 0
 342.470421940552 8.86376146744049 0 0
 344.634351421875 8.10071917545032 0 0
 346.797892490048 8.25684920643892 0 0
 348.961051102309 6.56697552162472 0 0
 351.123833215896 5.97082244515069 0 0
 353.286244788047 6.51350110356606 0 0
 355.448291776 5.2664528502406 0 0
 357.609980136993 4.90207345485097 0 0
 359.771315828264 6.22584787404862 0 0
 361.932304807051 7.93593441383244 0 0
 364.092953030592 10.6580208700126 0 0
 366.253266456125 11.6165781364369 0 0
 368.413251040888 7.15500590925726 0 0
 370.572912742119 4.36822578862687 0 0
 372.732257517056 4.48981540647416 0 0
 374.891291322937 3.24274829435275 0 0
 377.050020117 2.67662330994993 0 0
 379.208449856483 3.50369951225616 0 0
 381.366586498624 2.41144584321339 0 0
 383.524436000661 1.64695369522542 0 0
 385.682004319832 2.87516936930959 0 0
 387.839297413375 1.90277860171072 0 0
 389.996321238528 1.126762401779 0 0
 392.153081752529 2.57271591830455 0 0
 394.309584912616 1.68936426837333 0 0
 396.465836676027 1.17222441061785 0 0
 398.621843 2.89582231978557 0 0
 400.777609841773 4.47694435487919 0 0
 402.933143158584 8.53783317532045 0 0
 405.088448907671 11.4796934762216 0 0
 407.243533046272 8.39706200420729 0 0
 409.398401531625 5.06420772029404 0 0
 411.553060320968 5.67481164367382 0 0
 413.707515371539 6.39406993382504 0 0
 415.861772640576 7.91519860750002 0 0
 418.015838085317 12.3057645106448 0 0
 420.169717663 16.4956487913111 0 0
 422.323417330863 22.4929128535171 0 0
 424.476943046144 32.4439820335463 0 0
 426.630300766081 44.2402172032435 0 0
 428.783496447912 60.6284932518595 0 0
 430.936536048875 86.2161425281607 0 0
 433.089425526208 126.375586934416 0 0
 435.242170837149 172.683725292766 0 0
 437.394777938936 218.187169043215 0 0
 439.547252788807 267.502415790229 0 0
 441.699601344 341.912392515991 0 0
 443.851829561753 433.581544836106 0 0
 446.003943399304 517.876153220118 0 0
 448.155948813891 566.983494041107 0 0
 450.307851762752 563.133126318436 0 0
 452.459658203125 506.659609185848 0 0
 454.611374092248 424.527240082019 0 0
 456.763005387359 348.473940932176 0 0
 458.914558045696 290.003683498288 0 0
 461.066038024497 249.629958977184 0 0
 463.217451281 220.568925236314 0 0
 465.368803772443 191.769204103699 0 0
 467.520101456064 162.193871890861 0 0
 469.671350289101 136.076928588531 0 0
 471.822556228792 113.596175590293 0 0
 473.973725232375 97.3113986221074 0 0
 476.124863257088 88.3443438162964 0 0
 478.275976260169 82.6342936163292 0 0
 480.427070198856 78.6494717796305 0 0
 482.578151030387 77.8829792623005 0 0
 484.729224712 77.1603703018384 0 0
 486.880297200933 76.6156562031616 0 0
 489.031374454424 79.5569405186391 0 0
 491.182462429711 82.5942780427654 0 0
 493.333567084032 85.9449602440424 0 0
 495.484694374625 91.6287767035443 0 0
 497.635850258728 96.443141502546 0 0
 499.787040693579 100.428050285279 0 0
 501.938271636416 105.811649724172 0 0
 504.089549044477 -NAN 0 0
 506.240878875 -NAN 0 0
 508.392267085223 -NAN 0 0
 510.543719632384 -NAN 0 0
 512.695242473721 -NAN 0 0
 514.846841566472 -NAN 0 0
 516.998522867875 -NAN 0 0
 519.150292335168 -NAN 0 0
 521.302155925589 -NAN 0 0
 523.454119596376 -NAN 0 0
 525.606189304767 -NAN 0 0
 527.758371008 -NAN 0 0
 529.910670663313 -NAN 0 0
 532.063094227944 -NAN 0 0
 534.215647659131 -NAN 0 0
 536.368336914112 -NAN 0 0
 538.521167950125 -NAN 0 0
 540.674146724408 -NAN 0 0
 542.827279194199 -NAN 0 0
 544.980571316736 -NAN 0 0
 547.134029049257 -NAN 0 0
 549.287658349 -NAN 0 0
 551.441465173203 -NAN 0 0
 553.595455479104 -NAN 0 0
 555.749635223941 -NAN 0 0
 557.904010364952 -NAN 0 0
 560.058586859375 -NAN 0 0
 562.213370664448 -NAN 0 0
 564.368367737409 -NAN 0 0
 566.523584035496 -NAN 0 0
 568.679025515947 -NAN 0 0
 570.834698136 -NAN 0 0
 572.990607852893 -NAN 0 0
 575.146760623864 -NAN 0 0
 577.303162406151 -NAN 0 0
 579.459819156992 -NAN 0 0
 581.616736833625 -NAN 0 0
 583.773921393288 -NAN 0 0
 585.931378793219 -NAN 0 0
 588.089114990656 -NAN 0 0
 590.247135942837 -NAN 0 0
 592.405447607 -NAN 0 0
 594.564055940383 -NAN 0 0
 596.722966900224 -NAN 0 0
 598.882186443761 -NAN 0 0
 601.041720528232 -NAN 0 0
 603.201575110875 -NAN 0 0
 605.361756148928 -NAN 0 0
 607.522269599629 -NAN 0 0
 609.683121420216 -NAN 0 0
 611.844317567927 -NAN 0 0
 614.005864 -NAN 0 0
 616.167766673673 -NAN 0 0
 618.330031546184 -NAN 0 0
 620.492664574771 -NAN 0 0
 622.655671716672 -NAN 0 0
 624.819058929125 -NAN 0 0
 626.982832169368 -NAN 0 0
 629.146997394639 -NAN 0 0
 631.311560562176 -NAN 0 0
 633.476527629217 -NAN 0 0
 635.641904553 -NAN 0 0
 637.807697290763 -NAN 0 0
 639.973911799744 -NAN 0 0
 642.140554037181 -NAN 0 0
 644.307629960312 -NAN 0 0
 646.475145526375 -NAN 0 0
 648.643106692608 -NAN 0 0
 650.811519416249 -NAN 0 0
 652.980389654536 -NAN 0 0
 655.149723364707 -NAN 0 0
 657.319526504 -NAN 0 0
 659.489805029653 -NAN 0 0
 661.660564898904 -NAN 0 0
 663.831812068991 -NAN 0 0
 666.003552497152 -NAN 0 0
 668.175792140625 -NAN 0 0
 670.348536956648 -NAN 0 0
 672.521792902459 -NAN 0 0
 674.695565935296 -NAN 0 0
 676.869862012397 -NAN 0 0
 679.044687091 -NAN 0 0
 681.220047128343 -NAN 0 0
 683.395948081664 -NAN 0 0
 685.572395908201 -NAN 0 0
 687.749396565192 -NAN 0 0
 689.926956009875 -NAN 0 0
 692.105080199488 -NAN 0 0
 694.283775091269 -NAN 0 0
 696.463046642456 -NAN 0 0
 698.642900810287 -NAN 0 0
 700.823343552 -NAN 0 0
 703.004380824833 -NAN 0 0
 705.186018586024 -NAN 0 0
 707.368262792811 -NAN 0 0
 709.551119402432 -NAN 0 0
 711.734594372125 -NAN 0 0
 713.918693659128 -NAN 0 0
 716.103423220679 -NAN 0 0
 718.288789014016 -NAN 0 0
 720.474796996377 -NAN 0 0
 722.661453125 -NAN 0 0
 724.848763357123 -NAN 0 0
 727.036733649984 -NAN 0 0
 729.225369960821 -NAN 0 0
 731.414678246872 -NAN 0 0
 733.604664465375 -NAN 0 0
 735.795334573568 -NAN 0 0
[END] of [DATA]
[END] of Spectrum


[Spectrum]
Version            = 1
IDData             = 12ad_2026-06-11_13-38-20_000_906
IDDevice           = SAM_82E6
IDDataType         = SPECTRUM
IDDataTypeSub1     = CALIBRATED
IDDataTypeSub2     = 
IDDataTypeSub3     = 
DateTime           = 2026-06-11 13:38:20
PositionLatitude   = 0
PositionLongitude  = 0
Comment            = 20260611_FrameF
CommentSub1        = con
CommentSub2        = left
CommentSub3        = 17cm
IDMethodType       = SAM Control
MethodName         = SAM_82E6
Mission            = No Mission
MissionSub         = 1
RecordType         = 0
[Attributes]
CalFactor = 1
IDBasisSpec = 
IDDataBack = DLAB_2024-11-11_10-40-48_641_639
IDDataCal = DLAB_2024-11-12_11-45-27_171_455
IntegrationTime = 128
P31 = -1
P31e = 0
PathLength = +INF
PathLengthCustomOn = 0
RAWDynamic = 65535
Salinity = 0
Temperature = -NAN
Unit1 = $01 $01 Wavelength nm
Unit2 = $03 $06 Intensity mW/(m^2 nm)
Unit3 = $f0 $06 Error mW/(m^2 nm)
Unit4 = $f1 $00 Status 
p999 = 8818
[END] of [Attributes]
[DATA]
 0 6 0 0
 185.260577530984 -NAN 0 0
 187.468128380571 -NAN 0 0
 189.674861895872 -NAN 0 0
 191.880784034125 -NAN 0 0
 194.085900752568 -NAN 0 0
 196.290218008439 -NAN 0 0
 198.493741758976 -NAN 0 0
 200.696477961417 -NAN 0 0
 202.898432573 -NAN 0 0
 205.099611550963 -NAN 0 0
 207.300020852544 -NAN 0 0
 209.499666434981 -NAN 0 0
 211.698554255512 -NAN 0 0
 213.896690271375 -NAN 0 0
 216.094080439808 -NAN 0 0
 218.290730718049 -NAN 0 0
 220.486647063336 -NAN 0 0
 222.681835432907 -NAN 0 0
 224.876301784 -NAN 0 0
 227.070052073853 -NAN 0 0
 229.263092259704 -NAN 0 0
 231.455428298791 -NAN 0 0
 233.647066148352 -NAN 0 0
 235.838011765625 -NAN 0 0
 238.028271107848 -NAN 0 0
 240.217850132259 -NAN 0 0
 242.406754796096 -NAN 0 0
 244.594991056597 -NAN 0 0
 246.782564871 -NAN 0 0
 248.969482196543 -NAN 0 0
 251.155748990464 -NAN 0 0
 253.341371210001 -NAN 0 0
 255.526354812392 -NAN 0 0
 257.710705754875 -NAN 0 0
 259.894429994688 -NAN 0 0
 262.077533489069 -NAN 0 0
 264.260022195256 -NAN 0 0
 266.441902070487 -NAN 0 0
 268.623179072 -NAN 0 0
 270.803859157033 -NAN 0 0
 272.983948282824 -NAN 0 0
 275.163452406611 -NAN 0 0
 277.342377485632 -NAN 0 0
 279.520729477125 0.0440015452620223 0 0
 281.698514338328 0.239663016141086 0 0
 283.875738026479 1.27436409298165 0 0
 286.052406498816 -0.00470462070888168 0 0
 288.228525712577 0.0912620340184542 0 0
 290.404101625 1.35840335280348 0 0
 292.579140193323 0.187998189776272 0 0
 294.753647374784 0.171343659395949 0 0
 296.927629126621 1.25402083752247 0 0
 299.101091406072 0.330742316734326 0 0
 301.274040170375 0.276675832453465 0 0
 303.446481376768 1.29020002229167 0 0
 305.618420982489 0.519566112562394 0 0
 307.789864944776 0.414561962516443 0 0
 309.960819220867 1.41023963133523 0 0
 312.131289768 0.741212041384005 0 0
 314.301282543413 1.50817597366681 0 0
 316.470803504344 4.21992477564429 0 0
 318.639858608031 6.20656121948771 0 0
 320.808453811712 9.24500462984281 0 0
 322.976595072625 13.1029116444721 0 0
 325.144288348008 13.3665160989047 0 0
 327.311539595099 13.7247567474078 0 0
 329.478354771136 14.8278798178316 0 0
 331.644739833357 13.3013748014271 0 0
 333.810700739 12.4211984724979 0 0
 335.976243445303 12.8445865171992 0 0
 338.141373909504 10.6776166661401 0 0
 340.306098088841 9.36512836040865 0 0
 342.470421940552 9.70835605430066 0 0
 344.634351421875 8.07431066971741 0 0
 346.797892490048 6.94860867804228 0 0
 348.961051102309 7.54193786420553 0 0
 351.123833215896 6.10851035704923 0 0
 353.286244788047 5.37183136269007 0 0
 355.448291776 5.92153570323736 0 0
 357.609980136993 5.16870862215447 0 0
 359.771315828264 5.1771363806662 0 0
 361.932304807051 8.44652709125052 0 0
 364.092953030592 10.8375347036104 0 0
 366.253266456125 10.2257033859327 0 0
 368.413251040888 7.89329683667195 0 0
 370.572912742119 4.74879169628609 0 0
 372.732257517056 3.14747593208365 0 0
 374.891291322937 4.27933265131893 0 0
 377.050020117 3.0449324577771 0 0
 379.208449856483 2.08886220709535 0 0
 381.366586498624 3.19580828101484 0 0
 383.524436000661 2.17991568793676 0 0
 385.682004319832 1.41156492311016 0 0
 387.839297413375 2.68914055799748 0 0
 389.996321238528 1.80520789702033 0 0
 392.153081752529 1.2197812367205 0 0
 394.309584912616 2.37254628960021 0 0
 396.465836676027 1.82066234671403 0 0
 398.621843 1.67379415884939 0 0
 400.777609841773 5.22213228291945 0 0
 402.933143158584 9.17275873218559 0 0
 405.088448907671 9.88393760265534 0 0
 407.243533046272 8.73564315979748 0 0
 409.398401531625 5.47326948031444 0 0
 411.553060320968 4.53986715908331 0 0
 413.707515371539 6.79181345482201 0 0
 415.861772640576 8.51837808531876 0 0
 418.015838085317 11.2411931966975 0 0
 420.169717663 16.8333790846991 0 0
 422.323417330863 22.9845740828609 0 0
 424.476943046144 31.4826666824831 0 0
 426.630300766081 44.4396139488095 0 0
 428.783496447912 61.1722079331761 0 0
 430.936536048875 85.1457420249186 0 0
 433.089425526208 126.096271977949 0 0
 435.242170837149 172.523083058574 0 0
 437.394777938936 216.616538378514 0 0
 439.547252788807 267.587340670925 0 0
 441.699601344 342.353779490452 0 0
 443.851829561753 432.961298474605 0 0
 446.003943399304 518.181588819391 0 0
 448.155948813891 567.644189315153 0 0
 450.307851762752 562.123997167737 0 0
 452.459658203125 506.840239595887 0 0
 454.611374092248 425.431597846803 0 0
 456.763005387359 347.434231452169 0 0
 458.914558045696 290.162370433458 0 0
 461.066038024497 250.488881199124 0 0
 463.217451281 219.55624685509 0 0
 465.368803772443 191.861036373617 0 0
 467.520101456064 163.077464336294 0 0
 469.671350289101 135.157886943976 0 0
 471.822556228792 113.809325529781 0 0
 473.973725232375 97.962144668151 0 0
 476.124863257088 87.3446069513008 0 0
 478.275976260169 82.7309720141638 0 0
 480.427070198856 79.628550437139 0 0
 482.578151030387 76.9554607815196 0 0
 484.729224712 77.0966671388096 0 0
 486.880297200933 77.5989092990812 0 0
 489.031374454424 78.5465465536332 0 0
 491.182462429711 82.7316519792754 0 0
 493.333567084032 86.823378819902 0 0
 495.484694374625 90.8086147530679 0 0
 497.635850258728 96.3608566567366 0 0
 499.787040693579 101.324965912671 0 0
 501.938271636416 105.03353746643 0 0
 504.089549044477 -NAN 0 0
 506.240878875 -NAN 0 0
 508.392267085223 -NAN 0 0
 510.543719632384 -NAN 0 0
 512.695242473721 -NAN 0 0
 514.846841566472 -NAN 0 0
 516.998522867875 -NAN 0 0
 519.150292335168 -NAN 0 0
 521.302155925589 -NAN 0 0
 523.454119596376 -NAN 0 0
 525.606189304767 -NAN 0 0
 527.758371008 -NAN 0 0
 529.910670663313 -NAN 0 0
 532.063094227944 -NAN 0 0
 534.215647659131 -NAN 0 0
 536.368336914112 -NAN 0 0
 538.521167950125 -NAN 0 0
 540.674146724408 -NAN 0 0
 542.827279194199 -NAN 0 0
 544.980571316736 -NAN 0 0
 547.134029049257 -NAN 0 0
 549.287658349 -NAN 0 0
 551.441465173203 -NAN 0 0
 553.595455479104 -NAN 0 0
 555.749635223941 -NAN 0 0
 557.904010364952 -NAN 0 0
 560.058586859375 -NAN 0 0
 562.213370664448 -NAN 0 0
 564.368367737409 -NAN 0 0
 566.523584035496 -NAN 0 0
 568.679025515947 -NAN 0 0
 570.834698136 -NAN 0 0
 572.990607852893 -NAN 0 0
 575.146760623864 -NAN 0 0
 577.303162406151 -NAN 0 0
 579.459819156992 -NAN 0 0
 581.616736833625 -NAN 0 0
 583.773921393288 -NAN 0 0
 585.931378793219 -NAN 0 0
 588.089114990656 -NAN 0 0
 590.247135942837 -NAN 0 0
 592.405447607 -NAN 0 0
 594.564055940383 -NAN 0 0
 596.722966900224 -NAN 0 0
 598.882186443761 -NAN 0 0
 601.041720528232 -NAN 0 0
 603.201575110875 -NAN 0 0
 605.361756148928 -NAN 0 0
 607.522269599629 -NAN 0 0
 609.683121420216 -NAN 0 0
 611.844317567927 -NAN 0 0
 614.005864 -NAN 0 0
 616.167766673673 -NAN 0 0
 618.330031546184 -NAN 0 0
 620.492664574771 -NAN 0 0
 622.655671716672 -NAN 0 0
 624.819058929125 -NAN 0 0
 626.982832169368 -NAN 0 0
 629.146997394639 -NAN 0 0
 631.311560562176 -NAN 0 0
 633.476527629217 -NAN 0 0
 635.641904553 -NAN 0 0
 637.807697290763 -NAN 0 0
 639.973911799744 -NAN 0 0
 642.140554037181 -NAN 0 0
 644.307629960312 -NAN 0 0
 646.475145526375 -NAN 0 0
 648.643106692608 -NAN 0 0
 650.811519416249 -NAN 0 0
 652.980389654536 -NAN 0 0
 655.149723364707 -NAN 0 0
 657.319526504 -NAN 0 0
 659.489805029653 -NAN 0 0
 661.660564898904 -NAN 0 0
 663.831812068991 -NAN 0 0
 666.003552497152 -NAN 0 0
 668.175792140625 -NAN 0 0
 670.348536956648 -NAN 0 0
 672.521792902459 -NAN 0 0
 674.695565935296 -NAN 0 0
 676.869862012397 -NAN 0 0
 679.044687091 -NAN 0 0
 681.220047128343 -NAN 0 0
 683.395948081664 -NAN 0 0
 685.572395908201 -NAN 0 0
 687.749396565192 -NAN 0 0
 689.926956009875 -NAN 0 0
 692.105080199488 -NAN 0 0
 694.283775091269 -NAN 0 0
 696.463046642456 -NAN 0 0
 698.642900810287 -NAN 0 0
 700.823343552 -NAN 0 0
 703.004380824833 -NAN 0 0
 705.186018586024 -NAN 0 0
 707.368262792811 -NAN 0 0
 709.551119402432 -NAN 0 0
 711.734594372125 -NAN 0 0
 713.918693659128 -NAN 0 0
 716.103423220679 -NAN 0 0
 718.288789014016 -NAN 0 0
 720.474796996377 -NAN 0 0
 722.661453125 -NAN 0 0
 724.848763357123 -NAN 0 0
 727.036733649984 -NAN 0 0
 729.225369960821 -NAN 0 0
 731.414678246872 -NAN 0 0
 733.604664465375 -NAN 0 0
 735.795334573568 -NAN 0 0
[END] of [DATA]
[END] of Spectrum


