[Spectrum]
Version            = 1
IDData             = 12ad_2026-06-11_10-19-00_000_487
IDDevice           = SAM_82E6
IDDataType         = SPECTRUM
IDDataTypeSub1     = CALIBRATED
IDDataTypeSub2     = 
IDDataTypeSub3     = 
DateTime           = 2026-06-11 10:19:00
PositionLatitude   = 0
PositionLongitude  = 0
Comment            = 20260611_FrameD
CommentSub1        = con
CommentSub2        = left
CommentSub3        = 28cm
IDMethodType       = SAM Control
MethodName         = SAM_82E6
Mission            = No Mission
MissionSub         = 1
RecordType         = 0
[Attributes]
CalFactor = 1
IDBasisSpec = 
IDDataBack = DLAB_2024-11-11_10-40-48_641_639
IDDataCal = DLAB_2024-11-12_11-45-27_171_455
IntegrationTime = 128
P31 = -1
P31e = 0
PathLength = +INF
PathLengthCustomOn = 0
RAWDynamic = 65535
Salinity = 0
Temperature = -NAN
Unit1 = $01 $01 Wavelength nm
Unit2 = $03 $06 Intensity mW/(m^2 nm)
Unit3 = $f0 $06 Error mW/(m^2 nm)
Unit4 = $f1 $00 Status 
p999 = 8595
[END] of [Attributes]
[DATA]
 0 6 0 0
 185.260577530984 -NAN 0 0
 187.468128380571 -NAN 0 0
 189.674861895872 -NAN 0 0
 191.880784034125 -NAN 0 0
 194.085900752568 -NAN 0 0
 196.290218008439 -NAN 0 0
 198.493741758976 -NAN 0 0
 200.696477961417 -NAN 0 0
 202.898432573 -NAN 0 0
 205.099611550963 -NAN 0 0
 207.300020852544 -NAN 0 0
 209.499666434981 -NAN 0 0
 211.698554255512 -NAN 0 0
 213.896690271375 -NAN 0 0
 216.094080439808 -NAN 0 0
 218.290730718049 -NAN 0 0
 220.486647063336 -NAN 0 0
 222.681835432907 -NAN 0 0
 224.876301784 -NAN 0 0
 227.070052073853 -NAN 0 0
 229.263092259704 -NAN 0 0
 231.455428298791 -NAN 0 0
 233.647066148352 -NAN 0 0
 235.838011765625 -NAN 0 0
 238.028271107848 -NAN 0 0
 240.217850132259 -NAN 0 0
 242.406754796096 -NAN 0 0
 244.594991056597 -NAN 0 0
 246.782564871 -NAN 0 0
 248.969482196543 -NAN 0 0
 251.155748990464 -NAN 0 0
 253.341371210001 -NAN 0 0
 255.526354812392 -NAN 0 0
 257.710705754875 -NAN 0 0
 259.894429994688 -NAN 0 0
 262.077533489069 -NAN 0 0
 264.260022195256 -NAN 0 0
 266.441902070487 -NAN 0 0
 268.623179072 -NAN 0 0
 270.803859157033 -NAN 0 0
 272.983948282824 -NAN 0 0
 275.163452406611 -NAN 0 0
 277.342377485632 -NAN 0 0
 279.520729477125 1.96802061449678 0 0
 281.698514338328 -0.376141622766374 0 0
 283.875738026479 -0.000800306074392552 0 0
 286.052406498816 2.29070651332587 0 0
 288.228525712577 -0.660905748095124 0 0
 290.404101625 0.228558898774319 0 0
 292.579140193323 2.13742506883685 0 0
 294.753647374784 -0.695071288890924 0 0
 296.927629126621 0.518895199745132 0 0
 299.101091406072 1.87164134926059 0 0
 301.274040170375 -0.374281333607472 0 0
 303.446481376768 0.795438873008378 0 0
 305.618420982489 1.67780031361515 0 0
 307.789864944776 -0.300533511986608 0 0
 309.960819220867 0.998492180342586 0 0
 312.131289768 2.03412591305308 0 0
 314.301282543413 1.04421769914771 0 0
 316.470803504344 5.27185939867706 0 0
 318.639858608031 10.3476075541964 0 0
 320.808453811712 13.0027094300386 0 0
 322.976595072625 19.6545001093761 0 0
 325.144288348008 22.5354327914385 0 0
 327.311539595099 21.0034112656504 0 0
 329.478354771136 23.7926704266328 0 0
 331.644739833357 22.8370376605202 0 0
 333.810700739 19.557319761409 0 0
 335.976243445303 20.9516611565938 0 0
 338.141373909504 18.1813551682079 0 0
 340.306098088841 14.662615252959 0 0
 342.470421940552 15.9976394662222 0 0
 344.634351421875 13.797411126408 0 0
 346.797892490048 11.1849886716591 0 0
 348.961051102309 12.264086434499 0 0
 351.123833215896 10.3566861753822 0 0
 353.286244788047 8.46971458506703 0 0
 355.448291776 10.0617884145421 0 0
 357.609980136993 8.61569096572863 0 0
 359.771315828264 8.27164198729307 0 0
 361.932304807051 13.8785743497178 0 0
 364.092953030592 16.9308438855437 0 0
 366.253266456125 16.0659759529112 0 0
 368.413251040888 13.1267975487396 0 0
 370.572912742119 7.4805766770082 0 0
 372.732257517056 5.42123463360227 0 0
 374.891291322937 7.03414633150533 0 0
 377.050020117 4.23262600189391 0 0
 379.208449856483 3.62125276016269 0 0
 381.366586498624 5.60825275187442 0 0
 383.524436000661 2.53380245109708 0 0
 385.682004319832 2.68741836163386 0 0
 387.839297413375 4.623165909946 0 0
 389.996321238528 1.7251429006875 0 0
 392.153081752529 2.28964035415773 0 0
 394.309584912616 3.96391039892508 0 0
 396.465836676027 1.52665011481949 0 0
 398.621843 3.15057737613708 0 0
 400.777609841773 8.84663272872785 0 0
 402.933143158584 14.255965136549 0 0
 405.088448907671 17.9069411517403 0 0
 407.243533046272 14.7623877293028 0 0
 409.398401531625 6.8723294494598 0 0
 411.553060320968 6.64100344979752 0 0
 413.707515371539 8.4496084503374 0 0
 415.861772640576 8.84599333469238 0 0
 418.015838085317 14.0869309195761 0 0
 420.169717663 19.7764573556513 0 0
 422.323417330863 25.569228925389 0 0
 424.476943046144 37.2159407845308 0 0
 426.630300766081 51.304559046155 0 0
 428.783496447912 69.4088531287493 0 0
 430.936536048875 100.939711575066 0 0
 433.089425526208 154.190498947077 0 0
 435.242170837149 212.499022919548 0 0
 437.394777938936 262.984912673658 0 0
 439.547252788807 311.595413847794 0 0
 441.699601344 391.885288741779 0 0
 443.851829561753 496.419783500841 0 0
 446.003943399304 593.393180126058 0 0
 448.155948813891 649.641474103194 0 0
 450.307851762752 646.936838307801 0 0
 452.459658203125 582.602191424697 0 0
 454.611374092248 488.574028155856 0 0
 456.763005387359 401.765641490474 0 0
 458.914558045696 333.579714714525 0 0
 461.066038024497 286.982377312075 0 0
 463.217451281 254.457817772312 0 0
 465.368803772443 220.490538178052 0 0
 467.520101456064 186.979443251125 0 0
 469.671350289101 157.67927848105 0 0
 471.822556228792 130.569469233209 0 0
 473.973725232375 112.268647842845 0 0
 476.124863257088 102.925223674537 0 0
 478.275976260169 94.8691115491813 0 0
 480.427070198856 90.9531155234748 0 0
 482.578151030387 91.0356601016781 0 0
 484.729224712 88.2581318610752 0 0
 486.880297200933 88.9717582481311 0 0
 489.031374454424 93.1049473052293 0 0
 491.182462429711 94.8909206523263 0 0
 493.333567084032 99.9462175444362 0 0
 495.484694374625 107.082354507257 0 0
 497.635850258728 110.655380070749 0 0
 499.787040693579 116.839975510865 0 0
 501.938271636416 123.569398344837 0 0
 504.089549044477 -NAN 0 0
 506.240878875 -NAN 0 0
 508.392267085223 -NAN 0 0
 510.543719632384 -NAN 0 0
 512.695242473721 -NAN 0 0
 514.846841566472 -NAN 0 0
 516.998522867875 -NAN 0 0
 519.150292335168 -NAN 0 0
 521.302155925589 -NAN 0 0
 523.454119596376 -NAN 0 0
 525.606189304767 -NAN 0 0
 527.758371008 -NAN 0 0
 529.910670663313 -NAN 0 0
 532.063094227944 -NAN 0 0
 534.215647659131 -NAN 0 0
 536.368336914112 -NAN 0 0
 538.521167950125 -NAN 0 0
 540.674146724408 -NAN 0 0
 542.827279194199 -NAN 0 0
 544.980571316736 -NAN 0 0
 547.134029049257 -NAN 0 0
 549.287658349 -NAN 0 0
 551.441465173203 -NAN 0 0
 553.595455479104 -NAN 0 0
 555.749635223941 -NAN 0 0
 557.904010364952 -NAN 0 0
 560.058586859375 -NAN 0 0
 562.213370664448 -NAN 0 0
 564.368367737409 -NAN 0 0
 566.523584035496 -NAN 0 0
 568.679025515947 -NAN 0 0
 570.834698136 -NAN 0 0
 572.990607852893 -NAN 0 0
 575.146760623864 -NAN 0 0
 577.303162406151 -NAN 0 0
 579.459819156992 -NAN 0 0
 581.616736833625 -NAN 0 0
 583.773921393288 -NAN 0 0
 585.931378793219 -NAN 0 0
 588.089114990656 -NAN 0 0
 590.247135942837 -NAN 0 0
 592.405447607 -NAN 0 0
 594.564055940383 -NAN 0 0
 596.722966900224 -NAN 0 0
 598.882186443761 -NAN 0 0
 601.041720528232 -NAN 0 0
 603.201575110875 -NAN 0 0
 605.361756148928 -NAN 0 0
 607.522269599629 -NAN 0 0
 609.683121420216 -NAN 0 0
 611.844317567927 -NAN 0 0
 614.005864 -NAN 0 0
 616.167766673673 -NAN 0 0
 618.330031546184 -NAN 0 0
 620.492664574771 -NAN 0 0
 622.655671716672 -NAN 0 0
 624.819058929125 -NAN 0 0
 626.982832169368 -NAN 0 0
 629.146997394639 -NAN 0 0
 631.311560562176 -NAN 0 0
 633.476527629217 -NAN 0 0
 635.641904553 -NAN 0 0
 637.807697290763 -NAN 0 0
 639.973911799744 -NAN 0 0
 642.140554037181 -NAN 0 0
 644.307629960312 -NAN 0 0
 646.475145526375 -NAN 0 0
 648.643106692608 -NAN 0 0
 650.811519416249 -NAN 0 0
 652.980389654536 -NAN 0 0
 655.149723364707 -NAN 0 0
 657.319526504 -NAN 0 0
 659.489805029653 -NAN 0 0
 661.660564898904 -NAN 0 0
 663.831812068991 -NAN 0 0
 666.003552497152 -NAN 0 0
 668.175792140625 -NAN 0 0
 670.348536956648 -NAN 0 0
 672.521792902459 -NAN 0 0
 674.695565935296 -NAN 0 0
 676.869862012397 -NAN 0 0
 679.044687091 -NAN 0 0
 681.220047128343 -NAN 0 0
 683.395948081664 -NAN 0 0
 685.572395908201 -NAN 0 0
 687.749396565192 -NAN 0 0
 689.926956009875 -NAN 0 0
 692.105080199488 -NAN 0 0
 694.283775091269 -NAN 0 0
 696.463046642456 -NAN 0 0
 698.642900810287 -NAN 0 0
 700.823343552 -NAN 0 0
 703.004380824833 -NAN 0 0
 705.186018586024 -NAN 0 0
 707.368262792811 -NAN 0 0
 709.551119402432 -NAN 0 0
 711.734594372125 -NAN 0 0
 713.918693659128 -NAN 0 0
 716.103423220679 -NAN 0 0
 718.288789014016 -NAN 0 0
 720.474796996377 -NAN 0 0
 722.661453125 -NAN 0 0
 724.848763357123 -NAN 0 0
 727.036733649984 -NAN 0 0
 729.225369960821 -NAN 0 0
 731.414678246872 -NAN 0 0
 733.604664465375 -NAN 0 0
 735.795334573568 -NAN 0 0
[END] of [DATA]
[END] of Spectrum


[Spectrum]
Version            = 1
IDData             = 12ad_2026-06-11_10-18-55_000_484
IDDevice           = SAM_82E6
IDDataType         = SPECTRUM
IDDataTypeSub1     = CALIBRATED
IDDataTypeSub2     = 
IDDataTypeSub3     = 
DateTime           = 2026-06-11 10:18:55
PositionLatitude   = 0
PositionLongitude  = 0
Comment            = 20260611_FrameD
CommentSub1        = con
CommentSub2        = left
CommentSub3        = 28cm
IDMethodType       = SAM Control
MethodName         = SAM_82E6
Mission            = No Mission
MissionSub         = 1
RecordType         = 0
[Attributes]
CalFactor = 1
IDBasisSpec = 
IDDataBack = DLAB_2024-11-11_10-40-48_641_639
IDDataCal = DLAB_2024-11-12_11-45-27_171_455
IntegrationTime = 128
P31 = -1
P31e = 0
PathLength = +INF
PathLengthCustomOn = 0
RAWDynamic = 65535
Salinity = 0
Temperature = -NAN
Unit1 = $01 $01 Wavelength nm
Unit2 = $03 $06 Intensity mW/(m^2 nm)
Unit3 = $f0 $06 Error mW/(m^2 nm)
Unit4 = $f1 $00 Status 
p999 = 8594
[END] of [Attributes]
[DATA]
 0 6 0 0
 185.260577530984 -NAN 0 0
 187.468128380571 -NAN 0 0
 189.674861895872 -NAN 0 0
 191.880784034125 -NAN 0 0
 194.085900752568 -NAN 0 0
 196.290218008439 -NAN 0 0
 198.493741758976 -NAN 0 0
 200.696477961417 -NAN 0 0
 202.898432573 -NAN 0 0
 205.099611550963 -NAN 0 0
 207.300020852544 -NAN 0 0
 209.499666434981 -NAN 0 0
 211.698554255512 -NAN 0 0
 213.896690271375 -NAN 0 0
 216.094080439808 -NAN 0 0
 218.290730718049 -NAN 0 0
 220.486647063336 -NAN 0 0
 222.681835432907 -NAN 0 0
 224.876301784 -NAN 0 0
 227.070052073853 -NAN 0 0
 229.263092259704 -NAN 0 0
 231.455428298791 -NAN 0 0
 233.647066148352 -NAN 0 0
 235.838011765625 -NAN 0 0
 238.028271107848 -NAN 0 0
 240.217850132259 -NAN 0 0
 242.406754796096 -NAN 0 0
 244.594991056597 -NAN 0 0
 246.782564871 -NAN 0 0
 248.969482196543 -NAN 0 0
 251.155748990464 -NAN 0 0
 253.341371210001 -NAN 0 0
 255.526354812392 -NAN 0 0
 257.710705754875 -NAN 0 0
 259.894429994688 -NAN 0 0
 262.077533489069 -NAN 0 0
 264.260022195256 -NAN 0 0
 266.441902070487 -NAN 0 0
 268.623179072 -NAN 0 0
 270.803859157033 -NAN 0 0
 272.983948282824 -NAN 0 0
 275.163452406611 -NAN 0 0
 277.342377485632 -NAN 0 0
 279.520729477125 1.92817038134758 0 0
 281.698514338328 -0.27677611839914 0 0
 283.875738026479 -0.0205702967574316 0 0
 286.052406498816 2.24424657892415 0 0
 288.228525712577 -0.500443287910895 0 0
 290.404101625 0.234375343840106 0 0
 292.579140193323 2.2699240758012 0 0
 294.753647374784 -0.443222393970251 0 0
 296.927629126621 0.386851907294624 0 0
 299.101091406072 1.87640824495286 0 0
 301.274040170375 -0.369639927788855 0 0
 303.446481376768 0.662191940971819 0 0
 305.618420982489 1.97246713913832 0 0
 307.789864944776 -0.238537192821919 0 0
 309.960819220867 0.905551810827183 0 0
 312.131289768 2.160154071127 0 0
 314.301282543413 1.09072980686892 0 0
 316.470803504344 5.34272142903234 0 0
 318.639858608031 10.5380004891256 0 0
 320.808453811712 12.9601141223496 0 0
 322.976595072625 19.5082530176504 0 0
 325.144288348008 22.4632479646984 0 0
 327.311539595099 20.9301116229692 0 0
 329.478354771136 23.4505596185982 0 0
 331.644739833357 22.7630145052718 0 0
 333.810700739 19.3500895227764 0 0
 335.976243445303 20.6696506706618 0 0
 338.141373909504 18.3892071798692 0 0
 340.306098088841 14.7902001281575 0 0
 342.470421940552 15.9321670176284 0 0
 344.634351421875 13.8477130420898 0 0
 346.797892490048 10.9941280959558 0 0
 348.961051102309 12.2062594865405 0 0
 351.123833215896 10.4417616331407 0 0
 353.286244788047 8.29742822493484 0 0
 355.448291776 9.94991876476923 0 0
 357.609980136993 8.63924909296026 0 0
 359.771315828264 8.0823361177184 0 0
 361.932304807051 13.9027314226279 0 0
 364.092953030592 17.0166492399678 0 0
 366.253266456125 15.860439465851 0 0
 368.413251040888 13.0443611233469 0 0
 370.572912742119 7.64385577930423 0 0
 372.732257517056 5.52037729643383 0 0
 374.891291322937 6.99112337505538 0 0
 377.050020117 4.36229289288925 0 0
 379.208449856483 3.34976073523569 0 0
 381.366586498624 5.66478337802227 0 0
 383.524436000661 2.74414478422049 0 0
 385.682004319832 2.51389091514569 0 0
 387.839297413375 4.70534427654894 0 0
 389.996321238528 1.93303096134116 0 0
 392.153081752529 2.14532732145544 0 0
 394.309584912616 4.14118317888415 0 0
 396.465836676027 1.65284714586098 0 0
 398.621843 3.06035162701259 0 0
 400.777609841773 9.03910709757596 0 0
 402.933143158584 14.2154110091644 0 0
 405.088448907671 17.6686219527627 0 0
 407.243533046272 14.8526760374602 0 0
 409.398401531625 6.93878766257235 0 0
 411.553060320968 6.70497505339932 0 0
 413.707515371539 8.60658455995754 0 0
 415.861772640576 9.01541430477345 0 0
 418.015838085317 14.0731691482047 0 0
 420.169717663 19.8653835393445 0 0
 422.323417330863 25.5564109417562 0 0
 424.476943046144 36.9958057826252 0 0
 426.630300766081 51.4323110736172 0 0
 428.783496447912 69.4880921675769 0 0
 430.936536048875 100.661193199319 0 0
 433.089425526208 153.960570113348 0 0
 435.242170837149 211.969942526338 0 0
 437.394777938936 262.614036017973 0 0
 439.547252788807 311.584090530368 0 0
 441.699601344 391.844191258124 0 0
 443.851829561753 496.453265085807 0 0
 446.003943399304 593.38120225942 0 0
 448.155948813891 649.597603235064 0 0
 450.307851762752 646.924212920751 0 0
 452.459658203125 582.722611698056 0 0
 454.611374092248 488.663417882344 0 0
 456.763005387359 401.769546502605 0 0
 458.914558045696 333.978927130046 0 0
 461.066038024497 286.784713123396 0 0
 463.217451281 254.293711942329 0 0
 465.368803772443 220.60875903128 0 0
 467.520101456064 186.810221910061 0 0
 469.671350289101 157.74206342261 0 0
 471.822556228792 130.947673741224 0 0
 473.973725232375 111.896478361351 0 0
 476.124863257088 102.969508806984 0 0
 478.275976260169 94.9735686686806 0 0
 480.427070198856 90.9575709439868 0 0
 482.578151030387 91.0803059972632 0 0
 484.729224712 88.4838869300546 0 0
 486.880297200933 88.9158280378968 0 0
 489.031374454424 93.2705489739124 0 0
 491.182462429711 95.1969406409748 0 0
 493.333567084032 99.7703111629585 0 0
 495.484694374625 107.226242568744 0 0
 497.635850258728 110.817755499813 0 0
 499.787040693579 116.707340715057 0 0
 501.938271636416 123.612447432402 0 0
 504.089549044477 -NAN 0 0
 506.240878875 -NAN 0 0
 508.392267085223 -NAN 0 0
 510.543719632384 -NAN 0 0
 512.695242473721 -NAN 0 0
 514.846841566472 -NAN 0 0
 516.998522867875 -NAN 0 0
 519.150292335168 -NAN 0 0
 521.302155925589 -NAN 0 0
 523.454119596376 -NAN 0 0
 525.606189304767 -NAN 0 0
 527.758371008 -NAN 0 0
 529.910670663313 -NAN 0 0
 532.063094227944 -NAN 0 0
 534.215647659131 -NAN 0 0
 536.368336914112 -NAN 0 0
 538.521167950125 -NAN 0 0
 540.674146724408 -NAN 0 0
 542.827279194199 -NAN 0 0
 544.980571316736 -NAN 0 0
 547.134029049257 -NAN 0 0
 549.287658349 -NAN 0 0
 551.441465173203 -NAN 0 0
 553.595455479104 -NAN 0 0
 555.749635223941 -NAN 0 0
 557.904010364952 -NAN 0 0
 560.058586859375 -NAN 0 0
 562.213370664448 -NAN 0 0
 564.368367737409 -NAN 0 0
 566.523584035496 -NAN 0 0
 568.679025515947 -NAN 0 0
 570.834698136 -NAN 0 0
 572.990607852893 -NAN 0 0
 575.146760623864 -NAN 0 0
 577.303162406151 -NAN 0 0
 579.459819156992 -NAN 0 0
 581.616736833625 -NAN 0 0
 583.773921393288 -NAN 0 0
 585.931378793219 -NAN 0 0
 588.089114990656 -NAN 0 0
 590.247135942837 -NAN 0 0
 592.405447607 -NAN 0 0
 594.564055940383 -NAN 0 0
 596.722966900224 -NAN 0 0
 598.882186443761 -NAN 0 0
 601.041720528232 -NAN 0 0
 603.201575110875 -NAN 0 0
 605.361756148928 -NAN 0 0
 607.522269599629 -NAN 0 0
 609.683121420216 -NAN 0 0
 611.844317567927 -NAN 0 0
 614.005864 -NAN 0 0
 616.167766673673 -NAN 0 0
 618.330031546184 -NAN 0 0
 620.492664574771 -NAN 0 0
 622.655671716672 -NAN 0 0
 624.819058929125 -NAN 0 0
 626.982832169368 -NAN 0 0
 629.146997394639 -NAN 0 0
 631.311560562176 -NAN 0 0
 633.476527629217 -NAN 0 0
 635.641904553 -NAN 0 0
 637.807697290763 -NAN 0 0
 639.973911799744 -NAN 0 0
 642.140554037181 -NAN 0 0
 644.307629960312 -NAN 0 0
 646.475145526375 -NAN 0 0
 648.643106692608 -NAN 0 0
 650.811519416249 -NAN 0 0
 652.980389654536 -NAN 0 0
 655.149723364707 -NAN 0 0
 657.319526504 -NAN 0 0
 659.489805029653 -NAN 0 0
 661.660564898904 -NAN 0 0
 663.831812068991 -NAN 0 0
 666.003552497152 -NAN 0 0
 668.175792140625 -NAN 0 0
 670.348536956648 -NAN 0 0
 672.521792902459 -NAN 0 0
 674.695565935296 -NAN 0 0
 676.869862012397 -NAN 0 0
 679.044687091 -NAN 0 0
 681.220047128343 -NAN 0 0
 683.395948081664 -NAN 0 0
 685.572395908201 -NAN 0 0
 687.749396565192 -NAN 0 0
 689.926956009875 -NAN 0 0
 692.105080199488 -NAN 0 0
 694.283775091269 -NAN 0 0
 696.463046642456 -NAN 0 0
 698.642900810287 -NAN 0 0
 700.823343552 -NAN 0 0
 703.004380824833 -NAN 0 0
 705.186018586024 -NAN 0 0
 707.368262792811 -NAN 0 0
 709.551119402432 -NAN 0 0
 711.734594372125 -NAN 0 0
 713.918693659128 -NAN 0 0
 716.103423220679 -NAN 0 0
 718.288789014016 -NAN 0 0
 720.474796996377 -NAN 0 0
 722.661453125 -NAN 0 0
 724.848763357123 -NAN 0 0
 727.036733649984 -NAN 0 0
 729.225369960821 -NAN 0 0
 731.414678246872 -NAN 0 0
 733.604664465375 -NAN 0 0
 735.795334573568 -NAN 0 0
[END] of [DATA]
[END] of Spectrum


[Spectrum]
Version            = 1
IDData             = 12ad_2026-06-11_10-18-50_000_481
IDDevice           = SAM_82E6
IDDataType         = SPECTRUM
IDDataTypeSub1     = CALIBRATED
IDDataTypeSub2     = 
IDDataTypeSub3     = 
DateTime           = 2026-06-11 10:18:50
PositionLatitude   = 0
PositionLongitude  = 0
Comment            = 20260611_FrameD
CommentSub1        = con
CommentSub2        = left
CommentSub3        = 28cm
IDMethodType       = SAM Control
MethodName         = SAM_82E6
Mission            = No Mission
MissionSub         = 1
RecordType         = 0
[Attributes]
CalFactor = 1
IDBasisSpec = 
IDDataBack = DLAB_2024-11-11_10-40-48_641_639
IDDataCal = DLAB_2024-11-12_11-45-27_171_455
IntegrationTime = 128
P31 = -1
P31e = 0
PathLength = +INF
PathLengthCustomOn = 0
RAWDynamic = 65535
Salinity = 0
Temperature = -NAN
Unit1 = $01 $01 Wavelength nm
Unit2 = $03 $06 Intensity mW/(m^2 nm)
Unit3 = $f0 $06 Error mW/(m^2 nm)
Unit4 = $f1 $00 Status 
p999 = 8593
[END] of [Attributes]
[DATA]
 0 6 0 0
 185.260577530984 -NAN 0 0
 187.468128380571 -NAN 0 0
 189.674861895872 -NAN 0 0
 191.880784034125 -NAN 0 0
 194.085900752568 -NAN 0 0
 196.290218008439 -NAN 0 0
 198.493741758976 -NAN 0 0
 200.696477961417 -NAN 0 0
 202.898432573 -NAN 0 0
 205.099611550963 -NAN 0 0
 207.300020852544 -NAN 0 0
 209.499666434981 -NAN 0 0
 211.698554255512 -NAN 0 0
 213.896690271375 -NAN 0 0
 216.094080439808 -NAN 0 0
 218.290730718049 -NAN 0 0
 220.486647063336 -NAN 0 0
 222.681835432907 -NAN 0 0
 224.876301784 -NAN 0 0
 227.070052073853 -NAN 0 0
 229.263092259704 -NAN 0 0
 231.455428298791 -NAN 0 0
 233.647066148352 -NAN 0 0
 235.838011765625 -NAN 0 0
 238.028271107848 -NAN 0 0
 240.217850132259 -NAN 0 0
 242.406754796096 -NAN 0 0
 244.594991056597 -NAN 0 0
 246.782564871 -NAN 0 0
 248.969482196543 -NAN 0 0
 251.155748990464 -NAN 0 0
 253.341371210001 -NAN 0 0
 255.526354812392 -NAN 0 0
 257.710705754875 -NAN 0 0
 259.894429994688 -NAN 0 0
 262.077533489069 -NAN 0 0
 264.260022195256 -NAN 0 0
 266.441902070487 -NAN 0 0
 268.623179072 -NAN 0 0
 270.803859157033 -NAN 0 0
 272.983948282824 -NAN 0 0
 275.163452406611 -NAN 0 0
 277.342377485632 -NAN 0 0
 279.520729477125 2.0302866037924 0 0
 281.698514338328 -0.0754302279707988 0 0
 283.875738026479 -0.209797350437951 0 0
 286.052406498816 2.25876530842469 0 0
 288.228525712577 -0.20244157614018 0 0
 290.404101625 -0.117519582640015 0 0
 292.579140193323 2.23327541430042 0 0
 294.753647374784 -0.50344712971215 0 0
 296.927629126621 0.0795973229386401 0 0
 299.101091406072 2.08138475972047 0 0
 301.274040170375 -0.441581717977407 0 0
 303.446481376768 0.535498136740336 0 0
 305.618420982489 1.86707535482711 0 0
 307.789864944776 -0.247088409258427 0 0
 309.960819220867 0.799643017658471 0 0
 312.131289768 2.19166111064548 0 0
 314.301282543413 1.08142738532468 0 0
 316.470803504344 5.17900570372875 0 0
 318.639858608031 10.6203325690949 0 0
 320.808453811712 12.9255054348522 0 0
 322.976595072625 19.2945072682052 0 0
 325.144288348008 22.5816310805522 0 0
 327.311539595099 20.7600564519489 0 0
 329.478354771136 23.1441473296629 0 0
 331.644739833357 22.8577641439897 0 0
 333.810700739 19.2316722435578 0 0
 335.976243445303 20.2655325516459 0 0
 338.141373909504 18.5043684295734 0 0
 340.306098088841 14.4373057925021 0 0
 342.470421940552 15.5917102849406 0 0
 344.634351421875 13.882924383067 0 0
 346.797892490048 10.7887717803257 0 0
 348.961051102309 11.9055593571561 0 0
 351.123833215896 10.4328063217977 0 0
 353.286244788047 8.09242926477755 0 0
 355.448291776 9.72833080464224 0 0
 357.609980136993 8.74633148946769 0 0
 359.771315828264 7.78331889191296 0 0
 361.932304807051 13.6765333762878 0 0
 364.092953030592 17.0279394181815 0 0
 366.253266456125 15.6198683503145 0 0
 368.413251040888 12.9255556867514 0 0
 370.572912742119 7.49816058033239 0 0
 372.732257517056 5.1107615578929 0 0
 374.891291322937 6.95616722293979 0 0
 377.050020117 4.5250662241387 0 0
 379.208449856483 3.33856518781602 0 0
 381.366586498624 5.47540578042697 0 0
 383.524436000661 2.91185015792699 0 0
 385.682004319832 2.22088555468205 0 0
 387.839297413375 4.59199480537247 0 0
 389.996321238528 2.02292850108329 0 0
 392.153081752529 1.95938552931978 0 0
 394.309584912616 4.15481954657331 0 0
 396.465836676027 1.88376086223478 0 0
 398.621843 2.78702068113544 0 0
 400.777609841773 8.95847594305851 0 0
 402.933143158584 14.0455906007414 0 0
 405.088448907671 17.2386646350197 0 0
 407.243533046272 14.7362516400994 0 0
 409.398401531625 6.82649619903735 0 0
 411.553060320968 6.31893951442295 0 0
 413.707515371539 8.67446612087436 0 0
 415.861772640576 8.91539469593041 0 0
 418.015838085317 13.7468185699678 0 0
 420.169717663 19.9770142805764 0 0
 422.323417330863 25.631487703034 0 0
 424.476943046144 37.0206597344533 0 0
 426.630300766081 51.4564803761101 0 0
 428.783496447912 69.3599609558557 0 0
 430.936536048875 100.565607011193 0 0
 433.089425526208 153.895801427791 0 0
 435.242170837149 211.6758313712 0 0
 437.394777938936 262.2047928117 0 0
 439.547252788807 311.461151655455 0 0
 441.699601344 391.793230378391 0 0
 443.851829561753 496.250701496761 0 0
 446.003943399304 593.358957649949 0 0
 448.155948813891 649.543203358582 0 0
 450.307851762752 646.803369930408 0 0
 452.459658203125 582.865263406497 0 0
 454.611374092248 488.638693064379 0 0
 456.763005387359 401.480575604876 0 0
 458.914558045696 333.791297294751 0 0
 461.066038024497 286.849921927909 0 0
 463.217451281 254.378880790801 0 0
 465.368803772443 220.8473118244 0 0
 467.520101456064 186.570313173361 0 0
 469.671350289101 157.635978521354 0 0
 471.822556228792 130.860227612203 0 0
 473.973725232375 111.867849939698 0 0
 476.124863257088 102.960651780495 0 0
 478.275976260169 95.0646908367546 0 0
 480.427070198856 90.7281167876196 0 0
 482.578151030387 90.8704702880132 0 0
 484.729224712 88.6559972301677 0 0
 486.880297200933 88.7659350744687 0 0
 489.031374454424 93.2011753018965 0 0
 491.182462429711 95.1075917391796 0 0
 493.333567084032 99.7413645432217 0 0
 495.484694374625 107.137696069367 0 0
 497.635850258728 110.986713716542 0 0
 499.787040693579 116.522521737292 0 0
 501.938271636416 123.623209704293 0 0
 504.089549044477 -NAN 0 0
 506.240878875 -NAN 0 0
 508.392267085223 -NAN 0 0
 510.543719632384 -NAN 0 0
 512.695242473721 -NAN 0 0
 514.846841566472 -NAN 0 0
 516.998522867875 -NAN 0 0
 519.150292335168 -NAN 0 0
 521.302155925589 -NAN 0 0
 523.454119596376 -NAN 0 0
 525.606189304767 -NAN 0 0
 527.758371008 -NAN 0 0
 529.910670663313 -NAN 0 0
 532.063094227944 -NAN 0 0
 534.215647659131 -NAN 0 0
 536.368336914112 -NAN 0 0
 538.521167950125 -NAN 0 0
 540.674146724408 -NAN 0 0
 542.827279194199 -NAN 0 0
 544.980571316736 -NAN 0 0
 547.134029049257 -NAN 0 0
 549.287658349 -NAN 0 0
 551.441465173203 -NAN 0 0
 553.595455479104 -NAN 0 0
 555.749635223941 -NAN 0 0
 557.904010364952 -NAN 0 0
 560.058586859375 -NAN 0 0
 562.213370664448 -NAN 0 0
 564.368367737409 -NAN 0 0
 566.523584035496 -NAN 0 0
 568.679025515947 -NAN 0 0
 570.834698136 -NAN 0 0
 572.990607852893 -NAN 0 0
 575.146760623864 -NAN 0 0
 577.303162406151 -NAN 0 0
 579.459819156992 -NAN 0 0
 581.616736833625 -NAN 0 0
 583.773921393288 -NAN 0 0
 585.931378793219 -NAN 0 0
 588.089114990656 -NAN 0 0
 590.247135942837 -NAN 0 0
 592.405447607 -NAN 0 0
 594.564055940383 -NAN 0 0
 596.722966900224 -NAN 0 0
 598.882186443761 -NAN 0 0
 601.041720528232 -NAN 0 0
 603.201575110875 -NAN 0 0
 605.361756148928 -NAN 0 0
 607.522269599629 -NAN 0 0
 609.683121420216 -NAN 0 0
 611.844317567927 -NAN 0 0
 614.005864 -NAN 0 0
 616.167766673673 -NAN 0 0
 618.330031546184 -NAN 0 0
 620.492664574771 -NAN 0 0
 622.655671716672 -NAN 0 0
 624.819058929125 -NAN 0 0
 626.982832169368 -NAN 0 0
 629.146997394639 -NAN 0 0
 631.311560562176 -NAN 0 0
 633.476527629217 -NAN 0 0
 635.641904553 -NAN 0 0
 637.807697290763 -NAN 0 0
 639.973911799744 -NAN 0 0
 642.140554037181 -NAN 0 0
 644.307629960312 -NAN 0 0
 646.475145526375 -NAN 0 0
 648.643106692608 -NAN 0 0
 650.811519416249 -NAN 0 0
 652.980389654536 -NAN 0 0
 655.149723364707 -NAN 0 0
 657.319526504 -NAN 0 0
 659.489805029653 -NAN 0 0
 661.660564898904 -NAN 0 0
 663.831812068991 -NAN 0 0
 666.003552497152 -NAN 0 0
 668.175792140625 -NAN 0 0
 670.348536956648 -NAN 0 0
 672.521792902459 -NAN 0 0
 674.695565935296 -NAN 0 0
 676.869862012397 -NAN 0 0
 679.044687091 -NAN 0 0
 681.220047128343 -NAN 0 0
 683.395948081664 -NAN 0 0
 685.572395908201 -NAN 0 0
 687.749396565192 -NAN 0 0
 689.926956009875 -NAN 0 0
 692.105080199488 -NAN 0 0
 694.283775091269 -NAN 0 0
 696.463046642456 -NAN 0 0
 698.642900810287 -NAN 0 0
 700.823343552 -NAN 0 0
 703.004380824833 -NAN 0 0
 705.186018586024 -NAN 0 0
 707.368262792811 -NAN 0 0
 709.551119402432 -NAN 0 0
 711.734594372125 -NAN 0 0
 713.918693659128 -NAN 0 0
 716.103423220679 -NAN 0 0
 718.288789014016 -NAN 0 0
 720.474796996377 -NAN 0 0
 722.661453125 -NAN 0 0
 724.848763357123 -NAN 0 0
 727.036733649984 -NAN 0 0
 729.225369960821 -NAN 0 0
 731.414678246872 -NAN 0 0
 733.604664465375 -NAN 0 0
 735.795334573568 -NAN 0 0
[END] of [DATA]
[END] of Spectrum


[Spectrum]
Version            = 1
IDData             = 12ad_2026-06-11_10-18-45_000_478
IDDevice           = SAM_82E6
IDDataType         = SPECTRUM
IDDataTypeSub1     = CALIBRATED
IDDataTypeSub2     = 
IDDataTypeSub3     = 
DateTime           = 2026-06-11 10:18:45
PositionLatitude   = 0
PositionLongitude  = 0
Comment            = 20260611_FrameD
CommentSub1        = con
CommentSub2        = left
CommentSub3        = 28cm
IDMethodType       = SAM Control
MethodName         = SAM_82E6
Mission            = No Mission
MissionSub         = 1
RecordType         = 0
[Attributes]
CalFactor = 1
IDBasisSpec = 
IDDataBack = DLAB_2024-11-11_10-40-48_641_639
IDDataCal = DLAB_2024-11-12_11-45-27_171_455
IntegrationTime = 128
P31 = -1
P31e = 0
PathLength = +INF
PathLengthCustomOn = 0
RAWDynamic = 65535
Salinity = 0
Temperature = -NAN
Unit1 = $01 $01 Wavelength nm
Unit2 = $03 $06 Intensity mW/(m^2 nm)
Unit3 = $f0 $06 Error mW/(m^2 nm)
Unit4 = $f1 $00 Status 
p999 = 8592
[END] of [Attributes]
[DATA]
 0 6 0 0
 185.260577530984 -NAN 0 0
 187.468128380571 -NAN 0 0
 189.674861895872 -NAN 0 0
 191.880784034125 -NAN 0 0
 194.085900752568 -NAN 0 0
 196.290218008439 -NAN 0 0
 198.493741758976 -NAN 0 0
 200.696477961417 -NAN 0 0
 202.898432573 -NAN 0 0
 205.099611550963 -NAN 0 0
 207.300020852544 -NAN 0 0
 209.499666434981 -NAN 0 0
 211.698554255512 -NAN 0 0
 213.896690271375 -NAN 0 0
 216.094080439808 -NAN 0 0
 218.290730718049 -NAN 0 0
 220.486647063336 -NAN 0 0
 222.681835432907 -NAN 0 0
 224.876301784 -NAN 0 0
 227.070052073853 -NAN 0 0
 229.263092259704 -NAN 0 0
 231.455428298791 -NAN 0 0
 233.647066148352 -NAN 0 0
 235.838011765625 -NAN 0 0
 238.028271107848 -NAN 0 0
 240.217850132259 -NAN 0 0
 242.406754796096 -NAN 0 0
 244.594991056597 -NAN 0 0
 246.782564871 -NAN 0 0
 248.969482196543 -NAN 0 0
 251.155748990464 -NAN 0 0
 253.341371210001 -NAN 0 0
 255.526354812392 -NAN 0 0
 257.710705754875 -NAN 0 0
 259.894429994688 -NAN 0 0
 262.077533489069 -NAN 0 0
 264.260022195256 -NAN 0 0
 266.441902070487 -NAN 0 0
 268.623179072 -NAN 0 0
 270.803859157033 -NAN 0 0
 272.983948282824 -NAN 0 0
 275.163452406611 -NAN 0 0
 277.342377485632 -NAN 0 0
 279.520729477125 0.97301010555272 0 0
 281.698514338328 1.47388717564988 0 0
 283.875738026479 -1.00200911995117 0 0
 286.052406498816 1.33972973104076 0 0
 288.228525712577 1.41794273161307 0 0
 290.404101625 -1.06414601709688 0 0
 292.579140193323 1.59474296584457 0 0
 294.753647374784 1.41416320606969 0 0
 296.927629126621 -0.632674668068416 0 0
 299.101091406072 1.67024000626218 0 0
 301.274040170375 1.16318434380918 0 0
 303.446481376768 -0.47040698133894 0 0
 305.618420982489 1.72834535302971 0 0
 307.789864944776 1.05804099936373 0 0
 309.960819220867 -0.370757217052917 0 0
 312.131289768 2.30981250883978 0 0
 314.301282543413 2.3128354372438 0 0
 316.470803504344 3.72389056315729 0 0
 318.639858608031 10.8480322277602 0 0
 320.808453811712 14.430983340988 0 0
 322.976595072625 17.5184488369595 0 0
 325.144288348008 22.9670980553446 0 0
 327.311539595099 22.1806035271104 0 0
 329.478354771136 21.1584172047667 0 0
 331.644739833357 23.4662344801312 0 0
 333.810700739 20.3462748842029 0 0
 335.976243445303 18.2725615402401 0 0
 338.141373909504 19.2079755771564 0 0
 340.306098088841 15.361617494738 0 0
 342.470421940552 13.7728856630045 0 0
 344.634351421875 14.7619503596055 0 0
 346.797892490048 11.3504817024904 0 0
 348.961051102309 10.4032152491936 0 0
 351.123833215896 11.4772195071744 0 0
 353.286244788047 8.54059188512141 0 0
 355.448291776 8.38912201649613 0 0
 357.609980136993 9.70686058613934 0 0
 359.771315828264 8.18666946629081 0 0
 361.932304807051 12.3094626593297 0 0
 364.092953030592 18.0406684039503 0 0
 366.253266456125 15.5953441103812 0 0
 368.413251040888 11.3507775016747 0 0
 370.572912742119 9.14476752733316 0 0
 372.732257517056 4.96596108980996 0 0
 374.891291322937 5.4517082145803 0 0
 377.050020117 6.18452654187684 0 0
 379.208449856483 2.880947187037 0 0
 381.366586498624 4.09747176807308 0 0
 383.524436000661 4.69833875749537 0 0
 385.682004319832 1.5509558227482 0 0
 387.839297413375 3.38907354251219 0 0
 389.996321238528 3.78857236758091 0 0
 392.153081752529 1.03106419395596 0 0
 394.309584912616 3.365273857371 0 0
 396.465836676027 3.32965663278464 0 0
 398.621843 1.80382538552881 0 0
 400.777609841773 8.25230308978475 0 0
 402.933143158584 15.5701723271062 0 0
 405.088448907671 16.2399352083766 0 0
 407.243533046272 14.3263902412271 0 0
 409.398401531625 8.34930594432333 0 0
 411.553060320968 5.30311456757372 0 0
 413.707515371539 8.46127559361998 0 0
 415.861772640576 10.1982992705804 0 0
 418.015838085317 12.8061031983634 0 0
 420.169717663 19.889034120114 0 0
 422.323417330863 26.5681160784879 0 0
 424.476943046144 35.9794566810856 0 0
 426.630300766081 51.686951939167 0 0
 428.783496447912 70.3133583272807 0 0
 430.936536048875 99.465541828877 0 0
 433.089425526208 153.966237373335 0 0
 435.242170837149 211.961151160288 0 0
 437.394777938936 260.778036711704 0 0
 439.547252788807 311.808130453729 0 0
 441.699601344 392.426953576359 0 0
 443.851829561753 495.22365387792 0 0
 446.003943399304 593.864594734459 0 0
 448.155948813891 650.267072682735 0 0
 450.307851762752 645.972799825141 0 0
 452.459658203125 583.546101105871 0 0
 454.611374092248 489.098004105799 0 0
 456.763005387359 400.335430797319 0 0
 458.914558045696 334.90210584094 0 0
 461.066038024497 287.287024695658 0 0
 463.217451281 253.010985992778 0 0
 465.368803772443 221.927132653436 0 0
 467.520101456064 186.83699743871 0 0
 469.671350289101 156.366207203258 0 0
 471.822556228792 132.2735756725 0 0
 473.973725232375 111.943825366394 0 0
 476.124863257088 101.661990271481 0 0
 478.275976260169 96.281505154327 0 0
 480.427070198856 90.5443306915003 0 0
 482.578151030387 89.7822265831258 0 0
 484.729224712 89.8797685199324 0 0
 486.880297200933 88.500825877958 0 0
 489.031374454424 92.0296553889827 0 0
 491.182462429711 96.4310723470206 0 0
 493.333567084032 99.1969454258639 0 0
 495.484694374625 106.337457081251 0 0
 497.635850258728 112.247317554342 0 0
 499.787040693579 115.932188178899 0 0
 501.938271636416 122.941957893573 0 0
 504.089549044477 -NAN 0 0
 506.240878875 -NAN 0 0
 508.392267085223 -NAN 0 0
 510.543719632384 -NAN 0 0
 512.695242473721 -NAN 0 0
 514.846841566472 -NAN 0 0
 516.998522867875 -NAN 0 0
 519.150292335168 -NAN 0 0
 521.302155925589 -NAN 0 0
 523.454119596376 -NAN 0 0
 525.606189304767 -NAN 0 0
 527.758371008 -NAN 0 0
 529.910670663313 -NAN 0 0
 532.063094227944 -NAN 0 0
 534.215647659131 -NAN 0 0
 536.368336914112 -NAN 0 0
 538.521167950125 -NAN 0 0
 540.674146724408 -NAN 0 0
 542.827279194199 -NAN 0 0
 544.980571316736 -NAN 0 0
 547.134029049257 -NAN 0 0
 549.287658349 -NAN 0 0
 551.441465173203 -NAN 0 0
 553.595455479104 -NAN 0 0
 555.749635223941 -NAN 0 0
 557.904010364952 -NAN 0 0
 560.058586859375 -NAN 0 0
 562.213370664448 -NAN 0 0
 564.368367737409 -NAN 0 0
 566.523584035496 -NAN 0 0
 568.679025515947 -NAN 0 0
 570.834698136 -NAN 0 0
 572.990607852893 -NAN 0 0
 575.146760623864 -NAN 0 0
 577.303162406151 -NAN 0 0
 579.459819156992 -NAN 0 0
 581.616736833625 -NAN 0 0
 583.773921393288 -NAN 0 0
 585.931378793219 -NAN 0 0
 588.089114990656 -NAN 0 0
 590.247135942837 -NAN 0 0
 592.405447607 -NAN 0 0
 594.564055940383 -NAN 0 0
 596.722966900224 -NAN 0 0
 598.882186443761 -NAN 0 0
 601.041720528232 -NAN 0 0
 603.201575110875 -NAN 0 0
 605.361756148928 -NAN 0 0
 607.522269599629 -NAN 0 0
 609.683121420216 -NAN 0 0
 611.844317567927 -NAN 0 0
 614.005864 -NAN 0 0
 616.167766673673 -NAN 0 0
 618.330031546184 -NAN 0 0
 620.492664574771 -NAN 0 0
 622.655671716672 -NAN 0 0
 624.819058929125 -NAN 0 0
 626.982832169368 -NAN 0 0
 629.146997394639 -NAN 0 0
 631.311560562176 -NAN 0 0
 633.476527629217 -NAN 0 0
 635.641904553 -NAN 0 0
 637.807697290763 -NAN 0 0
 639.973911799744 -NAN 0 0
 642.140554037181 -NAN 0 0
 644.307629960312 -NAN 0 0
 646.475145526375 -NAN 0 0
 648.643106692608 -NAN 0 0
 650.811519416249 -NAN 0 0
 652.980389654536 -NAN 0 0
 655.149723364707 -NAN 0 0
 657.319526504 -NAN 0 0
 659.489805029653 -NAN 0 0
 661.660564898904 -NAN 0 0
 663.831812068991 -NAN 0 0
 666.003552497152 -NAN 0 0
 668.175792140625 -NAN 0 0
 670.348536956648 -NAN 0 0
 672.521792902459 -NAN 0 0
 674.695565935296 -NAN 0 0
 676.869862012397 -NAN 0 0
 679.044687091 -NAN 0 0
 681.220047128343 -NAN 0 0
 683.395948081664 -NAN 0 0
 685.572395908201 -NAN 0 0
 687.749396565192 -NAN 0 0
 689.926956009875 -NAN 0 0
 692.105080199488 -NAN 0 0
 694.283775091269 -NAN 0 0
 696.463046642456 -NAN 0 0
 698.642900810287 -NAN 0 0
 700.823343552 -NAN 0 0
 703.004380824833 -NAN 0 0
 705.186018586024 -NAN 0 0
 707.368262792811 -NAN 0 0
 709.551119402432 -NAN 0 0
 711.734594372125 -NAN 0 0
 713.918693659128 -NAN 0 0
 716.103423220679 -NAN 0 0
 718.288789014016 -NAN 0 0
 720.474796996377 -NAN 0 0
 722.661453125 -NAN 0 0
 724.848763357123 -NAN 0 0
 727.036733649984 -NAN 0 0
 729.225369960821 -NAN 0 0
 731.414678246872 -NAN 0 0
 733.604664465375 -NAN 0 0
 735.795334573568 -NAN 0 0
[END] of [DATA]
[END] of Spectrum


[Spectrum]
Version            = 1
IDData             = 12ad_2026-06-11_10-18-40_000_475
IDDevice           = SAM_82E6
IDDataType         = SPECTRUM
IDDataTypeSub1     = CALIBRATED
IDDataTypeSub2     = 
IDDataTypeSub3     = 
DateTime           = 2026-06-11 10:18:40
PositionLatitude   = 0
PositionLongitude  = 0
Comment            = 20260611_FrameD
CommentSub1        = con
CommentSub2        = left
CommentSub3        = 28cm
IDMethodType       = SAM Control
MethodName         = SAM_82E6
Mission            = No Mission
MissionSub         = 1
RecordType         = 0
[Attributes]
CalFactor = 1
IDBasisSpec = 
IDDataBack = DLAB_2024-11-11_10-40-48_641_639
IDDataCal = DLAB_2024-11-12_11-45-27_171_455
IntegrationTime = 128
P31 = -1
P31e = 0
PathLength = +INF
PathLengthCustomOn = 0
RAWDynamic = 65535
Salinity = 0
Temperature = -NAN
Unit1 = $01 $01 Wavelength nm
Unit2 = $03 $06 Intensity mW/(m^2 nm)
Unit3 = $f0 $06 Error mW/(m^2 nm)
Unit4 = $f1 $00 Status 
p999 = 8591
[END] of [Attributes]
[DATA]
 0 6 0 0
 185.260577530984 -NAN 0 0
 187.468128380571 -NAN 0 0
 189.674861895872 -NAN 0 0
 191.880784034125 -NAN 0 0
 194.085900752568 -NAN 0 0
 196.290218008439 -NAN 0 0
 198.493741758976 -NAN 0 0
 200.696477961417 -NAN 0 0
 202.898432573 -NAN 0 0
 205.099611550963 -NAN 0 0
 207.300020852544 -NAN 0 0
 209.499666434981 -NAN 0 0
 211.698554255512 -NAN 0 0
 213.896690271375 -NAN 0 0
 216.094080439808 -NAN 0 0
 218.290730718049 -NAN 0 0
 220.486647063336 -NAN 0 0
 222.681835432907 -NAN 0 0
 224.876301784 -NAN 0 0
 227.070052073853 -NAN 0 0
 229.263092259704 -NAN 0 0
 231.455428298791 -NAN 0 0
 233.647066148352 -NAN 0 0
 235.838011765625 -NAN 0 0
 238.028271107848 -NAN 0 0
 240.217850132259 -NAN 0 0
 242.406754796096 -NAN 0 0
 244.594991056597 -NAN 0 0
 246.782564871 -NAN 0 0
 248.969482196543 -NAN 0 0
 251.155748990464 -NAN 0 0
 253.341371210001 -NAN 0 0
 255.526354812392 -NAN 0 0
 257.710705754875 -NAN 0 0
 259.894429994688 -NAN 0 0
 262.077533489069 -NAN 0 0
 264.260022195256 -NAN 0 0
 266.441902070487 -NAN 0 0
 268.623179072 -NAN 0 0
 270.803859157033 -NAN 0 0
 272.983948282824 -NAN 0 0
 275.163452406611 -NAN 0 0
 277.342377485632 -NAN 0 0
 279.520729477125 0.259441868224877 0 0
 281.698514338328 -0.663778609092578 0 0
 283.875738026479 2.00161732167917 0 0
 286.052406498816 -0.0148677313592576 0 0
 288.228525712577 -0.563482111554699 0 0
 290.404101625 2.34283668018795 0 0
 292.579140193323 -0.202451011597393 0 0
 294.753647374784 -0.257073210768017 0 0
 296.927629126621 2.02215729841243 0 0
 299.101091406072 -0.213875516107518 0 0
 301.274040170375 0.205894393719566 0 0
 303.446481376768 1.8133580587303 0 0
 305.618420982489 -0.165480485460453 0 0
 307.789864944776 0.426319885116642 0 0
 309.960819220867 1.9862537819365 0 0
 312.131289768 0.186463095576474 0 0
 314.301282543413 1.98143666973015 0 0
 316.470803504344 6.14663894582162 0 0
 318.639858608031 8.18896333249986 0 0
 320.808453811712 14.0276590213071 0 0
 322.976595072625 19.9019951876812 0 0
 325.144288348008 19.59317925351 0 0
 327.311539595099 21.921122792019 0 0
 329.478354771136 23.3583384442585 0 0
 331.644739833357 19.8198538525972 0 0
 333.810700739 20.7770177373606 0 0
 335.976243445303 20.1347029447703 0 0
 338.141373909504 15.5466904798532 0 0
 340.306098088841 16.3185040587267 0 0
 342.470421940552 15.0967385735714 0 0
 344.634351421875 11.5967023153317 0 0
 346.797892490048 12.6152350111066 0 0
 348.961051102309 11.281028319204 0 0
 351.123833215896 8.61935577484129 0 0
 353.286244788047 9.74114430604258 0 0
 355.448291776 8.9925727234439 0 0
 357.609980136993 7.22361981113204 0 0
 359.771315828264 9.50643254565514 0 0
 361.932304807051 12.6289948510043 0 0
 364.092953030592 15.4631207177629 0 0
 366.253266456125 17.5327590651137 0 0
 368.413251040888 11.5944498767328 0 0
 370.572912742119 6.14168803818072 0 0
 372.732257517056 7.34147147160308 0 0
 374.891291322937 5.23793789971957 0 0
 377.050020117 3.35806420518072 0 0
 379.208449856483 5.63085352199348 0 0
 381.366586498624 3.64381349323657 0 0
 383.524436000661 2.16996706407281 0 0
 385.682004319832 4.6787169278916 0 0
 387.839297413375 2.47519343115189 0 0
 389.996321238528 1.66895693834868 0 0
 392.153081752529 4.23231579438098 0 0
 394.309584912616 1.94572798092952 0 0
 396.465836676027 1.73876852869774 0 0
 398.621843 4.76933346337067 0 0
 400.777609841773 6.66438954678796 0 0
 402.933143158584 13.9771555107799 0 0
 405.088448907671 18.6759505257607 0 0
 407.243533046272 12.4053876847732 0 0
 409.398401531625 7.40399515436025 0 0
 411.553060320968 7.74837396731829 0 0
 413.707515371539 6.6698387750496 0 0
 415.861772640576 9.61349074132469 0 0
 418.015838085317 14.719972402662 0 0
 420.169717663 18.2912008833289 0 0
 422.323417330863 26.3401390838759 0 0
 424.476943046144 37.6437838124278 0 0
 426.630300766081 49.8716646840786 0 0
 428.783496447912 70.2703669338743 0 0
 430.936536048875 100.891918481003 0 0
 433.089425526208 151.85558783273 0 0
 435.242170837149 211.589516140888 0 0
 437.394777938936 261.571744726996 0 0
 439.547252788807 309.728684089249 0 0
 441.699601344 392.932452625322 0 0
 443.851829561753 496.280834923231 0 0
 446.003943399304 591.942147139036 0 0
 448.155948813891 651.090967586227 0 0
 450.307851762752 646.77090464942 0 0
 452.459658203125 581.431335843731 0 0
 454.611374092248 490.076536324478 0 0
 456.763005387359 401.023689185493 0 0
 458.914558045696 332.479884509764 0 0
 461.066038024497 288.61055964975 0 0
 463.217451281 253.556274351899 0 0
 465.368803772443 219.479327665622 0 0
 467.520101456064 188.478872855497 0 0
 469.671350289101 156.798124301229 0 0
 471.822556228792 129.738731007513 0 0
 473.973725232375 113.849817592623 0 0
 476.124863257088 101.824738133224 0 0
 478.275976260169 94.0245646255693 0 0
 480.427070198856 92.6127596641889 0 0
 482.578151030387 89.6248498011882 0 0
 484.729224712 87.8915592738214 0 0
 486.880297200933 90.6988831401674 0 0
 489.031374454424 91.5899158228174 0 0
 491.182462429711 94.5849006636778 0 0
 493.333567084032 101.605081521662 0 0
 495.484694374625 105.484090193508 0 0
 497.635850258728 110.670739908634 0 0
 499.787040693579 118.283737878352 0 0
 501.938271636416 121.937837926114 0 0
 504.089549044477 -NAN 0 0
 506.240878875 -NAN 0 0
 508.392267085223 -NAN 0 0
 510.543719632384 -NAN 0 0
 512.695242473721 -NAN 0 0
 514.846841566472 -NAN 0 0
 516.998522867875 -NAN 0 0
 519.150292335168 -NAN 0 0
 521.302155925589 -NAN 0 0
 523.454119596376 -NAN 0 0
 525.606189304767 -NAN 0 0
 527.758371008 -NAN 0 0
 529.910670663313 -NAN 0 0
 532.063094227944 -NAN 0 0
 534.215647659131 -NAN 0 0
 536.368336914112 -NAN 0 0
 538.521167950125 -NAN 0 0
 540.674146724408 -NAN 0 0
 542.827279194199 -NAN 0 0
 544.980571316736 -NAN 0 0
 547.134029049257 -NAN 0 0
 549.287658349 -NAN 0 0
 551.441465173203 -NAN 0 0
 553.595455479104 -NAN 0 0
 555.749635223941 -NAN 0 0
 557.904010364952 -NAN 0 0
 560.058586859375 -NAN 0 0
 562.213370664448 -NAN 0 0
 564.368367737409 -NAN 0 0
 566.523584035496 -NAN 0 0
 568.679025515947 -NAN 0 0
 570.834698136 -NAN 0 0
 572.990607852893 -NAN 0 0
 575.146760623864 -NAN 0 0
 577.303162406151 -NAN 0 0
 579.459819156992 -NAN 0 0
 581.616736833625 -NAN 0 0
 583.773921393288 -NAN 0 0
 585.931378793219 -NAN 0 0
 588.089114990656 -NAN 0 0
 590.247135942837 -NAN 0 0
 592.405447607 -NAN 0 0
 594.564055940383 -NAN 0 0
 596.722966900224 -NAN 0 0
 598.882186443761 -NAN 0 0
 601.041720528232 -NAN 0 0
 603.201575110875 -NAN 0 0
 605.361756148928 -NAN 0 0
 607.522269599629 -NAN 0 0
 609.683121420216 -NAN 0 0
 611.844317567927 -NAN 0 0
 614.005864 -NAN 0 0
 616.167766673673 -NAN 0 0
 618.330031546184 -NAN 0 0
 620.492664574771 -NAN 0 0
 622.655671716672 -NAN 0 0
 624.819058929125 -NAN 0 0
 626.982832169368 -NAN 0 0
 629.146997394639 -NAN 0 0
 631.311560562176 -NAN 0 0
 633.476527629217 -NAN 0 0
 635.641904553 -NAN 0 0
 637.807697290763 -NAN 0 0
 639.973911799744 -NAN 0 0
 642.140554037181 -NAN 0 0
 644.307629960312 -NAN 0 0
 646.475145526375 -NAN 0 0
 648.643106692608 -NAN 0 0
 650.811519416249 -NAN 0 0
 652.980389654536 -NAN 0 0
 655.149723364707 -NAN 0 0
 657.319526504 -NAN 0 0
 659.489805029653 -NAN 0 0
 661.660564898904 -NAN 0 0
 663.831812068991 -NAN 0 0
 666.003552497152 -NAN 0 0
 668.175792140625 -NAN 0 0
 670.348536956648 -NAN 0 0
 672.521792902459 -NAN 0 0
 674.695565935296 -NAN 0 0
 676.869862012397 -NAN 0 0
 679.044687091 -NAN 0 0
 681.220047128343 -NAN 0 0
 683.395948081664 -NAN 0 0
 685.572395908201 -NAN 0 0
 687.749396565192 -NAN 0 0
 689.926956009875 -NAN 0 0
 692.105080199488 -NAN 0 0
 694.283775091269 -NAN 0 0
 696.463046642456 -NAN 0 0
 698.642900810287 -NAN 0 0
 700.823343552 -NAN 0 0
 703.004380824833 -NAN 0 0
 705.186018586024 -NAN 0 0
 707.368262792811 -NAN 0 0
 709.551119402432 -NAN 0 0
 711.734594372125 -NAN 0 0
 713.918693659128 -NAN 0 0
 716.103423220679 -NAN 0 0
 718.288789014016 -NAN 0 0
 720.474796996377 -NAN 0 0
 722.661453125 -NAN 0 0
 724.848763357123 -NAN 0 0
 727.036733649984 -NAN 0 0
 729.225369960821 -NAN 0 0
 731.414678246872 -NAN 0 0
 733.604664465375 -NAN 0 0
 735.795334573568 -NAN 0 0
[END] of [DATA]
[END] of Spectrum


[Spectrum]
Version            = 1
IDData             = 12ad_2026-06-11_10-18-35_000_472
IDDevice           = SAM_82E6
IDDataType         = SPECTRUM
IDDataTypeSub1     = CALIBRATED
IDDataTypeSub2     = 
IDDataTypeSub3     = 
DateTime           = 2026-06-11 10:18:35
PositionLatitude   = 0
PositionLongitude  = 0
Comment            = 20260611_FrameD
CommentSub1        = con
CommentSub2        = left
CommentSub3        = 28cm
IDMethodType       = SAM Control
MethodName         = SAM_82E6
Mission            = No Mission
MissionSub         = 1
RecordType         = 0
[Attributes]
CalFactor = 1
IDBasisSpec = 
IDDataBack = DLAB_2024-11-11_10-40-48_641_639
IDDataCal = DLAB_2024-11-12_11-45-27_171_455
IntegrationTime = 128
P31 = -1
P31e = 0
PathLength = +INF
PathLengthCustomOn = 0
RAWDynamic = 65535
Salinity = 0
Temperature = -NAN
Unit1 = $01 $01 Wavelength nm
Unit2 = $03 $06 Intensity mW/(m^2 nm)
Unit3 = $f0 $06 Error mW/(m^2 nm)
Unit4 = $f1 $00 Status 
p999 = 8590
[END] of [Attributes]
[DATA]
 0 6 0 0
 185.260577530984 -NAN 0 0
 187.468128380571 -NAN 0 0
 189.674861895872 -NAN 0 0
 191.880784034125 -NAN 0 0
 194.085900752568 -NAN 0 0
 196.290218008439 -NAN 0 0
 198.493741758976 -NAN 0 0
 200.696477961417 -NAN 0 0
 202.898432573 -NAN 0 0
 205.099611550963 -NAN 0 0
 207.300020852544 -NAN 0 0
 209.499666434981 -NAN 0 0
 211.698554255512 -NAN 0 0
 213.896690271375 -NAN 0 0
 216.094080439808 -NAN 0 0
 218.290730718049 -NAN 0 0
 220.486647063336 -NAN 0 0
 222.681835432907 -NAN 0 0
 224.876301784 -NAN 0 0
 227.070052073853 -NAN 0 0
 229.263092259704 -NAN 0 0
 231.455428298791 -NAN 0 0
 233.647066148352 -NAN 0 0
 235.838011765625 -NAN 0 0
 238.028271107848 -NAN 0 0
 240.217850132259 -NAN 0 0
 242.406754796096 -NAN 0 0
 244.594991056597 -NAN 0 0
 246.782564871 -NAN 0 0
 248.969482196543 -NAN 0 0
 251.155748990464 -NAN 0 0
 253.341371210001 -NAN 0 0
 255.526354812392 -NAN 0 0
 257.710705754875 -NAN 0 0
 259.894429994688 -NAN 0 0
 262.077533489069 -NAN 0 0
 264.260022195256 -NAN 0 0
 266.441902070487 -NAN 0 0
 268.623179072 -NAN 0 0
 270.803859157033 -NAN 0 0
 272.983948282824 -NAN 0 0
 275.163452406611 -NAN 0 0
 277.342377485632 -NAN 0 0
 279.520729477125 -0.933574486679262 0 0
 281.698514338328 1.02543496515039 0 0
 283.875738026479 1.41134188557128 0 0
 286.052406498816 -1.22282602580386 0 0
 288.228525712577 1.51966446976557 0 0
 290.404101625 1.29006012328048 0 0
 292.579140193323 -0.918509474766426 0 0
 294.753647374784 1.73308055670293 0 0
 296.927629126621 1.03437189911922 0 0
 299.101091406072 -0.561858901643226 0 0
 301.274040170375 1.57975051602999 0 0
 303.446481376768 0.983295203420579 0 0
 305.618420982489 -0.324643588297788 0 0
 307.789864944776 1.6726596807378 0 0
 309.960819220867 0.989846564573712 0 0
 312.131289768 -0.0610922149258734 0 0
 314.301282543413 3.31633416132897 0 0
 316.470803504344 4.93221035662931 0 0
 318.639858608031 8.18381757750178 0 0
 320.808453811712 15.6276452663781 0 0
 322.976595072625 18.1751545276893 0 0
 325.144288348008 19.769310230756 0 0
 327.311539595099 23.5249189738836 0 0
 329.478354771136 21.4782164383642 0 0
 331.644739833357 20.2669537102973 0 0
 333.810700739 22.1832229280815 0 0
 335.976243445303 18.4542693275674 0 0
 338.141373909504 16.3500104168142 0 0
 340.306098088841 17.1681650361125 0 0
 342.470421940552 13.6537258065638 0 0
 344.634351421875 12.3612914336942 0 0
 346.797892490048 13.2192241747246 0 0
 348.961051102309 10.0481577887282 0 0
 351.123833215896 9.34025833795234 0 0
 353.286244788047 10.2470991864308 0 0
 355.448291776 7.71037442989357 0 0
 357.609980136993 7.91323044463989 0 0
 359.771315828264 9.94742917364159 0 0
 361.932304807051 11.3398855966197 0 0
 364.092953030592 16.4543983649256 0 0
 366.253266456125 17.5280877813169 0 0
 368.413251040888 10.0621022047259 0 0
 370.572912742119 7.67399961357427 0 0
 372.732257517056 7.26580996575794 0 0
 374.891291322937 4.04673979301134 0 0
 377.050020117 4.94165559733648 0 0
 379.208449856483 5.39854591303532 0 0
 381.366586498624 2.28990499699551 0 0
 383.524436000661 3.72479485080934 0 0
 385.682004319832 4.03296724997659 0 0
 387.839297413375 1.32186256193131 0 0
 389.996321238528 3.33206142357795 0 0
 392.153081752529 3.40251585634277 0 0
 394.309584912616 0.958454960234399 0 0
 396.465836676027 3.27998333333214 0 0
 398.621843 4.02364418384175 0 0
 400.777609841773 5.79305287700265 0 0
 402.933143158584 15.4320348307024 0 0
 405.088448907671 17.5212080152508 0 0
 407.243533046272 11.6521931140919 0 0
 409.398401531625 8.74003440417474 0 0
 411.553060320968 6.94983188097861 0 0
 413.707515371539 6.36012915336663 0 0
 415.861772640576 10.8770037591582 0 0
 418.015838085317 13.7959677534372 0 0
 420.169717663 18.1171326088657 0 0
 422.323417330863 27.424174271107 0 0
 424.476943046144 36.7614685225322 0 0
 426.630300766081 49.9303615615613 0 0
 428.783496447912 71.238094769768 0 0
 430.936536048875 99.9690173542665 0 0
 433.089425526208 151.677473947447 0 0
 435.242170837149 211.859650843161 0 0
 437.394777938936 260.288063888569 0 0
 439.547252788807 309.856475814487 0 0
 441.699601344 393.461788214806 0 0
 443.851829561753 495.433750823584 0 0
 446.003943399304 592.600929804134 0 0
 448.155948813891 651.703404905329 0 0
 450.307851762752 645.744641044867 0 0
 452.459658203125 581.977858622821 0 0
 454.611374092248 490.791654136378 0 0
 456.763005387359 400.123583889187 0 0
 458.914558045696 333.302262085738 0 0
 461.066038024497 289.028303553659 0 0
 463.217451281 252.579948527949 0 0
 465.368803772443 220.387094931478 0 0
 467.520101456064 188.879434764094 0 0
 469.671350289101 155.585725429731 0 0
 471.822556228792 130.796829168663 0 0
 473.973725232375 114.003970632295 0 0
 476.124863257088 100.624611043905 0 0
 478.275976260169 95.1802604157752 0 0
 480.427070198856 92.6684524205887 0 0
 482.578151030387 88.5555806019245 0 0
 484.729224712 89.0337458109352 0 0
 486.880297200933 90.4729250908207 0 0
 489.031374454424 90.7395288755257 0 0
 491.182462429711 95.9072644102464 0 0
 493.333567084032 101.139708942816 0 0
 495.484694374625 104.762436223588 0 0
 497.635850258728 112.107981882105 0 0
 499.787040693579 117.770593422438 0 0
 501.938271636416 121.197393619992 0 0
 504.089549044477 -NAN 0 0
 506.240878875 -NAN 0 0
 508.392267085223 -NAN 0 0
 510.543719632384 -NAN 0 0
 512.695242473721 -NAN 0 0
 514.846841566472 -NAN 0 0
 516.998522867875 -NAN 0 0
 519.150292335168 -NAN 0 0
 521.302155925589 -NAN 0 0
 523.454119596376 -NAN 0 0
 525.606189304767 -NAN 0 0
 527.758371008 -NAN 0 0
 529.910670663313 -NAN 0 0
 532.063094227944 -NAN 0 0
 534.215647659131 -NAN 0 0
 536.368336914112 -NAN 0 0
 538.521167950125 -NAN 0 0
 540.674146724408 -NAN 0 0
 542.827279194199 -NAN 0 0
 544.980571316736 -NAN 0 0
 547.134029049257 -NAN 0 0
 549.287658349 -NAN 0 0
 551.441465173203 -NAN 0 0
 553.595455479104 -NAN 0 0
 555.749635223941 -NAN 0 0
 557.904010364952 -NAN 0 0
 560.058586859375 -NAN 0 0
 562.213370664448 -NAN 0 0
 564.368367737409 -NAN 0 0
 566.523584035496 -NAN 0 0
 568.679025515947 -NAN 0 0
 570.834698136 -NAN 0 0
 572.990607852893 -NAN 0 0
 575.146760623864 -NAN 0 0
 577.303162406151 -NAN 0 0
 579.459819156992 -NAN 0 0
 581.616736833625 -NAN 0 0
 583.773921393288 -NAN 0 0
 585.931378793219 -NAN 0 0
 588.089114990656 -NAN 0 0
 590.247135942837 -NAN 0 0
 592.405447607 -NAN 0 0
 594.564055940383 -NAN 0 0
 596.722966900224 -NAN 0 0
 598.882186443761 -NAN 0 0
 601.041720528232 -NAN 0 0
 603.201575110875 -NAN 0 0
 605.361756148928 -NAN 0 0
 607.522269599629 -NAN 0 0
 609.683121420216 -NAN 0 0
 611.844317567927 -NAN 0 0
 614.005864 -NAN 0 0
 616.167766673673 -NAN 0 0
 618.330031546184 -NAN 0 0
 620.492664574771 -NAN 0 0
 622.655671716672 -NAN 0 0
 624.819058929125 -NAN 0 0
 626.982832169368 -NAN 0 0
 629.146997394639 -NAN 0 0
 631.311560562176 -NAN 0 0
 633.476527629217 -NAN 0 0
 635.641904553 -NAN 0 0
 637.807697290763 -NAN 0 0
 639.973911799744 -NAN 0 0
 642.140554037181 -NAN 0 0
 644.307629960312 -NAN 0 0
 646.475145526375 -NAN 0 0
 648.643106692608 -NAN 0 0
 650.811519416249 -NAN 0 0
 652.980389654536 -NAN 0 0
 655.149723364707 -NAN 0 0
 657.319526504 -NAN 0 0
 659.489805029653 -NAN 0 0
 661.660564898904 -NAN 0 0
 663.831812068991 -NAN 0 0
 666.003552497152 -NAN 0 0
 668.175792140625 -NAN 0 0
 670.348536956648 -NAN 0 0
 672.521792902459 -NAN 0 0
 674.695565935296 -NAN 0 0
 676.869862012397 -NAN 0 0
 679.044687091 -NAN 0 0
 681.220047128343 -NAN 0 0
 683.395948081664 -NAN 0 0
 685.572395908201 -NAN 0 0
 687.749396565192 -NAN 0 0
 689.926956009875 -NAN 0 0
 692.105080199488 -NAN 0 0
 694.283775091269 -NAN 0 0
 696.463046642456 -NAN 0 0
 698.642900810287 -NAN 0 0
 700.823343552 -NAN 0 0
 703.004380824833 -NAN 0 0
 705.186018586024 -NAN 0 0
 707.368262792811 -NAN 0 0
 709.551119402432 -NAN 0 0
 711.734594372125 -NAN 0 0
 713.918693659128 -NAN 0 0
 716.103423220679 -NAN 0 0
 718.288789014016 -NAN 0 0
 720.474796996377 -NAN 0 0
 722.661453125 -NAN 0 0
 724.848763357123 -NAN 0 0
 727.036733649984 -NAN 0 0
 729.225369960821 -NAN 0 0
 731.414678246872 -NAN 0 0
 733.604664465375 -NAN 0 0
 735.795334573568 -NAN 0 0
[END] of [DATA]
[END] of Spectrum


[Spectrum]
Version            = 1
IDData             = 12ad_2026-06-11_10-18-30_000_469
IDDevice           = SAM_82E6
IDDataType         = SPECTRUM
IDDataTypeSub1     = CALIBRATED
IDDataTypeSub2     = 
IDDataTypeSub3     = 
DateTime           = 2026-06-11 10:18:30
PositionLatitude   = 0
PositionLongitude  = 0
Comment            = 20260611_FrameD
CommentSub1        = con
CommentSub2        = left
CommentSub3        = 28cm
IDMethodType       = SAM Control
MethodName         = SAM_82E6
Mission            = No Mission
MissionSub         = 1
RecordType         = 0
[Attributes]
CalFactor = 1
IDBasisSpec = 
IDDataBack = DLAB_2024-11-11_10-40-48_641_639
IDDataCal = DLAB_2024-11-12_11-45-27_171_455
IntegrationTime = 128
P31 = -1
P31e = 0
PathLength = +INF
PathLengthCustomOn = 0
RAWDynamic = 65535
Salinity = 0
Temperature = -NAN
Unit1 = $01 $01 Wavelength nm
Unit2 = $03 $06 Intensity mW/(m^2 nm)
Unit3 = $f0 $06 Error mW/(m^2 nm)
Unit4 = $f1 $00 Status 
p999 = 8589
[END] of [Attributes]
[DATA]
 0 6 0 0
 185.260577530984 -NAN 0 0
 187.468128380571 -NAN 0 0
 189.674861895872 -NAN 0 0
 191.880784034125 -NAN 0 0
 194.085900752568 -NAN 0 0
 196.290218008439 -NAN 0 0
 198.493741758976 -NAN 0 0
 200.696477961417 -NAN 0 0
 202.898432573 -NAN 0 0
 205.099611550963 -NAN 0 0
 207.300020852544 -NAN 0 0
 209.499666434981 -NAN 0 0
 211.698554255512 -NAN 0 0
 213.896690271375 -NAN 0 0
 216.094080439808 -NAN 0 0
 218.290730718049 -NAN 0 0
 220.486647063336 -NAN 0 0
 222.681835432907 -NAN 0 0
 224.876301784 -NAN 0 0
 227.070052073853 -NAN 0 0
 229.263092259704 -NAN 0 0
 231.455428298791 -NAN 0 0
 233.647066148352 -NAN 0 0
 235.838011765625 -NAN 0 0
 238.028271107848 -NAN 0 0
 240.217850132259 -NAN 0 0
 242.406754796096 -NAN 0 0
 244.594991056597 -NAN 0 0
 246.782564871 -NAN 0 0
 248.969482196543 -NAN 0 0
 251.155748990464 -NAN 0 0
 253.341371210001 -NAN 0 0
 255.526354812392 -NAN 0 0
 257.710705754875 -NAN 0 0
 259.894429994688 -NAN 0 0
 262.077533489069 -NAN 0 0
 264.260022195256 -NAN 0 0
 266.441902070487 -NAN 0 0
 268.623179072 -NAN 0 0
 270.803859157033 -NAN 0 0
 272.983948282824 -NAN 0 0
 275.163452406611 -NAN 0 0
 277.342377485632 -NAN 0 0
 279.520729477125 -0.500203201181726 0 0
 281.698514338328 1.99817095527174 0 0
 283.875738026479 -0.0798802688065495 0 0
 286.052406498816 -0.351702255771693 0 0
 288.228525712577 2.35349618250862 0 0
 290.404101625 -0.350177385271501 0 0
 292.579140193323 -0.123515432980334 0 0
 294.753647374784 2.23404085855601 0 0
 296.927629126621 -0.30637537807053 0 0
 299.101091406072 0.1960775134277 0 0
 301.274040170375 1.87912119133074 0 0
 303.446481376768 -0.209374057103383 0 0
 305.618420982489 0.262539210007509 0 0
 307.789864944776 1.83299498892234 0 0
 309.960819220867 -0.151374716917725 0 0
 312.131289768 0.877367462160297 0 0
 314.301282543413 3.21865873511442 0 0
 316.470803504344 3.6420327005055 0 0
 318.639858608031 9.0714603146714 0 0
 320.808453811712 15.1803945356427 0 0
 322.976595072625 16.7408080511488 0 0
 325.144288348008 20.6615146892642 0 0
 327.311539595099 22.8476302755093 0 0
 329.478354771136 19.9342554873213 0 0
 331.644739833357 21.2884732527246 0 0
 333.810700739 21.1529925988797 0 0
 335.976243445303 16.9715337829767 0 0
 338.141373909504 17.4454466944884 0 0
 340.306098088841 16.223494045281 0 0
 342.470421940552 12.530218588694 0 0
 344.634351421875 13.5006298238857 0 0
 346.797892490048 12.0523171106146 0 0
 348.961051102309 9.20157127061532 0 0
 351.123833215896 10.3745967980682 0 0
 353.286244788047 9.25263614566776 0 0
 355.448291776 7.25213913370863 0 0
 357.609980136993 8.8833969569972 0 0
 359.771315828264 8.85031561133383 0 0
 361.932304807051 10.812822187672 0 0
 364.092953030592 17.3553545863788 0 0
 366.253266456125 16.4209935214698 0 0
 368.413251040888 9.78569771958547 0 0
 370.572912742119 8.676282103053 0 0
 372.732257517056 6.02913569780633 0 0
 374.891291322937 4.03060618434261 0 0
 377.050020117 6.34040269807336 0 0
 379.208449856483 3.87035369025035 0 0
 381.366586498624 2.47645606328342 0 0
 383.524436000661 4.80777361999877 0 0
 385.682004319832 2.60776641898355 0 0
 387.839297413375 1.68741460647543 0 0
 389.996321238528 4.20013454171281 0 0
 392.153081752529 1.93718352428866 0 0
 394.309584912616 1.48209147949811 0 0
 396.465836676027 4.03716551958109 0 0
 398.621843 2.50307494124365 0 0
 400.777609841773 6.36267296859364 0 0
 402.933143158584 15.8958726626637 0 0
 405.088448907671 15.9143960963712 0 0
 407.243533046272 12.3008433279594 0 0
 409.398401531625 8.97378398132924 0 0
 411.553060320968 5.42774889872895 0 0
 413.707515371539 7.16834398803248 0 0
 415.861772640576 11.0300949971832 0 0
 418.015838085317 12.7579369985634 0 0
 420.169717663 18.9742296559511 0 0
 422.323417330863 27.3307861046394 0 0
 424.476943046144 35.8241194821603 0 0
 426.630300766081 50.7434859525709 0 0
 428.783496447912 71.1065916840543 0 0
 430.936536048875 99.0988534347717 0 0
 433.089425526208 152.104947272126 0 0
 435.242170837149 211.058837317487 0 0
 437.394777938936 259.113088276808 0 0
 439.547252788807 310.312643745085 0 0
 441.699601344 393.067252371712 0 0
 443.851829561753 494.730637539291 0 0
 446.003943399304 593.26826808826 0 0
 448.155948813891 651.124309446006 0 0
 450.307851762752 645.003350462317 0 0
 452.459658203125 583.017178212888 0 0
 454.611374092248 490.129789778555 0 0
 456.763005387359 399.549547105859 0 0
 458.914558045696 334.457982028672 0 0
 461.066038024497 288.135758041892 0 0
 463.217451281 252.04400796927 0 0
 465.368803772443 221.362416970607 0 0
 467.520101456064 187.825549956449 0 0
 469.671350289101 155.299945695735 0 0
 471.822556228792 131.92488423303 0 0
 473.973725232375 112.841216275912 0 0
 476.124863257088 100.412042408158 0 0
 478.275976260169 96.2470565298113 0 0
 480.427070198856 91.4922214054249 0 0
 482.578151030387 88.6024587922889 0 0
 484.729224712 90.0060572466387 0 0
 486.880297200933 89.4527580561464 0 0
 489.031374454424 90.9073684045964 0 0
 491.182462429711 96.7583126998454 0 0
 493.333567084032 100.00411078391 0 0
 495.484694374625 105.067921646438 0 0
 497.635850258728 112.726763922592 0 0
 499.787040693579 116.54426514644 0 0
 501.938271636416 121.533176503 0 0
 504.089549044477 -NAN 0 0
 506.240878875 -NAN 0 0
 508.392267085223 -NAN 0 0
 510.543719632384 -NAN 0 0
 512.695242473721 -NAN 0 0
 514.846841566472 -NAN 0 0
 516.998522867875 -NAN 0 0
 519.150292335168 -NAN 0 0
 521.302155925589 -NAN 0 0
 523.454119596376 -NAN 0 0
 525.606189304767 -NAN 0 0
 527.758371008 -NAN 0 0
 529.910670663313 -NAN 0 0
 532.063094227944 -NAN 0 0
 534.215647659131 -NAN 0 0
 536.368336914112 -NAN 0 0
 538.521167950125 -NAN 0 0
 540.674146724408 -NAN 0 0
 542.827279194199 -NAN 0 0
 544.980571316736 -NAN 0 0
 547.134029049257 -NAN 0 0
 549.287658349 -NAN 0 0
 551.441465173203 -NAN 0 0
 553.595455479104 -NAN 0 0
 555.749635223941 -NAN 0 0
 557.904010364952 -NAN 0 0
 560.058586859375 -NAN 0 0
 562.213370664448 -NAN 0 0
 564.368367737409 -NAN 0 0
 566.523584035496 -NAN 0 0
 568.679025515947 -NAN 0 0
 570.834698136 -NAN 0 0
 572.990607852893 -NAN 0 0
 575.146760623864 -NAN 0 0
 577.303162406151 -NAN 0 0
 579.459819156992 -NAN 0 0
 581.616736833625 -NAN 0 0
 583.773921393288 -NAN 0 0
 585.931378793219 -NAN 0 0
 588.089114990656 -NAN 0 0
 590.247135942837 -NAN 0 0
 592.405447607 -NAN 0 0
 594.564055940383 -NAN 0 0
 596.722966900224 -NAN 0 0
 598.882186443761 -NAN 0 0
 601.041720528232 -NAN 0 0
 603.201575110875 -NAN 0 0
 605.361756148928 -NAN 0 0
 607.522269599629 -NAN 0 0
 609.683121420216 -NAN 0 0
 611.844317567927 -NAN 0 0
 614.005864 -NAN 0 0
 616.167766673673 -NAN 0 0
 618.330031546184 -NAN 0 0
 620.492664574771 -NAN 0 0
 622.655671716672 -NAN 0 0
 624.819058929125 -NAN 0 0
 626.982832169368 -NAN 0 0
 629.146997394639 -NAN 0 0
 631.311560562176 -NAN 0 0
 633.476527629217 -NAN 0 0
 635.641904553 -NAN 0 0
 637.807697290763 -NAN 0 0
 639.973911799744 -NAN 0 0
 642.140554037181 -NAN 0 0
 644.307629960312 -NAN 0 0
 646.475145526375 -NAN 0 0
 648.643106692608 -NAN 0 0
 650.811519416249 -NAN 0 0
 652.980389654536 -NAN 0 0
 655.149723364707 -NAN 0 0
 657.319526504 -NAN 0 0
 659.489805029653 -NAN 0 0
 661.660564898904 -NAN 0 0
 663.831812068991 -NAN 0 0
 666.003552497152 -NAN 0 0
 668.175792140625 -NAN 0 0
 670.348536956648 -NAN 0 0
 672.521792902459 -NAN 0 0
 674.695565935296 -NAN 0 0
 676.869862012397 -NAN 0 0
 679.044687091 -NAN 0 0
 681.220047128343 -NAN 0 0
 683.395948081664 -NAN 0 0
 685.572395908201 -NAN 0 0
 687.749396565192 -NAN 0 0
 689.926956009875 -NAN 0 0
 692.105080199488 -NAN 0 0
 694.283775091269 -NAN 0 0
 696.463046642456 -NAN 0 0
 698.642900810287 -NAN 0 0
 700.823343552 -NAN 0 0
 703.004380824833 -NAN 0 0
 705.186018586024 -NAN 0 0
 707.368262792811 -NAN 0 0
 709.551119402432 -NAN 0 0
 711.734594372125 -NAN 0 0
 713.918693659128 -NAN 0 0
 716.103423220679 -NAN 0 0
 718.288789014016 -NAN 0 0
 720.474796996377 -NAN 0 0
 722.661453125 -NAN 0 0
 724.848763357123 -NAN 0 0
 727.036733649984 -NAN 0 0
 729.225369960821 -NAN 0 0
 731.414678246872 -NAN 0 0
 733.604664465375 -NAN 0 0
 735.795334573568 -NAN 0 0
[END] of [DATA]
[END] of Spectrum


[Spectrum]
Version            = 1
IDData             = 12ad_2026-06-11_10-18-25_000_466
IDDevice           = SAM_82E6
IDDataType         = SPECTRUM
IDDataTypeSub1     = CALIBRATED
IDDataTypeSub2     = 
IDDataTypeSub3     = 
DateTime           = 2026-06-11 10:18:25
PositionLatitude   = 0
PositionLongitude  = 0
Comment            = 20260611_FrameD
CommentSub1        = con
CommentSub2        = left
CommentSub3        = 28cm
IDMethodType       = SAM Control
MethodName         = SAM_82E6
Mission            = No Mission
MissionSub         = 1
RecordType         = 0
[Attributes]
CalFactor = 1
IDBasisSpec = 
IDDataBack = DLAB_2024-11-11_10-40-48_641_639
IDDataCal = DLAB_2024-11-12_11-45-27_171_455
IntegrationTime = 128
P31 = -1
P31e = 0
PathLength = +INF
PathLengthCustomOn = 0
RAWDynamic = 65535
Salinity = 0
Temperature = -NAN
Unit1 = $01 $01 Wavelength nm
Unit2 = $03 $06 Intensity mW/(m^2 nm)
Unit3 = $f0 $06 Error mW/(m^2 nm)
Unit4 = $f1 $00 Status 
p999 = 8588
[END] of [Attributes]
[DATA]
 0 6 0 0
 185.260577530984 -NAN 0 0
 187.468128380571 -NAN 0 0
 189.674861895872 -NAN 0 0
 191.880784034125 -NAN 0 0
 194.085900752568 -NAN 0 0
 196.290218008439 -NAN 0 0
 198.493741758976 -NAN 0 0
 200.696477961417 -NAN 0 0
 202.898432573 -NAN 0 0
 205.099611550963 -NAN 0 0
 207.300020852544 -NAN 0 0
 209.499666434981 -NAN 0 0
 211.698554255512 -NAN 0 0
 213.896690271375 -NAN 0 0
 216.094080439808 -NAN 0 0
 218.290730718049 -NAN 0 0
 220.486647063336 -NAN 0 0
 222.681835432907 -NAN 0 0
 224.876301784 -NAN 0 0
 227.070052073853 -NAN 0 0
 229.263092259704 -NAN 0 0
 231.455428298791 -NAN 0 0
 233.647066148352 -NAN 0 0
 235.838011765625 -NAN 0 0
 238.028271107848 -NAN 0 0
 240.217850132259 -NAN 0 0
 242.406754796096 -NAN 0 0
 244.594991056597 -NAN 0 0
 246.782564871 -NAN 0 0
 248.969482196543 -NAN 0 0
 251.155748990464 -NAN 0 0
 253.341371210001 -NAN 0 0
 255.526354812392 -NAN 0 0
 257.710705754875 -NAN 0 0
 259.894429994688 -NAN 0 0
 262.077533489069 -NAN 0 0
 264.260022195256 -NAN 0 0
 266.441902070487 -NAN 0 0
 268.623179072 -NAN 0 0
 270.803859157033 -NAN 0 0
 272.983948282824 -NAN 0 0
 275.163452406611 -NAN 0 0
 277.342377485632 -NAN 0 0
 279.520729477125 -0.923611928391962 0 0
 281.698514338328 1.27123384437461 0 0
 283.875738026479 1.29554622585634 0 0
 286.052406498816 -1.0805424766986 0 0
 288.228525712577 1.40218302570212 0 0
 290.404101625 1.03995298545163 0 0
 292.579140193323 -0.983349414344724 0 0
 294.753647374784 1.79330529244483 0 0
 296.927629126621 0.815992607758769 0 0
 299.101091406072 -0.70248232456519 0 0
 301.274040170375 1.77701026332119 0 0
 303.446481376768 0.775779489593148 0 0
 305.618420982489 -0.412828550680634 0 0
 307.789864944776 1.81589255604933 0 0
 309.960819220867 0.745607919103005 0 0
 312.131289768 0.0694369487935452 0 0
 314.301282543413 3.47214972219504 0 0
 316.470803504344 4.61210946088647 0 0
 318.639858608031 8.10148549753242 0 0
 320.808453811712 15.2788961846737 0 0
 322.976595072625 17.6548523744344 0 0
 325.144288348008 19.417048276264 0 0
 327.311539595099 22.9825016180427 0 0
 329.478354771136 20.7672209329707 0 0
 331.644739833357 19.9057207126853 0 0
 333.810700739 21.6088991238713 0 0
 335.976243445303 17.7332528274527 0 0
 338.141373909504 16.1084526735322 0 0
 340.306098088841 16.7148315433859 0 0
 342.470421940552 13.0985194424882 0 0
 344.634351421875 12.0997214721491 0 0
 346.797892490048 12.9027338529888 0 0
 348.961051102309 9.53696756877479 0 0
 351.123833215896 9.28876529773012 0 0
 353.286244788047 10.0202918262568 0 0
 355.448291776 7.40918691127437 0 0
 357.609980136993 7.88324737361781 0 0
 359.771315828264 9.62689991720265 0 0
 361.932304807051 10.8347831630448 0 0
 364.092953030592 16.26020729965 0 0
 366.253266456125 17.1380355842821 0 0
 368.413251040888 9.70083669344585 0 0
 370.572912742119 7.54840030411578 0 0
 372.732257517056 6.99447215169261 0 0
 374.891291322937 3.83969181509592 0 0
 377.050020117 5.05201039818357 0 0
 379.208449856483 5.00670175334687 0 0
 381.366586498624 2.09770086809282 0 0
 383.524436000661 3.88965776055471 0 0
 385.682004319832 3.89073163810104 0 0
 387.839297413375 1.35870114006367 0 0
 389.996321238528 3.36858229909818 0 0
 392.153081752529 3.11388979093817 0 0
 394.309584912616 0.846636745183291 0 0
 396.465836676027 3.29072350618674 0 0
 398.621843 3.67600967986208 0 0
 400.777609841773 5.63959358292106 0 0
 402.933143158584 15.1456213060486 0 0
 405.088448907671 16.911897073535 0 0
 407.243533046272 11.3837041977292 0 0
 409.398401531625 8.72857609156912 0 0
 411.553060320968 6.62115019350731 0 0
 413.707515371539 6.42588941550479 0 0
 415.861772640576 10.9219105223122 0 0
 418.015838085317 13.6799756804494 0 0
 420.169717663 18.24389972179 0 0
 422.323417330863 27.5798212152195 0 0
 424.476943046144 36.6087942470171 0 0
 426.630300766081 50.0460289377771 0 0
 428.783496447912 71.1689713529185 0 0
 430.936536048875 99.7086273935086 0 0
 433.089425526208 150.999021966232 0 0
 435.242170837149 210.614473724398 0 0
 437.394777938936 259.042749600729 0 0
 439.547252788807 309.324279895456 0 0
 441.699601344 393.290822682799 0 0
 443.851829561753 495.19937972882 0 0
 446.003943399304 592.422972928368 0 0
 448.155948813891 651.663043706649 0 0
 450.307851762752 645.475900663359 0 0
 452.459658203125 582.152004864294 0 0
 454.611374092248 490.662324319333 0 0
 456.763005387359 399.867805594575 0 0
 458.914558045696 333.238388099254 0 0
 461.066038024497 288.999774701685 0 0
 463.217451281 252.345214872404 0 0
 465.368803772443 220.471538398069 0 0
 467.520101456064 188.695219126985 0 0
 469.671350289101 155.399535603036 0 0
 471.822556228792 130.943301434773 0 0
 473.973725232375 113.913680994773 0 0
 476.124863257088 100.454113283983 0 0
 478.275976260169 95.2491576648067 0 0
 480.427070198856 92.3966717693577 0 0
 482.578151030387 88.5042378220016 0 0
 484.729224712 89.2237377006704 0 0
 486.880297200933 90.2805251676146 0 0
 489.031374454424 90.6074951126567 0 0
 491.182462429711 96.0770273236572 0 0
 493.333567084032 101.168655562553 0 0
 495.484694374625 104.631830137008 0 0
 497.635850258728 112.136507295319 0 0
 499.787040693579 117.720583581396 0 0
 501.938271636416 121.109142990483 0 0
 504.089549044477 -NAN 0 0
 506.240878875 -NAN 0 0
 508.392267085223 -NAN 0 0
 510.543719632384 -NAN 0 0
 512.695242473721 -NAN 0 0
 514.846841566472 -NAN 0 0
 516.998522867875 -NAN 0 0
 519.150292335168 -NAN 0 0
 521.302155925589 -NAN 0 0
 523.454119596376 -NAN 0 0
 525.606189304767 -NAN 0 0
 527.758371008 -NAN 0 0
 529.910670663313 -NAN 0 0
 532.063094227944 -NAN 0 0
 534.215647659131 -NAN 0 0
 536.368336914112 -NAN 0 0
 538.521167950125 -NAN 0 0
 540.674146724408 -NAN 0 0
 542.827279194199 -NAN 0 0
 544.980571316736 -NAN 0 0
 547.134029049257 -NAN 0 0
 549.287658349 -NAN 0 0
 551.441465173203 -NAN 0 0
 553.595455479104 -NAN 0 0
 555.749635223941 -NAN 0 0
 557.904010364952 -NAN 0 0
 560.058586859375 -NAN 0 0
 562.213370664448 -NAN 0 0
 564.368367737409 -NAN 0 0
 566.523584035496 -NAN 0 0
 568.679025515947 -NAN 0 0
 570.834698136 -NAN 0 0
 572.990607852893 -NAN 0 0
 575.146760623864 -NAN 0 0
 577.303162406151 -NAN 0 0
 579.459819156992 -NAN 0 0
 581.616736833625 -NAN 0 0
 583.773921393288 -NAN 0 0
 585.931378793219 -NAN 0 0
 588.089114990656 -NAN 0 0
 590.247135942837 -NAN 0 0
 592.405447607 -NAN 0 0
 594.564055940383 -NAN 0 0
 596.722966900224 -NAN 0 0
 598.882186443761 -NAN 0 0
 601.041720528232 -NAN 0 0
 603.201575110875 -NAN 0 0
 605.361756148928 -NAN 0 0
 607.522269599629 -NAN 0 0
 609.683121420216 -NAN 0 0
 611.844317567927 -NAN 0 0
 614.005864 -NAN 0 0
 616.167766673673 -NAN 0 0
 618.330031546184 -NAN 0 0
 620.492664574771 -NAN 0 0
 622.655671716672 -NAN 0 0
 624.819058929125 -NAN 0 0
 626.982832169368 -NAN 0 0
 629.146997394639 -NAN 0 0
 631.311560562176 -NAN 0 0
 633.476527629217 -NAN 0 0
 635.641904553 -NAN 0 0
 637.807697290763 -NAN 0 0
 639.973911799744 -NAN 0 0
 642.140554037181 -NAN 0 0
 644.307629960312 -NAN 0 0
 646.475145526375 -NAN 0 0
 648.643106692608 -NAN 0 0
 650.811519416249 -NAN 0 0
 652.980389654536 -NAN 0 0
 655.149723364707 -NAN 0 0
 657.319526504 -NAN 0 0
 659.489805029653 -NAN 0 0
 661.660564898904 -NAN 0 0
 663.831812068991 -NAN 0 0
 666.003552497152 -NAN 0 0
 668.175792140625 -NAN 0 0
 670.348536956648 -NAN 0 0
 672.521792902459 -NAN 0 0
 674.695565935296 -NAN 0 0
 676.869862012397 -NAN 0 0
 679.044687091 -NAN 0 0
 681.220047128343 -NAN 0 0
 683.395948081664 -NAN 0 0
 685.572395908201 -NAN 0 0
 687.749396565192 -NAN 0 0
 689.926956009875 -NAN 0 0
 692.105080199488 -NAN 0 0
 694.283775091269 -NAN 0 0
 696.463046642456 -NAN 0 0
 698.642900810287 -NAN 0 0
 700.823343552 -NAN 0 0
 703.004380824833 -NAN 0 0
 705.186018586024 -NAN 0 0
 707.368262792811 -NAN 0 0
 709.551119402432 -NAN 0 0
 711.734594372125 -NAN 0 0
 713.918693659128 -NAN 0 0
 716.103423220679 -NAN 0 0
 718.288789014016 -NAN 0 0
 720.474796996377 -NAN 0 0
 722.661453125 -NAN 0 0
 724.848763357123 -NAN 0 0
 727.036733649984 -NAN 0 0
 729.225369960821 -NAN 0 0
 731.414678246872 -NAN 0 0
 733.604664465375 -NAN 0 0
 735.795334573568 -NAN 0 0
[END] of [DATA]
[END] of Spectrum


[Spectrum]
Version            = 1
IDData             = 12ad_2026-06-11_10-18-20_000_463
IDDevice           = SAM_82E6
IDDataType         = SPECTRUM
IDDataTypeSub1     = CALIBRATED
IDDataTypeSub2     = 
IDDataTypeSub3     = 
DateTime           = 2026-06-11 10:18:20
PositionLatitude   = 0
PositionLongitude  = 0
Comment            = 20260611_FrameD
CommentSub1        = con
CommentSub2        = left
CommentSub3        = 28cm
IDMethodType       = SAM Control
MethodName         = SAM_82E6
Mission            = No Mission
MissionSub         = 1
RecordType         = 0
[Attributes]
CalFactor = 1
IDBasisSpec = 
IDDataBack = DLAB_2024-11-11_10-40-48_641_639
IDDataCal = DLAB_2024-11-12_11-45-27_171_455
IntegrationTime = 128
P31 = -1
P31e = 0
PathLength = +INF
PathLengthCustomOn = 0
RAWDynamic = 65535
Salinity = 0
Temperature = -NAN
Unit1 = $01 $01 Wavelength nm
Unit2 = $03 $06 Intensity mW/(m^2 nm)
Unit3 = $f0 $06 Error mW/(m^2 nm)
Unit4 = $f1 $00 Status 
p999 = 8587
[END] of [Attributes]
[DATA]
 0 6 0 0
 185.260577530984 -NAN 0 0
 187.468128380571 -NAN 0 0
 189.674861895872 -NAN 0 0
 191.880784034125 -NAN 0 0
 194.085900752568 -NAN 0 0
 196.290218008439 -NAN 0 0
 198.493741758976 -NAN 0 0
 200.696477961417 -NAN 0 0
 202.898432573 -NAN 0 0
 205.099611550963 -NAN 0 0
 207.300020852544 -NAN 0 0
 209.499666434981 -NAN 0 0
 211.698554255512 -NAN 0 0
 213.896690271375 -NAN 0 0
 216.094080439808 -NAN 0 0
 218.290730718049 -NAN 0 0
 220.486647063336 -NAN 0 0
 222.681835432907 -NAN 0 0
 224.876301784 -NAN 0 0
 227.070052073853 -NAN 0 0
 229.263092259704 -NAN 0 0
 231.455428298791 -NAN 0 0
 233.647066148352 -NAN 0 0
 235.838011765625 -NAN 0 0
 238.028271107848 -NAN 0 0
 240.217850132259 -NAN 0 0
 242.406754796096 -NAN 0 0
 244.594991056597 -NAN 0 0
 246.782564871 -NAN 0 0
 248.969482196543 -NAN 0 0
 251.155748990464 -NAN 0 0
 253.341371210001 -NAN 0 0
 255.526354812392 -NAN 0 0
 257.710705754875 -NAN 0 0
 259.894429994688 -NAN 0 0
 262.077533489069 -NAN 0 0
 264.260022195256 -NAN 0 0
 266.441902070487 -NAN 0 0
 268.623179072 -NAN 0 0
 270.803859157033 -NAN 0 0
 272.983948282824 -NAN 0 0
 275.163452406611 -NAN 0 0
 277.342377485632 -NAN 0 0
 279.520729477125 0.585715652133945 0 0
 281.698514338328 1.6320875181293 0 0
 283.875738026479 -1.03448839035902 0 0
 286.052406498816 0.91433095667505 0 0
 288.228525712577 1.56551088696107 0 0
 290.404101625 -0.992894565040983 0 0
 292.579140193323 1.25785719281819 0 0
 294.753647374784 1.38268209420461 0 0
 296.927629126621 -0.707583843593222 0 0
 299.101091406072 1.19235871311212 0 0
 301.274040170375 1.240927891271 0 0
 303.446481376768 -0.534846071422194 0 0
 305.618420982489 1.49067612514423 0 0
 307.789864944776 1.20661838494807 0 0
 309.960819220867 -0.337255455948529 0 0
 312.131289768 2.10164099773554 0 0
 314.301282543413 2.5163259085241 0 0
 316.470803504344 3.56384011528587 0 0
 318.639858608031 10.2858584942194 0 0
 320.808453811712 13.9211707520844 0 0
 322.976595072625 16.5495618542767 0 0
 325.144288348008 21.7385123042273 0 0
 327.311539595099 21.2496980650593 0 0
 329.478354771136 20.0264766616611 0 0
 331.644739833357 22.0997670342466 0 0
 333.810700739 19.4862693938778 0 0
 335.976243445303 17.061660845491 0 0
 338.141373909504 18.139223003682 0 0
 340.306098088841 14.7929146999702 0 0
 342.470421940552 12.7528249139129 0 0
 344.634351421875 13.9634074481578 0 0
 346.797892490048 11.0400312723908 0 0
 348.961051102309 9.73126611391545 0 0
 351.123833215896 10.705943317759 0 0
 353.286244788047 8.20147126486121 0 0
 355.448291776 7.62862353198264 0 0
 357.609980136993 9.14253635654518 0 0
 359.771315828264 7.7940749072297 0 0
 361.932304807051 11.5331421799005 0 0
 364.092953030592 17.4863206536577 0 0
 366.253266456125 15.2321517951782 0 0
 368.413251040888 10.5591453578294 0 0
 370.572912742119 8.70893792351221 0 0
 372.732257517056 4.81855160428408 0 0
 374.891291322937 4.86417596556056 0 0
 377.050020117 6.00382055548973 0 0
 379.208449856483 2.69762009803991 0 0
 381.366586498624 3.5561910227074 0 0
 383.524436000661 4.69123259759256 0 0
 385.682004319832 1.54384404215442 0 0
 387.839297413375 2.97393110432836 0 0
 389.996321238528 3.73098175618361 0 0
 392.153081752529 0.974171556063705 0 0
 394.309584912616 2.76936458935474 0 0
 396.465836676027 3.41960558044188 0 0
 398.621843 1.67777470660489 0 0
 400.777609841773 7.35625687264733 0 0
 402.933143158584 14.8566731484334 0 0
 405.088448907671 15.1503005202678 0 0
 407.243533046272 13.2940147176907 0 0
 409.398401531625 8.2198270118799 0 0
 411.553060320968 5.15862698012828 0 0
 413.707515371539 8.18868870056339 0 0
 415.861772640576 10.376905714943 0 0
 418.015838085317 12.6773323376735 0 0
 420.169717663 19.782133495036 0 0
 422.323417330863 26.7448211385686 0 0
 424.476943046144 35.7513329089496 0 0
 426.630300766081 51.5427993135846 0 0
 428.783496447912 70.3546637836908 0 0
 430.936536048875 98.8384634740138 0 0
 433.089425526208 152.009413460929 0 0
 435.242170837149 209.19506771482 0 0
 437.394777938936 258.241847857203 0 0
 439.547252788807 310.726753639528 0 0
 441.699601344 392.274892886834 0 0
 443.851829561753 494.888000988633 0 0
 446.003943399304 593.737116010953 0 0
 448.155948813891 650.436414233719 0 0
 450.307851762752 645.530009465005 0 0
 452.459658203125 583.641511014764 0 0
 454.611374092248 489.230186786457 0 0
 456.763005387359 400.084533767872 0 0
 458.914558045696 334.699505540063 0 0
 461.066038024497 287.39197011542 0 0
 463.217451281 252.725358757048 0 0
 465.368803772443 221.883855376808 0 0
 467.520101456064 187.024426139257 0 0
 469.671350289101 156.068519980345 0 0
 471.822556228792 132.346811805555 0 0
 473.973725232375 112.017598606808 0 0
 476.124863257088 101.457171533912 0 0
 478.275976260169 96.2959513517046 0 0
 480.427070198856 90.618958985076 0 0
 482.578151030387 89.535558010018 0 0
 484.729224712 89.9948812531249 0 0
 486.880297200933 88.4952328569346 0 0
 489.031374454424 91.8629347901058 0 0
 491.182462429711 96.5059020522741 0 0
 493.333567084032 99.2915786057727 0 0
 495.484694374625 105.953386640204 0 0
 497.635850258728 112.320825349932 0 0
 499.787040693579 115.828906985442 0 0
 501.938271636416 122.587879148349 0 0
 504.089549044477 -NAN 0 0
 506.240878875 -NAN 0 0
 508.392267085223 -NAN 0 0
 510.543719632384 -NAN 0 0
 512.695242473721 -NAN 0 0
 514.846841566472 -NAN 0 0
 516.998522867875 -NAN 0 0
 519.150292335168 -NAN 0 0
 521.302155925589 -NAN 0 0
 523.454119596376 -NAN 0 0
 525.606189304767 -NAN 0 0
 527.758371008 -NAN 0 0
 529.910670663313 -NAN 0 0
 532.063094227944 -NAN 0 0
 534.215647659131 -NAN 0 0
 536.368336914112 -NAN 0 0
 538.521167950125 -NAN 0 0
 540.674146724408 -NAN 0 0
 542.827279194199 -NAN 0 0
 544.980571316736 -NAN 0 0
 547.134029049257 -NAN 0 0
 549.287658349 -NAN 0 0
 551.441465173203 -NAN 0 0
 553.595455479104 -NAN 0 0
 555.749635223941 -NAN 0 0
 557.904010364952 -NAN 0 0
 560.058586859375 -NAN 0 0
 562.213370664448 -NAN 0 0
 564.368367737409 -NAN 0 0
 566.523584035496 -NAN 0 0
 568.679025515947 -NAN 0 0
 570.834698136 -NAN 0 0
 572.990607852893 -NAN 0 0
 575.146760623864 -NAN 0 0
 577.303162406151 -NAN 0 0
 579.459819156992 -NAN 0 0
 581.616736833625 -NAN 0 0
 583.773921393288 -NAN 0 0
 585.931378793219 -NAN 0 0
 588.089114990656 -NAN 0 0
 590.247135942837 -NAN 0 0
 592.405447607 -NAN 0 0
 594.564055940383 -NAN 0 0
 596.722966900224 -NAN 0 0
 598.882186443761 -NAN 0 0
 601.041720528232 -NAN 0 0
 603.201575110875 -NAN 0 0
 605.361756148928 -NAN 0 0
 607.522269599629 -NAN 0 0
 609.683121420216 -NAN 0 0
 611.844317567927 -NAN 0 0
 614.005864 -NAN 0 0
 616.167766673673 -NAN 0 0
 618.330031546184 -NAN 0 0
 620.492664574771 -NAN 0 0
 622.655671716672 -NAN 0 0
 624.819058929125 -NAN 0 0
 626.982832169368 -NAN 0 0
 629.146997394639 -NAN 0 0
 631.311560562176 -NAN 0 0
 633.476527629217 -NAN 0 0
 635.641904553 -NAN 0 0
 637.807697290763 -NAN 0 0
 639.973911799744 -NAN 0 0
 642.140554037181 -NAN 0 0
 644.307629960312 -NAN 0 0
 646.475145526375 -NAN 0 0
 648.643106692608 -NAN 0 0
 650.811519416249 -NAN 0 0
 652.980389654536 -NAN 0 0
 655.149723364707 -NAN 0 0
 657.319526504 -NAN 0 0
 659.489805029653 -NAN 0 0
 661.660564898904 -NAN 0 0
 663.831812068991 -NAN 0 0
 666.003552497152 -NAN 0 0
 668.175792140625 -NAN 0 0
 670.348536956648 -NAN 0 0
 672.521792902459 -NAN 0 0
 674.695565935296 -NAN 0 0
 676.869862012397 -NAN 0 0
 679.044687091 -NAN 0 0
 681.220047128343 -NAN 0 0
 683.395948081664 -NAN 0 0
 685.572395908201 -NAN 0 0
 687.749396565192 -NAN 0 0
 689.926956009875 -NAN 0 0
 692.105080199488 -NAN 0 0
 694.283775091269 -NAN 0 0
 696.463046642456 -NAN 0 0
 698.642900810287 -NAN 0 0
 700.823343552 -NAN 0 0
 703.004380824833 -NAN 0 0
 705.186018586024 -NAN 0 0
 707.368262792811 -NAN 0 0
 709.551119402432 -NAN 0 0
 711.734594372125 -NAN 0 0
 713.918693659128 -NAN 0 0
 716.103423220679 -NAN 0 0
 718.288789014016 -NAN 0 0
 720.474796996377 -NAN 0 0
 722.661453125 -NAN 0 0
 724.848763357123 -NAN 0 0
 727.036733649984 -NAN 0 0
 729.225369960821 -NAN 0 0
 731.414678246872 -NAN 0 0
 733.604664465375 -NAN 0 0
 735.795334573568 -NAN 0 0
[END] of [DATA]
[END] of Spectrum


[Spectrum]
Version            = 1
IDData             = 12ad_2026-06-11_10-18-15_000_460
IDDevice           = SAM_82E6
IDDataType         = SPECTRUM
IDDataTypeSub1     = CALIBRATED
IDDataTypeSub2     = 
IDDataTypeSub3     = 
DateTime           = 2026-06-11 10:18:15
PositionLatitude   = 0
PositionLongitude  = 0
Comment            = 20260611_FrameD
CommentSub1        = con
CommentSub2        = left
CommentSub3        = 28cm
IDMethodType       = SAM Control
MethodName         = SAM_82E6
Mission            = No Mission
MissionSub         = 1
RecordType         = 0
[Attributes]
CalFactor = 1
IDBasisSpec = 
IDDataBack = DLAB_2024-11-11_10-40-48_641_639
IDDataCal = DLAB_2024-11-12_11-45-27_171_455
IntegrationTime = 128
P31 = -1
P31e = 0
PathLength = +INF
PathLengthCustomOn = 0
RAWDynamic = 65535
Salinity = 0
Temperature = -NAN
Unit1 = $01 $01 Wavelength nm
Unit2 = $03 $06 Intensity mW/(m^2 nm)
Unit3 = $f0 $06 Error mW/(m^2 nm)
Unit4 = $f1 $00 Status 
p999 = 8586
[END] of [Attributes]
[DATA]
 0 6 0 0
 185.260577530984 -NAN 0 0
 187.468128380571 -NAN 0 0
 189.674861895872 -NAN 0 0
 191.880784034125 -NAN 0 0
 194.085900752568 -NAN 0 0
 196.290218008439 -NAN 0 0
 198.493741758976 -NAN 0 0
 200.696477961417 -NAN 0 0
 202.898432573 -NAN 0 0
 205.099611550963 -NAN 0 0
 207.300020852544 -NAN 0 0
 209.499666434981 -NAN 0 0
 211.698554255512 -NAN 0 0
 213.896690271375 -NAN 0 0
 216.094080439808 -NAN 0 0
 218.290730718049 -NAN 0 0
 220.486647063336 -NAN 0 0
 222.681835432907 -NAN 0 0
 224.876301784 -NAN 0 0
 227.070052073853 -NAN 0 0
 229.263092259704 -NAN 0 0
 231.455428298791 -NAN 0 0
 233.647066148352 -NAN 0 0
 235.838011765625 -NAN 0 0
 238.028271107848 -NAN 0 0
 240.217850132259 -NAN 0 0
 242.406754796096 -NAN 0 0
 244.594991056597 -NAN 0 0
 246.782564871 -NAN 0 0
 248.969482196543 -NAN 0 0
 251.155748990464 -NAN 0 0
 253.341371210001 -NAN 0 0
 255.526354812392 -NAN 0 0
 257.710705754875 -NAN 0 0
 259.894429994688 -NAN 0 0
 262.077533489069 -NAN 0 0
 264.260022195256 -NAN 0 0
 266.441902070487 -NAN 0 0
 268.623179072 -NAN 0 0
 270.803859157033 -NAN 0 0
 272.983948282824 -NAN 0 0
 275.163452406611 -NAN 0 0
 277.342377485632 -NAN 0 0
 279.520729477125 -0.647150935919396 0 0
 281.698514338328 0.408322885395998 0 0
 283.875738026479 1.93948306524676 0 0
 286.052406498816 -0.888895247291527 0 0
 288.228525712577 0.662909548424774 0 0
 290.404101625 1.88624574252366 0 0
 292.579140193323 -0.771914828763317 0 0
 294.753647374784 0.766747296844275 0 0
 296.927629126621 1.62348812697533 0 0
 299.101091406072 -0.67388095041157 0 0
 301.274040170375 0.802315041411761 0 0
 303.446481376768 1.43109227010082 0 0
 305.618420982489 -0.406375992457499 0 0
 307.789864944776 1.07193672607306 0 0
 309.960819220867 1.49129227916843 0 0
 312.131289768 -0.187120372999795 0 0
 314.301282543413 2.74656084174411 0 0
 316.470803504344 5.47711493487857 0 0
 318.639858608031 7.53030669274502 0 0
 320.808453811712 14.3764081030114 0 0
 322.976595072625 17.9923456630321 0 0
 325.144288348008 18.1523701117766 0 0
 327.311539595099 21.8566191064596 0 0
 329.478354771136 21.0171105666655 0 0
 331.644739833357 18.4222966815083 0 0
 333.810700739 20.6319565703178 0 0
 335.976243445303 18.055965857746 0 0
 338.141373909504 14.827634871944 0 0
 340.306098088841 16.1121966009589 0 0
 342.470421940552 13.4834974402199 0 0
 344.634351421875 11.1112888290028 0 0
 346.797892490048 12.3229042559155 0 0
 348.961051102309 9.89780772403601 0 0
 351.123833215896 8.32830815619397 0 0
 353.286244788047 9.73242094603589 0 0
 355.448291776 7.80288202489804 0 0
 357.609980136993 7.04157973706941 0 0
 359.771315828264 9.4203844231212 0 0
 361.932304807051 11.2564338902029 0 0
 364.092953030592 15.149253763422 0 0
 366.253266456125 17.1240217328917 0 0
 368.413251040888 10.1008958166755 0 0
 370.572912742119 6.49336610466448 0 0
 372.732257517056 7.26059193087207 0 0
 374.891291322937 4.16236398847061 0 0
 377.050020117 3.84362532890792 0 0
 379.208449856483 5.72041790135084 0 0
 381.366586498624 2.53863975204606 0 0
 383.524436000661 2.77256942383176 0 0
 385.682004319832 4.56492843839115 0 0
 387.839297413375 1.41820961243131 0 0
 389.996321238528 2.3909465544026 0 0
 392.153081752529 3.94646497960527 0 0
 394.309584912616 0.928454951318247 0 0
 396.465836676027 2.33216307891412 0 0
 398.621843 4.4004693713617 0 0
 400.777609841773 5.36648805955552 0 0
 402.933143158584 13.8985818889722 0 0
 405.088448907671 17.1403886766784 0 0
 407.243533046272 11.0273029813184 0 0
 409.398401531625 7.86920264614814 0 0
 411.553060320968 7.22336563431043 0 0
 413.707515371539 6.22224473275434 0 0
 415.861772640576 10.35853476638 0 0
 418.015838085317 14.2874595881313 0 0
 420.169717663 17.9771211707104 0 0
 422.323417330863 26.8437027265931 0 0
 424.476943046144 37.093446307664 0 0
 426.630300766081 49.6006232204087 0 0
 428.783496447912 70.7643464737992 0 0
 430.936536048875 99.8915595811296 0 0
 433.089425526208 149.70688668936 0 0
 435.242170837149 208.878578537009 0 0
 437.394777938936 258.285010226614 0 0
 439.547252788807 308.513853891097 0 0
 441.699601344 393.044237780865 0 0
 443.851829561753 495.852270635662 0 0
 446.003943399304 591.935302643814 0 0
 448.155948813891 651.541960110609 0 0
 450.307851762752 646.114384522782 0 0
 452.459658203125 581.69070258635 0 0
 454.611374092248 490.856319044901 0 0
 456.763005387359 400.576565296438 0 0
 458.914558045696 332.723404083232 0 0
 461.066038024497 289.079247932185 0 0
 463.217451281 253.00579277031 0 0
 465.368803772443 219.888878478589 0 0
 467.520101456064 189.029377724531 0 0
 469.671350289101 156.010065034755 0 0
 471.822556228792 130.221870870352 0 0
 473.973725232375 114.138303995437 0 0
 476.124863257088 101.078533651489 0 0
 478.275976260169 94.4757304821305 0 0
 480.427070198856 92.9045897077239 0 0
 482.578151030387 88.8725664605789 0 0
 484.729224712 88.4056549754578 0 0
 486.880297200933 90.7704738092673 0 0
 489.031374454424 90.9968828201008 0 0
 491.182462429711 95.0785533460962 0 0
 493.333567084032 101.636254804455 0 0
 495.484694374625 104.917392597497 0 0
 497.635850258728 111.293910474231 0 0
 499.787040693579 118.196764241756 0 0
 501.938271636416 121.309321247661 0 0
 504.089549044477 -NAN 0 0
 506.240878875 -NAN 0 0
 508.392267085223 -NAN 0 0
 510.543719632384 -NAN 0 0
 512.695242473721 -NAN 0 0
 514.846841566472 -NAN 0 0
 516.998522867875 -NAN 0 0
 519.150292335168 -NAN 0 0
 521.302155925589 -NAN 0 0
 523.454119596376 -NAN 0 0
 525.606189304767 -NAN 0 0
 527.758371008 -NAN 0 0
 529.910670663313 -NAN 0 0
 532.063094227944 -NAN 0 0
 534.215647659131 -NAN 0 0
 536.368336914112 -NAN 0 0
 538.521167950125 -NAN 0 0
 540.674146724408 -NAN 0 0
 542.827279194199 -NAN 0 0
 544.980571316736 -NAN 0 0
 547.134029049257 -NAN 0 0
 549.287658349 -NAN 0 0
 551.441465173203 -NAN 0 0
 553.595455479104 -NAN 0 0
 555.749635223941 -NAN 0 0
 557.904010364952 -NAN 0 0
 560.058586859375 -NAN 0 0
 562.213370664448 -NAN 0 0
 564.368367737409 -NAN 0 0
 566.523584035496 -NAN 0 0
 568.679025515947 -NAN 0 0
 570.834698136 -NAN 0 0
 572.990607852893 -NAN 0 0
 575.146760623864 -NAN 0 0
 577.303162406151 -NAN 0 0
 579.459819156992 -NAN 0 0
 581.616736833625 -NAN 0 0
 583.773921393288 -NAN 0 0
 585.931378793219 -NAN 0 0
 588.089114990656 -NAN 0 0
 590.247135942837 -NAN 0 0
 592.405447607 -NAN 0 0
 594.564055940383 -NAN 0 0
 596.722966900224 -NAN 0 0
 598.882186443761 -NAN 0 0
 601.041720528232 -NAN 0 0
 603.201575110875 -NAN 0 0
 605.361756148928 -NAN 0 0
 607.522269599629 -NAN 0 0
 609.683121420216 -NAN 0 0
 611.844317567927 -NAN 0 0
 614.005864 -NAN 0 0
 616.167766673673 -NAN 0 0
 618.330031546184 -NAN 0 0
 620.492664574771 -NAN 0 0
 622.655671716672 -NAN 0 0
 624.819058929125 -NAN 0 0
 626.982832169368 -NAN 0 0
 629.146997394639 -NAN 0 0
 631.311560562176 -NAN 0 0
 633.476527629217 -NAN 0 0
 635.641904553 -NAN 0 0
 637.807697290763 -NAN 0 0
 639.973911799744 -NAN 0 0
 642.140554037181 -NAN 0 0
 644.307629960312 -NAN 0 0
 646.475145526375 -NAN 0 0
 648.643106692608 -NAN 0 0
 650.811519416249 -NAN 0 0
 652.980389654536 -NAN 0 0
 655.149723364707 -NAN 0 0
 657.319526504 -NAN 0 0
 659.489805029653 -NAN 0 0
 661.660564898904 -NAN 0 0
 663.831812068991 -NAN 0 0
 666.003552497152 -NAN 0 0
 668.175792140625 -NAN 0 0
 670.348536956648 -NAN 0 0
 672.521792902459 -NAN 0 0
 674.695565935296 -NAN 0 0
 676.869862012397 -NAN 0 0
 679.044687091 -NAN 0 0
 681.220047128343 -NAN 0 0
 683.395948081664 -NAN 0 0
 685.572395908201 -NAN 0 0
 687.749396565192 -NAN 0 0
 689.926956009875 -NAN 0 0
 692.105080199488 -NAN 0 0
 694.283775091269 -NAN 0 0
 696.463046642456 -NAN 0 0
 698.642900810287 -NAN 0 0
 700.823343552 -NAN 0 0
 703.004380824833 -NAN 0 0
 705.186018586024 -NAN 0 0
 707.368262792811 -NAN 0 0
 709.551119402432 -NAN 0 0
 711.734594372125 -NAN 0 0
 713.918693659128 -NAN 0 0
 716.103423220679 -NAN 0 0
 718.288789014016 -NAN 0 0
 720.474796996377 -NAN 0 0
 722.661453125 -NAN 0 0
 724.848763357123 -NAN 0 0
 727.036733649984 -NAN 0 0
 729.225369960821 -NAN 0 0
 731.414678246872 -NAN 0 0
 733.604664465375 -NAN 0 0
 735.795334573568 -NAN 0 0
[END] of [DATA]
[END] of Spectrum


