[Spectrum]
Version            = 1
IDData             = 12ad_2026-06-10_13-05-25_000_313
IDDevice           = SAM_82E6
IDDataType         = SPECTRUM
IDDataTypeSub1     = CALIBRATED
IDDataTypeSub2     = 
IDDataTypeSub3     = 
DateTime           = 2026-06-10 13:05:25
PositionLatitude   = 0
PositionLongitude  = 0
Comment            = 20260610_FrameA
CommentSub1        = UV
CommentSub2        = centre
CommentSub3        = 28cm
IDMethodType       = SAM Control
MethodName         = SAM_82E6
Mission            = No Mission
MissionSub         = 1
RecordType         = 0
[Attributes]
CalFactor = 1
IDBasisSpec = 
IDDataBack = DLAB_2024-11-11_10-40-48_641_639
IDDataCal = DLAB_2024-11-12_11-45-27_171_455
IntegrationTime = 128
P31 = -1
P31e = 0
PathLength = +INF
PathLengthCustomOn = 0
RAWDynamic = 65535
Salinity = 0
Temperature = -NAN
Unit1 = $01 $01 Wavelength nm
Unit2 = $03 $06 Intensity mW/(m^2 nm)
Unit3 = $f0 $06 Error mW/(m^2 nm)
Unit4 = $f1 $00 Status 
p999 = 8195
[END] of [Attributes]
[DATA]
 0 6 0 0
 185.260577530984 -NAN 0 0
 187.468128380571 -NAN 0 0
 189.674861895872 -NAN 0 0
 191.880784034125 -NAN 0 0
 194.085900752568 -NAN 0 0
 196.290218008439 -NAN 0 0
 198.493741758976 -NAN 0 0
 200.696477961417 -NAN 0 0
 202.898432573 -NAN 0 0
 205.099611550963 -NAN 0 0
 207.300020852544 -NAN 0 0
 209.499666434981 -NAN 0 0
 211.698554255512 -NAN 0 0
 213.896690271375 -NAN 0 0
 216.094080439808 -NAN 0 0
 218.290730718049 -NAN 0 0
 220.486647063336 -NAN 0 0
 222.681835432907 -NAN 0 0
 224.876301784 -NAN 0 0
 227.070052073853 -NAN 0 0
 229.263092259704 -NAN 0 0
 231.455428298791 -NAN 0 0
 233.647066148352 -NAN 0 0
 235.838011765625 -NAN 0 0
 238.028271107848 -NAN 0 0
 240.217850132259 -NAN 0 0
 242.406754796096 -NAN 0 0
 244.594991056597 -NAN 0 0
 246.782564871 -NAN 0 0
 248.969482196543 -NAN 0 0
 251.155748990464 -NAN 0 0
 253.341371210001 -NAN 0 0
 255.526354812392 -NAN 0 0
 257.710705754875 -NAN 0 0
 259.894429994688 -NAN 0 0
 262.077533489069 -NAN 0 0
 264.260022195256 -NAN 0 0
 266.441902070487 -NAN 0 0
 268.623179072 -NAN 0 0
 270.803859157033 -NAN 0 0
 272.983948282824 -NAN 0 0
 275.163452406611 -NAN 0 0
 277.342377485632 -NAN 0 0
 279.520729477125 -0.546280033260485 0 0
 281.698514338328 10.7985552960066 0 0
 283.875738026479 7.11215991324485 0 0
 286.052406498816 6.91201811334649 0 0
 288.228525712577 22.5703334651842 0 0
 290.404101625 21.8177488717098 0 0
 292.579140193323 26.6173213874522 0 0
 294.753647374784 46.875626227239 0 0
 296.927629126621 47.9135496601772 0 0
 299.101091406072 54.7448566439959 0 0
 301.274040170375 73.8104682167915 0 0
 303.446481376768 72.7455056088481 0 0
 305.618420982489 77.2275782691928 0 0
 307.789864944776 89.4134848295912 0 0
 309.960819220867 88.1625096601644 0 0
 312.131289768 92.0216065320675 0 0
 314.301282543413 97.2998618255054 0 0
 316.470803504344 81.9531285571042 0 0
 318.639858608031 74.9950140338848 0 0
 320.808453811712 78.3612157688326 0 0
 322.976595072625 65.5409313603495 0 0
 325.144288348008 59.8737562710484 0 0
 327.311539595099 64.2223465833367 0 0
 329.478354771136 49.2501768592911 0 0
 331.644739833357 44.8174733799665 0 0
 333.810700739 50.0601306721312 0 0
 335.976243445303 35.2338932405192 0 0
 338.141373909504 31.372935881276 0 0
 340.306098088841 35.7914849573739 0 0
 342.470421940552 22.9468851599695 0 0
 344.634351421875 21.2182012373576 0 0
 346.797892490048 25.6191217038027 0 0
 348.961051102309 14.5089285542491 0 0
 351.123833215896 14.0003784780631 0 0
 353.286244788047 18.4176162526999 0 0
 355.448291776 9.16790688606865 0 0
 357.609980136993 10.019541183941 0 0
 359.771315828264 15.8384987626216 0 0
 361.932304807051 12.15573583172 0 0
 364.092953030592 20.2603174407635 0 0
 366.253266456125 25.5008014015452 0 0
 368.413251040888 9.3262358780581 0 0
 370.572912742119 7.31855356780675 0 0
 372.732257517056 11.3580538250029 0 0
 374.891291322937 0.3749993534852 0 0
 377.050020117 3.9553595647656 0 0
 379.208449856483 8.98252053075722 0 0
 381.366586498624 -1.97674401151361 0 0
 383.524436000661 2.63186745775596 0 0
 385.682004319832 7.57321162955909 0 0
 387.839297413375 -3.15969215470836 0 0
 389.996321238528 2.30245366371895 0 0
 392.153081752529 6.55658819607665 0 0
 394.309584912616 -3.74745552929444 0 0
 396.465836676027 2.36841116229838 0 0
 398.621843 6.96792267365431 0 0
 400.777609841773 1.51570018010138 0 0
 402.933143158584 15.6664883796446 0 0
 405.088448907671 21.3527419410809 0 0
 407.243533046272 7.85176814309888 0 0
 409.398401531625 8.10638971708433 0 0
 411.553060320968 8.46419415244875 0 0
 413.707515371539 1.1915846791846 0 0
 415.861772640576 9.10012478981399 0 0
 418.015838085317 13.6593330233923 0 0
 420.169717663 11.0210123547954 0 0
 422.323417330863 22.600034573877 0 0
 424.476943046144 31.7968916448805 0 0
 426.630300766081 37.0541656584929 0 0
 428.783496447912 58.3904118892306 0 0
 430.936536048875 84.3250192372133 0 0
 433.089425526208 125.304474797009 0 0
 435.242170837149 181.638930437655 0 0
 437.394777938936 220.82726730556 0 0
 439.547252788807 250.840154197598 0 0
 441.699601344 319.786329265523 0 0
 443.851829561753 403.094050605426 0 0
 446.003943399304 480.50777599479 0 0
 448.155948813891 545.306898097814 0 0
 450.307851762752 561.258256341401 0 0
 452.459658203125 526.776279005339 0 0
 454.611374092248 475.065718956318 0 0
 456.763005387359 406.454584807347 0 0
 458.914558045696 338.732548967867 0 0
 461.066038024497 296.589468214413 0 0
 463.217451281 256.436435532551 0 0
 465.368803772443 217.485406310735 0 0
 467.520101456064 195.400882521965 0 0
 469.671350289101 166.113028130911 0 0
 471.822556228792 136.153997647793 0 0
 473.973725232375 124.890478512553 0 0
 476.124863257088 108.342402501141 0 0
 478.275976260169 92.9455448060598 0 0
 480.427070198856 95.1801957342198 0 0
 482.578151030387 89.0835183172186 0 0
 484.729224712 82.199625777226 0 0
 486.880297200933 90.2771693550005 0 0
 489.031374454424 88.0462638990372 0 0
 491.182462429711 85.4590272065731 0 0
 493.333567084032 97.2374819359869 0 0
 495.484694374625 97.4960891184905 0 0
 497.635850258728 97.4009371077676 0 0
 499.787040693579 110.300645209335 0 0
 501.938271636416 110.490009315325 0 0
 504.089549044477 -NAN 0 0
 506.240878875 -NAN 0 0
 508.392267085223 -NAN 0 0
 510.543719632384 -NAN 0 0
 512.695242473721 -NAN 0 0
 514.846841566472 -NAN 0 0
 516.998522867875 -NAN 0 0
 519.150292335168 -NAN 0 0
 521.302155925589 -NAN 0 0
 523.454119596376 -NAN 0 0
 525.606189304767 -NAN 0 0
 527.758371008 -NAN 0 0
 529.910670663313 -NAN 0 0
 532.063094227944 -NAN 0 0
 534.215647659131 -NAN 0 0
 536.368336914112 -NAN 0 0
 538.521167950125 -NAN 0 0
 540.674146724408 -NAN 0 0
 542.827279194199 -NAN 0 0
 544.980571316736 -NAN 0 0
 547.134029049257 -NAN 0 0
 549.287658349 -NAN 0 0
 551.441465173203 -NAN 0 0
 553.595455479104 -NAN 0 0
 555.749635223941 -NAN 0 0
 557.904010364952 -NAN 0 0
 560.058586859375 -NAN 0 0
 562.213370664448 -NAN 0 0
 564.368367737409 -NAN 0 0
 566.523584035496 -NAN 0 0
 568.679025515947 -NAN 0 0
 570.834698136 -NAN 0 0
 572.990607852893 -NAN 0 0
 575.146760623864 -NAN 0 0
 577.303162406151 -NAN 0 0
 579.459819156992 -NAN 0 0
 581.616736833625 -NAN 0 0
 583.773921393288 -NAN 0 0
 585.931378793219 -NAN 0 0
 588.089114990656 -NAN 0 0
 590.247135942837 -NAN 0 0
 592.405447607 -NAN 0 0
 594.564055940383 -NAN 0 0
 596.722966900224 -NAN 0 0
 598.882186443761 -NAN 0 0
 601.041720528232 -NAN 0 0
 603.201575110875 -NAN 0 0
 605.361756148928 -NAN 0 0
 607.522269599629 -NAN 0 0
 609.683121420216 -NAN 0 0
 611.844317567927 -NAN 0 0
 614.005864 -NAN 0 0
 616.167766673673 -NAN 0 0
 618.330031546184 -NAN 0 0
 620.492664574771 -NAN 0 0
 622.655671716672 -NAN 0 0
 624.819058929125 -NAN 0 0
 626.982832169368 -NAN 0 0
 629.146997394639 -NAN 0 0
 631.311560562176 -NAN 0 0
 633.476527629217 -NAN 0 0
 635.641904553 -NAN 0 0
 637.807697290763 -NAN 0 0
 639.973911799744 -NAN 0 0
 642.140554037181 -NAN 0 0
 644.307629960312 -NAN 0 0
 646.475145526375 -NAN 0 0
 648.643106692608 -NAN 0 0
 650.811519416249 -NAN 0 0
 652.980389654536 -NAN 0 0
 655.149723364707 -NAN 0 0
 657.319526504 -NAN 0 0
 659.489805029653 -NAN 0 0
 661.660564898904 -NAN 0 0
 663.831812068991 -NAN 0 0
 666.003552497152 -NAN 0 0
 668.175792140625 -NAN 0 0
 670.348536956648 -NAN 0 0
 672.521792902459 -NAN 0 0
 674.695565935296 -NAN 0 0
 676.869862012397 -NAN 0 0
 679.044687091 -NAN 0 0
 681.220047128343 -NAN 0 0
 683.395948081664 -NAN 0 0
 685.572395908201 -NAN 0 0
 687.749396565192 -NAN 0 0
 689.926956009875 -NAN 0 0
 692.105080199488 -NAN 0 0
 694.283775091269 -NAN 0 0
 696.463046642456 -NAN 0 0
 698.642900810287 -NAN 0 0
 700.823343552 -NAN 0 0
 703.004380824833 -NAN 0 0
 705.186018586024 -NAN 0 0
 707.368262792811 -NAN 0 0
 709.551119402432 -NAN 0 0
 711.734594372125 -NAN 0 0
 713.918693659128 -NAN 0 0
 716.103423220679 -NAN 0 0
 718.288789014016 -NAN 0 0
 720.474796996377 -NAN 0 0
 722.661453125 -NAN 0 0
 724.848763357123 -NAN 0 0
 727.036733649984 -NAN 0 0
 729.225369960821 -NAN 0 0
 731.414678246872 -NAN 0 0
 733.604664465375 -NAN 0 0
 735.795334573568 -NAN 0 0
[END] of [DATA]
[END] of Spectrum


[Spectrum]
Version            = 1
IDData             = 12ad_2026-06-10_13-05-20_000_310
IDDevice           = SAM_82E6
IDDataType         = SPECTRUM
IDDataTypeSub1     = CALIBRATED
IDDataTypeSub2     = 
IDDataTypeSub3     = 
DateTime           = 2026-06-10 13:05:20
PositionLatitude   = 0
PositionLongitude  = 0
Comment            = 20260610_FrameA
CommentSub1        = UV
CommentSub2        = centre
CommentSub3        = 28cm
IDMethodType       = SAM Control
MethodName         = SAM_82E6
Mission            = No Mission
MissionSub         = 1
RecordType         = 0
[Attributes]
CalFactor = 1
IDBasisSpec = 
IDDataBack = DLAB_2024-11-11_10-40-48_641_639
IDDataCal = DLAB_2024-11-12_11-45-27_171_455
IntegrationTime = 128
P31 = -1
P31e = 0
PathLength = +INF
PathLengthCustomOn = 0
RAWDynamic = 65535
Salinity = 0
Temperature = -NAN
Unit1 = $01 $01 Wavelength nm
Unit2 = $03 $06 Intensity mW/(m^2 nm)
Unit3 = $f0 $06 Error mW/(m^2 nm)
Unit4 = $f1 $00 Status 
p999 = 8194
[END] of [Attributes]
[DATA]
 0 6 0 0
 185.260577530984 -NAN 0 0
 187.468128380571 -NAN 0 0
 189.674861895872 -NAN 0 0
 191.880784034125 -NAN 0 0
 194.085900752568 -NAN 0 0
 196.290218008439 -NAN 0 0
 198.493741758976 -NAN 0 0
 200.696477961417 -NAN 0 0
 202.898432573 -NAN 0 0
 205.099611550963 -NAN 0 0
 207.300020852544 -NAN 0 0
 209.499666434981 -NAN 0 0
 211.698554255512 -NAN 0 0
 213.896690271375 -NAN 0 0
 216.094080439808 -NAN 0 0
 218.290730718049 -NAN 0 0
 220.486647063336 -NAN 0 0
 222.681835432907 -NAN 0 0
 224.876301784 -NAN 0 0
 227.070052073853 -NAN 0 0
 229.263092259704 -NAN 0 0
 231.455428298791 -NAN 0 0
 233.647066148352 -NAN 0 0
 235.838011765625 -NAN 0 0
 238.028271107848 -NAN 0 0
 240.217850132259 -NAN 0 0
 242.406754796096 -NAN 0 0
 244.594991056597 -NAN 0 0
 246.782564871 -NAN 0 0
 248.969482196543 -NAN 0 0
 251.155748990464 -NAN 0 0
 253.341371210001 -NAN 0 0
 255.526354812392 -NAN 0 0
 257.710705754875 -NAN 0 0
 259.894429994688 -NAN 0 0
 262.077533489069 -NAN 0 0
 264.260022195256 -NAN 0 0
 266.441902070487 -NAN 0 0
 268.623179072 -NAN 0 0
 270.803859157033 -NAN 0 0
 272.983948282824 -NAN 0 0
 275.163452406611 -NAN 0 0
 277.342377485632 -NAN 0 0
 279.520729477125 -0.130343224765724 0 0
 281.698514338328 10.811629704476 0 0
 283.875738026479 5.57574920873436 0 0
 286.052406498816 7.3185425393615 0 0
 288.228525712577 22.3525629835056 0 0
 290.404101625 20.0001097886513 0 0
 292.579140193323 26.6567891767607 0 0
 294.753647374784 46.0023675589815 0 0
 296.927629126621 45.9151252148205 0 0
 299.101091406072 54.3492043015375 0 0
 301.274040170375 72.443574203209 0 0
 303.446481376768 70.5742359294327 0 0
 305.618420982489 76.6188869434771 0 0
 307.789864944776 87.6733122847616 0 0
 309.960819220867 85.7417372448795 0 0
 312.131289768 90.8986056235159 0 0
 314.301282543413 95.1347232110829 0 0
 316.470803504344 79.4363047203475 0 0
 318.639858608031 74.3132014966385 0 0
 320.808453811712 76.6733767016529 0 0
 322.976595072625 63.4540978591866 0 0
 325.144288348008 59.7842470858906 0 0
 327.311539595099 62.6273463585939 0 0
 329.478354771136 47.3908789895381 0 0
 331.644739833357 44.7789813392374 0 0
 333.810700739 48.3963678991098 0 0
 335.976243445303 32.971994703869 0 0
 338.141373909504 31.2353041438246 0 0
 340.306098088841 34.3880513301904 0 0
 342.470421940552 21.1686534561615 0 0
 344.634351421875 21.3439560265619 0 0
 346.797892490048 24.3700721134406 0 0
 348.961051102309 12.9591663489606 0 0
 351.123833215896 14.3944121771548 0 0
 353.286244788047 17.4078873319252 0 0
 355.448291776 8.01694029705954 0 0
 357.609980136993 10.6663188588459 0 0
 359.771315828264 15.0361000199926 0 0
 361.932304807051 11.0796480384517 0 0
 364.092953030592 20.881277242517 0 0
 366.253266456125 24.4404199796663 0 0
 368.413251040888 8.31275276587636 0 0
 370.572912742119 8.21282065115118 0 0
 372.732257517056 10.3614091618014 0 0
 374.891291322937 -0.410169601726543 0 0
 377.050020117 4.91268746211412 0 0
 379.208449856483 8.11486560573278 0 0
 381.366586498624 -2.80209115327225 0 0
 383.524436000661 3.66936680356736 0 0
 385.682004319832 6.81936288661866 0 0
 387.839297413375 -3.75761061516424 0 0
 389.996321238528 3.1761453780877 0 0
 392.153081752529 5.89607854640075 0 0
 394.309584912616 -4.37200116945793 0 0
 396.465836676027 3.54177504666289 0 0
 398.621843 6.21692599711807 0 0
 400.777609841773 0.826433859226441 0 0
 402.933143158584 16.5003826239904 0 0
 405.088448907671 20.392094448295 0 0
 407.243533046272 7.30766228604517 0 0
 409.398401531625 9.04597135074461 0 0
 411.553060320968 7.91933256315068 0 0
 413.707515371539 1.16400779506214 0 0
 415.861772640576 9.84516881486928 0 0
 418.015838085317 13.0321894423226 0 0
 420.169717663 10.9283020781791 0 0
 422.323417330863 23.2684008633015 0 0
 424.476943046144 31.4063295447255 0 0
 426.630300766081 37.0161853260041 0 0
 428.783496447912 59.127166356627 0 0
 430.936536048875 83.7399658443711 0 0
 433.089425526208 124.84623634669 0 0
 435.242170837149 181.344819282518 0 0
 437.394777938936 219.813750927524 0 0
 439.547252788807 250.673539669755 0 0
 441.699601344 320.415942715126 0 0
 443.851829561753 402.560019325213 0 0
 446.003943399304 480.993735155538 0 0
 448.155948813891 545.994793310101 0 0
 450.307851762752 560.84522582217 0 0
 452.459658203125 527.102340053202 0 0
 454.611374092248 475.366220590043 0 0
 456.763005387359 405.937170699926 0 0
 458.914558045696 338.958103982637 0 0
 461.066038024497 297.149856378193 0 0
 463.217451281 255.698997942121 0 0
 465.368803772443 217.837957783754 0 0
 467.520101456064 196.144171197275 0 0
 469.671350289101 165.324968864437 0 0
 471.822556228792 136.519085236455 0 0
 473.973725232375 125.634817475541 0 0
 476.124863257088 107.496556471399 0 0
 478.275976260169 93.2166888183774 0 0
 480.427070198856 95.7928160546176 0 0
 482.578151030387 88.1303284464762 0 0
 484.729224712 82.5125535956133 0 0
 486.880297200933 90.771592413472 0 0
 489.031374454424 86.9698530525968 0 0
 491.182462429711 85.7516448599523 0 0
 493.333567084032 97.5091348289016 0 0
 495.484694374625 96.2520108022484 0 0
 497.635850258728 97.4316567835365 0 0
 499.787040693579 110.448500391548 0 0
 501.938271636416 109.49342293819 0 0
 504.089549044477 -NAN 0 0
 506.240878875 -NAN 0 0
 508.392267085223 -NAN 0 0
 510.543719632384 -NAN 0 0
 512.695242473721 -NAN 0 0
 514.846841566472 -NAN 0 0
 516.998522867875 -NAN 0 0
 519.150292335168 -NAN 0 0
 521.302155925589 -NAN 0 0
 523.454119596376 -NAN 0 0
 525.606189304767 -NAN 0 0
 527.758371008 -NAN 0 0
 529.910670663313 -NAN 0 0
 532.063094227944 -NAN 0 0
 534.215647659131 -NAN 0 0
 536.368336914112 -NAN 0 0
 538.521167950125 -NAN 0 0
 540.674146724408 -NAN 0 0
 542.827279194199 -NAN 0 0
 544.980571316736 -NAN 0 0
 547.134029049257 -NAN 0 0
 549.287658349 -NAN 0 0
 551.441465173203 -NAN 0 0
 553.595455479104 -NAN 0 0
 555.749635223941 -NAN 0 0
 557.904010364952 -NAN 0 0
 560.058586859375 -NAN 0 0
 562.213370664448 -NAN 0 0
 564.368367737409 -NAN 0 0
 566.523584035496 -NAN 0 0
 568.679025515947 -NAN 0 0
 570.834698136 -NAN 0 0
 572.990607852893 -NAN 0 0
 575.146760623864 -NAN 0 0
 577.303162406151 -NAN 0 0
 579.459819156992 -NAN 0 0
 581.616736833625 -NAN 0 0
 583.773921393288 -NAN 0 0
 585.931378793219 -NAN 0 0
 588.089114990656 -NAN 0 0
 590.247135942837 -NAN 0 0
 592.405447607 -NAN 0 0
 594.564055940383 -NAN 0 0
 596.722966900224 -NAN 0 0
 598.882186443761 -NAN 0 0
 601.041720528232 -NAN 0 0
 603.201575110875 -NAN 0 0
 605.361756148928 -NAN 0 0
 607.522269599629 -NAN 0 0
 609.683121420216 -NAN 0 0
 611.844317567927 -NAN 0 0
 614.005864 -NAN 0 0
 616.167766673673 -NAN 0 0
 618.330031546184 -NAN 0 0
 620.492664574771 -NAN 0 0
 622.655671716672 -NAN 0 0
 624.819058929125 -NAN 0 0
 626.982832169368 -NAN 0 0
 629.146997394639 -NAN 0 0
 631.311560562176 -NAN 0 0
 633.476527629217 -NAN 0 0
 635.641904553 -NAN 0 0
 637.807697290763 -NAN 0 0
 639.973911799744 -NAN 0 0
 642.140554037181 -NAN 0 0
 644.307629960312 -NAN 0 0
 646.475145526375 -NAN 0 0
 648.643106692608 -NAN 0 0
 650.811519416249 -NAN 0 0
 652.980389654536 -NAN 0 0
 655.149723364707 -NAN 0 0
 657.319526504 -NAN 0 0
 659.489805029653 -NAN 0 0
 661.660564898904 -NAN 0 0
 663.831812068991 -NAN 0 0
 666.003552497152 -NAN 0 0
 668.175792140625 -NAN 0 0
 670.348536956648 -NAN 0 0
 672.521792902459 -NAN 0 0
 674.695565935296 -NAN 0 0
 676.869862012397 -NAN 0 0
 679.044687091 -NAN 0 0
 681.220047128343 -NAN 0 0
 683.395948081664 -NAN 0 0
 685.572395908201 -NAN 0 0
 687.749396565192 -NAN 0 0
 689.926956009875 -NAN 0 0
 692.105080199488 -NAN 0 0
 694.283775091269 -NAN 0 0
 696.463046642456 -NAN 0 0
 698.642900810287 -NAN 0 0
 700.823343552 -NAN 0 0
 703.004380824833 -NAN 0 0
 705.186018586024 -NAN 0 0
 707.368262792811 -NAN 0 0
 709.551119402432 -NAN 0 0
 711.734594372125 -NAN 0 0
 713.918693659128 -NAN 0 0
 716.103423220679 -NAN 0 0
 718.288789014016 -NAN 0 0
 720.474796996377 -NAN 0 0
 722.661453125 -NAN 0 0
 724.848763357123 -NAN 0 0
 727.036733649984 -NAN 0 0
 729.225369960821 -NAN 0 0
 731.414678246872 -NAN 0 0
 733.604664465375 -NAN 0 0
 735.795334573568 -NAN 0 0
[END] of [DATA]
[END] of Spectrum


[Spectrum]
Version            = 1
IDData             = 12ad_2026-06-10_13-05-15_000_307
IDDevice           = SAM_82E6
IDDataType         = SPECTRUM
IDDataTypeSub1     = CALIBRATED
IDDataTypeSub2     = 
IDDataTypeSub3     = 
DateTime           = 2026-06-10 13:05:15
PositionLatitude   = 0
PositionLongitude  = 0
Comment            = 20260610_FrameA
CommentSub1        = UV
CommentSub2        = centre
CommentSub3        = 28cm
IDMethodType       = SAM Control
MethodName         = SAM_82E6
Mission            = No Mission
MissionSub         = 1
RecordType         = 0
[Attributes]
CalFactor = 1
IDBasisSpec = 
IDDataBack = DLAB_2024-11-11_10-40-48_641_639
IDDataCal = DLAB_2024-11-12_11-45-27_171_455
IntegrationTime = 128
P31 = -1
P31e = 0
PathLength = +INF
PathLengthCustomOn = 0
RAWDynamic = 65535
Salinity = 0
Temperature = -NAN
Unit1 = $01 $01 Wavelength nm
Unit2 = $03 $06 Intensity mW/(m^2 nm)
Unit3 = $f0 $06 Error mW/(m^2 nm)
Unit4 = $f1 $00 Status 
p999 = 8193
[END] of [Attributes]
[DATA]
 0 6 0 0
 185.260577530984 -NAN 0 0
 187.468128380571 -NAN 0 0
 189.674861895872 -NAN 0 0
 191.880784034125 -NAN 0 0
 194.085900752568 -NAN 0 0
 196.290218008439 -NAN 0 0
 198.493741758976 -NAN 0 0
 200.696477961417 -NAN 0 0
 202.898432573 -NAN 0 0
 205.099611550963 -NAN 0 0
 207.300020852544 -NAN 0 0
 209.499666434981 -NAN 0 0
 211.698554255512 -NAN 0 0
 213.896690271375 -NAN 0 0
 216.094080439808 -NAN 0 0
 218.290730718049 -NAN 0 0
 220.486647063336 -NAN 0 0
 222.681835432907 -NAN 0 0
 224.876301784 -NAN 0 0
 227.070052073853 -NAN 0 0
 229.263092259704 -NAN 0 0
 231.455428298791 -NAN 0 0
 233.647066148352 -NAN 0 0
 235.838011765625 -NAN 0 0
 238.028271107848 -NAN 0 0
 240.217850132259 -NAN 0 0
 242.406754796096 -NAN 0 0
 244.594991056597 -NAN 0 0
 246.782564871 -NAN 0 0
 248.969482196543 -NAN 0 0
 251.155748990464 -NAN 0 0
 253.341371210001 -NAN 0 0
 255.526354812392 -NAN 0 0
 257.710705754875 -NAN 0 0
 259.894429994688 -NAN 0 0
 262.077533489069 -NAN 0 0
 264.260022195256 -NAN 0 0
 266.441902070487 -NAN 0 0
 268.623179072 -NAN 0 0
 270.803859157033 -NAN 0 0
 272.983948282824 -NAN 0 0
 275.163452406611 -NAN 0 0
 277.342377485632 -NAN 0 0
 279.520729477125 1.76129753003531 0 0
 281.698514338328 1.10126653427276 0 0
 283.875738026479 13.7195732279549 0 0
 286.052406498816 9.05353071467556 0 0
 288.228525712577 11.4797986054867 0 0
 290.404101625 28.4906654734341 0 0
 292.579140193323 27.3263320311018 0 0
 294.753647374784 35.5656946037091 0 0
 296.927629126621 53.0314968896771 0 0
 299.101091406072 53.7998195730034 0 0
 301.274040170375 62.9275319235909 0 0
 303.446481376768 76.1454867517155 0 0
 305.618420982489 75.0003702558407 0 0
 307.789864944776 79.0034477201963 0 0
 309.960819220867 91.2154927285482 0 0
 312.131289768 88.7189936396839 0 0
 314.301282543413 85.9962568465575 0 0
 316.470803504344 86.3502397165641 0 0
 318.639858608031 72.0992404087126 0 0
 320.808453811712 66.8831114499914 0 0
 322.976595072625 71.7915883095872 0 0
 325.144288348008 56.7539280593392 0 0
 327.311539595099 52.7421565466079 0 0
 329.478354771136 56.6115089852173 0 0
 331.644739833357 41.378357587128 0 0
 333.810700739 39.3744514386424 0 0
 335.976243445303 42.8728886197587 0 0
 338.141373909504 27.9841054479072 0 0
 340.306098088841 26.7506035350634 0 0
 342.470421940552 30.2287308925732 0 0
 344.634351421875 17.7310209327205 0 0
 346.797892490048 18.0946247034493 0 0
 348.961051102309 21.1069833163173 0 0
 351.123833215896 10.8760942332759 0 0
 353.286244788047 12.3516097880456 0 0
 355.448291776 15.7112057280709 0 0
 357.609980136993 6.89594767781931 0 0
 359.771315828264 10.474473924162 0 0
 361.932304807051 18.9735206362122 0 0
 364.092953030592 16.2150465867952 0 0
 366.253266456125 19.7189198820271 0 0
 368.413251040888 17.0934443705801 0 0
 370.572912742119 2.88615393701671 0 0
 372.732257517056 6.2378570932412 0 0
 374.891291322937 9.23100604523134 0 0
 377.050020117 -1.53341234236661 0 0
 379.208449856483 4.19502456542078 0 0
 381.366586498624 7.6377022305823 0 0
 383.524436000661 -3.40694722765857 0 0
 385.682004319832 3.32178919059883 0 0
 387.839297413375 6.55577439350481 0 0
 389.996321238528 -4.12100648066739 0 0
 392.153081752529 3.15829380100041 0 0
 394.309584912616 5.652092718843 0 0
 396.465836676027 -4.15758636847496 0 0
 398.621843 3.98118500778317 0 0
 400.777609841773 10.1289281860537 0 0
 402.933143158584 8.50234831385893 0 0
 405.088448907671 18.4327175288661 0 0
 407.243533046272 15.3777738296387 0 0
 409.398401531625 1.54650575037081 0 0
 411.553060320968 6.95424371570977 0 0
 413.707515371539 8.4453658527801 0 0
 415.861772640576 3.18365874427216 0 0
 418.015838085317 12.6498087949307 0 0
 420.169717663 17.252467375934 0 0
 422.323417330863 17.0452698095774 0 0
 424.476943046144 31.4924307349869 0 0
 426.630300766081 42.7555314786824 0 0
 428.783496447912 53.1092142482249 0 0
 430.936536048875 83.864392692708 0 0
 433.089425526208 129.413238287062 0 0
 435.242170837149 174.732912797585 0 0
 437.394777938936 219.502822007133 0 0
 439.547252788807 255.23602778412 0 0
 441.699601344 314.2817323047 0 0
 443.851829561753 403.741082234899 0 0
 446.003943399304 485.850760077309 0 0
 448.155948813891 539.509801583046 0 0
 450.307851762752 562.328708800631 0 0
 452.459658203125 532.127570691446 0 0
 454.611374092248 468.303481242984 0 0
 456.763005387359 408.017565912972 0 0
 458.914558045696 344.21074133986 0 0
 461.066038024497 289.527558463209 0 0
 463.217451281 258.342348178241 0 0
 465.368803772443 222.823288942635 0 0
 467.520101456064 187.765572772275 0 0
 469.671350289101 168.528083382976 0 0
 471.822556228792 141.229152360832 0 0
 473.973725232375 117.040785513831 0 0
 476.124863257088 111.091402097801 0 0
 478.275976260169 97.9050354903758 0 0
 480.427070198856 87.1793743498242 0 0
 482.578151030387 92.1763627338781 0 0
 484.729224712 86.4632673027535 0 0
 486.880297200933 82.1214260986296 0 0
 489.031374454424 91.7510417707253 0 0
 491.182462429711 89.2976793999483 0 0
 493.333567084032 88.8596621852344 0 0
 495.484694374625 101.240499210881 0 0
 497.635850258728 100.697816596532 0 0
 499.787040693579 102.060980312361 0 0
 501.938271636416 115.002629919352 0 0
 504.089549044477 -NAN 0 0
 506.240878875 -NAN 0 0
 508.392267085223 -NAN 0 0
 510.543719632384 -NAN 0 0
 512.695242473721 -NAN 0 0
 514.846841566472 -NAN 0 0
 516.998522867875 -NAN 0 0
 519.150292335168 -NAN 0 0
 521.302155925589 -NAN 0 0
 523.454119596376 -NAN 0 0
 525.606189304767 -NAN 0 0
 527.758371008 -NAN 0 0
 529.910670663313 -NAN 0 0
 532.063094227944 -NAN 0 0
 534.215647659131 -NAN 0 0
 536.368336914112 -NAN 0 0
 538.521167950125 -NAN 0 0
 540.674146724408 -NAN 0 0
 542.827279194199 -NAN 0 0
 544.980571316736 -NAN 0 0
 547.134029049257 -NAN 0 0
 549.287658349 -NAN 0 0
 551.441465173203 -NAN 0 0
 553.595455479104 -NAN 0 0
 555.749635223941 -NAN 0 0
 557.904010364952 -NAN 0 0
 560.058586859375 -NAN 0 0
 562.213370664448 -NAN 0 0
 564.368367737409 -NAN 0 0
 566.523584035496 -NAN 0 0
 568.679025515947 -NAN 0 0
 570.834698136 -NAN 0 0
 572.990607852893 -NAN 0 0
 575.146760623864 -NAN 0 0
 577.303162406151 -NAN 0 0
 579.459819156992 -NAN 0 0
 581.616736833625 -NAN 0 0
 583.773921393288 -NAN 0 0
 585.931378793219 -NAN 0 0
 588.089114990656 -NAN 0 0
 590.247135942837 -NAN 0 0
 592.405447607 -NAN 0 0
 594.564055940383 -NAN 0 0
 596.722966900224 -NAN 0 0
 598.882186443761 -NAN 0 0
 601.041720528232 -NAN 0 0
 603.201575110875 -NAN 0 0
 605.361756148928 -NAN 0 0
 607.522269599629 -NAN 0 0
 609.683121420216 -NAN 0 0
 611.844317567927 -NAN 0 0
 614.005864 -NAN 0 0
 616.167766673673 -NAN 0 0
 618.330031546184 -NAN 0 0
 620.492664574771 -NAN 0 0
 622.655671716672 -NAN 0 0
 624.819058929125 -NAN 0 0
 626.982832169368 -NAN 0 0
 629.146997394639 -NAN 0 0
 631.311560562176 -NAN 0 0
 633.476527629217 -NAN 0 0
 635.641904553 -NAN 0 0
 637.807697290763 -NAN 0 0
 639.973911799744 -NAN 0 0
 642.140554037181 -NAN 0 0
 644.307629960312 -NAN 0 0
 646.475145526375 -NAN 0 0
 648.643106692608 -NAN 0 0
 650.811519416249 -NAN 0 0
 652.980389654536 -NAN 0 0
 655.149723364707 -NAN 0 0
 657.319526504 -NAN 0 0
 659.489805029653 -NAN 0 0
 661.660564898904 -NAN 0 0
 663.831812068991 -NAN 0 0
 666.003552497152 -NAN 0 0
 668.175792140625 -NAN 0 0
 670.348536956648 -NAN 0 0
 672.521792902459 -NAN 0 0
 674.695565935296 -NAN 0 0
 676.869862012397 -NAN 0 0
 679.044687091 -NAN 0 0
 681.220047128343 -NAN 0 0
 683.395948081664 -NAN 0 0
 685.572395908201 -NAN 0 0
 687.749396565192 -NAN 0 0
 689.926956009875 -NAN 0 0
 692.105080199488 -NAN 0 0
 694.283775091269 -NAN 0 0
 696.463046642456 -NAN 0 0
 698.642900810287 -NAN 0 0
 700.823343552 -NAN 0 0
 703.004380824833 -NAN 0 0
 705.186018586024 -NAN 0 0
 707.368262792811 -NAN 0 0
 709.551119402432 -NAN 0 0
 711.734594372125 -NAN 0 0
 713.918693659128 -NAN 0 0
 716.103423220679 -NAN 0 0
 718.288789014016 -NAN 0 0
 720.474796996377 -NAN 0 0
 722.661453125 -NAN 0 0
 724.848763357123 -NAN 0 0
 727.036733649984 -NAN 0 0
 729.225369960821 -NAN 0 0
 731.414678246872 -NAN 0 0
 733.604664465375 -NAN 0 0
 735.795334573568 -NAN 0 0
[END] of [DATA]
[END] of Spectrum


[Spectrum]
Version            = 1
IDData             = 12ad_2026-06-10_13-05-10_000_304
IDDevice           = SAM_82E6
IDDataType         = SPECTRUM
IDDataTypeSub1     = CALIBRATED
IDDataTypeSub2     = 
IDDataTypeSub3     = 
DateTime           = 2026-06-10 13:05:10
PositionLatitude   = 0
PositionLongitude  = 0
Comment            = 20260610_FrameA
CommentSub1        = UV
CommentSub2        = centre
CommentSub3        = 28cm
IDMethodType       = SAM Control
MethodName         = SAM_82E6
Mission            = No Mission
MissionSub         = 1
RecordType         = 0
[Attributes]
CalFactor = 1
IDBasisSpec = 
IDDataBack = DLAB_2024-11-11_10-40-48_641_639
IDDataCal = DLAB_2024-11-12_11-45-27_171_455
IntegrationTime = 128
P31 = -1
P31e = 0
PathLength = +INF
PathLengthCustomOn = 0
RAWDynamic = 65535
Salinity = 0
Temperature = -NAN
Unit1 = $01 $01 Wavelength nm
Unit2 = $03 $06 Intensity mW/(m^2 nm)
Unit3 = $f0 $06 Error mW/(m^2 nm)
Unit4 = $f1 $00 Status 
p999 = 8192
[END] of [Attributes]
[DATA]
 0 6 0 0
 185.260577530984 -NAN 0 0
 187.468128380571 -NAN 0 0
 189.674861895872 -NAN 0 0
 191.880784034125 -NAN 0 0
 194.085900752568 -NAN 0 0
 196.290218008439 -NAN 0 0
 198.493741758976 -NAN 0 0
 200.696477961417 -NAN 0 0
 202.898432573 -NAN 0 0
 205.099611550963 -NAN 0 0
 207.300020852544 -NAN 0 0
 209.499666434981 -NAN 0 0
 211.698554255512 -NAN 0 0
 213.896690271375 -NAN 0 0
 216.094080439808 -NAN 0 0
 218.290730718049 -NAN 0 0
 220.486647063336 -NAN 0 0
 222.681835432907 -NAN 0 0
 224.876301784 -NAN 0 0
 227.070052073853 -NAN 0 0
 229.263092259704 -NAN 0 0
 231.455428298791 -NAN 0 0
 233.647066148352 -NAN 0 0
 235.838011765625 -NAN 0 0
 238.028271107848 -NAN 0 0
 240.217850132259 -NAN 0 0
 242.406754796096 -NAN 0 0
 244.594991056597 -NAN 0 0
 246.782564871 -NAN 0 0
 248.969482196543 -NAN 0 0
 251.155748990464 -NAN 0 0
 253.341371210001 -NAN 0 0
 255.526354812392 -NAN 0 0
 257.710705754875 -NAN 0 0
 259.894429994688 -NAN 0 0
 262.077533489069 -NAN 0 0
 264.260022195256 -NAN 0 0
 266.441902070487 -NAN 0 0
 268.623179072 -NAN 0 0
 270.803859157033 -NAN 0 0
 272.983948282824 -NAN 0 0
 275.163452406611 -NAN 0 0
 277.342377485632 -NAN 0 0
 279.520729477125 -1.90990519883463 0 0
 281.698514338328 7.29592126706162 0 0
 283.875738026479 11.4375514462555 0 0
 286.052406498816 4.74727554481657 0 0
 288.228525712577 18.2679337514946 0 0
 290.404101625 25.6435156137313 0 0
 292.579140193323 23.2977983938241 0 0
 294.753647374784 41.6319679857114 0 0
 296.927629126621 49.8827722235497 0 0
 299.101091406072 50.0292050804179 0 0
 301.274040170375 67.6524830469423 0 0
 303.446481376768 72.7684415561659 0 0
 305.618420982489 71.5202905208298 0 0
 307.789864944776 83.0289328576828 0 0
 309.960819220867 87.5432674307187 0 0
 312.131289768 85.361243428143 0 0
 314.301282543413 90.6056067217298 0 0
 316.470803504344 82.5505687785479 0 0
 318.639858608031 69.1635871823052 0 0
 320.808453811712 72.9023608678042 0 0
 322.976595072625 67.8485417211367 0 0
 325.144288348008 54.3949279214711 0 0
 327.311539595099 59.7935821725389 0 0
 329.478354771136 52.7352447863562 0 0
 331.644739833357 39.7320826144046 0 0
 333.810700739 46.4410025760126 0 0
 335.976243445303 39.0061469054338 0 0
 338.141373909504 27.0038304199372 0 0
 340.306098088841 33.6700470857223 0 0
 342.470421940552 26.8870171163451 0 0
 344.634351421875 17.5776000898912 0 0
 346.797892490048 24.2963854354792 0 0
 348.961051102309 18.2804021001044 0 0
 351.123833215896 11.3238598004256 0 0
 353.286244788047 17.9890811923711 0 0
 355.448291776 13.0241827941038 0 0
 357.609980136993 7.61339973441909 0 0
 359.771315828264 15.9966121877777 0 0
 361.932304807051 16.0724757894626 0 0
 364.092953030592 17.3169679804522 0 0
 366.253266456125 25.5043048643928 0 0
 368.413251040888 13.6505113100584 0 0
 370.572912742119 4.49633708427452 0 0
 372.732257517056 12.6299498284341 0 0
 374.891291322937 5.58212155131924 0 0
 377.050020117 0.979918246925897 0 0
 379.208449856483 10.9263474514974 0 0
 381.366586498624 3.44595630171909 0 0
 383.524436000661 -0.510476451270052 0 0
 385.682004319832 9.95850284071211 0 0
 387.839297413375 2.14931370151954 0 0
 389.996321238528 -0.980211185926992 0 0
 392.153081752529 9.10843114934133 0 0
 394.309584912616 1.36209144383351 0 0
 396.465836676027 -1.08321188884712 0 0
 398.621843 9.62294802656775 0 0
 400.777609841773 5.80345689694039 0 0
 402.933143158584 11.5185615380885 0 0
 405.088448907671 22.9484978146472 0 0
 407.243533046272 11.1912475408674 0 0
 409.398401531625 4.68608340430881 0 0
 411.553060320968 11.0484263462248 0 0
 413.707515371539 4.70763740479786 0 0
 415.861772640576 5.96175441030025 0 0
 418.015838085317 15.9978511728666 0 0
 420.169717663 13.8165110017461 0 0
 422.323417330863 19.8670573493122 0 0
 424.476943046144 34.0523877732755 0 0
 426.630300766081 39.496128399646 0 0
 428.783496447912 55.6465494277025 0 0
 430.936536048875 85.9442163033186 0 0
 433.089425526208 125.71494634173 0 0
 435.242170837149 176.217854444993 0 0
 437.394777938936 220.469978803208 0 0
 439.547252788807 251.614183824516 0 0
 441.699601344 316.800186103112 0 0
 443.851829561753 405.205901577174 0 0
 446.003943399304 482.43535696163 0 0
 448.155948813891 542.419317557463 0 0
 450.307851762752 563.647159934073 0 0
 452.459658203125 528.36304768429 0 0
 454.611374092248 471.696487031365 0 0
 456.763005387359 408.970388873053 0 0
 458.914558045696 340.06492040467 0 0
 461.066038024497 292.832829741943 0 0
 463.217451281 259.243891598654 0 0
 465.368803772443 218.628559739715 0 0
 467.520101456064 191.664089743641 0 0
 469.671350289101 169.019537925529 0 0
 471.822556228792 136.82623976464 0 0
 473.973725232375 121.06858422183 0 0
 476.124863257088 111.394755255064 0 0
 478.275976260169 93.5089465037852 0 0
 480.427070198856 91.454350331073 0 0
 482.578151030387 92.2210086294632 0 0
 484.729224712 82.2834457285797 0 0
 486.880297200933 86.454898787586 0 0
 489.031374454424 91.3929841087078 0 0
 491.182462429711 85.2211357555435 0 0
 493.333567084032 93.3731082011215 0 0
 495.484694374625 100.607391740338 0 0
 497.635850258728 96.6932874338066 0 0
 499.787040693579 106.664060029182 0 0
 501.938271636416 113.980214089678 0 0
 504.089549044477 -NAN 0 0
 506.240878875 -NAN 0 0
 508.392267085223 -NAN 0 0
 510.543719632384 -NAN 0 0
 512.695242473721 -NAN 0 0
 514.846841566472 -NAN 0 0
 516.998522867875 -NAN 0 0
 519.150292335168 -NAN 0 0
 521.302155925589 -NAN 0 0
 523.454119596376 -NAN 0 0
 525.606189304767 -NAN 0 0
 527.758371008 -NAN 0 0
 529.910670663313 -NAN 0 0
 532.063094227944 -NAN 0 0
 534.215647659131 -NAN 0 0
 536.368336914112 -NAN 0 0
 538.521167950125 -NAN 0 0
 540.674146724408 -NAN 0 0
 542.827279194199 -NAN 0 0
 544.980571316736 -NAN 0 0
 547.134029049257 -NAN 0 0
 549.287658349 -NAN 0 0
 551.441465173203 -NAN 0 0
 553.595455479104 -NAN 0 0
 555.749635223941 -NAN 0 0
 557.904010364952 -NAN 0 0
 560.058586859375 -NAN 0 0
 562.213370664448 -NAN 0 0
 564.368367737409 -NAN 0 0
 566.523584035496 -NAN 0 0
 568.679025515947 -NAN 0 0
 570.834698136 -NAN 0 0
 572.990607852893 -NAN 0 0
 575.146760623864 -NAN 0 0
 577.303162406151 -NAN 0 0
 579.459819156992 -NAN 0 0
 581.616736833625 -NAN 0 0
 583.773921393288 -NAN 0 0
 585.931378793219 -NAN 0 0
 588.089114990656 -NAN 0 0
 590.247135942837 -NAN 0 0
 592.405447607 -NAN 0 0
 594.564055940383 -NAN 0 0
 596.722966900224 -NAN 0 0
 598.882186443761 -NAN 0 0
 601.041720528232 -NAN 0 0
 603.201575110875 -NAN 0 0
 605.361756148928 -NAN 0 0
 607.522269599629 -NAN 0 0
 609.683121420216 -NAN 0 0
 611.844317567927 -NAN 0 0
 614.005864 -NAN 0 0
 616.167766673673 -NAN 0 0
 618.330031546184 -NAN 0 0
 620.492664574771 -NAN 0 0
 622.655671716672 -NAN 0 0
 624.819058929125 -NAN 0 0
 626.982832169368 -NAN 0 0
 629.146997394639 -NAN 0 0
 631.311560562176 -NAN 0 0
 633.476527629217 -NAN 0 0
 635.641904553 -NAN 0 0
 637.807697290763 -NAN 0 0
 639.973911799744 -NAN 0 0
 642.140554037181 -NAN 0 0
 644.307629960312 -NAN 0 0
 646.475145526375 -NAN 0 0
 648.643106692608 -NAN 0 0
 650.811519416249 -NAN 0 0
 652.980389654536 -NAN 0 0
 655.149723364707 -NAN 0 0
 657.319526504 -NAN 0 0
 659.489805029653 -NAN 0 0
 661.660564898904 -NAN 0 0
 663.831812068991 -NAN 0 0
 666.003552497152 -NAN 0 0
 668.175792140625 -NAN 0 0
 670.348536956648 -NAN 0 0
 672.521792902459 -NAN 0 0
 674.695565935296 -NAN 0 0
 676.869862012397 -NAN 0 0
 679.044687091 -NAN 0 0
 681.220047128343 -NAN 0 0
 683.395948081664 -NAN 0 0
 685.572395908201 -NAN 0 0
 687.749396565192 -NAN 0 0
 689.926956009875 -NAN 0 0
 692.105080199488 -NAN 0 0
 694.283775091269 -NAN 0 0
 696.463046642456 -NAN 0 0
 698.642900810287 -NAN 0 0
 700.823343552 -NAN 0 0
 703.004380824833 -NAN 0 0
 705.186018586024 -NAN 0 0
 707.368262792811 -NAN 0 0
 709.551119402432 -NAN 0 0
 711.734594372125 -NAN 0 0
 713.918693659128 -NAN 0 0
 716.103423220679 -NAN 0 0
 718.288789014016 -NAN 0 0
 720.474796996377 -NAN 0 0
 722.661453125 -NAN 0 0
 724.848763357123 -NAN 0 0
 727.036733649984 -NAN 0 0
 729.225369960821 -NAN 0 0
 731.414678246872 -NAN 0 0
 733.604664465375 -NAN 0 0
 735.795334573568 -NAN 0 0
[END] of [DATA]
[END] of Spectrum


[Spectrum]
Version            = 1
IDData             = 12ad_2026-06-10_13-05-05_000_301
IDDevice           = SAM_82E6
IDDataType         = SPECTRUM
IDDataTypeSub1     = CALIBRATED
IDDataTypeSub2     = 
IDDataTypeSub3     = 
DateTime           = 2026-06-10 13:05:05
PositionLatitude   = 0
PositionLongitude  = 0
Comment            = 20260610_FrameA
CommentSub1        = UV
CommentSub2        = centre
CommentSub3        = 28cm
IDMethodType       = SAM Control
MethodName         = SAM_82E6
Mission            = No Mission
MissionSub         = 1
RecordType         = 0
[Attributes]
CalFactor = 1
IDBasisSpec = 
IDDataBack = DLAB_2024-11-11_10-40-48_641_639
IDDataCal = DLAB_2024-11-12_11-45-27_171_455
IntegrationTime = 128
P31 = -1
P31e = 0
PathLength = +INF
PathLengthCustomOn = 0
RAWDynamic = 65535
Salinity = 0
Temperature = -NAN
Unit1 = $01 $01 Wavelength nm
Unit2 = $03 $06 Intensity mW/(m^2 nm)
Unit3 = $f0 $06 Error mW/(m^2 nm)
Unit4 = $f1 $00 Status 
p999 = 8191
[END] of [Attributes]
[DATA]
 0 6 0 0
 185.260577530984 -NAN 0 0
 187.468128380571 -NAN 0 0
 189.674861895872 -NAN 0 0
 191.880784034125 -NAN 0 0
 194.085900752568 -NAN 0 0
 196.290218008439 -NAN 0 0
 198.493741758976 -NAN 0 0
 200.696477961417 -NAN 0 0
 202.898432573 -NAN 0 0
 205.099611550963 -NAN 0 0
 207.300020852544 -NAN 0 0
 209.499666434981 -NAN 0 0
 211.698554255512 -NAN 0 0
 213.896690271375 -NAN 0 0
 216.094080439808 -NAN 0 0
 218.290730718049 -NAN 0 0
 220.486647063336 -NAN 0 0
 222.681835432907 -NAN 0 0
 224.876301784 -NAN 0 0
 227.070052073853 -NAN 0 0
 229.263092259704 -NAN 0 0
 231.455428298791 -NAN 0 0
 233.647066148352 -NAN 0 0
 235.838011765625 -NAN 0 0
 238.028271107848 -NAN 0 0
 240.217850132259 -NAN 0 0
 242.406754796096 -NAN 0 0
 244.594991056597 -NAN 0 0
 246.782564871 -NAN 0 0
 248.969482196543 -NAN 0 0
 251.155748990464 -NAN 0 0
 253.341371210001 -NAN 0 0
 255.526354812392 -NAN 0 0
 257.710705754875 -NAN 0 0
 259.894429994688 -NAN 0 0
 262.077533489069 -NAN 0 0
 264.260022195256 -NAN 0 0
 266.441902070487 -NAN 0 0
 268.623179072 -NAN 0 0
 270.803859157033 -NAN 0 0
 272.983948282824 -NAN 0 0
 275.163452406611 -NAN 0 0
 277.342377485632 -NAN 0 0
 279.520729477125 -1.8165062148912 0 0
 281.698514338328 7.91172590596908 0 0
 283.875738026479 10.8571610054892 0 0
 286.052406498816 4.90843344227252 0 0
 288.228525712577 18.7622154368835 0 0
 290.404101625 24.6532658412811 0 0
 292.579140193323 22.946816981759 0 0
 294.753647374784 41.5128872582217 0 0
 296.927629126621 48.492508711691 0 0
 299.101091406072 49.3463472725002 0 0
 301.274040170375 66.8622837063229 0 0
 303.446481376768 70.9433954624521 0 0
 305.618420982489 70.2071949224218 0 0
 307.789864944776 81.7430436860428 0 0
 309.960819220867 85.4456249047956 0 0
 312.131289768 83.7645116754029 0 0
 314.301282543413 89.1230332881161 0 0
 316.470803504344 80.3550675966781 0 0
 318.639858608031 67.8938721365278 0 0
 320.808453811712 71.9719196154709 0 0
 322.976595072625 65.9037366455921 0 0
 325.144288348008 53.5936763446554 0 0
 327.311539595099 59.0591197528733 0 0
 329.478354771136 51.133273741777 0 0
 331.644739833357 39.4167439730466 0 0
 333.810700739 46.4454432239833 0 0
 335.976243445303 37.9638710373245 0 0
 338.141373909504 26.9574850389587 0 0
 340.306098088841 33.6008255044976 0 0
 342.470421940552 25.8538618775347 0 0
 344.634351421875 17.7850954920784 0 0
 346.797892490048 24.4522146396926 0 0
 348.961051102309 17.5344344714394 0 0
 351.123833215896 11.347367492701 0 0
 353.286244788047 17.9138422123134 0 0
 355.448291776 12.2529276124968 0 0
 357.609980136993 7.80936052002768 0 0
 359.771315828264 16.1547256129338 0 0
 361.932304807051 15.4432938450312 0 0
 364.092953030592 17.4219666378396 0 0
 366.253266456125 25.5498498814119 0 0
 368.413251040888 12.9340417893653 0 0
 370.572912742119 4.90704682620378 0 0
 372.732257517056 12.7043068255578 0 0
 374.891291322937 4.95694421540578 0 0
 377.050020117 1.3565040048166 0 0
 379.208449856483 11.0564956902511 0 0
 381.366586498624 2.89054289981644 0 0
 383.524436000661 -0.0968979449260579 0 0
 385.682004319832 10.0651795496188 0 0
 387.839297413375 1.77100984146808 0 0
 389.996321238528 -0.44503989464967 0 0
 392.153081752529 9.26245755924475 0 0
 394.309584912616 0.9243640410115 0 0
 396.465836676027 -0.354222656341473 0 0
 398.621843 9.62692857432325 0 0
 400.777609841773 5.24554132777936 0 0
 402.933143158584 11.773292150723 0 0
 405.088448907671 22.5762776224296 0 0
 407.243533046272 10.5746734364768 0 0
 409.398401531625 5.08139518920246 0 0
 411.553060320968 10.8134961467906 0 0
 413.707515371539 4.36716895082445 0 0
 415.861772640576 6.40571900057293 0 0
 418.015838085317 15.753088239189 0 0
 420.169717663 13.6660933080523 0 0
 422.323417330863 20.1994093535055 0 0
 424.476943046144 33.9112528325376 0 0
 426.630300766081 39.2967316540799 0 0
 428.783496447912 55.9525469925365 0 0
 430.936536048875 85.6945385877817 0 0
 433.089425526208 124.842997912412 0 0
 435.242170837149 175.515344376063 0 0
 437.394777938936 219.292605282035 0 0
 439.547252788807 251.121619516477 0 0
 441.699601344 316.891422516827 0 0
 443.851829561753 405.027612137229 0 0
 446.003943399304 482.237722162101 0 0
 448.155948813891 542.753613572617 0 0
 450.307851762752 563.58493481218 0 0
 452.459658203125 528.232438003185 0 0
 454.611374092248 471.870511711655 0 0
 456.763005387359 408.85030975001 0 0
 458.914558045696 339.834375234706 0 0
 461.066038024497 293.312725787653 0 0
 463.217451281 259.003964720641 0 0
 465.368803772443 218.422728789898 0 0
 467.520101456064 192.091427180887 0 0
 469.671350289101 168.74999567642 0 0
 471.822556228792 136.7114667203 0 0
 473.973725232375 121.448461355308 0 0
 476.124863257088 111.099151995979 0 0
 478.275976260169 93.3522608245361 0 0
 480.427070198856 91.9789760963592 0 0
 482.578151030387 91.9229972764325 0 0
 484.729224712 82.1660977966845 0 0
 486.880297200933 86.9817613679934 0 0
 489.031374454424 91.0136667730079 0 0
 491.182462429711 85.2244863393608 0 0
 493.333567084032 93.9576072534996 0 0
 495.484694374625 100.451328535187 0 0
 497.635850258728 96.8743140945874 0 0
 499.787040693579 107.117410109937 0 0
 501.938271636416 113.576628893753 0 0
 504.089549044477 -NAN 0 0
 506.240878875 -NAN 0 0
 508.392267085223 -NAN 0 0
 510.543719632384 -NAN 0 0
 512.695242473721 -NAN 0 0
 514.846841566472 -NAN 0 0
 516.998522867875 -NAN 0 0
 519.150292335168 -NAN 0 0
 521.302155925589 -NAN 0 0
 523.454119596376 -NAN 0 0
 525.606189304767 -NAN 0 0
 527.758371008 -NAN 0 0
 529.910670663313 -NAN 0 0
 532.063094227944 -NAN 0 0
 534.215647659131 -NAN 0 0
 536.368336914112 -NAN 0 0
 538.521167950125 -NAN 0 0
 540.674146724408 -NAN 0 0
 542.827279194199 -NAN 0 0
 544.980571316736 -NAN 0 0
 547.134029049257 -NAN 0 0
 549.287658349 -NAN 0 0
 551.441465173203 -NAN 0 0
 553.595455479104 -NAN 0 0
 555.749635223941 -NAN 0 0
 557.904010364952 -NAN 0 0
 560.058586859375 -NAN 0 0
 562.213370664448 -NAN 0 0
 564.368367737409 -NAN 0 0
 566.523584035496 -NAN 0 0
 568.679025515947 -NAN 0 0
 570.834698136 -NAN 0 0
 572.990607852893 -NAN 0 0
 575.146760623864 -NAN 0 0
 577.303162406151 -NAN 0 0
 579.459819156992 -NAN 0 0
 581.616736833625 -NAN 0 0
 583.773921393288 -NAN 0 0
 585.931378793219 -NAN 0 0
 588.089114990656 -NAN 0 0
 590.247135942837 -NAN 0 0
 592.405447607 -NAN 0 0
 594.564055940383 -NAN 0 0
 596.722966900224 -NAN 0 0
 598.882186443761 -NAN 0 0
 601.041720528232 -NAN 0 0
 603.201575110875 -NAN 0 0
 605.361756148928 -NAN 0 0
 607.522269599629 -NAN 0 0
 609.683121420216 -NAN 0 0
 611.844317567927 -NAN 0 0
 614.005864 -NAN 0 0
 616.167766673673 -NAN 0 0
 618.330031546184 -NAN 0 0
 620.492664574771 -NAN 0 0
 622.655671716672 -NAN 0 0
 624.819058929125 -NAN 0 0
 626.982832169368 -NAN 0 0
 629.146997394639 -NAN 0 0
 631.311560562176 -NAN 0 0
 633.476527629217 -NAN 0 0
 635.641904553 -NAN 0 0
 637.807697290763 -NAN 0 0
 639.973911799744 -NAN 0 0
 642.140554037181 -NAN 0 0
 644.307629960312 -NAN 0 0
 646.475145526375 -NAN 0 0
 648.643106692608 -NAN 0 0
 650.811519416249 -NAN 0 0
 652.980389654536 -NAN 0 0
 655.149723364707 -NAN 0 0
 657.319526504 -NAN 0 0
 659.489805029653 -NAN 0 0
 661.660564898904 -NAN 0 0
 663.831812068991 -NAN 0 0
 666.003552497152 -NAN 0 0
 668.175792140625 -NAN 0 0
 670.348536956648 -NAN 0 0
 672.521792902459 -NAN 0 0
 674.695565935296 -NAN 0 0
 676.869862012397 -NAN 0 0
 679.044687091 -NAN 0 0
 681.220047128343 -NAN 0 0
 683.395948081664 -NAN 0 0
 685.572395908201 -NAN 0 0
 687.749396565192 -NAN 0 0
 689.926956009875 -NAN 0 0
 692.105080199488 -NAN 0 0
 694.283775091269 -NAN 0 0
 696.463046642456 -NAN 0 0
 698.642900810287 -NAN 0 0
 700.823343552 -NAN 0 0
 703.004380824833 -NAN 0 0
 705.186018586024 -NAN 0 0
 707.368262792811 -NAN 0 0
 709.551119402432 -NAN 0 0
 711.734594372125 -NAN 0 0
 713.918693659128 -NAN 0 0
 716.103423220679 -NAN 0 0
 718.288789014016 -NAN 0 0
 720.474796996377 -NAN 0 0
 722.661453125 -NAN 0 0
 724.848763357123 -NAN 0 0
 727.036733649984 -NAN 0 0
 729.225369960821 -NAN 0 0
 731.414678246872 -NAN 0 0
 733.604664465375 -NAN 0 0
 735.795334573568 -NAN 0 0
[END] of [DATA]
[END] of Spectrum


[Spectrum]
Version            = 1
IDData             = 12ad_2026-06-10_13-05-00_000_298
IDDevice           = SAM_82E6
IDDataType         = SPECTRUM
IDDataTypeSub1     = CALIBRATED
IDDataTypeSub2     = 
IDDataTypeSub3     = 
DateTime           = 2026-06-10 13:05:00
PositionLatitude   = 0
PositionLongitude  = 0
Comment            = 20260610_FrameA
CommentSub1        = UV
CommentSub2        = centre
CommentSub3        = 28cm
IDMethodType       = SAM Control
MethodName         = SAM_82E6
Mission            = No Mission
MissionSub         = 1
RecordType         = 0
[Attributes]
CalFactor = 1
IDBasisSpec = 
IDDataBack = DLAB_2024-11-11_10-40-48_641_639
IDDataCal = DLAB_2024-11-12_11-45-27_171_455
IntegrationTime = 128
P31 = -1
P31e = 0
PathLength = +INF
PathLengthCustomOn = 0
RAWDynamic = 65535
Salinity = 0
Temperature = -NAN
Unit1 = $01 $01 Wavelength nm
Unit2 = $03 $06 Intensity mW/(m^2 nm)
Unit3 = $f0 $06 Error mW/(m^2 nm)
Unit4 = $f1 $00 Status 
p999 = 8190
[END] of [Attributes]
[DATA]
 0 6 0 0
 185.260577530984 -NAN 0 0
 187.468128380571 -NAN 0 0
 189.674861895872 -NAN 0 0
 191.880784034125 -NAN 0 0
 194.085900752568 -NAN 0 0
 196.290218008439 -NAN 0 0
 198.493741758976 -NAN 0 0
 200.696477961417 -NAN 0 0
 202.898432573 -NAN 0 0
 205.099611550963 -NAN 0 0
 207.300020852544 -NAN 0 0
 209.499666434981 -NAN 0 0
 211.698554255512 -NAN 0 0
 213.896690271375 -NAN 0 0
 216.094080439808 -NAN 0 0
 218.290730718049 -NAN 0 0
 220.486647063336 -NAN 0 0
 222.681835432907 -NAN 0 0
 224.876301784 -NAN 0 0
 227.070052073853 -NAN 0 0
 229.263092259704 -NAN 0 0
 231.455428298791 -NAN 0 0
 233.647066148352 -NAN 0 0
 235.838011765625 -NAN 0 0
 238.028271107848 -NAN 0 0
 240.217850132259 -NAN 0 0
 242.406754796096 -NAN 0 0
 244.594991056597 -NAN 0 0
 246.782564871 -NAN 0 0
 248.969482196543 -NAN 0 0
 251.155748990464 -NAN 0 0
 253.341371210001 -NAN 0 0
 255.526354812392 -NAN 0 0
 257.710705754875 -NAN 0 0
 259.894429994688 -NAN 0 0
 262.077533489069 -NAN 0 0
 264.260022195256 -NAN 0 0
 266.441902070487 -NAN 0 0
 268.623179072 -NAN 0 0
 270.803859157033 -NAN 0 0
 272.983948282824 -NAN 0 0
 275.163452406611 -NAN 0 0
 277.342377485632 -NAN 0 0
 279.520729477125 -1.80031705767434 0 0
 281.698514338328 4.16329299779988 0 0
 283.875738026479 11.8922612319655 0 0
 286.052406498816 4.45690095480585 0 0
 288.228525712577 14.7578174349645 0 0
 290.404101625 25.5882593856063 0 0
 292.579140193323 21.6204173482116 0 0
 294.753647374784 37.0220382134678 0 0
 296.927629126621 48.5318677700176 0 0
 299.101091406072 47.2810897138243 0 0
 301.274040170375 62.4703534504572 0 0
 303.446481376768 70.2498561030814 0 0
 305.618420982489 67.6659624088771 0 0
 307.789864944776 77.2547239589302 0 0
 309.960819220867 84.3703264435418 0 0
 312.131289768 80.6194339806117 0 0
 314.301282543413 84.3869379194036 0 0
 316.470803504344 79.469292217237 0 0
 318.639858608031 64.7382378839523 0 0
 320.808453811712 67.2212117047735 0 0
 322.976595072625 65.6435855689646 0 0
 325.144288348008 50.416100271554 0 0
 327.311539595099 54.6186273992465 0 0
 329.478354771136 51.2061582182713 0 0
 331.644739833357 36.1848930149034 0 0
 333.810700739 42.0151567652173 0 0
 335.976243445303 38.3752574678335 0 0
 338.141373909504 24.0686229579643 0 0
 340.306098088841 30.1003851519771 0 0
 342.470421940552 26.7665478109325 0 0
 344.634351421875 15.2209553402014 0 0
 346.797892490048 21.3368385337509 0 0
 348.961051102309 18.4862660348368 0 0
 351.123833215896 9.26637701937264 0 0
 353.286244788047 15.5138277904719 0 0
 355.448291776 13.4479966595894 0 0
 357.609980136993 5.78014910621189 0 0
 359.771315828264 13.8841307795694 0 0
 361.932304807051 16.5841665156493 0 0
 364.092953030592 15.1808662624204 0 0
 366.253266456125 23.0004967492955 0 0
 368.413251040888 14.6082286050627 0 0
 370.572912742119 2.75301866899071 0 0
 372.732257517056 10.5140366822131 0 0
 374.891291322937 7.00725698372411 0 0
 377.050020117 -0.959567377961733 0 0
 379.208449856483 8.93354001079616 0 0
 381.366586498624 5.19840571230249 0 0
 383.524436000661 -2.38081773769169 0 0
 385.682004319832 8.03547736815464 0 0
 387.839297413375 3.93173413576953 0 0
 389.996321238528 -2.92986407908427 0 0
 392.153081752529 7.75688409307173 0 0
 394.309584912616 3.20027380833217 0 0
 396.465836676027 -2.68081260096813 0 0
 398.621843 8.28283028221864 0 0
 400.777609841773 7.32244380784969 0 0
 402.933143158584 9.23485723974326 0 0
 405.088448907671 21.3760824811869 0 0
 407.243533046272 12.2153070360209 0 0
 409.398401531625 2.86879502505857 0 0
 411.553060320968 10.2719434335409 0 0
 413.707515371539 5.98465926954548 0 0
 415.861772640576 4.78397248576079 0 0
 418.015838085317 15.5181551422052 0 0
 420.169717663 15.0066082260656 0 0
 422.323417330863 18.4973642411217 0 0
 424.476943046144 33.8429044650105 0 0
 426.630300766081 40.4577213631117 0 0
 428.783496447912 54.5523763170839 0 0
 430.936536048875 85.6162567957817 0 0
 433.089425526208 125.378149176831 0 0
 435.242170837149 173.008206621533 0 0
 437.394777938936 218.78504778988 0 0
 439.547252788807 251.801827370436 0 0
 441.699601344 315.555754298022 0 0
 443.851829561753 405.369961343509 0 0
 446.003943399304 483.465453492511 0 0
 448.155948813891 541.327810358375 0 0
 450.307851762752 564.116102881672 0 0
 452.459658203125 529.494998253863 0 0
 454.611374092248 470.290976225528 0 0
 456.763005387359 409.267169795045 0 0
 458.914558045696 341.212656099294 0 0
 461.066038024497 291.436953770344 0 0
 463.217451281 259.559639524697 0 0
 465.368803772443 219.652436772134 0 0
 467.520101456064 189.946171825489 0 0
 469.671350289101 169.621407365309 0 0
 471.822556228792 138.142304006401 0 0
 473.973725232375 119.104234059154 0 0
 476.124863257088 111.910677048074 0 0
 478.275976260169 94.406833233099 0 0
 480.427070198856 89.4672327827281 0 0
 482.578151030387 92.9018585371363 0 0
 484.729224712 83.2266995811473 0 0
 486.880297200933 84.3787693836874 0 0
 489.031374454424 92.0553907834403 0 0
 491.182462429711 86.1436631665786 0 0
 493.333567084032 91.3067648845239 0 0
 495.484694374625 101.322404722805 0 0
 497.635850258728 97.5007760540164 0 0
 499.787040693579 104.567995387229 0 0
 501.938271636416 114.55922431743 0 0
 504.089549044477 -NAN 0 0
 506.240878875 -NAN 0 0
 508.392267085223 -NAN 0 0
 510.543719632384 -NAN 0 0
 512.695242473721 -NAN 0 0
 514.846841566472 -NAN 0 0
 516.998522867875 -NAN 0 0
 519.150292335168 -NAN 0 0
 521.302155925589 -NAN 0 0
 523.454119596376 -NAN 0 0
 525.606189304767 -NAN 0 0
 527.758371008 -NAN 0 0
 529.910670663313 -NAN 0 0
 532.063094227944 -NAN 0 0
 534.215647659131 -NAN 0 0
 536.368336914112 -NAN 0 0
 538.521167950125 -NAN 0 0
 540.674146724408 -NAN 0 0
 542.827279194199 -NAN 0 0
 544.980571316736 -NAN 0 0
 547.134029049257 -NAN 0 0
 549.287658349 -NAN 0 0
 551.441465173203 -NAN 0 0
 553.595455479104 -NAN 0 0
 555.749635223941 -NAN 0 0
 557.904010364952 -NAN 0 0
 560.058586859375 -NAN 0 0
 562.213370664448 -NAN 0 0
 564.368367737409 -NAN 0 0
 566.523584035496 -NAN 0 0
 568.679025515947 -NAN 0 0
 570.834698136 -NAN 0 0
 572.990607852893 -NAN 0 0
 575.146760623864 -NAN 0 0
 577.303162406151 -NAN 0 0
 579.459819156992 -NAN 0 0
 581.616736833625 -NAN 0 0
 583.773921393288 -NAN 0 0
 585.931378793219 -NAN 0 0
 588.089114990656 -NAN 0 0
 590.247135942837 -NAN 0 0
 592.405447607 -NAN 0 0
 594.564055940383 -NAN 0 0
 596.722966900224 -NAN 0 0
 598.882186443761 -NAN 0 0
 601.041720528232 -NAN 0 0
 603.201575110875 -NAN 0 0
 605.361756148928 -NAN 0 0
 607.522269599629 -NAN 0 0
 609.683121420216 -NAN 0 0
 611.844317567927 -NAN 0 0
 614.005864 -NAN 0 0
 616.167766673673 -NAN 0 0
 618.330031546184 -NAN 0 0
 620.492664574771 -NAN 0 0
 622.655671716672 -NAN 0 0
 624.819058929125 -NAN 0 0
 626.982832169368 -NAN 0 0
 629.146997394639 -NAN 0 0
 631.311560562176 -NAN 0 0
 633.476527629217 -NAN 0 0
 635.641904553 -NAN 0 0
 637.807697290763 -NAN 0 0
 639.973911799744 -NAN 0 0
 642.140554037181 -NAN 0 0
 644.307629960312 -NAN 0 0
 646.475145526375 -NAN 0 0
 648.643106692608 -NAN 0 0
 650.811519416249 -NAN 0 0
 652.980389654536 -NAN 0 0
 655.149723364707 -NAN 0 0
 657.319526504 -NAN 0 0
 659.489805029653 -NAN 0 0
 661.660564898904 -NAN 0 0
 663.831812068991 -NAN 0 0
 666.003552497152 -NAN 0 0
 668.175792140625 -NAN 0 0
 670.348536956648 -NAN 0 0
 672.521792902459 -NAN 0 0
 674.695565935296 -NAN 0 0
 676.869862012397 -NAN 0 0
 679.044687091 -NAN 0 0
 681.220047128343 -NAN 0 0
 683.395948081664 -NAN 0 0
 685.572395908201 -NAN 0 0
 687.749396565192 -NAN 0 0
 689.926956009875 -NAN 0 0
 692.105080199488 -NAN 0 0
 694.283775091269 -NAN 0 0
 696.463046642456 -NAN 0 0
 698.642900810287 -NAN 0 0
 700.823343552 -NAN 0 0
 703.004380824833 -NAN 0 0
 705.186018586024 -NAN 0 0
 707.368262792811 -NAN 0 0
 709.551119402432 -NAN 0 0
 711.734594372125 -NAN 0 0
 713.918693659128 -NAN 0 0
 716.103423220679 -NAN 0 0
 718.288789014016 -NAN 0 0
 720.474796996377 -NAN 0 0
 722.661453125 -NAN 0 0
 724.848763357123 -NAN 0 0
 727.036733649984 -NAN 0 0
 729.225369960821 -NAN 0 0
 731.414678246872 -NAN 0 0
 733.604664465375 -NAN 0 0
 735.795334573568 -NAN 0 0
[END] of [DATA]
[END] of Spectrum


[Spectrum]
Version            = 1
IDData             = 12ad_2026-06-10_13-04-55_000_295
IDDevice           = SAM_82E6
IDDataType         = SPECTRUM
IDDataTypeSub1     = CALIBRATED
IDDataTypeSub2     = 
IDDataTypeSub3     = 
DateTime           = 2026-06-10 13:04:55
PositionLatitude   = 0
PositionLongitude  = 0
Comment            = 20260610_FrameA
CommentSub1        = UV
CommentSub2        = centre
CommentSub3        = 28cm
IDMethodType       = SAM Control
MethodName         = SAM_82E6
Mission            = No Mission
MissionSub         = 1
RecordType         = 0
[Attributes]
CalFactor = 1
IDBasisSpec = 
IDDataBack = DLAB_2024-11-11_10-40-48_641_639
IDDataCal = DLAB_2024-11-12_11-45-27_171_455
IntegrationTime = 128
P31 = -1
P31e = 0
PathLength = +INF
PathLengthCustomOn = 0
RAWDynamic = 65535
Salinity = 0
Temperature = -NAN
Unit1 = $01 $01 Wavelength nm
Unit2 = $03 $06 Intensity mW/(m^2 nm)
Unit3 = $f0 $06 Error mW/(m^2 nm)
Unit4 = $f1 $00 Status 
p999 = 8189
[END] of [Attributes]
[DATA]
 0 6 0 0
 185.260577530984 -NAN 0 0
 187.468128380571 -NAN 0 0
 189.674861895872 -NAN 0 0
 191.880784034125 -NAN 0 0
 194.085900752568 -NAN 0 0
 196.290218008439 -NAN 0 0
 198.493741758976 -NAN 0 0
 200.696477961417 -NAN 0 0
 202.898432573 -NAN 0 0
 205.099611550963 -NAN 0 0
 207.300020852544 -NAN 0 0
 209.499666434981 -NAN 0 0
 211.698554255512 -NAN 0 0
 213.896690271375 -NAN 0 0
 216.094080439808 -NAN 0 0
 218.290730718049 -NAN 0 0
 220.486647063336 -NAN 0 0
 222.681835432907 -NAN 0 0
 224.876301784 -NAN 0 0
 227.070052073853 -NAN 0 0
 229.263092259704 -NAN 0 0
 231.455428298791 -NAN 0 0
 233.647066148352 -NAN 0 0
 235.838011765625 -NAN 0 0
 238.028271107848 -NAN 0 0
 240.217850132259 -NAN 0 0
 242.406754796096 -NAN 0 0
 244.594991056597 -NAN 0 0
 246.782564871 -NAN 0 0
 248.969482196543 -NAN 0 0
 251.155748990464 -NAN 0 0
 253.341371210001 -NAN 0 0
 255.526354812392 -NAN 0 0
 257.710705754875 -NAN 0 0
 259.894429994688 -NAN 0 0
 262.077533489069 -NAN 0 0
 264.260022195256 -NAN 0 0
 266.441902070487 -NAN 0 0
 268.623179072 -NAN 0 0
 270.803859157033 -NAN 0 0
 272.983948282824 -NAN 0 0
 275.163452406611 -NAN 0 0
 277.342377485632 -NAN 0 0
 279.520729477125 -2.33704988540261 0 0
 281.698514338328 6.63566363935829 0 0
 283.875738026479 10.8006753178233 0 0
 286.052406498816 3.72660886092889 0 0
 288.228525712577 16.8739161286441 0 0
 290.404101625 23.9407513207221 0 0
 292.579140193323 20.8099181034829 0 0
 294.753647374784 38.6248374305988 0 0
 296.927629126621 46.5677237948163 0 0
 299.101091406072 45.952317539604 0 0
 301.274040170375 62.8683539994036 0 0
 303.446481376768 67.8525035143909 0 0
 305.618420982489 65.9248471150011 0 0
 307.789864944776 77.2173123870205 0 0
 309.960819220867 81.5702276363976 0 0
 312.131289768 78.8381609964062 0 0
 314.301282543413 84.1578657888766 0 0
 316.470803504344 76.8095225606257 0 0
 318.639858608031 63.3964822682017 0 0
 320.808453811712 67.7975794619413 0 0
 322.976595072625 63.0378561365827 0 0
 325.144288348008 49.9237997531862 0 0
 327.311539595099 55.6228325039789 0 0
 329.478354771136 49.0121867319628 0 0
 331.644739833357 36.2396701497872 0 0
 333.810700739 43.5086946993619 0 0
 335.976243445303 36.4142670269973 0 0
 338.141373909504 24.4997754416129 0 0
 340.306098088841 31.5187489241306 0 0
 342.470421940552 25.1650917183278 0 0
 344.634351421875 15.8560170256835 0 0
 346.797892490048 22.8383555945053 0 0
 348.961051102309 17.0718188877712 0 0
 351.123833215896 10.07347445416 0 0
 353.286244788047 16.928102531557 0 0
 355.448291776 12.1711767145859 0 0
 357.609980136993 6.55221318503046 0 0
 359.771315828264 15.0855776904496 0 0
 361.932304807051 15.2412528716013 0 0
 364.092953030592 15.9948881116281 0 0
 366.253266456125 24.3890358579013 0 0
 368.413251040888 13.1037638416446 0 0
 370.572912742119 3.90727632291421 0 0
 372.732257517056 11.9711729240928 0 0
 374.891291322937 5.41137419290846 0 0
 377.050020117 0.556431698675185 0 0
 379.208449856483 10.3707684107963 0 0
 381.366586498624 3.46998181783192 0 0
 383.524436000661 -0.946794669303062 0 0
 385.682004319832 9.59864674266696 0 0
 387.839297413375 2.04588230907101 0 0
 389.996321238528 -1.33558739772007 0 0
 392.153081752529 8.9322027344068 0 0
 394.309584912616 1.40981873074557 0 0
 396.465836676027 -1.1812159661453 0 0
 398.621843 9.4783214581182 0 0
 400.777609841773 5.49783881126943 0 0
 402.933143158584 10.3082742989544 0 0
 405.088448907671 21.6205439275608 0 0
 407.243533046272 10.4630010553348 0 0
 409.398401531625 4.10743861772534 0 0
 411.553060320968 10.7892310557692 0 0
 413.707515371539 4.70657675540853 0 0
 415.861772640576 5.86887905923171 0 0
 418.015838085317 15.8907059529033 0 0
 420.169717663 13.9858491600555 0 0
 422.323417330863 19.5530167503086 0 0
 424.476943046144 34.019545051217 0 0
 426.630300766081 39.5574148452529 0 0
 428.783496447912 55.4332783976667 0 0
 430.936536048875 85.4539250797396 0 0
 433.089425526208 123.732214955101 0 0
 435.242170837149 172.649359043661 0 0
 437.394777938936 217.577300749492 0 0
 439.547252788807 250.521483692889 0 0
 441.699601344 316.311126047611 0 0
 443.851829561753 405.26533139049 0 0
 446.003943399304 482.465301628225 0 0
 448.155948813891 542.134156914614 0 0
 450.307851762752 563.824817166144 0 0
 452.459658203125 528.462162832362 0 0
 454.611374092248 471.2847237168 0 0
 456.763005387359 408.986985174612 0 0
 458.914558045696 340.261532519314 0 0
 461.066038024497 292.575051186604 0 0
 463.217451281 259.130679348856 0 0
 465.368803772443 218.798502216229 0 0
 467.520101456064 191.431678154963 0 0
 469.671350289101 169.0379404084 0 0
 471.822556228792 137.100601994442 0 0
 473.973725232375 120.671089598105 0 0
 476.124863257088 111.373719817151 0 0
 478.275976260169 93.5478401121094 0 0
 480.427070198856 90.9520016683468 0 0
 482.578151030387 92.3404364001534 0 0
 484.729224712 82.362795282528 0 0
 486.880297200933 86.1114872967471 0 0
 489.031374454424 91.31130220456 0 0
 491.182462429711 85.220018894271 0 0
 493.333567084032 92.9311155843709 0 0
 495.484694374625 100.725822683254 0 0
 497.635850258728 96.909422295466 0 0
 499.787040693579 106.193315221109 0 0
 501.938271636416 113.901649504871 0 0
 504.089549044477 -NAN 0 0
 506.240878875 -NAN 0 0
 508.392267085223 -NAN 0 0
 510.543719632384 -NAN 0 0
 512.695242473721 -NAN 0 0
 514.846841566472 -NAN 0 0
 516.998522867875 -NAN 0 0
 519.150292335168 -NAN 0 0
 521.302155925589 -NAN 0 0
 523.454119596376 -NAN 0 0
 525.606189304767 -NAN 0 0
 527.758371008 -NAN 0 0
 529.910670663313 -NAN 0 0
 532.063094227944 -NAN 0 0
 534.215647659131 -NAN 0 0
 536.368336914112 -NAN 0 0
 538.521167950125 -NAN 0 0
 540.674146724408 -NAN 0 0
 542.827279194199 -NAN 0 0
 544.980571316736 -NAN 0 0
 547.134029049257 -NAN 0 0
 549.287658349 -NAN 0 0
 551.441465173203 -NAN 0 0
 553.595455479104 -NAN 0 0
 555.749635223941 -NAN 0 0
 557.904010364952 -NAN 0 0
 560.058586859375 -NAN 0 0
 562.213370664448 -NAN 0 0
 564.368367737409 -NAN 0 0
 566.523584035496 -NAN 0 0
 568.679025515947 -NAN 0 0
 570.834698136 -NAN 0 0
 572.990607852893 -NAN 0 0
 575.146760623864 -NAN 0 0
 577.303162406151 -NAN 0 0
 579.459819156992 -NAN 0 0
 581.616736833625 -NAN 0 0
 583.773921393288 -NAN 0 0
 585.931378793219 -NAN 0 0
 588.089114990656 -NAN 0 0
 590.247135942837 -NAN 0 0
 592.405447607 -NAN 0 0
 594.564055940383 -NAN 0 0
 596.722966900224 -NAN 0 0
 598.882186443761 -NAN 0 0
 601.041720528232 -NAN 0 0
 603.201575110875 -NAN 0 0
 605.361756148928 -NAN 0 0
 607.522269599629 -NAN 0 0
 609.683121420216 -NAN 0 0
 611.844317567927 -NAN 0 0
 614.005864 -NAN 0 0
 616.167766673673 -NAN 0 0
 618.330031546184 -NAN 0 0
 620.492664574771 -NAN 0 0
 622.655671716672 -NAN 0 0
 624.819058929125 -NAN 0 0
 626.982832169368 -NAN 0 0
 629.146997394639 -NAN 0 0
 631.311560562176 -NAN 0 0
 633.476527629217 -NAN 0 0
 635.641904553 -NAN 0 0
 637.807697290763 -NAN 0 0
 639.973911799744 -NAN 0 0
 642.140554037181 -NAN 0 0
 644.307629960312 -NAN 0 0
 646.475145526375 -NAN 0 0
 648.643106692608 -NAN 0 0
 650.811519416249 -NAN 0 0
 652.980389654536 -NAN 0 0
 655.149723364707 -NAN 0 0
 657.319526504 -NAN 0 0
 659.489805029653 -NAN 0 0
 661.660564898904 -NAN 0 0
 663.831812068991 -NAN 0 0
 666.003552497152 -NAN 0 0
 668.175792140625 -NAN 0 0
 670.348536956648 -NAN 0 0
 672.521792902459 -NAN 0 0
 674.695565935296 -NAN 0 0
 676.869862012397 -NAN 0 0
 679.044687091 -NAN 0 0
 681.220047128343 -NAN 0 0
 683.395948081664 -NAN 0 0
 685.572395908201 -NAN 0 0
 687.749396565192 -NAN 0 0
 689.926956009875 -NAN 0 0
 692.105080199488 -NAN 0 0
 694.283775091269 -NAN 0 0
 696.463046642456 -NAN 0 0
 698.642900810287 -NAN 0 0
 700.823343552 -NAN 0 0
 703.004380824833 -NAN 0 0
 705.186018586024 -NAN 0 0
 707.368262792811 -NAN 0 0
 709.551119402432 -NAN 0 0
 711.734594372125 -NAN 0 0
 713.918693659128 -NAN 0 0
 716.103423220679 -NAN 0 0
 718.288789014016 -NAN 0 0
 720.474796996377 -NAN 0 0
 722.661453125 -NAN 0 0
 724.848763357123 -NAN 0 0
 727.036733649984 -NAN 0 0
 729.225369960821 -NAN 0 0
 731.414678246872 -NAN 0 0
 733.604664465375 -NAN 0 0
 735.795334573568 -NAN 0 0
[END] of [DATA]
[END] of Spectrum


[Spectrum]
Version            = 1
IDData             = 12ad_2026-06-10_13-04-50_000_292
IDDevice           = SAM_82E6
IDDataType         = SPECTRUM
IDDataTypeSub1     = CALIBRATED
IDDataTypeSub2     = 
IDDataTypeSub3     = 
DateTime           = 2026-06-10 13:04:50
PositionLatitude   = 0
PositionLongitude  = 0
Comment            = 20260610_FrameA
CommentSub1        = UV
CommentSub2        = centre
CommentSub3        = 28cm
IDMethodType       = SAM Control
MethodName         = SAM_82E6
Mission            = No Mission
MissionSub         = 1
RecordType         = 0
[Attributes]
CalFactor = 1
IDBasisSpec = 
IDDataBack = DLAB_2024-11-11_10-40-48_641_639
IDDataCal = DLAB_2024-11-12_11-45-27_171_455
IntegrationTime = 128
P31 = -1
P31e = 0
PathLength = +INF
PathLengthCustomOn = 0
RAWDynamic = 65535
Salinity = 0
Temperature = -NAN
Unit1 = $01 $01 Wavelength nm
Unit2 = $03 $06 Intensity mW/(m^2 nm)
Unit3 = $f0 $06 Error mW/(m^2 nm)
Unit4 = $f1 $00 Status 
p999 = 8188
[END] of [Attributes]
[DATA]
 0 6 0 0
 185.260577530984 -NAN 0 0
 187.468128380571 -NAN 0 0
 189.674861895872 -NAN 0 0
 191.880784034125 -NAN 0 0
 194.085900752568 -NAN 0 0
 196.290218008439 -NAN 0 0
 198.493741758976 -NAN 0 0
 200.696477961417 -NAN 0 0
 202.898432573 -NAN 0 0
 205.099611550963 -NAN 0 0
 207.300020852544 -NAN 0 0
 209.499666434981 -NAN 0 0
 211.698554255512 -NAN 0 0
 213.896690271375 -NAN 0 0
 216.094080439808 -NAN 0 0
 218.290730718049 -NAN 0 0
 220.486647063336 -NAN 0 0
 222.681835432907 -NAN 0 0
 224.876301784 -NAN 0 0
 227.070052073853 -NAN 0 0
 229.263092259704 -NAN 0 0
 231.455428298791 -NAN 0 0
 233.647066148352 -NAN 0 0
 235.838011765625 -NAN 0 0
 238.028271107848 -NAN 0 0
 240.217850132259 -NAN 0 0
 242.406754796096 -NAN 0 0
 244.594991056597 -NAN 0 0
 246.782564871 -NAN 0 0
 248.969482196543 -NAN 0 0
 251.155748990464 -NAN 0 0
 253.341371210001 -NAN 0 0
 255.526354812392 -NAN 0 0
 257.710705754875 -NAN 0 0
 259.894429994688 -NAN 0 0
 262.077533489069 -NAN 0 0
 264.260022195256 -NAN 0 0
 266.441902070487 -NAN 0 0
 268.623179072 -NAN 0 0
 270.803859157033 -NAN 0 0
 272.983948282824 -NAN 0 0
 275.163452406611 -NAN 0 0
 277.342377485632 -NAN 0 0
 279.520729477125 1.55332912578793 0 0
 281.698514338328 8.90799583133529 0 0
 283.875738026479 1.35909262448039 0 0
 286.052406498816 8.47132966170407 0 0
 288.228525712577 18.6418685917453 0 0
 290.404101625 13.7212573401341 0 0
 292.579140193323 25.3148843402707 0 0
 294.753647374784 39.1559101003228 0 0
 296.927629126621 36.7304985072536 0 0
 299.101091406072 49.2676934935778 0 0
 301.274040170375 62.1280497713343 0 0
 303.446481376768 58.6824933391535 0 0
 305.618420982489 68.4133837363902 0 0
 307.789864944776 75.4578996052088 0 0
 309.960819220867 72.1659590838043 0 0
 312.131289768 81.3204656098979 0 0
 314.301282543413 82.0973794168268 0 0
 316.470803504344 66.4636661287541 0 0
 318.639858608031 67.3226933317404 0 0
 320.808453811712 65.5586636015342 0 0
 322.976595072625 52.0918238097286 0 0
 325.144288348008 54.9796250180663 0 0
 327.311539595099 53.2098082669139 0 0
 329.478354771136 38.1568620491967 0 0
 331.644739833357 42.1704053482854 0 0
 333.810700739 40.7525325255489 0 0
 335.976243445303 26.0670987854318 0 0
 338.141373909504 30.5302925907574 0 0
 340.306098088841 28.7960333959584 0 0
 342.470421940552 16.2451253219069 0 0
 344.634351421875 21.6181014670275 0 0
 346.797892490048 20.1107405316063 0 0
 348.961051102309 9.75555343205803 0 0
 351.123833215896 15.3033762784688 0 0
 353.286244788047 14.2107758894721 0 0
 355.448291776 5.54074862612594 0 0
 357.609980136993 11.9984238713983 0 0
 359.771315828264 12.1728487426757 0 0
 361.932304807051 8.9274724519153 0 0
 364.092953030592 21.5338495432688 0 0
 366.253266456125 20.8692235169948 0 0
 368.413251040888 6.39489357512095 0 0
 370.572912742119 10.4082965804855 0 0
 372.732257517056 8.015902480602 0 0
 374.891291322937 -1.15769347004457 0 0
 377.050020117 7.77087680405378 0 0
 379.208449856483 5.90094610349302 0 0
 381.366586498624 -3.05365243963019 0 0
 383.524436000661 6.92114557509677 0 0
 385.682004319832 4.67160514729782 0 0
 387.839297413375 -3.72927324737012 0 0
 389.996321238528 6.49111715607846 0 0
 392.153081752529 4.1254686451687 0 0
 394.309584912616 -3.6329100407055 0 0
 396.465836676027 6.39597598277154 0 0
 398.621843 4.40444991911719 0 0
 400.777609841773 0.875852953930682 0 0
 402.933143158584 17.1644564599132 0 0
 405.088448907671 16.2817024906716 0 0
 407.243533046272 6.68990017759991 0 0
 409.398401531625 10.4713854388829 0 0
 411.553060320968 6.01562587665581 0 0
 413.707515371539 1.92979665415498 0 0
 415.861772640576 11.794530579055 0 0
 418.015838085317 11.6717400438895 0 0
 420.169717663 11.8327002868034 0 0
 422.323417330863 24.9512190002362 0 0
 424.476943046144 29.9861037259801 0 0
 426.630300766081 37.8413943682602 0 0
 428.783496447912 60.3882472298823 0 0
 430.936536048875 81.42776891435 0 0
 433.089425526208 121.772962216987 0 0
 435.242170837149 176.109960407103 0 0
 437.394777938936 212.564071472645 0 0
 439.547252788807 249.073716679113 0 0
 441.699601344 320.97980019088 0 0
 443.851829561753 401.100222220683 0 0
 446.003943399304 481.611450849306 0 0
 448.155948813891 547.244235634458 0 0
 450.307851762752 558.915345230128 0 0
 452.459658203125 527.987892217287 0 0
 454.611374092248 476.669028305873 0 0
 456.763005387359 403.777698991218 0 0
 458.914558045696 339.984079890527 0 0
 461.066038024497 298.160592848139 0 0
 463.217451281 253.532385528547 0 0
 465.368803772443 218.885056769486 0 0
 467.520101456064 196.743943039023 0 0
 469.671350289101 163.105845929998 0 0
 471.822556228792 137.544391099222 0 0
 473.973725232375 126.21179028117 0 0
 476.124863257088 105.187086814278 0 0
 478.275976260169 94.3590496571577 0 0
 480.427070198856 96.3163279647758 0 0
 482.578151030387 85.8623169507518 0 0
 484.729224712 83.5005114222362 0 0
 486.880297200933 90.975178378725 0 0
 489.031374454424 84.8371721032046 0 0
 491.182462429711 86.6987432189812 0 0
 493.333567084032 97.6115613295088 0 0
 495.484694374625 94.0826215675201 0 0
 497.635850258728 98.5002626477815 0 0
 499.787040693579 110.254984050122 0 0
 501.938271636416 107.384017647492 0 0
 504.089549044477 -NAN 0 0
 506.240878875 -NAN 0 0
 508.392267085223 -NAN 0 0
 510.543719632384 -NAN 0 0
 512.695242473721 -NAN 0 0
 514.846841566472 -NAN 0 0
 516.998522867875 -NAN 0 0
 519.150292335168 -NAN 0 0
 521.302155925589 -NAN 0 0
 523.454119596376 -NAN 0 0
 525.606189304767 -NAN 0 0
 527.758371008 -NAN 0 0
 529.910670663313 -NAN 0 0
 532.063094227944 -NAN 0 0
 534.215647659131 -NAN 0 0
 536.368336914112 -NAN 0 0
 538.521167950125 -NAN 0 0
 540.674146724408 -NAN 0 0
 542.827279194199 -NAN 0 0
 544.980571316736 -NAN 0 0
 547.134029049257 -NAN 0 0
 549.287658349 -NAN 0 0
 551.441465173203 -NAN 0 0
 553.595455479104 -NAN 0 0
 555.749635223941 -NAN 0 0
 557.904010364952 -NAN 0 0
 560.058586859375 -NAN 0 0
 562.213370664448 -NAN 0 0
 564.368367737409 -NAN 0 0
 566.523584035496 -NAN 0 0
 568.679025515947 -NAN 0 0
 570.834698136 -NAN 0 0
 572.990607852893 -NAN 0 0
 575.146760623864 -NAN 0 0
 577.303162406151 -NAN 0 0
 579.459819156992 -NAN 0 0
 581.616736833625 -NAN 0 0
 583.773921393288 -NAN 0 0
 585.931378793219 -NAN 0 0
 588.089114990656 -NAN 0 0
 590.247135942837 -NAN 0 0
 592.405447607 -NAN 0 0
 594.564055940383 -NAN 0 0
 596.722966900224 -NAN 0 0
 598.882186443761 -NAN 0 0
 601.041720528232 -NAN 0 0
 603.201575110875 -NAN 0 0
 605.361756148928 -NAN 0 0
 607.522269599629 -NAN 0 0
 609.683121420216 -NAN 0 0
 611.844317567927 -NAN 0 0
 614.005864 -NAN 0 0
 616.167766673673 -NAN 0 0
 618.330031546184 -NAN 0 0
 620.492664574771 -NAN 0 0
 622.655671716672 -NAN 0 0
 624.819058929125 -NAN 0 0
 626.982832169368 -NAN 0 0
 629.146997394639 -NAN 0 0
 631.311560562176 -NAN 0 0
 633.476527629217 -NAN 0 0
 635.641904553 -NAN 0 0
 637.807697290763 -NAN 0 0
 639.973911799744 -NAN 0 0
 642.140554037181 -NAN 0 0
 644.307629960312 -NAN 0 0
 646.475145526375 -NAN 0 0
 648.643106692608 -NAN 0 0
 650.811519416249 -NAN 0 0
 652.980389654536 -NAN 0 0
 655.149723364707 -NAN 0 0
 657.319526504 -NAN 0 0
 659.489805029653 -NAN 0 0
 661.660564898904 -NAN 0 0
 663.831812068991 -NAN 0 0
 666.003552497152 -NAN 0 0
 668.175792140625 -NAN 0 0
 670.348536956648 -NAN 0 0
 672.521792902459 -NAN 0 0
 674.695565935296 -NAN 0 0
 676.869862012397 -NAN 0 0
 679.044687091 -NAN 0 0
 681.220047128343 -NAN 0 0
 683.395948081664 -NAN 0 0
 685.572395908201 -NAN 0 0
 687.749396565192 -NAN 0 0
 689.926956009875 -NAN 0 0
 692.105080199488 -NAN 0 0
 694.283775091269 -NAN 0 0
 696.463046642456 -NAN 0 0
 698.642900810287 -NAN 0 0
 700.823343552 -NAN 0 0
 703.004380824833 -NAN 0 0
 705.186018586024 -NAN 0 0
 707.368262792811 -NAN 0 0
 709.551119402432 -NAN 0 0
 711.734594372125 -NAN 0 0
 713.918693659128 -NAN 0 0
 716.103423220679 -NAN 0 0
 718.288789014016 -NAN 0 0
 720.474796996377 -NAN 0 0
 722.661453125 -NAN 0 0
 724.848763357123 -NAN 0 0
 727.036733649984 -NAN 0 0
 729.225369960821 -NAN 0 0
 731.414678246872 -NAN 0 0
 733.604664465375 -NAN 0 0
 735.795334573568 -NAN 0 0
[END] of [DATA]
[END] of Spectrum


[Spectrum]
Version            = 1
IDData             = 12ad_2026-06-10_13-04-45_000_289
IDDevice           = SAM_82E6
IDDataType         = SPECTRUM
IDDataTypeSub1     = CALIBRATED
IDDataTypeSub2     = 
IDDataTypeSub3     = 
DateTime           = 2026-06-10 13:04:45
PositionLatitude   = 0
PositionLongitude  = 0
Comment            = 20260610_FrameA
CommentSub1        = UV
CommentSub2        = centre
CommentSub3        = 28cm
IDMethodType       = SAM Control
MethodName         = SAM_82E6
Mission            = No Mission
MissionSub         = 1
RecordType         = 0
[Attributes]
CalFactor = 1
IDBasisSpec = 
IDDataBack = DLAB_2024-11-11_10-40-48_641_639
IDDataCal = DLAB_2024-11-12_11-45-27_171_455
IntegrationTime = 128
P31 = -1
P31e = 0
PathLength = +INF
PathLengthCustomOn = 0
RAWDynamic = 65535
Salinity = 0
Temperature = -NAN
Unit1 = $01 $01 Wavelength nm
Unit2 = $03 $06 Intensity mW/(m^2 nm)
Unit3 = $f0 $06 Error mW/(m^2 nm)
Unit4 = $f1 $00 Status 
p999 = 8187
[END] of [Attributes]
[DATA]
 0 6 0 0
 185.260577530984 -NAN 0 0
 187.468128380571 -NAN 0 0
 189.674861895872 -NAN 0 0
 191.880784034125 -NAN 0 0
 194.085900752568 -NAN 0 0
 196.290218008439 -NAN 0 0
 198.493741758976 -NAN 0 0
 200.696477961417 -NAN 0 0
 202.898432573 -NAN 0 0
 205.099611550963 -NAN 0 0
 207.300020852544 -NAN 0 0
 209.499666434981 -NAN 0 0
 211.698554255512 -NAN 0 0
 213.896690271375 -NAN 0 0
 216.094080439808 -NAN 0 0
 218.290730718049 -NAN 0 0
 220.486647063336 -NAN 0 0
 222.681835432907 -NAN 0 0
 224.876301784 -NAN 0 0
 227.070052073853 -NAN 0 0
 229.263092259704 -NAN 0 0
 231.455428298791 -NAN 0 0
 233.647066148352 -NAN 0 0
 235.838011765625 -NAN 0 0
 238.028271107848 -NAN 0 0
 240.217850132259 -NAN 0 0
 242.406754796096 -NAN 0 0
 244.594991056597 -NAN 0 0
 246.782564871 -NAN 0 0
 248.969482196543 -NAN 0 0
 251.155748990464 -NAN 0 0
 253.341371210001 -NAN 0 0
 255.526354812392 -NAN 0 0
 257.710705754875 -NAN 0 0
 259.894429994688 -NAN 0 0
 262.077533489069 -NAN 0 0
 264.260022195256 -NAN 0 0
 266.441902070487 -NAN 0 0
 268.623179072 -NAN 0 0
 270.803859157033 -NAN 0 0
 272.983948282824 -NAN 0 0
 275.163452406611 -NAN 0 0
 277.342377485632 -NAN 0 0
 279.520729477125 7.48976854523265 0 0
 281.698514338328 -0.156491560480912 0 0
 283.875738026479 4.22715341571274 0 0
 286.052406498816 14.8958674656913 0 0
 288.228525712577 8.09002913409484 0 0
 290.404101625 16.9101233474519 0 0
 292.579140193323 30.3597135522431 0 0
 294.753647374784 28.5577253537426 0 0
 296.927629126621 39.400566238248 0 0
 299.101091406072 52.3101646691691 0 0
 301.274040170375 52.0573594963915 0 0
 303.446481376768 60.6058363499436 0 0
 305.618420982489 70.0362021295087 0 0
 307.789864944776 65.7960939340084 0 0
 309.960819220867 73.8550962646482 0 0
 312.131289768 82.3298161259006 0 0
 314.301282543413 71.4402927352039 0 0
 316.470803504344 69.4728589005656 0 0
 318.639858608031 68.6850319674833 0 0
 320.808453811712 54.1497766576877 0 0
 322.976595072625 56.491892559822 0 0
 325.144288348008 56.3785669602904 0 0
 327.311539595099 41.1197652030776 0 0
 329.478354771136 43.8016903817669 0 0
 331.644739833357 43.5516774252197 0 0
 333.810700739 29.1047128984089 0 0
 335.976243445303 32.6042181423186 0 0
 338.141373909504 31.5878099203582 0 0
 340.306098088841 18.213275184015 0 0
 342.470421940552 22.5108386523347 0 0
 344.634351421875 22.2707688229981 0 0
 346.797892490048 11.148749321842 0 0
 348.961051102309 15.7059463769907 0 0
 351.123833215896 15.5015125419325 0 0
 353.286244788047 6.27797038338534 0 0
 355.448291776 11.5784827047316 0 0
 357.609980136993 11.8602875799037 0 0
 359.771315828264 4.6382600132974 0 0
 361.932304807051 15.110585068133 0 0
 364.092953030592 21.0020821494036 0 0
 366.253266456125 12.6676169907222 0 0
 368.413251040888 13.5923208921341 0 0
 370.572912742119 9.77150808153102 0 0
 372.732257517056 -0.582114502593204 0 0
 374.891291322937 7.18741561385831 0 0
 377.050020117 6.77354529139819 0 0
 379.208449856483 -2.79379591130828 0 0
 381.366586498624 6.12550798112726 0 0
 383.524436000661 5.45869786709687 0 0
 385.682004319832 -3.83266208674147 0 0
 387.839297413375 5.65181236087246 0 0
 389.996321238528 4.36307383249541 0 0
 392.153081752529 -3.97132506461891 0 0
 394.309584912616 5.29754715892485 0 0
 396.465836676027 3.99957491459001 0 0
 398.621843 -3.14664917305192 0 0
 400.777609841773 9.7673884932174 0 0
 402.933143158584 14.1495105521644 0 0
 405.088448907671 9.29059650416996 0 0
 407.243533046272 14.7053635346771 0 0
 409.398401531625 7.68357798193721 0 0
 411.553060320968 0.632084545959719 0 0
 413.707515371539 9.46783186408966 0 0
 415.861772640576 8.83374603565038 0 0
 418.015838085317 7.0684275201449 0 0
 420.169717663 18.5731158061009 0 0
 422.323417330863 22.0314654427364 0 0
 424.476943046144 26.2766514156446 0 0
 426.630300766081 44.146992750771 0 0
 428.783496447912 57.2751645661579 0 0
 430.936536048875 77.9693617456762 0 0
 433.089425526208 126.871067378931 0 0
 435.242170837149 171.820572989644 0 0
 437.394777938936 208.561960664423 0 0
 439.547252788807 254.559863972099 0 0
 441.699601344 317.234175530514 0 0
 443.851829561753 398.415836146011 0 0
 446.003943399304 487.999931576955 0 0
 448.155948813891 542.929974462502 0 0
 450.307851762752 556.477743715975 0 0
 452.459658203125 534.687890965014 0 0
 454.611374092248 471.92471612027 0 0
 456.763005387359 401.437620471429 0 0
 458.914558045696 347.220802952891 0 0
 461.066038024497 292.600523375867 0 0
 463.217451281 251.397971094274 0 0
 465.368803772443 226.443802572736 0 0
 467.520101456064 190.899380645411 0 0
 469.671350289101 161.173585228547 0 0
 471.822556228792 145.391588102217 0 0
 473.973725232375 119.648174070568 0 0
 476.124863257088 103.709070518852 0 0
 478.275976260169 102.216669784605 0 0
 480.427070198856 89.5362918006638 0 0
 482.578151030387 84.7941638988777 0 0
 484.729224712 91.2421221292687 0 0
 486.880297200933 83.9246160765846 0 0
 489.031374454424 84.0684670600606 0 0
 491.182462429711 94.3950342473631 0 0
 493.333567084032 90.3737930637757 0 0
 495.484694374625 93.8402255254765 0 0
 497.635850258728 105.645878657872 0 0
 499.787040693579 103.285134247444 0 0
 501.938271636416 107.613254038777 0 0
 504.089549044477 -NAN 0 0
 506.240878875 -NAN 0 0
 508.392267085223 -NAN 0 0
 510.543719632384 -NAN 0 0
 512.695242473721 -NAN 0 0
 514.846841566472 -NAN 0 0
 516.998522867875 -NAN 0 0
 519.150292335168 -NAN 0 0
 521.302155925589 -NAN 0 0
 523.454119596376 -NAN 0 0
 525.606189304767 -NAN 0 0
 527.758371008 -NAN 0 0
 529.910670663313 -NAN 0 0
 532.063094227944 -NAN 0 0
 534.215647659131 -NAN 0 0
 536.368336914112 -NAN 0 0
 538.521167950125 -NAN 0 0
 540.674146724408 -NAN 0 0
 542.827279194199 -NAN 0 0
 544.980571316736 -NAN 0 0
 547.134029049257 -NAN 0 0
 549.287658349 -NAN 0 0
 551.441465173203 -NAN 0 0
 553.595455479104 -NAN 0 0
 555.749635223941 -NAN 0 0
 557.904010364952 -NAN 0 0
 560.058586859375 -NAN 0 0
 562.213370664448 -NAN 0 0
 564.368367737409 -NAN 0 0
 566.523584035496 -NAN 0 0
 568.679025515947 -NAN 0 0
 570.834698136 -NAN 0 0
 572.990607852893 -NAN 0 0
 575.146760623864 -NAN 0 0
 577.303162406151 -NAN 0 0
 579.459819156992 -NAN 0 0
 581.616736833625 -NAN 0 0
 583.773921393288 -NAN 0 0
 585.931378793219 -NAN 0 0
 588.089114990656 -NAN 0 0
 590.247135942837 -NAN 0 0
 592.405447607 -NAN 0 0
 594.564055940383 -NAN 0 0
 596.722966900224 -NAN 0 0
 598.882186443761 -NAN 0 0
 601.041720528232 -NAN 0 0
 603.201575110875 -NAN 0 0
 605.361756148928 -NAN 0 0
 607.522269599629 -NAN 0 0
 609.683121420216 -NAN 0 0
 611.844317567927 -NAN 0 0
 614.005864 -NAN 0 0
 616.167766673673 -NAN 0 0
 618.330031546184 -NAN 0 0
 620.492664574771 -NAN 0 0
 622.655671716672 -NAN 0 0
 624.819058929125 -NAN 0 0
 626.982832169368 -NAN 0 0
 629.146997394639 -NAN 0 0
 631.311560562176 -NAN 0 0
 633.476527629217 -NAN 0 0
 635.641904553 -NAN 0 0
 637.807697290763 -NAN 0 0
 639.973911799744 -NAN 0 0
 642.140554037181 -NAN 0 0
 644.307629960312 -NAN 0 0
 646.475145526375 -NAN 0 0
 648.643106692608 -NAN 0 0
 650.811519416249 -NAN 0 0
 652.980389654536 -NAN 0 0
 655.149723364707 -NAN 0 0
 657.319526504 -NAN 0 0
 659.489805029653 -NAN 0 0
 661.660564898904 -NAN 0 0
 663.831812068991 -NAN 0 0
 666.003552497152 -NAN 0 0
 668.175792140625 -NAN 0 0
 670.348536956648 -NAN 0 0
 672.521792902459 -NAN 0 0
 674.695565935296 -NAN 0 0
 676.869862012397 -NAN 0 0
 679.044687091 -NAN 0 0
 681.220047128343 -NAN 0 0
 683.395948081664 -NAN 0 0
 685.572395908201 -NAN 0 0
 687.749396565192 -NAN 0 0
 689.926956009875 -NAN 0 0
 692.105080199488 -NAN 0 0
 694.283775091269 -NAN 0 0
 696.463046642456 -NAN 0 0
 698.642900810287 -NAN 0 0
 700.823343552 -NAN 0 0
 703.004380824833 -NAN 0 0
 705.186018586024 -NAN 0 0
 707.368262792811 -NAN 0 0
 709.551119402432 -NAN 0 0
 711.734594372125 -NAN 0 0
 713.918693659128 -NAN 0 0
 716.103423220679 -NAN 0 0
 718.288789014016 -NAN 0 0
 720.474796996377 -NAN 0 0
 722.661453125 -NAN 0 0
 724.848763357123 -NAN 0 0
 727.036733649984 -NAN 0 0
 729.225369960821 -NAN 0 0
 731.414678246872 -NAN 0 0
 733.604664465375 -NAN 0 0
 735.795334573568 -NAN 0 0
[END] of [DATA]
[END] of Spectrum


[Spectrum]
Version            = 1
IDData             = 12ad_2026-06-10_13-04-40_000_286
IDDevice           = SAM_82E6
IDDataType         = SPECTRUM
IDDataTypeSub1     = CALIBRATED
IDDataTypeSub2     = 
IDDataTypeSub3     = 
DateTime           = 2026-06-10 13:04:40
PositionLatitude   = 0
PositionLongitude  = 0
Comment            = 20260610_FrameA
CommentSub1        = UV
CommentSub2        = centre
CommentSub3        = 28cm
IDMethodType       = SAM Control
MethodName         = SAM_82E6
Mission            = No Mission
MissionSub         = 1
RecordType         = 0
[Attributes]
CalFactor = 1
IDBasisSpec = 
IDDataBack = DLAB_2024-11-11_10-40-48_641_639
IDDataCal = DLAB_2024-11-12_11-45-27_171_455
IntegrationTime = 128
P31 = -1
P31e = 0
PathLength = +INF
PathLengthCustomOn = 0
RAWDynamic = 65535
Salinity = 0
Temperature = -NAN
Unit1 = $01 $01 Wavelength nm
Unit2 = $03 $06 Intensity mW/(m^2 nm)
Unit3 = $f0 $06 Error mW/(m^2 nm)
Unit4 = $f1 $00 Status 
p999 = 8186
[END] of [Attributes]
[DATA]
 0 6 0 0
 185.260577530984 -NAN 0 0
 187.468128380571 -NAN 0 0
 189.674861895872 -NAN 0 0
 191.880784034125 -NAN 0 0
 194.085900752568 -NAN 0 0
 196.290218008439 -NAN 0 0
 198.493741758976 -NAN 0 0
 200.696477961417 -NAN 0 0
 202.898432573 -NAN 0 0
 205.099611550963 -NAN 0 0
 207.300020852544 -NAN 0 0
 209.499666434981 -NAN 0 0
 211.698554255512 -NAN 0 0
 213.896690271375 -NAN 0 0
 216.094080439808 -NAN 0 0
 218.290730718049 -NAN 0 0
 220.486647063336 -NAN 0 0
 222.681835432907 -NAN 0 0
 224.876301784 -NAN 0 0
 227.070052073853 -NAN 0 0
 229.263092259704 -NAN 0 0
 231.455428298791 -NAN 0 0
 233.647066148352 -NAN 0 0
 235.838011765625 -NAN 0 0
 238.028271107848 -NAN 0 0
 240.217850132259 -NAN 0 0
 242.406754796096 -NAN 0 0
 244.594991056597 -NAN 0 0
 246.782564871 -NAN 0 0
 248.969482196543 -NAN 0 0
 251.155748990464 -NAN 0 0
 253.341371210001 -NAN 0 0
 255.526354812392 -NAN 0 0
 257.710705754875 -NAN 0 0
 259.894429994688 -NAN 0 0
 262.077533489069 -NAN 0 0
 264.260022195256 -NAN 0 0
 266.441902070487 -NAN 0 0
 268.623179072 -NAN 0 0
 270.803859157033 -NAN 0 0
 272.983948282824 -NAN 0 0
 275.163452406611 -NAN 0 0
 277.342377485632 -NAN 0 0
 279.520729477125 -0.629716458916622 0 0
 281.698514338328 10.499151342058 0 0
 283.875738026479 4.27234196584541 0 0
 286.052406498816 5.45578954444273 0 0
 288.228525712577 19.6375954652099 0 0
 290.404101625 15.7526507793603 0 0
 292.579140193323 21.2201011995108 0 0
 294.753647374784 39.097054108575 0 0
 296.927629126621 37.0872693262785 0 0
 299.101091406072 43.8751427416974 0 0
 301.274040170375 60.344589585531 0 0
 303.446481376768 57.2593724174844 0 0
 305.618420982489 62.075896134901 0 0
 307.789864944776 72.949186483148 0 0
 309.960819220867 69.7268147350106 0 0
 312.131289768 74.2842685345744 0 0
 314.301282543413 79.2008379084883 0 0
 316.470803504344 64.541838995153 0 0
 318.639858608031 60.3669190130793 0 0
 320.808453811712 63.9440352194451 0 0
 322.976595072625 50.9935643997501 0 0
 325.144288348008 48.3689385852033 0 0
 327.311539595099 52.671788889634 0 0
 329.478354771136 37.6109721946372 0 0
 331.644739833357 36.1375181955445 0 0
 333.810700739 41.0086098918591 0 0
 335.976243445303 26.2400845989674 0 0
 338.141373909504 25.3634848143944 0 0
 340.306098088841 29.2995864672206 0 0
 342.470421940552 16.6366505644979 0 0
 344.634351421875 17.2405772548235 0 0
 346.797892490048 21.1024907382671 0 0
 348.961051102309 9.95563467199454 0 0
 351.123833215896 11.5477425840005 0 0
 353.286244788047 15.2237760702493 0 0
 355.448291776 5.88173592399125 0 0
 357.609980136993 8.59855778228744 0 0
 359.771315828264 13.443134151583 0 0
 361.932304807051 8.74190221001497 0 0
 364.092953030592 17.6647054694342 0 0
 366.253266456125 21.6388175225215 0 0
 368.413251040888 6.27730043889891 0 0
 370.572912742119 6.80485239212153 0 0
 372.732257517056 9.72089537956061 0 0
 374.891291322937 -1.33650763278971 0 0
 377.050020117 4.30987436248688 0 0
 379.208449856483 7.93153851673569 0 0
 381.366586498624 -3.36881068040446 0 0
 383.524436000661 3.2273636576121 0 0
 385.682004319832 6.91466074657529 0 0
 387.839297413375 -4.19825668436277 0 0
 389.996321238528 3.09327108363793 0 0
 392.153081752529 6.06398120944861 0 0
 394.309584912616 -4.403364815143 0 0
 396.465836676027 3.26924316047755 0 0
 398.621843 6.42524132965551 0 0
 400.777609841773 -0.350520896229823 0 0
 402.933143158584 13.6425839598569 0 0
 405.088448907671 17.2681474225221 0 0
 407.243533046272 4.99224238343015 0 0
 409.398401531625 7.885244283796 0 0
 411.553060320968 8.05279056376822 0 0
 413.707515371539 0.872329212997693 0 0
 415.861772640576 9.54613059659366 0 0
 418.015838085317 13.2572927026125 0 0
 420.169717663 10.753287780485 0 0
 422.323417330863 23.1979019533211 0 0
 424.476943046144 31.5936218245725 0 0
 426.630300766081 36.8254204741855 0 0
 428.783496447912 58.6980953910609 0 0
 430.936536048875 82.638252624329 0 0
 433.089425526208 119.333611597178 0 0
 435.242170837149 172.349653382854 0 0
 437.394777938936 211.997365548333 0 0
 439.547252788807 247.131767740522 0 0
 441.699601344 319.450151849221 0 0
 443.851829561753 402.721567972676 0 0
 446.003943399304 480.727655403791 0 0
 448.155948813891 545.92723217318 0 0
 450.307851762752 561.165369565242 0 0
 452.459658203125 526.830931283248 0 0
 454.611374092248 475.429934544028 0 0
 456.763005387359 406.178305199045 0 0
 458.914558045696 338.611787212172 0 0
 461.066038024497 296.796302391226 0 0
 463.217451281 256.329455149714 0 0
 465.368803772443 217.471684247414 0 0
 467.520101456064 195.907475524013 0 0
 469.671350289101 165.826165897922 0 0
 471.822556228792 136.159463030857 0 0
 473.973725232375 125.213098802724 0 0
 476.124863257088 108.068941808279 0 0
 478.275976260169 93.0511131715113 0 0
 480.427070198856 95.6268516405462 0 0
 482.578151030387 88.7877392589671 0 0
 484.729224712 81.9638123140841 0 0
 486.880297200933 90.6653250140268 0 0
 489.031374454424 87.7900288846558 0 0
 491.182462429711 85.3238869926079 0 0
 493.333567084032 97.4234083012195 0 0
 495.484694374625 96.9238573662688 0 0
 497.635850258728 97.1694424082238 0 0
 499.787040693579 110.619186153366 0 0
 501.938271636416 110.204809110205 0 0
 504.089549044477 -NAN 0 0
 506.240878875 -NAN 0 0
 508.392267085223 -NAN 0 0
 510.543719632384 -NAN 0 0
 512.695242473721 -NAN 0 0
 514.846841566472 -NAN 0 0
 516.998522867875 -NAN 0 0
 519.150292335168 -NAN 0 0
 521.302155925589 -NAN 0 0
 523.454119596376 -NAN 0 0
 525.606189304767 -NAN 0 0
 527.758371008 -NAN 0 0
 529.910670663313 -NAN 0 0
 532.063094227944 -NAN 0 0
 534.215647659131 -NAN 0 0
 536.368336914112 -NAN 0 0
 538.521167950125 -NAN 0 0
 540.674146724408 -NAN 0 0
 542.827279194199 -NAN 0 0
 544.980571316736 -NAN 0 0
 547.134029049257 -NAN 0 0
 549.287658349 -NAN 0 0
 551.441465173203 -NAN 0 0
 553.595455479104 -NAN 0 0
 555.749635223941 -NAN 0 0
 557.904010364952 -NAN 0 0
 560.058586859375 -NAN 0 0
 562.213370664448 -NAN 0 0
 564.368367737409 -NAN 0 0
 566.523584035496 -NAN 0 0
 568.679025515947 -NAN 0 0
 570.834698136 -NAN 0 0
 572.990607852893 -NAN 0 0
 575.146760623864 -NAN 0 0
 577.303162406151 -NAN 0 0
 579.459819156992 -NAN 0 0
 581.616736833625 -NAN 0 0
 583.773921393288 -NAN 0 0
 585.931378793219 -NAN 0 0
 588.089114990656 -NAN 0 0
 590.247135942837 -NAN 0 0
 592.405447607 -NAN 0 0
 594.564055940383 -NAN 0 0
 596.722966900224 -NAN 0 0
 598.882186443761 -NAN 0 0
 601.041720528232 -NAN 0 0
 603.201575110875 -NAN 0 0
 605.361756148928 -NAN 0 0
 607.522269599629 -NAN 0 0
 609.683121420216 -NAN 0 0
 611.844317567927 -NAN 0 0
 614.005864 -NAN 0 0
 616.167766673673 -NAN 0 0
 618.330031546184 -NAN 0 0
 620.492664574771 -NAN 0 0
 622.655671716672 -NAN 0 0
 624.819058929125 -NAN 0 0
 626.982832169368 -NAN 0 0
 629.146997394639 -NAN 0 0
 631.311560562176 -NAN 0 0
 633.476527629217 -NAN 0 0
 635.641904553 -NAN 0 0
 637.807697290763 -NAN 0 0
 639.973911799744 -NAN 0 0
 642.140554037181 -NAN 0 0
 644.307629960312 -NAN 0 0
 646.475145526375 -NAN 0 0
 648.643106692608 -NAN 0 0
 650.811519416249 -NAN 0 0
 652.980389654536 -NAN 0 0
 655.149723364707 -NAN 0 0
 657.319526504 -NAN 0 0
 659.489805029653 -NAN 0 0
 661.660564898904 -NAN 0 0
 663.831812068991 -NAN 0 0
 666.003552497152 -NAN 0 0
 668.175792140625 -NAN 0 0
 670.348536956648 -NAN 0 0
 672.521792902459 -NAN 0 0
 674.695565935296 -NAN 0 0
 676.869862012397 -NAN 0 0
 679.044687091 -NAN 0 0
 681.220047128343 -NAN 0 0
 683.395948081664 -NAN 0 0
 685.572395908201 -NAN 0 0
 687.749396565192 -NAN 0 0
 689.926956009875 -NAN 0 0
 692.105080199488 -NAN 0 0
 694.283775091269 -NAN 0 0
 696.463046642456 -NAN 0 0
 698.642900810287 -NAN 0 0
 700.823343552 -NAN 0 0
 703.004380824833 -NAN 0 0
 705.186018586024 -NAN 0 0
 707.368262792811 -NAN 0 0
 709.551119402432 -NAN 0 0
 711.734594372125 -NAN 0 0
 713.918693659128 -NAN 0 0
 716.103423220679 -NAN 0 0
 718.288789014016 -NAN 0 0
 720.474796996377 -NAN 0 0
 722.661453125 -NAN 0 0
 724.848763357123 -NAN 0 0
 727.036733649984 -NAN 0 0
 729.225369960821 -NAN 0 0
 731.414678246872 -NAN 0 0
 733.604664465375 -NAN 0 0
 735.795334573568 -NAN 0 0
[END] of [DATA]
[END] of Spectrum


