[Spectrum]
Version            = 1
IDData             = 12ad_2026-06-11_13-11-55_000_576
IDDevice           = SAM_82E6
IDDataType         = SPECTRUM
IDDataTypeSub1     = CALIBRATED
IDDataTypeSub2     = 
IDDataTypeSub3     = 
DateTime           = 2026-06-11 13:11:55
PositionLatitude   = 0
PositionLongitude  = 0
Comment            = 20260611_FrameF
CommentSub1        = UV
CommentSub2        = left
CommentSub3        = 28cm
IDMethodType       = SAM Control
MethodName         = SAM_82E6
Mission            = No Mission
MissionSub         = 1
RecordType         = 0
[Attributes]
CalFactor = 1
IDBasisSpec = 
IDDataBack = DLAB_2024-11-11_10-40-48_641_639
IDDataCal = DLAB_2024-11-12_11-45-27_171_455
IntegrationTime = 128
P31 = -1
P31e = 0
PathLength = +INF
PathLengthCustomOn = 0
RAWDynamic = 65535
Salinity = 0
Temperature = -NAN
Unit1 = $01 $01 Wavelength nm
Unit2 = $03 $06 Intensity mW/(m^2 nm)
Unit3 = $f0 $06 Error mW/(m^2 nm)
Unit4 = $f1 $00 Status 
p999 = 8768
[END] of [Attributes]
[DATA]
 0 6 0 0
 185.260577530984 -NAN 0 0
 187.468128380571 -NAN 0 0
 189.674861895872 -NAN 0 0
 191.880784034125 -NAN 0 0
 194.085900752568 -NAN 0 0
 196.290218008439 -NAN 0 0
 198.493741758976 -NAN 0 0
 200.696477961417 -NAN 0 0
 202.898432573 -NAN 0 0
 205.099611550963 -NAN 0 0
 207.300020852544 -NAN 0 0
 209.499666434981 -NAN 0 0
 211.698554255512 -NAN 0 0
 213.896690271375 -NAN 0 0
 216.094080439808 -NAN 0 0
 218.290730718049 -NAN 0 0
 220.486647063336 -NAN 0 0
 222.681835432907 -NAN 0 0
 224.876301784 -NAN 0 0
 227.070052073853 -NAN 0 0
 229.263092259704 -NAN 0 0
 231.455428298791 -NAN 0 0
 233.647066148352 -NAN 0 0
 235.838011765625 -NAN 0 0
 238.028271107848 -NAN 0 0
 240.217850132259 -NAN 0 0
 242.406754796096 -NAN 0 0
 244.594991056597 -NAN 0 0
 246.782564871 -NAN 0 0
 248.969482196543 -NAN 0 0
 251.155748990464 -NAN 0 0
 253.341371210001 -NAN 0 0
 255.526354812392 -NAN 0 0
 257.710705754875 -NAN 0 0
 259.894429994688 -NAN 0 0
 262.077533489069 -NAN 0 0
 264.260022195256 -NAN 0 0
 266.441902070487 -NAN 0 0
 268.623179072 -NAN 0 0
 270.803859157033 -NAN 0 0
 272.983948282824 -NAN 0 0
 275.163452406611 -NAN 0 0
 277.342377485632 -NAN 0 0
 279.520729477125 4.64296751463676 0 0
 281.698514338328 4.66796516471768 0 0
 283.875738026479 5.19305867479839 0 0
 286.052406498816 11.7336881804745 0 0
 288.228525712577 14.0987751877793 0 0
 290.404101625 18.1141274760698 0 0
 292.579140193323 27.847870675536 0 0
 294.753647374784 34.8895350706069 0 0
 296.927629126621 40.4746876364511 0 0
 299.101091406072 50.7227884036432 0 0
 301.274040170375 58.3023710253398 0 0
 303.446481376768 61.4708492202137 0 0
 305.618420982489 69.1844644440549 0 0
 307.789864944776 71.9529697682947 0 0
 309.960819220867 74.9249912160464 0 0
 312.131289768 81.8234529907822 0 0
 314.301282543413 78.577575665024 0 0
 316.470803504344 70.1106171737631 0 0
 318.639858608031 67.4114576054573 0 0
 320.808453811712 61.8408919022968 0 0
 322.976595072625 56.4412685665323 0 0
 325.144288348008 55.0272670037148 0 0
 327.311539595099 49.5374961685861 0 0
 329.478354771136 42.9716998127091 0 0
 331.644739833357 41.8195355924082 0 0
 333.810700739 37.6307570021484 0 0
 335.976243445303 31.1389265453113 0 0
 338.141373909504 29.8688176077004 0 0
 340.306098088841 26.2511223215203 0 0
 342.470421940552 20.9080731107581 0 0
 344.634351421875 20.799437789307 0 0
 346.797892490048 18.2154225361729 0 0
 348.961051102309 13.8115355618693 0 0
 351.123833215896 14.3932927632369 0 0
 353.286244788047 12.7943203083852 0 0
 355.448291776 9.62291517312551 0 0
 357.609980136993 10.8194466858515 0 0
 359.771315828264 11.1822197320036 0 0
 361.932304807051 13.0748026510725 0 0
 364.092953030592 20.2095116388019 0 0
 366.253266456125 20.024888970719 0 0
 368.413251040888 11.1919661527563 0 0
 370.572912742119 8.55068279359451 0 0
 372.732257517056 7.28407308785849 0 0
 374.891291322937 3.55735366339307 0 0
 377.050020117 5.23409581958127 0 0
 379.208449856483 5.46851808440826 0 0
 381.366586498624 1.90267020788273 0 0
 383.524436000661 3.61678122028651 0 0
 385.682004319832 4.23209710660236 0 0
 387.839297413375 0.882633361122493 0 0
 389.996321238528 2.79548548324215 0 0
 392.153081752529 3.59678340036509 0 0
 394.309584912616 0.683000332913382 0 0
 396.465836676027 2.64631313491103 0 0
 398.621843 4.30493622522988 0 0
 400.777609841773 5.41330614927533 0 0
 402.933143158584 14.0810754622029 0 0
 405.088448907671 17.4057337641999 0 0
 407.243533046272 11.1556074192263 0 0
 409.398401531625 7.49795331772627 0 0
 411.553060320968 7.73955029785597 0 0
 413.707515371539 6.661353579935 0 0
 415.861772640576 10.395276663506 0 0
 418.015838085317 15.7737308962461 0 0
 420.169717663 19.3734514593396 0 0
 422.323417330863 28.3269265469598 0 0
 424.476943046144 40.6404602899805 0 0
 426.630300766081 53.888948034141 0 0
 428.783496447912 75.7715793529011 0 0
 430.936536048875 108.242166740372 0 0
 433.089425526208 159.689360350908 0 0
 435.242170837149 220.862009678684 0 0
 437.394777938936 276.787279247731 0 0
 439.547252788807 333.146922143375 0 0
 441.699601344 424.853690130252 0 0
 443.851829561753 538.024000979954 0 0
 446.003943399304 639.229053502656 0 0
 448.155948813891 698.811943103888 0 0
 450.307851762752 691.354753579024 0 0
 452.459658203125 617.95573106326 0 0
 454.611374092248 517.576239628401 0 0
 456.763005387359 424.615819977825 0 0
 458.914558045696 352.161056594968 0 0
 461.066038024497 304.484827998294 0 0
 463.217451281 269.700964359854 0 0
 465.368803772443 232.523732167307 0 0
 467.520101456064 197.569700342574 0 0
 469.671350289101 166.278650476749 0 0
 471.822556228792 137.147604288791 0 0
 473.973725232375 118.458993478813 0 0
 476.124863257088 108.930287634377 0 0
 478.275976260169 100.116414935097 0 0
 480.427070198856 96.3931839686075 0 0
 482.578151030387 96.6275585237149 0 0
 484.729224712 93.6762535165817 0 0
 486.880297200933 94.5759653136115 0 0
 489.031374454424 99.3150098808467 0 0
 491.182462429711 101.31063924631 0 0
 493.333567084032 106.36568713684 0 0
 495.484694374625 114.679644153775 0 0
 497.635850258728 118.79828841205 0 0
 499.787040693579 124.674125827212 0 0
 501.938271636416 132.506388923382 0 0
 504.089549044477 -NAN 0 0
 506.240878875 -NAN 0 0
 508.392267085223 -NAN 0 0
 510.543719632384 -NAN 0 0
 512.695242473721 -NAN 0 0
 514.846841566472 -NAN 0 0
 516.998522867875 -NAN 0 0
 519.150292335168 -NAN 0 0
 521.302155925589 -NAN 0 0
 523.454119596376 -NAN 0 0
 525.606189304767 -NAN 0 0
 527.758371008 -NAN 0 0
 529.910670663313 -NAN 0 0
 532.063094227944 -NAN 0 0
 534.215647659131 -NAN 0 0
 536.368336914112 -NAN 0 0
 538.521167950125 -NAN 0 0
 540.674146724408 -NAN 0 0
 542.827279194199 -NAN 0 0
 544.980571316736 -NAN 0 0
 547.134029049257 -NAN 0 0
 549.287658349 -NAN 0 0
 551.441465173203 -NAN 0 0
 553.595455479104 -NAN 0 0
 555.749635223941 -NAN 0 0
 557.904010364952 -NAN 0 0
 560.058586859375 -NAN 0 0
 562.213370664448 -NAN 0 0
 564.368367737409 -NAN 0 0
 566.523584035496 -NAN 0 0
 568.679025515947 -NAN 0 0
 570.834698136 -NAN 0 0
 572.990607852893 -NAN 0 0
 575.146760623864 -NAN 0 0
 577.303162406151 -NAN 0 0
 579.459819156992 -NAN 0 0
 581.616736833625 -NAN 0 0
 583.773921393288 -NAN 0 0
 585.931378793219 -NAN 0 0
 588.089114990656 -NAN 0 0
 590.247135942837 -NAN 0 0
 592.405447607 -NAN 0 0
 594.564055940383 -NAN 0 0
 596.722966900224 -NAN 0 0
 598.882186443761 -NAN 0 0
 601.041720528232 -NAN 0 0
 603.201575110875 -NAN 0 0
 605.361756148928 -NAN 0 0
 607.522269599629 -NAN 0 0
 609.683121420216 -NAN 0 0
 611.844317567927 -NAN 0 0
 614.005864 -NAN 0 0
 616.167766673673 -NAN 0 0
 618.330031546184 -NAN 0 0
 620.492664574771 -NAN 0 0
 622.655671716672 -NAN 0 0
 624.819058929125 -NAN 0 0
 626.982832169368 -NAN 0 0
 629.146997394639 -NAN 0 0
 631.311560562176 -NAN 0 0
 633.476527629217 -NAN 0 0
 635.641904553 -NAN 0 0
 637.807697290763 -NAN 0 0
 639.973911799744 -NAN 0 0
 642.140554037181 -NAN 0 0
 644.307629960312 -NAN 0 0
 646.475145526375 -NAN 0 0
 648.643106692608 -NAN 0 0
 650.811519416249 -NAN 0 0
 652.980389654536 -NAN 0 0
 655.149723364707 -NAN 0 0
 657.319526504 -NAN 0 0
 659.489805029653 -NAN 0 0
 661.660564898904 -NAN 0 0
 663.831812068991 -NAN 0 0
 666.003552497152 -NAN 0 0
 668.175792140625 -NAN 0 0
 670.348536956648 -NAN 0 0
 672.521792902459 -NAN 0 0
 674.695565935296 -NAN 0 0
 676.869862012397 -NAN 0 0
 679.044687091 -NAN 0 0
 681.220047128343 -NAN 0 0
 683.395948081664 -NAN 0 0
 685.572395908201 -NAN 0 0
 687.749396565192 -NAN 0 0
 689.926956009875 -NAN 0 0
 692.105080199488 -NAN 0 0
 694.283775091269 -NAN 0 0
 696.463046642456 -NAN 0 0
 698.642900810287 -NAN 0 0
 700.823343552 -NAN 0 0
 703.004380824833 -NAN 0 0
 705.186018586024 -NAN 0 0
 707.368262792811 -NAN 0 0
 709.551119402432 -NAN 0 0
 711.734594372125 -NAN 0 0
 713.918693659128 -NAN 0 0
 716.103423220679 -NAN 0 0
 718.288789014016 -NAN 0 0
 720.474796996377 -NAN 0 0
 722.661453125 -NAN 0 0
 724.848763357123 -NAN 0 0
 727.036733649984 -NAN 0 0
 729.225369960821 -NAN 0 0
 731.414678246872 -NAN 0 0
 733.604664465375 -NAN 0 0
 735.795334573568 -NAN 0 0
[END] of [DATA]
[END] of Spectrum


[Spectrum]
Version            = 1
IDData             = 12ad_2026-06-11_13-12-00_000_579
IDDevice           = SAM_82E6
IDDataType         = SPECTRUM
IDDataTypeSub1     = CALIBRATED
IDDataTypeSub2     = 
IDDataTypeSub3     = 
DateTime           = 2026-06-11 13:12:00
PositionLatitude   = 0
PositionLongitude  = 0
Comment            = 20260611_FrameF
CommentSub1        = UV
CommentSub2        = left
CommentSub3        = 28cm
IDMethodType       = SAM Control
MethodName         = SAM_82E6
Mission            = No Mission
MissionSub         = 1
RecordType         = 0
[Attributes]
CalFactor = 1
IDBasisSpec = 
IDDataBack = DLAB_2024-11-11_10-40-48_641_639
IDDataCal = DLAB_2024-11-12_11-45-27_171_455
IntegrationTime = 128
P31 = -1
P31e = 0
PathLength = +INF
PathLengthCustomOn = 0
RAWDynamic = 65535
Salinity = 0
Temperature = -NAN
Unit1 = $01 $01 Wavelength nm
Unit2 = $03 $06 Intensity mW/(m^2 nm)
Unit3 = $f0 $06 Error mW/(m^2 nm)
Unit4 = $f1 $00 Status 
p999 = 8769
[END] of [Attributes]
[DATA]
 0 6 0 0
 185.260577530984 -NAN 0 0
 187.468128380571 -NAN 0 0
 189.674861895872 -NAN 0 0
 191.880784034125 -NAN 0 0
 194.085900752568 -NAN 0 0
 196.290218008439 -NAN 0 0
 198.493741758976 -NAN 0 0
 200.696477961417 -NAN 0 0
 202.898432573 -NAN 0 0
 205.099611550963 -NAN 0 0
 207.300020852544 -NAN 0 0
 209.499666434981 -NAN 0 0
 211.698554255512 -NAN 0 0
 213.896690271375 -NAN 0 0
 216.094080439808 -NAN 0 0
 218.290730718049 -NAN 0 0
 220.486647063336 -NAN 0 0
 222.681835432907 -NAN 0 0
 224.876301784 -NAN 0 0
 227.070052073853 -NAN 0 0
 229.263092259704 -NAN 0 0
 231.455428298791 -NAN 0 0
 233.647066148352 -NAN 0 0
 235.838011765625 -NAN 0 0
 238.028271107848 -NAN 0 0
 240.217850132259 -NAN 0 0
 242.406754796096 -NAN 0 0
 244.594991056597 -NAN 0 0
 246.782564871 -NAN 0 0
 248.969482196543 -NAN 0 0
 251.155748990464 -NAN 0 0
 253.341371210001 -NAN 0 0
 255.526354812392 -NAN 0 0
 257.710705754875 -NAN 0 0
 259.894429994688 -NAN 0 0
 262.077533489069 -NAN 0 0
 264.260022195256 -NAN 0 0
 266.441902070487 -NAN 0 0
 268.623179072 -NAN 0 0
 270.803859157033 -NAN 0 0
 272.983948282824 -NAN 0 0
 275.163452406611 -NAN 0 0
 277.342377485632 -NAN 0 0
 279.520729477125 2.7998942314863 0 0
 281.698514338328 3.83904766775943 0 0
 283.875738026479 8.82226410732776 0 0
 286.052406498816 9.74171849300097 0 0
 288.228525712577 13.1130772180762 0 0
 290.404101625 22.0605854532064 0 0
 292.579140193323 26.3706477042739 0 0
 294.753647374784 34.2188505134812 0 0
 296.927629126621 44.2861680589167 0 0
 299.101091406072 49.7741761608814 0 0
 301.274040170375 57.9635484005808 0 0
 303.446481376768 65.1624445504069 0 0
 305.618420982489 68.6962208718377 0 0
 307.789864944776 71.8140125012015 0 0
 309.960819220867 78.7333849622356 0 0
 312.131289768 81.5961522056846 0 0
 314.301282543413 78.2171068301846 0 0
 316.470803504344 74.1082130931165 0 0
 318.639858608031 67.267376465511 0 0
 320.808453811712 61.1167716715825 0 0
 322.976595072625 60.8399310945898 0 0
 325.144288348008 54.6836672284317 0 0
 327.311539595099 48.4233415998319 0 0
 329.478354771136 47.4637634660324 0 0
 331.644739833357 41.3605920298684 0 0
 333.810700739 36.0794906443847 0 0
 335.976243445303 35.3196593161377 0 0
 338.141373909504 29.6609655960391 0 0
 340.306098088841 24.6332375211309 0 0
 342.470421940552 24.5326278649116 0 0
 344.634351421875 20.5227772530574 0 0
 346.797892490048 16.6450507107661 0 0
 348.961051102309 16.867111491998 0 0
 351.123833215896 14.267918404435 0 0
 353.286244788047 11.200126267162 0 0
 355.448291776 12.2131278332507 0 0
 357.609980136993 10.7573388958772 0 0
 359.771315828264 9.55160780998546 0 0
 361.932304807051 15.7979635973023 0 0
 364.092953030592 20.347251813009 0 0
 366.253266456125 18.0652854179516 0 0
 368.413251040888 14.0893640452376 0 0
 370.572912742119 8.70391395113387 0 0
 372.732257517056 4.95422051131675 0 0
 374.891291322937 6.84323196225865 0 0
 377.050020117 5.45204655125427 0 0
 379.208449856483 2.71721230602433 0 0
 381.366586498624 4.97510973901848 0 0
 383.524436000661 4.02041110276656 0 0
 385.682004319832 1.4613473872666 0 0
 387.839297413375 3.91189797831365 0 0
 389.996321238528 3.32082423111018 0 0
 392.153081752529 0.693871242545779 0 0
 394.309584912616 3.35300112645075 0 0
 396.465836676027 3.26924316047755 0 0
 398.621843 1.45751773080097 0 0
 400.777609841773 7.88946289445625 0 0
 402.933143158584 14.897227275818 0 0
 405.088448907671 15.1453867223508 0 0
 407.243533046272 13.5244875043029 0 0
 409.398401531625 8.56586805256942 0 0
 411.553060320968 5.29318793942861 0 0
 413.707515371539 8.4708214381239 0 0
 415.861772640576 11.1811450187013 0 0
 418.015838085317 13.5226982933473 0 0
 420.169717663 20.8511397458158 0 0
 422.323417330863 29.213198558142 0 0
 424.476943046144 38.5758070059795 0 0
 426.630300766081 55.1440253850199 0 0
 428.783496447912 76.5723994261581 0 0
 430.936536048875 106.35516354374 0 0
 433.089425526208 161.172563250174 0 0
 435.242170837149 222.541959809389 0 0
 437.394777938936 275.259011649304 0 0
 439.547252788807 334.424839395759 0 0
 441.699601344 425.871263825563 0 0
 443.851829561753 535.820912689172 0 0
 446.003943399304 640.026437195996 0 0
 448.155948813891 699.803424723638 0 0
 450.307851762752 689.111041937436 0 0
 452.459658203125 619.019134707998 0 0
 454.611374092248 518.873341617008 0 0
 456.763005387359 422.309910314186 0 0
 458.914558045696 353.019363288339 0 0
 461.066038024497 306.039650430892 0 0
 463.217451281 267.17290366252 0 0
 465.368803772443 233.203502073366 0 0
 467.520101456064 199.049851566318 0 0
 469.671350289101 163.546423019908 0 0
 471.822556228792 137.831870248378 0 0
 473.973725232375 120.159081287766 0 0
 476.124863257088 106.335178872971 0 0
 478.275976260169 100.652035484019 0 0
 480.427070198856 98.3535689938806 0 0
 482.578151030387 94.0916716544799 0 0
 484.729224712 94.2149364039485 0 0
 486.880297200933 96.705787719335 0 0
 489.031374454424 96.6720967630795 0 0
 491.182462429711 101.627827847682 0 0
 493.333567084032 108.665830074389 0 0
 495.484694374625 112.284461345636 0 0
 497.635850258728 119.011131879877 0 0
 499.787040693579 126.763667446421 0 0
 501.938271636416 130.196805375507 0 0
 504.089549044477 -NAN 0 0
 506.240878875 -NAN 0 0
 508.392267085223 -NAN 0 0
 510.543719632384 -NAN 0 0
 512.695242473721 -NAN 0 0
 514.846841566472 -NAN 0 0
 516.998522867875 -NAN 0 0
 519.150292335168 -NAN 0 0
 521.302155925589 -NAN 0 0
 523.454119596376 -NAN 0 0
 525.606189304767 -NAN 0 0
 527.758371008 -NAN 0 0
 529.910670663313 -NAN 0 0
 532.063094227944 -NAN 0 0
 534.215647659131 -NAN 0 0
 536.368336914112 -NAN 0 0
 538.521167950125 -NAN 0 0
 540.674146724408 -NAN 0 0
 542.827279194199 -NAN 0 0
 544.980571316736 -NAN 0 0
 547.134029049257 -NAN 0 0
 549.287658349 -NAN 0 0
 551.441465173203 -NAN 0 0
 553.595455479104 -NAN 0 0
 555.749635223941 -NAN 0 0
 557.904010364952 -NAN 0 0
 560.058586859375 -NAN 0 0
 562.213370664448 -NAN 0 0
 564.368367737409 -NAN 0 0
 566.523584035496 -NAN 0 0
 568.679025515947 -NAN 0 0
 570.834698136 -NAN 0 0
 572.990607852893 -NAN 0 0
 575.146760623864 -NAN 0 0
 577.303162406151 -NAN 0 0
 579.459819156992 -NAN 0 0
 581.616736833625 -NAN 0 0
 583.773921393288 -NAN 0 0
 585.931378793219 -NAN 0 0
 588.089114990656 -NAN 0 0
 590.247135942837 -NAN 0 0
 592.405447607 -NAN 0 0
 594.564055940383 -NAN 0 0
 596.722966900224 -NAN 0 0
 598.882186443761 -NAN 0 0
 601.041720528232 -NAN 0 0
 603.201575110875 -NAN 0 0
 605.361756148928 -NAN 0 0
 607.522269599629 -NAN 0 0
 609.683121420216 -NAN 0 0
 611.844317567927 -NAN 0 0
 614.005864 -NAN 0 0
 616.167766673673 -NAN 0 0
 618.330031546184 -NAN 0 0
 620.492664574771 -NAN 0 0
 622.655671716672 -NAN 0 0
 624.819058929125 -NAN 0 0
 626.982832169368 -NAN 0 0
 629.146997394639 -NAN 0 0
 631.311560562176 -NAN 0 0
 633.476527629217 -NAN 0 0
 635.641904553 -NAN 0 0
 637.807697290763 -NAN 0 0
 639.973911799744 -NAN 0 0
 642.140554037181 -NAN 0 0
 644.307629960312 -NAN 0 0
 646.475145526375 -NAN 0 0
 648.643106692608 -NAN 0 0
 650.811519416249 -NAN 0 0
 652.980389654536 -NAN 0 0
 655.149723364707 -NAN 0 0
 657.319526504 -NAN 0 0
 659.489805029653 -NAN 0 0
 661.660564898904 -NAN 0 0
 663.831812068991 -NAN 0 0
 666.003552497152 -NAN 0 0
 668.175792140625 -NAN 0 0
 670.348536956648 -NAN 0 0
 672.521792902459 -NAN 0 0
 674.695565935296 -NAN 0 0
 676.869862012397 -NAN 0 0
 679.044687091 -NAN 0 0
 681.220047128343 -NAN 0 0
 683.395948081664 -NAN 0 0
 685.572395908201 -NAN 0 0
 687.749396565192 -NAN 0 0
 689.926956009875 -NAN 0 0
 692.105080199488 -NAN 0 0
 694.283775091269 -NAN 0 0
 696.463046642456 -NAN 0 0
 698.642900810287 -NAN 0 0
 700.823343552 -NAN 0 0
 703.004380824833 -NAN 0 0
 705.186018586024 -NAN 0 0
 707.368262792811 -NAN 0 0
 709.551119402432 -NAN 0 0
 711.734594372125 -NAN 0 0
 713.918693659128 -NAN 0 0
 716.103423220679 -NAN 0 0
 718.288789014016 -NAN 0 0
 720.474796996377 -NAN 0 0
 722.661453125 -NAN 0 0
 724.848763357123 -NAN 0 0
 727.036733649984 -NAN 0 0
 729.225369960821 -NAN 0 0
 731.414678246872 -NAN 0 0
 733.604664465375 -NAN 0 0
 735.795334573568 -NAN 0 0
[END] of [DATA]
[END] of Spectrum


[Spectrum]
Version            = 1
IDData             = 12ad_2026-06-11_13-12-05_000_582
IDDevice           = SAM_82E6
IDDataType         = SPECTRUM
IDDataTypeSub1     = CALIBRATED
IDDataTypeSub2     = 
IDDataTypeSub3     = 
DateTime           = 2026-06-11 13:12:05
PositionLatitude   = 0
PositionLongitude  = 0
Comment            = 20260611_FrameF
CommentSub1        = UV
CommentSub2        = left
CommentSub3        = 28cm
IDMethodType       = SAM Control
MethodName         = SAM_82E6
Mission            = No Mission
MissionSub         = 1
RecordType         = 0
[Attributes]
CalFactor = 1
IDBasisSpec = 
IDDataBack = DLAB_2024-11-11_10-40-48_641_639
IDDataCal = DLAB_2024-11-12_11-45-27_171_455
IntegrationTime = 128
P31 = -1
P31e = 0
PathLength = +INF
PathLengthCustomOn = 0
RAWDynamic = 65535
Salinity = 0
Temperature = -NAN
Unit1 = $01 $01 Wavelength nm
Unit2 = $03 $06 Intensity mW/(m^2 nm)
Unit3 = $f0 $06 Error mW/(m^2 nm)
Unit4 = $f1 $00 Status 
p999 = 8770
[END] of [Attributes]
[DATA]
 0 6 0 0
 185.260577530984 -NAN 0 0
 187.468128380571 -NAN 0 0
 189.674861895872 -NAN 0 0
 191.880784034125 -NAN 0 0
 194.085900752568 -NAN 0 0
 196.290218008439 -NAN 0 0
 198.493741758976 -NAN 0 0
 200.696477961417 -NAN 0 0
 202.898432573 -NAN 0 0
 205.099611550963 -NAN 0 0
 207.300020852544 -NAN 0 0
 209.499666434981 -NAN 0 0
 211.698554255512 -NAN 0 0
 213.896690271375 -NAN 0 0
 216.094080439808 -NAN 0 0
 218.290730718049 -NAN 0 0
 220.486647063336 -NAN 0 0
 222.681835432907 -NAN 0 0
 224.876301784 -NAN 0 0
 227.070052073853 -NAN 0 0
 229.263092259704 -NAN 0 0
 231.455428298791 -NAN 0 0
 233.647066148352 -NAN 0 0
 235.838011765625 -NAN 0 0
 238.028271107848 -NAN 0 0
 240.217850132259 -NAN 0 0
 242.406754796096 -NAN 0 0
 244.594991056597 -NAN 0 0
 246.782564871 -NAN 0 0
 248.969482196543 -NAN 0 0
 251.155748990464 -NAN 0 0
 253.341371210001 -NAN 0 0
 255.526354812392 -NAN 0 0
 257.710705754875 -NAN 0 0
 259.894429994688 -NAN 0 0
 262.077533489069 -NAN 0 0
 264.260022195256 -NAN 0 0
 266.441902070487 -NAN 0 0
 268.623179072 -NAN 0 0
 270.803859157033 -NAN 0 0
 272.983948282824 -NAN 0 0
 275.163452406611 -NAN 0 0
 277.342377485632 -NAN 0 0
 279.520729477125 4.08630957033388 0 0
 281.698514338328 5.16610012740078 0 0
 283.875738026479 5.22271366082295 0 0
 286.052406498816 11.1892358242044 0 0
 288.228525712577 14.8251543602204 0 0
 290.404101625 18.1708378154613 0 0
 292.579140193323 27.9789601185965 0 0
 294.753647374784 36.2240604648876 0 0
 296.927629126621 41.3012278613096 0 0
 299.101091406072 51.391345524484 0 0
 301.274040170375 60.1020761315082 0 0
 303.446481376768 62.8306232397671 0 0
 305.618420982489 70.310435853992 0 0
 307.789864944776 74.0148818315479 0 0
 309.960819220867 76.6400652441969 0 0
 312.131289768 83.2649000487527 0 0
 314.301282543413 80.8415525083541 0 0
 316.470803504344 71.8076406248578 0 0
 318.639858608031 68.573111796275 0 0
 320.808453811712 63.8095937795514 0 0
 322.976595072625 57.761711058171 0 0
 325.144288348008 55.6552749963541 0 0
 327.311539595099 51.3098815286174 0 0
 329.478354771136 43.966796032601 0 0
 331.644739833357 41.9305703252807 0 0
 333.810700739 39.1272553682735 0 0
 335.976243445303 32.0067629375864 0 0
 338.141373909504 29.9994273177307 0 0
 340.306098088841 27.1347154465652 0 0
 342.470421940552 21.406973169043 0 0
 344.634351421875 20.508944226245 0 0
 346.797892490048 19.1322780865451 0 0
 348.961051102309 14.4811716192291 0 0
 351.123833215896 13.8929147419471 0 0
 353.286244788047 13.523811288945 0 0
 355.448291776 9.97465916808437 0 0
 357.609980136993 10.5142618558054 0 0
 359.771315828264 11.8437146739833 0 0
 361.932304807051 13.5326889875958 0 0
 364.092953030592 19.9487085220654 0 0
 366.253266456125 20.7010573003092 0 0
 368.413251040888 11.6974954084737 0 0
 370.572912742119 8.30576414015046 0 0
 372.732257517056 7.8045720677242 0 0
 374.891291322937 3.99699449961608 0 0
 377.050020117 4.54299887927636 0 0
 379.208449856483 5.80018617671599 0 0
 381.366586498624 2.23761416780875 0 0
 383.524436000661 2.9814905249746 0 0
 385.682004319832 4.56919550674742 0 0
 387.839297413375 1.39695658658573 0 0
 389.996321238528 2.11703998800082 0 0
 392.153081752529 4.00058236686864 0 0
 394.309584912616 1.17800048002986 0 0
 396.465836676027 1.92537903204633 0 0
 398.621843 4.78658250364447 0 0
 400.777609841773 5.90879759880996 0 0
 402.933143158584 13.7655136584915 0 0
 405.088448907671 18.3823511002162 0 0
 407.243533046272 11.8220776939144 0 0
 409.398401531625 7.08889155770588 0 0
 411.553060320968 8.02080476196732 0 0
 413.707515371539 7.06546099726793 0 0
 415.861772640576 9.9023228770653 0 0
 418.015838085317 15.9182294956462 0 0
 420.169717663 19.6998294739583 0 0
 422.323417330863 28.0000679643235 0 0
 424.476943046144 40.8668087798431 0 0
 426.630300766081 54.2178231859187 0 0
 428.783496447912 75.3340787023533 0 0
 430.936536048875 108.511620908625 0 0
 433.089425526208 160.697323019896 0 0
 435.242170837149 221.943347702873 0 0
 437.394777938936 277.79679911008 0 0
 439.547252788807 333.950068872246 0 0
 441.699601344 424.589844285183 0 0
 443.851829561753 537.815578113539 0 0
 446.003943399304 639.601222930342 0 0
 448.155948813891 698.293389442585 0 0
 450.307851762752 691.406156940588 0 0
 452.459658203125 618.358675824114 0 0
 454.611374092248 517.099811405313 0 0
 456.763005387359 424.68903895529 0 0
 458.914558045696 352.415554509863 0 0
 461.066038024497 304.139425111891 0 0
 463.217451281 269.610602288914 0 0
 465.368803772443 232.792895717066 0 0
 467.520101456064 196.9367268453 0 0
 469.671350289101 166.30138295559 0 0
 471.822556228792 137.465689583104 0 0
 473.973725232375 117.927165491945 0 0
 476.124863257088 108.674540994495 0 0
 478.275976260169 100.539799642855 0 0
 480.427070198856 96.0155870802169 0 0
 482.578151030387 96.3094565176709 0 0
 484.729224712 94.2026428110833 0 0
 486.880297200933 94.156488736854 0 0
 489.031374454424 99.0766777495663 0 0
 491.182462429711 102.017612431764 0 0
 493.333567084032 106.068427618773 0 0
 495.484694374625 114.483735023904 0 0
 497.635850258728 119.196547065767 0 0
 499.787040693579 124.109884359799 0 0
 501.938271636416 132.180292085076 0 0
 504.089549044477 -NAN 0 0
 506.240878875 -NAN 0 0
 508.392267085223 -NAN 0 0
 510.543719632384 -NAN 0 0
 512.695242473721 -NAN 0 0
 514.846841566472 -NAN 0 0
 516.998522867875 -NAN 0 0
 519.150292335168 -NAN 0 0
 521.302155925589 -NAN 0 0
 523.454119596376 -NAN 0 0
 525.606189304767 -NAN 0 0
 527.758371008 -NAN 0 0
 529.910670663313 -NAN 0 0
 532.063094227944 -NAN 0 0
 534.215647659131 -NAN 0 0
 536.368336914112 -NAN 0 0
 538.521167950125 -NAN 0 0
 540.674146724408 -NAN 0 0
 542.827279194199 -NAN 0 0
 544.980571316736 -NAN 0 0
 547.134029049257 -NAN 0 0
 549.287658349 -NAN 0 0
 551.441465173203 -NAN 0 0
 553.595455479104 -NAN 0 0
 555.749635223941 -NAN 0 0
 557.904010364952 -NAN 0 0
 560.058586859375 -NAN 0 0
 562.213370664448 -NAN 0 0
 564.368367737409 -NAN 0 0
 566.523584035496 -NAN 0 0
 568.679025515947 -NAN 0 0
 570.834698136 -NAN 0 0
 572.990607852893 -NAN 0 0
 575.146760623864 -NAN 0 0
 577.303162406151 -NAN 0 0
 579.459819156992 -NAN 0 0
 581.616736833625 -NAN 0 0
 583.773921393288 -NAN 0 0
 585.931378793219 -NAN 0 0
 588.089114990656 -NAN 0 0
 590.247135942837 -NAN 0 0
 592.405447607 -NAN 0 0
 594.564055940383 -NAN 0 0
 596.722966900224 -NAN 0 0
 598.882186443761 -NAN 0 0
 601.041720528232 -NAN 0 0
 603.201575110875 -NAN 0 0
 605.361756148928 -NAN 0 0
 607.522269599629 -NAN 0 0
 609.683121420216 -NAN 0 0
 611.844317567927 -NAN 0 0
 614.005864 -NAN 0 0
 616.167766673673 -NAN 0 0
 618.330031546184 -NAN 0 0
 620.492664574771 -NAN 0 0
 622.655671716672 -NAN 0 0
 624.819058929125 -NAN 0 0
 626.982832169368 -NAN 0 0
 629.146997394639 -NAN 0 0
 631.311560562176 -NAN 0 0
 633.476527629217 -NAN 0 0
 635.641904553 -NAN 0 0
 637.807697290763 -NAN 0 0
 639.973911799744 -NAN 0 0
 642.140554037181 -NAN 0 0
 644.307629960312 -NAN 0 0
 646.475145526375 -NAN 0 0
 648.643106692608 -NAN 0 0
 650.811519416249 -NAN 0 0
 652.980389654536 -NAN 0 0
 655.149723364707 -NAN 0 0
 657.319526504 -NAN 0 0
 659.489805029653 -NAN 0 0
 661.660564898904 -NAN 0 0
 663.831812068991 -NAN 0 0
 666.003552497152 -NAN 0 0
 668.175792140625 -NAN 0 0
 670.348536956648 -NAN 0 0
 672.521792902459 -NAN 0 0
 674.695565935296 -NAN 0 0
 676.869862012397 -NAN 0 0
 679.044687091 -NAN 0 0
 681.220047128343 -NAN 0 0
 683.395948081664 -NAN 0 0
 685.572395908201 -NAN 0 0
 687.749396565192 -NAN 0 0
 689.926956009875 -NAN 0 0
 692.105080199488 -NAN 0 0
 694.283775091269 -NAN 0 0
 696.463046642456 -NAN 0 0
 698.642900810287 -NAN 0 0
 700.823343552 -NAN 0 0
 703.004380824833 -NAN 0 0
 705.186018586024 -NAN 0 0
 707.368262792811 -NAN 0 0
 709.551119402432 -NAN 0 0
 711.734594372125 -NAN 0 0
 713.918693659128 -NAN 0 0
 716.103423220679 -NAN 0 0
 718.288789014016 -NAN 0 0
 720.474796996377 -NAN 0 0
 722.661453125 -NAN 0 0
 724.848763357123 -NAN 0 0
 727.036733649984 -NAN 0 0
 729.225369960821 -NAN 0 0
 731.414678246872 -NAN 0 0
 733.604664465375 -NAN 0 0
 735.795334573568 -NAN 0 0
[END] of [DATA]
[END] of Spectrum


[Spectrum]
Version            = 1
IDData             = 12ad_2026-06-11_13-12-10_000_585
IDDevice           = SAM_82E6
IDDataType         = SPECTRUM
IDDataTypeSub1     = CALIBRATED
IDDataTypeSub2     = 
IDDataTypeSub3     = 
DateTime           = 2026-06-11 13:12:10
PositionLatitude   = 0
PositionLongitude  = 0
Comment            = 20260611_FrameF
CommentSub1        = UV
CommentSub2        = left
CommentSub3        = 28cm
IDMethodType       = SAM Control
MethodName         = SAM_82E6
Mission            = No Mission
MissionSub         = 1
RecordType         = 0
[Attributes]
CalFactor = 1
IDBasisSpec = 
IDDataBack = DLAB_2024-11-11_10-40-48_641_639
IDDataCal = DLAB_2024-11-12_11-45-27_171_455
IntegrationTime = 128
P31 = -1
P31e = 0
PathLength = +INF
PathLengthCustomOn = 0
RAWDynamic = 65535
Salinity = 0
Temperature = -NAN
Unit1 = $01 $01 Wavelength nm
Unit2 = $03 $06 Intensity mW/(m^2 nm)
Unit3 = $f0 $06 Error mW/(m^2 nm)
Unit4 = $f1 $00 Status 
p999 = 8771
[END] of [Attributes]
[DATA]
 0 6 0 0
 185.260577530984 -NAN 0 0
 187.468128380571 -NAN 0 0
 189.674861895872 -NAN 0 0
 191.880784034125 -NAN 0 0
 194.085900752568 -NAN 0 0
 196.290218008439 -NAN 0 0
 198.493741758976 -NAN 0 0
 200.696477961417 -NAN 0 0
 202.898432573 -NAN 0 0
 205.099611550963 -NAN 0 0
 207.300020852544 -NAN 0 0
 209.499666434981 -NAN 0 0
 211.698554255512 -NAN 0 0
 213.896690271375 -NAN 0 0
 216.094080439808 -NAN 0 0
 218.290730718049 -NAN 0 0
 220.486647063336 -NAN 0 0
 222.681835432907 -NAN 0 0
 224.876301784 -NAN 0 0
 227.070052073853 -NAN 0 0
 229.263092259704 -NAN 0 0
 231.455428298791 -NAN 0 0
 233.647066148352 -NAN 0 0
 235.838011765625 -NAN 0 0
 238.028271107848 -NAN 0 0
 240.217850132259 -NAN 0 0
 242.406754796096 -NAN 0 0
 244.594991056597 -NAN 0 0
 246.782564871 -NAN 0 0
 248.969482196543 -NAN 0 0
 251.155748990464 -NAN 0 0
 253.341371210001 -NAN 0 0
 255.526354812392 -NAN 0 0
 257.710705754875 -NAN 0 0
 259.894429994688 -NAN 0 0
 262.077533489069 -NAN 0 0
 264.260022195256 -NAN 0 0
 266.441902070487 -NAN 0 0
 268.623179072 -NAN 0 0
 270.803859157033 -NAN 0 0
 272.983948282824 -NAN 0 0
 275.163452406611 -NAN 0 0
 277.342377485632 -NAN 0 0
 279.520729477125 2.05270235993883 0 0
 281.698514338328 6.30226622338928 0 0
 283.875738026479 7.39035192499905 0 0
 286.052406498816 8.9489958622717 0 0
 288.228525712577 16.2506913948928 0 0
 290.404101625 20.952552668174 0 0
 292.579140193323 25.9308637662646 0 0
 294.753647374784 37.5366859552622 0 0
 296.927629126621 43.7300626541732 0 0
 299.101091406072 50.1102423071865 0 0
 301.274040170375 61.5072617430943 0 0
 303.446481376768 65.4114634069998 0 0
 305.618420982489 69.3285715777049 0 0
 307.789864944776 75.5402050634102 0 0
 309.960819220867 79.4466482631678 0 0
 312.131289768 82.3995817134058 0 0
 314.301282543413 82.2497065696138 0 0
 316.470803504344 74.6726658176707 0 0
 318.639858608031 67.5375286029104 0 0
 320.808453811712 64.990282464558 0 0
 322.976595072625 60.958053745599 0 0
 325.144288348008 53.999355070935 0 0
 327.311539595099 52.2671748620338 0 0
 329.478354771136 47.2674216109865 0 0
 331.644739833357 40.5789075104458 0 0
 333.810700739 39.6941780925326 0 0
 335.976243445303 35.12777589272 0 0
 338.141373909504 28.3632949286405 0 0
 340.306098088841 27.7767116802768 0 0
 342.470421940552 24.2655002746488 0 0
 344.634351421875 19.157080242298 0 0
 346.797892490048 19.2687796375228 0 0
 348.961051102309 16.5479067392669 0 0
 351.123833215896 12.8507403844062 0 0
 353.286244788047 13.4507531488889 0 0
 355.448291776 12.0711394316159 0 0
 357.609980136993 9.28602676786514 0 0
 359.771315828264 11.5780410956598 0 0
 361.932304807051 15.7320806711838 0 0
 364.092953030592 18.8569482888008 0 0
 366.253266456125 20.4126055258553 0 0
 368.413251040888 13.9075189892241 0 0
 370.572912742119 6.77470855785149 0 0
 372.732257517056 7.20058452968454 0 0
 374.891291322937 6.64156185389947 0 0
 377.050020117 3.15942556365595 0 0
 379.208449856483 4.74920416269445 0 0
 381.366586498624 4.8903137997967 0 0
 383.524436000661 1.78623442932065 0 0
 385.682004319832 3.50100606156202 0 0
 387.839297413375 3.90339676797541 0 0
 389.996321238528 1.06214854508935 0 0
 392.153081752529 2.80861222176023 0 0
 394.309584912616 3.61481938608261 0 0
 396.465836676027 0.820483749629864 0 0
 398.621843 3.47963599059112 0 0
 400.777609841773 8.2796136421213 0 0
 402.933143158584 13.0874993412802 0 0
 405.088448907671 17.105992091259 0 0
 407.243533046272 14.2658020344372 0 0
 409.398401531625 6.62024657213631 0 0
 411.553060320968 6.71600464022721 0 0
 413.707515371539 8.8271996329372 0 0
 415.861772640576 9.44815220425762 0 0
 418.015838085317 14.719972402662 0 0
 420.169717663 21.3222593147436 0 0
 422.323417330863 27.5596786695108 0 0
 424.476943046144 39.6569539104994 0 0
 426.630300766081 55.7292677810969 0 0
 428.783496447912 75.1410389162734 0 0
 430.936536048875 107.447812556288 0 0
 433.089425526208 162.435552618545 0 0
 435.242170837149 222.249447084443 0 0
 437.394777938936 277.09581025871 0 0
 439.547252788807 335.657463378438 0 0
 441.699601344 424.431207998273 0 0
 443.851829561753 536.629492966108 0 0
 446.003943399304 641.006911136519 0 0
 448.155948813891 698.23460247929 0 0
 450.307851762752 690.014658924924 0 0
 452.459658203125 619.8639292411 0 0
 454.611374092248 517.070331814662 0 0
 456.763005387359 422.971809870472 0 0
 458.914558045696 354.091248624014 0 0
 461.066038024497 304.144519549743 0 0
 463.217451281 268.101451839766 0 0
 465.368803772443 234.755150771981 0 0
 467.520101456064 197.077030615423 0 0
 469.671350289101 164.475207155395 0 0
 471.822556228792 139.419017490103 0 0
 473.973725232375 118.170507075998 0 0
 476.124863257088 106.806815533534 0 0
 478.275976260169 102.445586450742 0 0
 480.427070198856 96.3619960250236 0 0
 482.578151030387 94.6274224015014 0 0
 484.729224712 95.9382746037816 0 0
 486.880297200933 94.5446443958803 0 0
 489.031374454424 97.2494647430828 0 0
 491.182462429711 103.53095945592 0 0
 493.333567084032 106.655153334208 0 0
 495.484694374625 112.616510718298 0 0
 497.635850258728 120.860895213673 0 0
 499.787040693579 124.937221077914 0 0
 501.938271636416 130.480929353437 0 0
 504.089549044477 -NAN 0 0
 506.240878875 -NAN 0 0
 508.392267085223 -NAN 0 0
 510.543719632384 -NAN 0 0
 512.695242473721 -NAN 0 0
 514.846841566472 -NAN 0 0
 516.998522867875 -NAN 0 0
 519.150292335168 -NAN 0 0
 521.302155925589 -NAN 0 0
 523.454119596376 -NAN 0 0
 525.606189304767 -NAN 0 0
 527.758371008 -NAN 0 0
 529.910670663313 -NAN 0 0
 532.063094227944 -NAN 0 0
 534.215647659131 -NAN 0 0
 536.368336914112 -NAN 0 0
 538.521167950125 -NAN 0 0
 540.674146724408 -NAN 0 0
 542.827279194199 -NAN 0 0
 544.980571316736 -NAN 0 0
 547.134029049257 -NAN 0 0
 549.287658349 -NAN 0 0
 551.441465173203 -NAN 0 0
 553.595455479104 -NAN 0 0
 555.749635223941 -NAN 0 0
 557.904010364952 -NAN 0 0
 560.058586859375 -NAN 0 0
 562.213370664448 -NAN 0 0
 564.368367737409 -NAN 0 0
 566.523584035496 -NAN 0 0
 568.679025515947 -NAN 0 0
 570.834698136 -NAN 0 0
 572.990607852893 -NAN 0 0
 575.146760623864 -NAN 0 0
 577.303162406151 -NAN 0 0
 579.459819156992 -NAN 0 0
 581.616736833625 -NAN 0 0
 583.773921393288 -NAN 0 0
 585.931378793219 -NAN 0 0
 588.089114990656 -NAN 0 0
 590.247135942837 -NAN 0 0
 592.405447607 -NAN 0 0
 594.564055940383 -NAN 0 0
 596.722966900224 -NAN 0 0
 598.882186443761 -NAN 0 0
 601.041720528232 -NAN 0 0
 603.201575110875 -NAN 0 0
 605.361756148928 -NAN 0 0
 607.522269599629 -NAN 0 0
 609.683121420216 -NAN 0 0
 611.844317567927 -NAN 0 0
 614.005864 -NAN 0 0
 616.167766673673 -NAN 0 0
 618.330031546184 -NAN 0 0
 620.492664574771 -NAN 0 0
 622.655671716672 -NAN 0 0
 624.819058929125 -NAN 0 0
 626.982832169368 -NAN 0 0
 629.146997394639 -NAN 0 0
 631.311560562176 -NAN 0 0
 633.476527629217 -NAN 0 0
 635.641904553 -NAN 0 0
 637.807697290763 -NAN 0 0
 639.973911799744 -NAN 0 0
 642.140554037181 -NAN 0 0
 644.307629960312 -NAN 0 0
 646.475145526375 -NAN 0 0
 648.643106692608 -NAN 0 0
 650.811519416249 -NAN 0 0
 652.980389654536 -NAN 0 0
 655.149723364707 -NAN 0 0
 657.319526504 -NAN 0 0
 659.489805029653 -NAN 0 0
 661.660564898904 -NAN 0 0
 663.831812068991 -NAN 0 0
 666.003552497152 -NAN 0 0
 668.175792140625 -NAN 0 0
 670.348536956648 -NAN 0 0
 672.521792902459 -NAN 0 0
 674.695565935296 -NAN 0 0
 676.869862012397 -NAN 0 0
 679.044687091 -NAN 0 0
 681.220047128343 -NAN 0 0
 683.395948081664 -NAN 0 0
 685.572395908201 -NAN 0 0
 687.749396565192 -NAN 0 0
 689.926956009875 -NAN 0 0
 692.105080199488 -NAN 0 0
 694.283775091269 -NAN 0 0
 696.463046642456 -NAN 0 0
 698.642900810287 -NAN 0 0
 700.823343552 -NAN 0 0
 703.004380824833 -NAN 0 0
 705.186018586024 -NAN 0 0
 707.368262792811 -NAN 0 0
 709.551119402432 -NAN 0 0
 711.734594372125 -NAN 0 0
 713.918693659128 -NAN 0 0
 716.103423220679 -NAN 0 0
 718.288789014016 -NAN 0 0
 720.474796996377 -NAN 0 0
 722.661453125 -NAN 0 0
 724.848763357123 -NAN 0 0
 727.036733649984 -NAN 0 0
 729.225369960821 -NAN 0 0
 731.414678246872 -NAN 0 0
 733.604664465375 -NAN 0 0
 735.795334573568 -NAN 0 0
[END] of [DATA]
[END] of Spectrum


[Spectrum]
Version            = 1
IDData             = 12ad_2026-06-11_13-12-15_000_588
IDDevice           = SAM_82E6
IDDataType         = SPECTRUM
IDDataTypeSub1     = CALIBRATED
IDDataTypeSub2     = 
IDDataTypeSub3     = 
DateTime           = 2026-06-11 13:12:15
PositionLatitude   = 0
PositionLongitude  = 0
Comment            = 20260611_FrameF
CommentSub1        = UV
CommentSub2        = left
CommentSub3        = 28cm
IDMethodType       = SAM Control
MethodName         = SAM_82E6
Mission            = No Mission
MissionSub         = 1
RecordType         = 0
[Attributes]
CalFactor = 1
IDBasisSpec = 
IDDataBack = DLAB_2024-11-11_10-40-48_641_639
IDDataCal = DLAB_2024-11-12_11-45-27_171_455
IntegrationTime = 128
P31 = -1
P31e = 0
PathLength = +INF
PathLengthCustomOn = 0
RAWDynamic = 65535
Salinity = 0
Temperature = -NAN
Unit1 = $01 $01 Wavelength nm
Unit2 = $03 $06 Intensity mW/(m^2 nm)
Unit3 = $f0 $06 Error mW/(m^2 nm)
Unit4 = $f1 $00 Status 
p999 = 8772
[END] of [Attributes]
[DATA]
 0 6 0 0
 185.260577530984 -NAN 0 0
 187.468128380571 -NAN 0 0
 189.674861895872 -NAN 0 0
 191.880784034125 -NAN 0 0
 194.085900752568 -NAN 0 0
 196.290218008439 -NAN 0 0
 198.493741758976 -NAN 0 0
 200.696477961417 -NAN 0 0
 202.898432573 -NAN 0 0
 205.099611550963 -NAN 0 0
 207.300020852544 -NAN 0 0
 209.499666434981 -NAN 0 0
 211.698554255512 -NAN 0 0
 213.896690271375 -NAN 0 0
 216.094080439808 -NAN 0 0
 218.290730718049 -NAN 0 0
 220.486647063336 -NAN 0 0
 222.681835432907 -NAN 0 0
 224.876301784 -NAN 0 0
 227.070052073853 -NAN 0 0
 229.263092259704 -NAN 0 0
 231.455428298791 -NAN 0 0
 233.647066148352 -NAN 0 0
 235.838011765625 -NAN 0 0
 238.028271107848 -NAN 0 0
 240.217850132259 -NAN 0 0
 242.406754796096 -NAN 0 0
 244.594991056597 -NAN 0 0
 246.782564871 -NAN 0 0
 248.969482196543 -NAN 0 0
 251.155748990464 -NAN 0 0
 253.341371210001 -NAN 0 0
 255.526354812392 -NAN 0 0
 257.710705754875 -NAN 0 0
 259.894429994688 -NAN 0 0
 262.077533489069 -NAN 0 0
 264.260022195256 -NAN 0 0
 266.441902070487 -NAN 0 0
 268.623179072 -NAN 0 0
 270.803859157033 -NAN 0 0
 272.983948282824 -NAN 0 0
 275.163452406611 -NAN 0 0
 277.342377485632 -NAN 0 0
 279.520729477125 2.88084001757061 0 0
 281.698514338328 4.22997248099368 0 0
 283.875738026479 9.42242453877717 0 0
 286.052406498816 10.0712936526631 0 0
 288.228525712577 13.7993407754712 0 0
 290.404101625 22.9664967722028 0 0
 292.579140193323 27.1980617158491 0 0
 294.753647374784 35.5150510759262 0 0
 296.927629126621 45.9455967438476 0 0
 299.101091406072 51.5462696344828 0 0
 301.274040170375 60.2320354944295 0 0
 303.446481376768 67.4746064776314 0 0
 305.618420982489 71.2051905942667 0 0
 307.789864944776 74.4232024163912 0 0
 309.960819220867 81.6826206413929 0 0
 312.131289768 84.5859452057061 0 0
 314.301282543413 81.1601604462444 0 0
 316.470803504344 76.9585771762006 0 0
 318.639858608031 69.666584733368 0 0
 320.808453811712 63.3596808420855 0 0
 322.976595072625 63.3106632115326 0 0
 325.144288348008 56.4926189865398 0 0
 327.311539595099 50.2866185167879 0 0
 329.478354771136 49.0865586467529 0 0
 331.644739833357 42.9757772773875 0 0
 333.810700739 37.7476940653768 0 0
 335.976243445303 36.8271071198049 0 0
 338.141373909504 30.5359102126942 0 0
 340.306098088841 25.6742758113144 0 0
 342.470421940552 25.5134051448469 0 0
 344.634351421875 21.1930502795167 0 0
 346.797892490048 17.2671595492926 0 0
 348.961051102309 17.5459998610311 0 0
 351.123833215896 14.6227726164012 0 0
 353.286244788047 11.7420650075779 0 0
 355.448291776 12.8251838978733 0 0
 357.609980136993 11.1353397555485 0 0
 359.771315828264 9.91193432309634 0 0
 361.932304807051 16.383223590988 0 0
 364.092953030592 20.8067620663066 0 0
 366.253266456125 18.708754760964 0 0
 368.413251040888 14.6045917039424 0 0
 370.572912742119 9.14727951352233 0 0
 372.732257517056 5.15641936314428 0 0
 374.891291322937 7.12422564657244 0 0
 377.050020117 5.64102914770492 0 0
 379.208449856483 2.75779616542063 0 0
 381.366586498624 5.32135982417407 0 0
 383.524436000661 4.01046247890261 0 0
 385.682004319832 1.40018607416011 0 0
 387.839297413375 4.310037995821 0 0
 389.996321238528 3.28570800464841 0 0
 392.153081752529 0.834021399304742 0 0
 394.309584912616 3.46618297827077 0 0
 396.465836676027 3.25984550922978 0 0
 398.621843 1.6870626513677 0 0
 400.777609841773 8.25490409476918 0 0
 402.933143158584 15.5042718701062 0 0
 405.088448907671 15.7117019322923 0 0
 407.243533046272 14.0935414465054 0 0
 409.398401531625 8.84659671140694 0 0
 411.553060320968 5.12664117832739 0 0
 413.707515371539 8.53976364843005 0 0
 415.861772640576 11.2842264523048 0 0
 418.015838085317 13.4096551713677 0 0
 420.169717663 21.0488586010485 0 0
 422.323417330863 29.3221514190208 0 0
 424.476943046144 38.5855710584833 0 0
 426.630300766081 55.3088945555962 0 0
 428.783496447912 76.6271923785389 0 0
 430.936536048875 106.616377523361 0 0
 433.089425526208 162.420170055725 0 0
 435.242170837149 224.190740551371 0 0
 437.394777938936 276.879199108515 0 0
 439.547252788807 335.249015142707 0 0
 441.699601344 425.969075836663 0 0
 443.851829561753 535.875320264742 0 0
 446.003943399304 640.159049290919 0 0
 448.155948813891 699.860456852207 0 0
 450.307851762752 689.185892446379 0 0
 452.459658203125 619.029324115744 0 0
 454.611374092248 518.712630300238 0 0
 456.763005387359 422.074633333264 0 0
 458.914558045696 353.030341629766 0 0
 461.066038024497 306.032518217898 0 0
 463.217451281 267.165633151065 0 0
 465.368803772443 233.38611106987 0 0
 467.520101456064 199.158024702062 0 0
 469.671350289101 163.597300472551 0 0
 471.822556228792 138.020972502385 0 0
 473.973725232375 120.369390077604 0 0
 476.124863257088 106.148074188382 0 0
 478.275976260169 100.804276179459 0 0
 480.427070198856 98.4460189695042 0 0
 482.578151030387 93.9030427456327 0 0
 484.729224712 94.4887482450374 0 0
 486.880297200933 96.5771482357961 0 0
 489.031374454424 96.7448272256768 0 0
 491.182462429711 101.941665865238 0 0
 493.333567084032 108.61795681867 0 0
 495.484694374625 112.356405376379 0 0
 497.635850258728 119.200935590877 0 0
 499.787040693579 126.736488184985 0 0
 501.938271636416 130.092411338161 0 0
 504.089549044477 -NAN 0 0
 506.240878875 -NAN 0 0
 508.392267085223 -NAN 0 0
 510.543719632384 -NAN 0 0
 512.695242473721 -NAN 0 0
 514.846841566472 -NAN 0 0
 516.998522867875 -NAN 0 0
 519.150292335168 -NAN 0 0
 521.302155925589 -NAN 0 0
 523.454119596376 -NAN 0 0
 525.606189304767 -NAN 0 0
 527.758371008 -NAN 0 0
 529.910670663313 -NAN 0 0
 532.063094227944 -NAN 0 0
 534.215647659131 -NAN 0 0
 536.368336914112 -NAN 0 0
 538.521167950125 -NAN 0 0
 540.674146724408 -NAN 0 0
 542.827279194199 -NAN 0 0
 544.980571316736 -NAN 0 0
 547.134029049257 -NAN 0 0
 549.287658349 -NAN 0 0
 551.441465173203 -NAN 0 0
 553.595455479104 -NAN 0 0
 555.749635223941 -NAN 0 0
 557.904010364952 -NAN 0 0
 560.058586859375 -NAN 0 0
 562.213370664448 -NAN 0 0
 564.368367737409 -NAN 0 0
 566.523584035496 -NAN 0 0
 568.679025515947 -NAN 0 0
 570.834698136 -NAN 0 0
 572.990607852893 -NAN 0 0
 575.146760623864 -NAN 0 0
 577.303162406151 -NAN 0 0
 579.459819156992 -NAN 0 0
 581.616736833625 -NAN 0 0
 583.773921393288 -NAN 0 0
 585.931378793219 -NAN 0 0
 588.089114990656 -NAN 0 0
 590.247135942837 -NAN 0 0
 592.405447607 -NAN 0 0
 594.564055940383 -NAN 0 0
 596.722966900224 -NAN 0 0
 598.882186443761 -NAN 0 0
 601.041720528232 -NAN 0 0
 603.201575110875 -NAN 0 0
 605.361756148928 -NAN 0 0
 607.522269599629 -NAN 0 0
 609.683121420216 -NAN 0 0
 611.844317567927 -NAN 0 0
 614.005864 -NAN 0 0
 616.167766673673 -NAN 0 0
 618.330031546184 -NAN 0 0
 620.492664574771 -NAN 0 0
 622.655671716672 -NAN 0 0
 624.819058929125 -NAN 0 0
 626.982832169368 -NAN 0 0
 629.146997394639 -NAN 0 0
 631.311560562176 -NAN 0 0
 633.476527629217 -NAN 0 0
 635.641904553 -NAN 0 0
 637.807697290763 -NAN 0 0
 639.973911799744 -NAN 0 0
 642.140554037181 -NAN 0 0
 644.307629960312 -NAN 0 0
 646.475145526375 -NAN 0 0
 648.643106692608 -NAN 0 0
 650.811519416249 -NAN 0 0
 652.980389654536 -NAN 0 0
 655.149723364707 -NAN 0 0
 657.319526504 -NAN 0 0
 659.489805029653 -NAN 0 0
 661.660564898904 -NAN 0 0
 663.831812068991 -NAN 0 0
 666.003552497152 -NAN 0 0
 668.175792140625 -NAN 0 0
 670.348536956648 -NAN 0 0
 672.521792902459 -NAN 0 0
 674.695565935296 -NAN 0 0
 676.869862012397 -NAN 0 0
 679.044687091 -NAN 0 0
 681.220047128343 -NAN 0 0
 683.395948081664 -NAN 0 0
 685.572395908201 -NAN 0 0
 687.749396565192 -NAN 0 0
 689.926956009875 -NAN 0 0
 692.105080199488 -NAN 0 0
 694.283775091269 -NAN 0 0
 696.463046642456 -NAN 0 0
 698.642900810287 -NAN 0 0
 700.823343552 -NAN 0 0
 703.004380824833 -NAN 0 0
 705.186018586024 -NAN 0 0
 707.368262792811 -NAN 0 0
 709.551119402432 -NAN 0 0
 711.734594372125 -NAN 0 0
 713.918693659128 -NAN 0 0
 716.103423220679 -NAN 0 0
 718.288789014016 -NAN 0 0
 720.474796996377 -NAN 0 0
 722.661453125 -NAN 0 0
 724.848763357123 -NAN 0 0
 727.036733649984 -NAN 0 0
 729.225369960821 -NAN 0 0
 731.414678246872 -NAN 0 0
 733.604664465375 -NAN 0 0
 735.795334573568 -NAN 0 0
[END] of [DATA]
[END] of Spectrum


[Spectrum]
Version            = 1
IDData             = 12ad_2026-06-11_13-12-20_000_591
IDDevice           = SAM_82E6
IDDataType         = SPECTRUM
IDDataTypeSub1     = CALIBRATED
IDDataTypeSub2     = 
IDDataTypeSub3     = 
DateTime           = 2026-06-11 13:12:20
PositionLatitude   = 0
PositionLongitude  = 0
Comment            = 20260611_FrameF
CommentSub1        = UV
CommentSub2        = left
CommentSub3        = 28cm
IDMethodType       = SAM Control
MethodName         = SAM_82E6
Mission            = No Mission
MissionSub         = 1
RecordType         = 0
[Attributes]
CalFactor = 1
IDBasisSpec = 
IDDataBack = DLAB_2024-11-11_10-40-48_641_639
IDDataCal = DLAB_2024-11-12_11-45-27_171_455
IntegrationTime = 128
P31 = -1
P31e = 0
PathLength = +INF
PathLengthCustomOn = 0
RAWDynamic = 65535
Salinity = 0
Temperature = -NAN
Unit1 = $01 $01 Wavelength nm
Unit2 = $03 $06 Intensity mW/(m^2 nm)
Unit3 = $f0 $06 Error mW/(m^2 nm)
Unit4 = $f1 $00 Status 
p999 = 8773
[END] of [Attributes]
[DATA]
 0 6 0 0
 185.260577530984 -NAN 0 0
 187.468128380571 -NAN 0 0
 189.674861895872 -NAN 0 0
 191.880784034125 -NAN 0 0
 194.085900752568 -NAN 0 0
 196.290218008439 -NAN 0 0
 198.493741758976 -NAN 0 0
 200.696477961417 -NAN 0 0
 202.898432573 -NAN 0 0
 205.099611550963 -NAN 0 0
 207.300020852544 -NAN 0 0
 209.499666434981 -NAN 0 0
 211.698554255512 -NAN 0 0
 213.896690271375 -NAN 0 0
 216.094080439808 -NAN 0 0
 218.290730718049 -NAN 0 0
 220.486647063336 -NAN 0 0
 222.681835432907 -NAN 0 0
 224.876301784 -NAN 0 0
 227.070052073853 -NAN 0 0
 229.263092259704 -NAN 0 0
 231.455428298791 -NAN 0 0
 233.647066148352 -NAN 0 0
 235.838011765625 -NAN 0 0
 238.028271107848 -NAN 0 0
 240.217850132259 -NAN 0 0
 242.406754796096 -NAN 0 0
 244.594991056597 -NAN 0 0
 246.782564871 -NAN 0 0
 248.969482196543 -NAN 0 0
 251.155748990464 -NAN 0 0
 253.341371210001 -NAN 0 0
 255.526354812392 -NAN 0 0
 257.710705754875 -NAN 0 0
 259.894429994688 -NAN 0 0
 262.077533489069 -NAN 0 0
 264.260022195256 -NAN 0 0
 266.441902070487 -NAN 0 0
 268.623179072 -NAN 0 0
 270.803859157033 -NAN 0 0
 272.983948282824 -NAN 0 0
 275.163452406611 -NAN 0 0
 277.342377485632 -NAN 0 0
 279.520729477125 4.32292032965725 0 0
 281.698514338328 5.24977634160476 0 0
 283.875738026479 5.44018355833638 0 0
 286.052406498816 11.7786962419262 0 0
 288.228525712577 15.561562436423 0 0
 290.404101625 18.996773014803 0 0
 292.579140193323 28.9318253176167 0 0
 294.753647374784 37.4449801076552 0 0
 296.927629126621 42.7765577250354 0 0
 299.101091406072 53.226600366008 0 0
 301.274040170375 62.118766959697 0 0
 303.446481376768 65.298968046346 0 0
 305.618420982489 72.8376878247199 0 0
 307.789864944776 76.5268016597724 0 0
 309.960819220867 79.4715044085033 0 0
 312.131289768 86.1725496957439 0 0
 314.301282543413 83.5950692854499 0 0
 316.470803504344 74.3708913090887 0 0
 318.639858608031 71.1099690103308 0 0
 320.808453811712 66.027211986114 0 0
 322.976595072625 60.1044769698538 0 0
 325.144288348008 57.5927157460597 0 0
 327.311539595099 53.2244681954502 0 0
 329.478354771136 45.7487471109723 0 0
 331.644739833357 43.8374068044783 0 0
 333.810700739 40.3676763680884 0 0
 335.976243445303 33.1987660224535 0 0
 338.141373909504 31.2015984122039 0 0
 340.306098088841 28.32098332873 0 0
 342.470421940552 22.2685905925376 0 0
 344.634351421875 21.3364107392097 0 0
 346.797892490048 19.8836406060859 0 0
 348.961051102309 14.8882733328571 0 0
 351.123833215896 14.5690407483432 0 0
 353.286244788047 13.750618649119 0 0
 355.448291776 10.4113810700822 0 0
 357.609980136993 11.0453905424822 0 0
 359.771315828264 12.0480789650014 0 0
 361.932304807051 13.938967031993 0 0
 364.092953030592 20.4477343991109 0 0
 366.253266456125 21.2592757140296 0 0
 368.413251040888 11.9714752928674 0 0
 370.572912742119 8.476579201014 0 0
 372.732257517056 7.95850409685742 0 0
 374.891291322937 4.1798420645284 0 0
 377.050020117 4.8299213614788 0 0
 379.208449856483 5.88975055607335 0 0
 381.366586498624 2.25174682434571 0 0
 383.524436000661 3.22594242563153 0 0
 385.682004319832 4.66022629834778 0 0
 387.839297413375 1.25810348439455 0 0
 389.996321238528 2.28278857690036 0 0
 392.153081752529 4.11436764265314 0 0
 394.309584912616 0.897091305633183 0 0
 396.465836676027 2.05963119272877 0 0
 398.621843 4.72820113656391 0 0
 400.777609841773 5.96862071345193 0 0
 402.933143158584 14.5765962061835 0 0
 405.088448907671 18.792653226291 0 0
 407.243533046272 12.1974869752003 0 0
 409.398401531625 7.45097423604326 0 0
 411.553060320968 8.05168760508543 0 0
 413.707515371539 6.9424256681062 0 0
 415.861772640576 10.0594965481044 0 0
 418.015838085317 15.8926719202421 0 0
 420.169717663 19.64117603365 0 0
 422.323417330863 28.1245855196135 0 0
 424.476943046144 40.8916627316711 0 0
 426.630300766081 54.1176932184483 0 0
 428.783496447912 75.6308036137075 0 0
 430.936536048875 108.742346190309 0 0
 433.089425526208 161.638088177618 0 0
 435.242170837149 223.663258588352 0 0
 437.394777938936 279.31547507086 0 0
 439.547252788807 334.380354934441 0 0
 441.699601344 424.819990193654 0 0
 443.851829561753 537.959548928894 0 0
 446.003943399304 639.517377863875 0 0
 448.155948813891 698.444305228954 0 0
 450.307851762752 691.35024451222 0 0
 452.459658203125 618.117835277397 0 0
 454.611374092248 517.280492767362 0 0
 456.763005387359 424.751519149394 0 0
 458.914558045696 352.389605702854 0 0
 461.066038024497 304.222973892673 0 0
 463.217451281 269.770553540923 0 0
 465.368803772443 232.822450930373 0 0
 467.520101456064 197.198056004919 0 0
 469.671350289101 166.136843108744 0 0
 471.822556228792 137.53564648632 0 0
 473.973725232375 118.136373188642 0 0
 476.124863257088 108.645755658404 0 0
 478.275976260169 100.450899966685 0 0
 480.427070198856 96.1670713776243 0 0
 482.578151030387 96.5817964807402 0 0
 484.729224712 94.1333516512975 0 0
 486.880297200933 94.1274050275321 0 0
 489.031374454424 99.2087115124353 0 0
 491.182462429711 101.847849518353 0 0
 493.333567084032 106.099600901567 0 0
 495.484694374625 114.594418148125 0 0
 497.635850258728 119.108776563571 0 0
 499.787040693579 124.375153951415 0 0
 501.938271636416 132.404147340415 0 0
 504.089549044477 -NAN 0 0
 506.240878875 -NAN 0 0
 508.392267085223 -NAN 0 0
 510.543719632384 -NAN 0 0
 512.695242473721 -NAN 0 0
 514.846841566472 -NAN 0 0
 516.998522867875 -NAN 0 0
 519.150292335168 -NAN 0 0
 521.302155925589 -NAN 0 0
 523.454119596376 -NAN 0 0
 525.606189304767 -NAN 0 0
 527.758371008 -NAN 0 0
 529.910670663313 -NAN 0 0
 532.063094227944 -NAN 0 0
 534.215647659131 -NAN 0 0
 536.368336914112 -NAN 0 0
 538.521167950125 -NAN 0 0
 540.674146724408 -NAN 0 0
 542.827279194199 -NAN 0 0
 544.980571316736 -NAN 0 0
 547.134029049257 -NAN 0 0
 549.287658349 -NAN 0 0
 551.441465173203 -NAN 0 0
 553.595455479104 -NAN 0 0
 555.749635223941 -NAN 0 0
 557.904010364952 -NAN 0 0
 560.058586859375 -NAN 0 0
 562.213370664448 -NAN 0 0
 564.368367737409 -NAN 0 0
 566.523584035496 -NAN 0 0
 568.679025515947 -NAN 0 0
 570.834698136 -NAN 0 0
 572.990607852893 -NAN 0 0
 575.146760623864 -NAN 0 0
 577.303162406151 -NAN 0 0
 579.459819156992 -NAN 0 0
 581.616736833625 -NAN 0 0
 583.773921393288 -NAN 0 0
 585.931378793219 -NAN 0 0
 588.089114990656 -NAN 0 0
 590.247135942837 -NAN 0 0
 592.405447607 -NAN 0 0
 594.564055940383 -NAN 0 0
 596.722966900224 -NAN 0 0
 598.882186443761 -NAN 0 0
 601.041720528232 -NAN 0 0
 603.201575110875 -NAN 0 0
 605.361756148928 -NAN 0 0
 607.522269599629 -NAN 0 0
 609.683121420216 -NAN 0 0
 611.844317567927 -NAN 0 0
 614.005864 -NAN 0 0
 616.167766673673 -NAN 0 0
 618.330031546184 -NAN 0 0
 620.492664574771 -NAN 0 0
 622.655671716672 -NAN 0 0
 624.819058929125 -NAN 0 0
 626.982832169368 -NAN 0 0
 629.146997394639 -NAN 0 0
 631.311560562176 -NAN 0 0
 633.476527629217 -NAN 0 0
 635.641904553 -NAN 0 0
 637.807697290763 -NAN 0 0
 639.973911799744 -NAN 0 0
 642.140554037181 -NAN 0 0
 644.307629960312 -NAN 0 0
 646.475145526375 -NAN 0 0
 648.643106692608 -NAN 0 0
 650.811519416249 -NAN 0 0
 652.980389654536 -NAN 0 0
 655.149723364707 -NAN 0 0
 657.319526504 -NAN 0 0
 659.489805029653 -NAN 0 0
 661.660564898904 -NAN 0 0
 663.831812068991 -NAN 0 0
 666.003552497152 -NAN 0 0
 668.175792140625 -NAN 0 0
 670.348536956648 -NAN 0 0
 672.521792902459 -NAN 0 0
 674.695565935296 -NAN 0 0
 676.869862012397 -NAN 0 0
 679.044687091 -NAN 0 0
 681.220047128343 -NAN 0 0
 683.395948081664 -NAN 0 0
 685.572395908201 -NAN 0 0
 687.749396565192 -NAN 0 0
 689.926956009875 -NAN 0 0
 692.105080199488 -NAN 0 0
 694.283775091269 -NAN 0 0
 696.463046642456 -NAN 0 0
 698.642900810287 -NAN 0 0
 700.823343552 -NAN 0 0
 703.004380824833 -NAN 0 0
 705.186018586024 -NAN 0 0
 707.368262792811 -NAN 0 0
 709.551119402432 -NAN 0 0
 711.734594372125 -NAN 0 0
 713.918693659128 -NAN 0 0
 716.103423220679 -NAN 0 0
 718.288789014016 -NAN 0 0
 720.474796996377 -NAN 0 0
 722.661453125 -NAN 0 0
 724.848763357123 -NAN 0 0
 727.036733649984 -NAN 0 0
 729.225369960821 -NAN 0 0
 731.414678246872 -NAN 0 0
 733.604664465375 -NAN 0 0
 735.795334573568 -NAN 0 0
[END] of [DATA]
[END] of Spectrum


[Spectrum]
Version            = 1
IDData             = 12ad_2026-06-11_13-12-25_000_594
IDDevice           = SAM_82E6
IDDataType         = SPECTRUM
IDDataTypeSub1     = CALIBRATED
IDDataTypeSub2     = 
IDDataTypeSub3     = 
DateTime           = 2026-06-11 13:12:25
PositionLatitude   = 0
PositionLongitude  = 0
Comment            = 20260611_FrameF
CommentSub1        = UV
CommentSub2        = left
CommentSub3        = 28cm
IDMethodType       = SAM Control
MethodName         = SAM_82E6
Mission            = No Mission
MissionSub         = 1
RecordType         = 0
[Attributes]
CalFactor = 1
IDBasisSpec = 
IDDataBack = DLAB_2024-11-11_10-40-48_641_639
IDDataCal = DLAB_2024-11-12_11-45-27_171_455
IntegrationTime = 128
P31 = -1
P31e = 0
PathLength = +INF
PathLengthCustomOn = 0
RAWDynamic = 65535
Salinity = 0
Temperature = -NAN
Unit1 = $01 $01 Wavelength nm
Unit2 = $03 $06 Intensity mW/(m^2 nm)
Unit3 = $f0 $06 Error mW/(m^2 nm)
Unit4 = $f1 $00 Status 
p999 = 8774
[END] of [Attributes]
[DATA]
 0 6 0 0
 185.260577530984 -NAN 0 0
 187.468128380571 -NAN 0 0
 189.674861895872 -NAN 0 0
 191.880784034125 -NAN 0 0
 194.085900752568 -NAN 0 0
 196.290218008439 -NAN 0 0
 198.493741758976 -NAN 0 0
 200.696477961417 -NAN 0 0
 202.898432573 -NAN 0 0
 205.099611550963 -NAN 0 0
 207.300020852544 -NAN 0 0
 209.499666434981 -NAN 0 0
 211.698554255512 -NAN 0 0
 213.896690271375 -NAN 0 0
 216.094080439808 -NAN 0 0
 218.290730718049 -NAN 0 0
 220.486647063336 -NAN 0 0
 222.681835432907 -NAN 0 0
 224.876301784 -NAN 0 0
 227.070052073853 -NAN 0 0
 229.263092259704 -NAN 0 0
 231.455428298791 -NAN 0 0
 233.647066148352 -NAN 0 0
 235.838011765625 -NAN 0 0
 238.028271107848 -NAN 0 0
 240.217850132259 -NAN 0 0
 242.406754796096 -NAN 0 0
 244.594991056597 -NAN 0 0
 246.782564871 -NAN 0 0
 248.969482196543 -NAN 0 0
 251.155748990464 -NAN 0 0
 253.341371210001 -NAN 0 0
 255.526354812392 -NAN 0 0
 257.710705754875 -NAN 0 0
 259.894429994688 -NAN 0 0
 262.077533489069 -NAN 0 0
 264.260022195256 -NAN 0 0
 266.441902070487 -NAN 0 0
 268.623179072 -NAN 0 0
 270.803859157033 -NAN 0 0
 272.983948282824 -NAN 0 0
 275.163452406611 -NAN 0 0
 277.342377485632 -NAN 0 0
 279.520729477125 3.96675887088628 0 0
 281.698514338328 3.06373524552563 0 0
 283.875738026479 8.34072361997659 0 0
 286.052406498816 11.4418617175137 0 0
 288.228525712577 12.9855668702512 0 0
 290.404101625 21.7217775281243 0 0
 292.579140193323 29.1122494973128 0 0
 294.753647374784 35.3535392846183 0 0
 296.927629126621 45.5672419250951 0 0
 299.101091406072 53.7438085486193 0 0
 301.274040170375 60.5754995250071 0 0
 303.446481376768 67.7978941160152 0 0
 305.618420982489 73.652861013576 0 0
 307.789864944776 75.3552850079707 0 0
 309.960819220867 82.177582144161 0 0
 312.131289768 87.1065083671845 0 0
 314.301282543413 82.2369157399905 0 0
 316.470803504344 77.1003012369112 0 0
 318.639858608031 72.1314013774506 0 0
 320.808453811712 64.1370452074112 0 0
 322.976595072625 62.6384890784087 0 0
 325.144288348008 58.8169704075726 0 0
 327.311539595099 50.7469402728258 0 0
 329.478354771136 48.2416936947371 0 0
 331.644739833357 44.9063011662645 0 0
 333.810700739 38.0526185593647 0 0
 335.976243445303 35.6351040349378 0 0
 338.141373909504 32.5947686525279 0 0
 340.306098088841 25.9294455617114 0 0
 342.470421940552 24.2275262544644 0 0
 344.634351421875 22.6744416963441 0 0
 346.797892490048 17.320310595691 0 0
 348.961051102309 16.4519140056557 0 0
 351.123833215896 15.8003960580049 0 0
 353.286244788047 11.88818128769 0 0
 355.448291776 11.749514188519 0 0
 357.609980136993 12.2040220726926 0 0
 359.771315828264 10.094786583481 0 0
 361.932304807051 15.2061153110048 0 0
 364.092953030592 21.9538441728184 0 0
 366.253266456125 18.9913674306718 0 0
 368.413251040888 13.1740772633031 0 0
 370.572912742119 10.1972897405953 0 0
 372.732257517056 5.3547046888074 0 0
 374.891291322937 5.3683512364585 0 0
 377.050020117 6.62042800522285 0 0
 379.208449856483 2.94532158470011 0 0
 381.366586498624 3.50107366221324 0 0
 383.524436000661 5.27535894160418 0 0
 385.682004319832 1.89801071572455 0 0
 387.839297413375 2.38309698582101 0 0
 389.996321238528 4.51056198363483 0 0
 392.153081752529 1.49453104898065 0 0
 394.309584912616 1.80800066726902 0 0
 396.465836676027 4.21303585007509 0 0
 398.621843 2.12757660297553 0 0
 400.777609841773 6.69690210909338 0 0
 402.933143158584 16.7234303246057 0 0
 405.088448907671 16.7386856969585 0 0
 407.243533046272 12.7986170268797 0 0
 409.398401531625 9.61888698102526 0 0
 411.553060320968 5.96930161197864 0 0
 413.707515371539 7.32638074704195 0 0
 415.861772640576 12.0088583122901 0 0
 418.015838085317 13.9129428100944 0 0
 420.169717663 19.9155227705758 0 0
 422.323417330863 29.7744431272067 0 0
 424.476943046144 39.1678636441689 0 0
 426.630300766081 54.4146303633606 0 0
 428.783496447912 77.1346594144344 0 0
 430.936536048875 107.290424953425 0 0
 433.089425526208 162.033177159519 0 0
 435.242170837149 225.678879059161 0 0
 437.394777938936 278.381889006549 0 0
 439.547252788807 334.585792264888 0 0
 441.699601344 426.404709163412 0 0
 443.851829561753 536.544951964068 0 0
 446.003943399304 639.334287616692 0 0
 448.155948813891 700.151759416594 0 0
 450.307851762752 689.647620887092 0 0
 452.459658203125 617.852910676007 0 0
 454.611374092248 519.07969875156 0 0
 456.763005387359 422.96107108711 0 0
 458.914558045696 352.086204267058 0 0
 461.066038024497 306.297428986231 0 0
 463.217451281 268.127417952105 0 0
 465.368803772443 232.311567957496 0 0
 467.520101456064 199.205149632485 0 0
 469.671350289101 164.560724575796 0 0
 471.822556228792 136.790168236419 0 0
 473.973725232375 120.417838175787 0 0
 476.124863257088 107.252988242939 0 0
 478.275976260169 99.6530253730621 0 0
 480.427070198856 98.2544358874889 0 0
 482.578151030387 95.1174111055481 0 0
 484.729224712 93.2102145870549 0 0
 486.880297200933 96.3847483125899 0 0
 489.031374454424 97.8010973286287 0 0
 491.182462429711 100.643873066663 0 0
 493.333567084032 108.486583698326 0 0
 495.484694374625 113.401254069024 0 0
 497.635850258728 118.024810861441 0 0
 499.787040693579 126.569063934539 0 0
 501.938271636416 131.340834877553 0 0
 504.089549044477 -NAN 0 0
 506.240878875 -NAN 0 0
 508.392267085223 -NAN 0 0
 510.543719632384 -NAN 0 0
 512.695242473721 -NAN 0 0
 514.846841566472 -NAN 0 0
 516.998522867875 -NAN 0 0
 519.150292335168 -NAN 0 0
 521.302155925589 -NAN 0 0
 523.454119596376 -NAN 0 0
 525.606189304767 -NAN 0 0
 527.758371008 -NAN 0 0
 529.910670663313 -NAN 0 0
 532.063094227944 -NAN 0 0
 534.215647659131 -NAN 0 0
 536.368336914112 -NAN 0 0
 538.521167950125 -NAN 0 0
 540.674146724408 -NAN 0 0
 542.827279194199 -NAN 0 0
 544.980571316736 -NAN 0 0
 547.134029049257 -NAN 0 0
 549.287658349 -NAN 0 0
 551.441465173203 -NAN 0 0
 553.595455479104 -NAN 0 0
 555.749635223941 -NAN 0 0
 557.904010364952 -NAN 0 0
 560.058586859375 -NAN 0 0
 562.213370664448 -NAN 0 0
 564.368367737409 -NAN 0 0
 566.523584035496 -NAN 0 0
 568.679025515947 -NAN 0 0
 570.834698136 -NAN 0 0
 572.990607852893 -NAN 0 0
 575.146760623864 -NAN 0 0
 577.303162406151 -NAN 0 0
 579.459819156992 -NAN 0 0
 581.616736833625 -NAN 0 0
 583.773921393288 -NAN 0 0
 585.931378793219 -NAN 0 0
 588.089114990656 -NAN 0 0
 590.247135942837 -NAN 0 0
 592.405447607 -NAN 0 0
 594.564055940383 -NAN 0 0
 596.722966900224 -NAN 0 0
 598.882186443761 -NAN 0 0
 601.041720528232 -NAN 0 0
 603.201575110875 -NAN 0 0
 605.361756148928 -NAN 0 0
 607.522269599629 -NAN 0 0
 609.683121420216 -NAN 0 0
 611.844317567927 -NAN 0 0
 614.005864 -NAN 0 0
 616.167766673673 -NAN 0 0
 618.330031546184 -NAN 0 0
 620.492664574771 -NAN 0 0
 622.655671716672 -NAN 0 0
 624.819058929125 -NAN 0 0
 626.982832169368 -NAN 0 0
 629.146997394639 -NAN 0 0
 631.311560562176 -NAN 0 0
 633.476527629217 -NAN 0 0
 635.641904553 -NAN 0 0
 637.807697290763 -NAN 0 0
 639.973911799744 -NAN 0 0
 642.140554037181 -NAN 0 0
 644.307629960312 -NAN 0 0
 646.475145526375 -NAN 0 0
 648.643106692608 -NAN 0 0
 650.811519416249 -NAN 0 0
 652.980389654536 -NAN 0 0
 655.149723364707 -NAN 0 0
 657.319526504 -NAN 0 0
 659.489805029653 -NAN 0 0
 661.660564898904 -NAN 0 0
 663.831812068991 -NAN 0 0
 666.003552497152 -NAN 0 0
 668.175792140625 -NAN 0 0
 670.348536956648 -NAN 0 0
 672.521792902459 -NAN 0 0
 674.695565935296 -NAN 0 0
 676.869862012397 -NAN 0 0
 679.044687091 -NAN 0 0
 681.220047128343 -NAN 0 0
 683.395948081664 -NAN 0 0
 685.572395908201 -NAN 0 0
 687.749396565192 -NAN 0 0
 689.926956009875 -NAN 0 0
 692.105080199488 -NAN 0 0
 694.283775091269 -NAN 0 0
 696.463046642456 -NAN 0 0
 698.642900810287 -NAN 0 0
 700.823343552 -NAN 0 0
 703.004380824833 -NAN 0 0
 705.186018586024 -NAN 0 0
 707.368262792811 -NAN 0 0
 709.551119402432 -NAN 0 0
 711.734594372125 -NAN 0 0
 713.918693659128 -NAN 0 0
 716.103423220679 -NAN 0 0
 718.288789014016 -NAN 0 0
 720.474796996377 -NAN 0 0
 722.661453125 -NAN 0 0
 724.848763357123 -NAN 0 0
 727.036733649984 -NAN 0 0
 729.225369960821 -NAN 0 0
 731.414678246872 -NAN 0 0
 733.604664465375 -NAN 0 0
 735.795334573568 -NAN 0 0
[END] of [DATA]
[END] of Spectrum


[Spectrum]
Version            = 1
IDData             = 12ad_2026-06-11_13-12-30_000_597
IDDevice           = SAM_82E6
IDDataType         = SPECTRUM
IDDataTypeSub1     = CALIBRATED
IDDataTypeSub2     = 
IDDataTypeSub3     = 
DateTime           = 2026-06-11 13:12:30
PositionLatitude   = 0
PositionLongitude  = 0
Comment            = 20260611_FrameF
CommentSub1        = UV
CommentSub2        = left
CommentSub3        = 28cm
IDMethodType       = SAM Control
MethodName         = SAM_82E6
Mission            = No Mission
MissionSub         = 1
RecordType         = 0
[Attributes]
CalFactor = 1
IDBasisSpec = 
IDDataBack = DLAB_2024-11-11_10-40-48_641_639
IDDataCal = DLAB_2024-11-12_11-45-27_171_455
IntegrationTime = 128
P31 = -1
P31e = 0
PathLength = +INF
PathLengthCustomOn = 0
RAWDynamic = 65535
Salinity = 0
Temperature = -NAN
Unit1 = $01 $01 Wavelength nm
Unit2 = $03 $06 Intensity mW/(m^2 nm)
Unit3 = $f0 $06 Error mW/(m^2 nm)
Unit4 = $f1 $00 Status 
p999 = 8775
[END] of [Attributes]
[DATA]
 0 6 0 0
 185.260577530984 -NAN 0 0
 187.468128380571 -NAN 0 0
 189.674861895872 -NAN 0 0
 191.880784034125 -NAN 0 0
 194.085900752568 -NAN 0 0
 196.290218008439 -NAN 0 0
 198.493741758976 -NAN 0 0
 200.696477961417 -NAN 0 0
 202.898432573 -NAN 0 0
 205.099611550963 -NAN 0 0
 207.300020852544 -NAN 0 0
 209.499666434981 -NAN 0 0
 211.698554255512 -NAN 0 0
 213.896690271375 -NAN 0 0
 216.094080439808 -NAN 0 0
 218.290730718049 -NAN 0 0
 220.486647063336 -NAN 0 0
 222.681835432907 -NAN 0 0
 224.876301784 -NAN 0 0
 227.070052073853 -NAN 0 0
 229.263092259704 -NAN 0 0
 231.455428298791 -NAN 0 0
 233.647066148352 -NAN 0 0
 235.838011765625 -NAN 0 0
 238.028271107848 -NAN 0 0
 240.217850132259 -NAN 0 0
 242.406754796096 -NAN 0 0
 244.594991056597 -NAN 0 0
 246.782564871 -NAN 0 0
 248.969482196543 -NAN 0 0
 251.155748990464 -NAN 0 0
 253.341371210001 -NAN 0 0
 255.526354812392 -NAN 0 0
 257.710705754875 -NAN 0 0
 259.894429994688 -NAN 0 0
 262.077533489069 -NAN 0 0
 264.260022195256 -NAN 0 0
 266.441902070487 -NAN 0 0
 268.623179072 -NAN 0 0
 270.803859157033 -NAN 0 0
 272.983948282824 -NAN 0 0
 275.163452406611 -NAN 0 0
 277.342377485632 -NAN 0 0
 279.520729477125 4.44620698846259 0 0
 281.698514338328 3.37882848963751 0 0
 283.875738026479 7.51179615348058 0 0
 286.052406498816 12.288303647395 0 0
 288.228525712577 13.4340021384446 0 0
 290.404101625 21.5225642846211 0 0
 292.579140193323 30.0355138543516 0 0
 294.753647374784 36.0529674656209 0 0
 296.927629126621 45.439007573773 0 0
 299.101091406072 54.6959959631502 0 0
 301.274040170375 61.5235066634595 0 0
 303.446481376768 67.9234957322792 0 0
 305.618420982489 74.6669880809787 0 0
 307.789864944776 76.4402205933527 0 0
 309.960819220867 82.3213155063185 0 0
 312.131289768 88.5322019053958 0 0
 314.301282543413 83.3334386795181 0 0
 316.470803504344 77.1968202092917 0 0
 318.639858608031 73.2287336307922 0 0
 320.808453811712 65.2964362385733 0 0
 322.976595072625 62.5977086393698 0 0
 325.144288348008 59.8925243260009 0 0
 327.311539595099 51.8918806915061 0 0
 329.478354771136 48.0914624268611 0 0
 331.644739833357 45.9293011717968 0 0
 333.810700739 38.8622967060219 0 0
 335.976243445303 35.3574545359017 0 0
 338.141373909504 33.2365819588062 0 0
 340.306098088841 26.6230186598649 0 0
 342.470421940552 24.0245616638236 0 0
 344.634351421875 23.3396845312352 0 0
 346.797892490048 18.2419980593721 0 0
 348.961051102309 16.1061088568637 0 0
 351.123833215896 16.3119682184735 0 0
 353.286244788047 12.5042685881627 0 0
 355.448291776 11.5053371644955 0 0
 357.609980136993 12.5584648051322 0 0
 359.771315828264 10.7025014488769 0 0
 361.932304807051 14.8975636070166 0 0
 364.092953030592 22.4901276379691 0 0
 366.253266456125 19.7562901524017 0 0
 368.413251040888 12.8552422650928 0 0
 370.572912742119 10.4773762006877 0 0
 372.732257517056 6.20915790136891 0 0
 374.891291322937 4.94215507412611 0 0
 377.050020117 6.80389286163114 0 0
 379.208449856483 3.83676704799134 0 0
 381.366586498624 3.05306844999152 0 0
 383.524436000661 5.31088974111827 0 0
 385.682004319832 2.52242505185822 0 0
 387.839297413375 1.7299206581666 0 0
 389.996321238528 4.59624557620154 0 0
 392.153081752529 2.25356209598216 0 0
 394.309584912616 1.30209142600121 0 0
 396.465836676027 4.22243350132286 0 0
 398.621843 2.92501300332585 0 0
 400.777609841773 6.21441568448092 0 0
 402.933143158584 17.028853596471 0 0
 405.088448907671 17.5875442871312 0 0
 407.243533046272 12.4647878875084 0 0
 409.398401531625 9.56503291177888 0 0
 411.553060320968 6.53291349888414 0 0
 413.707515371539 6.97106320161798 0 0
 415.861772640576 11.7955511873085 0 0
 418.015838085317 14.6098782316906 0 0
 420.169717663 19.5645481519569 0 0
 422.323417330863 29.6490100016571 0 0
 424.476943046144 39.6534033459525 0 0
 426.630300766081 54.0011626528578 0 0
 428.783496447912 76.9584789983178 0 0
 430.936536048875 107.874654327404 0 0
 433.089425526208 162.024271465255 0 0
 435.242170837149 225.986576870922 0 0
 437.394777938936 279.351443712036 0 0
 439.547252788807 334.489544066765 0 0
 441.699601344 426.321692246427 0 0
 443.851829561753 536.987745925247 0 0
 446.003943399304 639.109274836275 0 0
 448.155948813891 699.968379187809 0 0
 450.307851762752 690.108447514444 0 0
 452.459658203125 617.675985505149 0 0
 454.611374092248 519.017886706648 0 0
 456.763005387359 423.407218723132 0 0
 458.914558045696 351.715934751662 0 0
 461.066038024497 305.864401768764 0 0
 463.217451281 268.620774086548 0 0
 465.368803772443 232.033960061077 0 0
 467.520101456064 199.039141354858 0 0
 469.671350289101 165.07491159719 0 0
 471.822556228792 136.423987571145 0 0
 473.973725232375 119.989512944127 0 0
 476.124863257088 107.699160952345 0 0
 478.275976260169 99.440777396207 0 0
 480.427070198856 97.9815413811299 0 0
 482.578151030387 95.6274904626082 0 0
 484.729224712 92.9364027459659 0 0
 486.880297200933 96.1106902824417 0 0
 489.031374454424 98.3527299141745 0 0
 491.182462429711 100.470759569435 0 0
 493.333567084032 108.113617636333 0 0
 495.484694374625 113.807461134915 0 0
 497.635850258728 117.874503876429 0 0
 499.787040693579 126.165723694827 0 0
 501.938271636416 131.600205630134 0 0
 504.089549044477 -NAN 0 0
 506.240878875 -NAN 0 0
 508.392267085223 -NAN 0 0
 510.543719632384 -NAN 0 0
 512.695242473721 -NAN 0 0
 514.846841566472 -NAN 0 0
 516.998522867875 -NAN 0 0
 519.150292335168 -NAN 0 0
 521.302155925589 -NAN 0 0
 523.454119596376 -NAN 0 0
 525.606189304767 -NAN 0 0
 527.758371008 -NAN 0 0
 529.910670663313 -NAN 0 0
 532.063094227944 -NAN 0 0
 534.215647659131 -NAN 0 0
 536.368336914112 -NAN 0 0
 538.521167950125 -NAN 0 0
 540.674146724408 -NAN 0 0
 542.827279194199 -NAN 0 0
 544.980571316736 -NAN 0 0
 547.134029049257 -NAN 0 0
 549.287658349 -NAN 0 0
 551.441465173203 -NAN 0 0
 553.595455479104 -NAN 0 0
 555.749635223941 -NAN 0 0
 557.904010364952 -NAN 0 0
 560.058586859375 -NAN 0 0
 562.213370664448 -NAN 0 0
 564.368367737409 -NAN 0 0
 566.523584035496 -NAN 0 0
 568.679025515947 -NAN 0 0
 570.834698136 -NAN 0 0
 572.990607852893 -NAN 0 0
 575.146760623864 -NAN 0 0
 577.303162406151 -NAN 0 0
 579.459819156992 -NAN 0 0
 581.616736833625 -NAN 0 0
 583.773921393288 -NAN 0 0
 585.931378793219 -NAN 0 0
 588.089114990656 -NAN 0 0
 590.247135942837 -NAN 0 0
 592.405447607 -NAN 0 0
 594.564055940383 -NAN 0 0
 596.722966900224 -NAN 0 0
 598.882186443761 -NAN 0 0
 601.041720528232 -NAN 0 0
 603.201575110875 -NAN 0 0
 605.361756148928 -NAN 0 0
 607.522269599629 -NAN 0 0
 609.683121420216 -NAN 0 0
 611.844317567927 -NAN 0 0
 614.005864 -NAN 0 0
 616.167766673673 -NAN 0 0
 618.330031546184 -NAN 0 0
 620.492664574771 -NAN 0 0
 622.655671716672 -NAN 0 0
 624.819058929125 -NAN 0 0
 626.982832169368 -NAN 0 0
 629.146997394639 -NAN 0 0
 631.311560562176 -NAN 0 0
 633.476527629217 -NAN 0 0
 635.641904553 -NAN 0 0
 637.807697290763 -NAN 0 0
 639.973911799744 -NAN 0 0
 642.140554037181 -NAN 0 0
 644.307629960312 -NAN 0 0
 646.475145526375 -NAN 0 0
 648.643106692608 -NAN 0 0
 650.811519416249 -NAN 0 0
 652.980389654536 -NAN 0 0
 655.149723364707 -NAN 0 0
 657.319526504 -NAN 0 0
 659.489805029653 -NAN 0 0
 661.660564898904 -NAN 0 0
 663.831812068991 -NAN 0 0
 666.003552497152 -NAN 0 0
 668.175792140625 -NAN 0 0
 670.348536956648 -NAN 0 0
 672.521792902459 -NAN 0 0
 674.695565935296 -NAN 0 0
 676.869862012397 -NAN 0 0
 679.044687091 -NAN 0 0
 681.220047128343 -NAN 0 0
 683.395948081664 -NAN 0 0
 685.572395908201 -NAN 0 0
 687.749396565192 -NAN 0 0
 689.926956009875 -NAN 0 0
 692.105080199488 -NAN 0 0
 694.283775091269 -NAN 0 0
 696.463046642456 -NAN 0 0
 698.642900810287 -NAN 0 0
 700.823343552 -NAN 0 0
 703.004380824833 -NAN 0 0
 705.186018586024 -NAN 0 0
 707.368262792811 -NAN 0 0
 709.551119402432 -NAN 0 0
 711.734594372125 -NAN 0 0
 713.918693659128 -NAN 0 0
 716.103423220679 -NAN 0 0
 718.288789014016 -NAN 0 0
 720.474796996377 -NAN 0 0
 722.661453125 -NAN 0 0
 724.848763357123 -NAN 0 0
 727.036733649984 -NAN 0 0
 729.225369960821 -NAN 0 0
 731.414678246872 -NAN 0 0
 733.604664465375 -NAN 0 0
 735.795334573568 -NAN 0 0
[END] of [DATA]
[END] of Spectrum


[Spectrum]
Version            = 1
IDData             = 12ad_2026-06-11_13-12-35_000_600
IDDevice           = SAM_82E6
IDDataType         = SPECTRUM
IDDataTypeSub1     = CALIBRATED
IDDataTypeSub2     = 
IDDataTypeSub3     = 
DateTime           = 2026-06-11 13:12:35
PositionLatitude   = 0
PositionLongitude  = 0
Comment            = 20260611_FrameF
CommentSub1        = UV
CommentSub2        = left
CommentSub3        = 28cm
IDMethodType       = SAM Control
MethodName         = SAM_82E6
Mission            = No Mission
MissionSub         = 1
RecordType         = 0
[Attributes]
CalFactor = 1
IDBasisSpec = 
IDDataBack = DLAB_2024-11-11_10-40-48_641_639
IDDataCal = DLAB_2024-11-12_11-45-27_171_455
IntegrationTime = 128
P31 = -1
P31e = 0
PathLength = +INF
PathLengthCustomOn = 0
RAWDynamic = 65535
Salinity = 0
Temperature = -NAN
Unit1 = $01 $01 Wavelength nm
Unit2 = $03 $06 Intensity mW/(m^2 nm)
Unit3 = $f0 $06 Error mW/(m^2 nm)
Unit4 = $f1 $00 Status 
p999 = 8776
[END] of [Attributes]
[DATA]
 0 6 0 0
 185.260577530984 -NAN 0 0
 187.468128380571 -NAN 0 0
 189.674861895872 -NAN 0 0
 191.880784034125 -NAN 0 0
 194.085900752568 -NAN 0 0
 196.290218008439 -NAN 0 0
 198.493741758976 -NAN 0 0
 200.696477961417 -NAN 0 0
 202.898432573 -NAN 0 0
 205.099611550963 -NAN 0 0
 207.300020852544 -NAN 0 0
 209.499666434981 -NAN 0 0
 211.698554255512 -NAN 0 0
 213.896690271375 -NAN 0 0
 216.094080439808 -NAN 0 0
 218.290730718049 -NAN 0 0
 220.486647063336 -NAN 0 0
 222.681835432907 -NAN 0 0
 224.876301784 -NAN 0 0
 227.070052073853 -NAN 0 0
 229.263092259704 -NAN 0 0
 231.455428298791 -NAN 0 0
 233.647066148352 -NAN 0 0
 235.838011765625 -NAN 0 0
 238.028271107848 -NAN 0 0
 240.217850132259 -NAN 0 0
 242.406754796096 -NAN 0 0
 244.594991056597 -NAN 0 0
 246.782564871 -NAN 0 0
 248.969482196543 -NAN 0 0
 251.155748990464 -NAN 0 0
 253.341371210001 -NAN 0 0
 255.526354812392 -NAN 0 0
 257.710705754875 -NAN 0 0
 259.894429994688 -NAN 0 0
 262.077533489069 -NAN 0 0
 264.260022195256 -NAN 0 0
 266.441902070487 -NAN 0 0
 268.623179072 -NAN 0 0
 270.803859157033 -NAN 0 0
 272.983948282824 -NAN 0 0
 275.163452406611 -NAN 0 0
 277.342377485632 -NAN 0 0
 279.520729477125 2.93438876836485 0 0
 281.698514338328 4.09792095545302 0 0
 283.875738026479 9.68649512861491 0 0
 286.052406498816 10.6302647384338 0 0
 288.228525712577 14.2477760436647 0 0
 290.404101625 23.683373626561 0 0
 292.579140193323 28.4257918761252 0 0
 294.753647374784 37.0028757975499 0 0
 296.927629126621 47.577093193837 0 0
 299.101091406072 54.1072843451548 0 0
 301.274040170375 62.6211991395623 0 0
 303.446481376768 70.3918405388581 0 0
 305.618420982489 74.3099465259652 0 0
 307.789864944776 77.470642173952 0 0
 309.960819220867 84.8998704093854 0 0
 312.131289768 88.0573458097958 0 0
 314.301282543413 84.4753109240739 0 0
 316.470803504344 79.9799875394527 0 0
 318.639858608031 72.732168273477 0 0
 320.808453811712 66.1243825317797 0 0
 322.976595072625 65.6745224537528 0 0
 325.144288348008 58.9194728615436 0 0
 327.311539595099 52.4342980473469 0 0
 329.478354771136 50.9711429675345 0 0
 331.644739833357 44.7182823519337 0 0
 333.810700739 39.276757183287 0 0
 335.976243445303 38.1194129032766 0 0
 338.141373909504 32.0372196753015 0 0
 340.306098088841 26.734316104187 0 0
 342.470421940552 26.4182343844134 0 0
 344.634351421875 22.4015538037706 0 0
 346.797892490048 18.1888470129737 0 0
 348.961051102309 18.2410797754926 0 0
 351.123833215896 15.4164370841741 0 0
 353.286244788047 12.2207593879452 0 0
 355.448291776 13.3942131741217 0 0
 357.609980136993 11.6825308017014 0 0
 359.771315828264 10.2679584300805 0 0
 361.932304807051 16.7862074890792 0 0
 364.092953030592 21.5665910600885 0 0
 366.253266456125 19.3685735972653 0 0
 368.413251040888 14.9622203141022 0 0
 370.572912742119 9.40475809791223 0 0
 372.732257517056 5.18903208118097 0 0
 374.891291322937 7.13363691829586 0 0
 377.050020117 5.97347298525678 0 0
 379.208449856483 2.91873215957839 0 0
 381.366586498624 5.10230364785115 0 0
 383.524436000661 4.40414373751872 0 0
 385.682004319832 1.4613473872666 0 0
 387.839297413375 4.11592702643129 0 0
 389.996321238528 3.59894474468737 0 0
 392.153081752529 0.968621054805923 0 0
 394.309584912616 3.40209205013173 0 0
 396.465836676027 3.4867316607831 0 0
 398.621843 1.69635059613052 0 0
 400.777609841773 8.31082570193451 0 0
 402.933143158584 16.3571758616636 0 0
 405.088448907671 16.560560522465 0 0
 407.243533046272 14.5723070805505 0 0
 409.398401531625 8.97836730637149 0 0
 411.553060320968 5.55128027120138 0 0
 413.707515371539 8.6426466391946 0 0
 415.861772640576 11.2729997615163 0 0
 418.015838085317 13.4873108812493 0 0
 420.169717663 20.8341113276618 0 0
 422.323417330863 29.2955998814957 0 0
 424.476943046144 38.639717167823 0 0
 426.630300766081 55.0663383412929 0 0
 428.783496447912 76.8000009206628 0 0
 430.936536048875 106.903960106604 0 0
 433.089425526208 163.445944113242 0 0
 435.242170837149 226.311058199688 0 0
 437.394777938936 278.59690155047 0 0
 439.547252788807 335.647757677787 0 0
 441.699601344 426.152370613767 0 0
 443.851829561753 535.97157982152 0 0
 446.003943399304 640.319039366728 0 0
 448.155948813891 699.945566336381 0 0
 450.307851762752 689.029878734967 0 0
 452.459658203125 618.802378215952 0 0
 454.611374092248 518.890458798676 0 0
 456.763005387359 422.327482868778 0 0
 458.914558045696 352.821753142656 0 0
 461.066038024497 306.039650430892 0 0
 463.217451281 267.303772868709 0 0
 465.368803772443 233.317500753265 0 0
 467.520101456064 199.03057318569 0 0
 469.671350289101 163.643847929225 0 0
 471.822556228792 137.73349335323 0 0
 473.973725232375 120.297819023471 0 0
 476.124863257088 106.175752396161 0 0
 478.275976260169 100.732045192572 0 0
 480.427070198856 98.3936677784884 0 0
 482.578151030387 94.1519436135198 0 0
 484.729224712 94.3356371338979 0 0
 486.880297200933 96.6252482165976 0 0
 489.031374454424 96.9943486588953 0 0
 491.182462429711 101.728345362202 0 0
 493.333567084032 108.665830074389 0 0
 495.484694374625 112.204769496197 0 0
 497.635850258728 119.129622057842 0 0
 499.787040693579 126.685391173485 0 0
 501.938271636416 130.332410001337 0 0
 504.089549044477 -NAN 0 0
 506.240878875 -NAN 0 0
 508.392267085223 -NAN 0 0
 510.543719632384 -NAN 0 0
 512.695242473721 -NAN 0 0
 514.846841566472 -NAN 0 0
 516.998522867875 -NAN 0 0
 519.150292335168 -NAN 0 0
 521.302155925589 -NAN 0 0
 523.454119596376 -NAN 0 0
 525.606189304767 -NAN 0 0
 527.758371008 -NAN 0 0
 529.910670663313 -NAN 0 0
 532.063094227944 -NAN 0 0
 534.215647659131 -NAN 0 0
 536.368336914112 -NAN 0 0
 538.521167950125 -NAN 0 0
 540.674146724408 -NAN 0 0
 542.827279194199 -NAN 0 0
 544.980571316736 -NAN 0 0
 547.134029049257 -NAN 0 0
 549.287658349 -NAN 0 0
 551.441465173203 -NAN 0 0
 553.595455479104 -NAN 0 0
 555.749635223941 -NAN 0 0
 557.904010364952 -NAN 0 0
 560.058586859375 -NAN 0 0
 562.213370664448 -NAN 0 0
 564.368367737409 -NAN 0 0
 566.523584035496 -NAN 0 0
 568.679025515947 -NAN 0 0
 570.834698136 -NAN 0 0
 572.990607852893 -NAN 0 0
 575.146760623864 -NAN 0 0
 577.303162406151 -NAN 0 0
 579.459819156992 -NAN 0 0
 581.616736833625 -NAN 0 0
 583.773921393288 -NAN 0 0
 585.931378793219 -NAN 0 0
 588.089114990656 -NAN 0 0
 590.247135942837 -NAN 0 0
 592.405447607 -NAN 0 0
 594.564055940383 -NAN 0 0
 596.722966900224 -NAN 0 0
 598.882186443761 -NAN 0 0
 601.041720528232 -NAN 0 0
 603.201575110875 -NAN 0 0
 605.361756148928 -NAN 0 0
 607.522269599629 -NAN 0 0
 609.683121420216 -NAN 0 0
 611.844317567927 -NAN 0 0
 614.005864 -NAN 0 0
 616.167766673673 -NAN 0 0
 618.330031546184 -NAN 0 0
 620.492664574771 -NAN 0 0
 622.655671716672 -NAN 0 0
 624.819058929125 -NAN 0 0
 626.982832169368 -NAN 0 0
 629.146997394639 -NAN 0 0
 631.311560562176 -NAN 0 0
 633.476527629217 -NAN 0 0
 635.641904553 -NAN 0 0
 637.807697290763 -NAN 0 0
 639.973911799744 -NAN 0 0
 642.140554037181 -NAN 0 0
 644.307629960312 -NAN 0 0
 646.475145526375 -NAN 0 0
 648.643106692608 -NAN 0 0
 650.811519416249 -NAN 0 0
 652.980389654536 -NAN 0 0
 655.149723364707 -NAN 0 0
 657.319526504 -NAN 0 0
 659.489805029653 -NAN 0 0
 661.660564898904 -NAN 0 0
 663.831812068991 -NAN 0 0
 666.003552497152 -NAN 0 0
 668.175792140625 -NAN 0 0
 670.348536956648 -NAN 0 0
 672.521792902459 -NAN 0 0
 674.695565935296 -NAN 0 0
 676.869862012397 -NAN 0 0
 679.044687091 -NAN 0 0
 681.220047128343 -NAN 0 0
 683.395948081664 -NAN 0 0
 685.572395908201 -NAN 0 0
 687.749396565192 -NAN 0 0
 689.926956009875 -NAN 0 0
 692.105080199488 -NAN 0 0
 694.283775091269 -NAN 0 0
 696.463046642456 -NAN 0 0
 698.642900810287 -NAN 0 0
 700.823343552 -NAN 0 0
 703.004380824833 -NAN 0 0
 705.186018586024 -NAN 0 0
 707.368262792811 -NAN 0 0
 709.551119402432 -NAN 0 0
 711.734594372125 -NAN 0 0
 713.918693659128 -NAN 0 0
 716.103423220679 -NAN 0 0
 718.288789014016 -NAN 0 0
 720.474796996377 -NAN 0 0
 722.661453125 -NAN 0 0
 724.848763357123 -NAN 0 0
 727.036733649984 -NAN 0 0
 729.225369960821 -NAN 0 0
 731.414678246872 -NAN 0 0
 733.604664465375 -NAN 0 0
 735.795334573568 -NAN 0 0
[END] of [DATA]
[END] of Spectrum


[Spectrum]
Version            = 1
IDData             = 12ad_2026-06-11_13-12-40_000_603
IDDevice           = SAM_82E6
IDDataType         = SPECTRUM
IDDataTypeSub1     = CALIBRATED
IDDataTypeSub2     = 
IDDataTypeSub3     = 
DateTime           = 2026-06-11 13:12:40
PositionLatitude   = 0
PositionLongitude  = 0
Comment            = 20260611_FrameF
CommentSub1        = UV
CommentSub2        = left
CommentSub3        = 28cm
IDMethodType       = SAM Control
MethodName         = SAM_82E6
Mission            = No Mission
MissionSub         = 1
RecordType         = 0
[Attributes]
CalFactor = 1
IDBasisSpec = 
IDDataBack = DLAB_2024-11-11_10-40-48_641_639
IDDataCal = DLAB_2024-11-12_11-45-27_171_455
IntegrationTime = 128
P31 = -1
P31e = 0
PathLength = +INF
PathLengthCustomOn = 0
RAWDynamic = 65535
Salinity = 0
Temperature = -NAN
Unit1 = $01 $01 Wavelength nm
Unit2 = $03 $06 Intensity mW/(m^2 nm)
Unit3 = $f0 $06 Error mW/(m^2 nm)
Unit4 = $f1 $00 Status 
p999 = 8777
[END] of [Attributes]
[DATA]
 0 6 0 0
 185.260577530984 -NAN 0 0
 187.468128380571 -NAN 0 0
 189.674861895872 -NAN 0 0
 191.880784034125 -NAN 0 0
 194.085900752568 -NAN 0 0
 196.290218008439 -NAN 0 0
 198.493741758976 -NAN 0 0
 200.696477961417 -NAN 0 0
 202.898432573 -NAN 0 0
 205.099611550963 -NAN 0 0
 207.300020852544 -NAN 0 0
 209.499666434981 -NAN 0 0
 211.698554255512 -NAN 0 0
 213.896690271375 -NAN 0 0
 216.094080439808 -NAN 0 0
 218.290730718049 -NAN 0 0
 220.486647063336 -NAN 0 0
 222.681835432907 -NAN 0 0
 224.876301784 -NAN 0 0
 227.070052073853 -NAN 0 0
 229.263092259704 -NAN 0 0
 231.455428298791 -NAN 0 0
 233.647066148352 -NAN 0 0
 235.838011765625 -NAN 0 0
 238.028271107848 -NAN 0 0
 240.217850132259 -NAN 0 0
 242.406754796096 -NAN 0 0
 244.594991056597 -NAN 0 0
 246.782564871 -NAN 0 0
 248.969482196543 -NAN 0 0
 251.155748990464 -NAN 0 0
 253.341371210001 -NAN 0 0
 255.526354812392 -NAN 0 0
 257.710705754875 -NAN 0 0
 259.894429994688 -NAN 0 0
 262.077533489069 -NAN 0 0
 264.260022195256 -NAN 0 0
 266.441902070487 -NAN 0 0
 268.623179072 -NAN 0 0
 270.803859157033 -NAN 0 0
 272.983948282824 -NAN 0 0
 275.163452406611 -NAN 0 0
 277.342377485632 -NAN 0 0
 279.520729477125 2.80861146998769 0 0
 281.698514338328 6.83700952978663 0 0
 283.875738026479 6.95117570339725 0 0
 286.052406498816 10.3006895787716 0 0
 288.228525712577 17.5587469855018 0 0
 290.404101625 21.1808481370061 0 0
 292.579140193323 28.3341702223732 0 0
 294.753647374784 40.239955343677 0 0
 296.927629126621 45.8033962750547 0 0
 299.101091406072 53.6008016778512 0 0
 301.274040170375 65.6369525702082 0 0
 303.446481376768 69.1216259326407 0 0
 305.618420982489 74.2594014865507 0 0
 307.789864944776 80.4988416945307 0 0
 309.960819220867 83.9153509137048 0 0
 312.131289768 88.0449680442707 0 0
 314.301282543413 87.853252747327 0 0
 316.470803504344 78.778998300845 0 0
 318.639858608031 72.2317435999132 0 0
 320.808453811712 69.7516392021778 0 0
 322.976595072625 64.2162702026033 0 0
 325.144288348008 58.3318883718788 0 0
 327.311539595099 56.2180256025502 0 0
 329.478354771136 49.642860569383 0 0
 331.644739833357 43.9558438528757 0 0
 333.810700739 42.9639752149563 0 0
 335.976243445303 36.7166287851099 0 0
 338.141373909504 30.9600406689219 0 0
 340.306098088841 30.1153152969471 0 0
 342.470421940552 25.2488964525279 0 0
 344.634351421875 21.0069331914942 0 0
 346.797892490048 21.0239721469967 0 0
 348.961051102309 17.3748320950739 0 0
 351.123833215896 14.1145586976862 0 0
 353.286244788047 14.9173680500142 0 0
 355.448291776 12.4336401236683 0 0
 357.609980136993 10.3986128675773 0 0
 359.771315828264 13.0828076384721 0 0
 361.932304807051 15.9440040835316 0 0
 364.092953030592 19.9690308428501 0 0
 366.253266456125 22.1304701421371 0 0
 368.413251040888 14.1633143680164 0 0
 370.572912742119 7.62752786907463 0 0
 372.732257517056 8.36811983539835 0 0
 374.891291322937 6.41703579992625 0 0
 377.050020117 3.72361448298671 0 0
 379.208449856483 6.05208599365856 0 0
 381.366586498624 4.73061478092901 0 0
 383.524436000661 1.90703914766855 0 0
 385.682004319832 4.82521960812342 0 0
 387.839297413375 3.5137579608063 0 0
 389.996321238528 1.20682739811183 0 0
 392.153081752529 4.07551413384868 0 0
 394.309584912616 3.23981927463073 0 0
 396.465836676027 1.00709425297845 0 0
 398.621843 4.59551621138083 0 0
 400.777609841773 8.29652017452012 0 0
 402.933143158584 13.8795721417607 0 0
 405.088448907671 19.4437314503018 0 0
 407.243533046272 14.4095505250562 0 0
 409.398401531625 6.73826719197413 0 0
 411.553060320968 7.74285917390434 0 0
 413.707515371539 8.51642936186489 0 0
 415.861772640576 9.29608157448606 0 0
 418.015838085317 15.4404994323235 0 0
 420.169717663 20.9939892536634 0 0
 422.323417330863 27.456219230189 0 0
 424.476943046144 40.4993253492427 0 0
 426.630300766081 55.336516615588 0 0
 428.783496447912 75.0306100430138 0 0
 430.936536048875 108.585782606309 0 0
 433.089425526208 164.005383634745 0 0
 435.242170837149 225.122625352705 0 0
 437.394777938936 280.559190752424 0 0
 439.547252788807 336.366788334349 0 0
 441.699601344 424.501073720487 0 0
 443.851829561753 537.22797629738 0 0
 446.003943399304 640.879432413013 0 0
 448.155948813891 697.882758116883 0 0
 450.307851762752 690.56205963491 0 0
 452.459658203125 619.509152589589 0 0
 454.611374092248 516.72323340862 0 0
 456.763005387359 423.74012100734 0 0
 458.914558045696 353.798825529645 0 0
 461.066038024497 303.845985491584 0 0
 463.217451281 268.657126643822 0 0
 465.368803772443 234.312878115709 0 0
 467.520101456064 196.724664658396 0 0
 469.671350289101 165.171254007515 0 0
 471.822556228792 138.921667631298 0 0
 473.973725232375 117.78842775624 0 0
 476.124863257088 107.717982133635 0 0
 478.275976260169 101.819954979698 0 0
 480.427070198856 95.9353895110011 0 0
 482.578151030387 95.2044706019391 0 0
 484.729224712 95.6309347821512 0 0
 486.880297200933 94.1363538611697 0 0
 489.031374454424 97.868233140257 0 0
 491.182462429711 103.183615600191 0 0
 493.333567084032 106.148587488814 0 0
 495.484694374625 113.248511357599 0 0
 497.635850258728 120.618429201354 0 0
 499.787040693579 124.364282246841 0 0
 501.938271636416 131.017966720814 0 0
 504.089549044477 -NAN 0 0
 506.240878875 -NAN 0 0
 508.392267085223 -NAN 0 0
 510.543719632384 -NAN 0 0
 512.695242473721 -NAN 0 0
 514.846841566472 -NAN 0 0
 516.998522867875 -NAN 0 0
 519.150292335168 -NAN 0 0
 521.302155925589 -NAN 0 0
 523.454119596376 -NAN 0 0
 525.606189304767 -NAN 0 0
 527.758371008 -NAN 0 0
 529.910670663313 -NAN 0 0
 532.063094227944 -NAN 0 0
 534.215647659131 -NAN 0 0
 536.368336914112 -NAN 0 0
 538.521167950125 -NAN 0 0
 540.674146724408 -NAN 0 0
 542.827279194199 -NAN 0 0
 544.980571316736 -NAN 0 0
 547.134029049257 -NAN 0 0
 549.287658349 -NAN 0 0
 551.441465173203 -NAN 0 0
 553.595455479104 -NAN 0 0
 555.749635223941 -NAN 0 0
 557.904010364952 -NAN 0 0
 560.058586859375 -NAN 0 0
 562.213370664448 -NAN 0 0
 564.368367737409 -NAN 0 0
 566.523584035496 -NAN 0 0
 568.679025515947 -NAN 0 0
 570.834698136 -NAN 0 0
 572.990607852893 -NAN 0 0
 575.146760623864 -NAN 0 0
 577.303162406151 -NAN 0 0
 579.459819156992 -NAN 0 0
 581.616736833625 -NAN 0 0
 583.773921393288 -NAN 0 0
 585.931378793219 -NAN 0 0
 588.089114990656 -NAN 0 0
 590.247135942837 -NAN 0 0
 592.405447607 -NAN 0 0
 594.564055940383 -NAN 0 0
 596.722966900224 -NAN 0 0
 598.882186443761 -NAN 0 0
 601.041720528232 -NAN 0 0
 603.201575110875 -NAN 0 0
 605.361756148928 -NAN 0 0
 607.522269599629 -NAN 0 0
 609.683121420216 -NAN 0 0
 611.844317567927 -NAN 0 0
 614.005864 -NAN 0 0
 616.167766673673 -NAN 0 0
 618.330031546184 -NAN 0 0
 620.492664574771 -NAN 0 0
 622.655671716672 -NAN 0 0
 624.819058929125 -NAN 0 0
 626.982832169368 -NAN 0 0
 629.146997394639 -NAN 0 0
 631.311560562176 -NAN 0 0
 633.476527629217 -NAN 0 0
 635.641904553 -NAN 0 0
 637.807697290763 -NAN 0 0
 639.973911799744 -NAN 0 0
 642.140554037181 -NAN 0 0
 644.307629960312 -NAN 0 0
 646.475145526375 -NAN 0 0
 648.643106692608 -NAN 0 0
 650.811519416249 -NAN 0 0
 652.980389654536 -NAN 0 0
 655.149723364707 -NAN 0 0
 657.319526504 -NAN 0 0
 659.489805029653 -NAN 0 0
 661.660564898904 -NAN 0 0
 663.831812068991 -NAN 0 0
 666.003552497152 -NAN 0 0
 668.175792140625 -NAN 0 0
 670.348536956648 -NAN 0 0
 672.521792902459 -NAN 0 0
 674.695565935296 -NAN 0 0
 676.869862012397 -NAN 0 0
 679.044687091 -NAN 0 0
 681.220047128343 -NAN 0 0
 683.395948081664 -NAN 0 0
 685.572395908201 -NAN 0 0
 687.749396565192 -NAN 0 0
 689.926956009875 -NAN 0 0
 692.105080199488 -NAN 0 0
 694.283775091269 -NAN 0 0
 696.463046642456 -NAN 0 0
 698.642900810287 -NAN 0 0
 700.823343552 -NAN 0 0
 703.004380824833 -NAN 0 0
 705.186018586024 -NAN 0 0
 707.368262792811 -NAN 0 0
 709.551119402432 -NAN 0 0
 711.734594372125 -NAN 0 0
 713.918693659128 -NAN 0 0
 716.103423220679 -NAN 0 0
 718.288789014016 -NAN 0 0
 720.474796996377 -NAN 0 0
 722.661453125 -NAN 0 0
 724.848763357123 -NAN 0 0
 727.036733649984 -NAN 0 0
 729.225369960821 -NAN 0 0
 731.414678246872 -NAN 0 0
 733.604664465375 -NAN 0 0
 735.795334573568 -NAN 0 0
[END] of [DATA]
[END] of Spectrum


