[Spectrum]
Version            = 1
IDData             = 12ad_2026-06-11_10-29-30_000_607
IDDevice           = SAM_82E6
IDDataType         = SPECTRUM
IDDataTypeSub1     = CALIBRATED
IDDataTypeSub2     = 
IDDataTypeSub3     = 
DateTime           = 2026-06-11 10:29:30
PositionLatitude   = 0
PositionLongitude  = 0
Comment            = 20260611_FrameD
CommentSub1        = con
CommentSub2        = centre
CommentSub3        = 17cm
IDMethodType       = SAM Control
MethodName         = SAM_82E6
Mission            = No Mission
MissionSub         = 1
RecordType         = 0
[Attributes]
CalFactor = 1
IDBasisSpec = 
IDDataBack = DLAB_2024-11-11_10-40-48_641_639
IDDataCal = DLAB_2024-11-12_11-45-27_171_455
IntegrationTime = 128
P31 = -1
P31e = 0
PathLength = +INF
PathLengthCustomOn = 0
RAWDynamic = 65535
Salinity = 0
Temperature = -NAN
Unit1 = $01 $01 Wavelength nm
Unit2 = $03 $06 Intensity mW/(m^2 nm)
Unit3 = $f0 $06 Error mW/(m^2 nm)
Unit4 = $f1 $00 Status 
p999 = 8615
[END] of [Attributes]
[DATA]
 0 6 0 0
 185.260577530984 -NAN 0 0
 187.468128380571 -NAN 0 0
 189.674861895872 -NAN 0 0
 191.880784034125 -NAN 0 0
 194.085900752568 -NAN 0 0
 196.290218008439 -NAN 0 0
 198.493741758976 -NAN 0 0
 200.696477961417 -NAN 0 0
 202.898432573 -NAN 0 0
 205.099611550963 -NAN 0 0
 207.300020852544 -NAN 0 0
 209.499666434981 -NAN 0 0
 211.698554255512 -NAN 0 0
 213.896690271375 -NAN 0 0
 216.094080439808 -NAN 0 0
 218.290730718049 -NAN 0 0
 220.486647063336 -NAN 0 0
 222.681835432907 -NAN 0 0
 224.876301784 -NAN 0 0
 227.070052073853 -NAN 0 0
 229.263092259704 -NAN 0 0
 231.455428298791 -NAN 0 0
 233.647066148352 -NAN 0 0
 235.838011765625 -NAN 0 0
 238.028271107848 -NAN 0 0
 240.217850132259 -NAN 0 0
 242.406754796096 -NAN 0 0
 244.594991056597 -NAN 0 0
 246.782564871 -NAN 0 0
 248.969482196543 -NAN 0 0
 251.155748990464 -NAN 0 0
 253.341371210001 -NAN 0 0
 255.526354812392 -NAN 0 0
 257.710705754875 -NAN 0 0
 259.894429994688 -NAN 0 0
 262.077533489069 -NAN 0 0
 264.260022195256 -NAN 0 0
 266.441902070487 -NAN 0 0
 268.623179072 -NAN 0 0
 270.803859157033 -NAN 0 0
 272.983948282824 -NAN 0 0
 275.163452406611 -NAN 0 0
 277.342377485632 -NAN 0 0
 279.520729477125 1.0614278103525 0 0
 281.698514338328 -0.151261797093161 0 0
 283.875738026479 0.394599507586398 0 0
 286.052406498816 1.28601043188877 0 0
 288.228525712577 -0.105017939599755 0 0
 290.404101625 0.47866603660317 0 0
 292.579140193323 1.21275114789416 0 0
 294.753647374784 -0.139361227272486 0 0
 296.927629126621 0.668713550794744 0 0
 299.101091406072 1.13277251695875 0 0
 301.274040170375 0.0550487046145375 0 0
 303.446481376768 0.826020136098737 0 0
 305.618420982489 1.10782433723821 0 0
 307.789864944776 0.0757200112197801 0 0
 309.960819220867 1.08710974197355 0 0
 312.131289768 1.31621551259627 0 0
 314.301282543413 1.16049796845074 0 0
 316.470803504344 4.55835205854798 0 0
 318.639858608031 8.09119398753625 0 0
 320.808453811712 11.1471513388332 0 0
 322.976595072625 16.1248827994579 0 0
 325.144288348008 17.8463064463984 0 0
 327.311539595099 17.6404236594372 0 0
 329.478354771136 19.1221141778132 0 0
 331.644739833357 18.1617351750341 0 0
 333.810700739 16.4281431580574 0 0
 335.976243445303 16.5964889099332 0 0
 338.141373909504 14.4540630131475 0 0
 340.306098088841 12.4040915047643 0 0
 342.470421940552 12.6402123023316 0 0
 344.634351421875 11.0257755723438 0 0
 346.797892490048 9.3923488340408 0 0
 348.961051102309 9.67343916595692 0 0
 351.123833215896 8.25218800977852 0 0
 353.286244788047 7.16557226406638 0 0
 355.448291776 7.84590881327221 0 0
 357.609980136993 6.75674056235965 0 0
 359.771315828264 6.96586172784051 0 0
 361.932304807051 10.9445880399089 0 0
 364.092953030592 13.8124966629201 0 0
 366.253266456125 13.5341401350329 0 0
 368.413251040888 10.171209238334 0 0
 370.572912742119 6.00101681158721 0 0
 372.732257517056 4.72984501122426 0 0
 374.891291322937 5.30516126917263 0 0
 377.050020117 3.52635527647253 0 0
 379.208449856483 3.35815739580045 0 0
 381.366586498624 4.07061972065285 0 0
 383.524436000661 2.26661083875113 0 0
 385.682004319832 2.44561782144542 0 0
 387.839297413375 3.38765667412248 0 0
 389.996321238528 1.71390570821974 0 0
 392.153081752529 2.25356209598216 0 0
 394.309584912616 2.82391006011137 0 0
 396.465836676027 1.49174455304206 0 0
 398.621843 2.97277957639176 0 0
 400.777609841773 6.77623276111861 0 0
 402.933143158584 11.9190335460114 0 0
 405.088448907671 14.9119813212903 0 0
 407.243533046272 11.7804975519998 0 0
 409.398401531625 6.22378895598209 0 0
 411.553060320968 5.75863650356583 0 0
 413.707515371539 6.81832968955514 0 0
 415.861772640576 7.90091009195101 0 0
 418.015838085317 12.0796782666855 0 0
 420.169717663 16.7378307383905 0 0
 422.323417330863 22.2988119585062 0 0
 424.476943046144 32.0161390056493 0 0
 426.630300766081 44.0261462383067 0 0
 428.783496447912 60.2221824357438 0 0
 430.936536048875 86.9017262223081 0 0
 433.089425526208 132.208007068867 0 0
 435.242170837149 182.4980866653 0 0
 437.394777938936 225.916430380445 0 0
 439.547252788807 268.393722633347 0 0
 441.699601344 338.631169420933 0 0
 443.851829561753 428.266343222707 0 0
 446.003943399304 511.226726112138 0 0
 448.155948813891 559.800955510777 0 0
 450.307851762752 555.685951585221 0 0
 452.459658203125 499.577044492759 0 0
 454.611374092248 418.694084951433 0 0
 456.763005387359 343.329087448952 0 0
 458.914558045696 285.732110652209 0 0
 461.066038024497 246.42453868036 0 0
 463.217451281 217.843522085203 0 0
 465.368803772443 189.056457739455 0 0
 467.520101456064 160.251039532054 0 0
 469.671350289101 134.600399962885 0 0
 471.822556228792 111.869114542134 0 0
 473.973725232375 96.3049994916779 0 0
 476.124863257088 87.9103495183138 0 0
 478.275976260169 81.3985881175707 0 0
 480.427070198856 78.4734826694071 0 0
 482.578151030387 77.7668999337792 0 0
 484.729224712 76.0584173413744 0 0
 486.880297200933 76.8818840038771 0 0
 489.031374454424 79.7225421873222 0 0
 491.182462429711 82.0157439036416 0 0
 493.333567084032 86.4904926929286 0 0
 495.484694374625 91.9121255015496 0 0
 497.635850258728 95.7365889598624 0 0
 499.787040693579 100.882487536491 0 0
 501.938271636416 106.184024331611 0 0
 504.089549044477 -NAN 0 0
 506.240878875 -NAN 0 0
 508.392267085223 -NAN 0 0
 510.543719632384 -NAN 0 0
 512.695242473721 -NAN 0 0
 514.846841566472 -NAN 0 0
 516.998522867875 -NAN 0 0
 519.150292335168 -NAN 0 0
 521.302155925589 -NAN 0 0
 523.454119596376 -NAN 0 0
 525.606189304767 -NAN 0 0
 527.758371008 -NAN 0 0
 529.910670663313 -NAN 0 0
 532.063094227944 -NAN 0 0
 534.215647659131 -NAN 0 0
 536.368336914112 -NAN 0 0
 538.521167950125 -NAN 0 0
 540.674146724408 -NAN 0 0
 542.827279194199 -NAN 0 0
 544.980571316736 -NAN 0 0
 547.134029049257 -NAN 0 0
 549.287658349 -NAN 0 0
 551.441465173203 -NAN 0 0
 553.595455479104 -NAN 0 0
 555.749635223941 -NAN 0 0
 557.904010364952 -NAN 0 0
 560.058586859375 -NAN 0 0
 562.213370664448 -NAN 0 0
 564.368367737409 -NAN 0 0
 566.523584035496 -NAN 0 0
 568.679025515947 -NAN 0 0
 570.834698136 -NAN 0 0
 572.990607852893 -NAN 0 0
 575.146760623864 -NAN 0 0
 577.303162406151 -NAN 0 0
 579.459819156992 -NAN 0 0
 581.616736833625 -NAN 0 0
 583.773921393288 -NAN 0 0
 585.931378793219 -NAN 0 0
 588.089114990656 -NAN 0 0
 590.247135942837 -NAN 0 0
 592.405447607 -NAN 0 0
 594.564055940383 -NAN 0 0
 596.722966900224 -NAN 0 0
 598.882186443761 -NAN 0 0
 601.041720528232 -NAN 0 0
 603.201575110875 -NAN 0 0
 605.361756148928 -NAN 0 0
 607.522269599629 -NAN 0 0
 609.683121420216 -NAN 0 0
 611.844317567927 -NAN 0 0
 614.005864 -NAN 0 0
 616.167766673673 -NAN 0 0
 618.330031546184 -NAN 0 0
 620.492664574771 -NAN 0 0
 622.655671716672 -NAN 0 0
 624.819058929125 -NAN 0 0
 626.982832169368 -NAN 0 0
 629.146997394639 -NAN 0 0
 631.311560562176 -NAN 0 0
 633.476527629217 -NAN 0 0
 635.641904553 -NAN 0 0
 637.807697290763 -NAN 0 0
 639.973911799744 -NAN 0 0
 642.140554037181 -NAN 0 0
 644.307629960312 -NAN 0 0
 646.475145526375 -NAN 0 0
 648.643106692608 -NAN 0 0
 650.811519416249 -NAN 0 0
 652.980389654536 -NAN 0 0
 655.149723364707 -NAN 0 0
 657.319526504 -NAN 0 0
 659.489805029653 -NAN 0 0
 661.660564898904 -NAN 0 0
 663.831812068991 -NAN 0 0
 666.003552497152 -NAN 0 0
 668.175792140625 -NAN 0 0
 670.348536956648 -NAN 0 0
 672.521792902459 -NAN 0 0
 674.695565935296 -NAN 0 0
 676.869862012397 -NAN 0 0
 679.044687091 -NAN 0 0
 681.220047128343 -NAN 0 0
 683.395948081664 -NAN 0 0
 685.572395908201 -NAN 0 0
 687.749396565192 -NAN 0 0
 689.926956009875 -NAN 0 0
 692.105080199488 -NAN 0 0
 694.283775091269 -NAN 0 0
 696.463046642456 -NAN 0 0
 698.642900810287 -NAN 0 0
 700.823343552 -NAN 0 0
 703.004380824833 -NAN 0 0
 705.186018586024 -NAN 0 0
 707.368262792811 -NAN 0 0
 709.551119402432 -NAN 0 0
 711.734594372125 -NAN 0 0
 713.918693659128 -NAN 0 0
 716.103423220679 -NAN 0 0
 718.288789014016 -NAN 0 0
 720.474796996377 -NAN 0 0
 722.661453125 -NAN 0 0
 724.848763357123 -NAN 0 0
 727.036733649984 -NAN 0 0
 729.225369960821 -NAN 0 0
 731.414678246872 -NAN 0 0
 733.604664465375 -NAN 0 0
 735.795334573568 -NAN 0 0
[END] of [DATA]
[END] of Spectrum


[Spectrum]
Version            = 1
IDData             = 12ad_2026-06-11_10-29-25_000_604
IDDevice           = SAM_82E6
IDDataType         = SPECTRUM
IDDataTypeSub1     = CALIBRATED
IDDataTypeSub2     = 
IDDataTypeSub3     = 
DateTime           = 2026-06-11 10:29:25
PositionLatitude   = 0
PositionLongitude  = 0
Comment            = 20260611_FrameD
CommentSub1        = con
CommentSub2        = centre
CommentSub3        = 17cm
IDMethodType       = SAM Control
MethodName         = SAM_82E6
Mission            = No Mission
MissionSub         = 1
RecordType         = 0
[Attributes]
CalFactor = 1
IDBasisSpec = 
IDDataBack = DLAB_2024-11-11_10-40-48_641_639
IDDataCal = DLAB_2024-11-12_11-45-27_171_455
IntegrationTime = 128
P31 = -1
P31e = 0
PathLength = +INF
PathLengthCustomOn = 0
RAWDynamic = 65535
Salinity = 0
Temperature = -NAN
Unit1 = $01 $01 Wavelength nm
Unit2 = $03 $06 Intensity mW/(m^2 nm)
Unit3 = $f0 $06 Error mW/(m^2 nm)
Unit4 = $f1 $00 Status 
p999 = 8614
[END] of [Attributes]
[DATA]
 0 6 0 0
 185.260577530984 -NAN 0 0
 187.468128380571 -NAN 0 0
 189.674861895872 -NAN 0 0
 191.880784034125 -NAN 0 0
 194.085900752568 -NAN 0 0
 196.290218008439 -NAN 0 0
 198.493741758976 -NAN 0 0
 200.696477961417 -NAN 0 0
 202.898432573 -NAN 0 0
 205.099611550963 -NAN 0 0
 207.300020852544 -NAN 0 0
 209.499666434981 -NAN 0 0
 211.698554255512 -NAN 0 0
 213.896690271375 -NAN 0 0
 216.094080439808 -NAN 0 0
 218.290730718049 -NAN 0 0
 220.486647063336 -NAN 0 0
 222.681835432907 -NAN 0 0
 224.876301784 -NAN 0 0
 227.070052073853 -NAN 0 0
 229.263092259704 -NAN 0 0
 231.455428298791 -NAN 0 0
 233.647066148352 -NAN 0 0
 235.838011765625 -NAN 0 0
 238.028271107848 -NAN 0 0
 240.217850132259 -NAN 0 0
 242.406754796096 -NAN 0 0
 244.594991056597 -NAN 0 0
 246.782564871 -NAN 0 0
 248.969482196543 -NAN 0 0
 251.155748990464 -NAN 0 0
 253.341371210001 -NAN 0 0
 255.526354812392 -NAN 0 0
 257.710705754875 -NAN 0 0
 259.894429994688 -NAN 0 0
 262.077533489069 -NAN 0 0
 264.260022195256 -NAN 0 0
 266.441902070487 -NAN 0 0
 268.623179072 -NAN 0 0
 270.803859157033 -NAN 0 0
 272.983948282824 -NAN 0 0
 275.163452406611 -NAN 0 0
 277.342377485632 -NAN 0 0
 279.520729477125 -0.13906046326711 0 0
 281.698514338328 0.847623009966924 0 0
 283.875738026479 0.76175647741427 0 0
 286.052406498816 -0.37493222297255 0 0
 288.228525712577 1.0411424902876 0 0
 290.404101625 0.882908968675376 0 0
 292.579140193323 -0.222184906251657 0 0
 294.753647374784 1.15273310319009 0 0
 296.927629126621 0.701724373907371 0 0
 299.101091406072 -0.166206559184818 0 0
 301.274040170375 1.2130794563593 0 0
 303.446481376768 0.736460722762688 0 0
 305.618420982489 0.0711133160545012 0 0
 307.789864944776 1.29640615753141 0 0
 309.960819220867 0.803965825542908 0 0
 312.131289768 0.51503650769777 0 0
 314.301282543413 2.69772312863684 0 0
 316.470803504344 4.10630117524702 0 0
 318.639858608031 7.40680857279098 0 0
 320.808453811712 12.6193516608369 0 0
 322.976595072625 15.300836686465 0 0
 325.144288348008 16.9743137393774 0 0
 327.311539595099 19.0243209132582 0 0
 329.478354771136 18.0362842218774 0 0
 331.644739833357 17.0809971084081 0 0
 333.810700739 17.8787548284853 0 0
 335.976243445303 15.378319903691 0 0
 338.141373909504 13.7321985942699 0 0
 340.306098088841 13.9052497172062 0 0
 342.470421940552 11.4250436564304 0 0
 344.634351421875 10.7189338866852 0 0
 346.797892490048 10.7066292540736 0 0
 348.961051102309 8.5377179080514 0 0
 351.123833215896 8.12009716746935 0 0
 353.286244788047 8.17530118484113 0 0
 355.448291776 6.6927908848444 0 0
 357.609980136993 6.91950580505094 0 0
 359.771315828264 7.90378626346048 0 0
 361.932304807051 9.72795000425462 0 0
 364.092953030592 13.7808841639217 0 0
 366.253266456125 14.3002306777119 0 0
 368.413251040888 8.8498018313028 0 0
 370.572912742119 6.32757501617928 0 0
 372.732257517056 5.70300851743934 0 0
 374.891291322937 3.69448933707731 0 0
 377.050020117 4.18296634151272 0 0
 379.208449856483 4.17543235743636 0 0
 381.366586498624 2.35208868575815 0 0
 383.524436000661 3.14777466670053 0 0
 385.682004319832 3.14826174411066 0 0
 387.839297413375 1.56273018818131 0 0
 389.996321238528 2.71120653973391 0 0
 392.153081752529 2.66429918905793 0 0
 394.309584912616 1.26390959647156 0 0
 396.465836676027 2.61409261634724 0 0
 398.621843 3.03116094347231 0 0
 400.777609841773 5.52254835862155 0 0
 402.933143158584 12.9328867306264 0 0
 405.088448907671 14.9218089171244 0 0
 407.243533046272 10.4641890593895 0 0
 409.398401531625 7.16107892712125 0 0
 411.553060320968 5.82701994189878 0 0
 413.707515371539 5.81495536725344 0 0
 415.861772640576 8.99296092319644 0 0
 418.015838085317 11.8044428392569 0 0
 420.169717663 15.945063270998 0 0
 422.323417330863 23.459755047534 0 0
 424.476943046144 31.6877117850644 0 0
 426.630300766081 43.318330951016 0 0
 428.783496447912 61.2151993265825 0 0
 430.936536048875 86.374354149887 0 0
 433.089425526208 131.514982133402 0 0
 435.242170837149 182.964828281062 0 0
 437.394777938936 225.102739786722 0 0
 439.547252788807 267.905202367246 0 0
 441.699601344 339.510655571162 0 0
 443.851829561753 427.595037444133 0 0
 446.003943399304 510.956368550877 0 0
 448.155948813891 560.723998576244 0 0
 450.307851762752 554.897766707911 0 0
 452.459658203125 499.31767775014 0 0
 454.611374092248 419.81430939614 0 0
 456.763005387359 342.686712953323 0 0
 458.914558045696 285.578413872233 0 0
 461.066038024497 247.514748380805 0 0
 463.217451281 216.730095188103 0 0
 465.368803772443 188.988902966182 0 0
 467.520101456064 161.300640255114 0 0
 469.671350289101 133.284081188115 0 0
 471.822556228792 112.133639082422 0 0
 473.973725232375 97.2056936806181 0 0
 476.124863257088 86.6238664207227 0 0
 478.275976260169 81.7475193465367 0 0
 480.427070198856 79.1440234564607 0 0
 482.578151030387 76.4297553610047 0 0
 484.729224712 76.6507449976076 0 0
 486.880297200933 77.5351488594141 0 0
 489.031374454424 78.4626267890978 0 0
 491.182462429711 82.4468523548033 0 0
 493.333567084032 86.9402786303776 0 0
 495.484694374625 90.665833522823 0 0
 497.635850258728 96.4760554408698 0 0
 499.787040693579 101.302135333065 0 0
 501.938271636416 104.914076248436 0 0
 504.089549044477 -NAN 0 0
 506.240878875 -NAN 0 0
 508.392267085223 -NAN 0 0
 510.543719632384 -NAN 0 0
 512.695242473721 -NAN 0 0
 514.846841566472 -NAN 0 0
 516.998522867875 -NAN 0 0
 519.150292335168 -NAN 0 0
 521.302155925589 -NAN 0 0
 523.454119596376 -NAN 0 0
 525.606189304767 -NAN 0 0
 527.758371008 -NAN 0 0
 529.910670663313 -NAN 0 0
 532.063094227944 -NAN 0 0
 534.215647659131 -NAN 0 0
 536.368336914112 -NAN 0 0
 538.521167950125 -NAN 0 0
 540.674146724408 -NAN 0 0
 542.827279194199 -NAN 0 0
 544.980571316736 -NAN 0 0
 547.134029049257 -NAN 0 0
 549.287658349 -NAN 0 0
 551.441465173203 -NAN 0 0
 553.595455479104 -NAN 0 0
 555.749635223941 -NAN 0 0
 557.904010364952 -NAN 0 0
 560.058586859375 -NAN 0 0
 562.213370664448 -NAN 0 0
 564.368367737409 -NAN 0 0
 566.523584035496 -NAN 0 0
 568.679025515947 -NAN 0 0
 570.834698136 -NAN 0 0
 572.990607852893 -NAN 0 0
 575.146760623864 -NAN 0 0
 577.303162406151 -NAN 0 0
 579.459819156992 -NAN 0 0
 581.616736833625 -NAN 0 0
 583.773921393288 -NAN 0 0
 585.931378793219 -NAN 0 0
 588.089114990656 -NAN 0 0
 590.247135942837 -NAN 0 0
 592.405447607 -NAN 0 0
 594.564055940383 -NAN 0 0
 596.722966900224 -NAN 0 0
 598.882186443761 -NAN 0 0
 601.041720528232 -NAN 0 0
 603.201575110875 -NAN 0 0
 605.361756148928 -NAN 0 0
 607.522269599629 -NAN 0 0
 609.683121420216 -NAN 0 0
 611.844317567927 -NAN 0 0
 614.005864 -NAN 0 0
 616.167766673673 -NAN 0 0
 618.330031546184 -NAN 0 0
 620.492664574771 -NAN 0 0
 622.655671716672 -NAN 0 0
 624.819058929125 -NAN 0 0
 626.982832169368 -NAN 0 0
 629.146997394639 -NAN 0 0
 631.311560562176 -NAN 0 0
 633.476527629217 -NAN 0 0
 635.641904553 -NAN 0 0
 637.807697290763 -NAN 0 0
 639.973911799744 -NAN 0 0
 642.140554037181 -NAN 0 0
 644.307629960312 -NAN 0 0
 646.475145526375 -NAN 0 0
 648.643106692608 -NAN 0 0
 650.811519416249 -NAN 0 0
 652.980389654536 -NAN 0 0
 655.149723364707 -NAN 0 0
 657.319526504 -NAN 0 0
 659.489805029653 -NAN 0 0
 661.660564898904 -NAN 0 0
 663.831812068991 -NAN 0 0
 666.003552497152 -NAN 0 0
 668.175792140625 -NAN 0 0
 670.348536956648 -NAN 0 0
 672.521792902459 -NAN 0 0
 674.695565935296 -NAN 0 0
 676.869862012397 -NAN 0 0
 679.044687091 -NAN 0 0
 681.220047128343 -NAN 0 0
 683.395948081664 -NAN 0 0
 685.572395908201 -NAN 0 0
 687.749396565192 -NAN 0 0
 689.926956009875 -NAN 0 0
 692.105080199488 -NAN 0 0
 694.283775091269 -NAN 0 0
 696.463046642456 -NAN 0 0
 698.642900810287 -NAN 0 0
 700.823343552 -NAN 0 0
 703.004380824833 -NAN 0 0
 705.186018586024 -NAN 0 0
 707.368262792811 -NAN 0 0
 709.551119402432 -NAN 0 0
 711.734594372125 -NAN 0 0
 713.918693659128 -NAN 0 0
 716.103423220679 -NAN 0 0
 718.288789014016 -NAN 0 0
 720.474796996377 -NAN 0 0
 722.661453125 -NAN 0 0
 724.848763357123 -NAN 0 0
 727.036733649984 -NAN 0 0
 729.225369960821 -NAN 0 0
 731.414678246872 -NAN 0 0
 733.604664465375 -NAN 0 0
 735.795334573568 -NAN 0 0
[END] of [DATA]
[END] of Spectrum


[Spectrum]
Version            = 1
IDData             = 12ad_2026-06-11_10-29-20_000_601
IDDevice           = SAM_82E6
IDDataType         = SPECTRUM
IDDataTypeSub1     = CALIBRATED
IDDataTypeSub2     = 
IDDataTypeSub3     = 
DateTime           = 2026-06-11 10:29:20
PositionLatitude   = 0
PositionLongitude  = 0
Comment            = 20260611_FrameD
CommentSub1        = con
CommentSub2        = centre
CommentSub3        = 17cm
IDMethodType       = SAM Control
MethodName         = SAM_82E6
Mission            = No Mission
MissionSub         = 1
RecordType         = 0
[Attributes]
CalFactor = 1
IDBasisSpec = 
IDDataBack = DLAB_2024-11-11_10-40-48_641_639
IDDataCal = DLAB_2024-11-12_11-45-27_171_455
IntegrationTime = 128
P31 = -1
P31e = 0
PathLength = +INF
PathLengthCustomOn = 0
RAWDynamic = 65535
Salinity = 0
Temperature = -NAN
Unit1 = $01 $01 Wavelength nm
Unit2 = $03 $06 Intensity mW/(m^2 nm)
Unit3 = $f0 $06 Error mW/(m^2 nm)
Unit4 = $f1 $00 Status 
p999 = 8613
[END] of [Attributes]
[DATA]
 0 6 0 0
 185.260577530984 -NAN 0 0
 187.468128380571 -NAN 0 0
 189.674861895872 -NAN 0 0
 191.880784034125 -NAN 0 0
 194.085900752568 -NAN 0 0
 196.290218008439 -NAN 0 0
 198.493741758976 -NAN 0 0
 200.696477961417 -NAN 0 0
 202.898432573 -NAN 0 0
 205.099611550963 -NAN 0 0
 207.300020852544 -NAN 0 0
 209.499666434981 -NAN 0 0
 211.698554255512 -NAN 0 0
 213.896690271375 -NAN 0 0
 216.094080439808 -NAN 0 0
 218.290730718049 -NAN 0 0
 220.486647063336 -NAN 0 0
 222.681835432907 -NAN 0 0
 224.876301784 -NAN 0 0
 227.070052073853 -NAN 0 0
 229.263092259704 -NAN 0 0
 231.455428298791 -NAN 0 0
 233.647066148352 -NAN 0 0
 235.838011765625 -NAN 0 0
 238.028271107848 -NAN 0 0
 240.217850132259 -NAN 0 0
 242.406754796096 -NAN 0 0
 244.594991056597 -NAN 0 0
 246.782564871 -NAN 0 0
 248.969482196543 -NAN 0 0
 251.155748990464 -NAN 0 0
 253.341371210001 -NAN 0 0
 255.526354812392 -NAN 0 0
 257.710705754875 -NAN 0 0
 259.894429994688 -NAN 0 0
 262.077533489069 -NAN 0 0
 264.260022195256 -NAN 0 0
 266.441902070487 -NAN 0 0
 268.623179072 -NAN 0 0
 270.803859157033 -NAN 0 0
 272.983948282824 -NAN 0 0
 275.163452406611 -NAN 0 0
 277.342377485632 -NAN 0 0
 279.520729477125 -0.0381895606082005 0 0
 281.698514338328 0.129837984998354 0 0
 283.875738026479 1.28283694613152 0 0
 286.052406498816 0.108541469395299 0 0
 288.228525712577 0.048281017897678 0 0
 290.404101625 1.28860601201403 0 0
 292.579140193323 0.0949669721204524 0 0
 294.753647374784 0.302743082832823 0 0
 296.927629126621 1.28449236654951 0 0
 299.101091406072 -0.00532382957070799 0 0
 301.274040170375 0.576046507754217 0 0
 303.446481376768 1.21811561643583 0 0
 305.618420982489 0.0614344787197984 0 0
 307.789864944776 0.671098455611707 0 0
 309.960819220867 1.22219748836221 0 0
 312.131289768 0.423891143376452 0 0
 314.301282543413 1.99655310473955 0 0
 316.470803504344 4.49115530562486 0 0
 318.639858608031 7.09420395665733 0 0
 320.808453811712 11.8885759132962 0 0
 322.976595072625 15.6425486411702 0 0
 325.144288348008 16.4156031804086 0 0
 327.311539595099 18.2986544507143 0 0
 329.478354771136 18.4780533957307 0 0
 331.644739833357 16.5080578867859 0 0
 333.810700739 16.9595406985509 0 0
 335.976243445303 15.9147212918811 0 0
 338.141373909504 13.213972970601 0 0
 340.306098088841 13.20896204724 0 0
 342.470421940552 12.0025106530278 0 0
 344.634351421875 10.0285400939532 0 0
 346.797892490048 10.3261160809943 0 0
 348.961051102309 8.83957457639493 0 0
 351.123833215896 7.42494112446941 0 0
 353.286244788047 8.00846692471312 0 0
 355.448291776 7.07035095282776 0 0
 357.609980136993 6.19669962862579 0 0
 359.771315828264 7.75858005668445 0 0
 361.932304807051 9.95524609936331 0 0
 364.092953030592 13.2423426631283 0 0
 366.253266456125 14.0374709641406 0 0
 368.413251040888 9.23167644893109 0 0
 370.572912742119 5.72846631006229 0 0
 372.732257517056 5.50341868305475 0 0
 374.891291322937 4.23899862964709 0 0
 377.050020117 3.40082669050897 0 0
 379.208449856483 4.26359729336626 0 0
 381.366586498624 2.82270614843901 0 0
 383.524436000661 2.26518960677057 0 0
 385.682004319832 3.41708705055545 0 0
 387.839297413375 1.93253283789455 0 0
 389.996321238528 1.96533788968599 0 0
 392.153081752529 3.07642390744815 0 0
 394.309584912616 1.57072786947764 0 0
 396.465836676027 1.9012136431235 0 0
 398.621843 3.42523517126606 0 0
 400.777609841773 5.5342528810515 0 0
 402.933143158584 12.1915065893767 0 0
 405.088448907671 14.9770891436914 0 0
 407.243533046272 10.4962651688665 0 0
 409.398401531625 6.49076763969288 0 0
 411.553060320968 6.13474541439709 0 0
 413.707515371539 6.07269316885948 0 0
 415.861772640576 8.46938888915074 0 0
 418.015838085317 12.308713461653 0 0
 420.169717663 15.936549061921 0 0
 422.323417330863 22.8747056517227 0 0
 424.476943046144 32.1750267691214 0 0
 426.630300766081 43.2484126116617 0 0
 428.783496447912 60.7979299199907 0 0
 430.936536048875 86.5745907336344 0 0
 433.089425526208 130.95392339476 0 0
 435.242170837149 182.065711298643 0 0
 437.394777938936 224.779022016135 0 0
 439.547252788807 267.359256705627 0 0
 441.699601344 339.029815012392 0 0
 443.851829561753 428.0997723375 0 0
 446.003943399304 510.763867122763 0 0
 448.155948813891 560.447612107021 0 0
 450.307851762752 555.360396961984 0 0
 452.459658203125 498.942522283138 0 0
 454.611374092248 419.497641535285 0 0
 456.763005387359 343.064522877044 0 0
 458.914558045696 285.138282184121 0 0
 461.066038024497 247.157118843556 0 0
 463.217451281 217.262919813301 0 0
 465.368803772443 188.466409016648 0 0
 467.520101456064 161.348836206683 0 0
 469.671350289101 133.975798044265 0 0
 471.822556228792 111.513864642988 0 0
 473.973725232375 97.3543412545875 0 0
 476.124863257088 87.0523250771493 0 0
 478.275976260169 81.2374574545131 0 0
 480.427070198856 79.2141963295245 0 0
 482.578151030387 76.9621576658573 0 0
 484.729224712 76.0371829536981 0 0
 486.880297200933 77.7465650540999 0 0
 489.031374454424 78.8553712871234 0 0
 491.182462429711 81.9543165336574 0 0
 493.333567084032 87.0304584841731 0 0
 495.484694374625 90.9347935146796 0 0
 497.635850258728 95.814485280562 0 0
 499.787040693579 101.74243936833 0 0
 501.938271636416 105.311204081226 0 0
 504.089549044477 -NAN 0 0
 506.240878875 -NAN 0 0
 508.392267085223 -NAN 0 0
 510.543719632384 -NAN 0 0
 512.695242473721 -NAN 0 0
 514.846841566472 -NAN 0 0
 516.998522867875 -NAN 0 0
 519.150292335168 -NAN 0 0
 521.302155925589 -NAN 0 0
 523.454119596376 -NAN 0 0
 525.606189304767 -NAN 0 0
 527.758371008 -NAN 0 0
 529.910670663313 -NAN 0 0
 532.063094227944 -NAN 0 0
 534.215647659131 -NAN 0 0
 536.368336914112 -NAN 0 0
 538.521167950125 -NAN 0 0
 540.674146724408 -NAN 0 0
 542.827279194199 -NAN 0 0
 544.980571316736 -NAN 0 0
 547.134029049257 -NAN 0 0
 549.287658349 -NAN 0 0
 551.441465173203 -NAN 0 0
 553.595455479104 -NAN 0 0
 555.749635223941 -NAN 0 0
 557.904010364952 -NAN 0 0
 560.058586859375 -NAN 0 0
 562.213370664448 -NAN 0 0
 564.368367737409 -NAN 0 0
 566.523584035496 -NAN 0 0
 568.679025515947 -NAN 0 0
 570.834698136 -NAN 0 0
 572.990607852893 -NAN 0 0
 575.146760623864 -NAN 0 0
 577.303162406151 -NAN 0 0
 579.459819156992 -NAN 0 0
 581.616736833625 -NAN 0 0
 583.773921393288 -NAN 0 0
 585.931378793219 -NAN 0 0
 588.089114990656 -NAN 0 0
 590.247135942837 -NAN 0 0
 592.405447607 -NAN 0 0
 594.564055940383 -NAN 0 0
 596.722966900224 -NAN 0 0
 598.882186443761 -NAN 0 0
 601.041720528232 -NAN 0 0
 603.201575110875 -NAN 0 0
 605.361756148928 -NAN 0 0
 607.522269599629 -NAN 0 0
 609.683121420216 -NAN 0 0
 611.844317567927 -NAN 0 0
 614.005864 -NAN 0 0
 616.167766673673 -NAN 0 0
 618.330031546184 -NAN 0 0
 620.492664574771 -NAN 0 0
 622.655671716672 -NAN 0 0
 624.819058929125 -NAN 0 0
 626.982832169368 -NAN 0 0
 629.146997394639 -NAN 0 0
 631.311560562176 -NAN 0 0
 633.476527629217 -NAN 0 0
 635.641904553 -NAN 0 0
 637.807697290763 -NAN 0 0
 639.973911799744 -NAN 0 0
 642.140554037181 -NAN 0 0
 644.307629960312 -NAN 0 0
 646.475145526375 -NAN 0 0
 648.643106692608 -NAN 0 0
 650.811519416249 -NAN 0 0
 652.980389654536 -NAN 0 0
 655.149723364707 -NAN 0 0
 657.319526504 -NAN 0 0
 659.489805029653 -NAN 0 0
 661.660564898904 -NAN 0 0
 663.831812068991 -NAN 0 0
 666.003552497152 -NAN 0 0
 668.175792140625 -NAN 0 0
 670.348536956648 -NAN 0 0
 672.521792902459 -NAN 0 0
 674.695565935296 -NAN 0 0
 676.869862012397 -NAN 0 0
 679.044687091 -NAN 0 0
 681.220047128343 -NAN 0 0
 683.395948081664 -NAN 0 0
 685.572395908201 -NAN 0 0
 687.749396565192 -NAN 0 0
 689.926956009875 -NAN 0 0
 692.105080199488 -NAN 0 0
 694.283775091269 -NAN 0 0
 696.463046642456 -NAN 0 0
 698.642900810287 -NAN 0 0
 700.823343552 -NAN 0 0
 703.004380824833 -NAN 0 0
 705.186018586024 -NAN 0 0
 707.368262792811 -NAN 0 0
 709.551119402432 -NAN 0 0
 711.734594372125 -NAN 0 0
 713.918693659128 -NAN 0 0
 716.103423220679 -NAN 0 0
 718.288789014016 -NAN 0 0
 720.474796996377 -NAN 0 0
 722.661453125 -NAN 0 0
 724.848763357123 -NAN 0 0
 727.036733649984 -NAN 0 0
 729.225369960821 -NAN 0 0
 731.414678246872 -NAN 0 0
 733.604664465375 -NAN 0 0
 735.795334573568 -NAN 0 0
[END] of [DATA]
[END] of Spectrum


[Spectrum]
Version            = 1
IDData             = 12ad_2026-06-11_10-29-15_000_598
IDDevice           = SAM_82E6
IDDataType         = SPECTRUM
IDDataTypeSub1     = CALIBRATED
IDDataTypeSub2     = 
IDDataTypeSub3     = 
DateTime           = 2026-06-11 10:29:15
PositionLatitude   = 0
PositionLongitude  = 0
Comment            = 20260611_FrameD
CommentSub1        = con
CommentSub2        = centre
CommentSub3        = 17cm
IDMethodType       = SAM Control
MethodName         = SAM_82E6
Mission            = No Mission
MissionSub         = 1
RecordType         = 0
[Attributes]
CalFactor = 1
IDBasisSpec = 
IDDataBack = DLAB_2024-11-11_10-40-48_641_639
IDDataCal = DLAB_2024-11-12_11-45-27_171_455
IntegrationTime = 128
P31 = -1
P31e = 0
PathLength = +INF
PathLengthCustomOn = 0
RAWDynamic = 65535
Salinity = 0
Temperature = -NAN
Unit1 = $01 $01 Wavelength nm
Unit2 = $03 $06 Intensity mW/(m^2 nm)
Unit3 = $f0 $06 Error mW/(m^2 nm)
Unit4 = $f1 $00 Status 
p999 = 8612
[END] of [Attributes]
[DATA]
 0 6 0 0
 185.260577530984 -NAN 0 0
 187.468128380571 -NAN 0 0
 189.674861895872 -NAN 0 0
 191.880784034125 -NAN 0 0
 194.085900752568 -NAN 0 0
 196.290218008439 -NAN 0 0
 198.493741758976 -NAN 0 0
 200.696477961417 -NAN 0 0
 202.898432573 -NAN 0 0
 205.099611550963 -NAN 0 0
 207.300020852544 -NAN 0 0
 209.499666434981 -NAN 0 0
 211.698554255512 -NAN 0 0
 213.896690271375 -NAN 0 0
 216.094080439808 -NAN 0 0
 218.290730718049 -NAN 0 0
 220.486647063336 -NAN 0 0
 222.681835432907 -NAN 0 0
 224.876301784 -NAN 0 0
 227.070052073853 -NAN 0 0
 229.263092259704 -NAN 0 0
 231.455428298791 -NAN 0 0
 233.647066148352 -NAN 0 0
 235.838011765625 -NAN 0 0
 238.028271107848 -NAN 0 0
 240.217850132259 -NAN 0 0
 242.406754796096 -NAN 0 0
 244.594991056597 -NAN 0 0
 246.782564871 -NAN 0 0
 248.969482196543 -NAN 0 0
 251.155748990464 -NAN 0 0
 253.341371210001 -NAN 0 0
 255.526354812392 -NAN 0 0
 257.710705754875 -NAN 0 0
 259.894429994688 -NAN 0 0
 262.077533489069 -NAN 0 0
 264.260022195256 -NAN 0 0
 266.441902070487 -NAN 0 0
 268.623179072 -NAN 0 0
 270.803859157033 -NAN 0 0
 272.983948282824 -NAN 0 0
 275.163452406611 -NAN 0 0
 277.342377485632 -NAN 0 0
 279.520729477125 -0.375671222590477 0 0
 281.698514338328 0.928684342477036 0 0
 283.875738026479 0.518868020451216 0 0
 286.052406498816 -0.128113821463438 0 0
 288.228525712577 1.12996992360387 0 0
 290.404101625 0.554279822458402 0 0
 292.579140193323 -0.160164094481111 0 0
 294.753647374784 1.26223262272081 0 0
 296.927629126621 0.620466963168598 0 0
 299.101091406072 0.0363865077366542 0 0
 301.274040170375 1.3267938989154 0 0
 303.446481376768 0.43064809185911 0 0
 305.618420982489 0.253935799043329 0 0
 307.789864944776 1.42039879586079 0 0
 309.960819220867 0.462464002672366 0 0
 312.131289768 0.564547569798239 0 0
 314.301282543413 2.5814428593338 0 0
 316.470803504344 3.74221695031814 0 0
 318.639858608031 7.57919136522682 0 0
 320.808453811712 12.3424821608579 0 0
 322.976595072625 14.5274145667618 0 0
 325.144288348008 16.6480383225119 0 0
 327.311539595099 18.5082914287826 0 0
 329.478354771136 17.2449670485105 0 0
 331.644739833357 16.906302462022 0 0
 333.810700739 17.1179238095058 0 0
 335.976243445303 14.6311374822011 0 0
 338.141373909504 13.7181545394279 0 0
 340.306098088841 13.4519162244796 0 0
 342.470421940552 10.8698372923549 0 0
 344.634351421875 10.2989128907426 0 0
 346.797892490048 10.1074720037645 0 0
 348.961051102309 8.08898079189322 0 0
 351.123833215896 8.10890302829061 0 0
 353.286244788047 7.73259066450145 0 0
 355.448291776 6.25606898284655 0 0
 357.609980136993 6.85097307128618 0 0
 359.771315828264 7.44773121403059 0 0
 361.932304807051 9.30190708202189 0 0
 364.092953030592 13.7899163064927 0 0
 366.253266456125 13.636908378563 0 0
 368.413251040888 8.42307209985786 0 0
 370.572912742119 6.4506623394486 0 0
 372.732257517056 5.22034029049621 0 0
 374.891291322937 3.56004259817119 0 0
 377.050020117 4.26849131216922 0 0
 379.208449856483 3.73320823435939 0 0
 381.366586498624 2.21076212038852 0 0
 383.524436000661 3.26147322514562 0 0
 385.682004319832 2.7500020308591 0 0
 387.839297413375 1.37003608718131 0 0
 389.996321238528 2.89942951356898 0 0
 392.153081752529 2.20083233403324 0 0
 394.309584912616 1.22572776694192 0 0
 396.465836676027 2.74565973381603 0 0
 398.621843 2.51634343376196 0 0
 400.777609841773 5.29886192996025 0 0
 402.933143158584 12.7149082959342 0 0
 405.088448907671 14.0250407972604 0 0
 407.243533046272 10.3240045809346 0 0
 409.398401531625 7.17024557720574 0 0
 411.553060320968 5.43877848555684 0 0
 413.707515371539 5.97617407443088 0 0
 415.861772640576 9.11135148060249 0 0
 418.015838085317 11.6530633541711 0 0
 420.169717663 16.0548019657683 0 0
 422.323417330863 23.4670796096099 0 0
 424.476943046144 31.4551498072449 0 0
 426.630300766081 43.5272227797042 0 0
 428.783496447912 61.2067696416009 0 0
 430.936536048875 85.9211437751502 0 0
 433.089425526208 130.807384243687 0 0
 435.242170837149 181.748422905737 0 0
 437.394777938936 223.828650585942 0 0
 439.547252788807 267.56226761091 0 0
 441.699601344 339.132558721531 0 0
 443.851829561753 427.405866489074 0 0
 446.003943399304 511.132614302838 0 0
 448.155948813891 560.557289277348 0 0
 450.307851762752 554.937446495784 0 0
 452.459658203125 499.45847683899 0 0
 454.611374092248 419.582276489087 0 0
 456.763005387359 342.378216994937 0 0
 458.914558045696 285.837901942322 0 0
 461.066038024497 247.266139813601 0 0
 463.217451281 216.532752734326 0 0
 465.368803772443 189.24434445262 0 0
 467.520101456064 161.020032714867 0 0
 469.671350289101 133.175831288874 0 0
 471.822556228792 112.260435969502 0 0
 473.973725232375 96.956846630862 0 0
 476.124863257088 86.4932252800034 0 0
 478.275976260169 81.9764360126736 0 0
 480.427070198856 78.9123415898375 0 0
 482.578151030387 76.4587751931351 0 0
 484.729224712 76.800503310693 0 0
 486.880297200933 77.1615350550487 0 0
 489.031374454424 78.3910152566943 0 0
 491.182462429711 82.6970292798298 0 0
 493.333567084032 86.7087056724831 0 0
 495.484694374625 90.6348422480412 0 0
 497.635850258728 96.5440775800722 0 0
 499.787040693579 101.134711082618 0 0
 501.938271636416 104.942058155354 0 0
 504.089549044477 -NAN 0 0
 506.240878875 -NAN 0 0
 508.392267085223 -NAN 0 0
 510.543719632384 -NAN 0 0
 512.695242473721 -NAN 0 0
 514.846841566472 -NAN 0 0
 516.998522867875 -NAN 0 0
 519.150292335168 -NAN 0 0
 521.302155925589 -NAN 0 0
 523.454119596376 -NAN 0 0
 525.606189304767 -NAN 0 0
 527.758371008 -NAN 0 0
 529.910670663313 -NAN 0 0
 532.063094227944 -NAN 0 0
 534.215647659131 -NAN 0 0
 536.368336914112 -NAN 0 0
 538.521167950125 -NAN 0 0
 540.674146724408 -NAN 0 0
 542.827279194199 -NAN 0 0
 544.980571316736 -NAN 0 0
 547.134029049257 -NAN 0 0
 549.287658349 -NAN 0 0
 551.441465173203 -NAN 0 0
 553.595455479104 -NAN 0 0
 555.749635223941 -NAN 0 0
 557.904010364952 -NAN 0 0
 560.058586859375 -NAN 0 0
 562.213370664448 -NAN 0 0
 564.368367737409 -NAN 0 0
 566.523584035496 -NAN 0 0
 568.679025515947 -NAN 0 0
 570.834698136 -NAN 0 0
 572.990607852893 -NAN 0 0
 575.146760623864 -NAN 0 0
 577.303162406151 -NAN 0 0
 579.459819156992 -NAN 0 0
 581.616736833625 -NAN 0 0
 583.773921393288 -NAN 0 0
 585.931378793219 -NAN 0 0
 588.089114990656 -NAN 0 0
 590.247135942837 -NAN 0 0
 592.405447607 -NAN 0 0
 594.564055940383 -NAN 0 0
 596.722966900224 -NAN 0 0
 598.882186443761 -NAN 0 0
 601.041720528232 -NAN 0 0
 603.201575110875 -NAN 0 0
 605.361756148928 -NAN 0 0
 607.522269599629 -NAN 0 0
 609.683121420216 -NAN 0 0
 611.844317567927 -NAN 0 0
 614.005864 -NAN 0 0
 616.167766673673 -NAN 0 0
 618.330031546184 -NAN 0 0
 620.492664574771 -NAN 0 0
 622.655671716672 -NAN 0 0
 624.819058929125 -NAN 0 0
 626.982832169368 -NAN 0 0
 629.146997394639 -NAN 0 0
 631.311560562176 -NAN 0 0
 633.476527629217 -NAN 0 0
 635.641904553 -NAN 0 0
 637.807697290763 -NAN 0 0
 639.973911799744 -NAN 0 0
 642.140554037181 -NAN 0 0
 644.307629960312 -NAN 0 0
 646.475145526375 -NAN 0 0
 648.643106692608 -NAN 0 0
 650.811519416249 -NAN 0 0
 652.980389654536 -NAN 0 0
 655.149723364707 -NAN 0 0
 657.319526504 -NAN 0 0
 659.489805029653 -NAN 0 0
 661.660564898904 -NAN 0 0
 663.831812068991 -NAN 0 0
 666.003552497152 -NAN 0 0
 668.175792140625 -NAN 0 0
 670.348536956648 -NAN 0 0
 672.521792902459 -NAN 0 0
 674.695565935296 -NAN 0 0
 676.869862012397 -NAN 0 0
 679.044687091 -NAN 0 0
 681.220047128343 -NAN 0 0
 683.395948081664 -NAN 0 0
 685.572395908201 -NAN 0 0
 687.749396565192 -NAN 0 0
 689.926956009875 -NAN 0 0
 692.105080199488 -NAN 0 0
 694.283775091269 -NAN 0 0
 696.463046642456 -NAN 0 0
 698.642900810287 -NAN 0 0
 700.823343552 -NAN 0 0
 703.004380824833 -NAN 0 0
 705.186018586024 -NAN 0 0
 707.368262792811 -NAN 0 0
 709.551119402432 -NAN 0 0
 711.734594372125 -NAN 0 0
 713.918693659128 -NAN 0 0
 716.103423220679 -NAN 0 0
 718.288789014016 -NAN 0 0
 720.474796996377 -NAN 0 0
 722.661453125 -NAN 0 0
 724.848763357123 -NAN 0 0
 727.036733649984 -NAN 0 0
 729.225369960821 -NAN 0 0
 731.414678246872 -NAN 0 0
 733.604664465375 -NAN 0 0
 735.795334573568 -NAN 0 0
[END] of [DATA]
[END] of Spectrum


[Spectrum]
Version            = 1
IDData             = 12ad_2026-06-11_10-29-10_000_595
IDDevice           = SAM_82E6
IDDataType         = SPECTRUM
IDDataTypeSub1     = CALIBRATED
IDDataTypeSub2     = 
IDDataTypeSub3     = 
DateTime           = 2026-06-11 10:29:10
PositionLatitude   = 0
PositionLongitude  = 0
Comment            = 20260611_FrameD
CommentSub1        = con
CommentSub2        = centre
CommentSub3        = 17cm
IDMethodType       = SAM Control
MethodName         = SAM_82E6
Mission            = No Mission
MissionSub         = 1
RecordType         = 0
[Attributes]
CalFactor = 1
IDBasisSpec = 
IDDataBack = DLAB_2024-11-11_10-40-48_641_639
IDDataCal = DLAB_2024-11-12_11-45-27_171_455
IntegrationTime = 128
P31 = -1
P31e = 0
PathLength = +INF
PathLengthCustomOn = 0
RAWDynamic = 65535
Salinity = 0
Temperature = -NAN
Unit1 = $01 $01 Wavelength nm
Unit2 = $03 $06 Intensity mW/(m^2 nm)
Unit3 = $f0 $06 Error mW/(m^2 nm)
Unit4 = $f1 $00 Status 
p999 = 8611
[END] of [Attributes]
[DATA]
 0 6 0 0
 185.260577530984 -NAN 0 0
 187.468128380571 -NAN 0 0
 189.674861895872 -NAN 0 0
 191.880784034125 -NAN 0 0
 194.085900752568 -NAN 0 0
 196.290218008439 -NAN 0 0
 198.493741758976 -NAN 0 0
 200.696477961417 -NAN 0 0
 202.898432573 -NAN 0 0
 205.099611550963 -NAN 0 0
 207.300020852544 -NAN 0 0
 209.499666434981 -NAN 0 0
 211.698554255512 -NAN 0 0
 213.896690271375 -NAN 0 0
 216.094080439808 -NAN 0 0
 218.290730718049 -NAN 0 0
 220.486647063336 -NAN 0 0
 222.681835432907 -NAN 0 0
 224.876301784 -NAN 0 0
 227.070052073853 -NAN 0 0
 229.263092259704 -NAN 0 0
 231.455428298791 -NAN 0 0
 233.647066148352 -NAN 0 0
 235.838011765625 -NAN 0 0
 238.028271107848 -NAN 0 0
 240.217850132259 -NAN 0 0
 242.406754796096 -NAN 0 0
 244.594991056597 -NAN 0 0
 246.782564871 -NAN 0 0
 248.969482196543 -NAN 0 0
 251.155748990464 -NAN 0 0
 253.341371210001 -NAN 0 0
 255.526354812392 -NAN 0 0
 257.710705754875 -NAN 0 0
 259.894429994688 -NAN 0 0
 262.077533489069 -NAN 0 0
 264.260022195256 -NAN 0 0
 266.441902070487 -NAN 0 0
 268.623179072 -NAN 0 0
 270.803859157033 -NAN 0 0
 272.983948282824 -NAN 0 0
 275.163452406611 -NAN 0 0
 277.342377485632 -NAN 0 0
 279.520729477125 0.862176644606511 0 0
 281.698514338328 0.886846235375043 0 0
 283.875738026479 -0.238040194270864 0 0
 286.052406498816 1.0537107598802 0 0
 288.228525712577 0.723082970993859 0 0
 290.404101625 -0.225123816357077 0 0
 292.579140193323 1.26631457624145 0 0
 294.753647374784 0.479311058076119 0 0
 296.927629126621 -0.242893025930864 0 0
 299.101091406072 1.19950905665053 0 0
 301.274040170375 0.683959193037046 0 0
 303.446481376768 0.199104242746398 0 0
 305.618420982489 1.20676356332628 0 0
 307.789864944776 0.616584450828963 0 0
 309.960819220867 0.213902549317222 0 0
 312.131289768 1.60202937108535 0 0
 314.301282543413 1.85352837349682 0 0
 316.470803504344 3.63714566392927 0 0
 318.639858608031 8.37163763493187 0 0
 320.808453811712 11.2456529878642 0 0
 322.976595072625 14.3305434817464 0 0
 325.144288348008 17.7452476889622 0 0
 327.311539595099 17.0628224751094 0 0
 329.478354771136 17.2241429123693 0 0
 331.644739833357 17.8182677346817 0 0
 333.810700739 15.6317869553123 0 0
 335.976243445303 14.8462795023967 0 0
 338.141373909504 14.3304753305381 0 0
 340.306098088841 11.8204585650265 0 0
 342.470421940552 11.2993365551303 0 0
 344.634351421875 11.0735623922415 0 0
 346.797892490048 8.8729181533293 0 0
 348.961051102309 8.38505476544089 0 0
 351.123833215896 8.37532354074469 0 0
 353.286244788047 6.73594678373674 0 0
 355.448291776 6.86059535950367 0 0
 357.609980136993 7.00945501811718 0 0
 359.771315828264 6.52271389679071 0 0
 361.932304807051 9.89924561216262 0 0
 364.092953030592 13.8553993401322 0 0
 366.253266456125 12.5484992539032 0 0
 368.413251040888 9.14802772316489 0 0
 370.572912742119 6.52350993893452 0 0
 372.732257517056 4.07498163304735 0 0
 374.891291322937 4.63023863986391 0 0
 377.050020117 4.22434939183038 0 0
 379.208449856483 2.63044681352189 0 0
 381.366586498624 3.51379305309651 0 0
 383.524436000661 3.01133639656643 0 0
 385.682004319832 1.70599263969255 0 0
 387.839297413375 2.67638874249013 0 0
 389.996321238528 2.47522549791084 0 0
 392.153081752529 1.30720163153055 0 0
 394.309584912616 2.50754632972288 0 0
 396.465836676027 2.19522587501804 0 0
 398.621843 1.94845195397837 0 0
 400.777609841773 6.4979252277842 0 0
 402.933143158584 12.0128149655883 0 0
 405.088448907671 13.2339193326132 0 0
 407.243533046272 11.2268876625084 0 0
 409.398401531625 6.47358017078446 0 0
 411.553060320968 4.92700565674246 0 0
 413.707515371539 7.12591801245947 0 0
 415.861772640576 8.54593450816327 0 0
 418.015838085317 11.3915896981139 0 0
 420.169717663 16.9610922208542 0 0
 422.323417330863 22.696169451123 0 0
 424.476943046144 31.3628351290264 0 0
 426.630300766081 44.2298589307465 0 0
 428.783496447912 60.4362964342778 0 0
 430.936536048875 85.8354458133817 0 0
 433.089425526208 131.014644037471 0 0
 435.242170837149 180.456891311436 0 0
 437.394777938936 223.256349539669 0 0
 439.547252788807 267.914908067897 0 0
 441.699601344 338.440477096772 0 0
 443.851829561753 427.574948493153 0 0
 446.003943399304 511.844441805905 0 0
 448.155948813891 559.865884395611 0 0
 450.307851762752 555.03844959219 0 0
 452.459658203125 499.99573652013 0 0
 454.611374092248 418.764455587179 0 0
 456.763005387359 342.803863317268 0 0
 458.914558045696 286.201185240447 0 0
 461.066038024497 246.279856645347 0 0
 463.217451281 217.191253343245 0 0
 465.368803772443 189.514563545712 0 0
 467.520101456064 160.233903193718 0 0
 469.671350289101 133.959560559379 0 0
 471.822556228792 112.481237445279 0 0
 473.973725232375 96.0099065300203 0 0
 476.124863257088 87.1552880100891 0 0
 478.275976260169 82.1008955593111 0 0
 480.427070198856 78.0546731412806 0 0
 482.578151030387 77.146321985146 0 0
 484.729224712 76.7647401314487 0 0
 486.880297200933 76.3203446931243 0 0
 489.031374454424 79.2212614604976 0 0
 491.182462429711 82.5808757074961 0 0
 493.333567084032 85.7913204931316 0 0
 495.484694374625 91.5756488039183 0 0
 497.635850258728 96.548466105182 0 0
 499.787040693579 100.31715889862 0 0
 501.938271636416 105.934339623733 0 0
 504.089549044477 -NAN 0 0
 506.240878875 -NAN 0 0
 508.392267085223 -NAN 0 0
 510.543719632384 -NAN 0 0
 512.695242473721 -NAN 0 0
 514.846841566472 -NAN 0 0
 516.998522867875 -NAN 0 0
 519.150292335168 -NAN 0 0
 521.302155925589 -NAN 0 0
 523.454119596376 -NAN 0 0
 525.606189304767 -NAN 0 0
 527.758371008 -NAN 0 0
 529.910670663313 -NAN 0 0
 532.063094227944 -NAN 0 0
 534.215647659131 -NAN 0 0
 536.368336914112 -NAN 0 0
 538.521167950125 -NAN 0 0
 540.674146724408 -NAN 0 0
 542.827279194199 -NAN 0 0
 544.980571316736 -NAN 0 0
 547.134029049257 -NAN 0 0
 549.287658349 -NAN 0 0
 551.441465173203 -NAN 0 0
 553.595455479104 -NAN 0 0
 555.749635223941 -NAN 0 0
 557.904010364952 -NAN 0 0
 560.058586859375 -NAN 0 0
 562.213370664448 -NAN 0 0
 564.368367737409 -NAN 0 0
 566.523584035496 -NAN 0 0
 568.679025515947 -NAN 0 0
 570.834698136 -NAN 0 0
 572.990607852893 -NAN 0 0
 575.146760623864 -NAN 0 0
 577.303162406151 -NAN 0 0
 579.459819156992 -NAN 0 0
 581.616736833625 -NAN 0 0
 583.773921393288 -NAN 0 0
 585.931378793219 -NAN 0 0
 588.089114990656 -NAN 0 0
 590.247135942837 -NAN 0 0
 592.405447607 -NAN 0 0
 594.564055940383 -NAN 0 0
 596.722966900224 -NAN 0 0
 598.882186443761 -NAN 0 0
 601.041720528232 -NAN 0 0
 603.201575110875 -NAN 0 0
 605.361756148928 -NAN 0 0
 607.522269599629 -NAN 0 0
 609.683121420216 -NAN 0 0
 611.844317567927 -NAN 0 0
 614.005864 -NAN 0 0
 616.167766673673 -NAN 0 0
 618.330031546184 -NAN 0 0
 620.492664574771 -NAN 0 0
 622.655671716672 -NAN 0 0
 624.819058929125 -NAN 0 0
 626.982832169368 -NAN 0 0
 629.146997394639 -NAN 0 0
 631.311560562176 -NAN 0 0
 633.476527629217 -NAN 0 0
 635.641904553 -NAN 0 0
 637.807697290763 -NAN 0 0
 639.973911799744 -NAN 0 0
 642.140554037181 -NAN 0 0
 644.307629960312 -NAN 0 0
 646.475145526375 -NAN 0 0
 648.643106692608 -NAN 0 0
 650.811519416249 -NAN 0 0
 652.980389654536 -NAN 0 0
 655.149723364707 -NAN 0 0
 657.319526504 -NAN 0 0
 659.489805029653 -NAN 0 0
 661.660564898904 -NAN 0 0
 663.831812068991 -NAN 0 0
 666.003552497152 -NAN 0 0
 668.175792140625 -NAN 0 0
 670.348536956648 -NAN 0 0
 672.521792902459 -NAN 0 0
 674.695565935296 -NAN 0 0
 676.869862012397 -NAN 0 0
 679.044687091 -NAN 0 0
 681.220047128343 -NAN 0 0
 683.395948081664 -NAN 0 0
 685.572395908201 -NAN 0 0
 687.749396565192 -NAN 0 0
 689.926956009875 -NAN 0 0
 692.105080199488 -NAN 0 0
 694.283775091269 -NAN 0 0
 696.463046642456 -NAN 0 0
 698.642900810287 -NAN 0 0
 700.823343552 -NAN 0 0
 703.004380824833 -NAN 0 0
 705.186018586024 -NAN 0 0
 707.368262792811 -NAN 0 0
 709.551119402432 -NAN 0 0
 711.734594372125 -NAN 0 0
 713.918693659128 -NAN 0 0
 716.103423220679 -NAN 0 0
 718.288789014016 -NAN 0 0
 720.474796996377 -NAN 0 0
 722.661453125 -NAN 0 0
 724.848763357123 -NAN 0 0
 727.036733649984 -NAN 0 0
 729.225369960821 -NAN 0 0
 731.414678246872 -NAN 0 0
 733.604664465375 -NAN 0 0
 735.795334573568 -NAN 0 0
[END] of [DATA]
[END] of Spectrum


[Spectrum]
Version            = 1
IDData             = 12ad_2026-06-11_10-29-05_000_592
IDDevice           = SAM_82E6
IDDataType         = SPECTRUM
IDDataTypeSub1     = CALIBRATED
IDDataTypeSub2     = 
IDDataTypeSub3     = 
DateTime           = 2026-06-11 10:29:05
PositionLatitude   = 0
PositionLongitude  = 0
Comment            = 20260611_FrameD
CommentSub1        = con
CommentSub2        = centre
CommentSub3        = 17cm
IDMethodType       = SAM Control
MethodName         = SAM_82E6
Mission            = No Mission
MissionSub         = 1
RecordType         = 0
[Attributes]
CalFactor = 1
IDBasisSpec = 
IDDataBack = DLAB_2024-11-11_10-40-48_641_639
IDDataCal = DLAB_2024-11-12_11-45-27_171_455
IntegrationTime = 128
P31 = -1
P31e = 0
PathLength = +INF
PathLengthCustomOn = 0
RAWDynamic = 65535
Salinity = 0
Temperature = -NAN
Unit1 = $01 $01 Wavelength nm
Unit2 = $03 $06 Intensity mW/(m^2 nm)
Unit3 = $f0 $06 Error mW/(m^2 nm)
Unit4 = $f1 $00 Status 
p999 = 8610
[END] of [Attributes]
[DATA]
 0 6 0 0
 185.260577530984 -NAN 0 0
 187.468128380571 -NAN 0 0
 189.674861895872 -NAN 0 0
 191.880784034125 -NAN 0 0
 194.085900752568 -NAN 0 0
 196.290218008439 -NAN 0 0
 198.493741758976 -NAN 0 0
 200.696477961417 -NAN 0 0
 202.898432573 -NAN 0 0
 205.099611550963 -NAN 0 0
 207.300020852544 -NAN 0 0
 209.499666434981 -NAN 0 0
 211.698554255512 -NAN 0 0
 213.896690271375 -NAN 0 0
 216.094080439808 -NAN 0 0
 218.290730718049 -NAN 0 0
 220.486647063336 -NAN 0 0
 222.681835432907 -NAN 0 0
 224.876301784 -NAN 0 0
 227.070052073853 -NAN 0 0
 229.263092259704 -NAN 0 0
 231.455428298791 -NAN 0 0
 233.647066148352 -NAN 0 0
 235.838011765625 -NAN 0 0
 238.028271107848 -NAN 0 0
 240.217850132259 -NAN 0 0
 242.406754796096 -NAN 0 0
 244.594991056597 -NAN 0 0
 246.782564871 -NAN 0 0
 248.969482196543 -NAN 0 0
 251.155748990464 -NAN 0 0
 253.341371210001 -NAN 0 0
 255.526354812392 -NAN 0 0
 257.710705754875 -NAN 0 0
 259.894429994688 -NAN 0 0
 262.077533489069 -NAN 0 0
 264.260022195256 -NAN 0 0
 266.441902070487 -NAN 0 0
 268.623179072 -NAN 0 0
 270.803859157033 -NAN 0 0
 272.983948282824 -NAN 0 0
 275.163452406611 -NAN 0 0
 277.342377485632 -NAN 0 0
 279.520729477125 0.0303030276169847 0 0
 281.698514338328 0.10761149060042 0 0
 283.875738026479 1.30966764777279 0 0
 286.052406498816 0.0577259161434225 0 0
 288.228525712577 0.152868157124899 0 0
 290.404101625 1.21153811489235 0 0
 292.579140193323 0.0202600852150219 0 0
 294.753647374784 0.254837043038127 0 0
 296.927629126621 1.4000302474437 0 0
 299.101091406072 0.103123047428433 0 0
 301.274040170375 0.368343597371138 0 0
 303.446481376768 1.29784533806426 0 0
 305.618420982489 0.159298278437347 0 0
 307.789864944776 0.556725935773402 0 0
 309.960819220867 1.417804545133 0 0
 312.131289768 0.343998293168876 0 0
 314.301282543413 1.8721332165853 0 0
 316.470803504344 4.580343723141 0 0
 318.639858608031 6.77130783052751 0 0
 320.808453811712 11.55446896861 0 0
 322.976595072625 15.1883389235991 0 0
 325.144288348008 15.7154103610292 0 0
 327.311539595099 17.5084843026111 0 0
 329.478354771136 17.8905152688888 0 0
 331.644739833357 15.9499232962133 0 0
 333.810700739 16.2682798311123 0 0
 335.976243445303 15.2881928411766 0 0
 338.141373909504 12.5581156094807 0 0
 340.306098088841 12.6972652605396 0 0
 342.470421940552 11.5324184721243 0 0
 344.634351421875 9.3507217801417 0 0
 346.797892490048 9.67501576261404 0 0
 348.961051102309 8.61173640143832 0 0
 351.123833215896 7.08351987951775 0 0
 353.286244788047 7.61700614441276 0 0
 355.448291776 6.80035785577983 0 0
 357.609980136993 5.79299899379278 0 0
 359.771315828264 7.37243910681339 0 0
 361.932304807051 9.83775488111872 0 0
 364.092953030592 12.6744466989792 0 0
 366.253266456125 13.7023063517185 0 0
 368.413251040888 8.84010342831542 0 0
 370.572912742119 5.39060416761896 0 0
 372.732257517056 5.50472319177622 0 0
 374.891291322937 4.09514061901755 0 0
 377.050020117 3.20356748399479 0 0
 379.208449856483 4.23980675509946 0 0
 381.366586498624 2.67148672349351 0 0
 383.524436000661 2.21544648745085 0 0
 385.682004319832 3.21369012557341 0 0
 387.839297413375 1.93394970628425 0 0
 389.996321238528 1.66333834211479 0 0
 392.153081752529 2.87799348748249 0 0
 394.309584912616 1.54754604440607 0 0
 396.465836676027 1.75756383119328 0 0
 398.621843 3.4743285935838 0 0
 400.777609841773 5.27805389008478 0 0
 402.933143158584 11.5312347028962 0 0
 405.088448907671 14.4034032368742 0 0
 407.243533046272 10.0483876402436 0 0
 409.398401531625 6.2650388813623 0 0
 411.553060320968 6.03658209162881 0 0
 413.707515371539 5.99738706221738 0 0
 415.861772640576 8.47040949740424 0 0
 418.015838085317 12.2920027392734 0 0
 420.169717663 16.0056087577678 0 0
 422.323417330863 22.8261804279699 0 0
 424.476943046144 32.1120042484146 0 0
 426.630300766081 43.2648132097818 0 0
 428.783496447912 60.6470385588191 0 0
 430.936536048875 86.3825943385186 0 0
 433.089425526208 129.716031892043 0 0
 435.242170837149 180.052488473121 0 0
 437.394777938936 223.297913302806 0 0
 439.547252788807 266.719489271047 0 0
 441.699601344 338.882686020905 0 0
 443.851829561753 427.844475252132 0 0
 446.003943399304 510.718522341919 0 0
 448.155948813891 560.353728449222 0 0
 450.307851762752 555.42622933732 0 0
 452.459658203125 498.943448592933 0 0
 454.611374092248 419.498592489822 0 0
 456.763005387359 343.188507012218 0 0
 458.914558045696 285.193173891255 0 0
 461.066038024497 247.213157659934 0 0
 463.217451281 217.207871655142 0 0
 465.368803772443 188.448464779998 0 0
 467.520101456064 161.137845040925 0 0
 469.671350289101 134.035335488847 0 0
 471.822556228792 111.495282340571 0 0
 473.973725232375 97.3158029946695 0 0
 476.124863257088 87.0534322054605 0 0
 478.275976260169 81.2985759818798 0 0
 480.427070198856 79.35565593078 0 0
 482.578151030387 76.903001854207 0 0
 484.729224712 76.0584173413744 0 0
 486.880297200933 77.6872790312515 0 0
 489.031374454424 78.8162087303402 0 0
 491.182462429711 81.8951228862181 0 0
 493.333567084032 87.1918915557823 0 0
 495.484694374625 91.1948988565986 0 0
 497.635850258728 95.6575955078854 0 0
 499.787040693579 101.567404924681 0 0
 501.938271636416 105.312280308415 0 0
 504.089549044477 -NAN 0 0
 506.240878875 -NAN 0 0
 508.392267085223 -NAN 0 0
 510.543719632384 -NAN 0 0
 512.695242473721 -NAN 0 0
 514.846841566472 -NAN 0 0
 516.998522867875 -NAN 0 0
 519.150292335168 -NAN 0 0
 521.302155925589 -NAN 0 0
 523.454119596376 -NAN 0 0
 525.606189304767 -NAN 0 0
 527.758371008 -NAN 0 0
 529.910670663313 -NAN 0 0
 532.063094227944 -NAN 0 0
 534.215647659131 -NAN 0 0
 536.368336914112 -NAN 0 0
 538.521167950125 -NAN 0 0
 540.674146724408 -NAN 0 0
 542.827279194199 -NAN 0 0
 544.980571316736 -NAN 0 0
 547.134029049257 -NAN 0 0
 549.287658349 -NAN 0 0
 551.441465173203 -NAN 0 0
 553.595455479104 -NAN 0 0
 555.749635223941 -NAN 0 0
 557.904010364952 -NAN 0 0
 560.058586859375 -NAN 0 0
 562.213370664448 -NAN 0 0
 564.368367737409 -NAN 0 0
 566.523584035496 -NAN 0 0
 568.679025515947 -NAN 0 0
 570.834698136 -NAN 0 0
 572.990607852893 -NAN 0 0
 575.146760623864 -NAN 0 0
 577.303162406151 -NAN 0 0
 579.459819156992 -NAN 0 0
 581.616736833625 -NAN 0 0
 583.773921393288 -NAN 0 0
 585.931378793219 -NAN 0 0
 588.089114990656 -NAN 0 0
 590.247135942837 -NAN 0 0
 592.405447607 -NAN 0 0
 594.564055940383 -NAN 0 0
 596.722966900224 -NAN 0 0
 598.882186443761 -NAN 0 0
 601.041720528232 -NAN 0 0
 603.201575110875 -NAN 0 0
 605.361756148928 -NAN 0 0
 607.522269599629 -NAN 0 0
 609.683121420216 -NAN 0 0
 611.844317567927 -NAN 0 0
 614.005864 -NAN 0 0
 616.167766673673 -NAN 0 0
 618.330031546184 -NAN 0 0
 620.492664574771 -NAN 0 0
 622.655671716672 -NAN 0 0
 624.819058929125 -NAN 0 0
 626.982832169368 -NAN 0 0
 629.146997394639 -NAN 0 0
 631.311560562176 -NAN 0 0
 633.476527629217 -NAN 0 0
 635.641904553 -NAN 0 0
 637.807697290763 -NAN 0 0
 639.973911799744 -NAN 0 0
 642.140554037181 -NAN 0 0
 644.307629960312 -NAN 0 0
 646.475145526375 -NAN 0 0
 648.643106692608 -NAN 0 0
 650.811519416249 -NAN 0 0
 652.980389654536 -NAN 0 0
 655.149723364707 -NAN 0 0
 657.319526504 -NAN 0 0
 659.489805029653 -NAN 0 0
 661.660564898904 -NAN 0 0
 663.831812068991 -NAN 0 0
 666.003552497152 -NAN 0 0
 668.175792140625 -NAN 0 0
 670.348536956648 -NAN 0 0
 672.521792902459 -NAN 0 0
 674.695565935296 -NAN 0 0
 676.869862012397 -NAN 0 0
 679.044687091 -NAN 0 0
 681.220047128343 -NAN 0 0
 683.395948081664 -NAN 0 0
 685.572395908201 -NAN 0 0
 687.749396565192 -NAN 0 0
 689.926956009875 -NAN 0 0
 692.105080199488 -NAN 0 0
 694.283775091269 -NAN 0 0
 696.463046642456 -NAN 0 0
 698.642900810287 -NAN 0 0
 700.823343552 -NAN 0 0
 703.004380824833 -NAN 0 0
 705.186018586024 -NAN 0 0
 707.368262792811 -NAN 0 0
 709.551119402432 -NAN 0 0
 711.734594372125 -NAN 0 0
 713.918693659128 -NAN 0 0
 716.103423220679 -NAN 0 0
 718.288789014016 -NAN 0 0
 720.474796996377 -NAN 0 0
 722.661453125 -NAN 0 0
 724.848763357123 -NAN 0 0
 727.036733649984 -NAN 0 0
 729.225369960821 -NAN 0 0
 731.414678246872 -NAN 0 0
 733.604664465375 -NAN 0 0
 735.795334573568 -NAN 0 0
[END] of [DATA]
[END] of Spectrum


[Spectrum]
Version            = 1
IDData             = 12ad_2026-06-11_10-29-00_000_589
IDDevice           = SAM_82E6
IDDataType         = SPECTRUM
IDDataTypeSub1     = CALIBRATED
IDDataTypeSub2     = 
IDDataTypeSub3     = 
DateTime           = 2026-06-11 10:29:00
PositionLatitude   = 0
PositionLongitude  = 0
Comment            = 20260611_FrameD
CommentSub1        = con
CommentSub2        = centre
CommentSub3        = 17cm
IDMethodType       = SAM Control
MethodName         = SAM_82E6
Mission            = No Mission
MissionSub         = 1
RecordType         = 0
[Attributes]
CalFactor = 1
IDBasisSpec = 
IDDataBack = DLAB_2024-11-11_10-40-48_641_639
IDDataCal = DLAB_2024-11-12_11-45-27_171_455
IntegrationTime = 128
P31 = -1
P31e = 0
PathLength = +INF
PathLengthCustomOn = 0
RAWDynamic = 65535
Salinity = 0
Temperature = -NAN
Unit1 = $01 $01 Wavelength nm
Unit2 = $03 $06 Intensity mW/(m^2 nm)
Unit3 = $f0 $06 Error mW/(m^2 nm)
Unit4 = $f1 $00 Status 
p999 = 8609
[END] of [Attributes]
[DATA]
 0 6 0 0
 185.260577530984 -NAN 0 0
 187.468128380571 -NAN 0 0
 189.674861895872 -NAN 0 0
 191.880784034125 -NAN 0 0
 194.085900752568 -NAN 0 0
 196.290218008439 -NAN 0 0
 198.493741758976 -NAN 0 0
 200.696477961417 -NAN 0 0
 202.898432573 -NAN 0 0
 205.099611550963 -NAN 0 0
 207.300020852544 -NAN 0 0
 209.499666434981 -NAN 0 0
 211.698554255512 -NAN 0 0
 213.896690271375 -NAN 0 0
 216.094080439808 -NAN 0 0
 218.290730718049 -NAN 0 0
 220.486647063336 -NAN 0 0
 222.681835432907 -NAN 0 0
 224.876301784 -NAN 0 0
 227.070052073853 -NAN 0 0
 229.263092259704 -NAN 0 0
 231.455428298791 -NAN 0 0
 233.647066148352 -NAN 0 0
 235.838011765625 -NAN 0 0
 238.028271107848 -NAN 0 0
 240.217850132259 -NAN 0 0
 242.406754796096 -NAN 0 0
 244.594991056597 -NAN 0 0
 246.782564871 -NAN 0 0
 248.969482196543 -NAN 0 0
 251.155748990464 -NAN 0 0
 253.341371210001 -NAN 0 0
 255.526354812392 -NAN 0 0
 257.710705754875 -NAN 0 0
 259.894429994688 -NAN 0 0
 262.077533489069 -NAN 0 0
 264.260022195256 -NAN 0 0
 266.441902070487 -NAN 0 0
 268.623179072 -NAN 0 0
 270.803859157033 -NAN 0 0
 272.983948282824 -NAN 0 0
 275.163452406611 -NAN 0 0
 277.342377485632 -NAN 0 0
 279.520729477125 1.21709278359156 0 0
 281.698514338328 -0.0584334969606142 0 0
 283.875738026479 0.139001770898529 0 0
 286.052406498816 1.31069227203969 0 0
 288.228525712577 0.0740696275701434 0 0
 290.404101625 0.189297894580256 0 0
 292.579140193323 1.26208588452982 0 0
 294.753647374784 -0.0914551874777936 0 0
 296.927629126621 0.484614729589712 0 0
 299.101091406072 1.34609109918783 0 0
 301.274040170375 -0.00877062539143676 0 0
 303.446481376768 0.569355963733233 0 0
 305.618420982489 1.06803356152888 0 0
 307.789864944776 0.132371820111653 0 0
 309.960819220867 0.852597414242827 0 0
 312.131289768 1.4771264644228 0 0
 314.301282543413 1.24305695965589 0 0
 316.470803504344 4.09530534295051 0 0
 318.639858608031 8.04359575380397 0 0
 320.808453811712 10.4270244182147 0 0
 322.976595072625 14.8072527518908 0 0
 325.144288348008 16.9093473953112 0 0
 327.311539595099 16.082073256035 0 0
 329.478354771136 17.3803239334286 0 0
 331.644739833357 16.9610795969058 0 0
 333.810700739 14.8013857847918 0 0
 335.976243445303 15.0250799651267 0 0
 338.141373909504 13.441486659041 0 0
 340.306098088841 11.2300391957569 0 0
 342.470421940552 11.6253893491275 0 0
 344.634351421875 10.2096269904075 0 0
 346.797892490048 8.30396036120113 0 0
 348.961051102309 8.90202768019014 0 0
 351.123833215896 7.76748178333895 0 0
 353.286244788047 6.51677236356857 0 0
 355.448291776 7.22524739097478 0 0
 357.609980136993 6.4087227737105 0 0
 359.771315828264 6.32587881649432 0 0
 361.932304807051 10.0738353663765 0 0
 364.092953030592 13.0187971344971 0 0
 366.253266456125 12.4819334597984 0 0
 368.413251040888 9.5153547363121 0 0
 370.572912742119 5.70585843435976 0 0
 372.732257517056 4.14151157784222 0 0
 374.891291322937 4.94081060673705 0 0
 377.050020117 3.57463550184313 0 0
 379.208449856483 2.80257835509931 0 0
 381.366586498624 3.86569620086688 0 0
 383.524436000661 2.26518960677057 0 0
 385.682004319832 2.13696654367548 0 0
 387.839297413375 3.25872165065924 0 0
 389.996321238528 1.71250105916127 0 0
 392.153081752529 1.75262935746745 0 0
 394.309584912616 2.84709188518294 0 0
 396.465836676027 1.56289819820375 0 0
 398.621843 2.49378699648083 0 0
 400.777609841773 6.44720563058774 0 0
 402.933143158584 11.028110060031 0 0
 405.088448907671 13.4071307091897 0 0
 407.243533046272 10.9880988475133 0 0
 409.398401531625 5.89264372167987 0 0
 411.553060320968 5.34061516278857 0 0
 413.707515371539 7.00818593024436 0 0
 415.861772640576 8.02848612363856 0 0
 418.015838085317 11.8309833983304 0 0
 420.169717663 16.9071688966998 0 0
 422.323417330863 22.2319753295637 0 0
 424.476943046144 31.679723014834 0 0
 426.630300766081 44.025283048932 0 0
 428.783496447912 60.1606457353777 0 0
 430.936536048875 86.1592852266028 0 0
 433.089425526208 130.021254322733 0 0
 435.242170837149 178.886433648811 0 0
 437.394777938936 222.477028980848 0 0
 439.547252788807 267.242788297814 0 0
 441.699601344 338.216084836012 0 0
 443.851829561753 428.009372058091 0 0
 446.003943399304 511.441472149722 0 0
 448.155948813891 559.594762430564 0 0
 450.307851762752 555.571421288404 0 0
 452.459658203125 499.709506793454 0 0
 454.611374092248 418.573313725221 0 0
 456.763005387359 343.310538641327 0 0
 458.914558045696 286.018545560346 0 0
 461.066038024497 246.276799982636 0 0
 463.217451281 217.636831830984 0 0
 465.368803772443 189.131401316055 0 0
 467.520101456064 160.115019846514 0 0
 469.671350289101 134.365497681532 0 0
 471.822556228792 112.104126013877 0 0
 473.973725232375 96.0462426036572 0 0
 476.124863257088 87.6701026747878 0 0
 478.275976260169 81.4774865801713 0 0
 480.427070198856 78.0713809682005 0 0
 482.578151030387 77.7055118273497 0 0
 484.729224712 76.2182340486222 0 0
 486.880297200933 76.6592817671444 0 0
 489.031374454424 79.6811417701514 0 0
 491.182462429711 82.1151445568887 0 0
 493.333567084032 86.1687398812386 0 0
 495.484694374625 92.0903253315451 0 0
 497.635850258728 95.9527238215218 0 0
 499.787040693579 100.76398595663 0 0
 501.938271636416 106.279808551444 0 0
 504.089549044477 -NAN 0 0
 506.240878875 -NAN 0 0
 508.392267085223 -NAN 0 0
 510.543719632384 -NAN 0 0
 512.695242473721 -NAN 0 0
 514.846841566472 -NAN 0 0
 516.998522867875 -NAN 0 0
 519.150292335168 -NAN 0 0
 521.302155925589 -NAN 0 0
 523.454119596376 -NAN 0 0
 525.606189304767 -NAN 0 0
 527.758371008 -NAN 0 0
 529.910670663313 -NAN 0 0
 532.063094227944 -NAN 0 0
 534.215647659131 -NAN 0 0
 536.368336914112 -NAN 0 0
 538.521167950125 -NAN 0 0
 540.674146724408 -NAN 0 0
 542.827279194199 -NAN 0 0
 544.980571316736 -NAN 0 0
 547.134029049257 -NAN 0 0
 549.287658349 -NAN 0 0
 551.441465173203 -NAN 0 0
 553.595455479104 -NAN 0 0
 555.749635223941 -NAN 0 0
 557.904010364952 -NAN 0 0
 560.058586859375 -NAN 0 0
 562.213370664448 -NAN 0 0
 564.368367737409 -NAN 0 0
 566.523584035496 -NAN 0 0
 568.679025515947 -NAN 0 0
 570.834698136 -NAN 0 0
 572.990607852893 -NAN 0 0
 575.146760623864 -NAN 0 0
 577.303162406151 -NAN 0 0
 579.459819156992 -NAN 0 0
 581.616736833625 -NAN 0 0
 583.773921393288 -NAN 0 0
 585.931378793219 -NAN 0 0
 588.089114990656 -NAN 0 0
 590.247135942837 -NAN 0 0
 592.405447607 -NAN 0 0
 594.564055940383 -NAN 0 0
 596.722966900224 -NAN 0 0
 598.882186443761 -NAN 0 0
 601.041720528232 -NAN 0 0
 603.201575110875 -NAN 0 0
 605.361756148928 -NAN 0 0
 607.522269599629 -NAN 0 0
 609.683121420216 -NAN 0 0
 611.844317567927 -NAN 0 0
 614.005864 -NAN 0 0
 616.167766673673 -NAN 0 0
 618.330031546184 -NAN 0 0
 620.492664574771 -NAN 0 0
 622.655671716672 -NAN 0 0
 624.819058929125 -NAN 0 0
 626.982832169368 -NAN 0 0
 629.146997394639 -NAN 0 0
 631.311560562176 -NAN 0 0
 633.476527629217 -NAN 0 0
 635.641904553 -NAN 0 0
 637.807697290763 -NAN 0 0
 639.973911799744 -NAN 0 0
 642.140554037181 -NAN 0 0
 644.307629960312 -NAN 0 0
 646.475145526375 -NAN 0 0
 648.643106692608 -NAN 0 0
 650.811519416249 -NAN 0 0
 652.980389654536 -NAN 0 0
 655.149723364707 -NAN 0 0
 657.319526504 -NAN 0 0
 659.489805029653 -NAN 0 0
 661.660564898904 -NAN 0 0
 663.831812068991 -NAN 0 0
 666.003552497152 -NAN 0 0
 668.175792140625 -NAN 0 0
 670.348536956648 -NAN 0 0
 672.521792902459 -NAN 0 0
 674.695565935296 -NAN 0 0
 676.869862012397 -NAN 0 0
 679.044687091 -NAN 0 0
 681.220047128343 -NAN 0 0
 683.395948081664 -NAN 0 0
 685.572395908201 -NAN 0 0
 687.749396565192 -NAN 0 0
 689.926956009875 -NAN 0 0
 692.105080199488 -NAN 0 0
 694.283775091269 -NAN 0 0
 696.463046642456 -NAN 0 0
 698.642900810287 -NAN 0 0
 700.823343552 -NAN 0 0
 703.004380824833 -NAN 0 0
 705.186018586024 -NAN 0 0
 707.368262792811 -NAN 0 0
 709.551119402432 -NAN 0 0
 711.734594372125 -NAN 0 0
 713.918693659128 -NAN 0 0
 716.103423220679 -NAN 0 0
 718.288789014016 -NAN 0 0
 720.474796996377 -NAN 0 0
 722.661453125 -NAN 0 0
 724.848763357123 -NAN 0 0
 727.036733649984 -NAN 0 0
 729.225369960821 -NAN 0 0
 731.414678246872 -NAN 0 0
 733.604664465375 -NAN 0 0
 735.795334573568 -NAN 0 0
[END] of [DATA]
[END] of Spectrum


[Spectrum]
Version            = 1
IDData             = 12ad_2026-06-11_10-28-55_000_586
IDDevice           = SAM_82E6
IDDataType         = SPECTRUM
IDDataTypeSub1     = CALIBRATED
IDDataTypeSub2     = 
IDDataTypeSub3     = 
DateTime           = 2026-06-11 10:28:55
PositionLatitude   = 0
PositionLongitude  = 0
Comment            = 20260611_FrameD
CommentSub1        = con
CommentSub2        = centre
CommentSub3        = 17cm
IDMethodType       = SAM Control
MethodName         = SAM_82E6
Mission            = No Mission
MissionSub         = 1
RecordType         = 0
[Attributes]
CalFactor = 1
IDBasisSpec = 
IDDataBack = DLAB_2024-11-11_10-40-48_641_639
IDDataCal = DLAB_2024-11-12_11-45-27_171_455
IntegrationTime = 128
P31 = -1
P31e = 0
PathLength = +INF
PathLengthCustomOn = 0
RAWDynamic = 65535
Salinity = 0
Temperature = -NAN
Unit1 = $01 $01 Wavelength nm
Unit2 = $03 $06 Intensity mW/(m^2 nm)
Unit3 = $f0 $06 Error mW/(m^2 nm)
Unit4 = $f1 $00 Status 
p999 = 8608
[END] of [Attributes]
[DATA]
 0 6 0 0
 185.260577530984 -NAN 0 0
 187.468128380571 -NAN 0 0
 189.674861895872 -NAN 0 0
 191.880784034125 -NAN 0 0
 194.085900752568 -NAN 0 0
 196.290218008439 -NAN 0 0
 198.493741758976 -NAN 0 0
 200.696477961417 -NAN 0 0
 202.898432573 -NAN 0 0
 205.099611550963 -NAN 0 0
 207.300020852544 -NAN 0 0
 209.499666434981 -NAN 0 0
 211.698554255512 -NAN 0 0
 213.896690271375 -NAN 0 0
 216.094080439808 -NAN 0 0
 218.290730718049 -NAN 0 0
 220.486647063336 -NAN 0 0
 222.681835432907 -NAN 0 0
 224.876301784 -NAN 0 0
 227.070052073853 -NAN 0 0
 229.263092259704 -NAN 0 0
 231.455428298791 -NAN 0 0
 233.647066148352 -NAN 0 0
 235.838011765625 -NAN 0 0
 238.028271107848 -NAN 0 0
 240.217850132259 -NAN 0 0
 242.406754796096 -NAN 0 0
 244.594991056597 -NAN 0 0
 246.782564871 -NAN 0 0
 248.969482196543 -NAN 0 0
 251.155748990464 -NAN 0 0
 253.341371210001 -NAN 0 0
 255.526354812392 -NAN 0 0
 257.710705754875 -NAN 0 0
 259.894429994688 -NAN 0 0
 262.077533489069 -NAN 0 0
 264.260022195256 -NAN 0 0
 266.441902070487 -NAN 0 0
 268.623179072 -NAN 0 0
 270.803859157033 -NAN 0 0
 272.983948282824 -NAN 0 0
 275.163452406611 -NAN 0 0
 277.342377485632 -NAN 0 0
 279.520729477125 1.06640908949615 0 0
 281.698514338328 -0.216633839440025 0 0
 283.875738026479 0.578177992500334 0 0
 286.052406498816 1.18728307128513 0 0
 288.228525712577 -0.408750453519906 0 0
 290.404101625 0.615352495649167 0 0
 292.579140193323 1.01541220135151 0 0
 294.753647374784 -0.306347994556843 0 0
 296.927629126621 0.810914019587596 0 0
 299.101091406072 0.794322922807578 0 0
 301.274040170375 -0.128286825220806 0 0
 303.446481376768 0.850048271384018 0 0
 305.618420982489 0.995979994703871 0 0
 307.789864944776 0.0415151454737445 0 0
 309.960819220867 0.994169372458149 0 0
 312.131289768 1.32071651824177 0 0
 314.301282543413 1.18607962769741 0 0
 316.470803504344 4.38730577838005 0 0
 318.639858608031 7.63322179270671 0 0
 320.808453811712 10.170121468715 0 0
 322.976595072625 14.8902198520044 0 0
 325.144288348008 16.1369697491916 0 0
 327.311539595099 15.8783002493813 0 0
 329.478354771136 17.6287261288276 0 0
 331.644739833357 16.0890868280802 0 0
 333.810700739 14.6222796499737 0 0
 335.976243445303 15.1108460407452 0 0
 338.141373909504 12.993481309582 0 0
 340.306098088841 11.3834125031764 0 0
 342.470421940552 11.514086186518 0 0
 344.634351421875 9.74056162667523 0 0
 346.797892490048 8.46220552206905 0 0
 348.961051102309 8.82453956992571 0 0
 351.123833215896 7.45068764458052 0 0
 353.286244788047 6.50259690355769 0 0
 355.448291776 7.21126368475317 0 0
 357.609980136993 6.02858026610912 0 0
 359.771315828264 6.31189599658256 0 0
 361.932304807051 10.1386202437264 0 0
 364.092953030592 12.4554172416335 0 0
 366.253266456125 12.4036894562016 0 0
 368.413251040888 9.39048779784952 0 0
 370.572912742119 5.32780451288971 0 0
 372.732257517056 4.45328916227306 0 0
 374.891291322937 4.89913211767615 0 0
 377.050020117 3.03527641270298 0 0
 379.208449856483 3.01109542579067 0 0
 381.366586498624 3.69469105676963 0 0
 383.524436000661 1.93972748322151 0 0
 385.682004319832 2.32329519523245 0 0
 387.839297413375 2.85774789637248 0 0
 389.996321238528 1.44140379087643 0 0
 392.153081752529 2.00934004063981 0 0
 394.309584912616 2.55936452694169 0 0
 396.465836676027 1.37628769485516 0 0
 398.621843 2.71537082153658 0 0
 400.777609841773 6.14939055987008 0 0
 402.933143158584 10.4869659227428 0 0
 405.088448907671 13.3469366847056 0 0
 407.243533046272 10.6091255540632 0 0
 409.398401531625 5.54774851225092 0 0
 411.553060320968 5.54466251910465 0 0
 413.707515371539 6.65074708604175 0 0
 415.861772640576 7.92336347352802 0 0
 418.015838085317 12.0659164953141 0 0
 420.169717663 16.5713306497734 0 0
 422.323417330863 22.2200729161904 0 0
 424.476943046144 31.9877344892744 0 0
 426.630300766081 43.9052997258425 0 0
 428.783496447912 60.1041668460006 0 0
 430.936536048875 86.029914265087 0 0
 433.089425526208 129.427811241312 0 0
 435.242170837149 178.113592651479 0 0
 437.394777938936 222.020626889477 0 0
 439.547252788807 266.766400157527 0 0
 441.699601344 338.087038737334 0 0
 443.851829561753 428.149157675325 0 0
 446.003943399304 511.137747674254 0 0
 448.155948813891 559.630736542431 0 0
 450.307851762752 555.786954681627 0 0
 452.459658203125 499.547402579317 0 0
 454.611374092248 418.663654406246 0 0
 456.763005387359 343.491145452408 0 0
 458.914558045696 285.55645718938 0 0
 461.066038024497 246.520314111988 0 0
 463.217451281 217.754198658757 0 0
 465.368803772443 188.889681892937 0 0
 467.520101456064 160.23604523601 0 0
 469.671350289101 134.585244976991 0 0
 471.822556228792 111.814460711496 0 0
 473.973725232375 96.30940386424 0 0
 476.124863257088 87.7354232451474 0 0
 478.275976260169 81.3630282471028 0 0
 480.427070198856 78.3776911283994 0 0
 482.578151030387 77.7512738703244 0 0
 484.729224712 75.9019534321807 0 0
 486.880297200933 76.6850096638522 0 0
 489.031374454424 79.626314190655 0 0
 491.182462429711 81.6784517993648 0 0
 493.333567084032 86.4147861490015 0 0
 495.484694374625 91.8567839394392 0 0
 497.635850258728 95.7409774849722 0 0
 499.787040693579 101.043388764193 0 0
 501.938271636416 106.072096703941 0 0
 504.089549044477 -NAN 0 0
 506.240878875 -NAN 0 0
 508.392267085223 -NAN 0 0
 510.543719632384 -NAN 0 0
 512.695242473721 -NAN 0 0
 514.846841566472 -NAN 0 0
 516.998522867875 -NAN 0 0
 519.150292335168 -NAN 0 0
 521.302155925589 -NAN 0 0
 523.454119596376 -NAN 0 0
 525.606189304767 -NAN 0 0
 527.758371008 -NAN 0 0
 529.910670663313 -NAN 0 0
 532.063094227944 -NAN 0 0
 534.215647659131 -NAN 0 0
 536.368336914112 -NAN 0 0
 538.521167950125 -NAN 0 0
 540.674146724408 -NAN 0 0
 542.827279194199 -NAN 0 0
 544.980571316736 -NAN 0 0
 547.134029049257 -NAN 0 0
 549.287658349 -NAN 0 0
 551.441465173203 -NAN 0 0
 553.595455479104 -NAN 0 0
 555.749635223941 -NAN 0 0
 557.904010364952 -NAN 0 0
 560.058586859375 -NAN 0 0
 562.213370664448 -NAN 0 0
 564.368367737409 -NAN 0 0
 566.523584035496 -NAN 0 0
 568.679025515947 -NAN 0 0
 570.834698136 -NAN 0 0
 572.990607852893 -NAN 0 0
 575.146760623864 -NAN 0 0
 577.303162406151 -NAN 0 0
 579.459819156992 -NAN 0 0
 581.616736833625 -NAN 0 0
 583.773921393288 -NAN 0 0
 585.931378793219 -NAN 0 0
 588.089114990656 -NAN 0 0
 590.247135942837 -NAN 0 0
 592.405447607 -NAN 0 0
 594.564055940383 -NAN 0 0
 596.722966900224 -NAN 0 0
 598.882186443761 -NAN 0 0
 601.041720528232 -NAN 0 0
 603.201575110875 -NAN 0 0
 605.361756148928 -NAN 0 0
 607.522269599629 -NAN 0 0
 609.683121420216 -NAN 0 0
 611.844317567927 -NAN 0 0
 614.005864 -NAN 0 0
 616.167766673673 -NAN 0 0
 618.330031546184 -NAN 0 0
 620.492664574771 -NAN 0 0
 622.655671716672 -NAN 0 0
 624.819058929125 -NAN 0 0
 626.982832169368 -NAN 0 0
 629.146997394639 -NAN 0 0
 631.311560562176 -NAN 0 0
 633.476527629217 -NAN 0 0
 635.641904553 -NAN 0 0
 637.807697290763 -NAN 0 0
 639.973911799744 -NAN 0 0
 642.140554037181 -NAN 0 0
 644.307629960312 -NAN 0 0
 646.475145526375 -NAN 0 0
 648.643106692608 -NAN 0 0
 650.811519416249 -NAN 0 0
 652.980389654536 -NAN 0 0
 655.149723364707 -NAN 0 0
 657.319526504 -NAN 0 0
 659.489805029653 -NAN 0 0
 661.660564898904 -NAN 0 0
 663.831812068991 -NAN 0 0
 666.003552497152 -NAN 0 0
 668.175792140625 -NAN 0 0
 670.348536956648 -NAN 0 0
 672.521792902459 -NAN 0 0
 674.695565935296 -NAN 0 0
 676.869862012397 -NAN 0 0
 679.044687091 -NAN 0 0
 681.220047128343 -NAN 0 0
 683.395948081664 -NAN 0 0
 685.572395908201 -NAN 0 0
 687.749396565192 -NAN 0 0
 689.926956009875 -NAN 0 0
 692.105080199488 -NAN 0 0
 694.283775091269 -NAN 0 0
 696.463046642456 -NAN 0 0
 698.642900810287 -NAN 0 0
 700.823343552 -NAN 0 0
 703.004380824833 -NAN 0 0
 705.186018586024 -NAN 0 0
 707.368262792811 -NAN 0 0
 709.551119402432 -NAN 0 0
 711.734594372125 -NAN 0 0
 713.918693659128 -NAN 0 0
 716.103423220679 -NAN 0 0
 718.288789014016 -NAN 0 0
 720.474796996377 -NAN 0 0
 722.661453125 -NAN 0 0
 724.848763357123 -NAN 0 0
 727.036733649984 -NAN 0 0
 729.225369960821 -NAN 0 0
 731.414678246872 -NAN 0 0
 733.604664465375 -NAN 0 0
 735.795334573568 -NAN 0 0
[END] of [DATA]
[END] of Spectrum


[Spectrum]
Version            = 1
IDData             = 12ad_2026-06-11_10-28-50_000_583
IDDevice           = SAM_82E6
IDDataType         = SPECTRUM
IDDataTypeSub1     = CALIBRATED
IDDataTypeSub2     = 
IDDataTypeSub3     = 
DateTime           = 2026-06-11 10:28:50
PositionLatitude   = 0
PositionLongitude  = 0
Comment            = 20260611_FrameD
CommentSub1        = con
CommentSub2        = centre
CommentSub3        = 17cm
IDMethodType       = SAM Control
MethodName         = SAM_82E6
Mission            = No Mission
MissionSub         = 1
RecordType         = 0
[Attributes]
CalFactor = 1
IDBasisSpec = 
IDDataBack = DLAB_2024-11-11_10-40-48_641_639
IDDataCal = DLAB_2024-11-12_11-45-27_171_455
IntegrationTime = 128
P31 = -1
P31e = 0
PathLength = +INF
PathLengthCustomOn = 0
RAWDynamic = 65535
Salinity = 0
Temperature = -NAN
Unit1 = $01 $01 Wavelength nm
Unit2 = $03 $06 Intensity mW/(m^2 nm)
Unit3 = $f0 $06 Error mW/(m^2 nm)
Unit4 = $f1 $00 Status 
p999 = 8607
[END] of [Attributes]
[DATA]
 0 6 0 0
 185.260577530984 -NAN 0 0
 187.468128380571 -NAN 0 0
 189.674861895872 -NAN 0 0
 191.880784034125 -NAN 0 0
 194.085900752568 -NAN 0 0
 196.290218008439 -NAN 0 0
 198.493741758976 -NAN 0 0
 200.696477961417 -NAN 0 0
 202.898432573 -NAN 0 0
 205.099611550963 -NAN 0 0
 207.300020852544 -NAN 0 0
 209.499666434981 -NAN 0 0
 211.698554255512 -NAN 0 0
 213.896690271375 -NAN 0 0
 216.094080439808 -NAN 0 0
 218.290730718049 -NAN 0 0
 220.486647063336 -NAN 0 0
 222.681835432907 -NAN 0 0
 224.876301784 -NAN 0 0
 227.070052073853 -NAN 0 0
 229.263092259704 -NAN 0 0
 231.455428298791 -NAN 0 0
 233.647066148352 -NAN 0 0
 235.838011765625 -NAN 0 0
 238.028271107848 -NAN 0 0
 240.217850132259 -NAN 0 0
 242.406754796096 -NAN 0 0
 244.594991056597 -NAN 0 0
 246.782564871 -NAN 0 0
 248.969482196543 -NAN 0 0
 251.155748990464 -NAN 0 0
 253.341371210001 -NAN 0 0
 255.526354812392 -NAN 0 0
 257.710705754875 -NAN 0 0
 259.894429994688 -NAN 0 0
 262.077533489069 -NAN 0 0
 264.260022195256 -NAN 0 0
 266.441902070487 -NAN 0 0
 268.623179072 -NAN 0 0
 270.803859157033 -NAN 0 0
 272.983948282824 -NAN 0 0
 275.163452406611 -NAN 0 0
 277.342377485632 -NAN 0 0
 279.520729477125 1.16478935258324 0 0
 281.698514338328 -0.0662781420422378 0 0
 283.875738026479 0.130528917748655 0 0
 286.052406498816 1.35424846054129 0 0
 288.228525712577 0.0912620340184537 0 0
 290.404101625 0.180573226981575 0 0
 292.579140193323 1.43123355299495 0 0
 294.753647374784 -0.099667651442598 0 0
 296.927629126621 0.454143200562673 0 0
 299.101091406072 1.31748972503421 0 0
 301.274040170375 -0.0992780388544542 0 0
 303.446481376768 0.582462219343386 0 0
 305.618420982489 1.04222332863634 0 0
 307.789864944776 0.125958407784269 0 0
 309.960819220867 0.865565837896139 0 0
 312.131289768 1.3893568543356 0 0
 314.301282543413 1.06863655570135 0 0
 316.470803504344 4.04399145890013 0 0
 318.639858608031 7.66538276144474 0 0
 320.808453811712 10.0356800288213 0 0
 322.976595072625 14.1153915102653 0 0
 325.144288348008 16.1210890873088 0 0
 327.311539595099 15.4135805147825 0 0
 329.478354771136 16.6217304025693 0 0
 331.644739833357 16.1527467415938 0 0
 333.810700739 14.0997634054216 0 0
 335.976243445303 14.3883758783319 0 0
 338.141373909504 12.8769156543936 0 0
 340.306098088841 10.6599791150828 0 0
 342.470421940552 11.0754207809395 0 0
 344.634351421875 9.8172720480899 0 0
 346.797892490048 8.01404556266447 0 0
 348.961051102309 8.4787344211337 0 0
 351.123833215896 7.33762683887521 0 0
 353.286244788047 6.15693376329247 0 0
 355.448291776 6.87027638688786 0 0
 357.609980136993 6.03607603386464 0 0
 359.771315828264 6.04837362132236 0 0
 361.932304807051 9.79053878406716 0 0
 364.092953030592 12.6055766118757 0 0
 366.253266456125 12.0755317694748 0 0
 368.413251040888 9.18075983324732 0 0
 370.572912742119 5.60789097298214 0 0
 372.732257517056 4.01627874058129 0 0
 374.891291322937 4.83594215039027 0 0
 377.050020117 3.24357109930186 0 0
 379.208449856483 2.61785182267476 0 0
 381.366586498624 3.67914513457897 0 0
 383.524436000661 2.02642263403589 0 0
 385.682004319832 1.92361312586215 0 0
 387.839297413375 2.96968049915924 0 0
 389.996321238528 1.4765200173382 0 0
 392.153081752529 1.81923537256082 0 0
 394.309584912616 2.78981914088848 0 0
 396.465836676027 1.40985073502577 0 0
 398.621843 2.41417604137098 0 0
 400.777609841773 6.1584940773156 0 0
 402.933143158584 10.3589669581851 0 0
 405.088448907671 12.692173112257 0 0
 407.243533046272 10.4891371445382 0 0
 409.398401531625 5.65889414452537 0 0
 411.553060320968 5.23473112924077 0 0
 413.707515371539 6.9636386558927 0 0
 415.861772640576 7.96724962842854 0 0
 418.015838085317 11.7720043781671 0 0
 420.169717663 16.7993222483911 0 0
 422.323417330863 22.275922702019 0 0
 424.476943046144 31.7063522489355 0 0
 426.630300766081 43.9579542777019 0 0
 428.783496447912 60.003853594719 0 0
 430.936536048875 85.8280296436133 0 0
 433.089425526208 128.952571011034 0 0
 435.242170837149 177.083404393401 0 0
 437.394777938936 220.961550232618 0 0
 439.547252788807 266.510007898663 0 0
 441.699601344 338.018816914466 0 0
 443.851829561753 427.944082967407 0 0
 446.003943399304 511.35933820706 0 0
 448.155948813891 559.826400614293 0 0
 450.307851762752 555.630940970214 0 0
 452.459658203125 499.637254629438 0 0
 454.611374092248 418.584725179666 0 0
 456.763005387359 343.181673240988 0 0
 458.914558045696 285.779018111033 0 0
 461.066038024497 246.289026633482 0 0
 463.217451281 217.780164771096 0 0
 465.368803772443 189.011069376162 0 0
 467.520101456064 160.031480197128 0 0
 469.671350289101 134.417457633168 0 0
 471.822556228792 111.959839900993 0 0
 473.973725232375 96.1783737805189 0 0
 476.124863257088 87.6435315953194 0 0
 478.275976260169 81.5508288130113 0 0
 480.427070198856 78.1047966220404 0 0
 482.578151030387 77.638542983972 0 0
 484.729224712 76.2115284525139 0 0
 486.880297200933 76.471356260757 0 0
 489.031374454424 79.5133022410807 0 0
 491.182462429711 82.0280293776384 0 0
 493.333567084032 86.0217801194978 0 0
 495.484694374625 91.8446087957749 0 0
 497.635850258728 95.8868959448743 0 0
 499.787040693579 100.698755729183 0 0
 501.938271636416 106.157118651883 0 0
 504.089549044477 -NAN 0 0
 506.240878875 -NAN 0 0
 508.392267085223 -NAN 0 0
 510.543719632384 -NAN 0 0
 512.695242473721 -NAN 0 0
 514.846841566472 -NAN 0 0
 516.998522867875 -NAN 0 0
 519.150292335168 -NAN 0 0
 521.302155925589 -NAN 0 0
 523.454119596376 -NAN 0 0
 525.606189304767 -NAN 0 0
 527.758371008 -NAN 0 0
 529.910670663313 -NAN 0 0
 532.063094227944 -NAN 0 0
 534.215647659131 -NAN 0 0
 536.368336914112 -NAN 0 0
 538.521167950125 -NAN 0 0
 540.674146724408 -NAN 0 0
 542.827279194199 -NAN 0 0
 544.980571316736 -NAN 0 0
 547.134029049257 -NAN 0 0
 549.287658349 -NAN 0 0
 551.441465173203 -NAN 0 0
 553.595455479104 -NAN 0 0
 555.749635223941 -NAN 0 0
 557.904010364952 -NAN 0 0
 560.058586859375 -NAN 0 0
 562.213370664448 -NAN 0 0
 564.368367737409 -NAN 0 0
 566.523584035496 -NAN 0 0
 568.679025515947 -NAN 0 0
 570.834698136 -NAN 0 0
 572.990607852893 -NAN 0 0
 575.146760623864 -NAN 0 0
 577.303162406151 -NAN 0 0
 579.459819156992 -NAN 0 0
 581.616736833625 -NAN 0 0
 583.773921393288 -NAN 0 0
 585.931378793219 -NAN 0 0
 588.089114990656 -NAN 0 0
 590.247135942837 -NAN 0 0
 592.405447607 -NAN 0 0
 594.564055940383 -NAN 0 0
 596.722966900224 -NAN 0 0
 598.882186443761 -NAN 0 0
 601.041720528232 -NAN 0 0
 603.201575110875 -NAN 0 0
 605.361756148928 -NAN 0 0
 607.522269599629 -NAN 0 0
 609.683121420216 -NAN 0 0
 611.844317567927 -NAN 0 0
 614.005864 -NAN 0 0
 616.167766673673 -NAN 0 0
 618.330031546184 -NAN 0 0
 620.492664574771 -NAN 0 0
 622.655671716672 -NAN 0 0
 624.819058929125 -NAN 0 0
 626.982832169368 -NAN 0 0
 629.146997394639 -NAN 0 0
 631.311560562176 -NAN 0 0
 633.476527629217 -NAN 0 0
 635.641904553 -NAN 0 0
 637.807697290763 -NAN 0 0
 639.973911799744 -NAN 0 0
 642.140554037181 -NAN 0 0
 644.307629960312 -NAN 0 0
 646.475145526375 -NAN 0 0
 648.643106692608 -NAN 0 0
 650.811519416249 -NAN 0 0
 652.980389654536 -NAN 0 0
 655.149723364707 -NAN 0 0
 657.319526504 -NAN 0 0
 659.489805029653 -NAN 0 0
 661.660564898904 -NAN 0 0
 663.831812068991 -NAN 0 0
 666.003552497152 -NAN 0 0
 668.175792140625 -NAN 0 0
 670.348536956648 -NAN 0 0
 672.521792902459 -NAN 0 0
 674.695565935296 -NAN 0 0
 676.869862012397 -NAN 0 0
 679.044687091 -NAN 0 0
 681.220047128343 -NAN 0 0
 683.395948081664 -NAN 0 0
 685.572395908201 -NAN 0 0
 687.749396565192 -NAN 0 0
 689.926956009875 -NAN 0 0
 692.105080199488 -NAN 0 0
 694.283775091269 -NAN 0 0
 696.463046642456 -NAN 0 0
 698.642900810287 -NAN 0 0
 700.823343552 -NAN 0 0
 703.004380824833 -NAN 0 0
 705.186018586024 -NAN 0 0
 707.368262792811 -NAN 0 0
 709.551119402432 -NAN 0 0
 711.734594372125 -NAN 0 0
 713.918693659128 -NAN 0 0
 716.103423220679 -NAN 0 0
 718.288789014016 -NAN 0 0
 720.474796996377 -NAN 0 0
 722.661453125 -NAN 0 0
 724.848763357123 -NAN 0 0
 727.036733649984 -NAN 0 0
 729.225369960821 -NAN 0 0
 731.414678246872 -NAN 0 0
 733.604664465375 -NAN 0 0
 735.795334573568 -NAN 0 0
[END] of [DATA]
[END] of Spectrum


[Spectrum]
Version            = 1
IDData             = 12ad_2026-06-11_10-28-45_000_580
IDDevice           = SAM_82E6
IDDataType         = SPECTRUM
IDDataTypeSub1     = CALIBRATED
IDDataTypeSub2     = 
IDDataTypeSub3     = 
DateTime           = 2026-06-11 10:28:45
PositionLatitude   = 0
PositionLongitude  = 0
Comment            = 20260611_FrameD
CommentSub1        = con
CommentSub2        = centre
CommentSub3        = 17cm
IDMethodType       = SAM Control
MethodName         = SAM_82E6
Mission            = No Mission
MissionSub         = 1
RecordType         = 0
[Attributes]
CalFactor = 1
IDBasisSpec = 
IDDataBack = DLAB_2024-11-11_10-40-48_641_639
IDDataCal = DLAB_2024-11-12_11-45-27_171_455
IntegrationTime = 128
P31 = -1
P31e = 0
PathLength = +INF
PathLengthCustomOn = 0
RAWDynamic = 65535
Salinity = 0
Temperature = -NAN
Unit1 = $01 $01 Wavelength nm
Unit2 = $03 $06 Intensity mW/(m^2 nm)
Unit3 = $f0 $06 Error mW/(m^2 nm)
Unit4 = $f1 $00 Status 
p999 = 8606
[END] of [Attributes]
[DATA]
 0 6 0 0
 185.260577530984 -NAN 0 0
 187.468128380571 -NAN 0 0
 189.674861895872 -NAN 0 0
 191.880784034125 -NAN 0 0
 194.085900752568 -NAN 0 0
 196.290218008439 -NAN 0 0
 198.493741758976 -NAN 0 0
 200.696477961417 -NAN 0 0
 202.898432573 -NAN 0 0
 205.099611550963 -NAN 0 0
 207.300020852544 -NAN 0 0
 209.499666434981 -NAN 0 0
 211.698554255512 -NAN 0 0
 213.896690271375 -NAN 0 0
 216.094080439808 -NAN 0 0
 218.290730718049 -NAN 0 0
 220.486647063336 -NAN 0 0
 222.681835432907 -NAN 0 0
 224.876301784 -NAN 0 0
 227.070052073853 -NAN 0 0
 229.263092259704 -NAN 0 0
 231.455428298791 -NAN 0 0
 233.647066148352 -NAN 0 0
 235.838011765625 -NAN 0 0
 238.028271107848 -NAN 0 0
 240.217850132259 -NAN 0 0
 242.406754796096 -NAN 0 0
 244.594991056597 -NAN 0 0
 246.782564871 -NAN 0 0
 248.969482196543 -NAN 0 0
 251.155748990464 -NAN 0 0
 253.341371210001 -NAN 0 0
 255.526354812392 -NAN 0 0
 257.710705754875 -NAN 0 0
 259.894429994688 -NAN 0 0
 262.077533489069 -NAN 0 0
 264.260022195256 -NAN 0 0
 266.441902070487 -NAN 0 0
 268.623179072 -NAN 0 0
 270.803859157033 -NAN 0 0
 272.983948282824 -NAN 0 0
 275.163452406611 -NAN 0 0
 277.342377485632 -NAN 0 0
 279.520729477125 0.415106841463938 0 0
 281.698514338328 -0.288543086021575 0 0
 283.875738026479 1.05971847985151 0 0
 286.052406498816 0.610889510113848 0 0
 288.228525712577 -0.25545149602247 0 0
 290.404101625 1.42529247106003 0 0
 292.579140193323 0.25283812935457 0 0
 294.753647374784 -0.0613428196068434 0 0
 296.927629126621 1.2667173079504 0 0
 299.101091406072 0.299757494734571 0 0
 301.274040170375 0.183847716081139 0 0
 303.446481376768 1.1045280678145 0 0
 305.618420982489 0.317385954904158 0 0
 307.789864944776 0.38677050909779 0 0
 309.960819220867 1.22652029624665 0 0
 312.131289768 0.549919301450374 0 0
 314.301282543413 1.41515175822438 0 0
 316.470803504344 4.38608401923599 0 0
 318.639858608031 6.68254355681055 0 0
 320.808453811712 10.1687903653497 0 0
 322.976595072625 14.1800777239132 0 0
 325.144288348008 14.654293407949 0 0
 327.311539595099 15.5337919287797 0 0
 329.478354771136 16.5027353389051 0 0
 331.644739833357 14.4620578757213 0 0
 333.810700739 14.4076483313899 0 0
 335.976243445303 14.1412532875667 0 0
 338.141373909504 11.5005982798799 0 0
 340.306098088841 11.1133126078093 0 0
 342.470421940552 10.6878238852641 0 0
 344.634351421875 8.49433166565998 0 0
 346.797892490048 8.56971559319306 0 0
 348.961051102309 8.03231038289386 0 0
 351.123833215896 6.44209570457577 0 0
 353.286244788047 6.71740964372251 0 0
 355.448291776 6.4550678790771 0 0
 357.609980136993 5.35289034414724 0 0
 359.771315828264 6.42698536047171 0 0
 361.932304807051 9.22833781452295 0 0
 364.092953030592 11.7226846755644 0 0
 366.253266456125 12.360480081081 0 0
 368.413251040888 8.62552626221953 0 0
 370.572912742119 4.73874375152941 0 0
 372.732257517056 4.85116432232078 0 0
 374.891291322937 3.92977113016302 0 0
 377.050020117 2.56213020407107 0 0
 379.208449856483 3.6142555430254 0 0
 381.366586498624 2.8283592110538 0 0
 383.524436000661 1.70806667038966 0 0
 385.682004319832 3.01313791282888 0 0
 387.839297413375 2.16773299058572 0 0
 389.996321238528 1.38943177571302 0 0
 392.153081752529 2.58242929550567 0 0
 394.309584912616 1.82163703495818 0 0
 396.465836676027 1.42327595109401 0 0
 398.621843 3.09617655681202 0 0
 400.777609841773 5.18831921812181 0 0
 402.933143158584 10.0294646731853 0 0
 405.088448907671 12.9919147851978 0 0
 407.243533046272 9.53873390077631 0 0
 409.398401531625 5.67035245713098 0 0
 411.553060320968 5.96047794251633 0 0
 413.707515371539 6.07693576641678 0 0
 415.861772640576 8.14279424803061 0 0
 418.015838085317 12.3303391023795 0 0
 420.169717663 16.0425036637682 0 0
 422.323417330863 22.4828415806628 0 0
 424.476943046144 32.0667345504421 0 0
 426.630300766081 43.4383142741055 0 0
 428.783496447912 60.2702316401392 0 0
 430.936536048875 85.8362698322449 0 0
 433.089425526208 127.561663488687 0 0
 435.242170837149 176.127543139203 0 0
 437.394777938936 220.063133506346 0 0
 439.547252788807 265.498997414182 0 0
 441.699601344 338.130602070009 0 0
 443.851829561753 428.178454062171 0 0
 446.003943399304 510.890490284367 0 0
 448.155948813891 560.19842557604 0 0
 450.307851762752 555.656191744316 0 0
 452.459658203125 499.146310438052 0 0
 454.611374092248 419.176218901744 0 0
 456.763005387359 343.103572998359 0 0
 458.914558045696 285.052451514784 0 0
 461.066038024497 246.886094749801 0 0
 463.217451281 217.435334799233 0 0
 465.368803772443 188.35663251008 0 0
 467.520101456064 160.794047253065 0 0
 469.671350289101 134.116522913278 0 0
 471.822556228792 111.380509296231 0 0
 473.973725232375 96.7443356547429 0 0
 476.124863257088 87.1763234480015 0 0
 478.275976260169 80.9818708855253 0 0
 480.427070198856 78.9780590423893 0 0
 482.578151030387 77.3282540096554 0 0
 484.729224712 75.6594343729305 0 0
 486.880297200933 77.267802454494 0 0
 489.031374454424 79.081395186272 0 0
 491.182462429711 81.6773349380924 0 0
 493.333567084032 86.954751940246 0 0
 495.484694374625 91.3576030492032 0 0
 497.635850258728 95.5028999977636 0 0
 499.787040693579 101.492390163118 0 0
 501.938271636416 105.412369437004 0 0
 504.089549044477 -NAN 0 0
 506.240878875 -NAN 0 0
 508.392267085223 -NAN 0 0
 510.543719632384 -NAN 0 0
 512.695242473721 -NAN 0 0
 514.846841566472 -NAN 0 0
 516.998522867875 -NAN 0 0
 519.150292335168 -NAN 0 0
 521.302155925589 -NAN 0 0
 523.454119596376 -NAN 0 0
 525.606189304767 -NAN 0 0
 527.758371008 -NAN 0 0
 529.910670663313 -NAN 0 0
 532.063094227944 -NAN 0 0
 534.215647659131 -NAN 0 0
 536.368336914112 -NAN 0 0
 538.521167950125 -NAN 0 0
 540.674146724408 -NAN 0 0
 542.827279194199 -NAN 0 0
 544.980571316736 -NAN 0 0
 547.134029049257 -NAN 0 0
 549.287658349 -NAN 0 0
 551.441465173203 -NAN 0 0
 553.595455479104 -NAN 0 0
 555.749635223941 -NAN 0 0
 557.904010364952 -NAN 0 0
 560.058586859375 -NAN 0 0
 562.213370664448 -NAN 0 0
 564.368367737409 -NAN 0 0
 566.523584035496 -NAN 0 0
 568.679025515947 -NAN 0 0
 570.834698136 -NAN 0 0
 572.990607852893 -NAN 0 0
 575.146760623864 -NAN 0 0
 577.303162406151 -NAN 0 0
 579.459819156992 -NAN 0 0
 581.616736833625 -NAN 0 0
 583.773921393288 -NAN 0 0
 585.931378793219 -NAN 0 0
 588.089114990656 -NAN 0 0
 590.247135942837 -NAN 0 0
 592.405447607 -NAN 0 0
 594.564055940383 -NAN 0 0
 596.722966900224 -NAN 0 0
 598.882186443761 -NAN 0 0
 601.041720528232 -NAN 0 0
 603.201575110875 -NAN 0 0
 605.361756148928 -NAN 0 0
 607.522269599629 -NAN 0 0
 609.683121420216 -NAN 0 0
 611.844317567927 -NAN 0 0
 614.005864 -NAN 0 0
 616.167766673673 -NAN 0 0
 618.330031546184 -NAN 0 0
 620.492664574771 -NAN 0 0
 622.655671716672 -NAN 0 0
 624.819058929125 -NAN 0 0
 626.982832169368 -NAN 0 0
 629.146997394639 -NAN 0 0
 631.311560562176 -NAN 0 0
 633.476527629217 -NAN 0 0
 635.641904553 -NAN 0 0
 637.807697290763 -NAN 0 0
 639.973911799744 -NAN 0 0
 642.140554037181 -NAN 0 0
 644.307629960312 -NAN 0 0
 646.475145526375 -NAN 0 0
 648.643106692608 -NAN 0 0
 650.811519416249 -NAN 0 0
 652.980389654536 -NAN 0 0
 655.149723364707 -NAN 0 0
 657.319526504 -NAN 0 0
 659.489805029653 -NAN 0 0
 661.660564898904 -NAN 0 0
 663.831812068991 -NAN 0 0
 666.003552497152 -NAN 0 0
 668.175792140625 -NAN 0 0
 670.348536956648 -NAN 0 0
 672.521792902459 -NAN 0 0
 674.695565935296 -NAN 0 0
 676.869862012397 -NAN 0 0
 679.044687091 -NAN 0 0
 681.220047128343 -NAN 0 0
 683.395948081664 -NAN 0 0
 685.572395908201 -NAN 0 0
 687.749396565192 -NAN 0 0
 689.926956009875 -NAN 0 0
 692.105080199488 -NAN 0 0
 694.283775091269 -NAN 0 0
 696.463046642456 -NAN 0 0
 698.642900810287 -NAN 0 0
 700.823343552 -NAN 0 0
 703.004380824833 -NAN 0 0
 705.186018586024 -NAN 0 0
 707.368262792811 -NAN 0 0
 709.551119402432 -NAN 0 0
 711.734594372125 -NAN 0 0
 713.918693659128 -NAN 0 0
 716.103423220679 -NAN 0 0
 718.288789014016 -NAN 0 0
 720.474796996377 -NAN 0 0
 722.661453125 -NAN 0 0
 724.848763357123 -NAN 0 0
 727.036733649984 -NAN 0 0
 729.225369960821 -NAN 0 0
 731.414678246872 -NAN 0 0
 733.604664465375 -NAN 0 0
 735.795334573568 -NAN 0 0
[END] of [DATA]
[END] of Spectrum


