[Spectrum]
Version            = 1
IDData             = 12ad_2026-06-11_13-07-45_000_513
IDDevice           = SAM_82E6
IDDataType         = SPECTRUM
IDDataTypeSub1     = CALIBRATED
IDDataTypeSub2     = 
IDDataTypeSub3     = 
DateTime           = 2026-06-11 13:07:45
PositionLatitude   = 0
PositionLongitude  = 0
Comment            = 20260611_FrameF
CommentSub1        = UV
CommentSub2        = left
CommentSub3        = 17cm
IDMethodType       = SAM Control
MethodName         = SAM_82E6
Mission            = No Mission
MissionSub         = 1
RecordType         = 0
[Attributes]
CalFactor = 1
IDBasisSpec = 
IDDataBack = DLAB_2024-11-11_10-40-48_641_639
IDDataCal = DLAB_2024-11-12_11-45-27_171_455
IntegrationTime = 128
P31 = -1
P31e = 0
PathLength = +INF
PathLengthCustomOn = 0
RAWDynamic = 65535
Salinity = 0
Temperature = -NAN
Unit1 = $01 $01 Wavelength nm
Unit2 = $03 $06 Intensity mW/(m^2 nm)
Unit3 = $f0 $06 Error mW/(m^2 nm)
Unit4 = $f1 $00 Status 
p999 = 8767
[END] of [Attributes]
[DATA]
 0 6 0 0
 185.260577530984 -NAN 0 0
 187.468128380571 -NAN 0 0
 189.674861895872 -NAN 0 0
 191.880784034125 -NAN 0 0
 194.085900752568 -NAN 0 0
 196.290218008439 -NAN 0 0
 198.493741758976 -NAN 0 0
 200.696477961417 -NAN 0 0
 202.898432573 -NAN 0 0
 205.099611550963 -NAN 0 0
 207.300020852544 -NAN 0 0
 209.499666434981 -NAN 0 0
 211.698554255512 -NAN 0 0
 213.896690271375 -NAN 0 0
 216.094080439808 -NAN 0 0
 218.290730718049 -NAN 0 0
 220.486647063336 -NAN 0 0
 222.681835432907 -NAN 0 0
 224.876301784 -NAN 0 0
 227.070052073853 -NAN 0 0
 229.263092259704 -NAN 0 0
 231.455428298791 -NAN 0 0
 233.647066148352 -NAN 0 0
 235.838011765625 -NAN 0 0
 238.028271107848 -NAN 0 0
 240.217850132259 -NAN 0 0
 242.406754796096 -NAN 0 0
 244.594991056597 -NAN 0 0
 246.782564871 -NAN 0 0
 248.969482196543 -NAN 0 0
 251.155748990464 -NAN 0 0
 253.341371210001 -NAN 0 0
 255.526354812392 -NAN 0 0
 257.710705754875 -NAN 0 0
 259.894429994688 -NAN 0 0
 262.077533489069 -NAN 0 0
 264.260022195256 -NAN 0 0
 266.441902070487 -NAN 0 0
 268.623179072 -NAN 0 0
 270.803859157033 -NAN 0 0
 272.983948282824 -NAN 0 0
 275.163452406611 -NAN 0 0
 277.342377485632 -NAN 0 0
 279.520729477125 1.58446212043574 0 0
 281.698514338328 3.76321609863707 0 0
 283.875738026479 5.13092441836598 0 0
 286.052406498816 6.15559230636856 0 0
 288.228525712577 10.2705993519555 0 0
 290.404101625 13.8623061329794 0 0
 292.579140193323 17.3832682531602 0 0
 294.753647374784 24.4323309554225 0 0
 296.927629126621 29.1748289555905 0 0
 299.101091406072 33.273566722089 0 0
 301.274040170375 40.2473023909224 0 0
 303.446481376768 43.2968414408009 0 0
 305.618420982489 45.9660091044736 0 0
 307.789864944776 49.471821756713 0 0
 309.960819220867 52.4874568918748 0 0
 312.131289768 54.5316052593098 0 0
 314.301282543413 53.9331353889392 0 0
 316.470803504344 49.2967283956142 0 0
 318.639858608031 44.8010101438729 0 0
 320.808453811712 42.518595451839 0 0
 322.976595072625 40.4834609040014 0 0
 325.144288348008 36.1235045770043 0 0
 327.311539595099 34.2999664480192 0 0
 329.478354771136 31.8486362366987 0 0
 331.644739833357 27.1777554842837 0 0
 333.810700739 26.0821118463541 0 0
 335.976243445303 23.4868482053842 0 0
 338.141373909504 19.3413940981551 0 0
 340.306098088841 18.2268480430787 0 0
 342.470421940552 16.3014316276975 0 0
 344.634351421875 13.1837277550907 0 0
 346.797892490048 12.3784712589683 0 0
 348.961051102309 11.2208882933272 0 0
 351.123833215896 9.04473306363353 0 0
 353.286244788047 8.68343690523102 0 0
 355.448291776 8.23960392689588 0 0
 357.609980136993 6.70534101203608 0 0
 359.771315828264 7.51441850899439 0 0
 361.932304807051 10.9116465768497 0 0
 364.092953030592 13.5550805996478 0 0
 366.253266456125 13.9615626024422 0 0
 368.413251040888 9.8293405330287 0 0
 370.572912742119 5.17206136916119 0 0
 372.732257517056 4.54982280766169 0 0
 374.891291322937 4.65981692242326 0 0
 377.050020117 2.740077320437 0 0
 379.208449856483 2.93832436756281 0 0
 381.366586498624 3.49400733394476 0 0
 383.524436000661 1.78907689328178 0 0
 385.682004319832 2.12132062636916 0 0
 387.839297413375 2.83507800213718 0 0
 389.996321238528 1.31779467373101 0 0
 392.153081752529 1.73736547900855 0 0
 394.309584912616 2.63572818600098 0 0
 396.465836676027 1.30647657130029 0 0
 398.621843 2.21647550284819 0 0
 400.777609841773 5.94131016111538 0 0
 402.933143158584 9.80514965608919 0 0
 405.088448907671 11.9563318741768 0 0
 407.243533046272 10.2479723214337 0 0
 409.398401531625 5.57066513746215 0 0
 411.553060320968 5.14980331066597 0 0
 413.707515371539 6.99651878696178 0 0
 415.861772640576 8.3846784041102 0 0
 418.015838085317 11.8201705779671 0 0
 420.169717663 17.3565299313197 0 0
 422.323417330863 23.2272002016246 0 0
 424.476943046144 32.3569932021482 0 0
 426.630300766081 45.7093655190591 0 0
 428.783496447912 62.5336020577131 0 0
 430.936536048875 87.9004370844555 0 0
 433.089425526208 131.542508824764 0 0
 435.242170837149 180.057283763694 0 0
 437.394777938936 225.259403201624 0 0
 439.547252788807 275.517706911193 0 0
 441.699601344 350.812463576435 0 0
 443.851829561753 443.232611702639 0 0
 446.003943399304 529.650396125421 0 0
 448.155948813891 577.905585370883 0 0
 450.307851762752 570.495530595739 0 0
 452.459658203125 512.087784584946 0 0
 454.611374092248 428.302529594314 0 0
 456.763005387359 349.784072502287 0 0
 458.914558045696 292.528702026461 0 0
 461.066038024497 252.244424483112 0 0
 463.217451281 221.364526918384 0 0
 465.368803772443 193.432740395547 0 0
 467.520101456064 163.457676843117 0 0
 469.671350289101 135.600629031871 0 0
 471.822556228792 114.413796896636 0 0
 473.973725232375 98.1350162912117 0 0
 476.124863257088 87.8771356689784 0 0
 478.275976260169 83.5255128699302 0 0
 480.427070198856 79.8635738691462 0 0
 482.578151030387 77.6530529000371 0 0
 484.729224712 78.0969185582977 0 0
 486.880297200933 78.1369579215356 0 0
 489.031374454424 79.4674261031347 0 0
 491.182462429711 84.0126918587637 0 0
 493.333567084032 87.9200103753161 0 0
 495.484694374625 92.0980731502406 0 0
 497.635850258728 98.2512138477983 0 0
 499.787040693579 102.826348314402 0 0
 501.938271636416 106.636039751046 0 0
 504.089549044477 -NAN 0 0
 506.240878875 -NAN 0 0
 508.392267085223 -NAN 0 0
 510.543719632384 -NAN 0 0
 512.695242473721 -NAN 0 0
 514.846841566472 -NAN 0 0
 516.998522867875 -NAN 0 0
 519.150292335168 -NAN 0 0
 521.302155925589 -NAN 0 0
 523.454119596376 -NAN 0 0
 525.606189304767 -NAN 0 0
 527.758371008 -NAN 0 0
 529.910670663313 -NAN 0 0
 532.063094227944 -NAN 0 0
 534.215647659131 -NAN 0 0
 536.368336914112 -NAN 0 0
 538.521167950125 -NAN 0 0
 540.674146724408 -NAN 0 0
 542.827279194199 -NAN 0 0
 544.980571316736 -NAN 0 0
 547.134029049257 -NAN 0 0
 549.287658349 -NAN 0 0
 551.441465173203 -NAN 0 0
 553.595455479104 -NAN 0 0
 555.749635223941 -NAN 0 0
 557.904010364952 -NAN 0 0
 560.058586859375 -NAN 0 0
 562.213370664448 -NAN 0 0
 564.368367737409 -NAN 0 0
 566.523584035496 -NAN 0 0
 568.679025515947 -NAN 0 0
 570.834698136 -NAN 0 0
 572.990607852893 -NAN 0 0
 575.146760623864 -NAN 0 0
 577.303162406151 -NAN 0 0
 579.459819156992 -NAN 0 0
 581.616736833625 -NAN 0 0
 583.773921393288 -NAN 0 0
 585.931378793219 -NAN 0 0
 588.089114990656 -NAN 0 0
 590.247135942837 -NAN 0 0
 592.405447607 -NAN 0 0
 594.564055940383 -NAN 0 0
 596.722966900224 -NAN 0 0
 598.882186443761 -NAN 0 0
 601.041720528232 -NAN 0 0
 603.201575110875 -NAN 0 0
 605.361756148928 -NAN 0 0
 607.522269599629 -NAN 0 0
 609.683121420216 -NAN 0 0
 611.844317567927 -NAN 0 0
 614.005864 -NAN 0 0
 616.167766673673 -NAN 0 0
 618.330031546184 -NAN 0 0
 620.492664574771 -NAN 0 0
 622.655671716672 -NAN 0 0
 624.819058929125 -NAN 0 0
 626.982832169368 -NAN 0 0
 629.146997394639 -NAN 0 0
 631.311560562176 -NAN 0 0
 633.476527629217 -NAN 0 0
 635.641904553 -NAN 0 0
 637.807697290763 -NAN 0 0
 639.973911799744 -NAN 0 0
 642.140554037181 -NAN 0 0
 644.307629960312 -NAN 0 0
 646.475145526375 -NAN 0 0
 648.643106692608 -NAN 0 0
 650.811519416249 -NAN 0 0
 652.980389654536 -NAN 0 0
 655.149723364707 -NAN 0 0
 657.319526504 -NAN 0 0
 659.489805029653 -NAN 0 0
 661.660564898904 -NAN 0 0
 663.831812068991 -NAN 0 0
 666.003552497152 -NAN 0 0
 668.175792140625 -NAN 0 0
 670.348536956648 -NAN 0 0
 672.521792902459 -NAN 0 0
 674.695565935296 -NAN 0 0
 676.869862012397 -NAN 0 0
 679.044687091 -NAN 0 0
 681.220047128343 -NAN 0 0
 683.395948081664 -NAN 0 0
 685.572395908201 -NAN 0 0
 687.749396565192 -NAN 0 0
 689.926956009875 -NAN 0 0
 692.105080199488 -NAN 0 0
 694.283775091269 -NAN 0 0
 696.463046642456 -NAN 0 0
 698.642900810287 -NAN 0 0
 700.823343552 -NAN 0 0
 703.004380824833 -NAN 0 0
 705.186018586024 -NAN 0 0
 707.368262792811 -NAN 0 0
 709.551119402432 -NAN 0 0
 711.734594372125 -NAN 0 0
 713.918693659128 -NAN 0 0
 716.103423220679 -NAN 0 0
 718.288789014016 -NAN 0 0
 720.474796996377 -NAN 0 0
 722.661453125 -NAN 0 0
 724.848763357123 -NAN 0 0
 727.036733649984 -NAN 0 0
 729.225369960821 -NAN 0 0
 731.414678246872 -NAN 0 0
 733.604664465375 -NAN 0 0
 735.795334573568 -NAN 0 0
[END] of [DATA]
[END] of Spectrum


[Spectrum]
Version            = 1
IDData             = 12ad_2026-06-11_13-07-40_000_510
IDDevice           = SAM_82E6
IDDataType         = SPECTRUM
IDDataTypeSub1     = CALIBRATED
IDDataTypeSub2     = 
IDDataTypeSub3     = 
DateTime           = 2026-06-11 13:07:40
PositionLatitude   = 0
PositionLongitude  = 0
Comment            = 20260611_FrameF
CommentSub1        = UV
CommentSub2        = left
CommentSub3        = 17cm
IDMethodType       = SAM Control
MethodName         = SAM_82E6
Mission            = No Mission
MissionSub         = 1
RecordType         = 0
[Attributes]
CalFactor = 1
IDBasisSpec = 
IDDataBack = DLAB_2024-11-11_10-40-48_641_639
IDDataCal = DLAB_2024-11-12_11-45-27_171_455
IntegrationTime = 128
P31 = -1
P31e = 0
PathLength = +INF
PathLengthCustomOn = 0
RAWDynamic = 65535
Salinity = 0
Temperature = -NAN
Unit1 = $01 $01 Wavelength nm
Unit2 = $03 $06 Intensity mW/(m^2 nm)
Unit3 = $f0 $06 Error mW/(m^2 nm)
Unit4 = $f1 $00 Status 
p999 = 8766
[END] of [Attributes]
[DATA]
 0 6 0 0
 185.260577530984 -NAN 0 0
 187.468128380571 -NAN 0 0
 189.674861895872 -NAN 0 0
 191.880784034125 -NAN 0 0
 194.085900752568 -NAN 0 0
 196.290218008439 -NAN 0 0
 198.493741758976 -NAN 0 0
 200.696477961417 -NAN 0 0
 202.898432573 -NAN 0 0
 205.099611550963 -NAN 0 0
 207.300020852544 -NAN 0 0
 209.499666434981 -NAN 0 0
 211.698554255512 -NAN 0 0
 213.896690271375 -NAN 0 0
 216.094080439808 -NAN 0 0
 218.290730718049 -NAN 0 0
 220.486647063336 -NAN 0 0
 222.681835432907 -NAN 0 0
 224.876301784 -NAN 0 0
 227.070052073853 -NAN 0 0
 229.263092259704 -NAN 0 0
 231.455428298791 -NAN 0 0
 233.647066148352 -NAN 0 0
 235.838011765625 -NAN 0 0
 238.028271107848 -NAN 0 0
 240.217850132259 -NAN 0 0
 242.406754796096 -NAN 0 0
 244.594991056597 -NAN 0 0
 246.782564871 -NAN 0 0
 248.969482196543 -NAN 0 0
 251.155748990464 -NAN 0 0
 253.341371210001 -NAN 0 0
 255.526354812392 -NAN 0 0
 257.710705754875 -NAN 0 0
 259.894429994688 -NAN 0 0
 262.077533489069 -NAN 0 0
 264.260022195256 -NAN 0 0
 266.441902070487 -NAN 0 0
 268.623179072 -NAN 0 0
 270.803859157033 -NAN 0 0
 272.983948282824 -NAN 0 0
 275.163452406611 -NAN 0 0
 277.342377485632 -NAN 0 0
 279.520729477125 2.37648550427607 0 0
 281.698514338328 3.72399287322895 0 0
 283.875738026479 4.19891057187983 0 0
 286.052406498816 7.00058236329977 0 0
 288.228525712577 10.2276183358348 0 0
 290.404101625 12.8502446915325 0 0
 292.579140193323 17.77230789063 0 0
 294.753647374784 24.2680816761264 0 0
 296.927629126621 27.8340816784008 0 0
 299.101091406072 33.5166784023947 0 0
 301.274040170375 39.8783106283424 0 0
 303.446481376768 41.9665564963703 0 0
 305.618420982489 45.8563156146803 0 0
 307.789864944776 48.9972292444868 0 0
 309.960819220867 51.0933513491438 0 0
 312.131289768 54.3358115137307 0 0
 314.301282543413 53.312198750861 0 0
 316.470803504344 47.9185840811183 0 0
 318.639858608031 44.7392610838959 0 0
 320.808453811712 42.3588630480049 0 0
 322.976595072625 39.0997384207506 0 0
 325.144288348008 36.2620994443454 0 0
 327.311539595099 34.3615381478714 0 0
 329.478354771136 30.1172580603847 0 0
 331.644739833357 27.479769957697 0 0
 333.810700739 26.3307881327131 0 0
 335.976243445303 22.1611081890443 0 0
 338.141373909504 19.5773342195003 0 0
 340.306098088841 18.4304409290338 0 0
 342.470421940552 15.2014944913215 0 0
 344.634351421875 13.508175111238 0 0
 346.797892490048 12.8640785465172 0 0
 348.961051102309 10.3326663726842 0 0
 351.123833215896 9.13204734922772 0 0
 353.286244788047 9.16104086559748 0 0
 355.448291776 7.58774808302718 0 0
 357.609980136993 6.92378910091124 0 0
 359.771315828264 8.14041860042881 0 0
 361.932304807051 10.12763975604 0 0
 364.092953030592 13.6634663104993 0 0
 366.253266456125 14.5361305094515 0 0
 368.413251040888 8.89829384623973 0 0
 370.572912742119 5.4282839604565 0 0
 372.732257517056 5.40297151150172 0 0
 374.891291322937 3.74826803263976 0 0
 377.050020117 3.07114172297828 0 0
 379.208449856483 3.95432029589788 0 0
 381.366586498624 2.68844591133787 0 0
 383.524436000661 1.87435081211559 0 0
 385.682004319832 3.12834875844807 0 0
 387.839297413375 2.23149206812248 0 0
 389.996321238528 1.27565520197689 0 0
 392.153081752529 2.76975871295576 0 0
 394.309584912616 1.78481884219745 0 0
 396.465836676027 1.36286247878692 0 0
 398.621843 3.32306777887509 0 0
 400.777609841773 5.17661469569186 0 0
 402.933143158584 9.6302599817431 0 0
 405.088448907671 12.7597378336166 0 0
 407.243533046272 9.42112149936077 0 0
 409.398401531625 5.43316538619479 0 0
 411.553060320968 5.83143177662994 0 0
 413.707515371539 6.39194863504638 0 0
 415.861772640576 8.1152378251861 0 0
 418.015838085317 12.5161230158939 0 0
 420.169717663 16.953524035008 0 0
 422.323417330863 23.0184501824619 0 0
 424.476943046144 33.0813083697083 0 0
 426.630300766081 45.3261094366724 0 0
 428.783496447912 62.0682834467258 0 0
 430.936536048875 88.513507118645 0 0
 433.089425526208 130.920729443412 0 0
 435.242170837149 179.213312622864 0 0
 437.394777938936 225.465623411035 0 0
 439.547252788807 275.027569028317 0 0
 441.699601344 350.491903203921 0 0
 443.851829561753 444.171770160944 0 0
 446.003943399304 529.409127668853 0 0
 448.155948813891 577.816088799897 0 0
 450.307851762752 571.069083893186 0 0
 452.459658203125 512.226731054207 0 0
 454.611374092248 428.068594778187 0 0
 456.763005387359 350.615840086292 0 0
 458.914558045696 292.265221832217 0 0
 461.066038024497 251.645318591652 0 0
 463.217451281 222.193365224248 0 0
 465.368803772443 193.287075415677 0 0
 467.520101456064 162.982143454302 0 0
 469.671350289101 136.367038318497 0 0
 471.822556228792 114.302303082135 0 0
 473.973725232375 97.5272128776481 0 0
 476.124863257088 88.8004806805025 0 0
 478.275976260169 83.312153647123 0 0
 480.427070198856 79.2286764461884 0 0
 482.578151030387 78.3629226398406 0 0
 484.729224712 78.0231570011064 0 0
 486.880297200933 77.5597581519172 0 0
 489.031374454424 80.360332397791 0 0
 491.182462429711 84.0193930263984 0 0
 493.333567084032 87.145131631592 0 0
 495.484694374625 92.7223259708461 0 0
 497.635850258728 98.2577966354631 0 0
 499.787040693579 102.030539539553 0 0
 501.938271636416 107.320520243334 0 0
 504.089549044477 -NAN 0 0
 506.240878875 -NAN 0 0
 508.392267085223 -NAN 0 0
 510.543719632384 -NAN 0 0
 512.695242473721 -NAN 0 0
 514.846841566472 -NAN 0 0
 516.998522867875 -NAN 0 0
 519.150292335168 -NAN 0 0
 521.302155925589 -NAN 0 0
 523.454119596376 -NAN 0 0
 525.606189304767 -NAN 0 0
 527.758371008 -NAN 0 0
 529.910670663313 -NAN 0 0
 532.063094227944 -NAN 0 0
 534.215647659131 -NAN 0 0
 536.368336914112 -NAN 0 0
 538.521167950125 -NAN 0 0
 540.674146724408 -NAN 0 0
 542.827279194199 -NAN 0 0
 544.980571316736 -NAN 0 0
 547.134029049257 -NAN 0 0
 549.287658349 -NAN 0 0
 551.441465173203 -NAN 0 0
 553.595455479104 -NAN 0 0
 555.749635223941 -NAN 0 0
 557.904010364952 -NAN 0 0
 560.058586859375 -NAN 0 0
 562.213370664448 -NAN 0 0
 564.368367737409 -NAN 0 0
 566.523584035496 -NAN 0 0
 568.679025515947 -NAN 0 0
 570.834698136 -NAN 0 0
 572.990607852893 -NAN 0 0
 575.146760623864 -NAN 0 0
 577.303162406151 -NAN 0 0
 579.459819156992 -NAN 0 0
 581.616736833625 -NAN 0 0
 583.773921393288 -NAN 0 0
 585.931378793219 -NAN 0 0
 588.089114990656 -NAN 0 0
 590.247135942837 -NAN 0 0
 592.405447607 -NAN 0 0
 594.564055940383 -NAN 0 0
 596.722966900224 -NAN 0 0
 598.882186443761 -NAN 0 0
 601.041720528232 -NAN 0 0
 603.201575110875 -NAN 0 0
 605.361756148928 -NAN 0 0
 607.522269599629 -NAN 0 0
 609.683121420216 -NAN 0 0
 611.844317567927 -NAN 0 0
 614.005864 -NAN 0 0
 616.167766673673 -NAN 0 0
 618.330031546184 -NAN 0 0
 620.492664574771 -NAN 0 0
 622.655671716672 -NAN 0 0
 624.819058929125 -NAN 0 0
 626.982832169368 -NAN 0 0
 629.146997394639 -NAN 0 0
 631.311560562176 -NAN 0 0
 633.476527629217 -NAN 0 0
 635.641904553 -NAN 0 0
 637.807697290763 -NAN 0 0
 639.973911799744 -NAN 0 0
 642.140554037181 -NAN 0 0
 644.307629960312 -NAN 0 0
 646.475145526375 -NAN 0 0
 648.643106692608 -NAN 0 0
 650.811519416249 -NAN 0 0
 652.980389654536 -NAN 0 0
 655.149723364707 -NAN 0 0
 657.319526504 -NAN 0 0
 659.489805029653 -NAN 0 0
 661.660564898904 -NAN 0 0
 663.831812068991 -NAN 0 0
 666.003552497152 -NAN 0 0
 668.175792140625 -NAN 0 0
 670.348536956648 -NAN 0 0
 672.521792902459 -NAN 0 0
 674.695565935296 -NAN 0 0
 676.869862012397 -NAN 0 0
 679.044687091 -NAN 0 0
 681.220047128343 -NAN 0 0
 683.395948081664 -NAN 0 0
 685.572395908201 -NAN 0 0
 687.749396565192 -NAN 0 0
 689.926956009875 -NAN 0 0
 692.105080199488 -NAN 0 0
 694.283775091269 -NAN 0 0
 696.463046642456 -NAN 0 0
 698.642900810287 -NAN 0 0
 700.823343552 -NAN 0 0
 703.004380824833 -NAN 0 0
 705.186018586024 -NAN 0 0
 707.368262792811 -NAN 0 0
 709.551119402432 -NAN 0 0
 711.734594372125 -NAN 0 0
 713.918693659128 -NAN 0 0
 716.103423220679 -NAN 0 0
 718.288789014016 -NAN 0 0
 720.474796996377 -NAN 0 0
 722.661453125 -NAN 0 0
 724.848763357123 -NAN 0 0
 727.036733649984 -NAN 0 0
 729.225369960821 -NAN 0 0
 731.414678246872 -NAN 0 0
 733.604664465375 -NAN 0 0
 735.795334573568 -NAN 0 0
[END] of [DATA]
[END] of Spectrum


[Spectrum]
Version            = 1
IDData             = 12ad_2026-06-11_13-07-35_000_507
IDDevice           = SAM_82E6
IDDataType         = SPECTRUM
IDDataTypeSub1     = CALIBRATED
IDDataTypeSub2     = 
IDDataTypeSub3     = 
DateTime           = 2026-06-11 13:07:35
PositionLatitude   = 0
PositionLongitude  = 0
Comment            = 20260611_FrameF
CommentSub1        = UV
CommentSub2        = left
CommentSub3        = 17cm
IDMethodType       = SAM Control
MethodName         = SAM_82E6
Mission            = No Mission
MissionSub         = 1
RecordType         = 0
[Attributes]
CalFactor = 1
IDBasisSpec = 
IDDataBack = DLAB_2024-11-11_10-40-48_641_639
IDDataCal = DLAB_2024-11-12_11-45-27_171_455
IntegrationTime = 128
P31 = -1
P31e = 0
PathLength = +INF
PathLengthCustomOn = 0
RAWDynamic = 65535
Salinity = 0
Temperature = -NAN
Unit1 = $01 $01 Wavelength nm
Unit2 = $03 $06 Intensity mW/(m^2 nm)
Unit3 = $f0 $06 Error mW/(m^2 nm)
Unit4 = $f1 $00 Status 
p999 = 8765
[END] of [Attributes]
[DATA]
 0 6 0 0
 185.260577530984 -NAN 0 0
 187.468128380571 -NAN 0 0
 189.674861895872 -NAN 0 0
 191.880784034125 -NAN 0 0
 194.085900752568 -NAN 0 0
 196.290218008439 -NAN 0 0
 198.493741758976 -NAN 0 0
 200.696477961417 -NAN 0 0
 202.898432573 -NAN 0 0
 205.099611550963 -NAN 0 0
 207.300020852544 -NAN 0 0
 209.499666434981 -NAN 0 0
 211.698554255512 -NAN 0 0
 213.896690271375 -NAN 0 0
 216.094080439808 -NAN 0 0
 218.290730718049 -NAN 0 0
 220.486647063336 -NAN 0 0
 222.681835432907 -NAN 0 0
 224.876301784 -NAN 0 0
 227.070052073853 -NAN 0 0
 229.263092259704 -NAN 0 0
 231.455428298791 -NAN 0 0
 233.647066148352 -NAN 0 0
 235.838011765625 -NAN 0 0
 238.028271107848 -NAN 0 0
 240.217850132259 -NAN 0 0
 242.406754796096 -NAN 0 0
 244.594991056597 -NAN 0 0
 246.782564871 -NAN 0 0
 248.969482196543 -NAN 0 0
 251.155748990464 -NAN 0 0
 253.341371210001 -NAN 0 0
 255.526354812392 -NAN 0 0
 257.710705754875 -NAN 0 0
 259.894429994688 -NAN 0 0
 262.077533489069 -NAN 0 0
 264.260022195256 -NAN 0 0
 266.441902070487 -NAN 0 0
 268.623179072 -NAN 0 0
 270.803859157033 -NAN 0 0
 272.983948282824 -NAN 0 0
 275.163452406611 -NAN 0 0
 277.342377485632 -NAN 0 0
 279.520729477125 2.51720664008418 0 0
 281.698514338328 2.31849396277137 0 0
 283.875738026479 5.12103942302446 0 0
 286.052406498816 7.21691143285775 0 0
 288.228525712577 8.4811563807939 0 0
 290.404101625 13.6165613289499 0 0
 292.579140193323 17.9062164614982 0 0
 294.753647374784 22.2300218688608 0 0
 296.927629126621 28.3432101425609 0 0
 299.101091406072 33.1794205321666 0 0
 301.274040170375 38.0252293552598 0 0
 303.446481376768 42.148951886945 0 0
 305.618420982489 45.5132546024837 0 0
 307.789864944776 46.924628160688 0 0
 309.960819220867 50.8458705977597 0 0
 312.131289768 53.9768563135023 0 0
 314.301282543413 51.3505506077189 0 0
 316.470803504344 47.6827845663153 0 0
 318.639858608031 44.6299137901866 0 0
 320.808453811712 40.0653719496211 0 0
 322.976595072625 39.1067695309297 0 0
 325.144288348008 36.529183303284 0 0
 327.311539595099 31.8884082038079 0 0
 329.478354771136 30.2853385878103 0 0
 331.644739833357 27.9934906551205 0 0
 333.810700739 24.0201709719601 0 0
 335.976243445303 22.4300357142886 0 0
 338.141373909504 19.9635457276547 0 0
 340.306098088841 16.4827356533971 0 0
 342.470421940552 15.302322062156 0 0
 344.634351421875 14.0803594021178 0 0
 346.797892490048 11.4567837952872 0 0
 348.961051102309 10.3176313662149 0 0
 351.123833215896 9.72197848394748 0 0
 353.286244788047 7.71405352448723 0 0
 355.448291776 7.43822999342693 0 0
 357.609980136993 7.64231198147609 0 0
 359.771315828264 6.77117785060747 0 0
 361.932304807051 10.0738353663765 0 0
 364.092953030592 14.4616819102078 0 0
 366.253266456125 13.0494944411125 0 0
 368.413251040888 8.88253394138523 0 0
 370.572912742119 6.36148682973307 0 0
 372.732257517056 3.90670000797799 0 0
 374.891291322937 3.60978789156645 0 0
 377.050020117 4.17055142641742 0 0
 379.208449856483 2.55067853815674 0 0
 381.366586498624 2.31393051310835 0 0
 383.524436000661 3.16056575452561 0 0
 385.682004319832 1.59931593078589 0 0
 387.839297413375 1.83051831383572 0 0
 389.996321238528 2.87555047957498 0 0
 392.153081752529 1.2780614999272 0 0
 394.309584912616 1.44800056027521 0 0
 396.465836676027 2.6503406997315 0 0
 398.621843 1.92058811968993 0 0
 400.777609841773 4.73834535581478 0 0
 402.933143158584 10.8456164868003 0 0
 405.088448907671 11.5497150965398 0 0
 407.243533046272 8.87107562203355 0 0
 409.398401531625 6.47014267700277 0 0
 411.553060320968 5.02296306214516 0 0
 413.707515371539 6.03450979084377 0 0
 415.861772640576 9.20422683167103 0 0
 418.015838085317 11.8309833983304 0 0
 420.169717663 16.4303731883874 0 0
 422.323417330863 24.0448044433454 0 0
 424.476943046144 32.5904428211044 0 0
 426.630300766081 44.7710786687115 0 0
 428.783496447912 63.0132511331691 0 0
 430.936536048875 87.7908425756555 0 0
 433.089425526208 130.050400231234 0 0
 435.242170837149 179.461868517559 0 0
 437.394777938936 224.419335604371 0 0
 439.547252788807 274.114424358734 0 0
 441.699601344 351.206177469855 0 0
 443.851829561753 443.271952564975 0 0
 446.003943399304 528.412398052178 0 0
 448.155948813891 578.167933162303 0 0
 450.307851762752 570.359356778263 0 0
 452.459658203125 511.047538685085 0 0
 454.611374092248 428.775153999254 0 0
 456.763005387359 350.075972159115 0 0
 458.914558045696 291.210303024201 0 0
 461.066038024497 252.677451700579 0 0
 463.217451281 221.787255227265 0 0
 465.368803772443 192.152366333357 0 0
 467.520101456064 163.912860830158 0 0
 469.671350289101 135.943781212465 0 0
 471.822556228792 113.166596481479 0 0
 473.973725232375 98.5038824932838 0 0
 476.124863257088 88.4871633684386 0 0
 478.275976260169 82.3775958013893 0 0
 480.427070198856 80.2166659447209 0 0
 482.578151030387 78.2278688056956 0 0
 484.729224712 76.7412705450696 0 0
 486.880297200933 78.4915554544212 0 0
 489.031374454424 80.36592704876 0 0
 491.182462429711 82.6579391352944 0 0
 493.333567084032 88.2328565347794 0 0
 495.484694374625 92.8673208635754 0 0
 497.635850258728 96.8808968822521 0 0
 499.787040693579 103.053566940008 0 0
 501.938271636416 107.306529289875 0 0
 504.089549044477 -NAN 0 0
 506.240878875 -NAN 0 0
 508.392267085223 -NAN 0 0
 510.543719632384 -NAN 0 0
 512.695242473721 -NAN 0 0
 514.846841566472 -NAN 0 0
 516.998522867875 -NAN 0 0
 519.150292335168 -NAN 0 0
 521.302155925589 -NAN 0 0
 523.454119596376 -NAN 0 0
 525.606189304767 -NAN 0 0
 527.758371008 -NAN 0 0
 529.910670663313 -NAN 0 0
 532.063094227944 -NAN 0 0
 534.215647659131 -NAN 0 0
 536.368336914112 -NAN 0 0
 538.521167950125 -NAN 0 0
 540.674146724408 -NAN 0 0
 542.827279194199 -NAN 0 0
 544.980571316736 -NAN 0 0
 547.134029049257 -NAN 0 0
 549.287658349 -NAN 0 0
 551.441465173203 -NAN 0 0
 553.595455479104 -NAN 0 0
 555.749635223941 -NAN 0 0
 557.904010364952 -NAN 0 0
 560.058586859375 -NAN 0 0
 562.213370664448 -NAN 0 0
 564.368367737409 -NAN 0 0
 566.523584035496 -NAN 0 0
 568.679025515947 -NAN 0 0
 570.834698136 -NAN 0 0
 572.990607852893 -NAN 0 0
 575.146760623864 -NAN 0 0
 577.303162406151 -NAN 0 0
 579.459819156992 -NAN 0 0
 581.616736833625 -NAN 0 0
 583.773921393288 -NAN 0 0
 585.931378793219 -NAN 0 0
 588.089114990656 -NAN 0 0
 590.247135942837 -NAN 0 0
 592.405447607 -NAN 0 0
 594.564055940383 -NAN 0 0
 596.722966900224 -NAN 0 0
 598.882186443761 -NAN 0 0
 601.041720528232 -NAN 0 0
 603.201575110875 -NAN 0 0
 605.361756148928 -NAN 0 0
 607.522269599629 -NAN 0 0
 609.683121420216 -NAN 0 0
 611.844317567927 -NAN 0 0
 614.005864 -NAN 0 0
 616.167766673673 -NAN 0 0
 618.330031546184 -NAN 0 0
 620.492664574771 -NAN 0 0
 622.655671716672 -NAN 0 0
 624.819058929125 -NAN 0 0
 626.982832169368 -NAN 0 0
 629.146997394639 -NAN 0 0
 631.311560562176 -NAN 0 0
 633.476527629217 -NAN 0 0
 635.641904553 -NAN 0 0
 637.807697290763 -NAN 0 0
 639.973911799744 -NAN 0 0
 642.140554037181 -NAN 0 0
 644.307629960312 -NAN 0 0
 646.475145526375 -NAN 0 0
 648.643106692608 -NAN 0 0
 650.811519416249 -NAN 0 0
 652.980389654536 -NAN 0 0
 655.149723364707 -NAN 0 0
 657.319526504 -NAN 0 0
 659.489805029653 -NAN 0 0
 661.660564898904 -NAN 0 0
 663.831812068991 -NAN 0 0
 666.003552497152 -NAN 0 0
 668.175792140625 -NAN 0 0
 670.348536956648 -NAN 0 0
 672.521792902459 -NAN 0 0
 674.695565935296 -NAN 0 0
 676.869862012397 -NAN 0 0
 679.044687091 -NAN 0 0
 681.220047128343 -NAN 0 0
 683.395948081664 -NAN 0 0
 685.572395908201 -NAN 0 0
 687.749396565192 -NAN 0 0
 689.926956009875 -NAN 0 0
 692.105080199488 -NAN 0 0
 694.283775091269 -NAN 0 0
 696.463046642456 -NAN 0 0
 698.642900810287 -NAN 0 0
 700.823343552 -NAN 0 0
 703.004380824833 -NAN 0 0
 705.186018586024 -NAN 0 0
 707.368262792811 -NAN 0 0
 709.551119402432 -NAN 0 0
 711.734594372125 -NAN 0 0
 713.918693659128 -NAN 0 0
 716.103423220679 -NAN 0 0
 718.288789014016 -NAN 0 0
 720.474796996377 -NAN 0 0
 722.661453125 -NAN 0 0
 724.848763357123 -NAN 0 0
 727.036733649984 -NAN 0 0
 729.225369960821 -NAN 0 0
 731.414678246872 -NAN 0 0
 733.604664465375 -NAN 0 0
 735.795334573568 -NAN 0 0
[END] of [DATA]
[END] of Spectrum


[Spectrum]
Version            = 1
IDData             = 12ad_2026-06-11_13-07-30_000_504
IDDevice           = SAM_82E6
IDDataType         = SPECTRUM
IDDataTypeSub1     = CALIBRATED
IDDataTypeSub2     = 
IDDataTypeSub3     = 
DateTime           = 2026-06-11 13:07:30
PositionLatitude   = 0
PositionLongitude  = 0
Comment            = 20260611_FrameF
CommentSub1        = UV
CommentSub2        = left
CommentSub3        = 17cm
IDMethodType       = SAM Control
MethodName         = SAM_82E6
Mission            = No Mission
MissionSub         = 1
RecordType         = 0
[Attributes]
CalFactor = 1
IDBasisSpec = 
IDDataBack = DLAB_2024-11-11_10-40-48_641_639
IDDataCal = DLAB_2024-11-12_11-45-27_171_455
IntegrationTime = 128
P31 = -1
P31e = 0
PathLength = +INF
PathLengthCustomOn = 0
RAWDynamic = 65535
Salinity = 0
Temperature = -NAN
Unit1 = $01 $01 Wavelength nm
Unit2 = $03 $06 Intensity mW/(m^2 nm)
Unit3 = $f0 $06 Error mW/(m^2 nm)
Unit4 = $f1 $00 Status 
p999 = 8764
[END] of [Attributes]
[DATA]
 0 6 0 0
 185.260577530984 -NAN 0 0
 187.468128380571 -NAN 0 0
 189.674861895872 -NAN 0 0
 191.880784034125 -NAN 0 0
 194.085900752568 -NAN 0 0
 196.290218008439 -NAN 0 0
 198.493741758976 -NAN 0 0
 200.696477961417 -NAN 0 0
 202.898432573 -NAN 0 0
 205.099611550963 -NAN 0 0
 207.300020852544 -NAN 0 0
 209.499666434981 -NAN 0 0
 211.698554255512 -NAN 0 0
 213.896690271375 -NAN 0 0
 216.094080439808 -NAN 0 0
 218.290730718049 -NAN 0 0
 220.486647063336 -NAN 0 0
 222.681835432907 -NAN 0 0
 224.876301784 -NAN 0 0
 227.070052073853 -NAN 0 0
 229.263092259704 -NAN 0 0
 231.455428298791 -NAN 0 0
 233.647066148352 -NAN 0 0
 235.838011765625 -NAN 0 0
 238.028271107848 -NAN 0 0
 240.217850132259 -NAN 0 0
 242.406754796096 -NAN 0 0
 244.594991056597 -NAN 0 0
 246.782564871 -NAN 0 0
 248.969482196543 -NAN 0 0
 251.155748990464 -NAN 0 0
 253.341371210001 -NAN 0 0
 255.526354812392 -NAN 0 0
 257.710705754875 -NAN 0 0
 259.894429994688 -NAN 0 0
 262.077533489069 -NAN 0 0
 264.260022195256 -NAN 0 0
 266.441902070487 -NAN 0 0
 268.623179072 -NAN 0 0
 270.803859157033 -NAN 0 0
 272.983948282824 -NAN 0 0
 275.163452406611 -NAN 0 0
 277.342377485632 -NAN 0 0
 279.520729477125 1.65793598780458 0 0
 281.698514338328 3.74621936762689 0 0
 283.875738026479 4.88379953482799 0 0
 286.052406498816 5.97991567941208 0 0
 288.228525712577 9.96829953857275 0 0
 290.404101625 13.3199226305948 0 0
 292.579140193323 16.5530351137772 0 0
 294.753647374784 23.4044042158278 0 0
 296.927629126621 28.0156412055202 0 0
 299.101091406072 31.6277959843328 0 0
 301.274040170375 38.4359937702074 0 0
 303.446481376768 41.4543203396069 0 0
 305.618420982489 43.8613996973611 0 0
 307.789864944776 47.4184609098963 0 0
 309.960819220867 50.1779967796142 0 0
 312.131289768 52.1066884677982 0 0
 314.301282543413 51.5947391732552 0 0
 316.470803504344 47.1696457258115 0 0
 318.639858608031 42.769723358379 0 0
 320.808453811712 40.7522212861075 0 0
 322.976595072625 38.7945882389768 0 0
 325.144288348008 34.4935711892117 0 0
 327.311539595099 32.6976362590083 0 0
 329.478354771136 30.06222284344 0 0
 331.644739833357 25.9859826847852 0 0
 333.810700739 24.8106063107443 0 0
 335.976243445303 22.5783092687477 0 0
 338.141373909504 18.3372441769538 0 0
 340.306098088841 17.3541132052847 0 0
 342.470421940552 15.6244465092375 0 0
 344.634351421875 12.443032046677 0 0
 346.797892490048 11.8844081231288 0 0
 348.961051102309 10.7686815602915 0 0
 351.123833215896 8.52644441965772 0 0
 353.286244788047 8.296337804934 0 0
 355.448291776 7.89646528961186 0 0
 357.609980136993 6.32519850443471 0 0
 359.771315828264 7.19066244796043 0 0
 361.932304807051 10.4230148748044 0 0
 364.092953030592 13.2558908769847 0 0
 366.253266456125 13.2947368404457 0 0
 368.413251040888 9.35533108702025 0 0
 370.572912742119 4.90704682620378 0 0
 372.732257517056 4.34501493839122 0 0
 374.891291322937 4.42453512933754 0 0
 377.050020117 2.69731483510875 0 0
 379.208449856483 2.89494162131159 0 0
 381.366586498624 3.17036949924831 0 0
 383.524436000661 1.74501870188431 0 0
 385.682004319832 2.15403481710054 0 0
 387.839297413375 2.74014782002689 0 0
 389.996321238528 1.29953423597089 0 0
 392.153081752529 1.66937183860074 0 0
 394.309584912616 2.51981906064312 0 0
 396.465836676027 1.48234690179429 0 0
 398.621843 2.17534317604144 0 0
 400.777609841773 5.71372222497742 0 0
 402.933143158584 9.46931078868547 0 0
 405.088448907671 11.3875597652767 0 0
 407.243533046272 9.86899902798358 0 0
 409.398401531625 5.39076962955402 0 0
 411.553060320968 5.05605182262885 0 0
 413.707515371539 7.04000541192412 0 0
 415.861772640576 8.35303954825169 0 0
 418.015838085317 11.860472908412 0 0
 420.169717663 17.2761179567035 0 0
 422.323417330863 23.1988175235806 0 0
 424.476943046144 32.3774089482926 0 0
 426.630300766081 45.7758311009145 0 0
 428.783496447912 62.492296601303 0 0
 430.936536048875 87.6969044252555 0 0
 433.089425526208 130.599314841333 0 0
 435.242170837149 178.493219821834 0 0
 437.394777938936 223.968528634961 0 0
 439.547252788807 275.186904280671 0 0
 441.699601344 350.846163513032 0 0
 443.851829561753 443.523064452222 0 0
 446.003943399304 529.90107576292 0 0
 448.155948813891 578.367984320979 0 0
 450.307851762752 570.970786236863 0 0
 452.459658203125 512.625970575881 0 0
 454.611374092248 428.632510818689 0 0
 456.763005387359 350.087687195509 0 0
 458.914558045696 292.767231444735 0 0
 461.066038024497 252.506278588733 0 0
 463.217451281 221.612762952346 0 0
 465.368803772443 193.609016132056 0 0
 467.520101456064 163.829321180772 0 0
 469.671350289101 135.625526508697 0 0
 471.822556228792 114.517639174849 0 0
 473.973725232375 98.2594398160897 0 0
 476.124863257088 88.0420977873442 0 0
 478.275976260169 83.6110788082436 0 0
 480.427070198856 79.8891925370901 0 0
 482.578151030387 77.7791775550651 0 0
 484.729224712 78.1628569200293 0 0
 486.880297200933 78.2432253209808 0 0
 489.031374454424 79.6341467020116 0 0
 491.182462429711 84.0785866738377 0 0
 493.333567084032 88.0858967730387 0 0
 495.484694374625 92.0836843440919 0 0
 497.635850258728 98.2566995041856 0 0
 499.787040693579 102.890491371392 0 0
 501.938271636416 106.660792976396 0 0
 504.089549044477 -NAN 0 0
 506.240878875 -NAN 0 0
 508.392267085223 -NAN 0 0
 510.543719632384 -NAN 0 0
 512.695242473721 -NAN 0 0
 514.846841566472 -NAN 0 0
 516.998522867875 -NAN 0 0
 519.150292335168 -NAN 0 0
 521.302155925589 -NAN 0 0
 523.454119596376 -NAN 0 0
 525.606189304767 -NAN 0 0
 527.758371008 -NAN 0 0
 529.910670663313 -NAN 0 0
 532.063094227944 -NAN 0 0
 534.215647659131 -NAN 0 0
 536.368336914112 -NAN 0 0
 538.521167950125 -NAN 0 0
 540.674146724408 -NAN 0 0
 542.827279194199 -NAN 0 0
 544.980571316736 -NAN 0 0
 547.134029049257 -NAN 0 0
 549.287658349 -NAN 0 0
 551.441465173203 -NAN 0 0
 553.595455479104 -NAN 0 0
 555.749635223941 -NAN 0 0
 557.904010364952 -NAN 0 0
 560.058586859375 -NAN 0 0
 562.213370664448 -NAN 0 0
 564.368367737409 -NAN 0 0
 566.523584035496 -NAN 0 0
 568.679025515947 -NAN 0 0
 570.834698136 -NAN 0 0
 572.990607852893 -NAN 0 0
 575.146760623864 -NAN 0 0
 577.303162406151 -NAN 0 0
 579.459819156992 -NAN 0 0
 581.616736833625 -NAN 0 0
 583.773921393288 -NAN 0 0
 585.931378793219 -NAN 0 0
 588.089114990656 -NAN 0 0
 590.247135942837 -NAN 0 0
 592.405447607 -NAN 0 0
 594.564055940383 -NAN 0 0
 596.722966900224 -NAN 0 0
 598.882186443761 -NAN 0 0
 601.041720528232 -NAN 0 0
 603.201575110875 -NAN 0 0
 605.361756148928 -NAN 0 0
 607.522269599629 -NAN 0 0
 609.683121420216 -NAN 0 0
 611.844317567927 -NAN 0 0
 614.005864 -NAN 0 0
 616.167766673673 -NAN 0 0
 618.330031546184 -NAN 0 0
 620.492664574771 -NAN 0 0
 622.655671716672 -NAN 0 0
 624.819058929125 -NAN 0 0
 626.982832169368 -NAN 0 0
 629.146997394639 -NAN 0 0
 631.311560562176 -NAN 0 0
 633.476527629217 -NAN 0 0
 635.641904553 -NAN 0 0
 637.807697290763 -NAN 0 0
 639.973911799744 -NAN 0 0
 642.140554037181 -NAN 0 0
 644.307629960312 -NAN 0 0
 646.475145526375 -NAN 0 0
 648.643106692608 -NAN 0 0
 650.811519416249 -NAN 0 0
 652.980389654536 -NAN 0 0
 655.149723364707 -NAN 0 0
 657.319526504 -NAN 0 0
 659.489805029653 -NAN 0 0
 661.660564898904 -NAN 0 0
 663.831812068991 -NAN 0 0
 666.003552497152 -NAN 0 0
 668.175792140625 -NAN 0 0
 670.348536956648 -NAN 0 0
 672.521792902459 -NAN 0 0
 674.695565935296 -NAN 0 0
 676.869862012397 -NAN 0 0
 679.044687091 -NAN 0 0
 681.220047128343 -NAN 0 0
 683.395948081664 -NAN 0 0
 685.572395908201 -NAN 0 0
 687.749396565192 -NAN 0 0
 689.926956009875 -NAN 0 0
 692.105080199488 -NAN 0 0
 694.283775091269 -NAN 0 0
 696.463046642456 -NAN 0 0
 698.642900810287 -NAN 0 0
 700.823343552 -NAN 0 0
 703.004380824833 -NAN 0 0
 705.186018586024 -NAN 0 0
 707.368262792811 -NAN 0 0
 709.551119402432 -NAN 0 0
 711.734594372125 -NAN 0 0
 713.918693659128 -NAN 0 0
 716.103423220679 -NAN 0 0
 718.288789014016 -NAN 0 0
 720.474796996377 -NAN 0 0
 722.661453125 -NAN 0 0
 724.848763357123 -NAN 0 0
 727.036733649984 -NAN 0 0
 729.225369960821 -NAN 0 0
 731.414678246872 -NAN 0 0
 733.604664465375 -NAN 0 0
 735.795334573568 -NAN 0 0
[END] of [DATA]
[END] of Spectrum


[Spectrum]
Version            = 1
IDData             = 12ad_2026-06-11_13-07-25_000_501
IDDevice           = SAM_82E6
IDDataType         = SPECTRUM
IDDataTypeSub1     = CALIBRATED
IDDataTypeSub2     = 
IDDataTypeSub3     = 
DateTime           = 2026-06-11 13:07:25
PositionLatitude   = 0
PositionLongitude  = 0
Comment            = 20260611_FrameF
CommentSub1        = UV
CommentSub2        = left
CommentSub3        = 17cm
IDMethodType       = SAM Control
MethodName         = SAM_82E6
Mission            = No Mission
MissionSub         = 1
RecordType         = 0
[Attributes]
CalFactor = 1
IDBasisSpec = 
IDDataBack = DLAB_2024-11-11_10-40-48_641_639
IDDataCal = DLAB_2024-11-12_11-45-27_171_455
IntegrationTime = 128
P31 = -1
P31e = 0
PathLength = +INF
PathLengthCustomOn = 0
RAWDynamic = 65535
Salinity = 0
Temperature = -NAN
Unit1 = $01 $01 Wavelength nm
Unit2 = $03 $06 Intensity mW/(m^2 nm)
Unit3 = $f0 $06 Error mW/(m^2 nm)
Unit4 = $f1 $00 Status 
p999 = 8763
[END] of [Attributes]
[DATA]
 0 6 0 0
 185.260577530984 -NAN 0 0
 187.468128380571 -NAN 0 0
 189.674861895872 -NAN 0 0
 191.880784034125 -NAN 0 0
 194.085900752568 -NAN 0 0
 196.290218008439 -NAN 0 0
 198.493741758976 -NAN 0 0
 200.696477961417 -NAN 0 0
 202.898432573 -NAN 0 0
 205.099611550963 -NAN 0 0
 207.300020852544 -NAN 0 0
 209.499666434981 -NAN 0 0
 211.698554255512 -NAN 0 0
 213.896690271375 -NAN 0 0
 216.094080439808 -NAN 0 0
 218.290730718049 -NAN 0 0
 220.486647063336 -NAN 0 0
 222.681835432907 -NAN 0 0
 224.876301784 -NAN 0 0
 227.070052073853 -NAN 0 0
 229.263092259704 -NAN 0 0
 231.455428298791 -NAN 0 0
 233.647066148352 -NAN 0 0
 235.838011765625 -NAN 0 0
 238.028271107848 -NAN 0 0
 240.217850132259 -NAN 0 0
 242.406754796096 -NAN 0 0
 244.594991056597 -NAN 0 0
 246.782564871 -NAN 0 0
 248.969482196543 -NAN 0 0
 251.155748990464 -NAN 0 0
 253.341371210001 -NAN 0 0
 255.526354812392 -NAN 0 0
 257.710705754875 -NAN 0 0
 259.894429994688 -NAN 0 0
 262.077533489069 -NAN 0 0
 264.260022195256 -NAN 0 0
 266.441902070487 -NAN 0 0
 268.623179072 -NAN 0 0
 270.803859157033 -NAN 0 0
 272.983948282824 -NAN 0 0
 275.163452406611 -NAN 0 0
 277.342377485632 -NAN 0 0
 279.520729477125 1.6405015108018 0 0
 281.698514338328 2.59828630401595 0 0
 283.875738026479 5.42323785203663 0 0
 286.052406498816 6.09025802361615 0 0
 288.228525712577 8.65881124742644 0 0
 290.404101625 13.6398271092131 0 0
 292.579140193323 16.5586733693927 0 0
 294.753647374784 21.9316356781396 0 0
 296.927629126621 27.8835979130697 0 0
 299.101091406072 31.6540139106403 0 0
 301.274040170375 36.9577060169781 0 0
 303.446481376768 41.2031171070789 0 0
 305.618420982489 43.5946939574715 0 0
 307.789864944776 45.6911151897216 0 0
 309.960819220867 49.7932668778993 0 0
 312.131289768 51.62508086373 0 0
 314.301282543413 49.8203022636909 0 0
 316.470803504344 46.7346994705274 0 0
 318.639858608031 42.5433101384632 0 0
 320.808453811712 39.0803554593112 0 0
 322.976595072625 38.4458451740924 0 0
 325.144288348008 34.7592113516155 0 0
 327.311539595099 31.1466158198742 0 0
 329.478354771136 30.1217203752721 0 0
 331.644739833357 26.4982229191038 0 0
 333.810700739 23.4044011200234 0 0
 335.976243445303 22.348630625566 0 0
 338.141373909504 18.8737270719173 0 0
 340.306098088841 15.8936735700339 0 0
 342.470421940552 15.6532543866188 0 0
 344.634351421875 13.0592305137784 0 0
 346.797892490048 10.8890339814863 0 0
 348.961051102309 10.6067661060076 0 0
 351.123833215896 9.11525614045961 0 0
 353.286244788047 7.47634196430483 0 0
 355.448291776 7.70714742076551 0 0
 357.609980136993 6.90772674143512 0 0
 359.771315828264 6.40117092371152 0 0
 361.932304807051 10.3878773142079 0 0
 364.092953030592 13.5855640808247 0 0
 366.253266456125 12.269390047043 0 0
 368.413251040888 9.18560903474101 0 0
 370.572912742119 5.65813069676553 0 0
 372.732257517056 3.41098669382017 0 0
 374.891291322937 4.38151217288758 0 0
 377.050020117 3.29874849972541 0 0
 379.208449856483 2.01889003572241 0 0
 381.366586498624 3.09970621656349 0 0
 383.524436000661 2.62049760191146 0 0
 385.682004319832 1.31484470703478 0 0
 387.839297413375 2.49077898343866 0 0
 389.996321238528 2.19008173904129 0 0
 392.153081752529 0.975559181378149 0 0
 394.309584912616 2.23072806563295 0 0
 396.465836676027 2.18851326698391 0 0
 398.621843 1.46415197706013 0 0
 400.777609841773 5.1336981134487 0 0
 402.933143158584 9.95342568433913 0 0
 405.088448907671 10.5743262100027 0 0
 407.243533046272 9.1894607086938 0 0
 409.398401531625 6.03472679798948 0 0
 411.553060320968 4.38545294349276 0 0
 413.707515371539 6.45240565023792 0 0
 415.861772640576 8.85313759246689 0 0
 418.015838085317 11.3866747797669 0 0
 420.169717663 16.8882484320843 0 0
 422.323417330863 23.6968877447408 0 0
 424.476943046144 32.0933637845436 0 0
 426.630300766081 45.188862326088 0 0
 428.783496447912 62.6929231038663 0 0
 430.936536048875 87.3590566913607 0 0
 433.089425526208 129.699030112084 0 0
 435.242170837149 178.165541632686 0 0
 437.394777938936 222.993378807513 0 0
 439.547252788807 274.156482394888 0 0
 441.699601344 351.041787535233 0 0
 443.851829561753 443.074411213674 0 0
 446.003943399304 529.134492298078 0 0
 448.155948813891 578.387287502956 0 0
 450.307851762752 570.276389949072 0 0
 452.459658203125 511.829344152122 0 0
 454.611374092248 428.858837998519 0 0
 456.763005387359 349.65227834285 0 0
 458.914558045696 291.675385488284 0 0
 461.066038024497 252.693753901707 0 0
 463.217451281 221.373874718826 0 0
 465.368803772443 192.7012488662 0 0
 467.520101456064 164.04566745226 0 0
 469.671350289101 135.551916577213 0 0
 471.822556228792 113.459541013698 0 0
 473.973725232375 98.8187951314706 0 0
 476.124863257088 87.9468847525827 0 0
 478.275976260169 82.6954121436959 0 0
 480.427070198856 80.475080334416 0 0
 482.578151030387 77.6831888795571 0 0
 484.729224712 77.2620718428143 0 0
 486.880297200933 78.6906670028555 0 0
 489.031374454424 79.7393261402293 0 0
 491.182462429711 83.1783964882513 0 0
 493.333567084032 88.3508696767834 0 0
 495.484694374625 92.4467249915362 0 0
 497.635850258728 97.2341731535939 0 0
 499.787040693579 103.364497690838 0 0
 501.938271636416 106.916935047409 0 0
 504.089549044477 -NAN 0 0
 506.240878875 -NAN 0 0
 508.392267085223 -NAN 0 0
 510.543719632384 -NAN 0 0
 512.695242473721 -NAN 0 0
 514.846841566472 -NAN 0 0
 516.998522867875 -NAN 0 0
 519.150292335168 -NAN 0 0
 521.302155925589 -NAN 0 0
 523.454119596376 -NAN 0 0
 525.606189304767 -NAN 0 0
 527.758371008 -NAN 0 0
 529.910670663313 -NAN 0 0
 532.063094227944 -NAN 0 0
 534.215647659131 -NAN 0 0
 536.368336914112 -NAN 0 0
 538.521167950125 -NAN 0 0
 540.674146724408 -NAN 0 0
 542.827279194199 -NAN 0 0
 544.980571316736 -NAN 0 0
 547.134029049257 -NAN 0 0
 549.287658349 -NAN 0 0
 551.441465173203 -NAN 0 0
 553.595455479104 -NAN 0 0
 555.749635223941 -NAN 0 0
 557.904010364952 -NAN 0 0
 560.058586859375 -NAN 0 0
 562.213370664448 -NAN 0 0
 564.368367737409 -NAN 0 0
 566.523584035496 -NAN 0 0
 568.679025515947 -NAN 0 0
 570.834698136 -NAN 0 0
 572.990607852893 -NAN 0 0
 575.146760623864 -NAN 0 0
 577.303162406151 -NAN 0 0
 579.459819156992 -NAN 0 0
 581.616736833625 -NAN 0 0
 583.773921393288 -NAN 0 0
 585.931378793219 -NAN 0 0
 588.089114990656 -NAN 0 0
 590.247135942837 -NAN 0 0
 592.405447607 -NAN 0 0
 594.564055940383 -NAN 0 0
 596.722966900224 -NAN 0 0
 598.882186443761 -NAN 0 0
 601.041720528232 -NAN 0 0
 603.201575110875 -NAN 0 0
 605.361756148928 -NAN 0 0
 607.522269599629 -NAN 0 0
 609.683121420216 -NAN 0 0
 611.844317567927 -NAN 0 0
 614.005864 -NAN 0 0
 616.167766673673 -NAN 0 0
 618.330031546184 -NAN 0 0
 620.492664574771 -NAN 0 0
 622.655671716672 -NAN 0 0
 624.819058929125 -NAN 0 0
 626.982832169368 -NAN 0 0
 629.146997394639 -NAN 0 0
 631.311560562176 -NAN 0 0
 633.476527629217 -NAN 0 0
 635.641904553 -NAN 0 0
 637.807697290763 -NAN 0 0
 639.973911799744 -NAN 0 0
 642.140554037181 -NAN 0 0
 644.307629960312 -NAN 0 0
 646.475145526375 -NAN 0 0
 648.643106692608 -NAN 0 0
 650.811519416249 -NAN 0 0
 652.980389654536 -NAN 0 0
 655.149723364707 -NAN 0 0
 657.319526504 -NAN 0 0
 659.489805029653 -NAN 0 0
 661.660564898904 -NAN 0 0
 663.831812068991 -NAN 0 0
 666.003552497152 -NAN 0 0
 668.175792140625 -NAN 0 0
 670.348536956648 -NAN 0 0
 672.521792902459 -NAN 0 0
 674.695565935296 -NAN 0 0
 676.869862012397 -NAN 0 0
 679.044687091 -NAN 0 0
 681.220047128343 -NAN 0 0
 683.395948081664 -NAN 0 0
 685.572395908201 -NAN 0 0
 687.749396565192 -NAN 0 0
 689.926956009875 -NAN 0 0
 692.105080199488 -NAN 0 0
 694.283775091269 -NAN 0 0
 696.463046642456 -NAN 0 0
 698.642900810287 -NAN 0 0
 700.823343552 -NAN 0 0
 703.004380824833 -NAN 0 0
 705.186018586024 -NAN 0 0
 707.368262792811 -NAN 0 0
 709.551119402432 -NAN 0 0
 711.734594372125 -NAN 0 0
 713.918693659128 -NAN 0 0
 716.103423220679 -NAN 0 0
 718.288789014016 -NAN 0 0
 720.474796996377 -NAN 0 0
 722.661453125 -NAN 0 0
 724.848763357123 -NAN 0 0
 727.036733649984 -NAN 0 0
 729.225369960821 -NAN 0 0
 731.414678246872 -NAN 0 0
 733.604664465375 -NAN 0 0
 735.795334573568 -NAN 0 0
[END] of [DATA]
[END] of Spectrum


[Spectrum]
Version            = 1
IDData             = 12ad_2026-06-11_13-07-20_000_498
IDDevice           = SAM_82E6
IDDataType         = SPECTRUM
IDDataTypeSub1     = CALIBRATED
IDDataTypeSub2     = 
IDDataTypeSub3     = 
DateTime           = 2026-06-11 13:07:20
PositionLatitude   = 0
PositionLongitude  = 0
Comment            = 20260611_FrameF
CommentSub1        = UV
CommentSub2        = left
CommentSub3        = 17cm
IDMethodType       = SAM Control
MethodName         = SAM_82E6
Mission            = No Mission
MissionSub         = 1
RecordType         = 0
[Attributes]
CalFactor = 1
IDBasisSpec = 
IDDataBack = DLAB_2024-11-11_10-40-48_641_639
IDDataCal = DLAB_2024-11-12_11-45-27_171_455
IntegrationTime = 128
P31 = -1
P31e = 0
PathLength = +INF
PathLengthCustomOn = 0
RAWDynamic = 65535
Salinity = 0
Temperature = -NAN
Unit1 = $01 $01 Wavelength nm
Unit2 = $03 $06 Intensity mW/(m^2 nm)
Unit3 = $f0 $06 Error mW/(m^2 nm)
Unit4 = $f1 $00 Status 
p999 = 8762
[END] of [Attributes]
[DATA]
 0 6 0 0
 185.260577530984 -NAN 0 0
 187.468128380571 -NAN 0 0
 189.674861895872 -NAN 0 0
 191.880784034125 -NAN 0 0
 194.085900752568 -NAN 0 0
 196.290218008439 -NAN 0 0
 198.493741758976 -NAN 0 0
 200.696477961417 -NAN 0 0
 202.898432573 -NAN 0 0
 205.099611550963 -NAN 0 0
 207.300020852544 -NAN 0 0
 209.499666434981 -NAN 0 0
 211.698554255512 -NAN 0 0
 213.896690271375 -NAN 0 0
 216.094080439808 -NAN 0 0
 218.290730718049 -NAN 0 0
 220.486647063336 -NAN 0 0
 222.681835432907 -NAN 0 0
 224.876301784 -NAN 0 0
 227.070052073853 -NAN 0 0
 229.263092259704 -NAN 0 0
 231.455428298791 -NAN 0 0
 233.647066148352 -NAN 0 0
 235.838011765625 -NAN 0 0
 238.028271107848 -NAN 0 0
 240.217850132259 -NAN 0 0
 242.406754796096 -NAN 0 0
 244.594991056597 -NAN 0 0
 246.782564871 -NAN 0 0
 248.969482196543 -NAN 0 0
 251.155748990464 -NAN 0 0
 253.341371210001 -NAN 0 0
 255.526354812392 -NAN 0 0
 257.710705754875 -NAN 0 0
 259.894429994688 -NAN 0 0
 262.077533489069 -NAN 0 0
 264.260022195256 -NAN 0 0
 266.441902070487 -NAN 0 0
 268.623179072 -NAN 0 0
 270.803859157033 -NAN 0 0
 272.983948282824 -NAN 0 0
 275.163452406611 -NAN 0 0
 277.342377485632 -NAN 0 0
 279.520729477125 2.07511811608525 0 0
 281.698514338328 3.73706728169833 0 0
 283.875738026479 3.93342783985045 0 0
 286.052406498816 6.07428742116556 0 0
 288.228525712577 9.7519617574315 0 0
 290.404101625 12.0010437119275 0 0
 292.579140193323 16.3655631145617 0 0
 294.753647374784 22.9513499537694 0 0
 296.927629126621 26.155608287828 0 0
 299.101091406072 31.0188250596453 0 0
 301.274040170375 37.5088729579388 0 0
 303.446481376768 39.4020991486503 0 0
 305.618420982489 42.7504842566113 0 0
 307.789864944776 45.9102401109071 0 0
 309.960819220867 47.8555682437003 0 0
 312.131289768 50.7417585058012 0 0
 314.301282543413 50.0586768157622 0 0
 316.470803504344 44.9619269525012 0 0
 318.639858608031 41.4871439251063 0 0
 320.808453811712 39.712629557821 0 0
 322.976595072625 36.7850969497843 0 0
 325.144288348008 33.5739364965422 0 0
 327.311539595099 32.1860047530936 0 0
 329.478354771136 28.4186035265783 0 0
 331.644739833357 25.362707717594 0 0
 333.810700739 24.6137375840434 0 0
 335.976243445303 20.9196805860242 0 0
 338.141373909504 18.0493410526933 0 0
 340.306098088841 17.2468876186817 0 0
 342.470421940552 14.3424959657707 0 0
 344.634351421875 12.4568650734895 0 0
 346.797892490048 11.9846703242894 0 0
 348.961051102309 9.8237892306491 0 0
 351.123833215896 8.31711401701523 0 0
 353.286244788047 8.44572534504862 0 0
 355.448291776 7.19190162998479 0 0
 357.609980136993 6.24060341119384 0 0
 359.771315828264 7.37674151294009 0 0
 361.932304807051 9.78285244268667 0 0
 364.092953030592 12.719607411834 0 0
 366.253266456125 13.5808529730011 0 0
 368.413251040888 8.62673856259295 0 0
 370.572912742119 4.80782337173158 0 0
 372.732257517056 4.87594998802867 0 0
 374.891291322937 3.73751229352727 0 0
 377.050020117 2.51384997870047 0 0
 379.208449856483 3.61565498645286 0 0
 381.366586498624 2.77889491317443 0 0
 383.524436000661 1.63274137541979 0 0
 385.682004319832 2.80974098784684 0 0
 387.839297413375 2.29666801404895 0 0
 389.996321238528 1.21385064340418 0 0
 392.153081752529 2.20915808591991 0 0
 394.309584912616 2.01936436645098 0 0
 396.465836676027 0.941310694244058 0 0
 398.621843 2.8586705407343 0 0
 400.777609841773 5.11939258603432 0 0
 402.933143158584 8.63921849378196 0 0
 405.088448907671 11.66641779707 0 0
 407.243533046272 9.00532008021492 0 0
 409.398401531625 5.01149948230822 0 0
 411.553060320968 5.64392880055571 0 0
 413.707515371539 6.53619695199462 0 0
 415.861772640576 8.01521821634306 0 0
 418.015838085317 12.260547261853 0 0
 420.169717663 17.0992116125479 0 0
 422.323417330863 22.9616848263738 0 0
 424.476943046144 32.9304093764666 0 0
 426.630300766081 45.490115417874 0 0
 428.783496447912 62.0311928328065 0 0
 430.936536048875 87.9284537258029 0 0
 433.089425526208 129.515248966815 0 0
 435.242170837149 176.646233736172 0 0
 437.394777938936 223.099686124768 0 0
 439.547252788807 274.176702604578 0 0
 441.699601344 350.056269877173 0 0
 443.851829561753 443.637738880731 0 0
 446.003943399304 529.356082830884 0 0
 448.155948813891 577.382644622767 0 0
 450.307851762752 570.915775621856 0 0
 452.459658203125 512.102605541668 0 0
 454.611374092248 427.975401233551 0 0
 456.763005387359 350.239006415604 0 0
 458.914558045696 292.490776846986 0 0
 461.066038024497 251.838907230049 0 0
 463.217451281 221.942013256806 0 0
 465.368803772443 193.392629748916 0 0
 467.520101456064 162.992853665762 0 0
 469.671350289101 135.96867868929 0 0
 471.822556228792 114.234532332144 0 0
 473.973725232375 97.6175025151702 0 0
 476.124863257088 88.5524839387982 0 0
 478.275976260169 83.4032758151969 0 0
 480.427070198856 79.2598643897723 0 0
 482.578151030387 78.0928149715506 0 0
 484.729224712 78.1148001479198 0 0
 486.880297200933 77.6313488210172 0 0
 489.031374454424 79.9888475734478 0 0
 491.182462429711 84.0305616391228 0 0
 493.333567084032 87.3767045894866 0 0
 495.484694374625 92.5341646596707 0 0
 497.635850258728 98.367509763209 0 0
 499.787040693579 102.256670994701 0 0
 501.938271636416 107.098817442373 0 0
 504.089549044477 -NAN 0 0
 506.240878875 -NAN 0 0
 508.392267085223 -NAN 0 0
 510.543719632384 -NAN 0 0
 512.695242473721 -NAN 0 0
 514.846841566472 -NAN 0 0
 516.998522867875 -NAN 0 0
 519.150292335168 -NAN 0 0
 521.302155925589 -NAN 0 0
 523.454119596376 -NAN 0 0
 525.606189304767 -NAN 0 0
 527.758371008 -NAN 0 0
 529.910670663313 -NAN 0 0
 532.063094227944 -NAN 0 0
 534.215647659131 -NAN 0 0
 536.368336914112 -NAN 0 0
 538.521167950125 -NAN 0 0
 540.674146724408 -NAN 0 0
 542.827279194199 -NAN 0 0
 544.980571316736 -NAN 0 0
 547.134029049257 -NAN 0 0
 549.287658349 -NAN 0 0
 551.441465173203 -NAN 0 0
 553.595455479104 -NAN 0 0
 555.749635223941 -NAN 0 0
 557.904010364952 -NAN 0 0
 560.058586859375 -NAN 0 0
 562.213370664448 -NAN 0 0
 564.368367737409 -NAN 0 0
 566.523584035496 -NAN 0 0
 568.679025515947 -NAN 0 0
 570.834698136 -NAN 0 0
 572.990607852893 -NAN 0 0
 575.146760623864 -NAN 0 0
 577.303162406151 -NAN 0 0
 579.459819156992 -NAN 0 0
 581.616736833625 -NAN 0 0
 583.773921393288 -NAN 0 0
 585.931378793219 -NAN 0 0
 588.089114990656 -NAN 0 0
 590.247135942837 -NAN 0 0
 592.405447607 -NAN 0 0
 594.564055940383 -NAN 0 0
 596.722966900224 -NAN 0 0
 598.882186443761 -NAN 0 0
 601.041720528232 -NAN 0 0
 603.201575110875 -NAN 0 0
 605.361756148928 -NAN 0 0
 607.522269599629 -NAN 0 0
 609.683121420216 -NAN 0 0
 611.844317567927 -NAN 0 0
 614.005864 -NAN 0 0
 616.167766673673 -NAN 0 0
 618.330031546184 -NAN 0 0
 620.492664574771 -NAN 0 0
 622.655671716672 -NAN 0 0
 624.819058929125 -NAN 0 0
 626.982832169368 -NAN 0 0
 629.146997394639 -NAN 0 0
 631.311560562176 -NAN 0 0
 633.476527629217 -NAN 0 0
 635.641904553 -NAN 0 0
 637.807697290763 -NAN 0 0
 639.973911799744 -NAN 0 0
 642.140554037181 -NAN 0 0
 644.307629960312 -NAN 0 0
 646.475145526375 -NAN 0 0
 648.643106692608 -NAN 0 0
 650.811519416249 -NAN 0 0
 652.980389654536 -NAN 0 0
 655.149723364707 -NAN 0 0
 657.319526504 -NAN 0 0
 659.489805029653 -NAN 0 0
 661.660564898904 -NAN 0 0
 663.831812068991 -NAN 0 0
 666.003552497152 -NAN 0 0
 668.175792140625 -NAN 0 0
 670.348536956648 -NAN 0 0
 672.521792902459 -NAN 0 0
 674.695565935296 -NAN 0 0
 676.869862012397 -NAN 0 0
 679.044687091 -NAN 0 0
 681.220047128343 -NAN 0 0
 683.395948081664 -NAN 0 0
 685.572395908201 -NAN 0 0
 687.749396565192 -NAN 0 0
 689.926956009875 -NAN 0 0
 692.105080199488 -NAN 0 0
 694.283775091269 -NAN 0 0
 696.463046642456 -NAN 0 0
 698.642900810287 -NAN 0 0
 700.823343552 -NAN 0 0
 703.004380824833 -NAN 0 0
 705.186018586024 -NAN 0 0
 707.368262792811 -NAN 0 0
 709.551119402432 -NAN 0 0
 711.734594372125 -NAN 0 0
 713.918693659128 -NAN 0 0
 716.103423220679 -NAN 0 0
 718.288789014016 -NAN 0 0
 720.474796996377 -NAN 0 0
 722.661453125 -NAN 0 0
 724.848763357123 -NAN 0 0
 727.036733649984 -NAN 0 0
 729.225369960821 -NAN 0 0
 731.414678246872 -NAN 0 0
 733.604664465375 -NAN 0 0
 735.795334573568 -NAN 0 0
[END] of [DATA]
[END] of Spectrum


[Spectrum]
Version            = 1
IDData             = 12ad_2026-06-11_13-07-15_000_495
IDDevice           = SAM_82E6
IDDataType         = SPECTRUM
IDDataTypeSub1     = CALIBRATED
IDDataTypeSub2     = 
IDDataTypeSub3     = 
DateTime           = 2026-06-11 13:07:15
PositionLatitude   = 0
PositionLongitude  = 0
Comment            = 20260611_FrameF
CommentSub1        = UV
CommentSub2        = left
CommentSub3        = 17cm
IDMethodType       = SAM Control
MethodName         = SAM_82E6
Mission            = No Mission
MissionSub         = 1
RecordType         = 0
[Attributes]
CalFactor = 1
IDBasisSpec = 
IDDataBack = DLAB_2024-11-11_10-40-48_641_639
IDDataCal = DLAB_2024-11-12_11-45-27_171_455
IntegrationTime = 128
P31 = -1
P31e = 0
PathLength = +INF
PathLengthCustomOn = 0
RAWDynamic = 65535
Salinity = 0
Temperature = -NAN
Unit1 = $01 $01 Wavelength nm
Unit2 = $03 $06 Intensity mW/(m^2 nm)
Unit3 = $f0 $06 Error mW/(m^2 nm)
Unit4 = $f1 $00 Status 
p999 = 8761
[END] of [Attributes]
[DATA]
 0 6 0 0
 185.260577530984 -NAN 0 0
 187.468128380571 -NAN 0 0
 189.674861895872 -NAN 0 0
 191.880784034125 -NAN 0 0
 194.085900752568 -NAN 0 0
 196.290218008439 -NAN 0 0
 198.493741758976 -NAN 0 0
 200.696477961417 -NAN 0 0
 202.898432573 -NAN 0 0
 205.099611550963 -NAN 0 0
 207.300020852544 -NAN 0 0
 209.499666434981 -NAN 0 0
 211.698554255512 -NAN 0 0
 213.896690271375 -NAN 0 0
 216.094080439808 -NAN 0 0
 218.290730718049 -NAN 0 0
 220.486647063336 -NAN 0 0
 222.681835432907 -NAN 0 0
 224.876301784 -NAN 0 0
 227.070052073853 -NAN 0 0
 229.263092259704 -NAN 0 0
 231.455428298791 -NAN 0 0
 233.647066148352 -NAN 0 0
 235.838011765625 -NAN 0 0
 238.028271107848 -NAN 0 0
 240.217850132259 -NAN 0 0
 242.406754796096 -NAN 0 0
 244.594991056597 -NAN 0 0
 246.782564871 -NAN 0 0
 248.969482196543 -NAN 0 0
 251.155748990464 -NAN 0 0
 253.341371210001 -NAN 0 0
 255.526354812392 -NAN 0 0
 257.710705754875 -NAN 0 0
 259.894429994688 -NAN 0 0
 262.077533489069 -NAN 0 0
 264.260022195256 -NAN 0 0
 266.441902070487 -NAN 0 0
 268.623179072 -NAN 0 0
 270.803859157033 -NAN 0 0
 272.983948282824 -NAN 0 0
 275.163452406611 -NAN 0 0
 277.342377485632 -NAN 0 0
 279.520729477125 1.3901922338334 0 0
 281.698514338328 3.25331416833153 0 0
 283.875738026479 4.88521167701963 0 0
 286.052406498816 5.35415843793898 0 0
 288.228525712577 9.01555368122888 0 0
 290.404101625 12.9025926971245 0 0
 292.579140193323 15.7171637187787 0 0
 294.753647374784 21.5579685677409 0 0
 296.927629126621 26.6685456931165 0 0
 299.101091406072 29.9772583508843 0 0
 301.274040170375 36.0561129367119 0 0
 303.446481376768 39.627089869958 0 0
 305.618420982489 41.4040504407171 0 0
 307.789864944776 44.2833711838613 0 0
 309.960819220867 47.7085927756294 0 0
 312.131289768 49.2721801625463 0 0
 314.301282543413 48.4563347047664 0 0
 316.470803504344 45.0156843548397 0 0
 318.639858608031 40.4554200479903 0 0
 320.808453811712 38.094007865636 0 0
 322.976595072625 36.9482187059398 0 0
 325.144288348008 32.7799034024006 0 0
 327.311539595099 30.5616846712783 0 0
 329.478354771136 28.8053374834869 0 0
 331.644739833357 24.7083430251986 0 0
 333.810700739 23.0535899303383 0 0
 335.976243445303 21.5331260760411 0 0
 338.141373909504 17.4791524261091 0 0
 340.306098088841 15.8651705660001 0 0
 342.470421940552 14.94222359489 0 0
 344.634351421875 12.0142082154901 0 0
 346.797892490048 10.7766919970533 0 0
 348.961051102309 10.3534840739492 0 0
 351.123833215896 8.18502317470606 0 0
 353.286244788047 7.59083606439268 0 0
 355.448291776 7.66519630210069 0 0
 357.609980136993 6.17207067742908 0 0
 359.771315828264 6.59155239481787 0 0
 361.932304807051 10.2659939008887 0 0
 364.092953030592 12.728639554405 0 0
 366.253266456125 12.3289489154525 0 0
 368.413251040888 9.13832932017751 0 0
 370.572912742119 5.20220520343123 0 0
 372.732257517056 3.73580936546569 0 0
 374.891291322937 4.52268124873901 0 0
 377.050020117 2.9221627418347 0 0
 379.208449856483 2.44292139424241 0 0
 381.366586498624 3.5533644914 0 0
 383.524436000661 1.89993298776574 0 0
 385.682004319832 1.48979450964171 0 0
 387.839297413375 2.86908284349013 0 0
 389.996321238528 1.60434308165903 0 0
 392.153081752529 1.27112337335497 0 0
 394.309584912616 2.39845538820961 0 0
 396.465836676027 1.67701253478382 0 0
 398.621843 1.67512100810123 0 0
 400.777609841773 5.50434132373051 0 0
 402.933143158584 9.44776640851241 0 0
 405.088448907671 10.4158562271774 0 0
 407.243533046272 9.42112149936077 0 0
 409.398401531625 5.68066493847603 0 0
 411.553060320968 4.66008965550738 0 0
 413.707515371539 7.0601577503213 0 0
 415.861772640576 8.6296243849503 0 0
 418.015838085317 11.5252754771507 0 0
 420.169717663 17.2430071436262 0 0
 422.323417330863 23.5128581225842 0 0
 424.476943046144 32.154611022977 0 0
 426.630300766081 45.4659461153811 0 0
 428.783496447912 62.569006734636 0 0
 430.936536048875 87.1785965603292 0 0
 433.089425526208 129.142829024859 0 0
 435.242170837149 176.638241585217 0 0
 437.394777938936 221.782434554576 0 0
 439.547252788807 273.979353358007 0 0
 441.699601344 350.743419803893 0 0
 443.851829561753 443.102033521271 0 0
 446.003943399304 529.609329154091 0 0
 448.155948813891 578.337274713287 0 0
 450.307851762752 570.533406756891 0 0
 452.459658203125 512.426813969941 0 0
 454.611374092248 428.873102316576 0 0
 456.763005387359 349.825075129667 0 0
 458.914558045696 292.516725653995 0 0
 461.066038024497 252.690697238995 0 0
 463.217451281 221.221193978272 0 0
 465.368803772443 193.287075415677 0 0
 467.520101456064 163.965340866312 0 0
 469.671350289101 135.451244170919 0 0
 471.822556228792 114.144900049898 0 0
 473.973725232375 98.4983770275812 0 0
 476.124863257088 87.7044236524343 0 0
 478.275976260169 83.3721609285376 0 0
 480.427070198856 80.2311460613848 0 0
 482.578151030387 77.4789339072552 0 0
 484.729224712 77.7616387528826 0 0
 486.880297200933 78.4859624333978 0 0
 489.031374454424 79.453998940809 0 0
 491.182462429711 83.7178404828397 0 0
 493.333567084032 88.1671699746074 0 0
 495.484694374625 92.1246371000536 0 0
 497.635850258728 97.7443391976123 0 0
 499.787040693579 103.145976428891 0 0
 501.938271636416 106.739357561203 0 0
 504.089549044477 -NAN 0 0
 506.240878875 -NAN 0 0
 508.392267085223 -NAN 0 0
 510.543719632384 -NAN 0 0
 512.695242473721 -NAN 0 0
 514.846841566472 -NAN 0 0
 516.998522867875 -NAN 0 0
 519.150292335168 -NAN 0 0
 521.302155925589 -NAN 0 0
 523.454119596376 -NAN 0 0
 525.606189304767 -NAN 0 0
 527.758371008 -NAN 0 0
 529.910670663313 -NAN 0 0
 532.063094227944 -NAN 0 0
 534.215647659131 -NAN 0 0
 536.368336914112 -NAN 0 0
 538.521167950125 -NAN 0 0
 540.674146724408 -NAN 0 0
 542.827279194199 -NAN 0 0
 544.980571316736 -NAN 0 0
 547.134029049257 -NAN 0 0
 549.287658349 -NAN 0 0
 551.441465173203 -NAN 0 0
 553.595455479104 -NAN 0 0
 555.749635223941 -NAN 0 0
 557.904010364952 -NAN 0 0
 560.058586859375 -NAN 0 0
 562.213370664448 -NAN 0 0
 564.368367737409 -NAN 0 0
 566.523584035496 -NAN 0 0
 568.679025515947 -NAN 0 0
 570.834698136 -NAN 0 0
 572.990607852893 -NAN 0 0
 575.146760623864 -NAN 0 0
 577.303162406151 -NAN 0 0
 579.459819156992 -NAN 0 0
 581.616736833625 -NAN 0 0
 583.773921393288 -NAN 0 0
 585.931378793219 -NAN 0 0
 588.089114990656 -NAN 0 0
 590.247135942837 -NAN 0 0
 592.405447607 -NAN 0 0
 594.564055940383 -NAN 0 0
 596.722966900224 -NAN 0 0
 598.882186443761 -NAN 0 0
 601.041720528232 -NAN 0 0
 603.201575110875 -NAN 0 0
 605.361756148928 -NAN 0 0
 607.522269599629 -NAN 0 0
 609.683121420216 -NAN 0 0
 611.844317567927 -NAN 0 0
 614.005864 -NAN 0 0
 616.167766673673 -NAN 0 0
 618.330031546184 -NAN 0 0
 620.492664574771 -NAN 0 0
 622.655671716672 -NAN 0 0
 624.819058929125 -NAN 0 0
 626.982832169368 -NAN 0 0
 629.146997394639 -NAN 0 0
 631.311560562176 -NAN 0 0
 633.476527629217 -NAN 0 0
 635.641904553 -NAN 0 0
 637.807697290763 -NAN 0 0
 639.973911799744 -NAN 0 0
 642.140554037181 -NAN 0 0
 644.307629960312 -NAN 0 0
 646.475145526375 -NAN 0 0
 648.643106692608 -NAN 0 0
 650.811519416249 -NAN 0 0
 652.980389654536 -NAN 0 0
 655.149723364707 -NAN 0 0
 657.319526504 -NAN 0 0
 659.489805029653 -NAN 0 0
 661.660564898904 -NAN 0 0
 663.831812068991 -NAN 0 0
 666.003552497152 -NAN 0 0
 668.175792140625 -NAN 0 0
 670.348536956648 -NAN 0 0
 672.521792902459 -NAN 0 0
 674.695565935296 -NAN 0 0
 676.869862012397 -NAN 0 0
 679.044687091 -NAN 0 0
 681.220047128343 -NAN 0 0
 683.395948081664 -NAN 0 0
 685.572395908201 -NAN 0 0
 687.749396565192 -NAN 0 0
 689.926956009875 -NAN 0 0
 692.105080199488 -NAN 0 0
 694.283775091269 -NAN 0 0
 696.463046642456 -NAN 0 0
 698.642900810287 -NAN 0 0
 700.823343552 -NAN 0 0
 703.004380824833 -NAN 0 0
 705.186018586024 -NAN 0 0
 707.368262792811 -NAN 0 0
 709.551119402432 -NAN 0 0
 711.734594372125 -NAN 0 0
 713.918693659128 -NAN 0 0
 716.103423220679 -NAN 0 0
 718.288789014016 -NAN 0 0
 720.474796996377 -NAN 0 0
 722.661453125 -NAN 0 0
 724.848763357123 -NAN 0 0
 727.036733649984 -NAN 0 0
 729.225369960821 -NAN 0 0
 731.414678246872 -NAN 0 0
 733.604664465375 -NAN 0 0
 735.795334573568 -NAN 0 0
[END] of [DATA]
[END] of Spectrum


[Spectrum]
Version            = 1
IDData             = 12ad_2026-06-11_13-07-10_000_492
IDDevice           = SAM_82E6
IDDataType         = SPECTRUM
IDDataTypeSub1     = CALIBRATED
IDDataTypeSub2     = 
IDDataTypeSub3     = 
DateTime           = 2026-06-11 13:07:10
PositionLatitude   = 0
PositionLongitude  = 0
Comment            = 20260611_FrameF
CommentSub1        = UV
CommentSub2        = left
CommentSub3        = 17cm
IDMethodType       = SAM Control
MethodName         = SAM_82E6
Mission            = No Mission
MissionSub         = 1
RecordType         = 0
[Attributes]
CalFactor = 1
IDBasisSpec = 
IDDataBack = DLAB_2024-11-11_10-40-48_641_639
IDDataCal = DLAB_2024-11-12_11-45-27_171_455
IntegrationTime = 128
P31 = -1
P31e = 0
PathLength = +INF
PathLengthCustomOn = 0
RAWDynamic = 65535
Salinity = 0
Temperature = -NAN
Unit1 = $01 $01 Wavelength nm
Unit2 = $03 $06 Intensity mW/(m^2 nm)
Unit3 = $f0 $06 Error mW/(m^2 nm)
Unit4 = $f1 $00 Status 
p999 = 8760
[END] of [Attributes]
[DATA]
 0 6 0 0
 185.260577530984 -NAN 0 0
 187.468128380571 -NAN 0 0
 189.674861895872 -NAN 0 0
 191.880784034125 -NAN 0 0
 194.085900752568 -NAN 0 0
 196.290218008439 -NAN 0 0
 198.493741758976 -NAN 0 0
 200.696477961417 -NAN 0 0
 202.898432573 -NAN 0 0
 205.099611550963 -NAN 0 0
 207.300020852544 -NAN 0 0
 209.499666434981 -NAN 0 0
 211.698554255512 -NAN 0 0
 213.896690271375 -NAN 0 0
 216.094080439808 -NAN 0 0
 218.290730718049 -NAN 0 0
 220.486647063336 -NAN 0 0
 222.681835432907 -NAN 0 0
 224.876301784 -NAN 0 0
 227.070052073853 -NAN 0 0
 229.263092259704 -NAN 0 0
 231.455428298791 -NAN 0 0
 233.647066148352 -NAN 0 0
 235.838011765625 -NAN 0 0
 238.028271107848 -NAN 0 0
 240.217850132259 -NAN 0 0
 242.406754796096 -NAN 0 0
 244.594991056597 -NAN 0 0
 246.782564871 -NAN 0 0
 248.969482196543 -NAN 0 0
 251.155748990464 -NAN 0 0
 253.341371210001 -NAN 0 0
 255.526354812392 -NAN 0 0
 257.710705754875 -NAN 0 0
 259.894429994688 -NAN 0 0
 262.077533489069 -NAN 0 0
 264.260022195256 -NAN 0 0
 266.441902070487 -NAN 0 0
 268.623179072 -NAN 0 0
 270.803859157033 -NAN 0 0
 272.983948282824 -NAN 0 0
 275.163452406611 -NAN 0 0
 277.342377485632 -NAN 0 0
 279.520729477125 2.49479088393775 0 0
 281.698514338328 2.22435822179189 0 0
 283.875738026479 4.30764552063655 0 0
 286.052406498816 6.82490573634328 0 0
 288.228525712577 7.70749809061993 0 0
 290.404101625 11.7582071304309 0 0
 292.579140193323 16.7137253988191 0 0
 294.753647374784 20.4314922605686 0 0
 296.927629126621 25.2122605350325 0 0
 299.101091406072 30.4122375828039 0 0
 301.274040170375 34.5580992087534 0 0
 303.446481376768 37.8238875355943 0 0
 305.618420982489 41.757865716619 0 0
 307.789864944776 42.807217446509 0 0
 309.960819220867 45.7881853729681 0 0
 312.131289768 49.2980609450079 0 0
 314.301282543413 46.641199700946 0 0
 316.470803504344 42.9765683434091 0 0
 318.639858608031 40.8091907041087 0 0
 320.808453811712 36.8068309114067 0 0
 322.976595072625 34.980914077822 0 0
 325.144288348008 33.4627718633624 0 0
 327.311539595099 29.487111909572 0 0
 329.478354771136 26.8047329756327 0 0
 331.644739833357 25.5684920891844 0 0
 333.810700739 22.2616743755639 0 0
 335.976243445303 19.6564480485248 0 0
 338.141373909504 18.4215085060057 0 0
 340.306098088841 15.4077652155545 0 0
 342.470421940552 13.3224352166791 0 0
 344.634351421875 13.0164738854489 0 0
 346.797892490048 10.4348341304455 0 0
 348.961051102309 9.02693388778056 0 0
 351.123833215896 9.07719606725188 0 0
 353.286244788047 7.24299208412578 0 0
 355.448291776 6.41204109070293 0 0
 357.609980136993 6.96769288347928 0 0
 359.771315828264 6.46140460948528 0 0
 361.932304807051 8.88794269624422 0 0
 364.092953030592 13.3845989086209 0 0
 366.253266456125 12.3768295743699 0 0
 368.413251040888 7.72599938513956 0 0
 370.572912742119 5.95454506708757 0 0
 372.732257517056 4.07106810688295 0 0
 374.891291322937 2.73857302345479 0 0
 377.050020117 4.04640227546445 0 0
 379.208449856483 2.77738837340506 0 0
 381.366586498624 1.75427731424461 0 0
 383.524436000661 3.08381922757518 0 0
 385.682004319832 2.08576172340028 0 0
 387.839297413375 1.34594932455631 0 0
 389.996321238528 2.52157891684037 0 0
 392.153081752529 1.92747014708754 0 0
 394.309584912616 1.00618224714646 0 0
 396.465836676027 2.43285219942595 0 0
 398.621843 2.44602042341492 0 0
 400.777609841773 3.70834738197902 0 0
 402.933143158584 9.61378486749311 0 0
 405.088448907671 10.7979040152291 0 0
 407.243533046272 7.63079938892422 0 0
 409.398401531625 6.0576434232007 0 0
 411.553060320968 5.22149562504729 0 0
 413.707515371539 5.67176769969453 0 0
 415.861772640576 9.02051734604095 0 0
 418.015838085317 12.1140826951141 0 0
 420.169717663 16.1238616616151 0 0
 422.323417330863 23.7811202086135 0 0
 424.476943046144 32.8460834684786 0 0
 426.630300766081 44.6312419900029 0 0
 428.783496447912 62.6642621749287 0 0
 430.936536048875 87.6573515198239 0 0
 433.089425526208 127.806165276667 0 0
 435.242170837149 175.865400587885 0 0
 437.394777938936 221.930305634968 0 0
 439.547252788807 272.847830423776 0 0
 441.699601344 350.688349175795 0 0
 443.851829561753 443.784220814959 0 0
 446.003943399304 528.55099908042 0 0
 448.155948813891 578.357455312627 0 0
 450.307851762752 571.170988802953 0 0
 452.459658203125 511.38101021131 0 0
 454.611374092248 428.638216545912 0 0
 456.763005387359 350.55043113309 0 0
 458.914558045696 291.497735963377 0 0
 461.066038024497 252.384012080272 0 0
 463.217451281 222.254645249368 0 0
 465.368803772443 192.228365453289 0 0
 467.520101456064 163.720077023882 0 0
 469.671350289101 136.625755577683 0 0
 471.822556228792 113.186271860509 0 0
 473.973725232375 98.1471283157573 0 0
 476.124863257088 89.0252277276721 0 0
 478.275976260169 82.3575933742511 0 0
 480.427070198856 79.895875667858 0 0
 482.578151030387 78.649772518975 0 0
 484.729224712 76.9826720049684 0 0
 486.880297200933 78.0687230650497 0 0
 489.031374454424 80.6076159706219 0 0
 491.182462429711 82.9393881759492 0 0
 493.333567084032 87.6917774120066 0 0
 495.484694374625 93.1860882613314 0 0
 497.635850258728 97.2363674161488 0 0
 499.787040693579 102.466494892988 0 0
 501.938271636416 107.945808240219 0 0
 504.089549044477 -NAN 0 0
 506.240878875 -NAN 0 0
 508.392267085223 -NAN 0 0
 510.543719632384 -NAN 0 0
 512.695242473721 -NAN 0 0
 514.846841566472 -NAN 0 0
 516.998522867875 -NAN 0 0
 519.150292335168 -NAN 0 0
 521.302155925589 -NAN 0 0
 523.454119596376 -NAN 0 0
 525.606189304767 -NAN 0 0
 527.758371008 -NAN 0 0
 529.910670663313 -NAN 0 0
 532.063094227944 -NAN 0 0
 534.215647659131 -NAN 0 0
 536.368336914112 -NAN 0 0
 538.521167950125 -NAN 0 0
 540.674146724408 -NAN 0 0
 542.827279194199 -NAN 0 0
 544.980571316736 -NAN 0 0
 547.134029049257 -NAN 0 0
 549.287658349 -NAN 0 0
 551.441465173203 -NAN 0 0
 553.595455479104 -NAN 0 0
 555.749635223941 -NAN 0 0
 557.904010364952 -NAN 0 0
 560.058586859375 -NAN 0 0
 562.213370664448 -NAN 0 0
 564.368367737409 -NAN 0 0
 566.523584035496 -NAN 0 0
 568.679025515947 -NAN 0 0
 570.834698136 -NAN 0 0
 572.990607852893 -NAN 0 0
 575.146760623864 -NAN 0 0
 577.303162406151 -NAN 0 0
 579.459819156992 -NAN 0 0
 581.616736833625 -NAN 0 0
 583.773921393288 -NAN 0 0
 585.931378793219 -NAN 0 0
 588.089114990656 -NAN 0 0
 590.247135942837 -NAN 0 0
 592.405447607 -NAN 0 0
 594.564055940383 -NAN 0 0
 596.722966900224 -NAN 0 0
 598.882186443761 -NAN 0 0
 601.041720528232 -NAN 0 0
 603.201575110875 -NAN 0 0
 605.361756148928 -NAN 0 0
 607.522269599629 -NAN 0 0
 609.683121420216 -NAN 0 0
 611.844317567927 -NAN 0 0
 614.005864 -NAN 0 0
 616.167766673673 -NAN 0 0
 618.330031546184 -NAN 0 0
 620.492664574771 -NAN 0 0
 622.655671716672 -NAN 0 0
 624.819058929125 -NAN 0 0
 626.982832169368 -NAN 0 0
 629.146997394639 -NAN 0 0
 631.311560562176 -NAN 0 0
 633.476527629217 -NAN 0 0
 635.641904553 -NAN 0 0
 637.807697290763 -NAN 0 0
 639.973911799744 -NAN 0 0
 642.140554037181 -NAN 0 0
 644.307629960312 -NAN 0 0
 646.475145526375 -NAN 0 0
 648.643106692608 -NAN 0 0
 650.811519416249 -NAN 0 0
 652.980389654536 -NAN 0 0
 655.149723364707 -NAN 0 0
 657.319526504 -NAN 0 0
 659.489805029653 -NAN 0 0
 661.660564898904 -NAN 0 0
 663.831812068991 -NAN 0 0
 666.003552497152 -NAN 0 0
 668.175792140625 -NAN 0 0
 670.348536956648 -NAN 0 0
 672.521792902459 -NAN 0 0
 674.695565935296 -NAN 0 0
 676.869862012397 -NAN 0 0
 679.044687091 -NAN 0 0
 681.220047128343 -NAN 0 0
 683.395948081664 -NAN 0 0
 685.572395908201 -NAN 0 0
 687.749396565192 -NAN 0 0
 689.926956009875 -NAN 0 0
 692.105080199488 -NAN 0 0
 694.283775091269 -NAN 0 0
 696.463046642456 -NAN 0 0
 698.642900810287 -NAN 0 0
 700.823343552 -NAN 0 0
 703.004380824833 -NAN 0 0
 705.186018586024 -NAN 0 0
 707.368262792811 -NAN 0 0
 709.551119402432 -NAN 0 0
 711.734594372125 -NAN 0 0
 713.918693659128 -NAN 0 0
 716.103423220679 -NAN 0 0
 718.288789014016 -NAN 0 0
 720.474796996377 -NAN 0 0
 722.661453125 -NAN 0 0
 724.848763357123 -NAN 0 0
 727.036733649984 -NAN 0 0
 729.225369960821 -NAN 0 0
 731.414678246872 -NAN 0 0
 733.604664465375 -NAN 0 0
 735.795334573568 -NAN 0 0
[END] of [DATA]
[END] of Spectrum


[Spectrum]
Version            = 1
IDData             = 12ad_2026-06-11_13-07-05_000_489
IDDevice           = SAM_82E6
IDDataType         = SPECTRUM
IDDataTypeSub1     = CALIBRATED
IDDataTypeSub2     = 
IDDataTypeSub3     = 
DateTime           = 2026-06-11 13:07:05
PositionLatitude   = 0
PositionLongitude  = 0
Comment            = 20260611_FrameF
CommentSub1        = UV
CommentSub2        = left
CommentSub3        = 17cm
IDMethodType       = SAM Control
MethodName         = SAM_82E6
Mission            = No Mission
MissionSub         = 1
RecordType         = 0
[Attributes]
CalFactor = 1
IDBasisSpec = 
IDDataBack = DLAB_2024-11-11_10-40-48_641_639
IDDataCal = DLAB_2024-11-12_11-45-27_171_455
IntegrationTime = 128
P31 = -1
P31e = 0
PathLength = +INF
PathLengthCustomOn = 0
RAWDynamic = 65535
Salinity = 0
Temperature = -NAN
Unit1 = $01 $01 Wavelength nm
Unit2 = $03 $06 Intensity mW/(m^2 nm)
Unit3 = $f0 $06 Error mW/(m^2 nm)
Unit4 = $f1 $00 Status 
p999 = 8759
[END] of [Attributes]
[DATA]
 0 6 0 0
 185.260577530984 -NAN 0 0
 187.468128380571 -NAN 0 0
 189.674861895872 -NAN 0 0
 191.880784034125 -NAN 0 0
 194.085900752568 -NAN 0 0
 196.290218008439 -NAN 0 0
 198.493741758976 -NAN 0 0
 200.696477961417 -NAN 0 0
 202.898432573 -NAN 0 0
 205.099611550963 -NAN 0 0
 207.300020852544 -NAN 0 0
 209.499666434981 -NAN 0 0
 211.698554255512 -NAN 0 0
 213.896690271375 -NAN 0 0
 216.094080439808 -NAN 0 0
 218.290730718049 -NAN 0 0
 220.486647063336 -NAN 0 0
 222.681835432907 -NAN 0 0
 224.876301784 -NAN 0 0
 227.070052073853 -NAN 0 0
 229.263092259704 -NAN 0 0
 231.455428298791 -NAN 0 0
 233.647066148352 -NAN 0 0
 235.838011765625 -NAN 0 0
 238.028271107848 -NAN 0 0
 240.217850132259 -NAN 0 0
 242.406754796096 -NAN 0 0
 244.594991056597 -NAN 0 0
 246.782564871 -NAN 0 0
 248.969482196543 -NAN 0 0
 251.155748990464 -NAN 0 0
 253.341371210001 -NAN 0 0
 255.526354812392 -NAN 0 0
 257.710705754875 -NAN 0 0
 259.894429994688 -NAN 0 0
 262.077533489069 -NAN 0 0
 264.260022195256 -NAN 0 0
 266.441902070487 -NAN 0 0
 268.623179072 -NAN 0 0
 270.803859157033 -NAN 0 0
 272.983948282824 -NAN 0 0
 275.163452406611 -NAN 0 0
 277.342377485632 -NAN 0 0
 279.520729477125 1.72767389581567 0 0
 281.698514338328 2.24266239364901 0 0
 283.875738026479 5.01371661645939 0 0
 286.052406498816 5.77374972050447 0 0
 288.228525712577 7.46966980141831 0 0
 290.404101625 12.3805667524701 0 0
 292.579140193323 15.3887353291756 0 0
 294.753647374784 19.7115329196541 0 0
 296.927629126621 25.2757428871722 0 0
 299.101091406072 29.0346047277379 0 0
 301.274040170375 33.613573124665 0 0
 303.446481376768 37.622924949572 0 0
 305.618420982489 39.9726579415516 0 0
 307.789864944776 41.5908069084156 0 0
 309.960819220867 45.2780940426045 0 0
 312.131289768 47.2883619242934 0 0
 314.301282543413 45.2342084423793 0 0
 316.470803504344 42.5978230087516 0 0
 318.639858608031 39.1136644322397 0 0
 320.808453811712 35.4597543057396 0 0
 322.976595072625 34.8487292064546 0 0
 325.144288348008 31.9237913572624 0 0
 327.311539595099 28.1090786271655 0 0
 329.478354771136 27.0932960050183 0 0
 331.644739833357 24.4699884652989 0 0
 333.810700739 20.9502030082178 0 0
 335.976243445303 20.1477859054578 0 0
 338.141373909504 17.3794396367311 0 0
 340.306098088841 14.3762279267156 0 0
 342.470421940552 13.8357392136546 0 0
 344.634351421875 12.1060092116093 0 0
 346.797892490048 9.58200143141687 0 0
 348.961051102309 9.43866175724529 0 0
 351.123833215896 8.3271887422761 0 0
 353.286244788047 6.61054848364052 0 0
 355.448291776 6.85306567153819 0 0
 357.609980136993 6.53936329744957 0 0
 359.771315828264 5.66330827298297 0 0
 361.932304807051 9.31837781355151 0 0
 364.092953030592 12.8517024969343 0 0
 366.253266456125 11.4262233217163 0 0
 368.413251040888 8.17939972479981 0 0
 370.572912742119 5.31650057503845 0 0
 372.732257517056 3.07964147856731 0 0
 374.891291322937 3.74961250002882 0 0
 377.050020117 3.4449686108478 0 0
 379.208449856483 1.86495125870194 0 0
 381.366586498624 2.53722648639236 0 0
 383.524436000661 2.71998384055091 0 0
 385.682004319832 1.33760240493487 0 0
 387.839297413375 1.8503544712916 0 0
 389.996321238528 2.18727244092435 0 0
 392.153081752529 0.797943141129168 0 0
 394.309584912616 1.51618239872101 0 0
 396.465836676027 2.30665516838446 0 0
 398.621843 1.27043198629283 0 0
 400.777609841773 4.38200767294736 0 0
 402.933143158584 9.4034103316855 0 0
 405.088448907671 9.62104941409246 0 0
 407.243533046272 8.16064919732151 0 0
 409.398401531625 5.88806039663763 0 0
 411.553060320968 4.46266005128804 0 0
 413.707515371539 6.06845057130218 0 0
 415.861772640576 8.97969301590094 0 0
 418.015838085317 11.4024025184771 0 0
 420.169717663 16.5457880225424 0 0
 422.323417330863 23.7774579275755 0 0
 424.476943046144 32.107566042731 0 0
 426.630300766081 44.938537407412 0 0
 428.783496447912 62.9188386613746 0 0
 430.936536048875 86.9124384675292 0 0
 433.089425526208 127.540613665881 0 0
 435.242170837149 175.200453628443 0 0
 437.394777938936 220.387650580071 0 0
 439.547252788807 272.902829394132 0 0
 441.699601344 350.87739760061 0 0
 443.851829561753 443.11793727413 0 0
 446.003943399304 528.793978660794 0 0
 448.155948813891 578.559261306028 0 0
 450.307851762752 570.518075929758 0 0
 452.459658203125 511.560714311553 0 0
 454.611374092248 429.045225087791 0 0
 456.763005387359 349.949059264842 0 0
 458.914558045696 291.583566632714 0 0
 461.066038024497 252.801755984181 0 0
 463.217451281 221.521362236912 0 0
 465.368803772443 192.528139759688 0 0
 467.520101456064 164.159195693734 0 0
 469.671350289101 135.919966234632 0 0
 471.822556228792 113.378653344354 0 0
 473.973725232375 98.6976748860141 0 0
 476.124863257088 88.2037385207765 0 0
 478.275976260169 82.4731629532717 0 0
 480.427070198856 80.3325068780325 0 0
 482.578151030387 77.8818631149109 0 0
 484.729224712 77.0787855491874 0 0
 486.880297200933 78.5877554160243 0 0
 489.031374454424 79.9586364582151 0 0
 491.182462429711 82.9550242337634 0 0
 493.333567084032 88.3486430137267 0 0
 495.484694374625 92.58397206557 0 0
 497.635850258728 97.0542436240906 0 0
 499.787040693579 103.205770804051 0 0
 501.938271636416 107.127875576479 0 0
 504.089549044477 -NAN 0 0
 506.240878875 -NAN 0 0
 508.392267085223 -NAN 0 0
 510.543719632384 -NAN 0 0
 512.695242473721 -NAN 0 0
 514.846841566472 -NAN 0 0
 516.998522867875 -NAN 0 0
 519.150292335168 -NAN 0 0
 521.302155925589 -NAN 0 0
 523.454119596376 -NAN 0 0
 525.606189304767 -NAN 0 0
 527.758371008 -NAN 0 0
 529.910670663313 -NAN 0 0
 532.063094227944 -NAN 0 0
 534.215647659131 -NAN 0 0
 536.368336914112 -NAN 0 0
 538.521167950125 -NAN 0 0
 540.674146724408 -NAN 0 0
 542.827279194199 -NAN 0 0
 544.980571316736 -NAN 0 0
 547.134029049257 -NAN 0 0
 549.287658349 -NAN 0 0
 551.441465173203 -NAN 0 0
 553.595455479104 -NAN 0 0
 555.749635223941 -NAN 0 0
 557.904010364952 -NAN 0 0
 560.058586859375 -NAN 0 0
 562.213370664448 -NAN 0 0
 564.368367737409 -NAN 0 0
 566.523584035496 -NAN 0 0
 568.679025515947 -NAN 0 0
 570.834698136 -NAN 0 0
 572.990607852893 -NAN 0 0
 575.146760623864 -NAN 0 0
 577.303162406151 -NAN 0 0
 579.459819156992 -NAN 0 0
 581.616736833625 -NAN 0 0
 583.773921393288 -NAN 0 0
 585.931378793219 -NAN 0 0
 588.089114990656 -NAN 0 0
 590.247135942837 -NAN 0 0
 592.405447607 -NAN 0 0
 594.564055940383 -NAN 0 0
 596.722966900224 -NAN 0 0
 598.882186443761 -NAN 0 0
 601.041720528232 -NAN 0 0
 603.201575110875 -NAN 0 0
 605.361756148928 -NAN 0 0
 607.522269599629 -NAN 0 0
 609.683121420216 -NAN 0 0
 611.844317567927 -NAN 0 0
 614.005864 -NAN 0 0
 616.167766673673 -NAN 0 0
 618.330031546184 -NAN 0 0
 620.492664574771 -NAN 0 0
 622.655671716672 -NAN 0 0
 624.819058929125 -NAN 0 0
 626.982832169368 -NAN 0 0
 629.146997394639 -NAN 0 0
 631.311560562176 -NAN 0 0
 633.476527629217 -NAN 0 0
 635.641904553 -NAN 0 0
 637.807697290763 -NAN 0 0
 639.973911799744 -NAN 0 0
 642.140554037181 -NAN 0 0
 644.307629960312 -NAN 0 0
 646.475145526375 -NAN 0 0
 648.643106692608 -NAN 0 0
 650.811519416249 -NAN 0 0
 652.980389654536 -NAN 0 0
 655.149723364707 -NAN 0 0
 657.319526504 -NAN 0 0
 659.489805029653 -NAN 0 0
 661.660564898904 -NAN 0 0
 663.831812068991 -NAN 0 0
 666.003552497152 -NAN 0 0
 668.175792140625 -NAN 0 0
 670.348536956648 -NAN 0 0
 672.521792902459 -NAN 0 0
 674.695565935296 -NAN 0 0
 676.869862012397 -NAN 0 0
 679.044687091 -NAN 0 0
 681.220047128343 -NAN 0 0
 683.395948081664 -NAN 0 0
 685.572395908201 -NAN 0 0
 687.749396565192 -NAN 0 0
 689.926956009875 -NAN 0 0
 692.105080199488 -NAN 0 0
 694.283775091269 -NAN 0 0
 696.463046642456 -NAN 0 0
 698.642900810287 -NAN 0 0
 700.823343552 -NAN 0 0
 703.004380824833 -NAN 0 0
 705.186018586024 -NAN 0 0
 707.368262792811 -NAN 0 0
 709.551119402432 -NAN 0 0
 711.734594372125 -NAN 0 0
 713.918693659128 -NAN 0 0
 716.103423220679 -NAN 0 0
 718.288789014016 -NAN 0 0
 720.474796996377 -NAN 0 0
 722.661453125 -NAN 0 0
 724.848763357123 -NAN 0 0
 727.036733649984 -NAN 0 0
 729.225369960821 -NAN 0 0
 731.414678246872 -NAN 0 0
 733.604664465375 -NAN 0 0
 735.795334573568 -NAN 0 0
[END] of [DATA]
[END] of Spectrum


[Spectrum]
Version            = 1
IDData             = 12ad_2026-06-11_13-07-00_000_486
IDDevice           = SAM_82E6
IDDataType         = SPECTRUM
IDDataTypeSub1     = CALIBRATED
IDDataTypeSub2     = 
IDDataTypeSub3     = 
DateTime           = 2026-06-11 13:07:00
PositionLatitude   = 0
PositionLongitude  = 0
Comment            = 20260611_FrameF
CommentSub1        = UV
CommentSub2        = left
CommentSub3        = 17cm
IDMethodType       = SAM Control
MethodName         = SAM_82E6
Mission            = No Mission
MissionSub         = 1
RecordType         = 0
[Attributes]
CalFactor = 1
IDBasisSpec = 
IDDataBack = DLAB_2024-11-11_10-40-48_641_639
IDDataCal = DLAB_2024-11-12_11-45-27_171_455
IntegrationTime = 128
P31 = -1
P31e = 0
PathLength = +INF
PathLengthCustomOn = 0
RAWDynamic = 65535
Salinity = 0
Temperature = -NAN
Unit1 = $01 $01 Wavelength nm
Unit2 = $03 $06 Intensity mW/(m^2 nm)
Unit3 = $f0 $06 Error mW/(m^2 nm)
Unit4 = $f1 $00 Status 
p999 = 8758
[END] of [Attributes]
[DATA]
 0 6 0 0
 185.260577530984 -NAN 0 0
 187.468128380571 -NAN 0 0
 189.674861895872 -NAN 0 0
 191.880784034125 -NAN 0 0
 194.085900752568 -NAN 0 0
 196.290218008439 -NAN 0 0
 198.493741758976 -NAN 0 0
 200.696477961417 -NAN 0 0
 202.898432573 -NAN 0 0
 205.099611550963 -NAN 0 0
 207.300020852544 -NAN 0 0
 209.499666434981 -NAN 0 0
 211.698554255512 -NAN 0 0
 213.896690271375 -NAN 0 0
 216.094080439808 -NAN 0 0
 218.290730718049 -NAN 0 0
 220.486647063336 -NAN 0 0
 222.681835432907 -NAN 0 0
 224.876301784 -NAN 0 0
 227.070052073853 -NAN 0 0
 229.263092259704 -NAN 0 0
 231.455428298791 -NAN 0 0
 233.647066148352 -NAN 0 0
 235.838011765625 -NAN 0 0
 238.028271107848 -NAN 0 0
 240.217850132259 -NAN 0 0
 242.406754796096 -NAN 0 0
 244.594991056597 -NAN 0 0
 246.782564871 -NAN 0 0
 248.969482196543 -NAN 0 0
 251.155748990464 -NAN 0 0
 253.341371210001 -NAN 0 0
 255.526354812392 -NAN 0 0
 257.710705754875 -NAN 0 0
 259.894429994688 -NAN 0 0
 262.077533489069 -NAN 0 0
 264.260022195256 -NAN 0 0
 266.441902070487 -NAN 0 0
 268.623179072 -NAN 0 0
 270.803859157033 -NAN 0 0
 272.983948282824 -NAN 0 0
 275.163452406611 -NAN 0 0
 277.342377485632 -NAN 0 0
 279.520729477125 1.7102394188129 0 0
 281.698514338328 3.44812285452519 0 0
 283.875738026479 3.64676297494638 0 0
 286.052406498816 5.41368522889117 0 0
 288.228525712577 8.84219691620842 0 0
 290.404101625 11.0515090549378 0 0
 292.579140193323 14.5824647761585 0 0
 294.753647374784 20.7025035714071 0 0
 296.927629126621 23.5667979675724 0 0
 299.101091406072 27.7094077252869 0 0
 301.274040170375 34.0568273803429 0 0
 303.446481376768 35.73999289358 0 0
 305.618420982489 38.3896303241425 0 0
 307.789864944776 41.5373618056874 0 0
 309.960819220867 43.4149638444121 0 0
 312.131289768 45.591482795941 0 0
 314.301282543413 45.2388596531514 0 0
 316.470803504344 40.57947690277 0 0
 318.639858608031 37.3126501829101 0 0
 320.808453811712 35.9442759307029 0 0
 322.976595072625 33.3609462925528 0 0
 325.144288348008 30.006562359044 0 0
 327.311539595099 28.9329666109021 0 0
 329.478354771136 25.6534557346816 0 0
 331.644739833357 22.530581797792 0 0
 333.810700739 22.3416060390364 0 0
 335.976243445303 19.0284659355217 0 0
 338.141373909504 15.8682993357345 0 0
 340.306098088841 15.5299209471275 0 0
 342.470421940552 12.9688839942725 0 0
 344.634351421875 10.7302518177136 0 0
 346.797892490048 10.7175010590188 0 0
 348.961051102309 8.90202768019014 0 0
 351.123833215896 7.24359606977377 0 0
 353.286244788047 7.51777792433663 0 0
 355.448291776 6.50885136454481 0 0
 357.609980136993 5.34860704828695 0 0
 359.771315828264 6.65501288518665 0 0
 361.932304807051 9.04606171892853 0 0
 364.092953030592 11.3726891509398 0 0
 366.253266456125 12.2927464660271 0 0
 368.413251040888 8.00967767252057 0 0
 370.572912742119 4.12330713518281 0 0
 372.732257517056 4.3293608337336 0 0
 374.891291322937 3.53718665255715 0 0
 377.050020117 1.98552636964502 0 0
 379.208449856483 3.20561806220744 0 0
 381.366586498624 2.46656320370755 0 0
 383.524436000661 1.26748475641496 0 0
 385.682004319832 2.34178582477627 0 0
 387.839297413375 2.23857641007101 0 0
 389.996321238528 0.903423201482166 0 0
 392.153081752529 1.87751563576751 0 0
 394.309584912616 1.93890979708495 0 0
 396.465836676027 0.741274974827226 0 0
 398.621843 2.44602042341492 0 0
 400.777609841773 4.78516344553459 0 0
 402.933143158584 7.69760234857078 0 0
 405.088448907671 10.2229896589327 0 0
 407.243533046272 8.25093750547889 0 0
 409.398401531625 4.59327107220335 0 0
 411.553060320968 5.18178911246686 0 0
 413.707515371539 6.45452694901658 0 0
 415.861772640576 7.80803474088248 0 0
 418.015838085317 11.9725330467222 0 0
 420.169717663 17.07745307824 0 0
 422.323417330863 22.8582253870519 0 0
 424.476943046144 32.6383754424871 0 0
 426.630300766081 45.5324116972364 0 0
 428.783496447912 61.8904170936129 0 0
 430.936536048875 87.1382196360344 0 0
 433.089425526208 127.616716871411 0 0
 435.242170837149 173.462960010862 0 0
 437.394777938936 220.016773924386 0 0
 439.547252788807 273.299145504048 0 0
 441.699601344 350.022569940575 0 0
 443.851829561753 443.648620395846 0 0
 446.003943399304 529.706007649099 0 0
 448.155948813891 577.741508324075 0 0
 450.307851762752 571.154756162459 0 0
 452.459658203125 512.514813400473 0 0
 454.611374092248 428.278755730887 0 0
 456.763005387359 350.216552595848 0 0
 458.914558045696 292.557644926586 0 0
 461.066038024497 251.98053260235 0 0
 463.217451281 221.712472823728 0 0
 465.368803772443 193.501350712152 0 0
 467.520101456064 163.122447224425 0 0
 469.671350289101 135.943781212465 0 0
 471.822556228792 114.445496118407 0 0
 473.973725232375 97.6912757555847 0 0
 476.124863257088 88.2679519628249 0 0
 478.275976260169 83.7177584196472 0 0
 480.427070198856 79.4748384294755 0 0
 482.578151030387 77.8662370514561 0 0
 484.729224712 78.2701464577621 0 0
 486.880297200933 77.6056209243094 0 0
 489.031374454424 79.8221269745708 0 0
 491.182462429711 84.1254948472802 0 0
 493.333567084032 87.5114177044156 0 0
 495.484694374625 92.3493238422219 0 0
 497.635850258728 98.381772469816 0 0
 499.787040693579 102.349080483584 0 0
 501.938271636416 106.764110786553 0 0
 504.089549044477 -NAN 0 0
 506.240878875 -NAN 0 0
 508.392267085223 -NAN 0 0
 510.543719632384 -NAN 0 0
 512.695242473721 -NAN 0 0
 514.846841566472 -NAN 0 0
 516.998522867875 -NAN 0 0
 519.150292335168 -NAN 0 0
 521.302155925589 -NAN 0 0
 523.454119596376 -NAN 0 0
 525.606189304767 -NAN 0 0
 527.758371008 -NAN 0 0
 529.910670663313 -NAN 0 0
 532.063094227944 -NAN 0 0
 534.215647659131 -NAN 0 0
 536.368336914112 -NAN 0 0
 538.521167950125 -NAN 0 0
 540.674146724408 -NAN 0 0
 542.827279194199 -NAN 0 0
 544.980571316736 -NAN 0 0
 547.134029049257 -NAN 0 0
 549.287658349 -NAN 0 0
 551.441465173203 -NAN 0 0
 553.595455479104 -NAN 0 0
 555.749635223941 -NAN 0 0
 557.904010364952 -NAN 0 0
 560.058586859375 -NAN 0 0
 562.213370664448 -NAN 0 0
 564.368367737409 -NAN 0 0
 566.523584035496 -NAN 0 0
 568.679025515947 -NAN 0 0
 570.834698136 -NAN 0 0
 572.990607852893 -NAN 0 0
 575.146760623864 -NAN 0 0
 577.303162406151 -NAN 0 0
 579.459819156992 -NAN 0 0
 581.616736833625 -NAN 0 0
 583.773921393288 -NAN 0 0
 585.931378793219 -NAN 0 0
 588.089114990656 -NAN 0 0
 590.247135942837 -NAN 0 0
 592.405447607 -NAN 0 0
 594.564055940383 -NAN 0 0
 596.722966900224 -NAN 0 0
 598.882186443761 -NAN 0 0
 601.041720528232 -NAN 0 0
 603.201575110875 -NAN 0 0
 605.361756148928 -NAN 0 0
 607.522269599629 -NAN 0 0
 609.683121420216 -NAN 0 0
 611.844317567927 -NAN 0 0
 614.005864 -NAN 0 0
 616.167766673673 -NAN 0 0
 618.330031546184 -NAN 0 0
 620.492664574771 -NAN 0 0
 622.655671716672 -NAN 0 0
 624.819058929125 -NAN 0 0
 626.982832169368 -NAN 0 0
 629.146997394639 -NAN 0 0
 631.311560562176 -NAN 0 0
 633.476527629217 -NAN 0 0
 635.641904553 -NAN 0 0
 637.807697290763 -NAN 0 0
 639.973911799744 -NAN 0 0
 642.140554037181 -NAN 0 0
 644.307629960312 -NAN 0 0
 646.475145526375 -NAN 0 0
 648.643106692608 -NAN 0 0
 650.811519416249 -NAN 0 0
 652.980389654536 -NAN 0 0
 655.149723364707 -NAN 0 0
 657.319526504 -NAN 0 0
 659.489805029653 -NAN 0 0
 661.660564898904 -NAN 0 0
 663.831812068991 -NAN 0 0
 666.003552497152 -NAN 0 0
 668.175792140625 -NAN 0 0
 670.348536956648 -NAN 0 0
 672.521792902459 -NAN 0 0
 674.695565935296 -NAN 0 0
 676.869862012397 -NAN 0 0
 679.044687091 -NAN 0 0
 681.220047128343 -NAN 0 0
 683.395948081664 -NAN 0 0
 685.572395908201 -NAN 0 0
 687.749396565192 -NAN 0 0
 689.926956009875 -NAN 0 0
 692.105080199488 -NAN 0 0
 694.283775091269 -NAN 0 0
 696.463046642456 -NAN 0 0
 698.642900810287 -NAN 0 0
 700.823343552 -NAN 0 0
 703.004380824833 -NAN 0 0
 705.186018586024 -NAN 0 0
 707.368262792811 -NAN 0 0
 709.551119402432 -NAN 0 0
 711.734594372125 -NAN 0 0
 713.918693659128 -NAN 0 0
 716.103423220679 -NAN 0 0
 718.288789014016 -NAN 0 0
 720.474796996377 -NAN 0 0
 722.661453125 -NAN 0 0
 724.848763357123 -NAN 0 0
 727.036733649984 -NAN 0 0
 729.225369960821 -NAN 0 0
 731.414678246872 -NAN 0 0
 733.604664465375 -NAN 0 0
 735.795334573568 -NAN 0 0
[END] of [DATA]
[END] of Spectrum


