[Spectrum]
Version            = 1
IDData             = 12ad_2026-06-10_15-43-45_000_663
IDDevice           = SAM_82E6
IDDataType         = SPECTRUM
IDDataTypeSub1     = CALIBRATED
IDDataTypeSub2     = 
IDDataTypeSub3     = 
DateTime           = 2026-06-10 15:43:45
PositionLatitude   = 0
PositionLongitude  = 0
Comment            = 20260610_FrameC
CommentSub1        = UV
CommentSub2        = left
CommentSub3        = 28cm
IDMethodType       = SAM Control
MethodName         = SAM_82E6
Mission            = No Mission
MissionSub         = 1
RecordType         = 0
[Attributes]
CalFactor = 1
IDBasisSpec = 
IDDataBack = DLAB_2024-11-11_10-40-48_641_639
IDDataCal = DLAB_2024-11-12_11-45-27_171_455
IntegrationTime = 128
P31 = -1
P31e = 0
PathLength = +INF
PathLengthCustomOn = 0
RAWDynamic = 65535
Salinity = 0
Temperature = -NAN
Unit1 = $01 $01 Wavelength nm
Unit2 = $03 $06 Intensity mW/(m^2 nm)
Unit3 = $f0 $06 Error mW/(m^2 nm)
Unit4 = $f1 $00 Status 
p999 = 8415
[END] of [Attributes]
[DATA]
 0 6 0 0
 185.260577530984 -NAN 0 0
 187.468128380571 -NAN 0 0
 189.674861895872 -NAN 0 0
 191.880784034125 -NAN 0 0
 194.085900752568 -NAN 0 0
 196.290218008439 -NAN 0 0
 198.493741758976 -NAN 0 0
 200.696477961417 -NAN 0 0
 202.898432573 -NAN 0 0
 205.099611550963 -NAN 0 0
 207.300020852544 -NAN 0 0
 209.499666434981 -NAN 0 0
 211.698554255512 -NAN 0 0
 213.896690271375 -NAN 0 0
 216.094080439808 -NAN 0 0
 218.290730718049 -NAN 0 0
 220.486647063336 -NAN 0 0
 222.681835432907 -NAN 0 0
 224.876301784 -NAN 0 0
 227.070052073853 -NAN 0 0
 229.263092259704 -NAN 0 0
 231.455428298791 -NAN 0 0
 233.647066148352 -NAN 0 0
 235.838011765625 -NAN 0 0
 238.028271107848 -NAN 0 0
 240.217850132259 -NAN 0 0
 242.406754796096 -NAN 0 0
 244.594991056597 -NAN 0 0
 246.782564871 -NAN 0 0
 248.969482196543 -NAN 0 0
 251.155748990464 -NAN 0 0
 253.341371210001 -NAN 0 0
 255.526354812392 -NAN 0 0
 257.710705754875 -NAN 0 0
 259.894429994688 -NAN 0 0
 262.077533489069 -NAN 0 0
 264.260022195256 -NAN 0 0
 266.441902070487 -NAN 0 0
 268.623179072 -NAN 0 0
 270.803859157033 -NAN 0 0
 272.983948282824 -NAN 0 0
 275.163452406611 -NAN 0 0
 277.342377485632 -NAN 0 0
 279.520729477125 2.61309626359943 0 0
 281.698514338328 7.22008969793925 0 0
 283.875738026479 7.49202616279754 0 0
 286.052406498816 10.961291771046 0 0
 288.228525712577 18.5716662654147 0 0
 290.404101625 22.6800368527128 0 0
 292.579140193323 30.497850814823 0 0
 294.753647374784 43.129373915294 0 0
 296.927629126621 49.0549623516484 0 0
 299.101091406072 58.4117911552746 0 0
 301.274040170375 70.9269948519761 0 0
 303.446481376768 74.3564828609295 0 0
 305.618420982489 81.3303298727362 0 0
 307.789864944776 87.6230738881972 0 0
 309.960819220867 90.6319136641492 0 0
 312.131289768 96.7397856999599 0 0
 314.301282543413 95.3521673146796 0 0
 316.470803504344 85.0747231701689 0 0
 318.639858608031 80.5974547880495 0 0
 320.808453811712 76.2034972137078 0 0
 322.976595072625 69.412260624973 0 0
 325.144288348008 65.9271758414774 0 0
 327.311539595099 61.6612570680557 0 0
 329.478354771136 53.2379989303374 0 0
 331.644739833357 50.598681804863 0 0
 333.810700739 46.8613839172386 0 0
 335.976243445303 38.9480004134891 0 0
 338.141373909504 36.6549049073432 0 0
 340.306098088841 32.5407852116249 0 0
 342.470421940552 26.3396674461008 0 0
 344.634351421875 25.6535726525955 0 0
 346.797892490048 22.5085775111698 0 0
 348.961051102309 17.5679741012553 0 0
 351.123833215896 17.9888502674492 0 0
 353.286244788047 15.6490398705756 0 0
 355.448291776 12.1873117602262 0 0
 357.609980136993 13.7963373087581 0 0
 359.771315828264 12.9913815082798 0 0
 361.932304807051 15.7320806711838 0 0
 364.092953030592 24.2423632967351 0 0
 366.253266456125 22.1783508010546 0 0
 368.413251040888 13.4056266346269 0 0
 370.572912742119 11.0702049413318 0 0
 372.732257517056 7.29450915763024 0 0
 374.891291322937 5.16533666071027 0 0
 377.050020117 7.47981601681958 0 0
 379.208449856483 4.64844423591742 0 0
 381.366586498624 3.23679298497203 0 0
 383.524436000661 5.87938253334369 0 0
 385.682004319832 2.98895785881003 0 0
 387.839297413375 2.29666801404895 0 0
 389.996321238528 5.10753783348486 0 0
 392.153081752529 2.20915808591991 0 0
 394.309584912616 2.09300075197244 0 0
 396.465836676027 4.71111136620694 0 0
 398.621843 2.85867054073431 0 0
 400.777609841773 8.16256841782179 0 0
 402.933143158584 20.0906902140082 0 0
 405.088448907671 20.3122452321428 0 0
 407.243533046272 15.7840712163469 0 0
 409.398401531625 10.7864890355372 0 0
 411.553060320968 6.29908625813274 0 0
 413.707515371539 8.29263234071726 0 0
 415.861772640576 12.5528425114058 0 0
 418.015838085317 14.5076479300742 0 0
 420.169717663 21.6457992596698 0 0
 422.323417330863 31.2182974264156 0 0
 424.476943046144 40.7274491213787 0 0
 426.630300766081 57.8889675967084 0 0
 428.783496447912 80.8159028459223 0 0
 430.936536048875 112.846784147699 0 0
 433.089425526208 174.399948058151 0 0
 435.242170837149 241.670373904684 0 0
 437.394777938936 295.137680672769 0 0
 439.547252788807 351.176878719412 0 0
 441.699601344 442.658763949177 0 0
 443.851829561753 556.879155553721 0 0
 446.003943399304 669.019718955547 0 0
 448.155948813891 736.028477956376 0 0
 450.307851762752 731.829940836973 0 0
 452.459658203125 663.965538584284 0 0
 454.611374092248 558.956075355869 0 0
 456.763005387359 456.04335761197 0 0
 458.914558045696 381.936314606631 0 0
 461.066038024497 328.646727845365 0 0
 463.217451281 287.769223969889 0 0
 465.368803772443 253.279936255439 0 0
 467.520101456064 214.755305650966 0 0
 469.671350289101 177.939329622982 0 0
 471.822556228792 151.263595665956 0 0
 473.973725232375 128.932591431379 0 0
 476.124863257088 115.156777256453 0 0
 478.275976260169 110.26653546177 0 0
 480.427070198856 104.421851731203 0 0
 482.578151030387 101.478335079039 0 0
 484.729224712 103.099851247446 0 0
 486.880297200933 101.773064766566 0 0
 489.031374454424 103.855628607307 0 0
 491.182462429711 110.627495981001 0 0
 493.333567084032 113.969741475397 0 0
 495.484694374625 119.928237904327 0 0
 497.635850258728 128.700995322395 0 0
 499.787040693579 132.725710235048 0 0
 501.938271636416 139.082137048974 0 0
 504.089549044477 -NAN 0 0
 506.240878875 -NAN 0 0
 508.392267085223 -NAN 0 0
 510.543719632384 -NAN 0 0
 512.695242473721 -NAN 0 0
 514.846841566472 -NAN 0 0
 516.998522867875 -NAN 0 0
 519.150292335168 -NAN 0 0
 521.302155925589 -NAN 0 0
 523.454119596376 -NAN 0 0
 525.606189304767 -NAN 0 0
 527.758371008 -NAN 0 0
 529.910670663313 -NAN 0 0
 532.063094227944 -NAN 0 0
 534.215647659131 -NAN 0 0
 536.368336914112 -NAN 0 0
 538.521167950125 -NAN 0 0
 540.674146724408 -NAN 0 0
 542.827279194199 -NAN 0 0
 544.980571316736 -NAN 0 0
 547.134029049257 -NAN 0 0
 549.287658349 -NAN 0 0
 551.441465173203 -NAN 0 0
 553.595455479104 -NAN 0 0
 555.749635223941 -NAN 0 0
 557.904010364952 -NAN 0 0
 560.058586859375 -NAN 0 0
 562.213370664448 -NAN 0 0
 564.368367737409 -NAN 0 0
 566.523584035496 -NAN 0 0
 568.679025515947 -NAN 0 0
 570.834698136 -NAN 0 0
 572.990607852893 -NAN 0 0
 575.146760623864 -NAN 0 0
 577.303162406151 -NAN 0 0
 579.459819156992 -NAN 0 0
 581.616736833625 -NAN 0 0
 583.773921393288 -NAN 0 0
 585.931378793219 -NAN 0 0
 588.089114990656 -NAN 0 0
 590.247135942837 -NAN 0 0
 592.405447607 -NAN 0 0
 594.564055940383 -NAN 0 0
 596.722966900224 -NAN 0 0
 598.882186443761 -NAN 0 0
 601.041720528232 -NAN 0 0
 603.201575110875 -NAN 0 0
 605.361756148928 -NAN 0 0
 607.522269599629 -NAN 0 0
 609.683121420216 -NAN 0 0
 611.844317567927 -NAN 0 0
 614.005864 -NAN 0 0
 616.167766673673 -NAN 0 0
 618.330031546184 -NAN 0 0
 620.492664574771 -NAN 0 0
 622.655671716672 -NAN 0 0
 624.819058929125 -NAN 0 0
 626.982832169368 -NAN 0 0
 629.146997394639 -NAN 0 0
 631.311560562176 -NAN 0 0
 633.476527629217 -NAN 0 0
 635.641904553 -NAN 0 0
 637.807697290763 -NAN 0 0
 639.973911799744 -NAN 0 0
 642.140554037181 -NAN 0 0
 644.307629960312 -NAN 0 0
 646.475145526375 -NAN 0 0
 648.643106692608 -NAN 0 0
 650.811519416249 -NAN 0 0
 652.980389654536 -NAN 0 0
 655.149723364707 -NAN 0 0
 657.319526504 -NAN 0 0
 659.489805029653 -NAN 0 0
 661.660564898904 -NAN 0 0
 663.831812068991 -NAN 0 0
 666.003552497152 -NAN 0 0
 668.175792140625 -NAN 0 0
 670.348536956648 -NAN 0 0
 672.521792902459 -NAN 0 0
 674.695565935296 -NAN 0 0
 676.869862012397 -NAN 0 0
 679.044687091 -NAN 0 0
 681.220047128343 -NAN 0 0
 683.395948081664 -NAN 0 0
 685.572395908201 -NAN 0 0
 687.749396565192 -NAN 0 0
 689.926956009875 -NAN 0 0
 692.105080199488 -NAN 0 0
 694.283775091269 -NAN 0 0
 696.463046642456 -NAN 0 0
 698.642900810287 -NAN 0 0
 700.823343552 -NAN 0 0
 703.004380824833 -NAN 0 0
 705.186018586024 -NAN 0 0
 707.368262792811 -NAN 0 0
 709.551119402432 -NAN 0 0
 711.734594372125 -NAN 0 0
 713.918693659128 -NAN 0 0
 716.103423220679 -NAN 0 0
 718.288789014016 -NAN 0 0
 720.474796996377 -NAN 0 0
 722.661453125 -NAN 0 0
 724.848763357123 -NAN 0 0
 727.036733649984 -NAN 0 0
 729.225369960821 -NAN 0 0
 731.414678246872 -NAN 0 0
 733.604664465375 -NAN 0 0
 735.795334573568 -NAN 0 0
[END] of [DATA]
[END] of Spectrum


[Spectrum]
Version            = 1
IDData             = 12ad_2026-06-10_15-43-40_000_660
IDDevice           = SAM_82E6
IDDataType         = SPECTRUM
IDDataTypeSub1     = CALIBRATED
IDDataTypeSub2     = 
IDDataTypeSub3     = 
DateTime           = 2026-06-10 15:43:40
PositionLatitude   = 0
PositionLongitude  = 0
Comment            = 20260610_FrameC
CommentSub1        = UV
CommentSub2        = left
CommentSub3        = 28cm
IDMethodType       = SAM Control
MethodName         = SAM_82E6
Mission            = No Mission
MissionSub         = 1
RecordType         = 0
[Attributes]
CalFactor = 1
IDBasisSpec = 
IDDataBack = DLAB_2024-11-11_10-40-48_641_639
IDDataCal = DLAB_2024-11-12_11-45-27_171_455
IntegrationTime = 128
P31 = -1
P31e = 0
PathLength = +INF
PathLengthCustomOn = 0
RAWDynamic = 65535
Salinity = 0
Temperature = -NAN
Unit1 = $01 $01 Wavelength nm
Unit2 = $03 $06 Intensity mW/(m^2 nm)
Unit3 = $f0 $06 Error mW/(m^2 nm)
Unit4 = $f1 $00 Status 
p999 = 8414
[END] of [Attributes]
[DATA]
 0 6 0 0
 185.260577530984 -NAN 0 0
 187.468128380571 -NAN 0 0
 189.674861895872 -NAN 0 0
 191.880784034125 -NAN 0 0
 194.085900752568 -NAN 0 0
 196.290218008439 -NAN 0 0
 198.493741758976 -NAN 0 0
 200.696477961417 -NAN 0 0
 202.898432573 -NAN 0 0
 205.099611550963 -NAN 0 0
 207.300020852544 -NAN 0 0
 209.499666434981 -NAN 0 0
 211.698554255512 -NAN 0 0
 213.896690271375 -NAN 0 0
 216.094080439808 -NAN 0 0
 218.290730718049 -NAN 0 0
 220.486647063336 -NAN 0 0
 222.681835432907 -NAN 0 0
 224.876301784 -NAN 0 0
 227.070052073853 -NAN 0 0
 229.263092259704 -NAN 0 0
 231.455428298791 -NAN 0 0
 233.647066148352 -NAN 0 0
 235.838011765625 -NAN 0 0
 238.028271107848 -NAN 0 0
 240.217850132259 -NAN 0 0
 242.406754796096 -NAN 0 0
 244.594991056597 -NAN 0 0
 246.782564871 -NAN 0 0
 248.969482196543 -NAN 0 0
 251.155748990464 -NAN 0 0
 253.341371210001 -NAN 0 0
 255.526354812392 -NAN 0 0
 257.710705754875 -NAN 0 0
 259.894429994688 -NAN 0 0
 262.077533489069 -NAN 0 0
 264.260022195256 -NAN 0 0
 266.441902070487 -NAN 0 0
 268.623179072 -NAN 0 0
 270.803859157033 -NAN 0 0
 272.983948282824 -NAN 0 0
 275.163452406611 -NAN 0 0
 277.342377485632 -NAN 0 0
 279.520729477125 3.46489499716356 0 0
 281.698514338328 6.9376824750008 0 0
 283.875738026479 6.44986522536303 0 0
 286.052406498816 11.9021054426807 0 0
 288.228525712577 17.9011624139306 0 0
 290.404101625 21.3975107157067 0 0
 292.579140193323 31.3605039239951 0 0
 294.753647374784 42.1685156314119 0 0
 296.927629126621 47.7294508389722 0 0
 299.101091406072 58.9695179512702 0 0
 301.274040170375 69.4858383452958 0 0
 303.446481376768 73.0196447886939 0 0
 305.618420982489 81.5045489447609 0 0
 307.789864944776 85.872212322822 0 0
 309.960819220867 89.2118712741115 0 0
 312.131289768 96.7802947507694 0 0
 314.301282543413 93.5730791943432 0 0
 316.470803504344 83.9311566113319 0 0
 318.639858608031 80.9216373529289 0 0
 320.808453811712 74.3825478099997 0 0
 322.976595072625 68.5769647356935 0 0
 325.144288348008 66.5508527445123 0 0
 327.311539595099 59.9460454293158 0 0
 329.478354771136 52.9167122584441 0 0
 331.644739833357 51.3714835456558 0 0
 333.810700739 45.4226139747326 0 0
 335.976243445303 38.9741663348642 0 0
 338.141373909504 37.4385631675254 0 0
 340.306098088841 31.4413836274677 0 0
 342.470421940552 26.5989383425323 0 0
 344.634351421875 26.4005561004694 0 0
 346.797892490048 21.4866278463281 0 0
 348.961051102309 18.1716874379424 0 0
 351.123833215896 18.4925865304926 0 0
 353.286244788047 14.5695240697473 0 0
 355.448291776 12.7294492937407 0 0
 357.609980136993 14.0469101165855 0 0
 359.771315828264 11.9846184746327 0 0
 361.932304807051 16.3645567619211 0 0
 364.092953030592 24.3033302590891 0 0
 366.253266456125 21.2324158321978 0 0
 368.413251040888 14.1257330564403 0 0
 370.572912742119 11.2284600712495 0 0
 372.732257517056 6.12045130830909 0 0
 374.891291322937 6.10915276783123 0 0
 377.050020117 7.38049669605719 0 0
 379.208449856483 3.48970507798157 0 0
 381.366586498624 4.25434425563336 0 0
 383.524436000661 5.67472512814254 0 0
 385.682004319832 2.06727109385645 0 0
 387.839297413375 3.24030236159307 0 0
 389.996321238528 4.526013123278 0 0
 392.153081752529 1.30997688215944 0 0
 394.309584912616 3.09936468743239 0 0
 396.465836676027 4.25196897667299 0 0
 398.621843 2.14217194474567 0 0
 400.777609841773 9.16915734679764 0 0
 402.933143158584 19.0869755612394 0 0
 405.088448907671 19.4498736976982 0 0
 407.243533046272 16.5538978437941 0 0
 409.398401531625 10.1058652667638 0 0
 411.553060320968 6.00128741377954 0 0
 413.707515371539 9.22812510210215 0 0
 415.861772640576 11.9098593117006 0 0
 418.015838085317 14.4191793998293 0 0
 420.169717663 22.4801917492166 0 0
 422.323417330863 30.6250078982689 0 0
 424.476943046144 40.6475614190743 0 0
 426.630300766081 58.6036883989971 0 0
 428.783496447912 80.2393123931772 0 0
 430.936536048875 112.831951808162 0 0
 433.089425526208 174.618542371908 0 0
 435.242170837149 240.50511829547 0 0
 437.394777938936 294.734831891594 0 0
 439.547252788807 351.453491187966 0 0
 441.699601344 442.126140561001 0 0
 443.851829561753 557.195556531652 0 0
 446.003943399304 669.574123068513 0 0
 448.155948813891 735.712607705836 0 0
 450.307851762752 732.479246456726 0 0
 452.459658203125 664.582460907799 0 0
 454.611374092248 558.288505270823 0 0
 456.763005387359 456.623251913495 0 0
 458.914558045696 382.187818428409 0 0
 461.066038024497 328.07818858102 0 0
 463.217451281 288.591830408791 0 0
 465.368803772443 253.773930534998 0 0
 467.520101456064 213.98417042586 0 0
 469.671350289101 178.777183843106 0 0
 471.822556228792 151.480024835282 0 0
 473.973725232375 128.397460165089 0 0
 476.124863257088 115.834339782896 0 0
 478.275976260169 110.206528180355 0 0
 480.427070198856 103.499579685222 0 0
 482.578151030387 102.322142505598 0 0
 484.729224712 102.858449787547 0 0
 486.880297200933 101.028074366245 0 0
 489.031374454424 104.721680577312 0 0
 491.182462429711 110.285736431635 0 0
 493.333567084032 113.348502482583 0 0
 495.484694374625 120.804848248156 0 0
 497.635850258728 128.306028062509 0 0
 499.787040693579 132.236483529198 0 0
 501.938271636416 139.798904356935 0 0
 504.089549044477 -NAN 0 0
 506.240878875 -NAN 0 0
 508.392267085223 -NAN 0 0
 510.543719632384 -NAN 0 0
 512.695242473721 -NAN 0 0
 514.846841566472 -NAN 0 0
 516.998522867875 -NAN 0 0
 519.150292335168 -NAN 0 0
 521.302155925589 -NAN 0 0
 523.454119596376 -NAN 0 0
 525.606189304767 -NAN 0 0
 527.758371008 -NAN 0 0
 529.910670663313 -NAN 0 0
 532.063094227944 -NAN 0 0
 534.215647659131 -NAN 0 0
 536.368336914112 -NAN 0 0
 538.521167950125 -NAN 0 0
 540.674146724408 -NAN 0 0
 542.827279194199 -NAN 0 0
 544.980571316736 -NAN 0 0
 547.134029049257 -NAN 0 0
 549.287658349 -NAN 0 0
 551.441465173203 -NAN 0 0
 553.595455479104 -NAN 0 0
 555.749635223941 -NAN 0 0
 557.904010364952 -NAN 0 0
 560.058586859375 -NAN 0 0
 562.213370664448 -NAN 0 0
 564.368367737409 -NAN 0 0
 566.523584035496 -NAN 0 0
 568.679025515947 -NAN 0 0
 570.834698136 -NAN 0 0
 572.990607852893 -NAN 0 0
 575.146760623864 -NAN 0 0
 577.303162406151 -NAN 0 0
 579.459819156992 -NAN 0 0
 581.616736833625 -NAN 0 0
 583.773921393288 -NAN 0 0
 585.931378793219 -NAN 0 0
 588.089114990656 -NAN 0 0
 590.247135942837 -NAN 0 0
 592.405447607 -NAN 0 0
 594.564055940383 -NAN 0 0
 596.722966900224 -NAN 0 0
 598.882186443761 -NAN 0 0
 601.041720528232 -NAN 0 0
 603.201575110875 -NAN 0 0
 605.361756148928 -NAN 0 0
 607.522269599629 -NAN 0 0
 609.683121420216 -NAN 0 0
 611.844317567927 -NAN 0 0
 614.005864 -NAN 0 0
 616.167766673673 -NAN 0 0
 618.330031546184 -NAN 0 0
 620.492664574771 -NAN 0 0
 622.655671716672 -NAN 0 0
 624.819058929125 -NAN 0 0
 626.982832169368 -NAN 0 0
 629.146997394639 -NAN 0 0
 631.311560562176 -NAN 0 0
 633.476527629217 -NAN 0 0
 635.641904553 -NAN 0 0
 637.807697290763 -NAN 0 0
 639.973911799744 -NAN 0 0
 642.140554037181 -NAN 0 0
 644.307629960312 -NAN 0 0
 646.475145526375 -NAN 0 0
 648.643106692608 -NAN 0 0
 650.811519416249 -NAN 0 0
 652.980389654536 -NAN 0 0
 655.149723364707 -NAN 0 0
 657.319526504 -NAN 0 0
 659.489805029653 -NAN 0 0
 661.660564898904 -NAN 0 0
 663.831812068991 -NAN 0 0
 666.003552497152 -NAN 0 0
 668.175792140625 -NAN 0 0
 670.348536956648 -NAN 0 0
 672.521792902459 -NAN 0 0
 674.695565935296 -NAN 0 0
 676.869862012397 -NAN 0 0
 679.044687091 -NAN 0 0
 681.220047128343 -NAN 0 0
 683.395948081664 -NAN 0 0
 685.572395908201 -NAN 0 0
 687.749396565192 -NAN 0 0
 689.926956009875 -NAN 0 0
 692.105080199488 -NAN 0 0
 694.283775091269 -NAN 0 0
 696.463046642456 -NAN 0 0
 698.642900810287 -NAN 0 0
 700.823343552 -NAN 0 0
 703.004380824833 -NAN 0 0
 705.186018586024 -NAN 0 0
 707.368262792811 -NAN 0 0
 709.551119402432 -NAN 0 0
 711.734594372125 -NAN 0 0
 713.918693659128 -NAN 0 0
 716.103423220679 -NAN 0 0
 718.288789014016 -NAN 0 0
 720.474796996377 -NAN 0 0
 722.661453125 -NAN 0 0
 724.848763357123 -NAN 0 0
 727.036733649984 -NAN 0 0
 729.225369960821 -NAN 0 0
 731.414678246872 -NAN 0 0
 733.604664465375 -NAN 0 0
 735.795334573568 -NAN 0 0
[END] of [DATA]
[END] of Spectrum


[Spectrum]
Version            = 1
IDData             = 12ad_2026-06-10_15-43-35_000_657
IDDevice           = SAM_82E6
IDDataType         = SPECTRUM
IDDataTypeSub1     = CALIBRATED
IDDataTypeSub2     = 
IDDataTypeSub3     = 
DateTime           = 2026-06-10 15:43:35
PositionLatitude   = 0
PositionLongitude  = 0
Comment            = 20260610_FrameC
CommentSub1        = UV
CommentSub2        = left
CommentSub3        = 28cm
IDMethodType       = SAM Control
MethodName         = SAM_82E6
Mission            = No Mission
MissionSub         = 1
RecordType         = 0
[Attributes]
CalFactor = 1
IDBasisSpec = 
IDDataBack = DLAB_2024-11-11_10-40-48_641_639
IDDataCal = DLAB_2024-11-12_11-45-27_171_455
IntegrationTime = 128
P31 = -1
P31e = 0
PathLength = +INF
PathLengthCustomOn = 0
RAWDynamic = 65535
Salinity = 0
Temperature = -NAN
Unit1 = $01 $01 Wavelength nm
Unit2 = $03 $06 Intensity mW/(m^2 nm)
Unit3 = $f0 $06 Error mW/(m^2 nm)
Unit4 = $f1 $00 Status 
p999 = 8413
[END] of [Attributes]
[DATA]
 0 6 0 0
 185.260577530984 -NAN 0 0
 187.468128380571 -NAN 0 0
 189.674861895872 -NAN 0 0
 191.880784034125 -NAN 0 0
 194.085900752568 -NAN 0 0
 196.290218008439 -NAN 0 0
 198.493741758976 -NAN 0 0
 200.696477961417 -NAN 0 0
 202.898432573 -NAN 0 0
 205.099611550963 -NAN 0 0
 207.300020852544 -NAN 0 0
 209.499666434981 -NAN 0 0
 211.698554255512 -NAN 0 0
 213.896690271375 -NAN 0 0
 216.094080439808 -NAN 0 0
 218.290730718049 -NAN 0 0
 220.486647063336 -NAN 0 0
 222.681835432907 -NAN 0 0
 224.876301784 -NAN 0 0
 227.070052073853 -NAN 0 0
 229.263092259704 -NAN 0 0
 231.455428298791 -NAN 0 0
 233.647066148352 -NAN 0 0
 235.838011765625 -NAN 0 0
 238.028271107848 -NAN 0 0
 240.217850132259 -NAN 0 0
 242.406754796096 -NAN 0 0
 244.594991056597 -NAN 0 0
 246.782564871 -NAN 0 0
 248.969482196543 -NAN 0 0
 251.155748990464 -NAN 0 0
 253.341371210001 -NAN 0 0
 255.526354812392 -NAN 0 0
 257.710705754875 -NAN 0 0
 259.894429994688 -NAN 0 0
 262.077533489069 -NAN 0 0
 264.260022195256 -NAN 0 0
 266.441902070487 -NAN 0 0
 268.623179072 -NAN 0 0
 270.803859157033 -NAN 0 0
 272.983948282824 -NAN 0 0
 275.163452406611 -NAN 0 0
 277.342377485632 -NAN 0 0
 279.520729477125 2.39890126042249 0 0
 281.698514338328 4.87715570022764 0 0
 283.875738026479 9.61306373464933 0 0
 286.052406498816 10.0320930830117 0 0
 288.228525712577 15.9011124637772 0 0
 290.404101625 24.366805921791 0 0
 292.579140193323 28.8091932579794 0 0
 294.753647374784 40.1345620561287 0 0
 296.927629126621 50.0706799858831 0 0
 299.101091406072 55.9759074565247 0 0
 301.274040170375 67.7197834313122 0 0
 303.446481376768 74.4241985149153 0 0
 305.618420982489 77.9513402165545 0 0
 307.789864944776 84.3992652916333 0 0
 309.960819220867 90.2320539348387 0 0
 312.131289768 92.9814459859698 0 0
 314.301282543413 92.3265547074146 0 0
 316.470803504344 85.1724639016935 0 0
 318.639858608031 76.740711416985 0 0
 320.808453811712 73.96191914657 0 0
 322.976595072625 69.8538143442217 0 0
 325.144288348008 62.1187043826671 0 0
 327.311539595099 59.8786097580491 0 0
 329.478354771136 54.2137584523838 0 0
 331.644739833357 46.9597034928539 0 0
 333.810700739 46.1538406739075 0 0
 335.976243445303 40.1109302523838 0 0
 338.141373909504 33.2787141233321 0 0
 340.306098088841 32.6737992304489 0 0
 342.470421940552 27.575787275552 0 0
 344.634351421875 22.7888785545201 0 0
 346.797892490048 22.7574210465805 0 0
 348.961051102309 18.534840671122 0 0
 351.123833215896 15.4186759120098 0 0
 353.286244788047 16.1091971109287 0 0
 355.448291776 13.0478475277096 0 0
 357.609980136993 11.3184506535762 0 0
 359.771315828264 13.8905843887595 0 0
 361.932304807051 16.1361626180437 0 0
 364.092953030592 21.5485267749466 0 0
 366.253266456125 23.4068984396191 0 0
 368.413251040888 13.829931765325 0 0
 370.572912742119 8.61599443451293 0 0
 372.732257517056 8.94862621645159 0 0
 374.891291322937 5.22449322582896 0 0
 377.050020117 4.78440000612937 0 0
 379.208449856483 6.77559824565475 0 0
 381.366586498624 2.84107860193707 0 0
 383.524436000661 3.48602787807466 0 0
 385.682004319832 5.30455362014403 0 0
 387.839297413375 1.69591581681366 0 0
 389.996321238528 2.66625776986285 0 0
 392.153081752529 4.39328033085662 0 0
 394.309584912616 1.07300044882334 0 0
 396.465836676027 2.76445503631157 0 0
 398.621843 5.11431426884667 0 0
 400.777609841773 6.81524783588511 0 0
 402.933143158584 17.8652824737783 0 0
 405.088448907671 21.9141433531054 0 0
 407.243533046272 14.0614653370284 0 0
 409.398401531625 9.55815792421552 0 0
 411.553060320968 8.31308881290657 0 0
 413.707515371539 7.00288268329774 0 0
 415.861772640576 11.8812822806026 0 0
 418.015838085317 16.1079453438381 0 0
 420.169717663 20.376236083965 0 0
 422.323417330863 30.74769431304 0 0
 424.476943046144 42.2044839728739 0 0
 426.630300766081 56.466431507129 0 0
 428.783496447912 80.6860856972048 0 0
 430.936536048875 114.010298782477 0 0
 433.089425526208 172.045606338137 0 0
 435.242170837149 240.382039170765 0 0
 437.394777938936 295.201624923749 0 0
 439.547252788807 349.276179008588 0 0
 441.699601344 442.872470864186 0 0
 443.851829561753 558.302122914788 0 0
 446.003943399304 667.578952711358 0 0
 448.155948813891 737.01469507195 0 0
 450.307851762752 733.249395066821 0 0
 452.459658203125 662.122182092098 0 0
 454.611374092248 559.939362347232 0 0
 456.763005387359 457.210956239282 0 0
 458.914558045696 379.932268280714 0 0
 461.066038024497 329.938677284771 0 0
 463.217451281 288.60013956474 0 0
 465.368803772443 251.331403263845 0 0
 467.520101456064 216.286865889717 0 0
 469.671350289101 178.552024052685 0 0
 471.822556228792 149.344153133952 0 0
 473.973725232375 130.764810417194 0 0
 476.124863257088 115.185562592544 0 0
 478.275976260169 108.175170579878 0 0
 480.427070198856 106.054763348845 0 0
 482.578151030387 101.487264258156 0 0
 484.729224712 101.157463574742 0 0
 486.880297200933 103.674691914533 0 0
 489.031374454424 103.622891126996 0 0
 491.182462429711 108.847219112733 0 0
 493.333567084032 115.782245203533 0 0
 495.484694374625 119.45894145763 0 0
 497.635850258728 127.07065824409 0 0
 499.787040693579 134.769590695044 0 0
 501.938271636416 138.296491200908 0 0
 504.089549044477 -NAN 0 0
 506.240878875 -NAN 0 0
 508.392267085223 -NAN 0 0
 510.543719632384 -NAN 0 0
 512.695242473721 -NAN 0 0
 514.846841566472 -NAN 0 0
 516.998522867875 -NAN 0 0
 519.150292335168 -NAN 0 0
 521.302155925589 -NAN 0 0
 523.454119596376 -NAN 0 0
 525.606189304767 -NAN 0 0
 527.758371008 -NAN 0 0
 529.910670663313 -NAN 0 0
 532.063094227944 -NAN 0 0
 534.215647659131 -NAN 0 0
 536.368336914112 -NAN 0 0
 538.521167950125 -NAN 0 0
 540.674146724408 -NAN 0 0
 542.827279194199 -NAN 0 0
 544.980571316736 -NAN 0 0
 547.134029049257 -NAN 0 0
 549.287658349 -NAN 0 0
 551.441465173203 -NAN 0 0
 553.595455479104 -NAN 0 0
 555.749635223941 -NAN 0 0
 557.904010364952 -NAN 0 0
 560.058586859375 -NAN 0 0
 562.213370664448 -NAN 0 0
 564.368367737409 -NAN 0 0
 566.523584035496 -NAN 0 0
 568.679025515947 -NAN 0 0
 570.834698136 -NAN 0 0
 572.990607852893 -NAN 0 0
 575.146760623864 -NAN 0 0
 577.303162406151 -NAN 0 0
 579.459819156992 -NAN 0 0
 581.616736833625 -NAN 0 0
 583.773921393288 -NAN 0 0
 585.931378793219 -NAN 0 0
 588.089114990656 -NAN 0 0
 590.247135942837 -NAN 0 0
 592.405447607 -NAN 0 0
 594.564055940383 -NAN 0 0
 596.722966900224 -NAN 0 0
 598.882186443761 -NAN 0 0
 601.041720528232 -NAN 0 0
 603.201575110875 -NAN 0 0
 605.361756148928 -NAN 0 0
 607.522269599629 -NAN 0 0
 609.683121420216 -NAN 0 0
 611.844317567927 -NAN 0 0
 614.005864 -NAN 0 0
 616.167766673673 -NAN 0 0
 618.330031546184 -NAN 0 0
 620.492664574771 -NAN 0 0
 622.655671716672 -NAN 0 0
 624.819058929125 -NAN 0 0
 626.982832169368 -NAN 0 0
 629.146997394639 -NAN 0 0
 631.311560562176 -NAN 0 0
 633.476527629217 -NAN 0 0
 635.641904553 -NAN 0 0
 637.807697290763 -NAN 0 0
 639.973911799744 -NAN 0 0
 642.140554037181 -NAN 0 0
 644.307629960312 -NAN 0 0
 646.475145526375 -NAN 0 0
 648.643106692608 -NAN 0 0
 650.811519416249 -NAN 0 0
 652.980389654536 -NAN 0 0
 655.149723364707 -NAN 0 0
 657.319526504 -NAN 0 0
 659.489805029653 -NAN 0 0
 661.660564898904 -NAN 0 0
 663.831812068991 -NAN 0 0
 666.003552497152 -NAN 0 0
 668.175792140625 -NAN 0 0
 670.348536956648 -NAN 0 0
 672.521792902459 -NAN 0 0
 674.695565935296 -NAN 0 0
 676.869862012397 -NAN 0 0
 679.044687091 -NAN 0 0
 681.220047128343 -NAN 0 0
 683.395948081664 -NAN 0 0
 685.572395908201 -NAN 0 0
 687.749396565192 -NAN 0 0
 689.926956009875 -NAN 0 0
 692.105080199488 -NAN 0 0
 694.283775091269 -NAN 0 0
 696.463046642456 -NAN 0 0
 698.642900810287 -NAN 0 0
 700.823343552 -NAN 0 0
 703.004380824833 -NAN 0 0
 705.186018586024 -NAN 0 0
 707.368262792811 -NAN 0 0
 709.551119402432 -NAN 0 0
 711.734594372125 -NAN 0 0
 713.918693659128 -NAN 0 0
 716.103423220679 -NAN 0 0
 718.288789014016 -NAN 0 0
 720.474796996377 -NAN 0 0
 722.661453125 -NAN 0 0
 724.848763357123 -NAN 0 0
 727.036733649984 -NAN 0 0
 729.225369960821 -NAN 0 0
 731.414678246872 -NAN 0 0
 733.604664465375 -NAN 0 0
 735.795334573568 -NAN 0 0
[END] of [DATA]
[END] of Spectrum


[Spectrum]
Version            = 1
IDData             = 12ad_2026-06-10_15-43-30_000_654
IDDevice           = SAM_82E6
IDDataType         = SPECTRUM
IDDataTypeSub1     = CALIBRATED
IDDataTypeSub2     = 
IDDataTypeSub3     = 
DateTime           = 2026-06-10 15:43:30
PositionLatitude   = 0
PositionLongitude  = 0
Comment            = 20260610_FrameC
CommentSub1        = UV
CommentSub2        = left
CommentSub3        = 28cm
IDMethodType       = SAM Control
MethodName         = SAM_82E6
Mission            = No Mission
MissionSub         = 1
RecordType         = 0
[Attributes]
CalFactor = 1
IDBasisSpec = 
IDDataBack = DLAB_2024-11-11_10-40-48_641_639
IDDataCal = DLAB_2024-11-12_11-45-27_171_455
IntegrationTime = 128
P31 = -1
P31e = 0
PathLength = +INF
PathLengthCustomOn = 0
RAWDynamic = 65535
Salinity = 0
Temperature = -NAN
Unit1 = $01 $01 Wavelength nm
Unit2 = $03 $06 Intensity mW/(m^2 nm)
Unit3 = $f0 $06 Error mW/(m^2 nm)
Unit4 = $f1 $00 Status 
p999 = 8412
[END] of [Attributes]
[DATA]
 0 6 0 0
 185.260577530984 -NAN 0 0
 187.468128380571 -NAN 0 0
 189.674861895872 -NAN 0 0
 191.880784034125 -NAN 0 0
 194.085900752568 -NAN 0 0
 196.290218008439 -NAN 0 0
 198.493741758976 -NAN 0 0
 200.696477961417 -NAN 0 0
 202.898432573 -NAN 0 0
 205.099611550963 -NAN 0 0
 207.300020852544 -NAN 0 0
 209.499666434981 -NAN 0 0
 211.698554255512 -NAN 0 0
 213.896690271375 -NAN 0 0
 216.094080439808 -NAN 0 0
 218.290730718049 -NAN 0 0
 220.486647063336 -NAN 0 0
 222.681835432907 -NAN 0 0
 224.876301784 -NAN 0 0
 227.070052073853 -NAN 0 0
 229.263092259704 -NAN 0 0
 231.455428298791 -NAN 0 0
 233.647066148352 -NAN 0 0
 235.838011765625 -NAN 0 0
 238.028271107848 -NAN 0 0
 240.217850132259 -NAN 0 0
 242.406754796096 -NAN 0 0
 244.594991056597 -NAN 0 0
 246.782564871 -NAN 0 0
 248.969482196543 -NAN 0 0
 251.155748990464 -NAN 0 0
 253.341371210001 -NAN 0 0
 255.526354812392 -NAN 0 0
 257.710705754875 -NAN 0 0
 259.894429994688 -NAN 0 0
 262.077533489069 -NAN 0 0
 264.260022195256 -NAN 0 0
 266.441902070487 -NAN 0 0
 268.623179072 -NAN 0 0
 270.803859157033 -NAN 0 0
 272.983948282824 -NAN 0 0
 275.163452406611 -NAN 0 0
 277.342377485632 -NAN 0 0
 279.520729477125 3.46364967737765 0 0
 281.698514338328 3.806361646586 0 0
 283.875738026479 9.54951733602528 0 0
 286.052406498816 10.907572471894 0 0
 288.228525712577 14.6503648946626 0 0
 290.404101625 24.4322409287811 0 0
 292.579140193323 29.3800666390492 0 0
 294.753647374784 38.4469007113614 0 0
 296.927629126621 49.7850094012546 0 0
 299.101091406072 55.857926788141 0 0
 301.274040170375 65.9548888687834 0 0
 303.446481376768 73.8835654709965 0 0
 305.618420982489 77.5932232351705 0 0
 307.789864944776 82.1962581571777 0 0
 309.960819220867 89.4442221979 0 0
 312.131289768 92.1813922324826 0 0
 314.301282543413 89.9928097025028 0 0
 316.470803504344 84.5457014607924 0 0
 318.639858608031 75.918677056041 0 0
 320.808453811712 71.6258327404972 0 0
 322.976595072625 69.8664703425441 0 0
 325.144288348008 61.4560476731925 0 0
 327.311539595099 57.6224467563219 0 0
 329.478354771136 54.5752059582638 0 0
 331.644739833357 46.0403359046693 0 0
 333.810700739 44.1422271431814 0 0
 335.976243445303 40.4118383481978 0 0
 338.141373909504 32.4571369150765 0 0
 340.306098088841 30.8781099763254 0 0
 342.470421940552 27.8704132942241 0 0
 344.634351421875 22.0984847617881 0 0
 346.797892490048 21.4419326482204 0 0
 348.961051102309 18.982421248321 0 0
 351.123833215896 14.6026231658794 0 0
 353.286244788047 15.1572604501983 0 0
 355.448291776 13.58030403384 0 0
 357.609980136993 10.537819983037 0 0
 359.771315828264 12.9515842516078 0 0
 361.932304807051 16.8773455368764 0 0
 364.092953030592 20.4612826129674 0 0
 366.253266456125 22.6816816301623 0 0
 368.413251040888 14.4081990434479 0 0
 370.572912742119 7.40647308442769 0 0
 372.732257517056 8.39681902727065 0 0
 374.891291322937 6.13200871344527 0 0
 377.050020117 3.70430239283846 0 0
 379.208449856483 6.46072347447653 0 0
 381.366586498624 3.9731043905478 0 0
 383.524436000661 2.16854583209225 0 0
 385.682004319832 5.26615000493763 0 0
 387.839297413375 2.88183465899748 0 0
 389.996321238528 1.61698492318526 0 0
 392.153081752529 4.65554151528676 0 0
 394.309584912616 2.04254619152255 0 0
 396.465836676027 1.6649298403224 0 0
 398.621843 5.6755715023711 0 0
 400.777609841773 7.57604179383198 0 0
 402.933143158584 16.5536099161827 0 0
 405.088448907671 22.0357598515527 0 0
 407.243533046272 14.4998388332136 0 0
 409.398401531625 8.49597234567518 0 0
 411.553060320968 8.79949359201679 0 0
 413.707515371539 7.43244568597447 0 0
 415.861772640576 10.8984365324817 0 0
 418.015838085317 16.824540438822 0 0
 420.169717663 20.5720628927361 0 0
 422.323417330863 29.9154409471675 0 0
 424.476943046144 42.8355968210788 0 0
 426.630300766081 56.6917239339374 0 0
 428.783496447912 79.7984398686367 0 0
 430.936536048875 114.269864724372 0 0
 433.089425526208 171.6594230505 0 0
 435.242170837149 238.648541628662 0 0
 437.394777938936 294.921069522574 0 0
 439.547252788807 348.803026101851 0 0
 441.699601344 442.08093332898 0 0
 443.851829561753 558.580857109633 0 0
 446.003943399304 667.201649912256 0 0
 448.155948813891 735.88545892627 0 0
 450.307851762752 733.484768353981 0 0
 452.459658203125 661.697005896162 0 0
 454.611374092248 559.074944673006 0 0
 456.763005387359 457.852354481878 0 0
 458.914558045696 379.294526446918 0 0
 461.066038024497 329.140888317062 0 0
 463.217451281 289.394702602316 0 0
 465.368803772443 250.409913934668 0 0
 467.520101456064 215.583204996808 0 0
 469.671350289101 179.321680836288 0 0
 471.822556228792 148.448923388103 0 0
 473.973725232375 130.358507048344 0 0
 476.124863257088 116.112228989002 0 0
 478.275976260169 107.205052863676 0 0
 480.427070198856 105.904392906566 0 0
 482.578151030387 102.160301134101 0 0
 484.729224712 100.342733647583 0 0
 486.880297200933 103.644489601007 0 0
 489.031374454424 104.519154212234 0 0
 491.182462429711 107.771681707373 0 0
 493.333567084032 115.932544959859 0 0
 495.484694374625 120.28574439556 0 0
 497.635850258728 126.112862638869 0 0
 499.787040693579 135.014204047969 0 0
 501.938271636416 138.92608410655 0 0
 504.089549044477 -NAN 0 0
 506.240878875 -NAN 0 0
 508.392267085223 -NAN 0 0
 510.543719632384 -NAN 0 0
 512.695242473721 -NAN 0 0
 514.846841566472 -NAN 0 0
 516.998522867875 -NAN 0 0
 519.150292335168 -NAN 0 0
 521.302155925589 -NAN 0 0
 523.454119596376 -NAN 0 0
 525.606189304767 -NAN 0 0
 527.758371008 -NAN 0 0
 529.910670663313 -NAN 0 0
 532.063094227944 -NAN 0 0
 534.215647659131 -NAN 0 0
 536.368336914112 -NAN 0 0
 538.521167950125 -NAN 0 0
 540.674146724408 -NAN 0 0
 542.827279194199 -NAN 0 0
 544.980571316736 -NAN 0 0
 547.134029049257 -NAN 0 0
 549.287658349 -NAN 0 0
 551.441465173203 -NAN 0 0
 553.595455479104 -NAN 0 0
 555.749635223941 -NAN 0 0
 557.904010364952 -NAN 0 0
 560.058586859375 -NAN 0 0
 562.213370664448 -NAN 0 0
 564.368367737409 -NAN 0 0
 566.523584035496 -NAN 0 0
 568.679025515947 -NAN 0 0
 570.834698136 -NAN 0 0
 572.990607852893 -NAN 0 0
 575.146760623864 -NAN 0 0
 577.303162406151 -NAN 0 0
 579.459819156992 -NAN 0 0
 581.616736833625 -NAN 0 0
 583.773921393288 -NAN 0 0
 585.931378793219 -NAN 0 0
 588.089114990656 -NAN 0 0
 590.247135942837 -NAN 0 0
 592.405447607 -NAN 0 0
 594.564055940383 -NAN 0 0
 596.722966900224 -NAN 0 0
 598.882186443761 -NAN 0 0
 601.041720528232 -NAN 0 0
 603.201575110875 -NAN 0 0
 605.361756148928 -NAN 0 0
 607.522269599629 -NAN 0 0
 609.683121420216 -NAN 0 0
 611.844317567927 -NAN 0 0
 614.005864 -NAN 0 0
 616.167766673673 -NAN 0 0
 618.330031546184 -NAN 0 0
 620.492664574771 -NAN 0 0
 622.655671716672 -NAN 0 0
 624.819058929125 -NAN 0 0
 626.982832169368 -NAN 0 0
 629.146997394639 -NAN 0 0
 631.311560562176 -NAN 0 0
 633.476527629217 -NAN 0 0
 635.641904553 -NAN 0 0
 637.807697290763 -NAN 0 0
 639.973911799744 -NAN 0 0
 642.140554037181 -NAN 0 0
 644.307629960312 -NAN 0 0
 646.475145526375 -NAN 0 0
 648.643106692608 -NAN 0 0
 650.811519416249 -NAN 0 0
 652.980389654536 -NAN 0 0
 655.149723364707 -NAN 0 0
 657.319526504 -NAN 0 0
 659.489805029653 -NAN 0 0
 661.660564898904 -NAN 0 0
 663.831812068991 -NAN 0 0
 666.003552497152 -NAN 0 0
 668.175792140625 -NAN 0 0
 670.348536956648 -NAN 0 0
 672.521792902459 -NAN 0 0
 674.695565935296 -NAN 0 0
 676.869862012397 -NAN 0 0
 679.044687091 -NAN 0 0
 681.220047128343 -NAN 0 0
 683.395948081664 -NAN 0 0
 685.572395908201 -NAN 0 0
 687.749396565192 -NAN 0 0
 689.926956009875 -NAN 0 0
 692.105080199488 -NAN 0 0
 694.283775091269 -NAN 0 0
 696.463046642456 -NAN 0 0
 698.642900810287 -NAN 0 0
 700.823343552 -NAN 0 0
 703.004380824833 -NAN 0 0
 705.186018586024 -NAN 0 0
 707.368262792811 -NAN 0 0
 709.551119402432 -NAN 0 0
 711.734594372125 -NAN 0 0
 713.918693659128 -NAN 0 0
 716.103423220679 -NAN 0 0
 718.288789014016 -NAN 0 0
 720.474796996377 -NAN 0 0
 722.661453125 -NAN 0 0
 724.848763357123 -NAN 0 0
 727.036733649984 -NAN 0 0
 729.225369960821 -NAN 0 0
 731.414678246872 -NAN 0 0
 733.604664465375 -NAN 0 0
 735.795334573568 -NAN 0 0
[END] of [DATA]
[END] of Spectrum


[Spectrum]
Version            = 1
IDData             = 12ad_2026-06-10_15-43-25_000_651
IDDevice           = SAM_82E6
IDDataType         = SPECTRUM
IDDataTypeSub1     = CALIBRATED
IDDataTypeSub2     = 
IDDataTypeSub3     = 
DateTime           = 2026-06-10 15:43:25
PositionLatitude   = 0
PositionLongitude  = 0
Comment            = 20260610_FrameC
CommentSub1        = UV
CommentSub2        = left
CommentSub3        = 28cm
IDMethodType       = SAM Control
MethodName         = SAM_82E6
Mission            = No Mission
MissionSub         = 1
RecordType         = 0
[Attributes]
CalFactor = 1
IDBasisSpec = 
IDDataBack = DLAB_2024-11-11_10-40-48_641_639
IDDataCal = DLAB_2024-11-12_11-45-27_171_455
IntegrationTime = 128
P31 = -1
P31e = 0
PathLength = +INF
PathLengthCustomOn = 0
RAWDynamic = 65535
Salinity = 0
Temperature = -NAN
Unit1 = $01 $01 Wavelength nm
Unit2 = $03 $06 Intensity mW/(m^2 nm)
Unit3 = $f0 $06 Error mW/(m^2 nm)
Unit4 = $f1 $00 Status 
p999 = 8411
[END] of [Attributes]
[DATA]
 0 6 0 0
 185.260577530984 -NAN 0 0
 187.468128380571 -NAN 0 0
 189.674861895872 -NAN 0 0
 191.880784034125 -NAN 0 0
 194.085900752568 -NAN 0 0
 196.290218008439 -NAN 0 0
 198.493741758976 -NAN 0 0
 200.696477961417 -NAN 0 0
 202.898432573 -NAN 0 0
 205.099611550963 -NAN 0 0
 207.300020852544 -NAN 0 0
 209.499666434981 -NAN 0 0
 211.698554255512 -NAN 0 0
 213.896690271375 -NAN 0 0
 216.094080439808 -NAN 0 0
 218.290730718049 -NAN 0 0
 220.486647063336 -NAN 0 0
 222.681835432907 -NAN 0 0
 224.876301784 -NAN 0 0
 227.070052073853 -NAN 0 0
 229.263092259704 -NAN 0 0
 231.455428298791 -NAN 0 0
 233.647066148352 -NAN 0 0
 235.838011765625 -NAN 0 0
 238.028271107848 -NAN 0 0
 240.217850132259 -NAN 0 0
 242.406754796096 -NAN 0 0
 244.594991056597 -NAN 0 0
 246.782564871 -NAN 0 0
 248.969482196543 -NAN 0 0
 251.155748990464 -NAN 0 0
 253.341371210001 -NAN 0 0
 255.526354812392 -NAN 0 0
 257.710705754875 -NAN 0 0
 259.894429994688 -NAN 0 0
 262.077533489069 -NAN 0 0
 264.260022195256 -NAN 0 0
 266.441902070487 -NAN 0 0
 268.623179072 -NAN 0 0
 270.803859157033 -NAN 0 0
 272.983948282824 -NAN 0 0
 275.163452406611 -NAN 0 0
 277.342377485632 -NAN 0 0
 279.520729477125 2.24323628718343 0 0
 281.698514338328 6.71411009017452 0 0
 283.875738026479 7.17429416967726 0 0
 286.052406498816 10.0074112428608 0 0
 288.228525712577 17.5014389640074 0 0
 290.404101625 21.1488576891443 0 0
 292.579140193323 28.5061370186461 0 0
 294.753647374784 40.8257777731664 0 0
 296.927629126621 46.3696588561405 0 0
 299.101091406072 54.9903517721479 0 0
 301.274040170375 67.157012975805 0 0
 303.446481376768 70.3164795690997 0 0
 305.618420982489 76.6941667894137 0 0
 307.789864944776 82.8033945241699 0 0
 309.960819220867 85.5839547570976 0 0
 312.131289768 91.3824637304069 0 0
 314.301282543413 90.4439771473986 0 0
 316.470803504344 80.6214110900825 0 0
 318.639858608031 75.9546973410276 0 0
 320.808453811712 72.2621001491028 0 0
 322.976595072625 65.4509331500567 0 0
 325.144288348008 62.1461346168283 0 0
 327.311539595099 58.2440277262584 0 0
 329.478354771136 50.252710270662 0 0
 331.644739833357 47.5740956814152 0 0
 333.810700739 44.4234681813256 0 0
 335.976243445303 36.5799845290398 0 0
 338.141373909504 34.4682455684475 0 0
 340.306098088841 30.891682835389 0 0
 342.470421940552 24.6072664563085 0 0
 344.634351421875 24.0351085155353 0 0
 346.797892490048 21.3235507721513 0 0
 348.961051102309 16.3709562785138 0 0
 351.123833215896 16.8302568624493 0 0
 353.286244788047 14.7756134499055 0 0
 355.448291776 11.2869762134966 0 0
 357.609980136993 12.8422331558769 0 0
 359.771315828264 12.2847113019698 0 0
 361.932304807051 14.8130138518313 0 0
 364.092953030592 22.8299620022014 0 0
 366.253266456125 21.4951755457692 0 0
 368.413251040888 12.5873238825663 0 0
 370.572912742119 10.3354489809996 0 0
 372.732257517056 6.9540323813271 0 0
 374.891291322937 4.42722406411566 0 0
 377.050020117 7.04529398848415 0 0
 379.208449856483 4.45951937321049 0 0
 381.366586498624 2.74073674052463 0 0
 383.524436000661 5.55960533771689 0 0
 385.682004319832 3.02736147401644 0 0
 387.839297413375 1.90136173332102 0 0
 389.996321238528 4.86734284448638 0 0
 392.153081752529 2.27160122506995 0 0
 394.309584912616 1.68800063160442 0 0
 396.465836676027 4.60236711605416 0 0
 398.621843 2.79896232440192 0 0
 400.777609841773 7.51881968417444 0 0
 402.933143158584 18.9158878363356 0 0
 405.088448907671 18.9965758398491 0 0
 407.243533046272 14.4689507277913 0 0
 409.398401531625 10.5080520392208 0 0
 411.553060320968 6.36857265514848 0 0
 413.707515371539 8.01580285010337 0 0
 415.861772640576 12.5069151399983 0 0
 418.015838085317 14.4280262528538 0 0
 420.169717663 21.3478019419746 0 0
 422.323417330863 31.2100572940802 0 0
 424.476943046144 40.7354378916091 0 0
 426.630300766081 57.6481377611546 0 0
 428.783496447912 80.7172755316369 0 0
 430.936536048875 112.290571415067 0 0
 433.089425526208 172.16299958071 0 0
 435.242170837149 238.498289190711 0 0
 437.394777938936 292.324932932778 0 0
 439.547252788807 349.728302897248 0 0
 441.699601344 442.370259613915 0 0
 443.851829561753 556.901755623573 0 0
 446.003943399304 668.858017755932 0 0
 448.155948813891 736.24169037549 0 0
 450.307851762752 731.773126595245 0 0
 452.459658203125 663.690424575148 0 0
 454.611374092248 558.964633946703 0 0
 456.763005387359 456.016998780082 0 0
 458.914558045696 381.442289242423 0 0
 461.066038024497 328.692577786038 0 0
 463.217451281 287.554224559721 0 0
 465.368803772443 253.042439005651 0 0
 467.520101456064 215.054120550694 0 0
 469.671350289101 177.656797385963 0 0
 471.822556228792 151.116030323234 0 0
 473.973725232375 129.180337387994 0 0
 476.124863257088 114.768175219229 0 0
 478.275976260169 109.976500268266 0 0
 480.427070198856 104.572222173483 0 0
 482.578151030387 101.086567345279 0 0
 484.729224712 103.029442488309 0 0
 486.880297200933 101.964346085567 0 0
 489.031374454424 103.644150800678 0 0
 491.182462429711 110.456616206318 0 0
 493.333567084032 114.039881361682 0 0
 495.484694374625 119.738969761909 0 0
 497.635850258728 128.671372777903 0 0
 499.787040693579 132.911616383271 0 0
 501.938271636416 138.626892947972 0 0
 504.089549044477 -NAN 0 0
 506.240878875 -NAN 0 0
 508.392267085223 -NAN 0 0
 510.543719632384 -NAN 0 0
 512.695242473721 -NAN 0 0
 514.846841566472 -NAN 0 0
 516.998522867875 -NAN 0 0
 519.150292335168 -NAN 0 0
 521.302155925589 -NAN 0 0
 523.454119596376 -NAN 0 0
 525.606189304767 -NAN 0 0
 527.758371008 -NAN 0 0
 529.910670663313 -NAN 0 0
 532.063094227944 -NAN 0 0
 534.215647659131 -NAN 0 0
 536.368336914112 -NAN 0 0
 538.521167950125 -NAN 0 0
 540.674146724408 -NAN 0 0
 542.827279194199 -NAN 0 0
 544.980571316736 -NAN 0 0
 547.134029049257 -NAN 0 0
 549.287658349 -NAN 0 0
 551.441465173203 -NAN 0 0
 553.595455479104 -NAN 0 0
 555.749635223941 -NAN 0 0
 557.904010364952 -NAN 0 0
 560.058586859375 -NAN 0 0
 562.213370664448 -NAN 0 0
 564.368367737409 -NAN 0 0
 566.523584035496 -NAN 0 0
 568.679025515947 -NAN 0 0
 570.834698136 -NAN 0 0
 572.990607852893 -NAN 0 0
 575.146760623864 -NAN 0 0
 577.303162406151 -NAN 0 0
 579.459819156992 -NAN 0 0
 581.616736833625 -NAN 0 0
 583.773921393288 -NAN 0 0
 585.931378793219 -NAN 0 0
 588.089114990656 -NAN 0 0
 590.247135942837 -NAN 0 0
 592.405447607 -NAN 0 0
 594.564055940383 -NAN 0 0
 596.722966900224 -NAN 0 0
 598.882186443761 -NAN 0 0
 601.041720528232 -NAN 0 0
 603.201575110875 -NAN 0 0
 605.361756148928 -NAN 0 0
 607.522269599629 -NAN 0 0
 609.683121420216 -NAN 0 0
 611.844317567927 -NAN 0 0
 614.005864 -NAN 0 0
 616.167766673673 -NAN 0 0
 618.330031546184 -NAN 0 0
 620.492664574771 -NAN 0 0
 622.655671716672 -NAN 0 0
 624.819058929125 -NAN 0 0
 626.982832169368 -NAN 0 0
 629.146997394639 -NAN 0 0
 631.311560562176 -NAN 0 0
 633.476527629217 -NAN 0 0
 635.641904553 -NAN 0 0
 637.807697290763 -NAN 0 0
 639.973911799744 -NAN 0 0
 642.140554037181 -NAN 0 0
 644.307629960312 -NAN 0 0
 646.475145526375 -NAN 0 0
 648.643106692608 -NAN 0 0
 650.811519416249 -NAN 0 0
 652.980389654536 -NAN 0 0
 655.149723364707 -NAN 0 0
 657.319526504 -NAN 0 0
 659.489805029653 -NAN 0 0
 661.660564898904 -NAN 0 0
 663.831812068991 -NAN 0 0
 666.003552497152 -NAN 0 0
 668.175792140625 -NAN 0 0
 670.348536956648 -NAN 0 0
 672.521792902459 -NAN 0 0
 674.695565935296 -NAN 0 0
 676.869862012397 -NAN 0 0
 679.044687091 -NAN 0 0
 681.220047128343 -NAN 0 0
 683.395948081664 -NAN 0 0
 685.572395908201 -NAN 0 0
 687.749396565192 -NAN 0 0
 689.926956009875 -NAN 0 0
 692.105080199488 -NAN 0 0
 694.283775091269 -NAN 0 0
 696.463046642456 -NAN 0 0
 698.642900810287 -NAN 0 0
 700.823343552 -NAN 0 0
 703.004380824833 -NAN 0 0
 705.186018586024 -NAN 0 0
 707.368262792811 -NAN 0 0
 709.551119402432 -NAN 0 0
 711.734594372125 -NAN 0 0
 713.918693659128 -NAN 0 0
 716.103423220679 -NAN 0 0
 718.288789014016 -NAN 0 0
 720.474796996377 -NAN 0 0
 722.661453125 -NAN 0 0
 724.848763357123 -NAN 0 0
 727.036733649984 -NAN 0 0
 729.225369960821 -NAN 0 0
 731.414678246872 -NAN 0 0
 733.604664465375 -NAN 0 0
 735.795334573568 -NAN 0 0
[END] of [DATA]
[END] of Spectrum


[Spectrum]
Version            = 1
IDData             = 12ad_2026-06-10_15-43-20_000_648
IDDevice           = SAM_82E6
IDDataType         = SPECTRUM
IDDataTypeSub1     = CALIBRATED
IDDataTypeSub2     = 
IDDataTypeSub3     = 
DateTime           = 2026-06-10 15:43:20
PositionLatitude   = 0
PositionLongitude  = 0
Comment            = 20260610_FrameC
CommentSub1        = UV
CommentSub2        = left
CommentSub3        = 28cm
IDMethodType       = SAM Control
MethodName         = SAM_82E6
Mission            = No Mission
MissionSub         = 1
RecordType         = 0
[Attributes]
CalFactor = 1
IDBasisSpec = 
IDDataBack = DLAB_2024-11-11_10-40-48_641_639
IDDataCal = DLAB_2024-11-12_11-45-27_171_455
IntegrationTime = 128
P31 = -1
P31e = 0
PathLength = +INF
PathLengthCustomOn = 0
RAWDynamic = 65535
Salinity = 0
Temperature = -NAN
Unit1 = $01 $01 Wavelength nm
Unit2 = $03 $06 Intensity mW/(m^2 nm)
Unit3 = $f0 $06 Error mW/(m^2 nm)
Unit4 = $f1 $00 Status 
p999 = 8410
[END] of [Attributes]
[DATA]
 0 6 0 0
 185.260577530984 -NAN 0 0
 187.468128380571 -NAN 0 0
 189.674861895872 -NAN 0 0
 191.880784034125 -NAN 0 0
 194.085900752568 -NAN 0 0
 196.290218008439 -NAN 0 0
 198.493741758976 -NAN 0 0
 200.696477961417 -NAN 0 0
 202.898432573 -NAN 0 0
 205.099611550963 -NAN 0 0
 207.300020852544 -NAN 0 0
 209.499666434981 -NAN 0 0
 211.698554255512 -NAN 0 0
 213.896690271375 -NAN 0 0
 216.094080439808 -NAN 0 0
 218.290730718049 -NAN 0 0
 220.486647063336 -NAN 0 0
 222.681835432907 -NAN 0 0
 224.876301784 -NAN 0 0
 227.070052073853 -NAN 0 0
 229.263092259704 -NAN 0 0
 231.455428298791 -NAN 0 0
 233.647066148352 -NAN 0 0
 235.838011765625 -NAN 0 0
 238.028271107848 -NAN 0 0
 240.217850132259 -NAN 0 0
 242.406754796096 -NAN 0 0
 244.594991056597 -NAN 0 0
 246.782564871 -NAN 0 0
 248.969482196543 -NAN 0 0
 251.155748990464 -NAN 0 0
 253.341371210001 -NAN 0 0
 255.526354812392 -NAN 0 0
 257.710705754875 -NAN 0 0
 259.894429994688 -NAN 0 0
 262.077533489069 -NAN 0 0
 264.260022195256 -NAN 0 0
 266.441902070487 -NAN 0 0
 268.623179072 -NAN 0 0
 270.803859157033 -NAN 0 0
 272.983948282824 -NAN 0 0
 275.163452406611 -NAN 0 0
 277.342377485632 -NAN 0 0
 279.520729477125 1.57948084129209 0 0
 281.698514338328 6.15844773022618 0 0
 283.875738026479 8.02299162685631 0 0
 286.052406498816 8.91995840327063 0 0
 288.228525712577 16.7120209679225 0 0
 290.404101625 22.2321705826472 0 0
 292.579140193323 27.1712800016755 0 0
 294.753647374784 39.9730502648209 0 0
 296.927629126621 46.6527901466834 0 0
 299.101091406072 53.4756706659291 0 0
 301.274040170375 66.1208191267989 0 0
 303.446481376768 70.1668498175505 0 0
 305.618420982489 75.017577077769 0 0
 307.789864944776 81.771904041516 0 0
 309.960819220867 85.2608248677359 0 0
 312.131289768 89.5876877292649 0 0
 314.301282543413 89.3009421001497 0 0
 316.470803504344 80.2341134414165 0 0
 318.639858608031 74.0880747154723 0 0
 320.808453811712 71.648461497707 0 0
 322.976595072625 65.5114006975972 0 0
 325.144288348008 60.155277095335 0 0
 327.311539595099 58.0959624480424 0 0
 329.478354771136 50.3434440067059 0 0
 331.644739833357 45.9056137621173 0 0
 333.810700739 44.5137613567298 0 0
 335.976243445303 36.773321614756 0 0
 338.141373909504 32.6832461980323 0 0
 340.306098088841 31.1699264461943 0 0
 342.470421940552 24.7107129250868 0 0
 344.634351421875 22.6857596273725 0 0
 346.797892490048 21.7233915984664 0 0
 348.961051102309 16.4415051550232 0 0
 351.123833215896 15.5082290254397 0 0
 353.286244788047 15.2739353902878 0 0
 355.448291776 11.4300402848407 0 0
 357.609980136993 11.6546893786095 0 0
 359.771315828264 12.8730653397956 0 0
 361.932304807051 14.5044621478431 0 0
 364.092953030592 21.8014267669334 0 0
 366.253266456125 22.1129528278991 0 0
 368.413251040888 12.159381850748 0 0
 370.572912742119 9.43992590456061 0 0
 372.732257517056 7.73804212292934 0 0
 374.891291322937 3.95262707577706 0 0
 377.050020117 6.01209716555326 0 0
 379.208449856483 5.27539489141895 0 0
 381.366586498624 1.93658858357144 0 0
 383.524436000661 4.72534216512608 0 0
 385.682004319832 3.8309926811133 0 0
 387.839297413375 1.12066725059308 0 0
 389.996321238528 4.01753016411162 0 0
 392.153081752529 3.05560952773147 0 0
 394.309584912616 0.617545768005417 0 0
 396.465836676027 4.08012621099947 0 0
 398.621843 3.85911487661473 0 0
 400.777609841773 6.63837949694362 0 0
 402.933143158584 18.2175964554321 0 0
 405.088448907671 19.8012102487682 0 0
 407.243533046272 13.53636754485 0 0
 409.398401531625 10.3098232311437 0 0
 411.553060320968 7.17042361753653 0 0
 413.707515371539 7.18319307948303 0 0
 415.861772640576 12.5691722434618 0 0
 418.015838085317 15.2311239107439 0 0
 420.169717663 20.7243726328915 0 0
 422.323417330863 31.3977491972748 0 0
 424.476943046144 41.3008652956971 0 0
 426.630300766081 56.9549966932346 0 0
 428.783496447912 80.9811246715627 0 0
 430.936536048875 112.726477393677 0 0
 433.089425526208 171.192278905917 0 0
 435.242170837149 238.17300864685 0 0
 437.394777938936 292.08594129474 0 0
 439.547252788807 349.020595558111 0 0
 441.699601344 442.760685708643 0 0
 443.851829561753 557.344549584752 0 0
 446.003943399304 668.017000405553 0 0
 448.155948813891 736.721637672838 0 0
 450.307851762752 732.022928896178 0 0
 452.459658203125 662.746514893974 0 0
 454.611374092248 559.587509168505 0 0
 456.763005387359 456.181985542638 0 0
 458.914558045696 380.425295613882 0 0
 461.066038024497 329.378289120991 0 0
 463.217451281 287.692364277365 0 0
 465.368803772443 252.06183924986 0 0
 467.520101456064 215.717082640055 0 0
 469.671350289101 177.60591993332 0 0
 471.822556228792 150.100562149981 0 0
 473.973725232375 129.881733718502 0 0
 476.124863257088 114.49692878299 0 0
 478.275976260169 109.044164914437 0 0
 480.427070198856 105.261698497712 0 0
 482.578151030387 100.672476663727 0 0
 484.729224712 102.111893420823 0 0
 486.880297200933 102.878245720796 0 0
 489.031374454424 103.04776100738 0 0
 491.182462429711 109.841225645204 0 0
 493.333567084032 114.769113512744 0 0
 495.484694374625 119.168951672172 0 0
 497.635850258728 128.106350170012 0 0
 499.787040693579 133.760696510536 0 0
 501.938271636416 138.092008034973 0 0
 504.089549044477 -NAN 0 0
 506.240878875 -NAN 0 0
 508.392267085223 -NAN 0 0
 510.543719632384 -NAN 0 0
 512.695242473721 -NAN 0 0
 514.846841566472 -NAN 0 0
 516.998522867875 -NAN 0 0
 519.150292335168 -NAN 0 0
 521.302155925589 -NAN 0 0
 523.454119596376 -NAN 0 0
 525.606189304767 -NAN 0 0
 527.758371008 -NAN 0 0
 529.910670663313 -NAN 0 0
 532.063094227944 -NAN 0 0
 534.215647659131 -NAN 0 0
 536.368336914112 -NAN 0 0
 538.521167950125 -NAN 0 0
 540.674146724408 -NAN 0 0
 542.827279194199 -NAN 0 0
 544.980571316736 -NAN 0 0
 547.134029049257 -NAN 0 0
 549.287658349 -NAN 0 0
 551.441465173203 -NAN 0 0
 553.595455479104 -NAN 0 0
 555.749635223941 -NAN 0 0
 557.904010364952 -NAN 0 0
 560.058586859375 -NAN 0 0
 562.213370664448 -NAN 0 0
 564.368367737409 -NAN 0 0
 566.523584035496 -NAN 0 0
 568.679025515947 -NAN 0 0
 570.834698136 -NAN 0 0
 572.990607852893 -NAN 0 0
 575.146760623864 -NAN 0 0
 577.303162406151 -NAN 0 0
 579.459819156992 -NAN 0 0
 581.616736833625 -NAN 0 0
 583.773921393288 -NAN 0 0
 585.931378793219 -NAN 0 0
 588.089114990656 -NAN 0 0
 590.247135942837 -NAN 0 0
 592.405447607 -NAN 0 0
 594.564055940383 -NAN 0 0
 596.722966900224 -NAN 0 0
 598.882186443761 -NAN 0 0
 601.041720528232 -NAN 0 0
 603.201575110875 -NAN 0 0
 605.361756148928 -NAN 0 0
 607.522269599629 -NAN 0 0
 609.683121420216 -NAN 0 0
 611.844317567927 -NAN 0 0
 614.005864 -NAN 0 0
 616.167766673673 -NAN 0 0
 618.330031546184 -NAN 0 0
 620.492664574771 -NAN 0 0
 622.655671716672 -NAN 0 0
 624.819058929125 -NAN 0 0
 626.982832169368 -NAN 0 0
 629.146997394639 -NAN 0 0
 631.311560562176 -NAN 0 0
 633.476527629217 -NAN 0 0
 635.641904553 -NAN 0 0
 637.807697290763 -NAN 0 0
 639.973911799744 -NAN 0 0
 642.140554037181 -NAN 0 0
 644.307629960312 -NAN 0 0
 646.475145526375 -NAN 0 0
 648.643106692608 -NAN 0 0
 650.811519416249 -NAN 0 0
 652.980389654536 -NAN 0 0
 655.149723364707 -NAN 0 0
 657.319526504 -NAN 0 0
 659.489805029653 -NAN 0 0
 661.660564898904 -NAN 0 0
 663.831812068991 -NAN 0 0
 666.003552497152 -NAN 0 0
 668.175792140625 -NAN 0 0
 670.348536956648 -NAN 0 0
 672.521792902459 -NAN 0 0
 674.695565935296 -NAN 0 0
 676.869862012397 -NAN 0 0
 679.044687091 -NAN 0 0
 681.220047128343 -NAN 0 0
 683.395948081664 -NAN 0 0
 685.572395908201 -NAN 0 0
 687.749396565192 -NAN 0 0
 689.926956009875 -NAN 0 0
 692.105080199488 -NAN 0 0
 694.283775091269 -NAN 0 0
 696.463046642456 -NAN 0 0
 698.642900810287 -NAN 0 0
 700.823343552 -NAN 0 0
 703.004380824833 -NAN 0 0
 705.186018586024 -NAN 0 0
 707.368262792811 -NAN 0 0
 709.551119402432 -NAN 0 0
 711.734594372125 -NAN 0 0
 713.918693659128 -NAN 0 0
 716.103423220679 -NAN 0 0
 718.288789014016 -NAN 0 0
 720.474796996377 -NAN 0 0
 722.661453125 -NAN 0 0
 724.848763357123 -NAN 0 0
 727.036733649984 -NAN 0 0
 729.225369960821 -NAN 0 0
 731.414678246872 -NAN 0 0
 733.604664465375 -NAN 0 0
 735.795334573568 -NAN 0 0
[END] of [DATA]
[END] of Spectrum


[Spectrum]
Version            = 1
IDData             = 12ad_2026-06-10_15-43-15_000_645
IDDevice           = SAM_82E6
IDDataType         = SPECTRUM
IDDataTypeSub1     = CALIBRATED
IDDataTypeSub2     = 
IDDataTypeSub3     = 
DateTime           = 2026-06-10 15:43:15
PositionLatitude   = 0
PositionLongitude  = 0
Comment            = 20260610_FrameC
CommentSub1        = UV
CommentSub2        = left
CommentSub3        = 28cm
IDMethodType       = SAM Control
MethodName         = SAM_82E6
Mission            = No Mission
MissionSub         = 1
RecordType         = 0
[Attributes]
CalFactor = 1
IDBasisSpec = 
IDDataBack = DLAB_2024-11-11_10-40-48_641_639
IDDataCal = DLAB_2024-11-12_11-45-27_171_455
IntegrationTime = 128
P31 = -1
P31e = 0
PathLength = +INF
PathLengthCustomOn = 0
RAWDynamic = 65535
Salinity = 0
Temperature = -NAN
Unit1 = $01 $01 Wavelength nm
Unit2 = $03 $06 Intensity mW/(m^2 nm)
Unit3 = $f0 $06 Error mW/(m^2 nm)
Unit4 = $f1 $00 Status 
p999 = 8409
[END] of [Attributes]
[DATA]
 0 6 0 0
 185.260577530984 -NAN 0 0
 187.468128380571 -NAN 0 0
 189.674861895872 -NAN 0 0
 191.880784034125 -NAN 0 0
 194.085900752568 -NAN 0 0
 196.290218008439 -NAN 0 0
 198.493741758976 -NAN 0 0
 200.696477961417 -NAN 0 0
 202.898432573 -NAN 0 0
 205.099611550963 -NAN 0 0
 207.300020852544 -NAN 0 0
 209.499666434981 -NAN 0 0
 211.698554255512 -NAN 0 0
 213.896690271375 -NAN 0 0
 216.094080439808 -NAN 0 0
 218.290730718049 -NAN 0 0
 220.486647063336 -NAN 0 0
 222.681835432907 -NAN 0 0
 224.876301784 -NAN 0 0
 227.070052073853 -NAN 0 0
 229.263092259704 -NAN 0 0
 231.455428298791 -NAN 0 0
 233.647066148352 -NAN 0 0
 235.838011765625 -NAN 0 0
 238.028271107848 -NAN 0 0
 240.217850132259 -NAN 0 0
 242.406754796096 -NAN 0 0
 244.594991056597 -NAN 0 0
 246.782564871 -NAN 0 0
 248.969482196543 -NAN 0 0
 251.155748990464 -NAN 0 0
 253.341371210001 -NAN 0 0
 255.526354812392 -NAN 0 0
 257.710705754875 -NAN 0 0
 259.894429994688 -NAN 0 0
 262.077533489069 -NAN 0 0
 264.260022195256 -NAN 0 0
 266.441902070487 -NAN 0 0
 268.623179072 -NAN 0 0
 270.803859157033 -NAN 0 0
 272.983948282824 -NAN 0 0
 275.163452406611 -NAN 0 0
 277.342377485632 -NAN 0 0
 279.520729477125 2.40512785935205 0 0
 281.698514338328 6.76640772405202 0 0
 283.875738026479 6.56989731165292 0 0
 286.052406498816 9.72574789055038 0 0
 288.228525712577 17.0945520113974 0 0
 290.404101625 20.0815400195723 0 0
 292.579140193323 27.699866465629 0 0
 294.753647374784 39.3283718435837 0 0
 296.927629126621 44.3636165285271 0 0
 299.101091406072 53.2146831267773 0 0
 301.274040170375 64.6552952395708 0 0
 303.446481376768 67.3326220418548 0 0
 305.618420982489 74.0077517158484 0 0
 307.789864944776 79.7677126892092 0 0
 309.960819220867 82.2424242624275 0 0
 312.131289768 88.3082768745323 0 0
 314.301282543413 87.0578957052942 0 0
 316.470803504344 77.3715317668918 0 0
 318.639858608031 73.3895384744823 0 0
 320.808453811712 69.2964018512507 0 0
 322.976595072625 62.7228624005582 0 0
 325.144288348008 60.0729863928512 0 0
 327.311539595099 55.8222075320717 0 0
 329.478354771136 48.1702966565386 0 0
 331.644739833357 46.1143590599177 0 0
 333.810700739 42.4310974584726 0 0
 335.976243445303 34.9635120529762 0 0
 338.141373909504 33.462691241762 0 0
 340.306098088841 29.6999858095988 0 0
 342.470421940552 23.6697009924451 0 0
 344.634351421875 23.4063345695135 0 0
 346.797892490048 20.349920240399 0 0
 348.961051102309 15.7302336951333 0 0
 351.123833215896 16.4115960571643 0 0
 353.286244788047 13.9556176092763 0 0
 355.448291776 10.8072275231246 0 0
 357.609980136993 12.5381191497958 0 0
 359.771315828264 11.6307455707118 0 0
 361.932304807051 14.4418733680306 0 0
 364.092953030592 22.590610224071 0 0
 366.253266456125 20.5328910836235 0 0
 368.413251040888 12.2430305765142 0 0
 370.572912742119 10.2726493262704 0 0
 372.732257517056 6.53658959045736 0 0
 374.891291322937 4.45680234667501 0 0
 377.050020117 7.05081172852651 0 0
 379.208449856483 4.08726742150646 0 0
 381.366586498624 2.72095102137288 0 0
 383.524436000661 5.51412591433886 0 0
 385.682004319832 2.64901474642746 0 0
 387.839297413375 2.00904373093866 0 0
 389.996321238528 4.94881248987768 0 0
 392.153081752529 1.77760661312746 0 0
 394.309584912616 1.88981887340397 0 0
 396.465836676027 4.58357181355862 0 0
 398.621843 2.32660399075015 0 0
 400.777609841773 7.26652220068436 0 0
 402.933143158584 18.1225477193744 0 0
 405.088448907671 18.0506697408144 0 0
 407.243533046272 14.1743257222251 0 0
 409.398401531625 10.0382612223907 0 0
 411.553060320968 5.99577262036559 0 0
 413.707515371539 8.00095375865281 0 0
 415.861772640576 12.2538042931302 0 0
 418.015838085317 14.3257959512374 0 0
 420.169717663 21.5218702164378 0 0
 422.323417330863 30.9170748110448 0 0
 424.476943046144 40.6111681324689 0 0
 426.630300766081 57.6982027448898 0 0
 428.783496447912 80.5689130759599 0 0
 430.936536048875 111.997220699783 0 0
 433.089425526208 171.23356894296 0 0
 435.242170837149 236.487464010476 0 0
 437.394777938936 290.630410281803 0 0
 439.547252788807 349.498601315174 0 0
 441.699601344 442.062850436172 0 0
 443.851829561753 556.799636789426 0 0
 446.003943399304 669.000041031784 0 0
 448.155948813891 736.071471407144 0 0
 450.307851762752 731.82543177017 0 0
 452.459658203125 663.660782661706 0 0
 454.611374092248 558.882851856512 0 0
 456.763005387359 456.038476346806 0 0
 458.914558045696 381.697785188357 0 0
 461.066038024497 328.641633407512 0 0
 463.217451281 287.502292335043 0 0
 465.368803772443 253.179659638862 0 0
 467.520101456064 214.749950545236 0 0
 469.671350289101 177.855977200566 0 0
 471.822556228792 151.061376492596 0 0
 473.973725232375 128.946905642206 0 0
 476.124863257088 114.812460351676 0 0
 478.275976260169 110.020950106351 0 0
 480.427070198856 104.396233063259 0 0
 482.578151030387 101.291938464971 0 0
 484.729224712 103.05402967404 0 0
 486.880297200933 101.686932242805 0 0
 489.031374454424 103.749330238896 0 0
 491.182462429711 110.501290657216 0 0
 493.333567084032 113.803855077674 0 0
 495.484694374625 119.922703748116 0 0
 497.635850258728 128.517774399059 0 0
 499.787040693579 132.681136246293 0 0
 501.938271636416 138.86366292958 0 0
 504.089549044477 -NAN 0 0
 506.240878875 -NAN 0 0
 508.392267085223 -NAN 0 0
 510.543719632384 -NAN 0 0
 512.695242473721 -NAN 0 0
 514.846841566472 -NAN 0 0
 516.998522867875 -NAN 0 0
 519.150292335168 -NAN 0 0
 521.302155925589 -NAN 0 0
 523.454119596376 -NAN 0 0
 525.606189304767 -NAN 0 0
 527.758371008 -NAN 0 0
 529.910670663313 -NAN 0 0
 532.063094227944 -NAN 0 0
 534.215647659131 -NAN 0 0
 536.368336914112 -NAN 0 0
 538.521167950125 -NAN 0 0
 540.674146724408 -NAN 0 0
 542.827279194199 -NAN 0 0
 544.980571316736 -NAN 0 0
 547.134029049257 -NAN 0 0
 549.287658349 -NAN 0 0
 551.441465173203 -NAN 0 0
 553.595455479104 -NAN 0 0
 555.749635223941 -NAN 0 0
 557.904010364952 -NAN 0 0
 560.058586859375 -NAN 0 0
 562.213370664448 -NAN 0 0
 564.368367737409 -NAN 0 0
 566.523584035496 -NAN 0 0
 568.679025515947 -NAN 0 0
 570.834698136 -NAN 0 0
 572.990607852893 -NAN 0 0
 575.146760623864 -NAN 0 0
 577.303162406151 -NAN 0 0
 579.459819156992 -NAN 0 0
 581.616736833625 -NAN 0 0
 583.773921393288 -NAN 0 0
 585.931378793219 -NAN 0 0
 588.089114990656 -NAN 0 0
 590.247135942837 -NAN 0 0
 592.405447607 -NAN 0 0
 594.564055940383 -NAN 0 0
 596.722966900224 -NAN 0 0
 598.882186443761 -NAN 0 0
 601.041720528232 -NAN 0 0
 603.201575110875 -NAN 0 0
 605.361756148928 -NAN 0 0
 607.522269599629 -NAN 0 0
 609.683121420216 -NAN 0 0
 611.844317567927 -NAN 0 0
 614.005864 -NAN 0 0
 616.167766673673 -NAN 0 0
 618.330031546184 -NAN 0 0
 620.492664574771 -NAN 0 0
 622.655671716672 -NAN 0 0
 624.819058929125 -NAN 0 0
 626.982832169368 -NAN 0 0
 629.146997394639 -NAN 0 0
 631.311560562176 -NAN 0 0
 633.476527629217 -NAN 0 0
 635.641904553 -NAN 0 0
 637.807697290763 -NAN 0 0
 639.973911799744 -NAN 0 0
 642.140554037181 -NAN 0 0
 644.307629960312 -NAN 0 0
 646.475145526375 -NAN 0 0
 648.643106692608 -NAN 0 0
 650.811519416249 -NAN 0 0
 652.980389654536 -NAN 0 0
 655.149723364707 -NAN 0 0
 657.319526504 -NAN 0 0
 659.489805029653 -NAN 0 0
 661.660564898904 -NAN 0 0
 663.831812068991 -NAN 0 0
 666.003552497152 -NAN 0 0
 668.175792140625 -NAN 0 0
 670.348536956648 -NAN 0 0
 672.521792902459 -NAN 0 0
 674.695565935296 -NAN 0 0
 676.869862012397 -NAN 0 0
 679.044687091 -NAN 0 0
 681.220047128343 -NAN 0 0
 683.395948081664 -NAN 0 0
 685.572395908201 -NAN 0 0
 687.749396565192 -NAN 0 0
 689.926956009875 -NAN 0 0
 692.105080199488 -NAN 0 0
 694.283775091269 -NAN 0 0
 696.463046642456 -NAN 0 0
 698.642900810287 -NAN 0 0
 700.823343552 -NAN 0 0
 703.004380824833 -NAN 0 0
 705.186018586024 -NAN 0 0
 707.368262792811 -NAN 0 0
 709.551119402432 -NAN 0 0
 711.734594372125 -NAN 0 0
 713.918693659128 -NAN 0 0
 716.103423220679 -NAN 0 0
 718.288789014016 -NAN 0 0
 720.474796996377 -NAN 0 0
 722.661453125 -NAN 0 0
 724.848763357123 -NAN 0 0
 727.036733649984 -NAN 0 0
 729.225369960821 -NAN 0 0
 731.414678246872 -NAN 0 0
 733.604664465375 -NAN 0 0
 735.795334573568 -NAN 0 0
[END] of [DATA]
[END] of Spectrum


[Spectrum]
Version            = 1
IDData             = 12ad_2026-06-10_15-43-10_000_642
IDDevice           = SAM_82E6
IDDataType         = SPECTRUM
IDDataTypeSub1     = CALIBRATED
IDDataTypeSub2     = 
IDDataTypeSub3     = 
DateTime           = 2026-06-10 15:43:10
PositionLatitude   = 0
PositionLongitude  = 0
Comment            = 20260610_FrameC
CommentSub1        = UV
CommentSub2        = left
CommentSub3        = 28cm
IDMethodType       = SAM Control
MethodName         = SAM_82E6
Mission            = No Mission
MissionSub         = 1
RecordType         = 0
[Attributes]
CalFactor = 1
IDBasisSpec = 
IDDataBack = DLAB_2024-11-11_10-40-48_641_639
IDDataCal = DLAB_2024-11-12_11-45-27_171_455
IntegrationTime = 128
P31 = -1
P31e = 0
PathLength = +INF
PathLengthCustomOn = 0
RAWDynamic = 65535
Salinity = 0
Temperature = -NAN
Unit1 = $01 $01 Wavelength nm
Unit2 = $03 $06 Intensity mW/(m^2 nm)
Unit3 = $f0 $06 Error mW/(m^2 nm)
Unit4 = $f1 $00 Status 
p999 = 8408
[END] of [Attributes]
[DATA]
 0 6 0 0
 185.260577530984 -NAN 0 0
 187.468128380571 -NAN 0 0
 189.674861895872 -NAN 0 0
 191.880784034125 -NAN 0 0
 194.085900752568 -NAN 0 0
 196.290218008439 -NAN 0 0
 198.493741758976 -NAN 0 0
 200.696477961417 -NAN 0 0
 202.898432573 -NAN 0 0
 205.099611550963 -NAN 0 0
 207.300020852544 -NAN 0 0
 209.499666434981 -NAN 0 0
 211.698554255512 -NAN 0 0
 213.896690271375 -NAN 0 0
 216.094080439808 -NAN 0 0
 218.290730718049 -NAN 0 0
 220.486647063336 -NAN 0 0
 222.681835432907 -NAN 0 0
 224.876301784 -NAN 0 0
 227.070052073853 -NAN 0 0
 229.263092259704 -NAN 0 0
 231.455428298791 -NAN 0 0
 233.647066148352 -NAN 0 0
 235.838011765625 -NAN 0 0
 238.028271107848 -NAN 0 0
 240.217850132259 -NAN 0 0
 242.406754796096 -NAN 0 0
 244.594991056597 -NAN 0 0
 246.782564871 -NAN 0 0
 248.969482196543 -NAN 0 0
 251.155748990464 -NAN 0 0
 253.341371210001 -NAN 0 0
 255.526354812392 -NAN 0 0
 257.710705754875 -NAN 0 0
 259.894429994688 -NAN 0 0
 262.077533489069 -NAN 0 0
 264.260022195256 -NAN 0 0
 266.441902070487 -NAN 0 0
 268.623179072 -NAN 0 0
 270.803859157033 -NAN 0 0
 272.983948282824 -NAN 0 0
 275.163452406611 -NAN 0 0
 277.342377485632 -NAN 0 0
 279.520729477125 4.34284544623185 0 0
 281.698514338328 5.17655965417628 0 0
 283.875738026479 5.20859223890649 0 0
 286.052406498816 11.7757924960261 0 0
 288.228525712577 14.707672916157 0 0
 290.404101625 18.5750807475335 0 0
 292.579140193323 28.8528897389996 0 0
 294.753647374784 36.1857356330519 0 0
 296.927629126621 42.3626527890848 0 0
 299.101091406072 53.1813148569314 0 0
 301.274040170375 60.80060770721 0 0
 303.446481376768 64.9429147689368 0 0
 305.618420982489 72.8355369719788 0 0
 307.789864944776 75.3702496367346 0 0
 309.960819220867 79.3915324626412 0 0
 312.131289768 86.6564078026348 0 0
 314.301282543413 82.0438904929475 0 0
 316.470803504344 74.7423060888819 0 0
 318.639858608031 72.3115028023836 0 0
 320.808453811712 64.7546771689028 0 0
 322.976595072625 61.2153923781548 0 0
 325.144288348008 59.6947379007329 0 0
 327.311539595099 51.6118760564639 0 0
 329.478354771136 47.4057533724961 0 0
 331.644739833357 45.9396644135316 0 0
 333.810700739 38.5529315640633 0 0
 335.976243445303 35.1321368796159 0 0
 338.141373909504 33.1452956023334 0 0
 340.306098088841 26.4615016370072 0 0
 342.470421940552 24.010157725133 0 0
 344.634351421875 23.1674004700252 0 0
 346.797892490048 17.6851200505163 0 0
 348.961051102309 16.5930117586745 0 0
 351.123833215896 16.0175623580726 0 0
 353.286244788047 11.8053093676264 0 0
 355.448291776 11.9775561669021 0 0
 357.609980136993 12.0455401258616 0 0
 359.771315828264 9.72262845352166 0 0
 361.932304807051 15.5179611612988 0 0
 364.092953030592 21.6038486481937 0 0
 366.253266456125 18.4821974968181 0 0
 368.413251040888 13.7147632298498 0 0
 370.572912742119 9.22012711300825 0 0
 372.732257517056 4.69201425830169 0 0
 374.891291322937 6.45199195204184 0 0
 377.050020117 5.67137671793787 0 0
 379.208449856483 2.36035423202234 0 0
 381.366586498624 4.97086994205739 0 0
 383.524436000661 4.06731175812516 0 0
 385.682004319832 1.22665862767194 0 0
 387.839297413375 4.36671273140923 0 0
 389.996321238528 3.13962450256746 0 0
 392.153081752529 0.914503667542561 0 0
 394.309584912616 4.0852740713586 0 0
 396.465836676027 2.90273476181448 0 0
 398.621843 1.83566976757275 0 0
 400.777609841773 9.24328598885401 0 0
 402.933143158584 15.7374581025676 0 0
 405.088448907671 17.1539016209504 0 0
 407.243533046272 15.5951785716492 0 0
 409.398401531625 8.23243115574608 0 0
 411.553060320968 6.1435690838594 0 0
 413.707515371539 9.84224109852148 0 0
 415.861772640576 10.8841480169327 0 0
 418.015838085317 14.6698402355233 0 0
 420.169717663 22.8746834364512 0 0
 422.323417330863 29.5730176701198 0 0
 424.476943046144 41.0816179349283 0 0
 426.630300766081 58.7927268720663 0 0
 428.783496447912 79.1797009909834 0 0
 430.936536048875 112.359788999572 0 0
 433.089425526208 170.963159680757 0 0
 435.242170837149 233.386509440001 0 0
 437.394777938936 289.658457666904 0 0
 439.547252788807 349.359486272509 0 0
 441.699601344 440.767457751349 0 0
 443.851829561753 557.740469326979 0 0
 446.003943399304 669.499689182976 0 0
 448.155948813891 734.751835693777 0 0
 450.307851762752 732.968931111622 0 0
 452.459658203125 664.101706124159 0 0
 454.611374092248 557.367030324371 0 0
 456.763005387359 457.399373074626 0 0
 458.914558045696 381.544088408381 0 0
 461.066038024497 327.035866596389 0 0
 463.217451281 289.286683574985 0 0
 465.368803772443 252.846107945826 0 0
 467.520101456064 213.216248264193 0 0
 469.671350289101 179.403950759711 0 0
 471.822556228792 150.637262766846 0 0
 473.973725232375 127.647615736399 0 0
 476.124863257088 116.535152003873 0 0
 478.275976260169 109.329755124132 0 0
 480.427070198856 102.981637050704 0 0
 482.578151030387 103.289842292405 0 0
 484.729224712 102.07724784093 0 0
 486.880297200933 100.507923411065 0 0
 489.031374454424 105.631370824876 0 0
 491.182462429711 109.243704864449 0 0
 493.333567084032 113.031202997007 0 0
 495.484694374625 121.80431685987 0 0
 497.635850258728 127.302152943634 0 0
 499.787040693579 132.083192494698 0 0
 501.938271636416 140.693249151104 0 0
 504.089549044477 -NAN 0 0
 506.240878875 -NAN 0 0
 508.392267085223 -NAN 0 0
 510.543719632384 -NAN 0 0
 512.695242473721 -NAN 0 0
 514.846841566472 -NAN 0 0
 516.998522867875 -NAN 0 0
 519.150292335168 -NAN 0 0
 521.302155925589 -NAN 0 0
 523.454119596376 -NAN 0 0
 525.606189304767 -NAN 0 0
 527.758371008 -NAN 0 0
 529.910670663313 -NAN 0 0
 532.063094227944 -NAN 0 0
 534.215647659131 -NAN 0 0
 536.368336914112 -NAN 0 0
 538.521167950125 -NAN 0 0
 540.674146724408 -NAN 0 0
 542.827279194199 -NAN 0 0
 544.980571316736 -NAN 0 0
 547.134029049257 -NAN 0 0
 549.287658349 -NAN 0 0
 551.441465173203 -NAN 0 0
 553.595455479104 -NAN 0 0
 555.749635223941 -NAN 0 0
 557.904010364952 -NAN 0 0
 560.058586859375 -NAN 0 0
 562.213370664448 -NAN 0 0
 564.368367737409 -NAN 0 0
 566.523584035496 -NAN 0 0
 568.679025515947 -NAN 0 0
 570.834698136 -NAN 0 0
 572.990607852893 -NAN 0 0
 575.146760623864 -NAN 0 0
 577.303162406151 -NAN 0 0
 579.459819156992 -NAN 0 0
 581.616736833625 -NAN 0 0
 583.773921393288 -NAN 0 0
 585.931378793219 -NAN 0 0
 588.089114990656 -NAN 0 0
 590.247135942837 -NAN 0 0
 592.405447607 -NAN 0 0
 594.564055940383 -NAN 0 0
 596.722966900224 -NAN 0 0
 598.882186443761 -NAN 0 0
 601.041720528232 -NAN 0 0
 603.201575110875 -NAN 0 0
 605.361756148928 -NAN 0 0
 607.522269599629 -NAN 0 0
 609.683121420216 -NAN 0 0
 611.844317567927 -NAN 0 0
 614.005864 -NAN 0 0
 616.167766673673 -NAN 0 0
 618.330031546184 -NAN 0 0
 620.492664574771 -NAN 0 0
 622.655671716672 -NAN 0 0
 624.819058929125 -NAN 0 0
 626.982832169368 -NAN 0 0
 629.146997394639 -NAN 0 0
 631.311560562176 -NAN 0 0
 633.476527629217 -NAN 0 0
 635.641904553 -NAN 0 0
 637.807697290763 -NAN 0 0
 639.973911799744 -NAN 0 0
 642.140554037181 -NAN 0 0
 644.307629960312 -NAN 0 0
 646.475145526375 -NAN 0 0
 648.643106692608 -NAN 0 0
 650.811519416249 -NAN 0 0
 652.980389654536 -NAN 0 0
 655.149723364707 -NAN 0 0
 657.319526504 -NAN 0 0
 659.489805029653 -NAN 0 0
 661.660564898904 -NAN 0 0
 663.831812068991 -NAN 0 0
 666.003552497152 -NAN 0 0
 668.175792140625 -NAN 0 0
 670.348536956648 -NAN 0 0
 672.521792902459 -NAN 0 0
 674.695565935296 -NAN 0 0
 676.869862012397 -NAN 0 0
 679.044687091 -NAN 0 0
 681.220047128343 -NAN 0 0
 683.395948081664 -NAN 0 0
 685.572395908201 -NAN 0 0
 687.749396565192 -NAN 0 0
 689.926956009875 -NAN 0 0
 692.105080199488 -NAN 0 0
 694.283775091269 -NAN 0 0
 696.463046642456 -NAN 0 0
 698.642900810287 -NAN 0 0
 700.823343552 -NAN 0 0
 703.004380824833 -NAN 0 0
 705.186018586024 -NAN 0 0
 707.368262792811 -NAN 0 0
 709.551119402432 -NAN 0 0
 711.734594372125 -NAN 0 0
 713.918693659128 -NAN 0 0
 716.103423220679 -NAN 0 0
 718.288789014016 -NAN 0 0
 720.474796996377 -NAN 0 0
 722.661453125 -NAN 0 0
 724.848763357123 -NAN 0 0
 727.036733649984 -NAN 0 0
 729.225369960821 -NAN 0 0
 731.414678246872 -NAN 0 0
 733.604664465375 -NAN 0 0
 735.795334573568 -NAN 0 0
[END] of [DATA]
[END] of Spectrum


[Spectrum]
Version            = 1
IDData             = 12ad_2026-06-10_15-43-05_000_639
IDDevice           = SAM_82E6
IDDataType         = SPECTRUM
IDDataTypeSub1     = CALIBRATED
IDDataTypeSub2     = 
IDDataTypeSub3     = 
DateTime           = 2026-06-10 15:43:05
PositionLatitude   = 0
PositionLongitude  = 0
Comment            = 20260610_FrameC
CommentSub1        = UV
CommentSub2        = left
CommentSub3        = 28cm
IDMethodType       = SAM Control
MethodName         = SAM_82E6
Mission            = No Mission
MissionSub         = 1
RecordType         = 0
[Attributes]
CalFactor = 1
IDBasisSpec = 
IDDataBack = DLAB_2024-11-11_10-40-48_641_639
IDDataCal = DLAB_2024-11-12_11-45-27_171_455
IntegrationTime = 128
P31 = -1
P31e = 0
PathLength = +INF
PathLengthCustomOn = 0
RAWDynamic = 65535
Salinity = 0
Temperature = -NAN
Unit1 = $01 $01 Wavelength nm
Unit2 = $03 $06 Intensity mW/(m^2 nm)
Unit3 = $f0 $06 Error mW/(m^2 nm)
Unit4 = $f1 $00 Status 
p999 = 8407
[END] of [Attributes]
[DATA]
 0 6 0 0
 185.260577530984 -NAN 0 0
 187.468128380571 -NAN 0 0
 189.674861895872 -NAN 0 0
 191.880784034125 -NAN 0 0
 194.085900752568 -NAN 0 0
 196.290218008439 -NAN 0 0
 198.493741758976 -NAN 0 0
 200.696477961417 -NAN 0 0
 202.898432573 -NAN 0 0
 205.099611550963 -NAN 0 0
 207.300020852544 -NAN 0 0
 209.499666434981 -NAN 0 0
 211.698554255512 -NAN 0 0
 213.896690271375 -NAN 0 0
 216.094080439808 -NAN 0 0
 218.290730718049 -NAN 0 0
 220.486647063336 -NAN 0 0
 222.681835432907 -NAN 0 0
 224.876301784 -NAN 0 0
 227.070052073853 -NAN 0 0
 229.263092259704 -NAN 0 0
 231.455428298791 -NAN 0 0
 233.647066148352 -NAN 0 0
 235.838011765625 -NAN 0 0
 238.028271107848 -NAN 0 0
 240.217850132259 -NAN 0 0
 242.406754796096 -NAN 0 0
 244.594991056597 -NAN 0 0
 246.782564871 -NAN 0 0
 248.969482196543 -NAN 0 0
 251.155748990464 -NAN 0 0
 253.341371210001 -NAN 0 0
 255.526354812392 -NAN 0 0
 257.710705754875 -NAN 0 0
 259.894429994688 -NAN 0 0
 262.077533489069 -NAN 0 0
 264.260022195256 -NAN 0 0
 266.441902070487 -NAN 0 0
 268.623179072 -NAN 0 0
 270.803859157033 -NAN 0 0
 272.983948282824 -NAN 0 0
 275.163452406611 -NAN 0 0
 277.342377485632 -NAN 0 0
 279.520729477125 4.85093591888413 0 0
 281.698514338328 4.22735759929981 0 0
 283.875738026479 5.55597921805132 0 0
 286.052406498816 11.9238835369315 0 0
 288.228525712577 13.1001829132399 0 0
 290.404101625 18.5140080743427 0 0
 292.579140193323 28.1847564485624 0 0
 294.753647374784 33.6645091958569 0 0
 296.927629126621 41.0980843344626 0 0
 299.101091406072 51.2006696967932 0 0
 301.274040170375 57.3056291257919 0 0
 303.446481376768 62.6755325483803 0 0
 305.618420982489 70.0222215866919 0 0
 307.789864944776 71.2464255102282 0 0
 309.960819220867 76.681131919099 0 0
 312.131289768 83.064605297528 0 0
 314.301282543413 77.9136153273037 0 0
 316.470803504344 72.2719090995994 0 0
 318.639858608031 69.0156467261103 0 0
 320.808453811712 61.0808318807199 0 0
 322.976595072625 59.5616752640258 0 0
 325.144288348008 56.5417046687231 0 0
 327.311539595099 48.489311278245 0 0
 329.478354771136 46.4329687270414 0 0
 331.644739833357 43.3725413895186 0 0
 333.810700739 36.1993881395936 0 0
 335.976243445303 34.6524283210718 0 0
 338.141373909504 31.1145252721836 0 0
 340.306098088841 24.6210219479736 0 0
 342.470421940552 24.0023010313017 0 0
 344.634351421875 21.575344838698 0 0
 346.797892490048 16.5254608563697 0 0
 348.961051102309 16.5652548236544 0 0
 351.123833215896 14.9026260958697 0 0
 353.286244788047 11.033292007034 0 0
 355.448291776 12.2421709154032 0 0
 357.609980136993 11.056098782133 0 0
 359.771315828264 9.21279332750806 0 0
 361.932304807051 15.768316280549 0 0
 364.092953030592 20.3980576149707 0 0
 366.253266456125 17.9496711439802 0 0
 368.413251040888 14.1439175620416 0 0
 370.572912742119 8.26306037493458 0 0
 372.732257517056 4.61374373501361 0 0
 374.891291322937 7.02473505978191 0 0
 377.050020117 4.69473673044111 0 0
 379.208449856483 2.62904737009443 0 0
 381.366586498624 5.54748232876548 0 0
 383.524436000661 3.16340821848674 0 0
 385.682004319832 1.65336546329859 0 0
 387.839297413375 4.791773248321 0 0
 389.996321238528 2.1704166522227 0 0
 392.153081752529 1.38074577319614 0 0
 394.309584912616 4.37163779283094 0 0
 396.465836676027 1.75890635280011 0 0
 398.621843 2.37702426231972 0 0
 400.777609841773 9.16525583932099 0 0
 402.933143158584 14.0874120446067 0 0
 405.088448907671 16.7264012021659 0 0
 407.243533046272 15.1603690876282 0 0
 409.398401531625 7.27680788443794 0 0
 411.553060320968 6.53401645756693 0 0
 413.707515371539 9.66405200111483 0 0
 415.861772640576 10.1064445277654 0 0
 418.015838085317 15.0355101605356 0 0
 420.169717663 22.7498083699885 0 0
 422.323417330863 28.8918333970625 0 0
 424.476943046144 41.491708140091 0 0
 426.630300766081 58.5855614221275 0 0
 428.783496447912 78.6587464591173 0 0
 430.936536048875 112.518000621298 0 0
 433.089425526208 169.428141833045 0 0
 435.242170837149 230.921730085531 0 0
 437.394777938936 288.488277873967 0 0
 439.547252788807 348.277300649921 0 0
 441.699601344 440.007976253395 0 0
 443.851829561753 558.292915478922 0 0
 446.003943399304 669.109552955333 0 0
 448.155948813891 734.288559326319 0 0
 450.307851762752 733.466732086766 0 0
 452.459658203125 663.645961704985 0 0
 454.611374092248 556.967629418788 0 0
 456.763005387359 457.93826474877 0 0
 458.914558045696 380.945269785099 0 0
 461.066038024497 326.809673555735 0 0
 463.217451281 289.990884541622 0 0
 465.368803772443 252.288781066324 0 0
 467.520101456064 212.978481569785 0 0
 469.671350289101 180.137885076565 0 0
 471.822556228792 150.00109217822 0 0
 473.973725232375 127.601369824498 0 0
 476.124863257088 117.166215141245 0 0
 478.275976260169 108.663007552859 0 0
 480.427070198856 103.155398450672 0 0
 482.578151030387 103.684958468333 0 0
 484.729224712 101.306104288476 0 0
 486.880297200933 100.863639548156 0 0
 489.031374454424 106.007331369994 0 0
 491.182462429711 108.593691603889 0 0
 493.333567084032 113.265002617958 0 0
 495.484694374625 122.076597345453 0 0
 497.635850258728 126.60437745117 0 0
 499.787040693579 132.585465246038 0 0
 501.938271636416 140.977373129034 0 0
 504.089549044477 -NAN 0 0
 506.240878875 -NAN 0 0
 508.392267085223 -NAN 0 0
 510.543719632384 -NAN 0 0
 512.695242473721 -NAN 0 0
 514.846841566472 -NAN 0 0
 516.998522867875 -NAN 0 0
 519.150292335168 -NAN 0 0
 521.302155925589 -NAN 0 0
 523.454119596376 -NAN 0 0
 525.606189304767 -NAN 0 0
 527.758371008 -NAN 0 0
 529.910670663313 -NAN 0 0
 532.063094227944 -NAN 0 0
 534.215647659131 -NAN 0 0
 536.368336914112 -NAN 0 0
 538.521167950125 -NAN 0 0
 540.674146724408 -NAN 0 0
 542.827279194199 -NAN 0 0
 544.980571316736 -NAN 0 0
 547.134029049257 -NAN 0 0
 549.287658349 -NAN 0 0
 551.441465173203 -NAN 0 0
 553.595455479104 -NAN 0 0
 555.749635223941 -NAN 0 0
 557.904010364952 -NAN 0 0
 560.058586859375 -NAN 0 0
 562.213370664448 -NAN 0 0
 564.368367737409 -NAN 0 0
 566.523584035496 -NAN 0 0
 568.679025515947 -NAN 0 0
 570.834698136 -NAN 0 0
 572.990607852893 -NAN 0 0
 575.146760623864 -NAN 0 0
 577.303162406151 -NAN 0 0
 579.459819156992 -NAN 0 0
 581.616736833625 -NAN 0 0
 583.773921393288 -NAN 0 0
 585.931378793219 -NAN 0 0
 588.089114990656 -NAN 0 0
 590.247135942837 -NAN 0 0
 592.405447607 -NAN 0 0
 594.564055940383 -NAN 0 0
 596.722966900224 -NAN 0 0
 598.882186443761 -NAN 0 0
 601.041720528232 -NAN 0 0
 603.201575110875 -NAN 0 0
 605.361756148928 -NAN 0 0
 607.522269599629 -NAN 0 0
 609.683121420216 -NAN 0 0
 611.844317567927 -NAN 0 0
 614.005864 -NAN 0 0
 616.167766673673 -NAN 0 0
 618.330031546184 -NAN 0 0
 620.492664574771 -NAN 0 0
 622.655671716672 -NAN 0 0
 624.819058929125 -NAN 0 0
 626.982832169368 -NAN 0 0
 629.146997394639 -NAN 0 0
 631.311560562176 -NAN 0 0
 633.476527629217 -NAN 0 0
 635.641904553 -NAN 0 0
 637.807697290763 -NAN 0 0
 639.973911799744 -NAN 0 0
 642.140554037181 -NAN 0 0
 644.307629960312 -NAN 0 0
 646.475145526375 -NAN 0 0
 648.643106692608 -NAN 0 0
 650.811519416249 -NAN 0 0
 652.980389654536 -NAN 0 0
 655.149723364707 -NAN 0 0
 657.319526504 -NAN 0 0
 659.489805029653 -NAN 0 0
 661.660564898904 -NAN 0 0
 663.831812068991 -NAN 0 0
 666.003552497152 -NAN 0 0
 668.175792140625 -NAN 0 0
 670.348536956648 -NAN 0 0
 672.521792902459 -NAN 0 0
 674.695565935296 -NAN 0 0
 676.869862012397 -NAN 0 0
 679.044687091 -NAN 0 0
 681.220047128343 -NAN 0 0
 683.395948081664 -NAN 0 0
 685.572395908201 -NAN 0 0
 687.749396565192 -NAN 0 0
 689.926956009875 -NAN 0 0
 692.105080199488 -NAN 0 0
 694.283775091269 -NAN 0 0
 696.463046642456 -NAN 0 0
 698.642900810287 -NAN 0 0
 700.823343552 -NAN 0 0
 703.004380824833 -NAN 0 0
 705.186018586024 -NAN 0 0
 707.368262792811 -NAN 0 0
 709.551119402432 -NAN 0 0
 711.734594372125 -NAN 0 0
 713.918693659128 -NAN 0 0
 716.103423220679 -NAN 0 0
 718.288789014016 -NAN 0 0
 720.474796996377 -NAN 0 0
 722.661453125 -NAN 0 0
 724.848763357123 -NAN 0 0
 727.036733649984 -NAN 0 0
 729.225369960821 -NAN 0 0
 731.414678246872 -NAN 0 0
 733.604664465375 -NAN 0 0
 735.795334573568 -NAN 0 0
[END] of [DATA]
[END] of Spectrum


[Spectrum]
Version            = 1
IDData             = 12ad_2026-06-10_15-43-00_000_636
IDDevice           = SAM_82E6
IDDataType         = SPECTRUM
IDDataTypeSub1     = CALIBRATED
IDDataTypeSub2     = 
IDDataTypeSub3     = 
DateTime           = 2026-06-10 15:43:00
PositionLatitude   = 0
PositionLongitude  = 0
Comment            = 20260610_FrameC
CommentSub1        = UV
CommentSub2        = left
CommentSub3        = 28cm
IDMethodType       = SAM Control
MethodName         = SAM_82E6
Mission            = No Mission
MissionSub         = 1
RecordType         = 0
[Attributes]
CalFactor = 1
IDBasisSpec = 
IDDataBack = DLAB_2024-11-11_10-40-48_641_639
IDDataCal = DLAB_2024-11-12_11-45-27_171_455
IntegrationTime = 128
P31 = -1
P31e = 0
PathLength = +INF
PathLengthCustomOn = 0
RAWDynamic = 65535
Salinity = 0
Temperature = -NAN
Unit1 = $01 $01 Wavelength nm
Unit2 = $03 $06 Intensity mW/(m^2 nm)
Unit3 = $f0 $06 Error mW/(m^2 nm)
Unit4 = $f1 $00 Status 
p999 = 8406
[END] of [Attributes]
[DATA]
 0 6 0 0
 185.260577530984 -NAN 0 0
 187.468128380571 -NAN 0 0
 189.674861895872 -NAN 0 0
 191.880784034125 -NAN 0 0
 194.085900752568 -NAN 0 0
 196.290218008439 -NAN 0 0
 198.493741758976 -NAN 0 0
 200.696477961417 -NAN 0 0
 202.898432573 -NAN 0 0
 205.099611550963 -NAN 0 0
 207.300020852544 -NAN 0 0
 209.499666434981 -NAN 0 0
 211.698554255512 -NAN 0 0
 213.896690271375 -NAN 0 0
 216.094080439808 -NAN 0 0
 218.290730718049 -NAN 0 0
 220.486647063336 -NAN 0 0
 222.681835432907 -NAN 0 0
 224.876301784 -NAN 0 0
 227.070052073853 -NAN 0 0
 229.263092259704 -NAN 0 0
 231.455428298791 -NAN 0 0
 233.647066148352 -NAN 0 0
 235.838011765625 -NAN 0 0
 238.028271107848 -NAN 0 0
 240.217850132259 -NAN 0 0
 242.406754796096 -NAN 0 0
 244.594991056597 -NAN 0 0
 246.782564871 -NAN 0 0
 248.969482196543 -NAN 0 0
 251.155748990464 -NAN 0 0
 253.341371210001 -NAN 0 0
 255.526354812392 -NAN 0 0
 257.710705754875 -NAN 0 0
 259.894429994688 -NAN 0 0
 262.077533489069 -NAN 0 0
 264.260022195256 -NAN 0 0
 266.441902070487 -NAN 0 0
 268.623179072 -NAN 0 0
 270.803859157033 -NAN 0 0
 272.983948282824 -NAN 0 0
 275.163452406611 -NAN 0 0
 277.342377485632 -NAN 0 0
 279.520729477125 3.59067229554072 0 0
 281.698514338328 2.64535417450569 0 0
 283.875738026479 7.55839684580488 0 0
 286.052406498816 10.1932509804676 0 0
 288.228525712577 11.5471355307426 0 0
 290.404101625 20.1309798026315 0 0
 292.579140193323 25.6926474665095 0 0
 294.753647374784 31.6634054764329 0 0
 296.927629126621 41.8471760897107 0 0
 299.101091406072 48.2571116068165 0 0
 301.274040170375 55.1288097968609 0 0
 303.446481376768 62.4155918121122 0 0
 305.618420982489 66.3593193686922 0 0
 307.789864944776 68.8948409901883 0 0
 309.960819220867 76.0543247758556 0 0
 312.131289768 78.8674175331019 0 0
 314.301282543413 75.5647538873825 0 0
 316.470803504344 71.9151554295348 0 0
 318.639858608031 64.9813748076118 0 0
 320.808453811712 59.5899961116021 0 0
 322.976595072625 59.7585463490411 0 0
 325.144288348008 52.6119627009894 0 0
 327.311539595099 47.7181990372388 0 0
 329.478354771136 46.7483056457515 0 0
 331.644739833357 39.6891491843605 0 0
 333.810700739 36.1135356121601 0 0
 335.976243445303 35.1176002566297 0 0
 338.141373909504 27.7973195185089 0 0
 340.306098088841 25.1530780232694 0 0
 342.470421940552 24.4213247023021 0 0
 344.634351421875 18.808739476202 0 0
 346.797892490048 17.3033988991097 0 0
 348.961051102309 16.8937118880589 0 0
 351.123833215896 12.540662729155 0 0
 353.286244788047 12.128073687874 0 0
 355.448291776 12.2185061817974 0 0
 357.609980136993 8.95085886679688 0 0
 359.771315828264 10.3507797480194 0 0
 361.932304807051 15.3686265287637 0 0
 364.092953030592 18.0767969742342 0 0
 366.253266456125 19.2062464853257 0 0
 368.413251040888 13.4626047521778 0 0
 370.572912742119 6.11028821081609 0 0
 372.732257517056 6.62790520096012 0 0
 374.891291322937 6.19654314812021 0 0
 377.050020117 2.60351325438873 0 0
 379.208449856483 4.78978802209076 0 0
 381.366586498624 4.39708408665669 0 0
 383.524436000661 1.26464229245383 0 0
 385.682004319832 4.05430259175792 0 0
 387.839297413375 3.38340606895336 0 0
 389.996321238528 0.69834443894545 0 0
 392.153081752529 3.82296632661965 0 0
 394.309584912616 2.81981914980463 0 0
 396.465836676027 0.714424542690738 0 0
 398.621843 4.68839565900899 0 0
 400.777609841773 7.35755737513954 0 0
 402.933143158584 12.918946249338 0 0
 405.088448907671 18.3798942012576 0 0
 407.243533046272 13.1882823568221 0 0
 409.398401531625 6.94222515635404 0 0
 411.553060320968 8.29654443266472 0 0
 413.707515371539 8.09429090491344 0 0
 415.861772640576 10.1758458890034 0 0
 418.015838085317 16.8009488307567 0 0
 420.169717663 21.2475234795121 0 0
 422.323417330863 29.2177764094394 0 0
 424.476943046144 42.8622260551803 0 0
 426.630300766081 57.1371296513057 0 0
 428.783496447912 79.004363543365 0 0
 430.936536048875 113.43430959713 0 0
 433.089425526208 167.1806684442 0 0
 435.242170837149 230.069766793746 0 0
 437.394777938936 288.067844423772 0 0
 439.547252788807 346.26498538161 0 0
 441.699601344 440.78882844285 0 0
 443.851829561753 559.103169835107 0 0
 446.003943399304 667.658519968311 0 0
 448.155948813891 735.311627971123 0 0
 450.307851762752 734.226058936532 0 0
 452.459658203125 661.908204529438 0 0
 454.611374092248 558.298965770731 0 0
 456.763005387359 458.320955937655 0 0
 458.914558045696 379.216680025891 0 0
 461.066038024497 328.382835964603 0 0
 463.217451281 290.024121165416 0 0
 465.368803772443 250.63157803447 0 0
 467.520101456064 214.709251741688 0 0
 469.671350289101 179.782825407055 0 0
 471.822556228792 148.166909622011 0 0
 473.973725232375 129.400556016097 0 0
 476.124863257088 116.723363816773 0 0
 478.275976260169 106.938353835167 0 0
 480.427070198856 104.995487122121 0 0
 482.578151030387 102.836686452216 0 0
 484.729224712 99.7325244017282 0 0
 486.880297200933 102.81224807272 0 0
 489.031374454424 104.975677731306 0 0
 491.182462429711 107.222185961333 0 0
 493.333567084032 115.384785847916 0 0
 495.484694374625 120.936561165978 0 0
 497.635850258728 125.53357732437 0 0
 499.787040693579 134.459747114673 0 0
 501.938271636416 139.617021961972 0 0
 504.089549044477 -NAN 0 0
 506.240878875 -NAN 0 0
 508.392267085223 -NAN 0 0
 510.543719632384 -NAN 0 0
 512.695242473721 -NAN 0 0
 514.846841566472 -NAN 0 0
 516.998522867875 -NAN 0 0
 519.150292335168 -NAN 0 0
 521.302155925589 -NAN 0 0
 523.454119596376 -NAN 0 0
 525.606189304767 -NAN 0 0
 527.758371008 -NAN 0 0
 529.910670663313 -NAN 0 0
 532.063094227944 -NAN 0 0
 534.215647659131 -NAN 0 0
 536.368336914112 -NAN 0 0
 538.521167950125 -NAN 0 0
 540.674146724408 -NAN 0 0
 542.827279194199 -NAN 0 0
 544.980571316736 -NAN 0 0
 547.134029049257 -NAN 0 0
 549.287658349 -NAN 0 0
 551.441465173203 -NAN 0 0
 553.595455479104 -NAN 0 0
 555.749635223941 -NAN 0 0
 557.904010364952 -NAN 0 0
 560.058586859375 -NAN 0 0
 562.213370664448 -NAN 0 0
 564.368367737409 -NAN 0 0
 566.523584035496 -NAN 0 0
 568.679025515947 -NAN 0 0
 570.834698136 -NAN 0 0
 572.990607852893 -NAN 0 0
 575.146760623864 -NAN 0 0
 577.303162406151 -NAN 0 0
 579.459819156992 -NAN 0 0
 581.616736833625 -NAN 0 0
 583.773921393288 -NAN 0 0
 585.931378793219 -NAN 0 0
 588.089114990656 -NAN 0 0
 590.247135942837 -NAN 0 0
 592.405447607 -NAN 0 0
 594.564055940383 -NAN 0 0
 596.722966900224 -NAN 0 0
 598.882186443761 -NAN 0 0
 601.041720528232 -NAN 0 0
 603.201575110875 -NAN 0 0
 605.361756148928 -NAN 0 0
 607.522269599629 -NAN 0 0
 609.683121420216 -NAN 0 0
 611.844317567927 -NAN 0 0
 614.005864 -NAN 0 0
 616.167766673673 -NAN 0 0
 618.330031546184 -NAN 0 0
 620.492664574771 -NAN 0 0
 622.655671716672 -NAN 0 0
 624.819058929125 -NAN 0 0
 626.982832169368 -NAN 0 0
 629.146997394639 -NAN 0 0
 631.311560562176 -NAN 0 0
 633.476527629217 -NAN 0 0
 635.641904553 -NAN 0 0
 637.807697290763 -NAN 0 0
 639.973911799744 -NAN 0 0
 642.140554037181 -NAN 0 0
 644.307629960312 -NAN 0 0
 646.475145526375 -NAN 0 0
 648.643106692608 -NAN 0 0
 650.811519416249 -NAN 0 0
 652.980389654536 -NAN 0 0
 655.149723364707 -NAN 0 0
 657.319526504 -NAN 0 0
 659.489805029653 -NAN 0 0
 661.660564898904 -NAN 0 0
 663.831812068991 -NAN 0 0
 666.003552497152 -NAN 0 0
 668.175792140625 -NAN 0 0
 670.348536956648 -NAN 0 0
 672.521792902459 -NAN 0 0
 674.695565935296 -NAN 0 0
 676.869862012397 -NAN 0 0
 679.044687091 -NAN 0 0
 681.220047128343 -NAN 0 0
 683.395948081664 -NAN 0 0
 685.572395908201 -NAN 0 0
 687.749396565192 -NAN 0 0
 689.926956009875 -NAN 0 0
 692.105080199488 -NAN 0 0
 694.283775091269 -NAN 0 0
 696.463046642456 -NAN 0 0
 698.642900810287 -NAN 0 0
 700.823343552 -NAN 0 0
 703.004380824833 -NAN 0 0
 705.186018586024 -NAN 0 0
 707.368262792811 -NAN 0 0
 709.551119402432 -NAN 0 0
 711.734594372125 -NAN 0 0
 713.918693659128 -NAN 0 0
 716.103423220679 -NAN 0 0
 718.288789014016 -NAN 0 0
 720.474796996377 -NAN 0 0
 722.661453125 -NAN 0 0
 724.848763357123 -NAN 0 0
 727.036733649984 -NAN 0 0
 729.225369960821 -NAN 0 0
 731.414678246872 -NAN 0 0
 733.604664465375 -NAN 0 0
 735.795334573568 -NAN 0 0
[END] of [DATA]
[END] of Spectrum


