[Spectrum]
Version            = 1
IDData             = 12ad_2026-06-11_10-14-30_000_427
IDDevice           = SAM_82E6
IDDataType         = SPECTRUM
IDDataTypeSub1     = CALIBRATED
IDDataTypeSub2     = 
IDDataTypeSub3     = 
DateTime           = 2026-06-11 10:14:30
PositionLatitude   = 0
PositionLongitude  = 0
Comment            = 20260611_FrameD
CommentSub1        = con
CommentSub2        = left
CommentSub3        = 17cm
IDMethodType       = SAM Control
MethodName         = SAM_82E6
Mission            = No Mission
MissionSub         = 1
RecordType         = 0
[Attributes]
CalFactor = 1
IDBasisSpec = 
IDDataBack = DLAB_2024-11-11_10-40-48_641_639
IDDataCal = DLAB_2024-11-12_11-45-27_171_455
IntegrationTime = 128
P31 = -1
P31e = 0
PathLength = +INF
PathLengthCustomOn = 0
RAWDynamic = 65535
Salinity = 0
Temperature = -NAN
Unit1 = $01 $01 Wavelength nm
Unit2 = $03 $06 Intensity mW/(m^2 nm)
Unit3 = $f0 $06 Error mW/(m^2 nm)
Unit4 = $f1 $00 Status 
p999 = 8585
[END] of [Attributes]
[DATA]
 0 6 0 0
 185.260577530984 -NAN 0 0
 187.468128380571 -NAN 0 0
 189.674861895872 -NAN 0 0
 191.880784034125 -NAN 0 0
 194.085900752568 -NAN 0 0
 196.290218008439 -NAN 0 0
 198.493741758976 -NAN 0 0
 200.696477961417 -NAN 0 0
 202.898432573 -NAN 0 0
 205.099611550963 -NAN 0 0
 207.300020852544 -NAN 0 0
 209.499666434981 -NAN 0 0
 211.698554255512 -NAN 0 0
 213.896690271375 -NAN 0 0
 216.094080439808 -NAN 0 0
 218.290730718049 -NAN 0 0
 220.486647063336 -NAN 0 0
 222.681835432907 -NAN 0 0
 224.876301784 -NAN 0 0
 227.070052073853 -NAN 0 0
 229.263092259704 -NAN 0 0
 231.455428298791 -NAN 0 0
 233.647066148352 -NAN 0 0
 235.838011765625 -NAN 0 0
 238.028271107848 -NAN 0 0
 240.217850132259 -NAN 0 0
 242.406754796096 -NAN 0 0
 244.594991056597 -NAN 0 0
 246.782564871 -NAN 0 0
 248.969482196543 -NAN 0 0
 251.155748990464 -NAN 0 0
 253.341371210001 -NAN 0 0
 255.526354812392 -NAN 0 0
 257.710705754875 -NAN 0 0
 259.894429994688 -NAN 0 0
 262.077533489069 -NAN 0 0
 264.260022195256 -NAN 0 0
 266.441902070487 -NAN 0 0
 268.623179072 -NAN 0 0
 270.803859157033 -NAN 0 0
 272.983948282824 -NAN 0 0
 275.163452406611 -NAN 0 0
 277.342377485632 -NAN 0 0
 279.520729477125 0.737644666015265 0 0
 281.698514338328 -0.255857064848144 0 0
 283.875738026479 0.866254999596049 0 0
 286.052406498816 0.856256038672905 0 0
 288.228525712577 -0.296999811605887 0 0
 290.404101625 1.09520921357661 0 0
 292.579140193323 0.820892382616618 0 0
 294.753647374784 -0.150311179225559 0 0
 296.927629126621 1.18419025016884 0 0
 299.101091406072 0.629865021424265 0 0
 301.274040170375 0.0457658929773044 0 0
 303.446481376768 1.09251400017186 0 0
 305.618420982489 0.557206035530681 0 0
 307.789864944776 0.29805163856901 0 0
 309.960819220867 1.21463257456445 0 0
 312.131289768 0.922377518615269 0 0
 314.301282543413 1.1511955469065 0 0
 316.470803504344 4.30666967487231 0 0
 318.639858608031 7.0620429879193 0 0
 320.808453811712 10.2260278100569 0 0
 322.976595072625 14.5696012278365 0 0
 325.144288348008 15.4959684877391 0 0
 327.311539595099 15.887096206503 0 0
 329.478354771136 17.2092685294113 0 0
 331.644739833357 15.4051128735854 0 0
 333.810700739 14.6844487215634 0 0
 335.976243445303 14.8579088007856 0 0
 338.141373909504 12.268808079736 0 0
 340.306098088841 11.4648496575584 0 0
 342.470421940552 11.3805223913866 0 0
 344.634351421875 9.18221036260786 0 0
 346.797892490048 8.68688949093495 0 0
 348.961051102309 8.58166638849988 0 0
 351.123833215896 6.89321951347912 0 0
 353.286244788047 6.78392526377355 0 0
 355.448291776 6.94664893625201 0 0
 357.609980136993 5.76515757070085 0 0
 359.771315828264 6.57004036418438 0 0
 361.932304807051 9.76967585746298 0 0
 364.092953030592 11.9541333289453 0 0
 366.253266456125 12.2635509422969 0 0
 368.413251040888 9.09226190598743 0 0
 370.572912742119 5.06404596302689 0 0
 372.732257517056 4.74289009843894 0 0
 374.891291322937 4.56839313996709 0 0
 377.050020117 2.82008455105114 0 0
 379.208449856483 3.47291175685206 0 0
 381.366586498624 3.27071136066074 0 0
 383.524436000661 1.79476182120403 0 0
 385.682004319832 2.79267271442177 0 0
 387.839297413375 2.53470190351954 0 0
 389.996321238528 1.42454800217478 0 0
 392.153081752529 2.41730188308669 0 0
 394.309584912616 2.32209172915032 0 0
 396.465836676027 1.5051697691103 0 0
 398.621843 3.08158121504188 0 0
 400.777609841773 5.96992121594415 0 0
 402.933143158584 10.7226867881658 0 0
 405.088448907671 13.9071096472508 0 0
 407.243533046272 10.4237969215296 0 0
 409.398401531625 5.65774831326481 0 0
 411.553060320968 5.84907911555458 0 0
 413.707515371539 6.37073564725988 0 0
 415.861772640576 7.94785807161203 0 0
 418.015838085317 12.1602829275754 0 0
 420.169717663 16.0320974082296 0 0
 422.323417330863 22.0937242203814 0 0
 424.476943046144 31.7853523101032 0 0
 426.630300766081 43.1336084248206 0 0
 428.783496447912 59.4871139053436 0 0
 430.936536048875 85.3229060804975 0 0
 433.089425526208 128.368843232447 0 0
 435.242170837149 177.384708484398 0 0
 437.394777938936 220.658614343599 0 0
 439.547252788807 263.6411645479 0 0
 441.699601344 334.11209011817 0 0
 443.851829561753 422.82056342794 0 0
 446.003943399304 504.936635003302 0 0
 448.155948813891 553.997717074471 0 0
 450.307851762752 550.451826839329 0 0
 452.459658203125 495.267851326103 0 0
 454.611374092248 416.35854060831 0 0
 456.763005387359 341.388296419606 0 0
 458.914558045696 283.442627449194 0 0
 461.066038024497 244.912509525723 0 0
 463.217451281 215.96565284084 0 0
 465.368803772443 187.015036934611 0 0
 467.520101456064 159.413500995897 0 0
 469.671350289101 133.34470113169 0 0
 471.822556228792 110.758548703572 0 0
 473.973725232375 95.9196168924982 0 0
 476.124863257088 86.626080677345 0 0
 478.275976260169 80.2295573759394 0 0
 480.427070198856 77.943287628481 0 0
 482.578151030387 76.5726222268771 0 0
 484.729224712 74.8424692470693 0 0
 486.880297200933 75.9870006401277 0 0
 489.031374454424 78.2030349841351 0 0
 491.182462429711 80.4186322840528 0 0
 493.333567084032 85.3994277951562 0 0
 495.484694374625 90.0305123897954 0 0
 497.635850258728 93.7134788842281 0 0
 499.787040693579 99.6018007376212 0 0
 501.938271636416 103.908880053788 0 0
 504.089549044477 -NAN 0 0
 506.240878875 -NAN 0 0
 508.392267085223 -NAN 0 0
 510.543719632384 -NAN 0 0
 512.695242473721 -NAN 0 0
 514.846841566472 -NAN 0 0
 516.998522867875 -NAN 0 0
 519.150292335168 -NAN 0 0
 521.302155925589 -NAN 0 0
 523.454119596376 -NAN 0 0
 525.606189304767 -NAN 0 0
 527.758371008 -NAN 0 0
 529.910670663313 -NAN 0 0
 532.063094227944 -NAN 0 0
 534.215647659131 -NAN 0 0
 536.368336914112 -NAN 0 0
 538.521167950125 -NAN 0 0
 540.674146724408 -NAN 0 0
 542.827279194199 -NAN 0 0
 544.980571316736 -NAN 0 0
 547.134029049257 -NAN 0 0
 549.287658349 -NAN 0 0
 551.441465173203 -NAN 0 0
 553.595455479104 -NAN 0 0
 555.749635223941 -NAN 0 0
 557.904010364952 -NAN 0 0
 560.058586859375 -NAN 0 0
 562.213370664448 -NAN 0 0
 564.368367737409 -NAN 0 0
 566.523584035496 -NAN 0 0
 568.679025515947 -NAN 0 0
 570.834698136 -NAN 0 0
 572.990607852893 -NAN 0 0
 575.146760623864 -NAN 0 0
 577.303162406151 -NAN 0 0
 579.459819156992 -NAN 0 0
 581.616736833625 -NAN 0 0
 583.773921393288 -NAN 0 0
 585.931378793219 -NAN 0 0
 588.089114990656 -NAN 0 0
 590.247135942837 -NAN 0 0
 592.405447607 -NAN 0 0
 594.564055940383 -NAN 0 0
 596.722966900224 -NAN 0 0
 598.882186443761 -NAN 0 0
 601.041720528232 -NAN 0 0
 603.201575110875 -NAN 0 0
 605.361756148928 -NAN 0 0
 607.522269599629 -NAN 0 0
 609.683121420216 -NAN 0 0
 611.844317567927 -NAN 0 0
 614.005864 -NAN 0 0
 616.167766673673 -NAN 0 0
 618.330031546184 -NAN 0 0
 620.492664574771 -NAN 0 0
 622.655671716672 -NAN 0 0
 624.819058929125 -NAN 0 0
 626.982832169368 -NAN 0 0
 629.146997394639 -NAN 0 0
 631.311560562176 -NAN 0 0
 633.476527629217 -NAN 0 0
 635.641904553 -NAN 0 0
 637.807697290763 -NAN 0 0
 639.973911799744 -NAN 0 0
 642.140554037181 -NAN 0 0
 644.307629960312 -NAN 0 0
 646.475145526375 -NAN 0 0
 648.643106692608 -NAN 0 0
 650.811519416249 -NAN 0 0
 652.980389654536 -NAN 0 0
 655.149723364707 -NAN 0 0
 657.319526504 -NAN 0 0
 659.489805029653 -NAN 0 0
 661.660564898904 -NAN 0 0
 663.831812068991 -NAN 0 0
 666.003552497152 -NAN 0 0
 668.175792140625 -NAN 0 0
 670.348536956648 -NAN 0 0
 672.521792902459 -NAN 0 0
 674.695565935296 -NAN 0 0
 676.869862012397 -NAN 0 0
 679.044687091 -NAN 0 0
 681.220047128343 -NAN 0 0
 683.395948081664 -NAN 0 0
 685.572395908201 -NAN 0 0
 687.749396565192 -NAN 0 0
 689.926956009875 -NAN 0 0
 692.105080199488 -NAN 0 0
 694.283775091269 -NAN 0 0
 696.463046642456 -NAN 0 0
 698.642900810287 -NAN 0 0
 700.823343552 -NAN 0 0
 703.004380824833 -NAN 0 0
 705.186018586024 -NAN 0 0
 707.368262792811 -NAN 0 0
 709.551119402432 -NAN 0 0
 711.734594372125 -NAN 0 0
 713.918693659128 -NAN 0 0
 716.103423220679 -NAN 0 0
 718.288789014016 -NAN 0 0
 720.474796996377 -NAN 0 0
 722.661453125 -NAN 0 0
 724.848763357123 -NAN 0 0
 727.036733649984 -NAN 0 0
 729.225369960821 -NAN 0 0
 731.414678246872 -NAN 0 0
 733.604664465375 -NAN 0 0
 735.795334573568 -NAN 0 0
[END] of [DATA]
[END] of Spectrum


[Spectrum]
Version            = 1
IDData             = 12ad_2026-06-11_10-14-25_000_424
IDDevice           = SAM_82E6
IDDataType         = SPECTRUM
IDDataTypeSub1     = CALIBRATED
IDDataTypeSub2     = 
IDDataTypeSub3     = 
DateTime           = 2026-06-11 10:14:25
PositionLatitude   = 0
PositionLongitude  = 0
Comment            = 20260611_FrameD
CommentSub1        = con
CommentSub2        = left
CommentSub3        = 17cm
IDMethodType       = SAM Control
MethodName         = SAM_82E6
Mission            = No Mission
MissionSub         = 1
RecordType         = 0
[Attributes]
CalFactor = 1
IDBasisSpec = 
IDDataBack = DLAB_2024-11-11_10-40-48_641_639
IDDataCal = DLAB_2024-11-12_11-45-27_171_455
IntegrationTime = 128
P31 = -1
P31e = 0
PathLength = +INF
PathLengthCustomOn = 0
RAWDynamic = 65535
Salinity = 0
Temperature = -NAN
Unit1 = $01 $01 Wavelength nm
Unit2 = $03 $06 Intensity mW/(m^2 nm)
Unit3 = $f0 $06 Error mW/(m^2 nm)
Unit4 = $f1 $00 Status 
p999 = 8584
[END] of [Attributes]
[DATA]
 0 6 0 0
 185.260577530984 -NAN 0 0
 187.468128380571 -NAN 0 0
 189.674861895872 -NAN 0 0
 191.880784034125 -NAN 0 0
 194.085900752568 -NAN 0 0
 196.290218008439 -NAN 0 0
 198.493741758976 -NAN 0 0
 200.696477961417 -NAN 0 0
 202.898432573 -NAN 0 0
 205.099611550963 -NAN 0 0
 207.300020852544 -NAN 0 0
 209.499666434981 -NAN 0 0
 211.698554255512 -NAN 0 0
 213.896690271375 -NAN 0 0
 216.094080439808 -NAN 0 0
 218.290730718049 -NAN 0 0
 220.486647063336 -NAN 0 0
 222.681835432907 -NAN 0 0
 224.876301784 -NAN 0 0
 227.070052073853 -NAN 0 0
 229.263092259704 -NAN 0 0
 231.455428298791 -NAN 0 0
 233.647066148352 -NAN 0 0
 235.838011765625 -NAN 0 0
 238.028271107848 -NAN 0 0
 240.217850132259 -NAN 0 0
 242.406754796096 -NAN 0 0
 244.594991056597 -NAN 0 0
 246.782564871 -NAN 0 0
 248.969482196543 -NAN 0 0
 251.155748990464 -NAN 0 0
 253.341371210001 -NAN 0 0
 255.526354812392 -NAN 0 0
 257.710705754875 -NAN 0 0
 259.894429994688 -NAN 0 0
 262.077533489069 -NAN 0 0
 264.260022195256 -NAN 0 0
 266.441902070487 -NAN 0 0
 268.623179072 -NAN 0 0
 270.803859157033 -NAN 0 0
 272.983948282824 -NAN 0 0
 275.163452406611 -NAN 0 0
 277.342377485632 -NAN 0 0
 279.520729477125 1.05146525206521 0 0
 281.698514338328 0.0971519638249221 0 0
 283.875738026479 0.0528610972081429 0 0
 286.052406498816 1.16986059588449 0 0
 288.228525712577 0.192983772170956 0 0
 290.404101625 0.231467121307213 0 0
 292.579140193323 1.22684678693292 0 0
 294.753647374784 -0.00248682785907887 0 0
 296.927629126621 0.315751672898198 0 0
 299.101091406072 1.23049387865028 0 0
 301.274040170375 0.0666522191610777 0 0
 303.446481376768 0.443754347469263 0 0
 305.618420982489 1.04114790226582 0 0
 307.789864944776 0.144129742711852 0 0
 309.960819220867 0.611600874685451 0 0
 312.131289768 1.4287406537337 0 0
 314.301282543413 1.10933464995741 0 0
 316.470803504344 3.69090306626776 0 0
 318.639858608031 7.33991375781588 0 0
 320.808453811712 9.72287073797965 0 0
 322.976595072625 13.7089933419122 0 0
 325.144288348008 15.7298473263772 0 0
 327.311539595099 15.2273994223723 0 0
 329.478354771136 16.165086845758 0 0
 331.644739833357 15.9913762631523 0 0
 333.810700739 14.1782148529039 0 0
 335.976243445303 14.0729311595317 0 0
 338.141373909504 12.9260698463405 0 0
 340.306098088841 10.560897243918 0 0
 342.470421940552 10.720560109561 0 0
 344.634351421875 9.72547105197071 0 0
 346.797892490048 7.92586314477624 0 0
 348.961051102309 8.20694776572862 0 0
 351.123833215896 7.23576017234865 0 0
 353.286244788047 6.11658822326151 0 0
 355.448291776 6.73366633379986 0 0
 357.609980136993 6.05428004127091 0 0
 359.771315828264 5.91177222679973 0 0
 361.932304807051 9.49296756776544 0 0
 364.092953030592 12.2792904614998 0 0
 366.253266456125 11.7170107380686 0 0
 368.413251040888 8.7867622118848 0 0
 370.572912742119 5.60663497988756 0 0
 372.732257517056 3.94453076090056 0 0
 374.891291322937 4.6167939659733 0 0
 377.050020117 3.56497945676901 0 0
 379.208449856483 2.44012250738749 0 0
 381.366586498624 3.39790526949341 0 0
 383.524436000661 2.40873403680749 0 0
 385.682004319832 1.84538353933059 0 0
 387.839297413375 2.99376726178424 0 0
 389.996321238528 1.60153378354209 0 0
 392.153081752529 1.64300695762628 0 0
 394.309584912616 2.61663727123615 0 0
 396.465836676027 1.55350054695598 0 0
 398.621843 2.3889659055862 0 0
 400.777609841773 6.11037548510357 0 0
 402.933143158584 10.8139335747811 0 0
 405.088448907671 12.9120655690456 0 0
 407.243533046272 10.6590217243607 0 0
 409.398401531625 5.90524786554605 0 0
 411.553060320968 5.25348142684819 0 0
 413.707515371539 6.73347773840912 0 0
 415.861772640576 7.85600332879699 0 0
 418.015838085317 11.5056158037629 0 0
 420.169717663 16.5259215346961 0 0
 422.323417330863 21.9454018383447 0 0
 424.476943046144 31.1462506916678 0 0
 426.630300766081 43.4132817822379 0 0
 428.783496447912 59.3202061427069 0 0
 430.936536048875 84.7741095176343 0 0
 433.089425526208 128.295978461195 0 0
 435.242170837149 176.47839856612 0 0
 437.394777938936 219.550780195368 0 0
 439.547252788807 263.68484020083 0 0
 441.699601344 333.801393141734 0 0
 443.851829561753 422.489095736774 0 0
 446.003943399304 505.306237745279 0 0
 448.155948813891 553.666053311405 0 0
 450.307851762752 550.240802512909 0 0
 452.459658203125 495.718037886506 0 0
 454.611374092248 415.810790794939 0 0
 456.763005387359 341.089562991548 0 0
 458.914558045696 283.963599651449 0 0
 461.066038024497 244.270610356302 0 0
 463.217451281 215.760001231114 0 0
 465.368803772443 187.661029454034 0 0
 467.520101456064 158.873706338324 0 0
 469.671350289101 133.305731167963 0 0
 471.822556228792 111.132380905135 0 0
 473.973725232375 95.2259282139746 0 0
 476.124863257088 86.7655788445537 0 0
 478.275976260169 80.6896132001175 0 0
 480.427070198856 77.1613613286278 0 0
 482.578151030387 76.4520783087973 0 0
 484.729224712 75.1643378602677 0 0
 486.880297200933 75.4433589966499 0 0
 489.031374454424 78.1426127536696 0 0
 491.182462429711 80.8207023421311 0 0
 493.333567084032 84.6779889647924 0 0
 495.484694374625 90.2297420133929 0 0
 497.635850258728 94.3059297740559 0 0
 499.787040693579 98.760330803559 0 0
 501.938271636416 104.238205573662 0 0
 504.089549044477 -NAN 0 0
 506.240878875 -NAN 0 0
 508.392267085223 -NAN 0 0
 510.543719632384 -NAN 0 0
 512.695242473721 -NAN 0 0
 514.846841566472 -NAN 0 0
 516.998522867875 -NAN 0 0
 519.150292335168 -NAN 0 0
 521.302155925589 -NAN 0 0
 523.454119596376 -NAN 0 0
 525.606189304767 -NAN 0 0
 527.758371008 -NAN 0 0
 529.910670663313 -NAN 0 0
 532.063094227944 -NAN 0 0
 534.215647659131 -NAN 0 0
 536.368336914112 -NAN 0 0
 538.521167950125 -NAN 0 0
 540.674146724408 -NAN 0 0
 542.827279194199 -NAN 0 0
 544.980571316736 -NAN 0 0
 547.134029049257 -NAN 0 0
 549.287658349 -NAN 0 0
 551.441465173203 -NAN 0 0
 553.595455479104 -NAN 0 0
 555.749635223941 -NAN 0 0
 557.904010364952 -NAN 0 0
 560.058586859375 -NAN 0 0
 562.213370664448 -NAN 0 0
 564.368367737409 -NAN 0 0
 566.523584035496 -NAN 0 0
 568.679025515947 -NAN 0 0
 570.834698136 -NAN 0 0
 572.990607852893 -NAN 0 0
 575.146760623864 -NAN 0 0
 577.303162406151 -NAN 0 0
 579.459819156992 -NAN 0 0
 581.616736833625 -NAN 0 0
 583.773921393288 -NAN 0 0
 585.931378793219 -NAN 0 0
 588.089114990656 -NAN 0 0
 590.247135942837 -NAN 0 0
 592.405447607 -NAN 0 0
 594.564055940383 -NAN 0 0
 596.722966900224 -NAN 0 0
 598.882186443761 -NAN 0 0
 601.041720528232 -NAN 0 0
 603.201575110875 -NAN 0 0
 605.361756148928 -NAN 0 0
 607.522269599629 -NAN 0 0
 609.683121420216 -NAN 0 0
 611.844317567927 -NAN 0 0
 614.005864 -NAN 0 0
 616.167766673673 -NAN 0 0
 618.330031546184 -NAN 0 0
 620.492664574771 -NAN 0 0
 622.655671716672 -NAN 0 0
 624.819058929125 -NAN 0 0
 626.982832169368 -NAN 0 0
 629.146997394639 -NAN 0 0
 631.311560562176 -NAN 0 0
 633.476527629217 -NAN 0 0
 635.641904553 -NAN 0 0
 637.807697290763 -NAN 0 0
 639.973911799744 -NAN 0 0
 642.140554037181 -NAN 0 0
 644.307629960312 -NAN 0 0
 646.475145526375 -NAN 0 0
 648.643106692608 -NAN 0 0
 650.811519416249 -NAN 0 0
 652.980389654536 -NAN 0 0
 655.149723364707 -NAN 0 0
 657.319526504 -NAN 0 0
 659.489805029653 -NAN 0 0
 661.660564898904 -NAN 0 0
 663.831812068991 -NAN 0 0
 666.003552497152 -NAN 0 0
 668.175792140625 -NAN 0 0
 670.348536956648 -NAN 0 0
 672.521792902459 -NAN 0 0
 674.695565935296 -NAN 0 0
 676.869862012397 -NAN 0 0
 679.044687091 -NAN 0 0
 681.220047128343 -NAN 0 0
 683.395948081664 -NAN 0 0
 685.572395908201 -NAN 0 0
 687.749396565192 -NAN 0 0
 689.926956009875 -NAN 0 0
 692.105080199488 -NAN 0 0
 694.283775091269 -NAN 0 0
 696.463046642456 -NAN 0 0
 698.642900810287 -NAN 0 0
 700.823343552 -NAN 0 0
 703.004380824833 -NAN 0 0
 705.186018586024 -NAN 0 0
 707.368262792811 -NAN 0 0
 709.551119402432 -NAN 0 0
 711.734594372125 -NAN 0 0
 713.918693659128 -NAN 0 0
 716.103423220679 -NAN 0 0
 718.288789014016 -NAN 0 0
 720.474796996377 -NAN 0 0
 722.661453125 -NAN 0 0
 724.848763357123 -NAN 0 0
 727.036733649984 -NAN 0 0
 729.225369960821 -NAN 0 0
 731.414678246872 -NAN 0 0
 733.604664465375 -NAN 0 0
 735.795334573568 -NAN 0 0
[END] of [DATA]
[END] of Spectrum


[Spectrum]
Version            = 1
IDData             = 12ad_2026-06-11_10-14-20_000_421
IDDevice           = SAM_82E6
IDDataType         = SPECTRUM
IDDataTypeSub1     = CALIBRATED
IDDataTypeSub2     = 
IDDataTypeSub3     = 
DateTime           = 2026-06-11 10:14:20
PositionLatitude   = 0
PositionLongitude  = 0
Comment            = 20260611_FrameD
CommentSub1        = con
CommentSub2        = left
CommentSub3        = 17cm
IDMethodType       = SAM Control
MethodName         = SAM_82E6
Mission            = No Mission
MissionSub         = 1
RecordType         = 0
[Attributes]
CalFactor = 1
IDBasisSpec = 
IDDataBack = DLAB_2024-11-11_10-40-48_641_639
IDDataCal = DLAB_2024-11-12_11-45-27_171_455
IntegrationTime = 128
P31 = -1
P31e = 0
PathLength = +INF
PathLengthCustomOn = 0
RAWDynamic = 65535
Salinity = 0
Temperature = -NAN
Unit1 = $01 $01 Wavelength nm
Unit2 = $03 $06 Intensity mW/(m^2 nm)
Unit3 = $f0 $06 Error mW/(m^2 nm)
Unit4 = $f1 $00 Status 
p999 = 8583
[END] of [Attributes]
[DATA]
 0 6 0 0
 185.260577530984 -NAN 0 0
 187.468128380571 -NAN 0 0
 189.674861895872 -NAN 0 0
 191.880784034125 -NAN 0 0
 194.085900752568 -NAN 0 0
 196.290218008439 -NAN 0 0
 198.493741758976 -NAN 0 0
 200.696477961417 -NAN 0 0
 202.898432573 -NAN 0 0
 205.099611550963 -NAN 0 0
 207.300020852544 -NAN 0 0
 209.499666434981 -NAN 0 0
 211.698554255512 -NAN 0 0
 213.896690271375 -NAN 0 0
 216.094080439808 -NAN 0 0
 218.290730718049 -NAN 0 0
 220.486647063336 -NAN 0 0
 222.681835432907 -NAN 0 0
 224.876301784 -NAN 0 0
 227.070052073853 -NAN 0 0
 229.263092259704 -NAN 0 0
 231.455428298791 -NAN 0 0
 233.647066148352 -NAN 0 0
 235.838011765625 -NAN 0 0
 238.028271107848 -NAN 0 0
 240.217850132259 -NAN 0 0
 242.406754796096 -NAN 0 0
 244.594991056597 -NAN 0 0
 246.782564871 -NAN 0 0
 248.969482196543 -NAN 0 0
 251.155748990464 -NAN 0 0
 253.341371210001 -NAN 0 0
 255.526354812392 -NAN 0 0
 257.710705754875 -NAN 0 0
 259.894429994688 -NAN 0 0
 262.077533489069 -NAN 0 0
 264.260022195256 -NAN 0 0
 266.441902070487 -NAN 0 0
 268.623179072 -NAN 0 0
 270.803859157033 -NAN 0 0
 272.983948282824 -NAN 0 0
 275.163452406611 -NAN 0 0
 277.342377485632 -NAN 0 0
 279.520729477125 1.10874996221718 0 0
 281.698514338328 0.416167530477622 0 0
 283.875738026479 -0.18720307537162 0 0
 286.052406498816 1.28891417778888 0 0
 288.228525712577 0.387831045251806 0 0
 290.404101625 -0.225123816357077 0 0
 292.579140193323 1.29168672651122 0 0
 294.753647374784 0.627135409442599 0 0
 296.927629126621 0.0542043820827741 0 0
 299.101091406072 1.17805802603531 0 0
 301.274040170375 0.45420960501554 0 0
 303.446481376768 0.179444859331168 0 0
 305.618420982489 1.2454789126651 0 0
 307.789864944776 0.385701607043226 0 0
 309.960819220867 0.350070997676998 0 0
 312.131289768 1.66279294729956 0 0
 314.301282543413 1.37212805858226 0 0
 316.470803504344 3.48320401177813 0 0
 318.639858608031 7.56118122273352 0 0
 320.808453811712 9.8080613533578 0 0
 322.976595072625 13.2168156293738 0 0
 325.144288348008 15.9261900551104 0 0
 327.311539595099 15.189283608178 0 0
 329.478354771136 15.7783528888494 0 0
 331.644739833357 16.0594775659808 0 0
 333.810700739 13.9798659102127 0 0
 335.976243445303 13.4856515908899 0 0
 338.141373909504 12.9148346024669 0 0
 340.306098088841 10.550038956667 0 0
 342.470421940552 10.3093931323919 0 0
 344.634351421875 9.89649756528864 0 0
 346.797892490048 7.8509684884876 0 0
 348.961051102309 7.82297683128398 0 0
 351.123833215896 7.52904661883172 0 0
 353.286244788047 5.95084438313434 0 0
 355.448291776 6.43463015459937 0 0
 357.609980136993 6.2962862573777 0 0
 359.771315828264 5.82572410426579 0 0
 361.932304807051 9.26676952142538 0 0
 364.092953030592 12.4531592059908 0 0
 366.253266456125 11.3082734058466 0 0
 368.413251040888 8.55884974168125 0 0
 370.572912742119 5.75484216504857 0 0
 372.732257517056 3.84017006318312 0 0
 374.891291322937 4.38823450983289 0 0
 377.050020117 3.80224227859026 0 0
 379.208449856483 2.37854699657931 0 0
 381.366586498624 3.33572158073077 0 0
 383.524436000661 2.72993246441485 0 0
 385.682004319832 1.62918540927975 0 0
 387.839297413375 2.95692868365189 0 0
 389.996321238528 2.07068656907129 0 0
 392.153081752529 1.28222437587054 0 0
 394.309584912616 2.67936456260629 0 0
 396.465836676027 1.88107581902113 0 0
 398.621843 2.04398510011019 0 0
 400.777609841773 6.09997146516584 0 0
 402.933143158584 10.8266067395888 0 0
 405.088448907671 12.5263324325561 0 0
 407.243533046272 10.5639813999845 0 0
 409.398401531625 6.01983099160218 0 0
 411.553060320968 4.92700565674246 0 0
 413.707515371539 6.91590943337306 0 0
 415.861772640576 8.19688648546613 0 0
 418.015838085317 11.232346343673 0 0
 420.169717663 16.6545806940819 0 0
 422.323417330863 22.1688009816592 0 0
 424.476943046144 31.0592618602696 0 0
 426.630300766081 43.6549748071665 0 0
 428.783496447912 59.4500232914244 0 0
 430.936536048875 84.5153675946028 0 0
 433.089425526208 128.027188416132 0 0
 435.242170837149 175.99727107864 0 0
 437.394777938936 218.853787859684 0 0
 439.547252788807 263.692928284705 0 0
 441.699601344 333.809612638466 0 0
 443.851829561753 422.376932427137 0 0
 446.003943399304 505.514994849544 0 0
 448.155948813891 553.674827485031 0 0
 450.307851762752 550.119959522567 0 0
 452.459658203125 496.060772510681 0 0
 454.611374092248 415.974354975321 0 0
 456.763005387359 340.695156766269 0 0
 458.914558045696 284.243048342314 0 0
 461.066038024497 244.42751904216 0 0
 463.217451281 215.564736066324 0 0
 465.368803772443 187.918582027138 0 0
 467.520101456064 158.788024646645 0 0
 469.671350289101 133.063251393664 0 0
 471.822556228792 111.517143872826 0 0
 473.973725232375 95.0585620566165 0 0
 476.124863257088 86.5773670316531 0 0
 478.275976260169 80.9407547852968 0 0
 480.427070198856 76.9920553491724 0 0
 482.578151030387 76.4431491296803 0 0
 484.729224712 75.5577328319547 0 0
 486.880297200933 75.2531962818532 0 0
 489.031374454424 78.0732390816537 0 0
 491.182462429711 80.8921814635673 0 0
 493.333567084032 84.4887226049747 0 0
 495.484694374625 90.161118476376 0 0
 497.635850258728 94.5341330797674 0 0
 499.787040693579 98.6537880987294 0 0
 501.938271636416 104.055246951509 0 0
 504.089549044477 -NAN 0 0
 506.240878875 -NAN 0 0
 508.392267085223 -NAN 0 0
 510.543719632384 -NAN 0 0
 512.695242473721 -NAN 0 0
 514.846841566472 -NAN 0 0
 516.998522867875 -NAN 0 0
 519.150292335168 -NAN 0 0
 521.302155925589 -NAN 0 0
 523.454119596376 -NAN 0 0
 525.606189304767 -NAN 0 0
 527.758371008 -NAN 0 0
 529.910670663313 -NAN 0 0
 532.063094227944 -NAN 0 0
 534.215647659131 -NAN 0 0
 536.368336914112 -NAN 0 0
 538.521167950125 -NAN 0 0
 540.674146724408 -NAN 0 0
 542.827279194199 -NAN 0 0
 544.980571316736 -NAN 0 0
 547.134029049257 -NAN 0 0
 549.287658349 -NAN 0 0
 551.441465173203 -NAN 0 0
 553.595455479104 -NAN 0 0
 555.749635223941 -NAN 0 0
 557.904010364952 -NAN 0 0
 560.058586859375 -NAN 0 0
 562.213370664448 -NAN 0 0
 564.368367737409 -NAN 0 0
 566.523584035496 -NAN 0 0
 568.679025515947 -NAN 0 0
 570.834698136 -NAN 0 0
 572.990607852893 -NAN 0 0
 575.146760623864 -NAN 0 0
 577.303162406151 -NAN 0 0
 579.459819156992 -NAN 0 0
 581.616736833625 -NAN 0 0
 583.773921393288 -NAN 0 0
 585.931378793219 -NAN 0 0
 588.089114990656 -NAN 0 0
 590.247135942837 -NAN 0 0
 592.405447607 -NAN 0 0
 594.564055940383 -NAN 0 0
 596.722966900224 -NAN 0 0
 598.882186443761 -NAN 0 0
 601.041720528232 -NAN 0 0
 603.201575110875 -NAN 0 0
 605.361756148928 -NAN 0 0
 607.522269599629 -NAN 0 0
 609.683121420216 -NAN 0 0
 611.844317567927 -NAN 0 0
 614.005864 -NAN 0 0
 616.167766673673 -NAN 0 0
 618.330031546184 -NAN 0 0
 620.492664574771 -NAN 0 0
 622.655671716672 -NAN 0 0
 624.819058929125 -NAN 0 0
 626.982832169368 -NAN 0 0
 629.146997394639 -NAN 0 0
 631.311560562176 -NAN 0 0
 633.476527629217 -NAN 0 0
 635.641904553 -NAN 0 0
 637.807697290763 -NAN 0 0
 639.973911799744 -NAN 0 0
 642.140554037181 -NAN 0 0
 644.307629960312 -NAN 0 0
 646.475145526375 -NAN 0 0
 648.643106692608 -NAN 0 0
 650.811519416249 -NAN 0 0
 652.980389654536 -NAN 0 0
 655.149723364707 -NAN 0 0
 657.319526504 -NAN 0 0
 659.489805029653 -NAN 0 0
 661.660564898904 -NAN 0 0
 663.831812068991 -NAN 0 0
 666.003552497152 -NAN 0 0
 668.175792140625 -NAN 0 0
 670.348536956648 -NAN 0 0
 672.521792902459 -NAN 0 0
 674.695565935296 -NAN 0 0
 676.869862012397 -NAN 0 0
 679.044687091 -NAN 0 0
 681.220047128343 -NAN 0 0
 683.395948081664 -NAN 0 0
 685.572395908201 -NAN 0 0
 687.749396565192 -NAN 0 0
 689.926956009875 -NAN 0 0
 692.105080199488 -NAN 0 0
 694.283775091269 -NAN 0 0
 696.463046642456 -NAN 0 0
 698.642900810287 -NAN 0 0
 700.823343552 -NAN 0 0
 703.004380824833 -NAN 0 0
 705.186018586024 -NAN 0 0
 707.368262792811 -NAN 0 0
 709.551119402432 -NAN 0 0
 711.734594372125 -NAN 0 0
 713.918693659128 -NAN 0 0
 716.103423220679 -NAN 0 0
 718.288789014016 -NAN 0 0
 720.474796996377 -NAN 0 0
 722.661453125 -NAN 0 0
 724.848763357123 -NAN 0 0
 727.036733649984 -NAN 0 0
 729.225369960821 -NAN 0 0
 731.414678246872 -NAN 0 0
 733.604664465375 -NAN 0 0
 735.795334573568 -NAN 0 0
[END] of [DATA]
[END] of Spectrum


[Spectrum]
Version            = 1
IDData             = 12ad_2026-06-11_10-14-15_000_418
IDDevice           = SAM_82E6
IDDataType         = SPECTRUM
IDDataTypeSub1     = CALIBRATED
IDDataTypeSub2     = 
IDDataTypeSub3     = 
DateTime           = 2026-06-11 10:14:15
PositionLatitude   = 0
PositionLongitude  = 0
Comment            = 20260611_FrameD
CommentSub1        = con
CommentSub2        = left
CommentSub3        = 17cm
IDMethodType       = SAM Control
MethodName         = SAM_82E6
Mission            = No Mission
MissionSub         = 1
RecordType         = 0
[Attributes]
CalFactor = 1
IDBasisSpec = 
IDDataBack = DLAB_2024-11-11_10-40-48_641_639
IDDataCal = DLAB_2024-11-12_11-45-27_171_455
IntegrationTime = 128
P31 = -1
P31e = 0
PathLength = +INF
PathLengthCustomOn = 0
RAWDynamic = 65535
Salinity = 0
Temperature = -NAN
Unit1 = $01 $01 Wavelength nm
Unit2 = $03 $06 Intensity mW/(m^2 nm)
Unit3 = $f0 $06 Error mW/(m^2 nm)
Unit4 = $f1 $00 Status 
p999 = 8582
[END] of [Attributes]
[DATA]
 0 6 0 0
 185.260577530984 -NAN 0 0
 187.468128380571 -NAN 0 0
 189.674861895872 -NAN 0 0
 191.880784034125 -NAN 0 0
 194.085900752568 -NAN 0 0
 196.290218008439 -NAN 0 0
 198.493741758976 -NAN 0 0
 200.696477961417 -NAN 0 0
 202.898432573 -NAN 0 0
 205.099611550963 -NAN 0 0
 207.300020852544 -NAN 0 0
 209.499666434981 -NAN 0 0
 211.698554255512 -NAN 0 0
 213.896690271375 -NAN 0 0
 216.094080439808 -NAN 0 0
 218.290730718049 -NAN 0 0
 220.486647063336 -NAN 0 0
 222.681835432907 -NAN 0 0
 224.876301784 -NAN 0 0
 227.070052073853 -NAN 0 0
 229.263092259704 -NAN 0 0
 231.455428298791 -NAN 0 0
 233.647066148352 -NAN 0 0
 235.838011765625 -NAN 0 0
 238.028271107848 -NAN 0 0
 240.217850132259 -NAN 0 0
 242.406754796096 -NAN 0 0
 244.594991056597 -NAN 0 0
 246.782564871 -NAN 0 0
 248.969482196543 -NAN 0 0
 251.155748990464 -NAN 0 0
 253.341371210001 -NAN 0 0
 255.526354812392 -NAN 0 0
 257.710705754875 -NAN 0 0
 259.894429994688 -NAN 0 0
 262.077533489069 -NAN 0 0
 264.260022195256 -NAN 0 0
 266.441902070487 -NAN 0 0
 268.623179072 -NAN 0 0
 270.803859157033 -NAN 0 0
 272.983948282824 -NAN 0 0
 275.163452406611 -NAN 0 0
 277.342377485632 -NAN 0 0
 279.520729477125 -0.165212178771271 0 0
 281.698514338328 1.00843823414021 0 0
 283.875738026479 0.503334456343113 0 0
 286.052406498816 -0.0134158584092038 0 0
 288.228525712577 1.13999882736538 0 0
 290.404101625 0.485936592935403 0 0
 292.579140193323 -0.0995528466144417 0 0
 294.753647374784 1.24717643878534 0 0
 296.927629126621 0.446525318305913 0 0
 299.101091406072 -0.0196245166475178 0 0
 301.274040170375 1.14693942344402 0 0
 303.446481376768 0.379315257386009 0 0
 305.618420982489 0.242106108967581 0 0
 307.789864944776 1.17775802947486 0 0
 309.960819220867 0.236597290710517 0 0
 312.131289768 0.612933380487334 0 0
 314.301282543413 2.27562575106683 0 0
 316.470803504344 3.13500265572199 0 0
 318.639858608031 6.52302515186992 0 0
 320.808453811712 10.7464892258828 0 0
 322.976595072625 12.7401063592295 0 0
 325.144288348008 14.683167338645 0 0
 327.311539595099 16.117257084522 0 0
 329.478354771136 15.0063724133279 0 0
 331.644739833357 14.9180405120512 0 0
 333.810700739 15.209925398096 0 0
 335.976243445303 12.6788690151567 0 0
 338.141373909504 12.0848309613061 0 0
 340.306098088841 11.7512369838018 0 0
 342.470421940552 9.44122846403791 0 0
 344.634351421875 9.01747158875014 0 0
 346.797892490048 8.78956764875002 0 0
 348.961051102309 6.82719678743811 0 0
 351.123833215896 7.06896749858538 0 0
 353.286244788047 6.83735584381455 0 0
 355.448291776 5.50847853484531 0 0
 357.609980136993 6.04892592144553 0 0
 359.771315828264 6.6614664943767 0 0
 361.932304807051 8.26205489811883 0 0
 364.092953030592 12.2533230516083 0 0
 366.253266456125 12.1315871750367 0 0
 368.413251040888 7.4714163067207 0 0
 370.572912742119 5.82643377143991 0 0
 372.732257517056 4.64244292688591 0 0
 374.891291322937 3.20644767484809 0 0
 377.050020117 3.9553595647656 0 0
 379.208449856483 3.28958466785497 0 0
 381.366586498624 2.06802228936519 0 0
 383.524436000661 3.04118226815827 0 0
 385.682004319832 2.5551392425896 0 0
 387.839297413375 1.30344327286514 0 0
 389.996321238528 2.63114154340108 0 0
 392.153081752529 1.98575041029424 0 0
 394.309584912616 1.23527322432433 0 0
 396.465836676027 2.58589966260393 0 0
 398.621843 2.43009823239295 0 0
 400.777609841773 4.67592123618837 0 0
 402.933143158584 11.400701105377 0 0
 405.088448907671 12.5079056903671 0 0
 407.243533046272 9.39142139799321 0 0
 409.398401531625 6.66264232877708 0 0
 411.553060320968 5.0295808142419 0 0
 413.707515371539 5.86904848610903 0 0
 415.861772640576 8.86130245849489 0 0
 418.015838085317 11.447619767269 0 0
 420.169717663 15.7038273471495 0 0
 422.323417330863 22.979080661304 0 0
 424.476943046144 30.9660595409144 0 0
 426.630300766081 42.8496191205296 0 0
 428.783496447912 60.2112238452676 0 0
 430.936536048875 84.2508575395291 0 0
 433.089425526208 127.00951044431 0 0
 435.242170837149 175.985282852207 0 0
 437.394777938936 217.892226185569 0 0
 439.547252788807 262.880075855183 0 0
 441.699601344 334.448267534473 0 0
 443.851829561753 421.867175296025 0 0
 446.003943399304 504.993957650785 0 0
 448.155948813891 554.514515901049 0 0
 450.307851762752 549.765546871785 0 0
 452.459658203125 495.496649845485 0 0
 454.611374092248 416.764598195653 0 0
 456.763005387359 340.241199105984 0 0
 458.914558045696 283.743034791874 0 0
 461.066038024497 245.402594447138 0 0
 463.217451281 214.820027964439 0 0
 465.368803772443 187.693751297338 0 0
 467.520101456064 159.909383786486 0 0
 469.671350289101 132.30658459797 0 0
 471.822556228792 111.343344691397 0 0
 473.973725232375 96.0924885155588 0 0
 476.124863257088 85.5444163173221 0 0
 478.275976260169 80.9440885231532 0 0
 480.427070198856 77.9577677451449 0 0
 482.578151030387 75.4419649211839 0 0
 484.729224712 75.5409688416839 0 0
 486.880297200933 76.0418122461573 0 0
 489.031374454424 77.0896994412992 0 0
 491.182462429711 81.2171880938472 0 0
 493.333567084032 85.2135014299235 0 0
 495.484694374625 89.0288301155969 0 0
 497.635850258728 94.7151597405481 0 0
 499.787040693579 99.3028288618239 0 0
 501.938271636416 103.05112698405 0 0
 504.089549044477 -NAN 0 0
 506.240878875 -NAN 0 0
 508.392267085223 -NAN 0 0
 510.543719632384 -NAN 0 0
 512.695242473721 -NAN 0 0
 514.846841566472 -NAN 0 0
 516.998522867875 -NAN 0 0
 519.150292335168 -NAN 0 0
 521.302155925589 -NAN 0 0
 523.454119596376 -NAN 0 0
 525.606189304767 -NAN 0 0
 527.758371008 -NAN 0 0
 529.910670663313 -NAN 0 0
 532.063094227944 -NAN 0 0
 534.215647659131 -NAN 0 0
 536.368336914112 -NAN 0 0
 538.521167950125 -NAN 0 0
 540.674146724408 -NAN 0 0
 542.827279194199 -NAN 0 0
 544.980571316736 -NAN 0 0
 547.134029049257 -NAN 0 0
 549.287658349 -NAN 0 0
 551.441465173203 -NAN 0 0
 553.595455479104 -NAN 0 0
 555.749635223941 -NAN 0 0
 557.904010364952 -NAN 0 0
 560.058586859375 -NAN 0 0
 562.213370664448 -NAN 0 0
 564.368367737409 -NAN 0 0
 566.523584035496 -NAN 0 0
 568.679025515947 -NAN 0 0
 570.834698136 -NAN 0 0
 572.990607852893 -NAN 0 0
 575.146760623864 -NAN 0 0
 577.303162406151 -NAN 0 0
 579.459819156992 -NAN 0 0
 581.616736833625 -NAN 0 0
 583.773921393288 -NAN 0 0
 585.931378793219 -NAN 0 0
 588.089114990656 -NAN 0 0
 590.247135942837 -NAN 0 0
 592.405447607 -NAN 0 0
 594.564055940383 -NAN 0 0
 596.722966900224 -NAN 0 0
 598.882186443761 -NAN 0 0
 601.041720528232 -NAN 0 0
 603.201575110875 -NAN 0 0
 605.361756148928 -NAN 0 0
 607.522269599629 -NAN 0 0
 609.683121420216 -NAN 0 0
 611.844317567927 -NAN 0 0
 614.005864 -NAN 0 0
 616.167766673673 -NAN 0 0
 618.330031546184 -NAN 0 0
 620.492664574771 -NAN 0 0
 622.655671716672 -NAN 0 0
 624.819058929125 -NAN 0 0
 626.982832169368 -NAN 0 0
 629.146997394639 -NAN 0 0
 631.311560562176 -NAN 0 0
 633.476527629217 -NAN 0 0
 635.641904553 -NAN 0 0
 637.807697290763 -NAN 0 0
 639.973911799744 -NAN 0 0
 642.140554037181 -NAN 0 0
 644.307629960312 -NAN 0 0
 646.475145526375 -NAN 0 0
 648.643106692608 -NAN 0 0
 650.811519416249 -NAN 0 0
 652.980389654536 -NAN 0 0
 655.149723364707 -NAN 0 0
 657.319526504 -NAN 0 0
 659.489805029653 -NAN 0 0
 661.660564898904 -NAN 0 0
 663.831812068991 -NAN 0 0
 666.003552497152 -NAN 0 0
 668.175792140625 -NAN 0 0
 670.348536956648 -NAN 0 0
 672.521792902459 -NAN 0 0
 674.695565935296 -NAN 0 0
 676.869862012397 -NAN 0 0
 679.044687091 -NAN 0 0
 681.220047128343 -NAN 0 0
 683.395948081664 -NAN 0 0
 685.572395908201 -NAN 0 0
 687.749396565192 -NAN 0 0
 689.926956009875 -NAN 0 0
 692.105080199488 -NAN 0 0
 694.283775091269 -NAN 0 0
 696.463046642456 -NAN 0 0
 698.642900810287 -NAN 0 0
 700.823343552 -NAN 0 0
 703.004380824833 -NAN 0 0
 705.186018586024 -NAN 0 0
 707.368262792811 -NAN 0 0
 709.551119402432 -NAN 0 0
 711.734594372125 -NAN 0 0
 713.918693659128 -NAN 0 0
 716.103423220679 -NAN 0 0
 718.288789014016 -NAN 0 0
 720.474796996377 -NAN 0 0
 722.661453125 -NAN 0 0
 724.848763357123 -NAN 0 0
 727.036733649984 -NAN 0 0
 729.225369960821 -NAN 0 0
 731.414678246872 -NAN 0 0
 733.604664465375 -NAN 0 0
 735.795334573568 -NAN 0 0
[END] of [DATA]
[END] of Spectrum


[Spectrum]
Version            = 1
IDData             = 12ad_2026-06-11_10-14-10_000_415
IDDevice           = SAM_82E6
IDDataType         = SPECTRUM
IDDataTypeSub1     = CALIBRATED
IDDataTypeSub2     = 
IDDataTypeSub3     = 
DateTime           = 2026-06-11 10:14:10
PositionLatitude   = 0
PositionLongitude  = 0
Comment            = 20260611_FrameD
CommentSub1        = con
CommentSub2        = left
CommentSub3        = 17cm
IDMethodType       = SAM Control
MethodName         = SAM_82E6
Mission            = No Mission
MissionSub         = 1
RecordType         = 0
[Attributes]
CalFactor = 1
IDBasisSpec = 
IDDataBack = DLAB_2024-11-11_10-40-48_641_639
IDDataCal = DLAB_2024-11-12_11-45-27_171_455
IntegrationTime = 128
P31 = -1
P31e = 0
PathLength = +INF
PathLengthCustomOn = 0
RAWDynamic = 65535
Salinity = 0
Temperature = -NAN
Unit1 = $01 $01 Wavelength nm
Unit2 = $03 $06 Intensity mW/(m^2 nm)
Unit3 = $f0 $06 Error mW/(m^2 nm)
Unit4 = $f1 $00 Status 
p999 = 8581
[END] of [Attributes]
[DATA]
 0 6 0 0
 185.260577530984 -NAN 0 0
 187.468128380571 -NAN 0 0
 189.674861895872 -NAN 0 0
 191.880784034125 -NAN 0 0
 194.085900752568 -NAN 0 0
 196.290218008439 -NAN 0 0
 198.493741758976 -NAN 0 0
 200.696477961417 -NAN 0 0
 202.898432573 -NAN 0 0
 205.099611550963 -NAN 0 0
 207.300020852544 -NAN 0 0
 209.499666434981 -NAN 0 0
 211.698554255512 -NAN 0 0
 213.896690271375 -NAN 0 0
 216.094080439808 -NAN 0 0
 218.290730718049 -NAN 0 0
 220.486647063336 -NAN 0 0
 222.681835432907 -NAN 0 0
 224.876301784 -NAN 0 0
 227.070052073853 -NAN 0 0
 229.263092259704 -NAN 0 0
 231.455428298791 -NAN 0 0
 233.647066148352 -NAN 0 0
 235.838011765625 -NAN 0 0
 238.028271107848 -NAN 0 0
 240.217850132259 -NAN 0 0
 242.406754796096 -NAN 0 0
 244.594991056597 -NAN 0 0
 246.782564871 -NAN 0 0
 248.969482196543 -NAN 0 0
 251.155748990464 -NAN 0 0
 253.341371210001 -NAN 0 0
 255.526354812392 -NAN 0 0
 257.710705754875 -NAN 0 0
 259.894429994688 -NAN 0 0
 262.077533489069 -NAN 0 0
 264.260022195256 -NAN 0 0
 266.441902070487 -NAN 0 0
 268.623179072 -NAN 0 0
 270.803859157033 -NAN 0 0
 272.983948282824 -NAN 0 0
 275.163452406611 -NAN 0 0
 277.342377485632 -NAN 0 0
 279.520729477125 0.676623996505554 0 0
 281.698514338328 -0.225785925368586 0 0
 283.875738026479 1.00040850780239 0 0
 286.052406498816 0.706713124817385 0 0
 288.228525712577 -0.186681870229229 0 0
 290.404101625 1.12865377270488 0 0
 292.579140193323 0.650335150247617 0 0
 294.753647374784 -0.118830067360475 0 0
 296.927629126621 1.0762702515314 0 0
 299.101091406072 0.507117457348314 0 0
 301.274040170375 0.0933403026181216 0 0
 303.446481376768 0.999678022933271 0 0
 305.618420982489 0.601298516722105 0 0
 307.789864944776 0.284155911859684 0 0
 309.960819220867 1.22003608442 0 0
 312.131289768 0.948258301076878 0 0
 314.301282543413 1.24073135426983 0 0
 316.470803504344 4.22481181222052 0 0
 318.639858608031 6.60535723183928 0 0
 320.808453811712 9.60972695193053 0 0
 322.976595072625 13.7919604420258 0 0
 325.144288348008 14.3078062395962 0 0
 327.311539595099 14.6805840879706 0 0
 329.478354771136 16.0118807012903 0 0
 331.644739833357 14.3732300894233 0 0
 333.810700739 13.6793820641955 0 0
 335.976243445303 13.8185402572735 0 0
 338.141373909504 11.4668925482592 0 0
 340.306098088841 10.6654082587082 0 0
 342.470421940552 10.5149766209764 0 0
 344.634351421875 8.64523741270522 0 0
 346.797892490048 8.01887747597341 0 0
 348.961051102309 7.98373574660869 0 0
 351.123833215896 6.41522977054679 0 0
 353.286244788047 6.14166788328075 0 0
 355.448291776 6.44861386082097 0 0
 357.609980136993 5.3464654003568 0 0
 359.771315828264 6.07203685501919 0 0
 361.932304807051 9.16245488840448 0 0
 364.092953030592 11.2078525490198 0 0
 366.253266456125 11.7438706199003 0 0
 368.413251040888 8.5091454263709 0 0
 370.572912742119 4.5729526630442 0 0
 372.732257517056 4.42067644423636 0 0
 374.891291322937 4.33311134688138 0 0
 377.050020117 2.57868342419813 0 0
 379.208449856483 3.30357910212956 0 0
 381.366586498624 3.07426743479695 0 0
 383.524436000661 1.72512145415642 0 0
 385.682004319832 2.59496521391475 0 0
 387.839297413375 2.49077898343866 0 0
 389.996321238528 1.30515283220478 0 0
 392.153081752529 2.24939922003882 0 0
 394.309584912616 2.15709168011149 0 0
 396.465836676027 1.07690537653332 0 0
 398.621843 2.92103245557036 0 0
 400.777609841773 5.53165187606706 0 0
 402.933143158584 9.86217889772378 0 0
 405.088448907671 12.807647363308 0 0
 407.243533046272 9.59575809540203 0 0
 409.398401531625 5.37472799190616 0 0
 411.553060320968 5.8148873963881 0 0
 413.707515371539 6.20421369313581 0 0
 415.861772640576 7.80599352437547 0 0
 418.015838085317 11.9882607854325 0 0
 420.169717663 16.0879127788456 0 0
 422.323417330863 22.213663924374 0 0
 424.476943046144 31.614037570717 0 0
 426.630300766081 43.0757747367127 0 0
 428.783496447912 59.3395944181647 0 0
 430.936536048875 84.8672236491712 0 0
 433.089425526208 126.653282673744 0 0
 435.242170837149 174.46837260098 0 0
 437.394777938936 217.957769042824 0 0
 439.547252788807 262.582434368552 0 0
 441.699601344 333.849888172448 0 0
 443.851829561753 422.734348346652 0 0
 446.003943399304 504.86391224157 0 0
 448.155948813891 553.938930111177 0 0
 450.307851762752 550.505033827614 0 0
 452.459658203125 495.255809298767 0 0
 454.611374092248 416.192123564317 0 0
 456.763005387359 341.112016811304 0 0
 458.914558045696 283.3039011348 0 0
 461.066038024497 244.697524248346 0 0
 463.217451281 215.914759260655 0 0
 465.368803772443 187.115313551188 0 0
 467.520101456064 159.438134482255 0 0
 469.671350289101 133.350113626652 0 0
 471.822556228792 110.685312570517 0 0
 473.973725232375 95.7467452694375 0 0
 476.124863257088 86.7113295573059 0 0
 478.275976260169 80.2751184599763 0 0
 480.427070198856 77.6882148041699 0 0
 482.578151030387 76.4777496987587 0 0
 484.729224712 74.7474733022017 0 0
 486.880297200933 76.0731331638885 0 0
 489.031374454424 78.0475036871962 0 0
 491.182462429711 80.3035955729915 0 0
 493.333567084032 85.1244349076564 0 0
 495.484694374625 89.9364317342077 0 0
 497.635850258728 93.8177063555867 0 0
 499.787040693579 99.4506840440364 0 0
 501.938271636416 103.85614492152 0 0
 504.089549044477 -NAN 0 0
 506.240878875 -NAN 0 0
 508.392267085223 -NAN 0 0
 510.543719632384 -NAN 0 0
 512.695242473721 -NAN 0 0
 514.846841566472 -NAN 0 0
 516.998522867875 -NAN 0 0
 519.150292335168 -NAN 0 0
 521.302155925589 -NAN 0 0
 523.454119596376 -NAN 0 0
 525.606189304767 -NAN 0 0
 527.758371008 -NAN 0 0
 529.910670663313 -NAN 0 0
 532.063094227944 -NAN 0 0
 534.215647659131 -NAN 0 0
 536.368336914112 -NAN 0 0
 538.521167950125 -NAN 0 0
 540.674146724408 -NAN 0 0
 542.827279194199 -NAN 0 0
 544.980571316736 -NAN 0 0
 547.134029049257 -NAN 0 0
 549.287658349 -NAN 0 0
 551.441465173203 -NAN 0 0
 553.595455479104 -NAN 0 0
 555.749635223941 -NAN 0 0
 557.904010364952 -NAN 0 0
 560.058586859375 -NAN 0 0
 562.213370664448 -NAN 0 0
 564.368367737409 -NAN 0 0
 566.523584035496 -NAN 0 0
 568.679025515947 -NAN 0 0
 570.834698136 -NAN 0 0
 572.990607852893 -NAN 0 0
 575.146760623864 -NAN 0 0
 577.303162406151 -NAN 0 0
 579.459819156992 -NAN 0 0
 581.616736833625 -NAN 0 0
 583.773921393288 -NAN 0 0
 585.931378793219 -NAN 0 0
 588.089114990656 -NAN 0 0
 590.247135942837 -NAN 0 0
 592.405447607 -NAN 0 0
 594.564055940383 -NAN 0 0
 596.722966900224 -NAN 0 0
 598.882186443761 -NAN 0 0
 601.041720528232 -NAN 0 0
 603.201575110875 -NAN 0 0
 605.361756148928 -NAN 0 0
 607.522269599629 -NAN 0 0
 609.683121420216 -NAN 0 0
 611.844317567927 -NAN 0 0
 614.005864 -NAN 0 0
 616.167766673673 -NAN 0 0
 618.330031546184 -NAN 0 0
 620.492664574771 -NAN 0 0
 622.655671716672 -NAN 0 0
 624.819058929125 -NAN 0 0
 626.982832169368 -NAN 0 0
 629.146997394639 -NAN 0 0
 631.311560562176 -NAN 0 0
 633.476527629217 -NAN 0 0
 635.641904553 -NAN 0 0
 637.807697290763 -NAN 0 0
 639.973911799744 -NAN 0 0
 642.140554037181 -NAN 0 0
 644.307629960312 -NAN 0 0
 646.475145526375 -NAN 0 0
 648.643106692608 -NAN 0 0
 650.811519416249 -NAN 0 0
 652.980389654536 -NAN 0 0
 655.149723364707 -NAN 0 0
 657.319526504 -NAN 0 0
 659.489805029653 -NAN 0 0
 661.660564898904 -NAN 0 0
 663.831812068991 -NAN 0 0
 666.003552497152 -NAN 0 0
 668.175792140625 -NAN 0 0
 670.348536956648 -NAN 0 0
 672.521792902459 -NAN 0 0
 674.695565935296 -NAN 0 0
 676.869862012397 -NAN 0 0
 679.044687091 -NAN 0 0
 681.220047128343 -NAN 0 0
 683.395948081664 -NAN 0 0
 685.572395908201 -NAN 0 0
 687.749396565192 -NAN 0 0
 689.926956009875 -NAN 0 0
 692.105080199488 -NAN 0 0
 694.283775091269 -NAN 0 0
 696.463046642456 -NAN 0 0
 698.642900810287 -NAN 0 0
 700.823343552 -NAN 0 0
 703.004380824833 -NAN 0 0
 705.186018586024 -NAN 0 0
 707.368262792811 -NAN 0 0
 709.551119402432 -NAN 0 0
 711.734594372125 -NAN 0 0
 713.918693659128 -NAN 0 0
 716.103423220679 -NAN 0 0
 718.288789014016 -NAN 0 0
 720.474796996377 -NAN 0 0
 722.661453125 -NAN 0 0
 724.848763357123 -NAN 0 0
 727.036733649984 -NAN 0 0
 729.225369960821 -NAN 0 0
 731.414678246872 -NAN 0 0
 733.604664465375 -NAN 0 0
 735.795334573568 -NAN 0 0
[END] of [DATA]
[END] of Spectrum


[Spectrum]
Version            = 1
IDData             = 12ad_2026-06-11_10-14-05_000_412
IDDevice           = SAM_82E6
IDDataType         = SPECTRUM
IDDataTypeSub1     = CALIBRATED
IDDataTypeSub2     = 
IDDataTypeSub3     = 
DateTime           = 2026-06-11 10:14:05
PositionLatitude   = 0
PositionLongitude  = 0
Comment            = 20260611_FrameD
CommentSub1        = con
CommentSub2        = left
CommentSub3        = 17cm
IDMethodType       = SAM Control
MethodName         = SAM_82E6
Mission            = No Mission
MissionSub         = 1
RecordType         = 0
[Attributes]
CalFactor = 1
IDBasisSpec = 
IDDataBack = DLAB_2024-11-11_10-40-48_641_639
IDDataCal = DLAB_2024-11-12_11-45-27_171_455
IntegrationTime = 128
P31 = -1
P31e = 0
PathLength = +INF
PathLengthCustomOn = 0
RAWDynamic = 65535
Salinity = 0
Temperature = -NAN
Unit1 = $01 $01 Wavelength nm
Unit2 = $03 $06 Intensity mW/(m^2 nm)
Unit3 = $f0 $06 Error mW/(m^2 nm)
Unit4 = $f1 $00 Status 
p999 = 8580
[END] of [Attributes]
[DATA]
 0 6 0 0
 185.260577530984 -NAN 0 0
 187.468128380571 -NAN 0 0
 189.674861895872 -NAN 0 0
 191.880784034125 -NAN 0 0
 194.085900752568 -NAN 0 0
 196.290218008439 -NAN 0 0
 198.493741758976 -NAN 0 0
 200.696477961417 -NAN 0 0
 202.898432573 -NAN 0 0
 205.099611550963 -NAN 0 0
 207.300020852544 -NAN 0 0
 209.499666434981 -NAN 0 0
 211.698554255512 -NAN 0 0
 213.896690271375 -NAN 0 0
 216.094080439808 -NAN 0 0
 218.290730718049 -NAN 0 0
 220.486647063336 -NAN 0 0
 222.681835432907 -NAN 0 0
 224.876301784 -NAN 0 0
 227.070052073853 -NAN 0 0
 229.263092259704 -NAN 0 0
 231.455428298791 -NAN 0 0
 233.647066148352 -NAN 0 0
 235.838011765625 -NAN 0 0
 238.028271107848 -NAN 0 0
 240.217850132259 -NAN 0 0
 242.406754796096 -NAN 0 0
 244.594991056597 -NAN 0 0
 246.782564871 -NAN 0 0
 248.969482196543 -NAN 0 0
 251.155748990464 -NAN 0 0
 253.341371210001 -NAN 0 0
 255.526354812392 -NAN 0 0
 257.710705754875 -NAN 0 0
 259.894429994688 -NAN 0 0
 262.077533489069 -NAN 0 0
 264.260022195256 -NAN 0 0
 266.441902070487 -NAN 0 0
 268.623179072 -NAN 0 0
 270.803859157033 -NAN 0 0
 272.983948282824 -NAN 0 0
 275.163452406611 -NAN 0 0
 277.342377485632 -NAN 0 0
 279.520729477125 -0.11913534669251 0 0
 281.698514338328 0.209591876661528 0 0
 283.875738026479 1.31814050092267 0 0
 286.052406498816 -0.168766264064939 0 0
 288.228525712577 0.187252970021519 0 0
 290.404101625 1.22026278249103 0 0
 292.579140193323 -0.148887583250103 0 0
 294.753647374784 0.558698209735895 0 0
 296.927629126621 1.0191361346057 0 0
 299.101091406072 0.00301823789076444 0 0
 301.274040170375 0.437964684650383 0 0
 303.446481376768 0.989848331225656 0 0
 305.618420982489 0.146393161991077 0 0
 307.789864944776 0.678580769993652 0 0
 309.960819220867 1.01578341188034 0 0
 312.131289768 0.249477174613435 0 0
 314.301282543413 1.73259689342166 0 0
 316.470803504344 3.94991600480777 0 0
 318.639858608031 5.71385517842109 0 0
 320.808453811712 9.90922520911936 0 0
 322.976595072625 12.9186965577791 0 0
 325.144288348008 13.3073245409778 0 0
 327.311539595099 15.2215354509578 0 0
 329.478354771136 15.088181519597 0 0
 331.644739833357 13.533807508907 0 0
 333.810700739 14.2255817645913 0 0
 335.976243445303 13.0466455767071 0 0
 338.141373909504 10.7717118335814 0 0
 340.306098088841 10.9952287339554 0 0
 342.470421940552 9.84322929840391 0 0
 344.634351421875 8.09065879231397 0 0
 346.797892490048 8.48636508861377 0 0
 348.961051102309 7.26552505296376 0 0
 351.123833215896 6.02231548537291 0 0
 353.286244788047 6.60291554363466 0 0
 355.448291776 5.83870913561708 0 0
 357.609980136993 5.10553000821508 0 0
 359.771315828264 6.56573795805768 0 0
 361.932304807051 8.36197733606516 0 0
 364.092953030592 10.9944681807809 0 0
 366.253266456125 12.0066303334717 0 0
 368.413251040888 7.69084267431029 0 0
 370.572912742119 4.69729597940811 0 0
 372.732257517056 4.85507784848518 0 0
 374.891291322937 3.40139544626197 0 0
 377.050020117 2.83939664119938 0 0
 379.208449856483 3.59326389161352 0 0
 381.366586498624 2.29838459091769 0 0
 383.524436000661 2.04489864978322 0 0
 385.682004319832 2.94059775077234 0 0
 387.839297413375 1.71291823749013 0 0
 389.996321238528 1.57063150425573 0 0
 392.153081752529 2.53663766012897 0 0
 394.309584912616 1.31027324661471 0 0
 396.465836676027 1.47563429376016 0 0
 398.621843 3.12404039110047 0 0
 400.777609841773 4.53676746952116 0 0
 402.933143158584 9.98764322931988 0 0
 405.088448907671 12.7744792273678 0 0
 407.243533046272 8.77247128549325 0 0
 409.398401531625 5.8800395778137 0 0
 411.553060320968 5.60642820534086 0 0
 413.707515371539 5.60282548938838 0 0
 415.861772640576 8.32956555842118 0 0
 418.015838085317 11.873251696114 0 0
 420.169717663 15.5004323525321 0 0
 422.323417330863 22.436147497429 0 0
 424.476943046144 31.5581161791039 0 0
 426.630300766081 42.6951082224502 0 0
 428.783496447912 59.6354763610207 0 0
 430.936536048875 84.4741666514448 0 0
 433.089425526208 125.742473033091 0 0
 435.242170837149 174.072761128716 0 0
 437.394777938936 217.029778100474 0 0
 439.547252788807 261.890903197167 0 0
 441.699601344 334.13839250771 0 0
 443.851829561753 422.365213872398 0 0
 446.003943399304 504.579010127963 0 0
 448.155948813891 554.373251705669 0 0
 450.307851762752 550.25342789996 0 0
 452.459658203125 495.114083900122 0 0
 454.611374092248 416.645728878515 0 0
 456.763005387359 340.857214769725 0 0
 458.914558045696 283.18713150326 0 0
 461.066038024497 245.14685366694 0 0
 463.217451281 215.363239034573 0 0
 465.368803772443 186.896816081383 0 0
 467.520101456064 160.026125091398 0 0
 469.671350289101 132.950671498453 0 0
 471.822556228792 110.596773364883 0 0
 473.973725232375 96.2521470209333 0 0
 476.124863257088 86.0636594952656 0 0
 478.275976260169 80.2451148192691 0 0
 480.427070198856 78.3197706617436 0 0
 482.578151030387 75.804712822813 0 0
 484.729224712 74.8983492146385 0 0
 486.880297200933 76.3852237369961 0 0
 489.031374454424 77.5137739847513 0 0
 491.182462429711 80.6151998680022 0 0
 493.333567084032 85.615414111654 0 0
 495.484694374625 89.4881650811133 0 0
 497.635850258728 94.1238059819977 0 0
 499.787040693579 99.7344355334295 0 0
 501.938271636416 103.304040373496 0 0
 504.089549044477 -NAN 0 0
 506.240878875 -NAN 0 0
 508.392267085223 -NAN 0 0
 510.543719632384 -NAN 0 0
 512.695242473721 -NAN 0 0
 514.846841566472 -NAN 0 0
 516.998522867875 -NAN 0 0
 519.150292335168 -NAN 0 0
 521.302155925589 -NAN 0 0
 523.454119596376 -NAN 0 0
 525.606189304767 -NAN 0 0
 527.758371008 -NAN 0 0
 529.910670663313 -NAN 0 0
 532.063094227944 -NAN 0 0
 534.215647659131 -NAN 0 0
 536.368336914112 -NAN 0 0
 538.521167950125 -NAN 0 0
 540.674146724408 -NAN 0 0
 542.827279194199 -NAN 0 0
 544.980571316736 -NAN 0 0
 547.134029049257 -NAN 0 0
 549.287658349 -NAN 0 0
 551.441465173203 -NAN 0 0
 553.595455479104 -NAN 0 0
 555.749635223941 -NAN 0 0
 557.904010364952 -NAN 0 0
 560.058586859375 -NAN 0 0
 562.213370664448 -NAN 0 0
 564.368367737409 -NAN 0 0
 566.523584035496 -NAN 0 0
 568.679025515947 -NAN 0 0
 570.834698136 -NAN 0 0
 572.990607852893 -NAN 0 0
 575.146760623864 -NAN 0 0
 577.303162406151 -NAN 0 0
 579.459819156992 -NAN 0 0
 581.616736833625 -NAN 0 0
 583.773921393288 -NAN 0 0
 585.931378793219 -NAN 0 0
 588.089114990656 -NAN 0 0
 590.247135942837 -NAN 0 0
 592.405447607 -NAN 0 0
 594.564055940383 -NAN 0 0
 596.722966900224 -NAN 0 0
 598.882186443761 -NAN 0 0
 601.041720528232 -NAN 0 0
 603.201575110875 -NAN 0 0
 605.361756148928 -NAN 0 0
 607.522269599629 -NAN 0 0
 609.683121420216 -NAN 0 0
 611.844317567927 -NAN 0 0
 614.005864 -NAN 0 0
 616.167766673673 -NAN 0 0
 618.330031546184 -NAN 0 0
 620.492664574771 -NAN 0 0
 622.655671716672 -NAN 0 0
 624.819058929125 -NAN 0 0
 626.982832169368 -NAN 0 0
 629.146997394639 -NAN 0 0
 631.311560562176 -NAN 0 0
 633.476527629217 -NAN 0 0
 635.641904553 -NAN 0 0
 637.807697290763 -NAN 0 0
 639.973911799744 -NAN 0 0
 642.140554037181 -NAN 0 0
 644.307629960312 -NAN 0 0
 646.475145526375 -NAN 0 0
 648.643106692608 -NAN 0 0
 650.811519416249 -NAN 0 0
 652.980389654536 -NAN 0 0
 655.149723364707 -NAN 0 0
 657.319526504 -NAN 0 0
 659.489805029653 -NAN 0 0
 661.660564898904 -NAN 0 0
 663.831812068991 -NAN 0 0
 666.003552497152 -NAN 0 0
 668.175792140625 -NAN 0 0
 670.348536956648 -NAN 0 0
 672.521792902459 -NAN 0 0
 674.695565935296 -NAN 0 0
 676.869862012397 -NAN 0 0
 679.044687091 -NAN 0 0
 681.220047128343 -NAN 0 0
 683.395948081664 -NAN 0 0
 685.572395908201 -NAN 0 0
 687.749396565192 -NAN 0 0
 689.926956009875 -NAN 0 0
 692.105080199488 -NAN 0 0
 694.283775091269 -NAN 0 0
 696.463046642456 -NAN 0 0
 698.642900810287 -NAN 0 0
 700.823343552 -NAN 0 0
 703.004380824833 -NAN 0 0
 705.186018586024 -NAN 0 0
 707.368262792811 -NAN 0 0
 709.551119402432 -NAN 0 0
 711.734594372125 -NAN 0 0
 713.918693659128 -NAN 0 0
 716.103423220679 -NAN 0 0
 718.288789014016 -NAN 0 0
 720.474796996377 -NAN 0 0
 722.661453125 -NAN 0 0
 724.848763357123 -NAN 0 0
 727.036733649984 -NAN 0 0
 729.225369960821 -NAN 0 0
 731.414678246872 -NAN 0 0
 733.604664465375 -NAN 0 0
 735.795334573568 -NAN 0 0
[END] of [DATA]
[END] of Spectrum


[Spectrum]
Version            = 1
IDData             = 12ad_2026-06-11_10-14-00_000_409
IDDevice           = SAM_82E6
IDDataType         = SPECTRUM
IDDataTypeSub1     = CALIBRATED
IDDataTypeSub2     = 
IDDataTypeSub3     = 
DateTime           = 2026-06-11 10:14:00
PositionLatitude   = 0
PositionLongitude  = 0
Comment            = 20260611_FrameD
CommentSub1        = con
CommentSub2        = left
CommentSub3        = 17cm
IDMethodType       = SAM Control
MethodName         = SAM_82E6
Mission            = No Mission
MissionSub         = 1
RecordType         = 0
[Attributes]
CalFactor = 1
IDBasisSpec = 
IDDataBack = DLAB_2024-11-11_10-40-48_641_639
IDDataCal = DLAB_2024-11-12_11-45-27_171_455
IntegrationTime = 128
P31 = -1
P31e = 0
PathLength = +INF
PathLengthCustomOn = 0
RAWDynamic = 65535
Salinity = 0
Temperature = -NAN
Unit1 = $01 $01 Wavelength nm
Unit2 = $03 $06 Intensity mW/(m^2 nm)
Unit3 = $f0 $06 Error mW/(m^2 nm)
Unit4 = $f1 $00 Status 
p999 = 8579
[END] of [Attributes]
[DATA]
 0 6 0 0
 185.260577530984 -NAN 0 0
 187.468128380571 -NAN 0 0
 189.674861895872 -NAN 0 0
 191.880784034125 -NAN 0 0
 194.085900752568 -NAN 0 0
 196.290218008439 -NAN 0 0
 198.493741758976 -NAN 0 0
 200.696477961417 -NAN 0 0
 202.898432573 -NAN 0 0
 205.099611550963 -NAN 0 0
 207.300020852544 -NAN 0 0
 209.499666434981 -NAN 0 0
 211.698554255512 -NAN 0 0
 213.896690271375 -NAN 0 0
 216.094080439808 -NAN 0 0
 218.290730718049 -NAN 0 0
 220.486647063336 -NAN 0 0
 222.681835432907 -NAN 0 0
 224.876301784 -NAN 0 0
 227.070052073853 -NAN 0 0
 229.263092259704 -NAN 0 0
 231.455428298791 -NAN 0 0
 233.647066148352 -NAN 0 0
 235.838011765625 -NAN 0 0
 238.028271107848 -NAN 0 0
 240.217850132259 -NAN 0 0
 242.406754796096 -NAN 0 0
 244.594991056597 -NAN 0 0
 246.782564871 -NAN 0 0
 248.969482196543 -NAN 0 0
 251.155748990464 -NAN 0 0
 253.341371210001 -NAN 0 0
 255.526354812392 -NAN 0 0
 257.710705754875 -NAN 0 0
 259.894429994688 -NAN 0 0
 262.077533489069 -NAN 0 0
 264.260022195256 -NAN 0 0
 266.441902070487 -NAN 0 0
 268.623179072 -NAN 0 0
 270.803859157033 -NAN 0 0
 272.983948282824 -NAN 0 0
 275.163452406611 -NAN 0 0
 277.342377485632 -NAN 0 0
 279.520729477125 0.721455508798403 0 0
 281.698514338328 -0.225785925368586 0 0
 283.875738026479 0.720804353856546 0 0
 286.052406498816 0.706713124817385 0 0
 288.228525712577 -0.23825908957416 0 0
 290.404101625 0.919261750336545 0 0
 292.579140193323 0.904056652945305 0 0
 294.753647374784 -0.168104851149301 0 0
 296.927629126621 1.03056295799084 0 0
 299.101091406072 0.721627763500461 0 0
 301.274040170375 -0.0737503068520644 0 0
 303.446481376768 0.960359256102811 0 0
 305.618420982489 0.601298516722105 0 0
 307.789864944776 0.22643520091325 0 0
 309.960819220867 1.18113081346006 0 0
 312.131289768 0.907749250267403 0 0
 314.301282543413 1.15700956037165 0 0
 316.470803504344 4.07087016006938 0 0
 318.639858608031 6.39695415441685 0 0
 320.808453811712 9.25032904330394 0 0
 322.976595072625 13.0579125393257 0 0
 325.144288348008 13.9439947128259 0 0
 327.311539595099 13.9417236897441 0 0
 329.478354771136 15.4764029148015 0 0
 331.644739833357 14.026801722861 0 0
 333.810700739 13.0132848685909 0 0
 335.976243445303 13.2428899870206 0 0
 338.141373909504 11.0118651713792 0 0
 340.306098088841 10.1034918934723 0 0
 342.470421940552 10.3264159690262 0 0
 344.634351421875 8.23779189568308 0 0
 346.797892490048 7.51877444849769 0 0
 348.961051102309 7.71310563016277 0 0
 351.123833215896 6.19358581480768 0 0
 353.286244788047 5.92576472311509 0 0
 355.448291776 6.19690714883207 0 0
 357.609980136993 5.05734292978674 0 0
 359.771315828264 5.72354195875673 0 0
 361.932304807051 8.90551147654248 0 0
 364.092953030592 11.0655963035272 0 0
 366.253266456125 11.2183511927577 0 0
 368.413251040888 8.13818151210342 0 0
 370.572912742119 4.61816841444926 0 0
 372.732257517056 3.97453446149432 0 0
 374.891291322937 4.16370845585967 0 0
 377.050020117 2.55385359400754 0 0
 379.208449856483 3.00129932179846 0 0
 381.366586498624 3.04882865303042 0 0
 383.524436000661 1.5972105759057 0 0
 385.682004319832 2.33894111253876 0 0
 387.839297413375 2.51628261445336 0 0
 389.996321238528 1.25458546609983 0 0
 392.153081752529 2.04958117475872 0 0
 394.309584912616 2.132546218271 0 0
 396.465836676027 1.17356693222468 0 0
 398.621843 2.77773273637262 0 0
 400.777609841773 5.32097047232793 0 0
 402.933143158584 9.40594496464704 0 0
 405.088448907671 12.2106209163848 0 0
 407.243533046272 9.3391492195863 0 0
 409.398401531625 5.23035325307543 0 0
 411.553060320968 5.61635483348597 0 0
 413.707515371539 6.37603889420651 0 0
 415.861772640576 7.71413878156044 0 0
 418.015838085317 11.8997922551875 0 0
 420.169717663 16.2411685422317 0 0
 422.323417330863 21.9005388956299 0 0
 424.476943046144 31.5341498684126 0 0
 426.630300766081 42.9670128754949 0 0
 428.783496447912 59.2940741192638 0 0
 430.936536048875 84.6447385561185 0 0
 433.089425526208 125.706040647465 0 0
 435.242170837149 172.742067994737 0 0
 437.394777938936 216.418311200476 0 0
 439.547252788807 261.985533778514 0 0
 441.699601344 333.627961760708 0 0
 443.851829561753 422.659014780478 0 0
 446.003943399304 504.987113155563 0 0
 448.155948813891 553.76520147338 0 0
 450.307851762752 550.472568546626 0 0
 452.459658203125 495.389197909257 0 0
 454.611374092248 416.175006382649 0 0
 456.763005387359 341.393177684771 0 0
 458.914558045696 283.447617604388 0 0
 461.066038024497 244.624164343269 0 0
 463.217451281 215.914759260655 0 0
 465.368803772443 187.153313111154 0 0
 467.520101456064 159.091123630957 0 0
 469.671350289101 133.486508499696 0 0
 471.822556228792 110.704987949546 0 0
 473.973725232375 95.6872862398498 0 0
 476.124863257088 86.6714729381034 0 0
 478.275976260169 80.2151111785618 0 0
 480.427070198856 77.4676714888267 0 0
 482.578151030387 76.4375683927321 0 0
 484.729224712 74.888290820476 0 0
 486.880297200933 75.7107054015701 0 0
 489.031374454424 78.1482074046387 0 0
 491.182462429711 80.3639060817033 0 0
 493.333567084032 84.9440752000654 0 0
 495.484694374625 90.1356613578052 0 0
 497.635850258728 93.8177063555867 0 0
 499.787040693579 99.2941314981643 0 0
 501.938271636416 104.011121636755 0 0
 504.089549044477 -NAN 0 0
 506.240878875 -NAN 0 0
 508.392267085223 -NAN 0 0
 510.543719632384 -NAN 0 0
 512.695242473721 -NAN 0 0
 514.846841566472 -NAN 0 0
 516.998522867875 -NAN 0 0
 519.150292335168 -NAN 0 0
 521.302155925589 -NAN 0 0
 523.454119596376 -NAN 0 0
 525.606189304767 -NAN 0 0
 527.758371008 -NAN 0 0
 529.910670663313 -NAN 0 0
 532.063094227944 -NAN 0 0
 534.215647659131 -NAN 0 0
 536.368336914112 -NAN 0 0
 538.521167950125 -NAN 0 0
 540.674146724408 -NAN 0 0
 542.827279194199 -NAN 0 0
 544.980571316736 -NAN 0 0
 547.134029049257 -NAN 0 0
 549.287658349 -NAN 0 0
 551.441465173203 -NAN 0 0
 553.595455479104 -NAN 0 0
 555.749635223941 -NAN 0 0
 557.904010364952 -NAN 0 0
 560.058586859375 -NAN 0 0
 562.213370664448 -NAN 0 0
 564.368367737409 -NAN 0 0
 566.523584035496 -NAN 0 0
 568.679025515947 -NAN 0 0
 570.834698136 -NAN 0 0
 572.990607852893 -NAN 0 0
 575.146760623864 -NAN 0 0
 577.303162406151 -NAN 0 0
 579.459819156992 -NAN 0 0
 581.616736833625 -NAN 0 0
 583.773921393288 -NAN 0 0
 585.931378793219 -NAN 0 0
 588.089114990656 -NAN 0 0
 590.247135942837 -NAN 0 0
 592.405447607 -NAN 0 0
 594.564055940383 -NAN 0 0
 596.722966900224 -NAN 0 0
 598.882186443761 -NAN 0 0
 601.041720528232 -NAN 0 0
 603.201575110875 -NAN 0 0
 605.361756148928 -NAN 0 0
 607.522269599629 -NAN 0 0
 609.683121420216 -NAN 0 0
 611.844317567927 -NAN 0 0
 614.005864 -NAN 0 0
 616.167766673673 -NAN 0 0
 618.330031546184 -NAN 0 0
 620.492664574771 -NAN 0 0
 622.655671716672 -NAN 0 0
 624.819058929125 -NAN 0 0
 626.982832169368 -NAN 0 0
 629.146997394639 -NAN 0 0
 631.311560562176 -NAN 0 0
 633.476527629217 -NAN 0 0
 635.641904553 -NAN 0 0
 637.807697290763 -NAN 0 0
 639.973911799744 -NAN 0 0
 642.140554037181 -NAN 0 0
 644.307629960312 -NAN 0 0
 646.475145526375 -NAN 0 0
 648.643106692608 -NAN 0 0
 650.811519416249 -NAN 0 0
 652.980389654536 -NAN 0 0
 655.149723364707 -NAN 0 0
 657.319526504 -NAN 0 0
 659.489805029653 -NAN 0 0
 661.660564898904 -NAN 0 0
 663.831812068991 -NAN 0 0
 666.003552497152 -NAN 0 0
 668.175792140625 -NAN 0 0
 670.348536956648 -NAN 0 0
 672.521792902459 -NAN 0 0
 674.695565935296 -NAN 0 0
 676.869862012397 -NAN 0 0
 679.044687091 -NAN 0 0
 681.220047128343 -NAN 0 0
 683.395948081664 -NAN 0 0
 685.572395908201 -NAN 0 0
 687.749396565192 -NAN 0 0
 689.926956009875 -NAN 0 0
 692.105080199488 -NAN 0 0
 694.283775091269 -NAN 0 0
 696.463046642456 -NAN 0 0
 698.642900810287 -NAN 0 0
 700.823343552 -NAN 0 0
 703.004380824833 -NAN 0 0
 705.186018586024 -NAN 0 0
 707.368262792811 -NAN 0 0
 709.551119402432 -NAN 0 0
 711.734594372125 -NAN 0 0
 713.918693659128 -NAN 0 0
 716.103423220679 -NAN 0 0
 718.288789014016 -NAN 0 0
 720.474796996377 -NAN 0 0
 722.661453125 -NAN 0 0
 724.848763357123 -NAN 0 0
 727.036733649984 -NAN 0 0
 729.225369960821 -NAN 0 0
 731.414678246872 -NAN 0 0
 733.604664465375 -NAN 0 0
 735.795334573568 -NAN 0 0
[END] of [DATA]
[END] of Spectrum


[Spectrum]
Version            = 1
IDData             = 12ad_2026-06-11_10-13-55_000_406
IDDevice           = SAM_82E6
IDDataType         = SPECTRUM
IDDataTypeSub1     = CALIBRATED
IDDataTypeSub2     = 
IDDataTypeSub3     = 
DateTime           = 2026-06-11 10:13:55
PositionLatitude   = 0
PositionLongitude  = 0
Comment            = 20260611_FrameD
CommentSub1        = con
CommentSub2        = left
CommentSub3        = 17cm
IDMethodType       = SAM Control
MethodName         = SAM_82E6
Mission            = No Mission
MissionSub         = 1
RecordType         = 0
[Attributes]
CalFactor = 1
IDBasisSpec = 
IDDataBack = DLAB_2024-11-11_10-40-48_641_639
IDDataCal = DLAB_2024-11-12_11-45-27_171_455
IntegrationTime = 128
P31 = -1
P31e = 0
PathLength = +INF
PathLengthCustomOn = 0
RAWDynamic = 65535
Salinity = 0
Temperature = -NAN
Unit1 = $01 $01 Wavelength nm
Unit2 = $03 $06 Intensity mW/(m^2 nm)
Unit3 = $f0 $06 Error mW/(m^2 nm)
Unit4 = $f1 $00 Status 
p999 = 8578
[END] of [Attributes]
[DATA]
 0 6 0 0
 185.260577530984 -NAN 0 0
 187.468128380571 -NAN 0 0
 189.674861895872 -NAN 0 0
 191.880784034125 -NAN 0 0
 194.085900752568 -NAN 0 0
 196.290218008439 -NAN 0 0
 198.493741758976 -NAN 0 0
 200.696477961417 -NAN 0 0
 202.898432573 -NAN 0 0
 205.099611550963 -NAN 0 0
 207.300020852544 -NAN 0 0
 209.499666434981 -NAN 0 0
 211.698554255512 -NAN 0 0
 213.896690271375 -NAN 0 0
 216.094080439808 -NAN 0 0
 218.290730718049 -NAN 0 0
 220.486647063336 -NAN 0 0
 222.681835432907 -NAN 0 0
 224.876301784 -NAN 0 0
 227.070052073853 -NAN 0 0
 229.263092259704 -NAN 0 0
 231.455428298791 -NAN 0 0
 233.647066148352 -NAN 0 0
 235.838011765625 -NAN 0 0
 238.028271107848 -NAN 0 0
 240.217850132259 -NAN 0 0
 242.406754796096 -NAN 0 0
 244.594991056597 -NAN 0 0
 246.782564871 -NAN 0 0
 248.969482196543 -NAN 0 0
 251.155748990464 -NAN 0 0
 253.341371210001 -NAN 0 0
 255.526354812392 -NAN 0 0
 257.710705754875 -NAN 0 0
 259.894429994688 -NAN 0 0
 262.077533489069 -NAN 0 0
 264.260022195256 -NAN 0 0
 266.441902070487 -NAN 0 0
 268.623179072 -NAN 0 0
 270.803859157033 -NAN 0 0
 272.983948282824 -NAN 0 0
 275.163452406611 -NAN 0 0
 277.342377485632 -NAN 0 0
 279.520729477125 0.731418067085703 0 0
 281.698514338328 0.537759529242789 0 0
 283.875738026479 -0.335478005494415 0 0
 286.052406498816 1.05806637873036 0 0
 288.228525712577 0.727381072605937 0 0
 290.404101625 -0.325457493741905 0 0
 292.579140193323 1.14368251660423 0 0
 294.753647374784 0.631241641425001 0 0
 296.927629126621 -0.0105476170996855 0 0
 299.101091406072 1.28888835088059 0 0
 301.274040170375 0.541235964114595 0 0
 303.446481376768 0.143402656403246 0 0
 305.618420982489 1.20998984243785 0 0
 307.789864944776 0.600550920010509 0 0
 309.960819220867 0.372765739070293 0 0
 312.131289768 1.32184176965315 0 0
 314.301282543413 1.48026870903408 0 0
 316.470803504344 2.95906933897783 0 0
 318.639858608031 6.93983130671479 0 0
 320.808453811712 9.213058149076 0 0
 322.976595072625 11.7782504867258 0 0
 325.144288348008 14.2413961989953 0 0
 327.311539595099 13.7423486616513 0 0
 329.478354771136 13.8283212830524 0 0
 331.644739833357 14.5183154737101 0 0
 333.810700739 12.7053999426225 0 0
 335.976243445303 11.8938913739028 0 0
 338.141373909504 11.8825965715817 0 0
 340.306098088841 9.60129610811651 0 0
 342.470421940552 9.06410716013755 0 0
 344.634351421875 8.99483572669335 0 0
 346.797892490048 7.07182246742035 0 0
 348.961051102309 6.84801448870318 0 0
 351.123833215896 6.86747299336801 0 0
 353.286244788047 5.38491640270011 0 0
 355.448291776 5.52784058961369 0 0
 357.609980136993 5.70197895676146 0 0
 359.771315828264 5.32556939203725 0 0
 361.932304807051 8.08417099759898 0 0
 364.092953030592 11.6233311072839 0 0
 366.253266456125 10.5129873394374 0 0
 368.413251040888 7.58052334032878 0 0
 370.572912742119 5.41949200879441 0 0
 372.732257517056 3.28053582167338 0 0
 374.891291322937 3.78725758692253 0 0
 377.050020117 3.65740160247845 0 0
 379.208449856483 2.03008558314208 0 0
 381.366586498624 2.90750208766079 0 0
 383.524436000661 2.58070310645568 0 0
 385.682004319832 1.37742837626002 0 0
 387.839297413375 2.4766102995416 0 0
 389.996321238528 2.04961683319423 0 0
 392.153081752529 1.03661469521374 0 0
 394.309584912616 2.33981900714622 0 0
 396.465836676027 2.05426110630148 0 0
 398.621843 1.78524949600318 0 0
 400.777609841773 5.42501067170528 0 0
 402.933143158584 9.89512912622377 0 0
 405.088448907671 10.8937230746118 0 0
 407.243533046272 9.37003732500856 0 0
 409.398401531625 5.89951870924324 0 0
 411.553060320968 4.65236894472785 0 0
 413.707515371539 6.67089942443893 0 0
 415.861772640576 8.25506115591566 0 0
 418.015838085317 11.1291330583872 0 0
 420.169717663 16.5211914185422 0 0
 422.323417330863 22.3363503391451 0 0
 424.476943046144 30.8222616767665 0 0
 426.630300766081 43.5021902878366 0 0
 428.783496447912 59.4222053309849 0 0
 430.936536048875 83.7465579952764 0 0
 433.089425526208 125.610506836268 0 0
 435.242170837149 172.101097488159 0 0
 437.394777938936 215.086672173814 0 0
 439.547252788807 262.283175265145 0 0
 441.699601344 333.530971699281 0 0
 443.851829561753 422.168509560722 0 0
 446.003943399304 505.625362334996 0 0
 448.155948813891 553.788014324808 0 0
 450.307851762752 549.862942714748 0 0
 452.459658203125 496.080225016378 0 0
 454.611374092248 416.097028110607 0 0
 456.763005387359 340.522359979451 0 0
 458.914558045696 284.299936111526 0 0
 461.066038024497 244.448915681141 0 0
 463.217451281 215.23133118389 0 0
 465.368803772443 188.130746236948 0 0
 467.520101456064 158.945464755104 0 0
 469.671350289101 132.832679108281 0 0
 471.822556228792 111.540098481694 0 0
 473.973725232375 95.1807833952135 0 0
 476.124863257088 86.3016920821693 0 0
 478.275976260169 81.0641030859822 0 0
 480.427070198856 77.1557920529878 0 0
 482.578151030387 76.0245938585697 0 0
 484.729224712 75.722019936608 0 0
 486.880297200933 75.3773613485734 0 0
 489.031374454424 77.8147662068848 0 0
 491.182462429711 81.1769810880394 0 0
 493.333567084032 84.3718227944991 0 0
 495.484694374625 89.8655945347064 0 0
 497.635850258728 94.7151597405481 0 0
 499.787040693579 98.4026517230596 0 0
 501.938271636416 103.922871007246 0 0
 504.089549044477 -NAN 0 0
 506.240878875 -NAN 0 0
 508.392267085223 -NAN 0 0
 510.543719632384 -NAN 0 0
 512.695242473721 -NAN 0 0
 514.846841566472 -NAN 0 0
 516.998522867875 -NAN 0 0
 519.150292335168 -NAN 0 0
 521.302155925589 -NAN 0 0
 523.454119596376 -NAN 0 0
 525.606189304767 -NAN 0 0
 527.758371008 -NAN 0 0
 529.910670663313 -NAN 0 0
 532.063094227944 -NAN 0 0
 534.215647659131 -NAN 0 0
 536.368336914112 -NAN 0 0
 538.521167950125 -NAN 0 0
 540.674146724408 -NAN 0 0
 542.827279194199 -NAN 0 0
 544.980571316736 -NAN 0 0
 547.134029049257 -NAN 0 0
 549.287658349 -NAN 0 0
 551.441465173203 -NAN 0 0
 553.595455479104 -NAN 0 0
 555.749635223941 -NAN 0 0
 557.904010364952 -NAN 0 0
 560.058586859375 -NAN 0 0
 562.213370664448 -NAN 0 0
 564.368367737409 -NAN 0 0
 566.523584035496 -NAN 0 0
 568.679025515947 -NAN 0 0
 570.834698136 -NAN 0 0
 572.990607852893 -NAN 0 0
 575.146760623864 -NAN 0 0
 577.303162406151 -NAN 0 0
 579.459819156992 -NAN 0 0
 581.616736833625 -NAN 0 0
 583.773921393288 -NAN 0 0
 585.931378793219 -NAN 0 0
 588.089114990656 -NAN 0 0
 590.247135942837 -NAN 0 0
 592.405447607 -NAN 0 0
 594.564055940383 -NAN 0 0
 596.722966900224 -NAN 0 0
 598.882186443761 -NAN 0 0
 601.041720528232 -NAN 0 0
 603.201575110875 -NAN 0 0
 605.361756148928 -NAN 0 0
 607.522269599629 -NAN 0 0
 609.683121420216 -NAN 0 0
 611.844317567927 -NAN 0 0
 614.005864 -NAN 0 0
 616.167766673673 -NAN 0 0
 618.330031546184 -NAN 0 0
 620.492664574771 -NAN 0 0
 622.655671716672 -NAN 0 0
 624.819058929125 -NAN 0 0
 626.982832169368 -NAN 0 0
 629.146997394639 -NAN 0 0
 631.311560562176 -NAN 0 0
 633.476527629217 -NAN 0 0
 635.641904553 -NAN 0 0
 637.807697290763 -NAN 0 0
 639.973911799744 -NAN 0 0
 642.140554037181 -NAN 0 0
 644.307629960312 -NAN 0 0
 646.475145526375 -NAN 0 0
 648.643106692608 -NAN 0 0
 650.811519416249 -NAN 0 0
 652.980389654536 -NAN 0 0
 655.149723364707 -NAN 0 0
 657.319526504 -NAN 0 0
 659.489805029653 -NAN 0 0
 661.660564898904 -NAN 0 0
 663.831812068991 -NAN 0 0
 666.003552497152 -NAN 0 0
 668.175792140625 -NAN 0 0
 670.348536956648 -NAN 0 0
 672.521792902459 -NAN 0 0
 674.695565935296 -NAN 0 0
 676.869862012397 -NAN 0 0
 679.044687091 -NAN 0 0
 681.220047128343 -NAN 0 0
 683.395948081664 -NAN 0 0
 685.572395908201 -NAN 0 0
 687.749396565192 -NAN 0 0
 689.926956009875 -NAN 0 0
 692.105080199488 -NAN 0 0
 694.283775091269 -NAN 0 0
 696.463046642456 -NAN 0 0
 698.642900810287 -NAN 0 0
 700.823343552 -NAN 0 0
 703.004380824833 -NAN 0 0
 705.186018586024 -NAN 0 0
 707.368262792811 -NAN 0 0
 709.551119402432 -NAN 0 0
 711.734594372125 -NAN 0 0
 713.918693659128 -NAN 0 0
 716.103423220679 -NAN 0 0
 718.288789014016 -NAN 0 0
 720.474796996377 -NAN 0 0
 722.661453125 -NAN 0 0
 724.848763357123 -NAN 0 0
 727.036733649984 -NAN 0 0
 729.225369960821 -NAN 0 0
 731.414678246872 -NAN 0 0
 733.604664465375 -NAN 0 0
 735.795334573568 -NAN 0 0
[END] of [DATA]
[END] of Spectrum


[Spectrum]
Version            = 1
IDData             = 12ad_2026-06-11_10-13-50_000_403
IDDevice           = SAM_82E6
IDDataType         = SPECTRUM
IDDataTypeSub1     = CALIBRATED
IDDataTypeSub2     = 
IDDataTypeSub3     = 
DateTime           = 2026-06-11 10:13:50
PositionLatitude   = 0
PositionLongitude  = 0
Comment            = 20260611_FrameD
CommentSub1        = con
CommentSub2        = left
CommentSub3        = 17cm
IDMethodType       = SAM Control
MethodName         = SAM_82E6
Mission            = No Mission
MissionSub         = 1
RecordType         = 0
[Attributes]
CalFactor = 1
IDBasisSpec = 
IDDataBack = DLAB_2024-11-11_10-40-48_641_639
IDDataCal = DLAB_2024-11-12_11-45-27_171_455
IntegrationTime = 128
P31 = -1
P31e = 0
PathLength = +INF
PathLengthCustomOn = 0
RAWDynamic = 65535
Salinity = 0
Temperature = -NAN
Unit1 = $01 $01 Wavelength nm
Unit2 = $03 $06 Intensity mW/(m^2 nm)
Unit3 = $f0 $06 Error mW/(m^2 nm)
Unit4 = $f1 $00 Status 
p999 = 8577
[END] of [Attributes]
[DATA]
 0 6 0 0
 185.260577530984 -NAN 0 0
 187.468128380571 -NAN 0 0
 189.674861895872 -NAN 0 0
 191.880784034125 -NAN 0 0
 194.085900752568 -NAN 0 0
 196.290218008439 -NAN 0 0
 198.493741758976 -NAN 0 0
 200.696477961417 -NAN 0 0
 202.898432573 -NAN 0 0
 205.099611550963 -NAN 0 0
 207.300020852544 -NAN 0 0
 209.499666434981 -NAN 0 0
 211.698554255512 -NAN 0 0
 213.896690271375 -NAN 0 0
 216.094080439808 -NAN 0 0
 218.290730718049 -NAN 0 0
 220.486647063336 -NAN 0 0
 222.681835432907 -NAN 0 0
 224.876301784 -NAN 0 0
 227.070052073853 -NAN 0 0
 229.263092259704 -NAN 0 0
 231.455428298791 -NAN 0 0
 233.647066148352 -NAN 0 0
 235.838011765625 -NAN 0 0
 238.028271107848 -NAN 0 0
 240.217850132259 -NAN 0 0
 242.406754796096 -NAN 0 0
 244.594991056597 -NAN 0 0
 246.782564871 -NAN 0 0
 248.969482196543 -NAN 0 0
 251.155748990464 -NAN 0 0
 253.341371210001 -NAN 0 0
 255.526354812392 -NAN 0 0
 257.710705754875 -NAN 0 0
 259.894429994688 -NAN 0 0
 262.077533489069 -NAN 0 0
 264.260022195256 -NAN 0 0
 266.441902070487 -NAN 0 0
 268.623179072 -NAN 0 0
 270.803859157033 -NAN 0 0
 272.983948282824 -NAN 0 0
 275.163452406611 -NAN 0 0
 277.342377485632 -NAN 0 0
 279.520729477125 0.489826028618686 0 0
 281.698514338328 -0.139494829470725 0 0
 283.875738026479 1.04277277355176 0 0
 286.052406498816 0.619600747814169 0 0
 288.228525712577 -0.0405464154185912 0 0
 290.404101625 1.17227711069829 0 0
 292.579140193323 0.565761316015055 0 0
 294.753647374784 0.119331387618854 0 0
 296.927629126621 1.27433519020716 0 0
 299.101091406072 0.41416299134905 0 0
 301.274040170375 0.0863781938901975 0 0
 303.446481376768 1.11108119561957 0 0
 305.618420982489 0.459342235813133 0 0
 307.789864944776 0.239262025568013 0 0
 309.960819220867 1.33026768547315 0 0
 312.131289768 0.576925335323357 0 0
 314.301282543413 1.27561543506074 0 0
 316.470803504344 4.06353960520504 0 0
 318.639858608031 5.83349398212656 0 0
 320.808453811712 8.90690437506075 0 0
 322.976595072625 12.5938592675038 0 0
 325.144288348008 12.7399518028002 0 0
 327.311539595099 13.6954368903353 0 0
 329.478354771136 14.58393993732 0 0
 331.644739833357 12.8187438292079 0 0
 333.810700739 12.6313891431109 0 0
 335.976243445303 12.5538540574755 0 0
 338.141373909504 10.2197804782917 0 0
 340.306098088841 9.68001869068579 0 0
 342.470421940552 9.58788674888805 0 0
 344.634351421875 7.55117074662725 0 0
 346.797892490048 7.31583408952203 0 0
 348.961051102309 7.18572386478099 0 0
 351.123833215896 5.58238581564831 0 0
 353.286244788047 5.72294660295948 0 0
 355.448291776 5.86129819951352 0 0
 357.609980136993 4.68469618994088 0 0
 359.771315828264 5.69772752199655 0 0
 361.932304807051 8.30597684886447 0 0
 364.092953030592 10.3678632899206 0 0
 366.253266456125 11.0011364962054 0 0
 368.413251040888 7.62901535526571 0 0
 370.572912742119 4.29412219604636 0 0
 372.732257517056 4.24848129300259 0 0
 374.891291322937 3.76843504347568 0 0
 377.050020117 2.44625766318162 0 0
 379.208449856483 3.06847260631648 0 0
 381.366586498624 2.83683880497598 0 0
 383.524436000661 1.48635448142174 0 0
 385.682004319832 2.48402143665182 0 0
 387.839297413375 2.17623420092396 0 0
 389.996321238528 1.01860442427676 0 0
 392.153081752529 2.41591425777224 0 0
 394.309584912616 1.9525461647741 0 0
 396.465836676027 1.23800796935225 0 0
 398.621843 3.10413765232301 0 0
 400.777609841773 4.82157751531666 0 0
 402.933143158584 8.85086034607033 0 0
 405.088448907671 11.7167842257199 0 0
 407.243533046272 8.797419370642 0 0
 409.398401531625 5.28535315358238 0 0
 411.553060320968 5.58988382509902 0 0
 413.707515371539 6.17875810779201 0 0
 415.861772640576 7.89172461766951 0 0
 418.015838085317 12.0000565894651 0 0
 420.169717663 15.9119524579207 0 0
 422.323417330863 21.895045474073 0 0
 424.476943046144 31.5927341834358 0 0
 426.630300766081 42.8530718780285 0 0
 428.783496447912 59.2586694423408 0 0
 430.936536048875 84.3134829731291 0 0
 433.089425526208 124.316752342257 0 0
 435.242170837149 170.939038739327 0 0
 437.394777938936 214.830895169893 0 0
 439.547252788807 261.165402073503 0 0
 441.699601344 333.667415345017 0 0
 443.851829561753 422.669059255968 0 0
 446.003943399304 504.904979212901 0 0
 448.155948813891 554.028426682163 0 0
 450.307851762752 550.548320868931 0 0
 452.459658203125 495.216904287374 0 0
 454.611374092248 416.374706835441 0 0
 456.763005387359 341.194022066065 0 0
 458.914558045696 283.208090155075 0 0
 461.066038024497 244.819790756807 0 0
 463.217451281 215.777658187505 0 0
 465.368803772443 186.975981831313 0 0
 467.520101456064 159.450986736007 0 0
 469.671350289101 133.382588596425 0 0
 471.822556228792 110.600052594722 0 0
 473.973725232375 95.8788764462992 0 0
 476.124863257088 86.5651886202301 0 0
 478.275976260169 80.08842914002 0 0
 480.427070198856 77.7216304580098 0 0
 482.578151030387 76.3304182433278 0 0
 484.729224712 74.6401837644689 0 0
 486.880297200933 76.0664215386604 0 0
 489.031374454424 78.1213530799873 0 0
 491.182462429711 80.2365838966452 0 0
 493.333567084032 85.0776749834661 0 0
 495.484694374625 89.8700218596752 0 0
 497.635850258728 93.8111235679219 0 0
 499.787040693579 99.4832991577597 0 0
 501.938271636416 103.86905964779 0 0
 504.089549044477 -NAN 0 0
 506.240878875 -NAN 0 0
 508.392267085223 -NAN 0 0
 510.543719632384 -NAN 0 0
 512.695242473721 -NAN 0 0
 514.846841566472 -NAN 0 0
 516.998522867875 -NAN 0 0
 519.150292335168 -NAN 0 0
 521.302155925589 -NAN 0 0
 523.454119596376 -NAN 0 0
 525.606189304767 -NAN 0 0
 527.758371008 -NAN 0 0
 529.910670663313 -NAN 0 0
 532.063094227944 -NAN 0 0
 534.215647659131 -NAN 0 0
 536.368336914112 -NAN 0 0
 538.521167950125 -NAN 0 0
 540.674146724408 -NAN 0 0
 542.827279194199 -NAN 0 0
 544.980571316736 -NAN 0 0
 547.134029049257 -NAN 0 0
 549.287658349 -NAN 0 0
 551.441465173203 -NAN 0 0
 553.595455479104 -NAN 0 0
 555.749635223941 -NAN 0 0
 557.904010364952 -NAN 0 0
 560.058586859375 -NAN 0 0
 562.213370664448 -NAN 0 0
 564.368367737409 -NAN 0 0
 566.523584035496 -NAN 0 0
 568.679025515947 -NAN 0 0
 570.834698136 -NAN 0 0
 572.990607852893 -NAN 0 0
 575.146760623864 -NAN 0 0
 577.303162406151 -NAN 0 0
 579.459819156992 -NAN 0 0
 581.616736833625 -NAN 0 0
 583.773921393288 -NAN 0 0
 585.931378793219 -NAN 0 0
 588.089114990656 -NAN 0 0
 590.247135942837 -NAN 0 0
 592.405447607 -NAN 0 0
 594.564055940383 -NAN 0 0
 596.722966900224 -NAN 0 0
 598.882186443761 -NAN 0 0
 601.041720528232 -NAN 0 0
 603.201575110875 -NAN 0 0
 605.361756148928 -NAN 0 0
 607.522269599629 -NAN 0 0
 609.683121420216 -NAN 0 0
 611.844317567927 -NAN 0 0
 614.005864 -NAN 0 0
 616.167766673673 -NAN 0 0
 618.330031546184 -NAN 0 0
 620.492664574771 -NAN 0 0
 622.655671716672 -NAN 0 0
 624.819058929125 -NAN 0 0
 626.982832169368 -NAN 0 0
 629.146997394639 -NAN 0 0
 631.311560562176 -NAN 0 0
 633.476527629217 -NAN 0 0
 635.641904553 -NAN 0 0
 637.807697290763 -NAN 0 0
 639.973911799744 -NAN 0 0
 642.140554037181 -NAN 0 0
 644.307629960312 -NAN 0 0
 646.475145526375 -NAN 0 0
 648.643106692608 -NAN 0 0
 650.811519416249 -NAN 0 0
 652.980389654536 -NAN 0 0
 655.149723364707 -NAN 0 0
 657.319526504 -NAN 0 0
 659.489805029653 -NAN 0 0
 661.660564898904 -NAN 0 0
 663.831812068991 -NAN 0 0
 666.003552497152 -NAN 0 0
 668.175792140625 -NAN 0 0
 670.348536956648 -NAN 0 0
 672.521792902459 -NAN 0 0
 674.695565935296 -NAN 0 0
 676.869862012397 -NAN 0 0
 679.044687091 -NAN 0 0
 681.220047128343 -NAN 0 0
 683.395948081664 -NAN 0 0
 685.572395908201 -NAN 0 0
 687.749396565192 -NAN 0 0
 689.926956009875 -NAN 0 0
 692.105080199488 -NAN 0 0
 694.283775091269 -NAN 0 0
 696.463046642456 -NAN 0 0
 698.642900810287 -NAN 0 0
 700.823343552 -NAN 0 0
 703.004380824833 -NAN 0 0
 705.186018586024 -NAN 0 0
 707.368262792811 -NAN 0 0
 709.551119402432 -NAN 0 0
 711.734594372125 -NAN 0 0
 713.918693659128 -NAN 0 0
 716.103423220679 -NAN 0 0
 718.288789014016 -NAN 0 0
 720.474796996377 -NAN 0 0
 722.661453125 -NAN 0 0
 724.848763357123 -NAN 0 0
 727.036733649984 -NAN 0 0
 729.225369960821 -NAN 0 0
 731.414678246872 -NAN 0 0
 733.604664465375 -NAN 0 0
 735.795334573568 -NAN 0 0
[END] of [DATA]
[END] of Spectrum


[Spectrum]
Version            = 1
IDData             = 12ad_2026-06-11_10-13-45_000_400
IDDevice           = SAM_82E6
IDDataType         = SPECTRUM
IDDataTypeSub1     = CALIBRATED
IDDataTypeSub2     = 
IDDataTypeSub3     = 
DateTime           = 2026-06-11 10:13:45
PositionLatitude   = 0
PositionLongitude  = 0
Comment            = 20260611_FrameD
CommentSub1        = con
CommentSub2        = left
CommentSub3        = 17cm
IDMethodType       = SAM Control
MethodName         = SAM_82E6
Mission            = No Mission
MissionSub         = 1
RecordType         = 0
[Attributes]
CalFactor = 1
IDBasisSpec = 
IDDataBack = DLAB_2024-11-11_10-40-48_641_639
IDDataCal = DLAB_2024-11-12_11-45-27_171_455
IntegrationTime = 128
P31 = -1
P31e = 0
PathLength = +INF
PathLengthCustomOn = 0
RAWDynamic = 65535
Salinity = 0
Temperature = -NAN
Unit1 = $01 $01 Wavelength nm
Unit2 = $03 $06 Intensity mW/(m^2 nm)
Unit3 = $f0 $06 Error mW/(m^2 nm)
Unit4 = $f1 $00 Status 
p999 = 8576
[END] of [Attributes]
[DATA]
 0 6 0 0
 185.260577530984 -NAN 0 0
 187.468128380571 -NAN 0 0
 189.674861895872 -NAN 0 0
 191.880784034125 -NAN 0 0
 194.085900752568 -NAN 0 0
 196.290218008439 -NAN 0 0
 198.493741758976 -NAN 0 0
 200.696477961417 -NAN 0 0
 202.898432573 -NAN 0 0
 205.099611550963 -NAN 0 0
 207.300020852544 -NAN 0 0
 209.499666434981 -NAN 0 0
 211.698554255512 -NAN 0 0
 213.896690271375 -NAN 0 0
 216.094080439808 -NAN 0 0
 218.290730718049 -NAN 0 0
 220.486647063336 -NAN 0 0
 222.681835432907 -NAN 0 0
 224.876301784 -NAN 0 0
 227.070052073853 -NAN 0 0
 229.263092259704 -NAN 0 0
 231.455428298791 -NAN 0 0
 233.647066148352 -NAN 0 0
 235.838011765625 -NAN 0 0
 238.028271107848 -NAN 0 0
 240.217850132259 -NAN 0 0
 242.406754796096 -NAN 0 0
 244.594991056597 -NAN 0 0
 246.782564871 -NAN 0 0
 248.969482196543 -NAN 0 0
 251.155748990464 -NAN 0 0
 253.341371210001 -NAN 0 0
 255.526354812392 -NAN 0 0
 257.710705754875 -NAN 0 0
 259.894429994688 -NAN 0 0
 262.077533489069 -NAN 0 0
 264.260022195256 -NAN 0 0
 266.441902070487 -NAN 0 0
 268.623179072 -NAN 0 0
 270.803859157033 -NAN 0 0
 272.983948282824 -NAN 0 0
 275.163452406611 -NAN 0 0
 277.342377485632 -NAN 0 0
 279.520729477125 0.319217217948676 0 0
 281.698514338328 -0.03620700256268 0 0
 283.875738026479 1.05265776889328 0 0
 286.052406498816 0.211624448849105 0 0
 288.228525712577 0.0468483173603193 0 0
 290.404101625 1.31332590354363 0 0
 292.579140193323 0.372651061184034 0 0
 294.753647374784 0.00572563610572619 0 0
 296.927629126621 1.28322271950671 0 0
 299.101091406072 0.272347844504017 0 0
 301.274040170375 0.219818611175416 0 0
 303.446481376768 1.19736404505308 0 0
 305.618420982489 0.215220449704519 0 0
 307.789864944776 0.439146709771406 0 0
 309.960819220867 1.27947469283101 0 0
 312.131289768 0.40251136656034 0 0
 314.301282543413 1.43026819323378 0 0
 316.470803504344 3.83018360869022 0 0
 318.639858608031 5.47200469351111 0 0
 320.808453811712 8.86830237746752 0 0
 322.976595072625 12.0468388955682 0 0
 325.144288348008 12.2043403883883 0 0
 327.311539595099 13.2571050271017 0 0
 329.478354771136 14.0053264402529 0 0
 331.644739833357 12.3494370249333 0 0
 333.810700739 12.2420923376797 0 0
 335.976243445303 12.0145453446881 0 0
 338.141373909504 9.57234955007661 0 0
 340.306098088841 9.46963937519891 0 0
 342.470421940552 9.21993158779082 0 0
 344.634351421875 7.24307151307655 0 0
 346.797892490048 7.25905910814194 0 0
 348.961051102309 6.77746561219377 0 0
 351.123833215896 5.36857775733432 0 0
 353.286244788047 5.82871734304063 0 0
 355.448291776 5.38477651826957 0 0
 357.609980136993 4.46089398124035 0 0
 359.771315828264 5.64717425000786 0 0
 361.932304807051 7.99742514487634 0 0
 364.092953030592 10.0506092821156 0 0
 366.253266456125 10.7780826949071 0 0
 368.413251040888 7.31018035705542 0 0
 370.572912742119 4.12205114208823 0 0
 372.732257517056 4.21065054008002 0 0
 374.891291322937 3.48744135916189 0 0
 377.050020117 2.23244523654038 0 0
 379.208449856483 3.17902863708572 0 0
 381.366586498624 2.46514993805385 0 0
 383.524436000661 1.36839222703497 0 0
 385.682004319832 2.67319480044631 0 0
 387.839297413375 1.90561233849013 0 0
 389.996321238528 1.10428801684347 0 0
 392.153081752529 2.40065037931335 0 0
 394.309584912616 1.52027330902776 0 0
 396.465836676027 1.15074406490866 0 0
 398.621843 2.99400916442105 0 0
 400.777609841773 4.47954535986362 0 0
 402.933143158584 8.63161459489734 0 0
 405.088448907671 11.2610294689123 0 0
 407.243533046272 8.24974950142419 0 0
 409.398401531625 5.19024915895579 0 0
 411.553060320968 5.65716430474918 0 0
 413.707515371539 5.89980731839946 0 0
 415.861772640576 7.95398172113303 0 0
 418.015838085317 12.0423248872488 0 0
 420.169717663 15.7653188571501 0 0
 422.323417330863 22.181618965292 0 0
 424.476943046144 31.5350375095493 0 0
 426.630300766081 42.6260530724707 0 0
 428.783496447912 59.3252639536959 0 0
 430.936536048875 84.1264306911922 0 0
 433.089425526208 123.491761209969 0 0
 435.242170837149 169.980779839842 0 0
 437.394777938936 213.800593425975 0 0
 439.547252788807 260.719748651944 0 0
 441.699601344 333.480832769221 0 0
 443.851829561753 422.584518253928 0 0
 446.003943399304 504.710766660983 0 0
 448.155948813891 554.050362116228 0 0
 450.307851762752 550.441005079 0 0
 452.459658203125 495.273409184873 0 0
 454.611374092248 416.244426063858 0 0
 456.763005387359 341.130565618929 0 0
 458.914558045696 283.215076372347 0 0
 461.066038024497 244.808582993531 0 0
 463.217451281 215.859711102496 0 0
 465.368803772443 186.793372834809 0 0
 467.520101456064 159.477762264656 0 0
 469.671350289101 133.058921397694 0 0
 471.822556228792 110.607704131011 0 0
 473.973725232375 95.985682480929 0 0
 476.124863257088 86.2740138743898 0 0
 478.275976260169 80.0161981531322 0 0
 480.427070198856 77.949970759249 0 0
 482.578151030387 76.1775060509488 0 0
 484.729224712 74.8089412665278 0 0
 486.880297200933 75.9735773896714 0 0
 489.031374454424 77.8673559259936 0 0
 491.182462429711 80.2444019255522 0 0
 493.333567084032 85.2658280117555 0 0
 495.484694374625 89.6586170924134 0 0
 497.635850258728 93.8188034868641 0 0
 499.787040693579 99.5887546921319 0 0
 501.938271636416 103.527895628835 0 0
 504.089549044477 -NAN 0 0
 506.240878875 -NAN 0 0
 508.392267085223 -NAN 0 0
 510.543719632384 -NAN 0 0
 512.695242473721 -NAN 0 0
 514.846841566472 -NAN 0 0
 516.998522867875 -NAN 0 0
 519.150292335168 -NAN 0 0
 521.302155925589 -NAN 0 0
 523.454119596376 -NAN 0 0
 525.606189304767 -NAN 0 0
 527.758371008 -NAN 0 0
 529.910670663313 -NAN 0 0
 532.063094227944 -NAN 0 0
 534.215647659131 -NAN 0 0
 536.368336914112 -NAN 0 0
 538.521167950125 -NAN 0 0
 540.674146724408 -NAN 0 0
 542.827279194199 -NAN 0 0
 544.980571316736 -NAN 0 0
 547.134029049257 -NAN 0 0
 549.287658349 -NAN 0 0
 551.441465173203 -NAN 0 0
 553.595455479104 -NAN 0 0
 555.749635223941 -NAN 0 0
 557.904010364952 -NAN 0 0
 560.058586859375 -NAN 0 0
 562.213370664448 -NAN 0 0
 564.368367737409 -NAN 0 0
 566.523584035496 -NAN 0 0
 568.679025515947 -NAN 0 0
 570.834698136 -NAN 0 0
 572.990607852893 -NAN 0 0
 575.146760623864 -NAN 0 0
 577.303162406151 -NAN 0 0
 579.459819156992 -NAN 0 0
 581.616736833625 -NAN 0 0
 583.773921393288 -NAN 0 0
 585.931378793219 -NAN 0 0
 588.089114990656 -NAN 0 0
 590.247135942837 -NAN 0 0
 592.405447607 -NAN 0 0
 594.564055940383 -NAN 0 0
 596.722966900224 -NAN 0 0
 598.882186443761 -NAN 0 0
 601.041720528232 -NAN 0 0
 603.201575110875 -NAN 0 0
 605.361756148928 -NAN 0 0
 607.522269599629 -NAN 0 0
 609.683121420216 -NAN 0 0
 611.844317567927 -NAN 0 0
 614.005864 -NAN 0 0
 616.167766673673 -NAN 0 0
 618.330031546184 -NAN 0 0
 620.492664574771 -NAN 0 0
 622.655671716672 -NAN 0 0
 624.819058929125 -NAN 0 0
 626.982832169368 -NAN 0 0
 629.146997394639 -NAN 0 0
 631.311560562176 -NAN 0 0
 633.476527629217 -NAN 0 0
 635.641904553 -NAN 0 0
 637.807697290763 -NAN 0 0
 639.973911799744 -NAN 0 0
 642.140554037181 -NAN 0 0
 644.307629960312 -NAN 0 0
 646.475145526375 -NAN 0 0
 648.643106692608 -NAN 0 0
 650.811519416249 -NAN 0 0
 652.980389654536 -NAN 0 0
 655.149723364707 -NAN 0 0
 657.319526504 -NAN 0 0
 659.489805029653 -NAN 0 0
 661.660564898904 -NAN 0 0
 663.831812068991 -NAN 0 0
 666.003552497152 -NAN 0 0
 668.175792140625 -NAN 0 0
 670.348536956648 -NAN 0 0
 672.521792902459 -NAN 0 0
 674.695565935296 -NAN 0 0
 676.869862012397 -NAN 0 0
 679.044687091 -NAN 0 0
 681.220047128343 -NAN 0 0
 683.395948081664 -NAN 0 0
 685.572395908201 -NAN 0 0
 687.749396565192 -NAN 0 0
 689.926956009875 -NAN 0 0
 692.105080199488 -NAN 0 0
 694.283775091269 -NAN 0 0
 696.463046642456 -NAN 0 0
 698.642900810287 -NAN 0 0
 700.823343552 -NAN 0 0
 703.004380824833 -NAN 0 0
 705.186018586024 -NAN 0 0
 707.368262792811 -NAN 0 0
 709.551119402432 -NAN 0 0
 711.734594372125 -NAN 0 0
 713.918693659128 -NAN 0 0
 716.103423220679 -NAN 0 0
 718.288789014016 -NAN 0 0
 720.474796996377 -NAN 0 0
 722.661453125 -NAN 0 0
 724.848763357123 -NAN 0 0
 727.036733649984 -NAN 0 0
 729.225369960821 -NAN 0 0
 731.414678246872 -NAN 0 0
 733.604664465375 -NAN 0 0
 735.795334573568 -NAN 0 0
[END] of [DATA]
[END] of Spectrum


